/*--------------------------------*- C++ -*----------------------------------*\
  =========                 |
  \\      /  F ield         | OpenFOAM: The Open Source CFD Toolbox
   \\    /   O peration     | Website:  https://openfoam.org
    \\  /    A nd           | Version:  12
     \\/     M anipulation  |
\*---------------------------------------------------------------------------*/
FoamFile
{
    format      ascii;
    class       volScalarField;
    location    "360";
    object      p;
}
// * * * * * * * * * * * * * * * * * * * * * * * * * * * * * * * * * * * * * //

dimensions      [0 2 -2 0 0 0 0];

internalField   nonuniform List<scalar> 
6750
(
0.0216371
0.021615
0.0215856
0.0214221
0.0203936
0.0231554
0.0231189
0.0229916
0.0227257
0.0223663
0.0249482
0.024889
0.0247585
0.0245604
0.0244074
0.0268288
0.0267349
0.0266107
0.0264703
0.0263934
0.0286959
0.028558
0.028424
0.0283114
0.0282727
0.0304698
0.0302834
0.0301285
0.0300259
0.0300045
0.0321019
0.0318658
0.0316863
0.0315864
0.0315736
0.0335631
0.033278
0.0330737
0.0329747
0.032967
0.0348349
0.0345031
0.0342762
0.034178
0.0341739
0.0359068
0.0355325
0.0352861
0.0351892
0.0351877
0.0367756
0.0363642
0.0361021
0.0360071
0.0360075
0.0374445
0.0370021
0.0367288
0.0366362
0.0366377
0.0379227
0.0374556
0.0371761
0.0370859
0.0370877
0.0382244
0.0377384
0.0374592
0.0373701
0.0373712
0.0383628
0.0378711
0.0375971
0.0375056
0.0375045
0.0383628
0.0378711
0.0375971
0.0375056
0.0375046
0.0382245
0.0377385
0.0374592
0.0373701
0.0373712
0.0379227
0.0374557
0.0371762
0.0370859
0.0370877
0.0374446
0.0370022
0.0367289
0.0366363
0.0366378
0.0367757
0.0363643
0.0361022
0.0360072
0.0360076
0.035907
0.0355327
0.0352863
0.0351893
0.0351879
0.0348351
0.0345033
0.0342764
0.0341782
0.0341741
0.0335633
0.0332782
0.033074
0.0329749
0.0329672
0.0321022
0.0318661
0.0316865
0.0315867
0.0315738
0.0304701
0.0302837
0.0301288
0.0300262
0.0300048
0.0286963
0.0285583
0.0284243
0.0283117
0.028273
0.0268292
0.0267353
0.026611
0.0264706
0.0263938
0.0249486
0.0248894
0.0247589
0.0245608
0.0244078
0.0231559
0.0231194
0.022992
0.0227261
0.0223668
0.0216375
0.0216155
0.0215861
0.0214226
0.0203941
0.0142147
0.0148074
0.0162757
0.0173606
0.0181471
0.018772
0.0192618
0.0196277
0.0198977
0.0200821
0.0201441
0.0201578
0.0200952
0.0199524
0.0197281
0.0194186
0.019021
0.0185382
0.0179734
0.0173267
0.0165925
0.0158755
0.0151205
0.0143428
0.0135624
0.0127921
0.0120415
0.0113254
0.0106536
0.0099709
0.0181244
0.0189201
0.0197198
0.0201207
0.0203495
0.0204908
0.0205467
0.0205262
0.0204583
0.0203401
0.0201304
0.0199433
0.0197379
0.0195171
0.0192794
0.0190158
0.0187139
0.0183625
0.017951
0.0174765
0.016957
0.0163236
0.0156591
0.0149544
0.0142175
0.01346
0.0126898
0.0119214
0.0111951
0.0104907
0.020605
0.0207886
0.0211035
0.0212574
0.0213331
0.0213413
0.0212699
0.0211297
0.0209419
0.0206711
0.0203215
0.0199863
0.0196231
0.0192429
0.0188518
0.0184494
0.0180326
0.0175961
0.0171342
0.0166423
0.0161191
0.0155642
0.0149838
0.0143776
0.0137501
0.0131075
0.0124507
0.0117905
0.0112139
0.0107969
0.0220478
0.0218237
0.0219525
0.0220353
0.0220444
0.021977
0.0218281
0.0216146
0.0213454
0.0209511
0.0205049
0.0200455
0.019544
0.019017
0.0184763
0.0179298
0.0173829
0.0168385
0.0162975
0.0157585
0.0152199
0.0146856
0.0141521
0.0136164
0.0130785
0.0125386
0.0119895
0.0114339
0.011001
0.0109188
0.0231384
0.0227663
0.0228129
0.0228249
0.0227506
0.0225958
0.0223609
0.0220614
0.0216951
0.0211853
0.0206429
0.0200633
0.0194363
0.0187819
0.0181154
0.01745
0.016797
0.0161645
0.0155576
0.0149782
0.0144255
0.0138988
0.0133947
0.0129084
0.0124362
0.0119742
0.0115088
0.0110333
0.0107087
0.0109308
0.0240855
0.0236743
0.0236561
0.023588
0.0234277
0.0231864
0.0228652
0.0224762
0.0220025
0.0213874
0.0207451
0.0200498
0.0193059
0.0185354
0.0177568
0.0169873
0.016242
0.0155328
0.0148674
0.0142496
0.0136793
0.0131539
0.012669
0.0122182
0.0117955
0.0113945
0.0109963
0.0105868
0.0103527
0.0108475
0.0249234
0.0245184
0.024442
0.0242972
0.0240581
0.0237359
0.023333
0.0228574
0.0222712
0.0215623
0.0208199
0.0200147
0.019161
0.0182823
0.0173999
0.0165343
0.0157037
0.0149226
0.014201
0.0135438
0.0129515
0.012421
0.0119467
0.0115208
0.0111358
0.0107831
0.0104398
0.0100865
0.00993239
0.0106689
0.0256726
0.0253036
0.0251768
0.0249604
0.024647
0.0242472
0.0237662
0.0232062
0.0225069
0.0217143
0.0208718
0.0199615
0.0190038
0.0180232
0.0170436
0.0160881
0.0151773
0.0143281
0.0135517
0.0128543
0.0122368
0.0116958
0.0112247
0.010815
0.0104578
0.0101429
0.00984355
0.00953714
0.00945406
0.0103986
0.0263551
0.0260437
0.0258726
0.0255873
0.025202
0.0247272
0.0241707
0.0235217
0.0227182
0.0218445
0.020903
0.0198919
0.0188349
0.0177577
0.0166862
0.0156457
0.014659
0.0137444
0.0129146
0.0121765
0.0115313
0.0109755
0.0105019
0.0101011
0.00976332
0.00947704
0.00921216
0.00894448
0.00892437
0.0100425
0.0269877
0.0267485
0.0265378
0.0261851
0.0257296
0.0251833
0.0245507
0.0238048
0.0229115
0.0219533
0.0209153
0.0198073
0.0186549
0.0174851
0.0163256
0.0152039
0.0141442
0.0131664
0.012284
0.0115046
0.0108296
0.0102554
0.00977431
0.00937641
0.00905122
0.00878587
0.00854733
0.00831131
0.00834743
0.00960673
0.027583
0.0274259
0.0271792
0.0267596
0.0262342
0.0256184
0.0249094
0.0240626
0.0230898
0.022044
0.0209115
0.0197092
0.0184641
0.0172045
0.0159599
0.0147594
0.0136287
0.0125887
0.011654
0.0108323
0.0101255
0.00952979
0.00903714
0.00863708
0.00831861
0.00806766
0.00784856
0.00763825
0.00772491
0.00909638
0.0281511
0.0280833
0.0278035
0.0273164
0.0267212
0.0260379
0.0252491
0.0243029
0.023255
0.0221197
0.0208937
0.0195989
0.0182627
0.0169149
0.0155869
0.014309
0.0131083
0.0120065
0.0110189
0.0101538
0.00941309
0.00879286
0.00828489
0.00787823
0.00756144
0.00731929
0.00711371
0.00692399
0.00705635
0.0085151
0.0287017
0.0287279
0.0284177
0.0278636
0.0271998
0.0264448
0.0255686
0.0245353
0.0234089
0.0221826
0.0208639
0.0194771
0.0180505
0.0166154
0.0152045
0.0138496
0.0125787
0.0114145
0.010373
0.00946282
0.00868587
0.00803824
0.00751142
0.00709414
0.00677453
0.00653622
0.00633899
0.00616543
0.00633931
0.00786473
0.0292445
0.0293664
0.0290285
0.0284071
0.0276743
0.026846
0.0258757
0.0247641
0.0235536
0.0222352
0.0208237
0.0193446
0.0178272
0.0163044
0.0148101
0.0133774
0.0120354
0.0108076
0.00971043
0.00875291
0.00793709
0.00725896
0.0067098
0.00627807
0.00595148
0.0057125
0.00551894
0.0053576
0.00556931
0.00714497
0.0297869
0.0300081
0.0296441
0.0289547
0.0281525
0.0272457
0.0261795
0.024992
0.0236925
0.0222804
0.0207747
0.0192018
0.0175922
0.0159802
0.014401
0.0128888
0.0114738
0.0101801
0.00902473
0.00801708
0.0071593
0.0064473
0.00587218
0.00542214
0.00508454
0.00484059
0.00464634
0.00449357
0.00473984
0.00635312
0.0303361
0.0306644
0.030277
0.0295192
0.0286402
0.0276442
0.0264915
0.0252221
0.0238292
0.0223207
0.0207183
0.0190489
0.0173445
0.0156406
0.0139739
0.0123794
0.0108883
0.00952564
0.00830882
0.00724756
0.00634416
0.0055945
0.0049895
0.00451715
0.00416443
0.00391125
0.00371207
0.00356434
0.00384216
0.00548381
0.0309024
0.0313477
0.0309383
0.0301088
0.0291468
0.0280518
0.0268181
0.0254581
0.0239671
0.0223586
0.0206555
0.0188858
0.0170827
0.0152831
0.0135247
0.011844
0.0102729
0.00883709
0.00755461
0.00643548
0.00548216
0.00469048
0.00405124
0.00355223
0.00318004
0.00291323
0.00270478
0.0025585
0.00286503
0.00452862
0.0315024
0.0320715
0.0316418
0.0307312
0.0296761
0.0284841
0.0271643
0.0257053
0.0241104
0.0223967
0.0205874
0.0187119
0.0168047
0.014904
0.0130488
0.0112766
0.00962018
0.00810602
0.00675268
0.00557052
0.00456215
0.00372342
0.00304496
0.00251443
0.00211802
0.00183283
0.0016105
0.00146184
0.00179427
0.00347561
0.0321599
0.0328458
0.0323983
0.0314008
0.0302382
0.0289524
0.0275348
0.0259688
0.0242634
0.0224371
0.0205145
0.018526
0.0165076
0.0144989
0.01254
0.0106695
0.00892124
0.00732226
0.00589171
0.00464031
0.00357083
0.00267912
0.00195572
0.00138813
0.000962115
0.000653256
0.000411965
0.000256653
0.000612033
0.00230863
0.0328937
0.03369
0.0332255
0.0321302
0.0308507
0.0294656
0.0279384
0.026256
0.0244307
0.0224825
0.020437
0.0183261
0.0161874
0.0140617
0.0119905
0.0100133
0.00816496
0.00647323
0.00495778
0.0036297
0.0024919
0.00154025
0.000765201
0.000154127
-0.000307696
-0.000646277
-0.000912339
-0.00107924
-0.000704212
0.00100623
0.0337296
0.0346374
0.0341445
0.0329315
0.0315364
0.0300371
0.0283864
0.0265751
0.0246175
0.0225347
0.0203541
0.0181089
0.0158382
0.0135843
0.0113899
0.0092956
0.00733712
0.00554298
0.00393336
0.00251966
0.00130496
0.000285134
-0.000549471
-0.00121161
-0.00171652
-0.0020919
-0.00238953
-0.00257391
-0.0021832
-0.000459825
0.0347084
0.0357095
0.0351757
0.0338396
0.0323171
0.030683
0.0288917
0.0269352
0.0248289
0.0225955
0.0202638
0.017869
0.0154516
0.0130553
0.0107241
0.00849987
0.006419
0.00451074
0.00279574
0.00128571
-1.61518e-05
-0.00111399
-0.00201757
-0.00273978
-0.00329644
-0.00371706
-0.00405436
-0.00426342
-0.00386213
-0.002127
0.0358767
0.0369515
0.0363595
0.0348919
0.0332165
0.0314238
0.0294702
0.0273469
0.0250703
0.0226652
0.0201621
0.017598
0.0150151
0.0124586
0.00997391
0.00760373
0.0053854
0.00334873
0.00151477
-0.000104545
-0.00150593
-0.0026936
-0.00367746
-0.0044706
-0.00508946
-0.00556547
-0.00595229
-0.00619501
-0.00579003
-0.00404561
0.0373024
0.0384236
0.0377564
0.0361293
0.034268
0.0322865
0.0301413
0.0278222
0.0253469
0.0227423
0.0200412
0.0172824
0.0145101
0.011771
0.00911159
0.00657571
0.00420132
0.0020187
4.91771e-05
-0.0016952
-0.00321115
-0.00450304
-0.00558095
-0.00645821
-0.00715202
-0.00769583
-0.00814423
-0.00843201
-0.00803305
-0.00628463
0.0390983
0.0402198
0.0394383
0.0376067
0.0355177
0.0333069
0.0309298
0.0283753
0.0256628
0.0228218
0.0198874
0.0169009
0.0139082
0.0109575
0.00809671
0.00537025
0.0028166
0.00046626
-0.00165938
-0.00354832
-0.00519743
-0.00661129
-0.00780025
-0.00877794
-0.00956245
-0.0101894
-0.0107143
-0.0110617
-0.0106831
-0.00894158
0.0413915
0.0424638
0.0415049
0.0394077
0.0370321
0.0345341
0.0318684
0.0290233
0.0260204
0.0228923
0.0196771
0.0164185
0.0131644
0.00996461
0.00686786
0.00391902
0.00115661
-0.00138903
-0.00369678
-0.00575492
-0.00756064
-0.00911883
-0.0104401
-0.0115386
-0.0124333
-0.0131621
-0.0137816
-0.0142072
-0.0138705
-0.012157
0.044438
0.0453495
0.0441122
0.0416594
0.0389105
0.0360398
0.0330019
0.0297858
0.0264161
0.0229294
0.0193672
0.0157758
0.0122053
0.00870658
0.00532859
0.00211591
-0.000893654
-0.00367066
-0.0061948
-0.00845502
-0.010449
-0.0121817
-0.0136644
-0.0149112
-0.0159421
-0.0167968
-0.017533
-0.0180602
-0.0177985
-0.0161539
0.0486202
0.0491592
0.047468
0.0445225
0.0412744
0.0379072
0.0343771
0.0306754
0.0268314
0.0228862
0.0188857
0.0148794
0.0109189
0.00705572
0.00333804
-0.000191222
-0.00349636
-0.00655008
-0.00933384
-0.0118378
-0.0140608
-0.0160086
-0.0176918
-0.0191251
-0.0203289
-0.0213439
-0.0222273
-0.0228891
-0.0227611
-0.0212708
0.0548103
0.0546023
0.0521661
0.0485199
0.0445662
0.0404776
0.0362229
0.0318071
0.0272712
0.022666
0.0180446
0.0134609
0.00896808
0.00461628
0.00045074
-0.00348989
-0.0071745
-0.0105799
-0.0136902
-0.0164961
-0.0189996
-0.0212195
-0.0231515
-0.0248101
-0.0262166
-0.0274092
-0.0284407
-0.0292368
-0.0293055
-0.0281361
0.0656178
0.063723
0.0597321
0.0548553
0.0497378
0.0444757
0.0390658
0.0335434
0.0279664
0.0223953
0.0168873
0.0114957
0.00626827
0.00124626
-0.00353592
-0.00805088
-0.0122778
-0.0162021
-0.0198153
-0.0231153
-0.026098
-0.0287514
-0.0311012
-0.0331557
-0.0349259
-0.0364376
-0.0377359
-0.03881
-0.0393644
-0.0388446
0.0178812
0.0188187
0.0205662
0.0219476
0.023101
0.024173
0.0251973
0.0261828
0.0271396
0.0280769
0.0290032
0.0299261
0.0308539
0.031795
0.0327579
0.033753
0.034793
0.0358943
0.0370757
0.0383587
0.0397708
0.0413517
0.0431487
0.0452278
0.047678
0.0506343
0.0542821
0.0588343
0.0645182
0.0718553
0.022201
0.0231761
0.0243004
0.0252355
0.0260684
0.026861
0.0276249
0.0283644
0.0290866
0.0297998
0.0305118
0.0312306
0.0319645
0.0327225
0.0335143
0.0343514
0.0352477
0.0362202
0.037289
0.038479
0.0398225
0.0413626
0.0431561
0.0452809
0.0478468
0.0510165
0.0550245
0.0601926
0.0670084
0.0760601
0.0245082
0.0253765
0.0262183
0.0269687
0.027696
0.0284168
0.0291278
0.0298302
0.0305286
0.0312291
0.0319376
0.0326607
0.0334059
0.0341812
0.0349962
0.0358624
0.0367937
0.0378074
0.0389249
0.0401731
0.0415873
0.0432144
0.0451174
0.0473837
0.050137
0.0535568
0.0579092
0.063573
0.0711992
0.0814793
0.0265198
0.0272793
0.0280061
0.028677
0.0293406
0.0300067
0.0306745
0.0313467
0.0320284
0.0327248
0.0334418
0.0341855
0.034963
0.0357824
0.0366533
0.0375872
0.0385987
0.0397054
0.0409297
0.0423002
0.0438543
0.0456419
0.0477301
0.0502121
0.0532194
0.0569413
0.0616585
0.0677666
0.0760074
0.0871186
0.0283969
0.0290638
0.0297013
0.0303013
0.0309051
0.0315227
0.0321547
0.032804
0.0334746
0.0341714
0.0348996
0.035665
0.0364745
0.0373364
0.0382604
0.0392587
0.0403462
0.0415415
0.0428682
0.0443564
0.0460459
0.0479891
0.0502569
0.0529468
0.0561963
0.0602021
0.065255
0.0717614
0.0805469
0.0924069
0.0301109
0.0306959
0.0312576
0.0317982
0.032355
0.0329367
0.0335439
0.0341789
0.0348451
0.035547
0.0362892
0.0370774
0.0379186
0.0388208
0.0397941
0.040851
0.0420068
0.0432808
0.0446978
0.0462894
0.048097
0.0501754
0.0525985
0.0554677
0.0589252
0.0631744
0.0685156
0.0753683
0.0846397
0.0972075
0.0316588
0.0321707
0.0326683
0.0331606
0.0336807
0.0342356
0.0348255
0.0354522
0.0361188
0.0368292
0.0375878
0.0384001
0.0392728
0.040214
0.041234
0.0423453
0.0435638
0.0449095
0.0464078
0.0480914
0.0500033
0.0522001
0.054758
0.0577816
0.061417
0.0658732
0.0714593
0.0786084
0.0882941
0.10149
0.033036
0.0334823
0.033925
0.0343779
0.0348691
0.0354039
0.035982
0.0366047
0.0372748
0.0379957
0.0387715
0.0396075
0.0405102
0.0414879
0.0425507
0.0437116
0.0449866
0.0463963
0.0479668
0.0497317
0.051735
0.0540348
0.0567093
0.0598654
0.0636525
0.0682841
0.0740771
0.0814767
0.0915018
0.105229
0.0342341
0.0346215
0.0350176
0.0354387
0.0359076
0.0364276
0.0369979
0.0376196
0.0382949
0.0390268
0.0398193
0.0406773
0.0416074
0.0426177
0.0437185
0.0449229
0.0462472
0.0477124
0.0493451
0.0511797
0.053261
0.0556483
0.0584213
0.0616888
0.0656027
0.0703804
0.0763451
0.0839522
0.0942456
0.108412
0.035246
0.0355817
0.0359393
0.0363353
0.0367872
0.0372965
0.0378619
0.0384843
0.0391654
0.039908
0.0407156
0.0415931
0.042547
0.0435854
0.0447186
0.0459598
0.0473257
0.0488374
0.050522
0.0524144
0.0545602
0.0570197
0.0598734
0.0632319
0.067249
0.072145
0.0782485
0.0860235
0.0965208
0.111042
0.036069
0.0363608
0.0366875
0.0370644
0.0375037
0.0380053
0.038568
0.0391919
0.0398787
0.0406306
0.0414512
0.0423451
0.0433188
0.0443803
0.04554
0.0468112
0.0482107
0.0497598
0.0514861
0.0534249
0.0556221
0.0581389
0.0610567
0.0644869
0.0685853
0.0735741
0.0797863
0.0876928
0.0983377
0.113141
0.036705
0.0369615
0.0372646
0.0376276
0.0380579
0.0385544
0.0391154
0.0397412
0.0404328
0.0411924
0.0420234
0.0429304
0.0439195
0.044999
0.0461793
0.0474737
0.0488991
0.050477
0.0522352
0.0542093
0.0564457
0.0590059
0.0619722
0.0654567
0.0696163
0.0746747
0.0809683
0.0889737
0.0997183
0.114742
0.0371613
0.0373915
0.037678
0.0380314
0.0384556
0.0389487
0.039509
0.0401363
0.0408317
0.0415972
0.0424359
0.0433523
0.0443528
0.0454454
0.0466405
0.0479515
0.0493954
0.0509939
0.0527749
0.0547742
0.0570385
0.0596296
0.0626301
0.0661529
0.0703557
0.075463
0.0818138
0.089889
0.100694
0.115884
0.0374497
0.0376627
0.0379387
0.0382863
0.0387069
0.039198
0.039758
0.0403865
0.0410845
0.0418538
0.0426975
0.0436201
0.0446278
0.0457287
0.0469333
0.0482549
0.0497107
0.0513223
0.0531177
0.0551329
0.0574149
0.0600255
0.0630476
0.0665947
0.0708246
0.0759626
0.0823493
0.0904682
0.101301
0.116613
0.0375851
0.0377898
0.0380608
0.0384058
0.0388247
0.039315
0.0398749
0.0405041
0.0412034
0.0419746
0.0428207
0.0437463
0.0447575
0.0458625
0.0470716
0.0483983
0.0498597
0.0514776
0.05328
0.0553028
0.0575932
0.0602131
0.0632457
0.0668042
0.071047
0.0761996
0.0826034
0.090743
0.101582
0.116966
0.0375851
0.0377899
0.0380609
0.0384058
0.0388247
0.039315
0.0398749
0.0405041
0.0412034
0.0419746
0.0428207
0.0437463
0.0447575
0.0458625
0.0470716
0.0483983
0.0498597
0.0514776
0.05328
0.0553029
0.0575932
0.0602131
0.0632457
0.0668042
0.0710471
0.0761997
0.0826034
0.090743
0.101582
0.116966
0.0374497
0.0376627
0.0379387
0.0382863
0.0387069
0.039198
0.039758
0.0403866
0.0410845
0.0418538
0.0426975
0.0436201
0.0446278
0.0457287
0.0469333
0.0482549
0.0497107
0.0513223
0.0531178
0.055133
0.0574149
0.0600255
0.0630477
0.0665947
0.0708246
0.0759627
0.0823493
0.0904683
0.101301
0.116613
0.0371614
0.0373916
0.037678
0.0380315
0.0384557
0.0389487
0.039509
0.0401364
0.0408318
0.0415972
0.0424359
0.0433524
0.0443529
0.0454454
0.0466405
0.0479515
0.0493955
0.050994
0.052775
0.0547742
0.0570386
0.0596296
0.0626302
0.066153
0.0703558
0.0754632
0.0818139
0.0898891
0.100694
0.115885
0.0367051
0.0369616
0.0372647
0.0376277
0.038058
0.0385544
0.0391155
0.0397412
0.0404329
0.0411925
0.0420235
0.0429304
0.0439196
0.0449991
0.0461794
0.0474738
0.0488991
0.0504771
0.0522353
0.0542094
0.0564459
0.0590061
0.0619723
0.0654568
0.0696164
0.0746749
0.0809684
0.0889739
0.0997186
0.114742
0.0360691
0.0363609
0.0366876
0.0370645
0.0375038
0.0380055
0.0385681
0.039192
0.0398788
0.0406307
0.0414513
0.0423452
0.0433189
0.0443804
0.0455401
0.0468113
0.0482108
0.04976
0.0514863
0.053425
0.0556223
0.058139
0.0610568
0.0644871
0.0685855
0.0735743
0.0797865
0.087693
0.098338
0.113141
0.0352462
0.0355819
0.0359394
0.0363355
0.0367874
0.0372966
0.0378621
0.0384845
0.0391656
0.0399081
0.0407157
0.0415932
0.0425471
0.0435855
0.0447187
0.04596
0.0473258
0.0488375
0.0505221
0.0524146
0.0545604
0.0570198
0.0598736
0.0632321
0.0672493
0.0721453
0.0782488
0.0860238
0.0965212
0.111042
0.0342342
0.0346217
0.0350178
0.0354389
0.0359078
0.0364277
0.036998
0.0376197
0.0382951
0.039027
0.0398194
0.0406775
0.0416075
0.0426178
0.0437187
0.044923
0.0462474
0.0477126
0.0493453
0.0511799
0.0532612
0.0556486
0.0584216
0.0616891
0.065603
0.0703807
0.0763454
0.0839526
0.094246
0.108412
0.0330362
0.0334825
0.0339252
0.0343781
0.0348693
0.0354041
0.0359822
0.0366049
0.037275
0.0379959
0.0387717
0.0396077
0.0405104
0.0414881
0.0425509
0.0437118
0.0449868
0.0463965
0.047967
0.0497319
0.0517352
0.0540351
0.0567096
0.0598657
0.0636528
0.0682844
0.0740775
0.0814771
0.0915022
0.10523
0.031659
0.032171
0.0326685
0.0331609
0.0336809
0.0342358
0.0348257
0.0354524
0.036119
0.0368294
0.037588
0.0384003
0.039273
0.0402142
0.0412342
0.0423455
0.043564
0.0449097
0.046408
0.0480917
0.0500036
0.0522004
0.0547583
0.0577819
0.0614173
0.0658735
0.0714597
0.0786089
0.0882947
0.101491
0.0301111
0.0306961
0.0312578
0.0317985
0.0323553
0.032937
0.0335442
0.0341791
0.0348454
0.0355472
0.0362894
0.0370776
0.0379188
0.038821
0.0397943
0.0408512
0.042007
0.0432811
0.0446981
0.0462897
0.0480973
0.0501757
0.0525988
0.0554681
0.0589256
0.0631748
0.068516
0.0753688
0.0846404
0.0972083
0.0283973
0.0290641
0.0297016
0.0303016
0.0309054
0.031523
0.032155
0.0328042
0.0334749
0.0341717
0.0348998
0.0356652
0.0364747
0.0373366
0.0382607
0.039259
0.0403465
0.0415418
0.0428685
0.0443567
0.0460462
0.0479894
0.0502572
0.0529472
0.0561967
0.0602026
0.0652555
0.071762
0.0805476
0.0924077
0.0265202
0.0272797
0.0280064
0.0286773
0.0293409
0.030007
0.0306748
0.031347
0.0320286
0.0327251
0.0334421
0.0341858
0.0349633
0.0357827
0.0366535
0.0375875
0.038599
0.0397057
0.04093
0.0423005
0.0438547
0.0456422
0.0477305
0.0502125
0.0532199
0.0569418
0.0616591
0.0677672
0.0760081
0.0871195
0.0245086
0.0253769
0.0262187
0.0269691
0.0276963
0.0284171
0.0291281
0.0298305
0.0305289
0.0312293
0.0319378
0.032661
0.0334062
0.0341815
0.0349965
0.0358627
0.036794
0.0378077
0.0389252
0.0401734
0.0415877
0.0432148
0.0451178
0.0473841
0.0501374
0.0535573
0.0579098
0.0635737
0.0712
0.0814802
0.0222015
0.0231766
0.0243008
0.0252359
0.0260687
0.0268613
0.0276252
0.0283647
0.0290869
0.0298001
0.0305121
0.0312309
0.0319648
0.0327228
0.0335146
0.0343517
0.035248
0.0362205
0.0372893
0.0384793
0.0398228
0.041363
0.0431565
0.0452814
0.0478473
0.051017
0.0550251
0.0601933
0.0670092
0.0760611
0.0178818
0.0188192
0.0205667
0.0219481
0.0231015
0.0241734
0.0251977
0.0261832
0.0271399
0.0280773
0.0290036
0.0299265
0.0308542
0.0317954
0.0327582
0.0337533
0.0347933
0.0358946
0.037076
0.038359
0.0397712
0.041352
0.0431491
0.0452283
0.0476784
0.0506348
0.0542827
0.058835
0.064519
0.0718563
0.0656189
0.063724
0.0597332
0.0548564
0.0497389
0.0444768
0.0390669
0.0335445
0.0279676
0.0223964
0.0168885
0.0114969
0.00626938
0.00124734
-0.00353487
-0.00804987
-0.0122768
-0.0162012
-0.0198145
-0.0231144
-0.0260972
-0.0287507
-0.0311005
-0.033155
-0.0349253
-0.036437
-0.0377353
-0.0388096
-0.039364
-0.0388442
0.0548112
0.0546032
0.052167
0.0485208
0.0445672
0.0404786
0.0362239
0.0318081
0.0272722
0.022667
0.0180456
0.0134619
0.00896905
0.00461723
0.000451658
-0.003489
-0.00717365
-0.0105791
-0.0136894
-0.0164954
-0.0189989
-0.0212188
-0.0231508
-0.0248095
-0.0262161
-0.0274087
-0.0284402
-0.0292364
-0.0293051
-0.0281357
0.048621
0.0491599
0.0474688
0.0445233
0.0412753
0.0379081
0.034378
0.0306763
0.0268323
0.0228871
0.0188866
0.0148803
0.0109198
0.00705656
0.00333885
-0.000190434
-0.0034956
-0.00654935
-0.00933314
-0.0118372
-0.0140602
-0.016008
-0.0176912
-0.0191245
-0.0203284
-0.0213435
-0.0222268
-0.0228887
-0.0227607
-0.0212704
0.0444387
0.0453501
0.0441129
0.0416601
0.0389113
0.0360405
0.0330027
0.0297865
0.0264169
0.0229302
0.0193679
0.0157766
0.0122061
0.00870733
0.00532932
0.00211663
-0.000892968
-0.00367
-0.00619417
-0.00845442
-0.0104484
-0.0121812
-0.0136639
-0.0149107
-0.0159416
-0.0167964
-0.0175326
-0.0180598
-0.0177982
-0.0161536
0.0413921
0.0424644
0.0415055
0.0394083
0.0370327
0.0345348
0.0318691
0.029024
0.0260211
0.022893
0.0196778
0.0164192
0.0131651
0.0099653
0.00686852
0.00391966
0.00115723
-0.00138843
-0.00369621
-0.00575438
-0.00756012
-0.00911833
-0.0104397
-0.0115382
-0.0124329
-0.0131617
-0.0137812
-0.0142069
-0.0138701
-0.0121567
0.0390988
0.0402204
0.0394388
0.0376073
0.0355183
0.0333075
0.0309305
0.028376
0.0256634
0.0228224
0.0198881
0.0169016
0.0139088
0.0109581
0.00809733
0.00537085
0.00281718
0.000466812
-0.00165886
-0.00354782
-0.00519696
-0.00661084
-0.00779982
-0.00877754
-0.00956206
-0.010189
-0.0107139
-0.0110614
-0.0106828
-0.00894128
0.0373029
0.0384241
0.0377569
0.0361299
0.0342685
0.0322871
0.0301419
0.0278228
0.0253475
0.0227429
0.0200418
0.0172831
0.0145107
0.0117715
0.00911216
0.00657626
0.00420185
0.00201921
4.96664e-05
-0.00169473
-0.00321071
-0.00450263
-0.00558057
-0.00645784
-0.00715166
-0.00769549
-0.0081439
-0.0084317
-0.00803276
-0.00628434
0.0358772
0.0369519
0.03636
0.0348924
0.033217
0.0314243
0.0294707
0.0273474
0.0250709
0.0226657
0.0201626
0.0175986
0.0150157
0.0124592
0.00997445
0.00760425
0.0053859
0.00334921
0.00151523
-0.000104109
-0.00150552
-0.00269322
-0.00367711
-0.00447026
-0.00508914
-0.00556516
-0.00595199
-0.00619472
-0.00578975
-0.00404534
0.0347089
0.03571
0.0351761
0.03384
0.0323176
0.0306835
0.0288922
0.0269357
0.0248294
0.022596
0.0202644
0.0178695
0.0154521
0.0130558
0.0107246
0.00850037
0.00641947
0.0045112
0.00279618
0.00128612
-1.57611e-05
-0.00111363
-0.00201723
-0.00273947
-0.00329615
-0.00371678
-0.00405409
-0.00426316
-0.00386187
-0.00212674
0.03373
0.0346378
0.0341449
0.0329319
0.0315369
0.0300376
0.0283869
0.0265756
0.0246179
0.0225353
0.0203546
0.0181094
0.0158387
0.0135848
0.0113903
0.00929606
0.00733757
0.00554341
0.00393378
0.00252005
0.00130534
0.000285487
-0.000549142
-0.00121131
-0.00171624
-0.00209164
-0.00238928
-0.00257367
-0.00218297
-0.000459586
0.0328941
0.0336904
0.0332259
0.0321306
0.0308511
0.0294661
0.0279389
0.0262565
0.0244312
0.0224829
0.0204374
0.0183266
0.0161879
0.0140622
0.0119909
0.0100138
0.00816539
0.00647364
0.00495818
0.00363007
0.00249226
0.00154059
0.000765525
0.000154426
-0.000307422
-0.000646027
-0.000912107
-0.00107902
-0.000703995
0.00100645
0.0321603
0.0328462
0.0323987
0.0314011
0.0302386
0.0289528
0.0275352
0.0259693
0.0242638
0.0224376
0.020515
0.0185265
0.0165081
0.0144993
0.0125405
0.01067
0.00892165
0.00732265
0.00589208
0.00464067
0.00357118
0.00267945
0.00195603
0.00138843
0.000962391
0.000653509
0.000412196
0.000256868
0.000612238
0.00230883
0.0315027
0.0320719
0.0316422
0.0307315
0.0296765
0.0284845
0.0271647
0.0257057
0.0241109
0.0223971
0.0205878
0.0187123
0.0168051
0.0149044
0.0130492
0.011277
0.00962058
0.0081064
0.00675304
0.00557087
0.00456248
0.00372374
0.00304527
0.00251473
0.0021183
0.00183309
0.00161074
0.00146206
0.00179447
0.0034758
0.0309027
0.031348
0.0309386
0.0301092
0.0291471
0.0280522
0.0268185
0.0254585
0.0239675
0.0223591
0.0206559
0.0188862
0.0170831
0.0152835
0.0135251
0.0118444
0.0102733
0.00883746
0.00755496
0.00643582
0.00548248
0.00469079
0.00405153
0.00355252
0.00318032
0.00291349
0.00270502
0.00255873
0.00286524
0.0045288
0.0303365
0.0306647
0.0302773
0.0295195
0.0286405
0.0276445
0.0264919
0.0252225
0.0238296
0.0223211
0.0207187
0.0190493
0.0173449
0.015641
0.0139742
0.0123798
0.0108887
0.00952599
0.00830915
0.00724788
0.00634447
0.0055948
0.00498978
0.00451743
0.0041647
0.00391151
0.00371232
0.00356457
0.00384237
0.005484
0.0297872
0.0300084
0.0296445
0.0289551
0.0281528
0.027246
0.0261799
0.0249923
0.0236929
0.0222808
0.0207751
0.0192022
0.0175926
0.0159806
0.0144014
0.0128892
0.0114741
0.0101804
0.00902506
0.0080174
0.0071596
0.00644759
0.00587246
0.00542241
0.0050848
0.00484084
0.00464659
0.00449381
0.00474006
0.00635331
0.0292448
0.0293667
0.0290289
0.0284074
0.0276747
0.0268464
0.0258761
0.0247644
0.0235539
0.0222356
0.0208241
0.0193449
0.0178276
0.0163047
0.0148105
0.0133778
0.0120358
0.010808
0.00971075
0.00875322
0.00793739
0.00725924
0.00671007
0.00627833
0.00595174
0.00571275
0.00551918
0.00535783
0.00556954
0.00714517
0.028702
0.0287283
0.028418
0.0278639
0.0272001
0.0264452
0.025569
0.0245356
0.0234093
0.022183
0.0208643
0.0194774
0.0180509
0.0166158
0.0152049
0.0138499
0.012579
0.0114149
0.0103733
0.00946312
0.00868616
0.00803852
0.00751168
0.0070944
0.00677478
0.00653647
0.00633923
0.00616566
0.00633954
0.00786494
0.0281514
0.0280836
0.0278038
0.0273167
0.0267215
0.0260383
0.0252494
0.0243032
0.0232554
0.0221201
0.0208941
0.0195992
0.018263
0.0169153
0.0155873
0.0143094
0.0131086
0.0120068
0.0110192
0.0101541
0.00941337
0.00879314
0.00828515
0.00787849
0.00756168
0.00731952
0.00711395
0.00692422
0.00705658
0.00851531
0.0275833
0.0274263
0.0271796
0.0267599
0.0262346
0.0256187
0.0249097
0.0240629
0.0230901
0.0220444
0.0209118
0.0197096
0.0184644
0.0172048
0.0159602
0.0147597
0.0136291
0.012589
0.0116543
0.0108326
0.0101258
0.00953006
0.0090374
0.00863733
0.00831885
0.0080679
0.00784879
0.00763848
0.00772513
0.00909659
0.026988
0.0267488
0.0265381
0.0261854
0.0257299
0.0251836
0.0245511
0.0238051
0.0229118
0.0219536
0.0209157
0.0198076
0.0186552
0.0174854
0.016326
0.0152042
0.0141446
0.0131667
0.0122843
0.0115048
0.0108298
0.0102556
0.00977457
0.00937666
0.00905147
0.00878611
0.00854756
0.00831154
0.00834766
0.00960694
0.0263554
0.026044
0.025873
0.0255877
0.0252024
0.0247275
0.0241711
0.0235221
0.0227186
0.0218448
0.0209033
0.0198922
0.0188352
0.0177581
0.0166865
0.015646
0.0146593
0.0137447
0.0129149
0.0121768
0.0115316
0.0109757
0.0105021
0.0101013
0.00976356
0.00947728
0.0092124
0.00894471
0.0089246
0.0100427
0.0256729
0.025304
0.0251772
0.0249607
0.0246474
0.0242475
0.0237666
0.0232066
0.0225072
0.0217146
0.0208722
0.0199619
0.0190041
0.0180236
0.0170439
0.0160884
0.0151776
0.0143283
0.013552
0.0128546
0.012237
0.011696
0.011225
0.0108152
0.010458
0.0101431
0.00984379
0.00953738
0.0094543
0.0103988
0.0249237
0.0245187
0.0244423
0.0242975
0.0240584
0.0237363
0.0233333
0.0228578
0.0222715
0.0215627
0.0208202
0.020015
0.0191613
0.0182826
0.0174002
0.0165346
0.015704
0.0149229
0.0142013
0.013544
0.0129517
0.0124213
0.0119469
0.011521
0.011136
0.0107834
0.0104401
0.0100867
0.00993263
0.0106692
0.0240859
0.0236747
0.0236565
0.0235884
0.0234281
0.0231868
0.0228656
0.0224765
0.0220028
0.0213878
0.0207454
0.0200501
0.0193062
0.0185357
0.0177571
0.0169876
0.0162423
0.0155331
0.0148677
0.0142498
0.0136795
0.0131542
0.0126692
0.0122184
0.0117957
0.0113947
0.0109966
0.0105871
0.0103529
0.0108477
0.0231388
0.0227667
0.0228133
0.0228253
0.022751
0.0225962
0.0223613
0.0220618
0.0216954
0.0211856
0.0206433
0.0200636
0.0194366
0.0187822
0.0181157
0.0174503
0.0167973
0.0161648
0.0155579
0.0149784
0.0144258
0.0138991
0.013395
0.0129087
0.0124364
0.0119745
0.0115091
0.0110336
0.010709
0.0109311
0.0220483
0.0218241
0.0219529
0.0220357
0.0220448
0.0219774
0.0218285
0.021615
0.0213457
0.0209514
0.0205052
0.0200459
0.0195443
0.0190173
0.0184766
0.0179301
0.0173832
0.0168388
0.0162978
0.0157588
0.0152202
0.0146858
0.0141523
0.0136167
0.0130788
0.0125388
0.0119898
0.0114342
0.0110012
0.0109191
0.0206055
0.0207891
0.0211039
0.0212578
0.0213335
0.0213417
0.0212703
0.02113
0.0209423
0.0206714
0.0203218
0.0199866
0.0196234
0.0192432
0.018852
0.0184497
0.0180328
0.0175963
0.0171345
0.0166425
0.0161194
0.0155644
0.0149841
0.0143778
0.0137504
0.0131078
0.0124509
0.0117908
0.0112141
0.0107972
0.018125
0.0189206
0.0197203
0.0201211
0.0203499
0.0204912
0.0205471
0.0205266
0.0204586
0.0203405
0.0201307
0.0199436
0.0197382
0.0195174
0.0192797
0.0190161
0.0187141
0.0183627
0.0179512
0.0174767
0.0169572
0.0163239
0.0156593
0.0149546
0.0142178
0.0134602
0.01269
0.0119217
0.0111954
0.010491
0.0142154
0.014808
0.0162763
0.0173612
0.0181476
0.0187725
0.0192622
0.0196281
0.019898
0.0200824
0.0201444
0.0201581
0.0200955
0.0199527
0.0197284
0.0194189
0.0190212
0.0185385
0.0179737
0.0173269
0.0165927
0.0158757
0.0151208
0.0143431
0.0135627
0.0127924
0.0120418
0.0113257
0.0106539
0.00997124
-0.0405225
-0.0325792
-0.0265811
-0.0217105
-0.0176901
-0.0143432
-0.0115197
-0.00911033
-0.00703193
-0.00522126
-0.00362963
-0.00221911
-0.000959657
0.000172759
0.00119764
0.00213094
0.00298581
0.00377303
0.00450138
0.0051777
0.00580695
0.00639211
0.00693409
0.00743159
0.00788073
0.00827318
0.00859902
0.00885599
0.00904572
0.00909182
-0.0406737
-0.0326032
-0.0263104
-0.0213099
-0.0172137
-0.0138115
-0.0109422
-0.00849109
-0.00637334
-0.00452537
-0.00289878
-0.00145628
-0.00016888
0.000986115
0.00202647
0.00296605
0.00381552
0.00458291
0.00527407
0.00589298
0.00644206
0.0069225
0.00733449
0.00767755
0.0079505
0.00815116
0.0082778
0.00835179
0.00846698
0.00866531
-0.0414974
-0.0335762
-0.0272676
-0.0222619
-0.0181524
-0.014732
-0.0118427
-0.00937143
-0.00723473
-0.00537
-0.00372943
-0.00227606
-0.000980959
0.0001787
0.00122102
0.00216038
0.00300819
0.00377341
0.00446294
0.005082
0.00563432
0.00612233
0.00654745
0.00691034
0.00721076
0.00744515
0.00760391
0.00770156
0.0078686
0.00826109
-0.0424985
-0.0348793
-0.0286856
-0.0237226
-0.0196069
-0.0161558
-0.0132241
-0.0107053
-0.00851997
-0.00660762
-0.00492177
-0.00342612
-0.00209208
-0.000896895
0.000177613
0.00114605
0.00202014
0.00280926
0.00352084
0.00416071
0.00473329
0.00524184
0.00568868
0.0060756
0.00640384
0.00667085
0.00686518
0.00699748
0.00721745
0.00777438
-0.0434063
-0.0360407
-0.0299676
-0.0250547
-0.0209404
-0.0174638
-0.0144925
-0.0119274
-0.00969328
-0.00773227
-0.00599941
-0.0044593
-0.00308385
-0.00185051
-0.000741148
0.000258937
0.00116166
0.00197667
0.00271176
0.00337315
0.00396578
0.00449343
0.00495897
0.00536483
0.00571307
0.00600214
0.00622046
0.00637612
0.00662456
0.00727336
-0.0441856
-0.0370026
-0.0310378
-0.0261773
-0.0220758
-0.0185876
-0.0155906
-0.012992
-0.0107206
-0.00872111
-0.0069501
-0.00537318
-0.00396283
-0.00269686
-0.00155725
-0.000529316
0.000398958
0.0012374
0.00199405
0.00267544
0.00328688
0.00383258
0.00431586
0.0047396
0.0051064
0.00541555
0.00565606
0.0058334
0.00609734
0.00678102
-0.0448524
-0.0378084
-0.0319448
-0.027137
-0.0230557
-0.019566
-0.0165539
-0.0139319
-0.0116324
-0.00960246
-0.00780032
-0.00619258
-0.00475235
-0.00345784
-0.00229126
-0.00123801
-0.000286076
0.000574456
0.00135177
0.00205263
0.00268257
0.00324611
0.00374692
0.00418818
0.0045729
0.00490117
0.00516323
0.00536233
0.0056342
0.00630878
-0.045416
-0.0384826
-0.0327141
-0.0279561
-0.0238977
-0.020412
-0.0173911
-0.0147523
-0.0124311
-0.0103768
-0.00854884
-0.00691499
-0.00544898
-0.00412945
-0.00293886
-0.00186277
-0.00088921
-8.23349e-06
0.000788425
0.00150765
0.00215516
0.0027357
0.00325317
0.00371101
0.00411244
0.00445831
0.00474062
0.00496091
0.00523541
0.00586864
-0.0458821
-0.0390365
-0.0333549
-0.0286414
-0.0246059
-0.0211268
-0.0181015
-0.0154509
-0.0131132
-0.0110394
-0.00919057
-0.00753512
-0.00604747
-0.00470666
-0.00349542
-0.00239947
-0.0014069
-0.000507789
0.000306165
0.00104193
0.00170536
0.00230135
0.00283399
0.00330687
0.00372337
0.00408501
0.0043858
0.00462611
0.00490006
0.00547138
-0.0462584
-0.0394798
-0.0338752
-0.0291999
-0.0251854
-0.0217141
-0.0186871
-0.0160285
-0.0136786
-0.0115899
-0.00972458
-0.00805183
-0.0065466
-0.0051883
-0.00395993
-0.00284733
-0.00183871
-0.000924167
-9.53854e-05
0.000654654
0.00133188
0.00194131
0.00248717
0.00297318
0.0034028
0.00377809
0.00409514
0.00435376
0.00462566
0.00512538
-0.0465536
-0.0398234
-0.0342847
-0.0296406
-0.0256443
-0.0221806
-0.0191536
-0.0164898
-0.0141311
-0.0120313
-0.0101533
-0.00846716
-0.00694814
-0.005576
-0.00433393
-0.00320794
-0.00218631
-0.00125918
-0.000418236
0.000343568
0.00103222
0.0016528
0.00220967
0.00270663
0.00314717
0.00353378
0.0038645
0.00413909
0.00440868
0.00483641
-0.0467769
-0.0400783
-0.0345937
-0.0299735
-0.0259919
-0.0225348
-0.0195087
-0.0168416
-0.0144767
-0.0123689
-0.0104817
-0.00878551
-0.00725613
-0.0058735
-0.00462101
-0.00348476
-0.00245311
-0.00151624
-0.000665843
0.000105138
0.000802725
0.00143207
0.0019976
0.00250316
0.00295231
0.00334781
0.00368937
0.00397708
0.00424485
0.00460763
-0.046937
-0.0402549
-0.0348125
-0.0302092
-0.0262385
-0.0227866
-0.0197614
-0.0170923
-0.0147233
-0.01261
-0.0107164
-0.00901321
-0.00747654
-0.00608649
-0.00482656
-0.00368298
-0.00264414
-0.00170027
-0.000843049
-6.54249e-05
0.000638647
0.00127436
0.00184618
0.00235803
0.00281345
0.00321542
0.00356491
0.00386257
0.00412928
0.00443971
-0.0470417
-0.0403633
-0.034951
-0.0303584
-0.0263947
-0.0229462
-0.0199218
-0.0172514
-0.0148799
-0.0127632
-0.0108656
-0.00915804
-0.00761676
-0.00622202
-0.00495739
-0.00380914
-0.00276573
-0.00181738
-0.000955797
-0.00017392
0.000534308
0.0011741
0.00174997
0.00226586
0.00272531
0.00313143
0.00348603
0.00379029
0.00405669
0.00433111
-0.0470947
-0.040413
-0.0350175
-0.0304299
-0.0264696
-0.0230227
-0.0199986
-0.0173277
-0.014955
-0.0128366
-0.0109371
-0.00922743
-0.00768394
-0.00628694
-0.00502006
-0.00386958
-0.00282397
-0.00187347
-0.00100979
-0.000225875
0.000484349
0.0011261
0.00170391
0.00222174
0.00268314
0.00309125
0.0034483
0.00375582
0.00402226
0.00427889
-0.0470947
-0.040413
-0.0350175
-0.0304299
-0.0264696
-0.0230227
-0.0199986
-0.0173277
-0.014955
-0.0128366
-0.0109371
-0.00922742
-0.00768394
-0.00628694
-0.00502005
-0.00386957
-0.00282396
-0.00187346
-0.00100979
-0.000225869
0.000484356
0.00112611
0.00170392
0.00222175
0.00268314
0.00309126
0.00344831
0.00375583
0.00402227
0.0042789
-0.0470417
-0.0403633
-0.034951
-0.0303584
-0.0263947
-0.0229462
-0.0199217
-0.0172514
-0.0148799
-0.0127632
-0.0108656
-0.00915802
-0.00761675
-0.006222
-0.00495737
-0.00380913
-0.00276571
-0.00181736
-0.000955777
-0.000173901
0.000534328
0.00117412
0.00174999
0.00226588
0.00272533
0.00313145
0.00348605
0.00379032
0.00405671
0.00433113
-0.046937
-0.0402548
-0.0348124
-0.0302092
-0.0262385
-0.0227866
-0.0197614
-0.0170922
-0.0147232
-0.0126099
-0.0107163
-0.00901318
-0.0074765
-0.00608645
-0.00482653
-0.00368295
-0.00264411
-0.00170023
-0.000843016
-6.53918e-05
0.000638681
0.00127439
0.00184622
0.00235807
0.00281348
0.00321546
0.00356495
0.00386261
0.00412933
0.00443975
-0.0467768
-0.0400782
-0.0345936
-0.0299734
-0.0259918
-0.0225348
-0.0195087
-0.0168415
-0.0144766
-0.0123688
-0.0104816
-0.00878547
-0.00725609
-0.00587346
-0.00462096
-0.00348471
-0.00245306
-0.00151619
-0.000665797
0.000105185
0.000802773
0.00143212
0.00199765
0.00250322
0.00295236
0.00334787
0.00368943
0.00397714
0.00424491
0.00460769
-0.0465535
-0.0398233
-0.0342846
-0.0296405
-0.0256442
-0.0221805
-0.0191536
-0.0164897
-0.014131
-0.0120312
-0.0101533
-0.0084671
-0.00694808
-0.00557594
-0.00433387
-0.00320788
-0.00218625
-0.00125912
-0.000418175
0.000343629
0.00103228
0.00165287
0.00220974
0.00270669
0.00314724
0.00353385
0.00386458
0.00413916
0.00440876
0.00483649
-0.0462583
-0.0394797
-0.033875
-0.0291998
-0.0251853
-0.021714
-0.0186871
-0.0160284
-0.0136785
-0.0115898
-0.00972451
-0.00805176
-0.00654653
-0.00518823
-0.00395986
-0.00284726
-0.00183864
-0.000924094
-9.53105e-05
0.00065473
0.00133196
0.00194139
0.00248725
0.00297326
0.00340289
0.00377818
0.00409523
0.00435385
0.00462575
0.00512548
-0.045882
-0.0390364
-0.0333547
-0.0286413
-0.0246057
-0.0211267
-0.0181014
-0.0154508
-0.0131131
-0.0110393
-0.00919048
-0.00753503
-0.00604738
-0.00470657
-0.00349534
-0.00239938
-0.00140681
-0.000507702
0.000306254
0.00104202
0.00170546
0.00230144
0.00283408
0.00330697
0.00372348
0.00408511
0.00438591
0.00462623
0.00490017
0.00547151
-0.0454158
-0.0384825
-0.032714
-0.0279559
-0.0238976
-0.0204118
-0.017391
-0.0147522
-0.012431
-0.0103767
-0.00854873
-0.00691488
-0.00544887
-0.00412934
-0.00293876
-0.00186267
-0.000889111
-8.13244e-06
0.000788528
0.00150775
0.00215527
0.00273581
0.00325329
0.00371113
0.00411256
0.00445843
0.00474075
0.00496104
0.00523555
0.00586878
-0.0448522
-0.0378082
-0.0319447
-0.0271368
-0.0230555
-0.0195659
-0.0165538
-0.0139318
-0.0116323
-0.00960234
-0.0078002
-0.00619245
-0.00475222
-0.00345772
-0.00229114
-0.00123789
-0.000285961
0.000574571
0.00135189
0.00205275
0.00268269
0.00324624
0.00374705
0.00418832
0.00457304
0.00490131
0.00516337
0.00536248
0.00563436
0.00630895
-0.0441854
-0.0370024
-0.0310376
-0.0261771
-0.0220756
-0.0185874
-0.0155905
-0.0129919
-0.0107205
-0.00872098
-0.00694997
-0.00537304
-0.0039627
-0.00269673
-0.00155712
-0.000529183
0.000399088
0.00123753
0.00199418
0.00267558
0.00328702
0.00383272
0.00431601
0.00473975
0.00510655
0.00541572
0.00565622
0.00583357
0.00609752
0.0067812
-0.0434061
-0.0360404
-0.0299674
-0.0250545
-0.0209402
-0.0174636
-0.0144923
-0.0119273
-0.00969314
-0.00773213
-0.00599927
-0.00445916
-0.0030837
-0.00185036
-0.000740996
0.000259087
0.00116181
0.00197682
0.0027119
0.0033733
0.00396593
0.00449358
0.00495914
0.005365
0.00571325
0.00600232
0.00622064
0.00637631
0.00662476
0.00727356
-0.0424982
-0.0348791
-0.0286853
-0.0237223
-0.0196066
-0.0161556
-0.0132239
-0.0107051
-0.0085198
-0.00660747
-0.00492162
-0.00342597
-0.00209192
-0.000896732
0.00017778
0.00114622
0.00202031
0.00280942
0.00352101
0.00416087
0.00473345
0.00524201
0.00568886
0.00607578
0.00640403
0.00667104
0.00686538
0.00699769
0.00721767
0.0077746
-0.0414971
-0.0335759
-0.0272673
-0.0222617
-0.0181521
-0.0147318
-0.0118425
-0.00937122
-0.00723455
-0.00536983
-0.00372927
-0.0022759
-0.000980795
0.00017887
0.00122119
0.00216056
0.00300838
0.00377359
0.00446312
0.00508219
0.0056345
0.00612252
0.00654764
0.00691054
0.00721097
0.00744536
0.00760413
0.00770179
0.00786884
0.00826133
-0.0406734
-0.0326029
-0.0263101
-0.0213096
-0.0172134
-0.0138113
-0.010942
-0.00849087
-0.00637314
-0.00452518
-0.0028986
-0.00145611
-0.000168709
0.000986291
0.00202666
0.00296624
0.00381571
0.00458311
0.00527427
0.00589317
0.00644226
0.0069227
0.0073347
0.00767777
0.00795072
0.00815139
0.00827804
0.00835204
0.00846724
0.00866558
-0.0405221
-0.0325789
-0.0265808
-0.0217102
-0.0176899
-0.0143429
-0.0115195
-0.00911011
-0.00703171
-0.00522105
-0.00362944
-0.00221892
-0.000959471
0.000172949
0.00119784
0.00213115
0.00298602
0.00377326
0.00450161
0.00517794
0.00580719
0.00639236
0.00693434
0.00743184
0.00788099
0.00827344
0.00859929
0.00885627
0.00904602
0.00909213
0.00843894
0.00795056
0.00734989
0.00673174
0.00614579
0.00559642
0.00507972
0.00459436
0.00414024
0.00371698
0.00332377
0.00295959
0.00262326
0.00231353
0.00202909
0.00176859
0.00153066
0.00131396
0.00111715
0.000938929
0.000778035
0.00063325
0.000503405
0.000387384
0.000284122
0.000192612
0.000111899
4.10833e-05
-2.06812e-05
-7.41887e-05
-0.000120182
-0.000159357
-0.000192359
-0.00021979
-0.000242208
-0.000260131
-0.000274037
-0.000284365
-0.000291521
-0.000295877
-0.000297776
-0.000297528
-0.000295417
-0.000291704
-0.000286622
-0.000280385
-0.000273185
-0.000265195
-0.00025657
-0.000247449
-0.000237959
-0.000228209
-0.000218298
-0.000208313
-0.000198334
-0.000188458
-0.000178825
-0.00016941
-0.00015934
-0.000149711
-0.000140533
-0.000131704
-0.000123199
-0.000115027
-0.000107195
-9.97063e-05
-9.25612e-05
-8.57587e-05
-7.92957e-05
-7.31674e-05
-6.73664e-05
-6.18949e-05
-5.67414e-05
-5.18837e-05
-4.73232e-05
-4.30516e-05
-3.90573e-05
-3.53289e-05
-3.18554e-05
-2.86255e-05
-2.56281e-05
-2.28522e-05
-2.02866e-05
-1.79207e-05
-1.5744e-05
-1.37461e-05
-1.19174e-05
-1.02485e-05
-8.73064e-06
-7.35577e-06
-6.11653e-06
-5.00654e-06
-4.02062e-06
-3.15491e-06
-2.40609e-06
-1.77088e-06
-1.2558e-06
-9.08964e-07
-7.95463e-07
-6.11394e-07
0.00766112
0.0074363
0.00702645
0.00653896
0.00606432
0.00561467
0.00518496
0.00477397
0.00438258
0.00401148
0.00366088
0.00333073
0.00302079
0.00273068
0.00245991
0.0022079
0.00197396
0.00175739
0.00155741
0.00137324
0.00120407
0.00104909
0.000907491
0.000778477
0.000661264
0.000555087
0.000459207
0.000372907
0.000295502
0.000226334
0.000164775
0.00011023
6.21334e-05
1.9952e-05
-1.68173e-05
-4.86471e-05
-7.59806e-05
-9.92322e-05
-0.000118789
-0.00013501
-0.00014823
-0.000158759
-0.000166883
-0.000172867
-0.000176954
-0.000179367
-0.000180311
-0.000179973
-0.000178524
-0.000176118
-0.000172896
-0.000168983
-0.000164493
-0.000159526
-0.000154169
-0.000148474
-0.000142416
-0.000136053
-0.000130429
-0.000124486
-0.000118383
-0.00011229
-0.000106268
-0.000100347
-9.45515e-05
-8.89037e-05
-8.34206e-05
-7.81152e-05
-7.29971e-05
-6.80742e-05
-6.33604e-05
-5.88606e-05
-5.45576e-05
-5.04585e-05
-4.65659e-05
-4.28783e-05
-3.93921e-05
-3.6103e-05
-3.30063e-05
-3.00967e-05
-2.73684e-05
-2.48153e-05
-2.24311e-05
-2.02093e-05
-1.81432e-05
-1.62262e-05
-1.44518e-05
-1.28134e-05
-1.13047e-05
-9.91956e-06
-8.6521e-06
-7.49673e-06
-6.44823e-06
-5.50167e-06
-4.65052e-06
-3.88429e-06
-3.20233e-06
-2.67356e-06
-2.39814e-06
-1.69021e-06
0.00700038
0.00699771
0.00672765
0.0063308
0.00593545
0.0055591
0.00519458
0.00484017
0.00449733
0.00416741
0.00385126
0.0035494
0.00326222
0.00298992
0.00273256
0.00249005
0.00226222
0.00204878
0.00184937
0.00166357
0.00149091
0.00133086
0.00118289
0.00104645
0.000920942
0.000805805
0.000700457
0.000604326
0.000516848
0.000437474
0.000365669
0.000300916
0.000242717
0.000190595
0.000144095
0.000102781
6.62422e-05
3.40886e-05
5.95239e-06
-1.85125e-05
-3.96307e-05
-5.77066e-05
-7.30239e-05
-8.58475e-05
-9.64233e-05
-0.00010498
-0.000111728
-0.000116862
-0.000120564
-0.000122997
-0.000124314
-0.000124653
-0.000124142
-0.000122895
-0.000121019
-0.000118606
-0.000115729
-0.000112462
-0.000108914
-0.000105099
-0.000101084
-9.69397e-05
-9.2714e-05
-8.8443e-05
-8.41589e-05
-7.98907e-05
-7.56634e-05
-7.14985e-05
-6.74138e-05
-6.34251e-05
-5.95476e-05
-5.57962e-05
-5.21644e-05
-4.86651e-05
-4.53052e-05
-4.20879e-05
-3.90148e-05
-3.60869e-05
-3.3304e-05
-3.06649e-05
-2.81679e-05
-2.58106e-05
-2.359e-05
-2.15027e-05
-1.9545e-05
-1.77128e-05
-1.60018e-05
-1.44076e-05
-1.29257e-05
-1.15514e-05
-1.02799e-05
-9.10623e-06
-8.02565e-06
-7.03304e-06
-6.12046e-06
-5.27277e-06
-4.48791e-06
-3.87166e-06
-3.59574e-06
-2.62726e-06
0.00644272
0.00659435
0.00642754
0.00610624
0.00577906
0.00546559
0.00515724
0.00485215
0.00455222
0.00425927
0.00397455
0.00369906
0.00343363
0.00317891
0.00293538
0.00270336
0.00248305
0.00227452
0.00207775
0.00189259
0.00171887
0.00155631
0.00140459
0.00126337
0.00113223
0.00101078
0.000898569
0.000795158
0.000700094
0.000612925
0.0005332
0.000460476
0.000394319
0.000334305
0.000280024
0.00023108
0.000187092
0.000147698
0.000112549
8.13164e-05
5.36868e-05
2.93649e-05
8.07234e-06
-1.04526e-05
-2.64553e-05
-4.01653e-05
-5.17968e-05
-6.15493e-05
-6.96082e-05
-7.61452e-05
-8.13191e-05
-8.52766e-05
-8.81526e-05
-9.00711e-05
-9.11461e-05
-9.14818e-05
-9.11732e-05
-9.03034e-05
-8.8944e-05
-8.71759e-05
-8.50676e-05
-8.26786e-05
-8.00621e-05
-7.72653e-05
-7.43301e-05
-7.12941e-05
-6.819e-05
-6.50471e-05
-6.18905e-05
-5.87426e-05
-5.56231e-05
-5.25488e-05
-4.9531e-05
-4.65823e-05
-4.37133e-05
-4.09318e-05
-3.82445e-05
-3.56564e-05
-3.3171e-05
-3.07912e-05
-2.85185e-05
-2.63535e-05
-2.42964e-05
-2.23463e-05
-2.0502e-05
-1.87616e-05
-1.71231e-05
-1.55837e-05
-1.41404e-05
-1.279e-05
-1.15288e-05
-1.03528e-05
-9.25794e-06
-8.23959e-06
-7.2896e-06
-6.38992e-06
-5.53844e-06
-4.88052e-06
-4.67163e-06
-3.53938e-06
0.00596597
0.00622385
0.00613422
0.00587981
0.00561451
0.00535696
0.00509824
0.0048369
0.00457526
0.0043155
0.00405926
0.0038079
0.00356264
0.00332447
0.00309424
0.00287262
0.00266011
0.00245708
0.00226377
0.00208031
0.00190675
0.00174302
0.001589
0.00144452
0.00130933
0.00118316
0.0010657
0.000956618
0.000855563
0.000762168
0.000676059
0.000596861
0.000524197
0.000457691
0.000396978
0.000341697
0.000291497
0.000246041
0.000205001
0.000168064
0.00013493
0.000105314
7.89424e-05
5.55592e-05
3.4921e-05
1.67987e-05
9.76786e-07
-1.27466e-05
-2.45603e-05
-3.46408e-05
-4.31522e-05
-5.02471e-05
-5.6067e-05
-6.07427e-05
-6.43951e-05
-6.71355e-05
-6.90666e-05
-7.02826e-05
-7.08703e-05
-7.09091e-05
-7.04717e-05
-6.96245e-05
-6.84279e-05
-6.69365e-05
-6.51994e-05
-6.32605e-05
-6.11594e-05
-5.89313e-05
-5.66073e-05
-5.42154e-05
-5.17802e-05
-4.93232e-05
-4.68627e-05
-4.4415e-05
-4.19945e-05
-3.96134e-05
-3.7282e-05
-3.50088e-05
-3.2801e-05
-3.06645e-05
-2.86036e-05
-2.66221e-05
-2.47223e-05
-2.29058e-05
-2.11737e-05
-1.95262e-05
-1.79627e-05
-1.64823e-05
-1.50837e-05
-1.37647e-05
-1.25229e-05
-1.13555e-05
-1.02591e-05
-9.23024e-06
-8.2614e-06
-7.33256e-06
-6.44129e-06
-5.77068e-06
-5.66705e-06
-4.4379e-06
0.00557128
0.00589306
0.00586033
0.00566451
0.00545404
0.00524511
0.0050293
0.00480591
0.00457763
0.00434692
0.00411574
0.00388578
0.00365856
0.00343539
0.0032174
0.00300553
0.00280055
0.00260306
0.00241355
0.00223235
0.00205969
0.00189569
0.00174041
0.00159379
0.00145574
0.00132611
0.00120469
0.00109125
0.000985524
0.000887217
0.000796027
0.000711634
0.000633714
0.000561938
0.000495975
0.0004355
0.000380189
0.000329727
0.000283807
0.00024213
0.00020441
0.00017037
0.000139746
0.000112285
8.7748e-05
6.59066e-05
4.65459e-05
2.94627e-05
1.44659e-05
1.37605e-06
-9.97478e-06
-1.97437e-05
-2.80771e-05
-3.51113e-05
-4.09728e-05
-4.5779e-05
-4.96383e-05
-5.26516e-05
-5.49118e-05
-5.65039e-05
-5.75062e-05
-5.7991e-05
-5.80244e-05
-5.76663e-05
-5.69714e-05
-5.59891e-05
-5.47642e-05
-5.33368e-05
-5.17432e-05
-5.00159e-05
-4.81839e-05
-4.6273e-05
-4.4306e-05
-4.2303e-05
-4.02819e-05
-3.82584e-05
-3.62459e-05
-3.42562e-05
-3.22993e-05
-3.03836e-05
-2.85163e-05
-2.67032e-05
-2.49489e-05
-2.32574e-05
-2.16312e-05
-2.00724e-05
-1.85821e-05
-1.7161e-05
-1.58089e-05
-1.4525e-05
-1.33082e-05
-1.21565e-05
-1.10677e-05
-1.00398e-05
-9.06605e-06
-8.12532e-06
-7.21382e-06
-6.54778e-06
-6.56846e-06
-5.30005e-06
0.00525387
0.00560322
0.00561153
0.00546726
0.00530491
0.00513773
0.00495856
0.00476759
0.00456786
0.0043621
0.00415251
0.00394108
0.00372959
0.00351961
0.00331249
0.00310941
0.00291135
0.00271911
0.00253336
0.00235461
0.00218324
0.00201953
0.00186365
0.00171569
0.00157566
0.00144351
0.00131912
0.00120235
0.001093
0.000990841
0.000895631
0.0008071
0.000724969
0.000648945
0.000578735
0.000514039
0.00045456
0.000400004
0.00035008
0.000304505
0.000263003
0.000225308
0.000191161
0.000160317
0.000132538
0.000107599
8.52859e-05
6.53949e-05
4.77338e-05
3.21212e-05
1.83865e-05
6.36941e-06
-4.0803e-06
-1.3103e-05
-2.08297e-05
-2.73823e-05
-3.28742e-05
-3.74108e-05
-4.10896e-05
-4.40008e-05
-4.62275e-05
-4.78468e-05
-4.89291e-05
-4.95392e-05
-4.97359e-05
-4.95733e-05
-4.91002e-05
-4.83612e-05
-4.73965e-05
-4.62425e-05
-4.49319e-05
-4.3494e-05
-4.19552e-05
-4.03388e-05
-3.86658e-05
-3.69546e-05
-3.52215e-05
-3.34808e-05
-3.1745e-05
-3.00247e-05
-2.83292e-05
-2.66664e-05
-2.50429e-05
-2.34641e-05
-2.19344e-05
-2.04572e-05
-1.90353e-05
-1.76705e-05
-1.63639e-05
-1.51158e-05
-1.39262e-05
-1.27942e-05
-1.17188e-05
-1.06991e-05
-9.72979e-06
-8.78899e-06
-7.87032e-06
-7.21668e-06
-7.36552e-06
-6.10715e-06
0.00500572
0.00535404
0.0053914
0.00529229
0.00517163
0.0050398
0.00489146
0.00472779
0.00455211
0.00436736
0.00417601
0.00398029
0.0037822
0.00358351
0.00338578
0.00319037
0.00299842
0.00281091
0.00262864
0.00245228
0.00228232
0.00211918
0.00196313
0.00181435
0.00167296
0.00153898
0.00141238
0.00129307
0.00118092
0.00107576
0.000977383
0.000885576
0.000800092
0.000720673
0.000647052
0.000578956
0.000516109
0.000458234
0.000405058
0.000356308
0.000311721
0.000271037
0.000234006
0.000200386
0.000169943
0.000142456
0.000117709
9.55008e-05
7.56381e-05
5.79383e-05
4.22287e-05
2.83469e-05
1.61399e-05
5.46416e-06
-3.8147e-06
-1.18222e-05
-1.86756e-05
-2.44838e-05
-2.93482e-05
-3.33629e-05
-3.6615e-05
-3.91851e-05
-4.11477e-05
-4.2571e-05
-4.35178e-05
-4.40454e-05
-4.42064e-05
-4.40486e-05
-4.36157e-05
-4.29471e-05
-4.20786e-05
-4.10424e-05
-3.98678e-05
-3.85808e-05
-3.72048e-05
-3.57607e-05
-3.42671e-05
-3.27402e-05
-3.11947e-05
-2.96431e-05
-2.80965e-05
-2.65643e-05
-2.50549e-05
-2.35749e-05
-2.21304e-05
-2.07259e-05
-1.93654e-05
-1.80519e-05
-1.67874e-05
-1.55735e-05
-1.4411e-05
-1.33001e-05
-1.22408e-05
-1.12332e-05
-1.02737e-05
-9.3401e-06
-8.4222e-06
-7.78207e-06
-8.05181e-06
-6.84593e-06
0.00481779
0.00514429
0.00520197
0.00514194
0.00505665
0.0049542
0.00483136
0.00469024
0.00453442
0.00436703
0.00419076
0.00400805
0.00382108
0.00363182
0.00344197
0.00325304
0.00306631
0.00288289
0.0027037
0.00252951
0.00236093
0.00219846
0.00204247
0.00189322
0.0017509
0.0016156
0.00148735
0.00136611
0.00125182
0.00114433
0.00104349
0.000949113
0.000860987
0.000778881
0.000702553
0.000631751
0.000566216
0.000505687
0.000449902
0.000398603
0.000351533
0.000308441
0.000269082
0.000233218
0.000200619
0.000171066
0.000144345
0.000120255
9.86022e-05
7.92034e-05
6.18849e-05
4.64823e-05
3.28408e-05
2.08143e-05
1.02661e-05
1.06763e-06
-6.901e-06
-1.37519e-05
-1.95892e-05
-2.451e-05
-2.86046e-05
-3.19569e-05
-3.46441e-05
-3.67375e-05
-3.83029e-05
-3.94004e-05
-4.00854e-05
-4.04085e-05
-4.04159e-05
-4.01498e-05
-3.96482e-05
-3.8946e-05
-3.80744e-05
-3.70618e-05
-3.59336e-05
-3.47126e-05
-3.34193e-05
-3.20717e-05
-3.0686e-05
-2.92764e-05
-2.78553e-05
-2.64337e-05
-2.5021e-05
-2.36254e-05
-2.22537e-05
-2.09118e-05
-1.96046e-05
-1.83359e-05
-1.71089e-05
-1.59259e-05
-1.47887e-05
-1.36981e-05
-1.26552e-05
-1.16612e-05
-1.07138e-05
-9.79129e-06
-8.87848e-06
-8.24849e-06
-8.62423e-06
-7.50755e-06
0.00468044
0.00497205
0.00504398
0.00501704
0.00496098
0.00488234
0.00478011
0.0046572
0.00451738
0.00436397
0.00419985
0.00402764
0.00384968
0.00366807
0.00348464
0.00330101
0.00311858
0.00293856
0.00276196
0.00258964
0.0024223
0.00226049
0.00210468
0.00195517
0.00181222
0.00167598
0.00154651
0.00142383
0.0013079
0.00119863
0.0010959
0.000999536
0.00090936
0.000825163
0.000746721
0.000673799
0.000606155
0.00054354
0.000485703
0.000432394
0.000383363
0.000338367
0.000297164
0.000259522
0.000225213
0.00019402
0.00016573
0.000140142
0.000117064
9.6311e-05
7.77091e-05
6.10927e-05
4.63052e-05
3.3199e-05
2.16352e-05
1.14834e-05
2.62122e-06
-5.06572e-06
-1.16835e-05
-1.73312e-05
-2.21023e-05
-2.60829e-05
-2.93528e-05
-3.19856e-05
-3.40491e-05
-3.56059e-05
-3.67136e-05
-3.74249e-05
-3.77881e-05
-3.78473e-05
-3.76427e-05
-3.72109e-05
-3.65851e-05
-3.57952e-05
-3.48683e-05
-3.38288e-05
-3.26986e-05
-3.14971e-05
-3.0242e-05
-2.89485e-05
-2.76303e-05
-2.62995e-05
-2.49664e-05
-2.36404e-05
-2.2329e-05
-2.10392e-05
-1.97765e-05
-1.85456e-05
-1.73505e-05
-1.61942e-05
-1.50791e-05
-1.4007e-05
-1.29793e-05
-1.19984e-05
-1.10634e-05
-1.01532e-05
-9.24723e-06
-8.62143e-06
-9.08318e-06
-8.08712e-06
0.00458416
0.00483499
0.00491709
0.0049173
0.00488453
0.00482459
0.00473851
0.00462984
0.00450253
0.00436003
0.0042054
0.00404139
0.00387048
0.00369486
0.00351647
0.00333703
0.00315801
0.0029807
0.00280619
0.0026354
0.00246909
0.00230788
0.00215227
0.00200264
0.00185926
0.00172234
0.00159199
0.00146824
0.0013511
0.0012405
0.00113634
0.00103847
0.000946739
0.00086095
0.000780897
0.000706357
0.0006371
0.000572886
0.000513474
0.00045862
0.000408081
0.000361619
0.000318996
0.000279982
0.000244353
0.000211892
0.000182389
0.000155643
0.000131461
0.000109659
9.00624e-05
7.25045e-05
5.68277e-05
4.28832e-05
3.05305e-05
1.96375e-05
1.00802e-05
1.74207e-06
-5.48362e-06
-1.16968e-05
-1.69945e-05
-2.1465e-05
-2.51894e-05
-2.82431e-05
-3.06956e-05
-3.26114e-05
-3.40495e-05
-3.50645e-05
-3.57061e-05
-3.60202e-05
-3.60484e-05
-3.58287e-05
-3.53956e-05
-3.47806e-05
-3.40119e-05
-3.31152e-05
-3.21134e-05
-3.10272e-05
-2.9875e-05
-2.86732e-05
-2.74364e-05
-2.61775e-05
-2.49077e-05
-2.3637e-05
-2.23738e-05
-2.11256e-05
-1.98987e-05
-1.86984e-05
-1.75291e-05
-1.63947e-05
-1.5298e-05
-1.42413e-05
-1.32269e-05
-1.22574e-05
-1.13334e-05
-1.04352e-05
-9.53633e-06
-8.90751e-06
-9.43211e-06
-8.58292e-06
0.00452017
0.00473059
0.00482016
0.00484163
0.00482654
0.00478062
0.00470664
0.00460865
0.00449069
0.00435634
0.00420879
0.00405091
0.00388526
0.00371413
0.00353953
0.00336323
0.00318679
0.00301154
0.00283862
0.002669
0.0025035
0.00234277
0.00218735
0.00203765
0.001894
0.00175661
0.00162562
0.00150112
0.0013831
0.00127153
0.00116632
0.00106736
0.000974487
0.000887531
0.000806293
0.000730562
0.000660115
0.000594722
0.000534146
0.000478151
0.000426497
0.000378949
0.000335273
0.000295243
0.000258634
0.000225232
0.000194828
0.000167221
0.000142219
0.000119637
9.93006e-05
8.1042e-05
6.4703e-05
5.0134e-05
3.71934e-05
2.5748e-05
1.56722e-05
6.84686e-06
-8.33857e-07
-7.46747e-06
-1.31577e-05
-1.79941e-05
-2.20583e-05
-2.54267e-05
-2.81703e-05
-3.03546e-05
-3.20402e-05
-3.32825e-05
-3.41329e-05
-3.4638e-05
-3.48407e-05
-3.47801e-05
-3.44918e-05
-3.40082e-05
-3.33584e-05
-3.2569e-05
-3.16639e-05
-3.06644e-05
-2.95898e-05
-2.84571e-05
-2.72818e-05
-2.60772e-05
-2.48553e-05
-2.36264e-05
-2.23998e-05
-2.11833e-05
-1.99836e-05
-1.88067e-05
-1.76574e-05
-1.65399e-05
-1.54575e-05
-1.44131e-05
-1.34091e-05
-1.24487e-05
-1.15338e-05
-1.06461e-05
-9.75356e-06
-9.11433e-06
-9.67701e-06
-8.99546e-06
0.00448076
0.00465631
0.00475141
0.00478837
0.00478574
0.00474964
0.00468415
0.00459362
0.00448219
0.00435353
0.00421092
0.00405731
0.00389534
0.00372734
0.00355538
0.00338129
0.00320665
0.00303285
0.00286105
0.00269227
0.00252734
0.00236696
0.00221169
0.00206196
0.00191813
0.00178042
0.00164901
0.00152398
0.00140536
0.00129312
0.0011872
0.00108748
0.000993822
0.000906057
0.000823999
0.000747442
0.000676171
0.000609959
0.000548575
0.000491786
0.000439356
0.000391053
0.000346645
0.000305907
0.000268616
0.000234559
0.000203527
0.00017532
0.000149746
0.00012662
0.000105767
8.70191e-05
7.0218e-05
5.5213e-05
4.1862e-05
3.00314e-05
1.95942e-05
1.04246e-05
2.42074e-06
-4.50077e-06
-1.04639e-05
-1.55565e-05
-1.98587e-05
-2.34476e-05
-2.63951e-05
-2.87676e-05
-3.06264e-05
-3.20282e-05
-3.30247e-05
-3.36637e-05
-3.39888e-05
-3.40398e-05
-3.38531e-05
-3.34616e-05
-3.28953e-05
-3.21813e-05
-3.1344e-05
-3.04055e-05
-2.93854e-05
-2.83015e-05
-2.71694e-05
-2.6003e-05
-2.48148e-05
-2.36156e-05
-2.24148e-05
-2.12207e-05
-2.00404e-05
-1.88801e-05
-1.7745e-05
-1.66395e-05
-1.55675e-05
-1.45319e-05
-1.35354e-05
-1.25816e-05
-1.16732e-05
-1.0794e-05
-9.90659e-06
-9.25009e-06
-9.82577e-06
-9.32675e-06
0.0044595
0.0046097
0.00470868
0.00475556
0.00476065
0.00473063
0.00467039
0.00458448
0.00447707
0.00435191
0.00421235
0.00406137
0.00390166
0.00373559
0.00356527
0.00339254
0.00321901
0.0030461
0.00287499
0.00270673
0.00254215
0.00238199
0.0022268
0.00207706
0.00193311
0.00179521
0.00166354
0.00153818
0.00141919
0.00130654
0.00120017
0.00109998
0.00100583
0.000917568
0.000835
0.000757931
0.000686147
0.000619427
0.000557542
0.00050026
0.000447349
0.000398576
0.000353714
0.000312536
0.000274821
0.000240357
0.000208935
0.000180355
0.000154425
0.000130961
0.000109787
9.07357e-05
7.36475e-05
5.83718e-05
4.47664e-05
3.26986e-05
2.20395e-05
1.26409e-05
4.42924e-06
-2.65115e-06
-8.78338e-06
-1.40383e-05
-1.84895e-05
-2.22158e-05
-2.52902e-05
-2.77798e-05
-2.97465e-05
-3.12473e-05
-3.23348e-05
-3.30571e-05
-3.34583e-05
-3.35787e-05
-3.34551e-05
-3.3121e-05
-3.26066e-05
-3.19395e-05
-3.11445e-05
-3.02439e-05
-2.92577e-05
-2.82041e-05
-2.70989e-05
-2.59564e-05
-2.47892e-05
-2.36084e-05
-2.24237e-05
-2.12435e-05
-2.00753e-05
-1.89254e-05
-1.77992e-05
-1.67013e-05
-1.56357e-05
-1.46056e-05
-1.3614e-05
-1.26642e-05
-1.17599e-05
-1.08867e-05
-1.00028e-05
-9.3237e-06
-9.8893e-06
-9.57727e-06
0.00445127
0.0045883
0.00468936
0.00474091
0.00474953
0.00472228
0.00466445
0.00458064
0.00447508
0.00435152
0.00421334
0.00406356
0.00390488
0.00373969
0.0035701
0.00339799
0.00322496
0.00305245
0.00288165
0.00271361
0.00254919
0.00238912
0.00223396
0.00208421
0.00194019
0.0018022
0.00167039
0.00154488
0.0014257
0.00131286
0.00120627
0.00110586
0.00101148
0.000922976
0.000840168
0.000762856
0.00069083
0.000623869
0.000561747
0.000504233
0.000451095
0.000402102
0.000357025
0.00031564
0.000277726
0.00024307
0.000211465
0.00018271
0.000156613
0.000132991
0.000111666
9.24719e-05
7.5249e-05
5.98465e-05
4.61227e-05
3.39471e-05
2.31874e-05
1.36281e-05
5.35953e-06
-1.76662e-06
-7.98943e-06
-1.33284e-05
-1.78517e-05
-2.16428e-05
-2.47767e-05
-2.73211e-05
-2.93381e-05
-3.08852e-05
-3.20151e-05
-3.27762e-05
-3.32129e-05
-3.33656e-05
-3.32715e-05
-3.2964e-05
-3.24738e-05
-3.18285e-05
-3.10531e-05
-3.01701e-05
-2.91998e-05
-2.81602e-05
-2.70675e-05
-2.5936e-05
-2.47786e-05
-2.36063e-05
-2.2429e-05
-2.12553e-05
-2.00927e-05
-1.89476e-05
-1.78254e-05
-1.67311e-05
-1.56684e-05
-1.46409e-05
-1.36514e-05
-1.27034e-05
-1.18008e-05
-1.09311e-05
-1.00489e-05
-9.34947e-06
-9.89352e-06
-9.72875e-06
0.00445128
0.00458831
0.00468937
0.00474092
0.00474954
0.00472229
0.00466445
0.00458065
0.00447509
0.00435153
0.00421335
0.00406357
0.00390489
0.0037397
0.00357011
0.00339799
0.00322497
0.00305245
0.00288166
0.00271362
0.0025492
0.00238912
0.00223397
0.00208421
0.0019402
0.0018022
0.00167039
0.00154488
0.00142571
0.00131286
0.00120628
0.00110586
0.00101148
0.00092298
0.000840171
0.000762859
0.000690832
0.000623872
0.000561749
0.000504235
0.000451097
0.000402103
0.000357027
0.000315641
0.000277727
0.000243071
0.000211466
0.000182711
0.000156614
0.000132991
0.000111666
9.24722e-05
7.52492e-05
5.98466e-05
4.61227e-05
3.39472e-05
2.31877e-05
1.36274e-05
5.3585e-06
-1.76679e-06
-7.98951e-06
-1.33286e-05
-1.7852e-05
-2.16431e-05
-2.4777e-05
-2.73214e-05
-2.93384e-05
-3.08854e-05
-3.20153e-05
-3.27764e-05
-3.3213e-05
-3.33658e-05
-3.32716e-05
-3.29641e-05
-3.24739e-05
-3.18285e-05
-3.10531e-05
-3.01701e-05
-2.91998e-05
-2.81602e-05
-2.70675e-05
-2.5936e-05
-2.47786e-05
-2.36063e-05
-2.2429e-05
-2.12554e-05
-2.00927e-05
-1.89476e-05
-1.78255e-05
-1.67311e-05
-1.56685e-05
-1.4641e-05
-1.36514e-05
-1.27034e-05
-1.18009e-05
-1.09311e-05
-1.00489e-05
-9.34945e-06
-9.89347e-06
-9.72867e-06
0.00445952
0.00460973
0.00470871
0.00475558
0.00476068
0.00473065
0.00467041
0.0045845
0.00447709
0.00435194
0.00421237
0.00406139
0.00390168
0.00373561
0.00356529
0.00339255
0.00321903
0.00304611
0.00287501
0.00270674
0.00254217
0.002382
0.00222682
0.00207708
0.00193313
0.00179523
0.00166355
0.00153819
0.0014192
0.00130655
0.00120018
0.00109999
0.00100584
0.000917577
0.000835009
0.00075794
0.000686156
0.000619435
0.000557549
0.000500266
0.000447355
0.000398582
0.000353719
0.00031254
0.000274826
0.000240361
0.000208938
0.000180358
0.000154428
0.000130963
0.000109789
9.07368e-05
7.36481e-05
5.83721e-05
4.47665e-05
3.26985e-05
2.20393e-05
1.26403e-05
4.42802e-06
-2.65209e-06
-8.78423e-06
-1.40392e-05
-1.84905e-05
-2.22168e-05
-2.52911e-05
-2.77807e-05
-2.97473e-05
-3.1248e-05
-3.23354e-05
-3.30576e-05
-3.34588e-05
-3.35791e-05
-3.34555e-05
-3.31212e-05
-3.26068e-05
-3.19396e-05
-3.11446e-05
-3.02439e-05
-2.92578e-05
-2.82041e-05
-2.70989e-05
-2.59564e-05
-2.47892e-05
-2.36084e-05
-2.24237e-05
-2.12436e-05
-2.00754e-05
-1.89255e-05
-1.77994e-05
-1.67015e-05
-1.56359e-05
-1.46059e-05
-1.36142e-05
-1.26644e-05
-1.176e-05
-1.08868e-05
-1.00029e-05
-9.32366e-06
-9.88915e-06
-9.57705e-06
0.0044808
0.00465636
0.00475145
0.00478841
0.00478578
0.00474968
0.00468419
0.00459366
0.00448223
0.00435357
0.00421096
0.00405735
0.00389537
0.00372737
0.00355541
0.00338132
0.00320669
0.00303288
0.00286108
0.0026923
0.00252737
0.00236699
0.00221171
0.00206199
0.00191815
0.00178045
0.00164903
0.001524
0.00140538
0.00129314
0.00118722
0.0010875
0.000993839
0.000906074
0.000824015
0.000747458
0.000676185
0.000609972
0.000548587
0.000491797
0.000439367
0.000391063
0.000346654
0.000305915
0.000268624
0.000234565
0.000203533
0.000175325
0.00014975
0.000126623
0.000105769
8.70209e-05
7.02191e-05
5.52136e-05
4.18621e-05
3.00311e-05
1.95935e-05
1.04235e-05
2.41926e-06
-4.50231e-06
-1.04654e-05
-1.55582e-05
-1.98604e-05
-2.34492e-05
-2.63966e-05
-2.8769e-05
-3.06277e-05
-3.20293e-05
-3.30257e-05
-3.36646e-05
-3.39896e-05
-3.40405e-05
-3.38536e-05
-3.3462e-05
-3.28956e-05
-3.21816e-05
-3.13442e-05
-3.04056e-05
-2.93855e-05
-2.83015e-05
-2.71694e-05
-2.60031e-05
-2.48149e-05
-2.36157e-05
-2.24149e-05
-2.12208e-05
-2.00406e-05
-1.88803e-05
-1.77453e-05
-1.66399e-05
-1.55679e-05
-1.45323e-05
-1.35358e-05
-1.2582e-05
-1.16735e-05
-1.07942e-05
-9.90665e-06
-9.25004e-06
-9.82555e-06
-9.32641e-06
0.00452023
0.00473065
0.00482022
0.00484169
0.0048266
0.00478068
0.0047067
0.00460871
0.00449075
0.0043564
0.00420885
0.00405096
0.00388531
0.00371418
0.00353958
0.00336328
0.00318684
0.00301158
0.00283866
0.00266904
0.00250354
0.00234281
0.00218738
0.00203769
0.00189403
0.00175664
0.00162566
0.00150115
0.00138313
0.00127156
0.00116635
0.00106739
0.000974512
0.000887555
0.000806316
0.000730584
0.000660136
0.000594741
0.000534164
0.000478167
0.000426512
0.000378963
0.000335286
0.000295254
0.000258645
0.000225241
0.000194836
0.000167228
0.000142225
0.000119642
9.93042e-05
8.10445e-05
6.47047e-05
5.01348e-05
3.71935e-05
2.57475e-05
1.56711e-05
6.84528e-06
-8.35804e-07
-7.46963e-06
-1.316e-05
-1.79964e-05
-2.20606e-05
-2.54289e-05
-2.81725e-05
-3.03567e-05
-3.2042e-05
-3.32842e-05
-3.41344e-05
-3.46393e-05
-3.48418e-05
-3.47811e-05
-3.44926e-05
-3.40088e-05
-3.33589e-05
-3.25694e-05
-3.16642e-05
-3.06646e-05
-2.95899e-05
-2.84573e-05
-2.72819e-05
-2.60773e-05
-2.48554e-05
-2.36266e-05
-2.24e-05
-2.11835e-05
-1.9984e-05
-1.88072e-05
-1.76579e-05
-1.65405e-05
-1.54582e-05
-1.44137e-05
-1.34097e-05
-1.24492e-05
-1.15342e-05
-1.06464e-05
-9.75368e-06
-9.11431e-06
-9.67674e-06
-8.99503e-06
0.00458424
0.00483507
0.00491717
0.00491738
0.00488461
0.00482467
0.00473858
0.00462991
0.0045026
0.0043601
0.00420547
0.00404146
0.00387054
0.00369492
0.00351653
0.00333709
0.00315807
0.00298076
0.00280625
0.00263546
0.00246914
0.00230793
0.00215232
0.00200268
0.00185931
0.00172239
0.00159203
0.00146828
0.00135114
0.00124054
0.00113637
0.00103851
0.000946772
0.000860982
0.000780927
0.000706386
0.000637127
0.000572911
0.000513497
0.000458642
0.000408102
0.000361638
0.000319013
0.000279998
0.000244367
0.000211904
0.000182399
0.000155652
0.000131468
0.000109665
9.00672e-05
7.25079e-05
5.68299e-05
4.28842e-05
3.05306e-05
1.96368e-05
1.00787e-05
1.73996e-06
-5.48619e-06
-1.16997e-05
-1.69976e-05
-2.14681e-05
-2.51925e-05
-2.82461e-05
-3.06985e-05
-3.2614e-05
-3.40519e-05
-3.50667e-05
-3.57081e-05
-3.60219e-05
-3.60498e-05
-3.58299e-05
-3.53967e-05
-3.47815e-05
-3.40127e-05
-3.31158e-05
-3.21139e-05
-3.10276e-05
-2.98753e-05
-2.86735e-05
-2.74367e-05
-2.61777e-05
-2.4908e-05
-2.36372e-05
-2.23741e-05
-2.1126e-05
-1.98992e-05
-1.8699e-05
-1.75299e-05
-1.63955e-05
-1.52989e-05
-1.42422e-05
-1.32277e-05
-1.22581e-05
-1.1334e-05
-1.04356e-05
-9.53655e-06
-8.90753e-06
-9.43183e-06
-8.58243e-06
0.00468054
0.00497215
0.00504408
0.00501713
0.00496107
0.00488244
0.0047802
0.00465729
0.00451747
0.00436405
0.00419994
0.00402772
0.00384976
0.00366815
0.00348471
0.00330108
0.00311866
0.00293863
0.00276203
0.00258971
0.00242236
0.00226056
0.00210474
0.00195523
0.00181228
0.00167603
0.00154656
0.00142388
0.00130795
0.00119868
0.00109594
0.00099958
0.000909402
0.000825203
0.000746759
0.000673836
0.00060619
0.000543572
0.000485733
0.000432422
0.000383389
0.000338391
0.000297186
0.000259542
0.000225231
0.000194035
0.000165743
0.000140154
0.000117073
9.63187e-05
7.77151e-05
6.1097e-05
4.63079e-05
3.32003e-05
2.16352e-05
1.14823e-05
2.61918e-06
-5.06852e-06
-1.16869e-05
-1.7335e-05
-2.21062e-05
-2.60869e-05
-2.93568e-05
-3.19894e-05
-3.40527e-05
-3.56093e-05
-3.67167e-05
-3.74277e-05
-3.77906e-05
-3.78495e-05
-3.76446e-05
-3.72125e-05
-3.65864e-05
-3.57963e-05
-3.48692e-05
-3.38295e-05
-3.26992e-05
-3.14976e-05
-3.02424e-05
-2.89488e-05
-2.76306e-05
-2.62998e-05
-2.49668e-05
-2.36408e-05
-2.23295e-05
-2.10398e-05
-1.97772e-05
-1.85465e-05
-1.73515e-05
-1.61953e-05
-1.50803e-05
-1.40082e-05
-1.29805e-05
-1.19994e-05
-1.10642e-05
-1.01538e-05
-9.24759e-06
-8.62154e-06
-9.08291e-06
-8.0866e-06
0.00481791
0.00514441
0.00520209
0.00514206
0.00505677
0.00495432
0.00483148
0.00469035
0.00453453
0.00436713
0.00419086
0.00400815
0.00382118
0.00363192
0.00344207
0.00325313
0.0030664
0.00288298
0.00270378
0.00252959
0.00236101
0.00219854
0.00204254
0.00189329
0.00175097
0.00161567
0.00148741
0.00136618
0.00125188
0.00114439
0.00104355
0.000949167
0.000861038
0.00077893
0.0007026
0.000631795
0.000566257
0.000505726
0.000449939
0.000398638
0.000351565
0.00030847
0.000269108
0.000233242
0.000200641
0.000171085
0.000144362
0.000120269
9.86139e-05
7.92128e-05
6.18921e-05
4.64874e-05
3.28439e-05
2.08156e-05
1.02658e-05
1.06595e-06
-6.90383e-06
-1.37556e-05
-1.95936e-05
-2.45148e-05
-2.86097e-05
-3.1962e-05
-3.46491e-05
-3.67423e-05
-3.83073e-05
-3.94045e-05
-4.00891e-05
-4.04119e-05
-4.04189e-05
-4.01524e-05
-3.96504e-05
-3.89479e-05
-3.8076e-05
-3.70632e-05
-3.59347e-05
-3.47136e-05
-3.34201e-05
-3.20724e-05
-3.06866e-05
-2.92769e-05
-2.78558e-05
-2.64342e-05
-2.50216e-05
-2.3626e-05
-2.22544e-05
-2.09126e-05
-1.96055e-05
-1.8337e-05
-1.71101e-05
-1.59273e-05
-1.47901e-05
-1.36996e-05
-1.26567e-05
-1.16625e-05
-1.07149e-05
-9.7921e-06
-8.879e-06
-8.2487e-06
-8.62401e-06
-7.50703e-06
0.00500587
0.00535418
0.00539154
0.00529243
0.00517176
0.00503993
0.0048916
0.00472792
0.00455224
0.00436748
0.00417613
0.00398041
0.00378231
0.00358362
0.00338589
0.00319047
0.00299852
0.00281101
0.00262874
0.00245237
0.00228242
0.00211927
0.00196321
0.00181444
0.00167304
0.00153906
0.00141246
0.00129314
0.00118099
0.00107582
0.00097745
0.00088564
0.000800153
0.000720731
0.000647107
0.000579008
0.000516158
0.000458281
0.000405101
0.000356349
0.000311759
0.000271072
0.000234038
0.000200415
0.000169969
0.000142478
0.000117729
9.55175e-05
7.56519e-05
5.79492e-05
4.2237e-05
2.83526e-05
1.61432e-05
5.46521e-06
-3.81563e-06
-1.18248e-05
-1.86796e-05
-2.44889e-05
-2.93541e-05
-3.33692e-05
-3.66215e-05
-3.91916e-05
-4.1154e-05
-4.25769e-05
-4.35233e-05
-4.40504e-05
-4.42109e-05
-4.40527e-05
-4.36192e-05
-4.29502e-05
-4.20812e-05
-4.10447e-05
-3.98698e-05
-3.85825e-05
-3.72062e-05
-3.57619e-05
-3.42681e-05
-3.27411e-05
-3.11955e-05
-2.96438e-05
-2.80971e-05
-2.6565e-05
-2.50556e-05
-2.35757e-05
-2.21313e-05
-2.0727e-05
-1.93666e-05
-1.80532e-05
-1.67889e-05
-1.55751e-05
-1.44128e-05
-1.33019e-05
-1.22425e-05
-1.12348e-05
-1.0275e-05
-9.34115e-06
-8.42292e-06
-7.78241e-06
-8.05165e-06
-6.84545e-06
0.00525403
0.00560339
0.00561169
0.00546742
0.00530507
0.00513788
0.00495871
0.00476774
0.00456801
0.00436224
0.00415265
0.00394122
0.00372972
0.00351974
0.00331262
0.00310954
0.00291147
0.00271923
0.00253348
0.00235472
0.00218335
0.00201963
0.00186375
0.00171579
0.00157575
0.0014436
0.00131921
0.00120244
0.00109308
0.000990922
0.000895708
0.000807175
0.00072504
0.000649013
0.0005788
0.0005141
0.000454618
0.000400058
0.000350131
0.000304553
0.000263047
0.000225349
0.000191199
0.000160351
0.000132568
0.000107626
8.53089e-05
6.54143e-05
4.77497e-05
3.21338e-05
1.83958e-05
6.37547e-06
-4.0772e-06
-1.31026e-05
-2.08317e-05
-2.73864e-05
-3.288e-05
-3.74178e-05
-4.10975e-05
-4.40091e-05
-4.6236e-05
-4.78551e-05
-4.8937e-05
-4.95465e-05
-4.97426e-05
-4.95793e-05
-4.91056e-05
-4.8366e-05
-4.74007e-05
-4.62461e-05
-4.4935e-05
-4.34967e-05
-4.19574e-05
-4.03407e-05
-3.86674e-05
-3.6956e-05
-3.52228e-05
-3.34819e-05
-3.1746e-05
-3.00256e-05
-2.83301e-05
-2.66673e-05
-2.50438e-05
-2.34651e-05
-2.19355e-05
-2.04585e-05
-1.90367e-05
-1.7672e-05
-1.63655e-05
-1.51177e-05
-1.39282e-05
-1.27962e-05
-1.17208e-05
-1.07009e-05
-9.73138e-06
-8.79028e-06
-7.87124e-06
-7.21718e-06
-7.36546e-06
-6.10671e-06
0.00557146
0.00589324
0.00586051
0.00566469
0.00545421
0.00524528
0.00502947
0.00480608
0.00457779
0.00434708
0.0041159
0.00388594
0.00365871
0.00343554
0.00321755
0.00300567
0.00280068
0.0026032
0.00241368
0.00223248
0.00205981
0.00189582
0.00174052
0.0015939
0.00145585
0.00132622
0.0012048
0.00109135
0.000985621
0.000887311
0.000796116
0.00071172
0.000633797
0.000562017
0.00049605
0.000435571
0.000380256
0.00032979
0.000283866
0.000242186
0.000204461
0.000170417
0.000139789
0.000112324
8.77829e-05
6.59373e-05
4.65723e-05
2.94849e-05
1.44839e-05
1.39001e-06
-9.96482e-06
-1.97375e-05
-2.80746e-05
-3.51121e-05
-4.09766e-05
-4.57853e-05
-4.96466e-05
-5.26612e-05
-5.49224e-05
-5.6515e-05
-5.75172e-05
-5.80015e-05
-5.80342e-05
-5.76752e-05
-5.69795e-05
-5.59963e-05
-5.47705e-05
-5.33423e-05
-5.1748e-05
-5.002e-05
-4.81874e-05
-4.6276e-05
-4.43086e-05
-4.23052e-05
-4.02839e-05
-3.82601e-05
-3.62474e-05
-3.42576e-05
-3.23005e-05
-3.03848e-05
-2.85174e-05
-2.67043e-05
-2.49501e-05
-2.32586e-05
-2.16325e-05
-2.00738e-05
-1.85837e-05
-1.71627e-05
-1.58108e-05
-1.45271e-05
-1.33103e-05
-1.21586e-05
-1.10699e-05
-1.00418e-05
-9.06783e-06
-8.12681e-06
-7.21491e-06
-6.54841e-06
-6.56849e-06
-5.29967e-06
0.00596617
0.00622405
0.00613442
0.00588
0.0056147
0.00535716
0.00509842
0.00483708
0.00457544
0.00431568
0.00405943
0.00380808
0.00356281
0.00332464
0.00309441
0.00287278
0.00266026
0.00245723
0.00226392
0.00208046
0.00190689
0.00174316
0.00158914
0.00144465
0.00130945
0.00118328
0.00106582
0.000956732
0.000855673
0.000762274
0.000676162
0.00059696
0.000524291
0.000457781
0.000397064
0.000341778
0.000291574
0.000246114
0.00020507
0.000168128
0.00013499
0.000105368
7.8992e-05
5.56041e-05
3.4961e-05
1.68337e-05
1.00688e-06
-1.27214e-05
-2.45401e-05
-3.46255e-05
-4.31417e-05
-5.02413e-05
-5.60656e-05
-6.07455e-05
-6.44016e-05
-6.71451e-05
-6.90785e-05
-7.02961e-05
-7.08847e-05
-7.09238e-05
-7.0486e-05
-6.96378e-05
-6.844e-05
-6.69473e-05
-6.52089e-05
-6.32689e-05
-6.11667e-05
-5.89375e-05
-5.66127e-05
-5.422e-05
-5.17841e-05
-4.93265e-05
-4.68655e-05
-4.44175e-05
-4.19967e-05
-3.96153e-05
-3.72837e-05
-3.50104e-05
-3.28025e-05
-3.06659e-05
-2.8605e-05
-2.66235e-05
-2.47237e-05
-2.29073e-05
-2.11753e-05
-1.95278e-05
-1.79645e-05
-1.64843e-05
-1.50857e-05
-1.37669e-05
-1.25252e-05
-1.13578e-05
-1.02613e-05
-9.23241e-06
-8.26335e-06
-7.3342e-06
-6.44253e-06
-5.77143e-06
-5.66717e-06
-4.43759e-06
0.00644294
0.00659457
0.00642775
0.00610645
0.00577927
0.0054658
0.00515745
0.00485236
0.00455243
0.00425946
0.00397474
0.00369925
0.00343382
0.0031791
0.00293556
0.00270354
0.00248322
0.00227469
0.00207791
0.00189276
0.00171903
0.00155646
0.00140474
0.00126351
0.00113237
0.00101092
0.000898702
0.000795287
0.000700219
0.000613045
0.000533315
0.000460587
0.000394426
0.000334407
0.000280121
0.000231172
0.00018718
0.000147781
0.000112627
8.1389e-05
5.37541e-05
2.94269e-05
8.1289e-06
-1.04015e-05
-2.64098e-05
-4.01255e-05
-5.17628e-05
-6.15211e-05
-6.95858e-05
-7.61286e-05
-8.13084e-05
-8.52715e-05
-8.81531e-05
-9.00769e-05
-9.11568e-05
-9.14972e-05
-9.11932e-05
-9.03275e-05
-8.89671e-05
-8.71971e-05
-8.50866e-05
-8.26955e-05
-8.00769e-05
-7.7278e-05
-7.43411e-05
-7.13034e-05
-6.81979e-05
-6.50537e-05
-6.18961e-05
-5.87474e-05
-5.56271e-05
-5.25522e-05
-4.95339e-05
-4.65849e-05
-4.37155e-05
-4.09339e-05
-3.82464e-05
-3.56581e-05
-3.31727e-05
-3.07928e-05
-2.85201e-05
-2.63552e-05
-2.4298e-05
-2.2348e-05
-2.05038e-05
-1.87636e-05
-1.71251e-05
-1.55858e-05
-1.41426e-05
-1.27923e-05
-1.15312e-05
-1.03553e-05
-9.26034e-06
-8.24188e-06
-7.29168e-06
-6.39169e-06
-5.5398e-06
-4.88137e-06
-4.67185e-06
-3.53914e-06
0.00700062
0.00699796
0.00672788
0.00633104
0.00593568
0.00555933
0.00519481
0.00484039
0.00449755
0.00416763
0.00385147
0.00354962
0.00326243
0.00299013
0.00273276
0.00249025
0.00226241
0.00204897
0.00184956
0.00166375
0.00149108
0.00133103
0.00118306
0.00104661
0.0009211
0.000805958
0.000700606
0.00060447
0.000516987
0.000437608
0.000365798
0.000301041
0.000242837
0.00019071
0.000144204
0.000102885
6.63411e-05
3.4182e-05
6.04016e-06
-1.84304e-05
-3.95546e-05
-5.76364e-05
-7.29599e-05
-8.57897e-05
-9.63718e-05
-0.000104935
-0.000111689
-0.000116831
-0.000120539
-0.00012298
-0.000124304
-0.00012465
-0.000124145
-0.000122906
-0.000121038
-0.000118634
-0.000115763
-0.000112496
-0.000108954
-0.000105137
-0.000101113
-9.69624e-05
-9.27323e-05
-8.84579e-05
-8.4171e-05
-7.99006e-05
-7.56714e-05
-7.1505e-05
-6.74193e-05
-6.34296e-05
-5.95514e-05
-5.57991e-05
-5.21669e-05
-4.86675e-05
-4.53073e-05
-4.20898e-05
-3.90167e-05
-3.60887e-05
-3.33057e-05
-3.06666e-05
-2.81697e-05
-2.58124e-05
-2.35918e-05
-2.15046e-05
-1.9547e-05
-1.77149e-05
-1.6004e-05
-1.441e-05
-1.29282e-05
-1.15539e-05
-1.02824e-05
-9.10882e-06
-8.02821e-06
-7.03547e-06
-6.12267e-06
-5.27466e-06
-4.48939e-06
-3.87262e-06
-3.59608e-06
-2.62711e-06
0.00766138
0.00743656
0.0070267
0.00653922
0.00606457
0.00561491
0.00518521
0.00477421
0.00438282
0.00401172
0.00366112
0.00333096
0.00302101
0.0027309
0.00246013
0.00220811
0.00197417
0.0017576
0.00155761
0.00137344
0.00120426
0.00104928
0.000907676
0.000778657
0.000661439
0.000555258
0.000459372
0.000373068
0.000295658
0.000226484
0.00016492
0.000110369
6.22676e-05
2.00806e-05
-1.66944e-05
-4.85301e-05
-7.58696e-05
-9.91273e-05
-0.00011869
-0.000134917
-0.000148144
-0.00015868
-0.000166811
-0.000172802
-0.000176896
-0.000179316
-0.000180268
-0.000179938
-0.000178497
-0.000176099
-0.000172885
-0.00016898
-0.000164497
-0.000159537
-0.000154187
-0.000148495
-0.000142386
-0.000135837
-0.000130392
-0.000124506
-0.000118403
-0.000112306
-0.000106282
-0.000100359
-9.45613e-05
-8.89116e-05
-8.34269e-05
-7.81202e-05
-7.30011e-05
-6.80775e-05
-6.33631e-05
-5.88622e-05
-5.45593e-05
-5.04602e-05
-4.65675e-05
-4.28799e-05
-3.93936e-05
-3.61046e-05
-3.30079e-05
-3.00984e-05
-2.73701e-05
-2.48172e-05
-2.24331e-05
-2.02114e-05
-1.81454e-05
-1.62286e-05
-1.44543e-05
-1.2816e-05
-1.13074e-05
-9.92232e-06
-8.65492e-06
-7.49955e-06
-6.451e-06
-5.50429e-06
-4.65293e-06
-3.88635e-06
-3.20398e-06
-2.67468e-06
-2.39863e-06
-1.69019e-06
0.00843922
0.00795083
0.00735016
0.00673201
0.00614606
0.00559669
0.00507999
0.00459463
0.0041405
0.00371724
0.00332403
0.00295984
0.00262351
0.00231378
0.00202934
0.00176883
0.0015309
0.00131419
0.00111738
0.000939152
0.000778253
0.000633463
0.000503613
0.000387586
0.00028432
0.000192804
0.000112086
4.12647e-05
-2.05053e-05
-7.40185e-05
-0.000120018
-0.000159198
-0.000192206
-0.000219644
-0.000242069
-0.000259998
-0.00027391
-0.000284245
-0.000291408
-0.000295771
-0.000297677
-0.000297436
-0.000295334
-0.000291628
-0.000286555
-0.000280326
-0.000273134
-0.000265153
-0.000256537
-0.000247427
-0.000237947
-0.000228209
-0.000218311
-0.000208341
-0.000198377
-0.000188526
-0.000178972
-0.000169741
-0.000159491
-0.000149774
-0.000140572
-0.000131733
-0.000123219
-0.00011504
-0.000107203
-9.97113e-05
-9.25641e-05
-8.57602e-05
-7.92964e-05
-7.31675e-05
-6.73663e-05
-6.18943e-05
-5.67412e-05
-5.18836e-05
-4.73232e-05
-4.30517e-05
-3.90576e-05
-3.53294e-05
-3.18561e-05
-2.86264e-05
-2.56293e-05
-2.28536e-05
-2.02883e-05
-1.79226e-05
-1.5746e-05
-1.37483e-05
-1.19198e-05
-1.02511e-05
-8.73341e-06
-7.35866e-06
-6.11951e-06
-5.00954e-06
-4.0236e-06
-3.15777e-06
-2.40874e-06
-1.77321e-06
-1.25771e-06
-9.10345e-07
-7.962e-07
-6.11547e-07
)
;

boundaryField
{
    inlet
    {
        type            zeroGradient;
    }
    outlet
    {
        type            totalPressure;
        rho             none;
        psi             none;
        gamma           1;
        p0              uniform 0;
        value           uniform 0;
    }
    top
    {
        type            zeroGradient;
    }
    bottom
    {
        type            zeroGradient;
    }
    obstacle
    {
        type            zeroGradient;
    }
    frontAndBack
    {
        type            empty;
    }
}


// ************************************************************************* //
