/*--------------------------------*- C++ -*----------------------------------*\
  =========                 |
  \\      /  F ield         | OpenFOAM: The Open Source CFD Toolbox
   \\    /   O peration     | Website:  https://openfoam.org
    \\  /    A nd           | Version:  12
     \\/     M anipulation  |
\*---------------------------------------------------------------------------*/
FoamFile
{
    format      ascii;
    class       volScalarField;
    location    "360";
    object      pMean;
}
// * * * * * * * * * * * * * * * * * * * * * * * * * * * * * * * * * * * * * //

dimensions      [0 2 -2 0 0 0 0];

internalField   nonuniform List<scalar> 
6750
(
0.0120427
0.012017
0.0119759
0.0118023
0.0108148
0.0136842
0.0136541
0.0135348
0.0132773
0.0129324
0.015583
0.0155309
0.0154086
0.0152184
0.0150752
0.0175575
0.0174706
0.0173545
0.0172215
0.0171532
0.0195097
0.0193791
0.0192535
0.0191487
0.0191187
0.0213602
0.0211813
0.0210355
0.0209416
0.0209299
0.0230603
0.0228318
0.0226621
0.0225723
0.0225704
0.0245805
0.0243033
0.0241096
0.024022
0.0240268
0.0259024
0.0255789
0.0253633
0.0252778
0.0252876
0.0270158
0.0266499
0.0264156
0.0263326
0.0263464
0.0279176
0.0275148
0.0272655
0.0271855
0.0272022
0.0286116
0.0281781
0.027918
0.0278412
0.02786
0.0291076
0.0286496
0.0283837
0.0283099
0.0283296
0.0294206
0.0289437
0.0286782
0.028606
0.0286255
0.0295642
0.0290816
0.0288215
0.0287471
0.0287647
0.0295643
0.0290818
0.0288216
0.0287472
0.0287648
0.0294209
0.028944
0.0286785
0.0286063
0.0286258
0.0291081
0.0286501
0.0283842
0.0283104
0.0283302
0.0286123
0.0281788
0.0279188
0.027842
0.0278608
0.0279185
0.0275158
0.0272664
0.0271865
0.0272032
0.0270169
0.0266511
0.0264168
0.0263338
0.0263476
0.0259037
0.0255802
0.0253647
0.0252792
0.025289
0.024582
0.0243048
0.0241112
0.0240236
0.0240283
0.0230619
0.0228335
0.0226638
0.022574
0.0225722
0.021362
0.0211831
0.0210373
0.0209434
0.0209318
0.0195116
0.019381
0.0192554
0.0191506
0.0191206
0.0175594
0.0174726
0.0173566
0.0172235
0.0171553
0.015585
0.015533
0.0154107
0.0152204
0.0150772
0.0136862
0.0136561
0.0135369
0.0132794
0.0129344
0.0120448
0.0120191
0.011978
0.0118044
0.0108169
0.00491094
0.00545927
0.00684336
0.00785892
0.00859011
0.00917028
0.00962672
0.00997362
0.0102381
0.0104278
0.010521
0.0105808
0.0105837
0.0105271
0.0104092
0.0102254
0.00997124
0.00964715
0.00925354
0.00878886
0.00824961
0.00772672
0.00716799
0.00658787
0.00600441
0.00542886
0.00486994
0.00434418
0.00386175
0.00332249
0.00869269
0.00943292
0.010183
0.0105506
0.0107564
0.0108828
0.010933
0.0109181
0.0108643
0.0107647
0.0106003
0.0104642
0.0103238
0.0101826
0.0100389
0.00988347
0.00970316
0.00948563
0.00921893
0.00889819
0.00853598
0.00806861
0.00757365
0.00704
0.00647477
0.00588834
0.00528805
0.00468996
0.00413919
0.00359512
0.0111459
0.0113132
0.0116098
0.0117488
0.0118148
0.0118197
0.0117528
0.0116259
0.0114562
0.0112101
0.0109073
0.0106199
0.0103156
0.0100057
0.00969589
0.0093862
0.0090731
0.00875089
0.00841308
0.00805387
0.00767045
0.0072632
0.0068336
0.00638114
0.00590953
0.00542355
0.00492333
0.00441934
0.00399499
0.00369946
0.0126158
0.0124035
0.0125286
0.0126044
0.0126108
0.0125467
0.012408
0.0122101
0.0119584
0.0115947
0.0111912
0.0107751
0.010326
0.00986065
0.00939076
0.0089245
0.00846755
0.00802274
0.00759059
0.0071692
0.00675606
0.00635409
0.00595767
0.00556305
0.00516894
0.00477445
0.00437217
0.00396429
0.00366844
0.00366568
0.0137522
0.0134056
0.0134559
0.0134671
0.0133965
0.0132506
0.0130301
0.0127483
0.0123994
0.0119235
0.0114186
0.010878
0.0102974
0.00969634
0.0090907
0.00849428
0.00791874
0.00737261
0.00686097
0.00638526
0.00594428
0.00553625
0.00515653
0.0047992
0.00445929
0.00413187
0.00380344
0.00346774
0.00326995
0.00353775
0.0147557
0.0143762
0.0143671
0.0143038
0.0141525
0.0139244
0.0136207
0.0132505
0.0127947
0.0122141
0.0116042
0.0109433
0.0102394
0.00951409
0.00878669
0.00807522
0.0073956
0.00676019
0.00617712
0.00564999
0.00517842
0.00475906
0.00438641
0.00405308
0.00375182
0.00347503
0.00320428
0.00292672
0.00281002
0.00332176
0.015659
0.0152876
0.0152242
0.0150889
0.0148626
0.0145566
0.0141728
0.0137158
0.013149
0.0124724
0.0117573
0.0109815
0.0101608
0.00931906
0.00847838
0.0076603
0.00688409
0.00616506
0.00551363
0.00493497
0.00442937
0.0039932
0.00361986
0.00330072
0.00302699
0.002789
0.00256419
0.00233512
0.0022897
0.00301785
0.0164814
0.016144
0.0160328
0.0158294
0.0155318
0.0151501
0.0146887
0.0141452
0.0134676
0.0127024
0.0118824
0.0109959
0.0100641
0.0091122
0.00816493
0.00724673
0.00637956
0.00558108
0.00486353
0.0042333
0.00369126
0.00323366
0.00285318
0.00254023
0.00228485
0.00207562
0.00188661
0.00169716
0.00171449
0.00262943
0.0172435
0.0169582
0.0168042
0.0165347
0.0161672
0.0157116
0.0151733
0.0145388
0.0137584
0.0129058
0.0119818
0.0109886
0.00995022
0.0088932
0.00784471
0.00683156
0.00587795
0.0050034
0.00422161
0.00353992
0.00295966
0.00247701
0.00208417
0.0017708
0.00152607
0.0013371
0.00117496
0.00101741
0.00108999
0.00216172
0.0179614
0.0177397
0.0175462
0.0172114
0.0167748
0.0162476
0.0156313
0.0148992
0.0140272
0.013084
0.0120581
0.0109614
0.00981989
0.00866165
0.00751593
0.00641166
0.00537486
0.00442663
0.00358181
0.00284854
0.00222848
0.00171778
0.00130826
0.000989027
0.000748496
0.000572668
0.000429659
0.00029727
0.000418988
0.0016198
0.0186465
0.0184962
0.0182658
0.0178655
0.0173594
0.0167615
0.0160663
0.0152331
0.014277
0.0132404
0.012114
0.010916
0.00967382
0.00841699
0.00717677
0.00598389
0.00486598
0.00384545
0.00293812
0.00215273
0.00149125
0.000949781
0.000519865
0.000190149
-5.15276e-05
-0.000220301
-0.000350672
-0.000463593
-0.000297774
0.00100767
0.0193085
0.0192348
0.0189697
0.0185029
0.0179268
0.0172587
0.0164806
0.015548
0.0145104
0.0133783
0.012152
0.0108539
0.00951237
0.00815847
0.00682529
0.00554517
0.00434714
0.00325475
0.00228466
0.00144615
0.00074144
0.000166591
-0.000287104
-0.00063137
-0.000878851
-0.00104582
-0.00116905
-0.00126742
-0.00106177
0.000327782
0.0199565
0.0199628
0.0196649
0.0191312
0.0184852
0.0177429
0.0168748
0.0158524
0.0147294
0.0135001
0.0121742
0.0107763
0.00933565
0.00788514
0.00645941
0.00509229
0.00381409
0.00264938
0.00161556
0.000722405
-2.76778e-05
-0.000638631
-0.00111938
-0.00148196
-0.00173945
-0.00190922
-0.00203027
-0.00211842
-0.00187648
-0.000419345
0.0205996
0.0206871
0.0203584
0.0197568
0.0190399
0.0182209
0.0172567
0.0161507
0.0149367
0.0136088
0.0121826
0.0106839
0.00914353
0.00759575
0.00607679
0.00462185
0.00326242
0.002024
0.00092471
-2.52547e-05
-0.000823276
-0.00147331
-0.00198447
-0.00236908
-0.00264054
-0.00281744
-0.00294083
-0.00302262
-0.00274737
-0.0012354
0.021245
0.0214175
0.021059
0.0203881
0.0195983
0.0186969
0.0176351
0.016446
0.0151363
0.0137074
0.0121789
0.0105776
0.00893562
0.00728878
0.00567477
0.0041301
0.00268733
0.00137289
0.000205548
-0.000804077
-0.00165316
-0.00234565
-0.00289082
-0.00330122
-0.00359063
-0.00377886
-0.00390888
-0.00398795
-0.00368203
-0.00212459
0.0219001
0.0221654
0.0217791
0.0210372
0.0201674
0.0191732
0.0180206
0.016742
0.0153317
0.0137987
0.0121648
0.0104578
0.0087112
0.00696233
0.00525028
0.00361279
0.00208352
0.000689734
-0.000549148
-0.00162207
-0.002526
-0.00326487
-0.00384807
-0.0042883
-0.00459982
-0.00480365
-0.00494459
-0.00502452
-0.00469032
-0.00309389
0.0225751
0.0229436
0.0225303
0.0217135
0.0207565
0.0196603
0.0184197
0.0170431
0.015527
0.0138856
0.0121419
0.0103248
0.00846916
0.00661397
0.00479961
0.00306501
0.00144488
-3.26628e-05
-0.00134756
-0.00248833
-0.00345169
-0.00424153
-0.00486735
-0.005342
-0.00568006
-0.00590404
-0.00606043
-0.00614491
-0.00578474
-0.00415346
0.0232871
0.0237657
0.023327
0.0224252
0.0213705
0.020173
0.0188384
0.017355
0.015727
0.0139712
0.0121115
0.0101783
0.00820788
0.00624062
0.00431823
0.00248086
0.000764237
-0.000802689
-0.00219921
-0.00341338
-0.00444169
-0.00528796
-0.00596173
-0.00647602
-0.00684571
-0.00709487
-0.00727165
-0.00736478
-0.00698097
-0.0053172
0.0240586
0.0246433
0.0241811
0.0231875
0.022021
0.0207232
0.0192825
0.0176839
0.0159363
0.0140583
0.0120749
0.0100178
0.00792503
0.00583822
0.00380048
0.00185312
3.28994e-05
-0.0016304
-0.00311543
-0.00440979
-0.00550969
-0.00641885
-0.00714688
-0.0077069
-0.00811415
-0.00839426
-0.00859694
-0.00870334
-0.00829841
-0.00660341
0.0249091
0.025598
0.0251117
0.0240142
0.0227265
0.021321
0.0197621
0.018038
0.0161607
0.0141502
0.0120329
0.00984218
0.00761726
0.00540143
0.00323908
0.00117273
-0.000759896
-0.00252817
-0.0041101
-0.00549284
-0.00667229
-0.00765209
-0.00844186
-0.00905478
-0.00950647
-0.00982427
-0.0100593
-0.0101845
-0.00976173
-0.00803611
0.0258665
0.0266617
0.0261411
0.0249212
0.0235103
0.0219811
0.0202895
0.0184266
0.0164064
0.0142503
0.0119862
0.00964905
0.00727973
0.00492297
0.00262449
0.000427972
-0.00162787
-0.00351162
-0.00520064
-0.00668163
-0.00795023
-0.00900994
-0.00987038
-0.0105448
-0.0110492
-0.0114128
-0.0116883
-0.0118388
-0.0114021
-0.00964656
0.0269722
0.0278605
0.0272933
0.0259435
0.0243954
0.0227218
0.0208796
0.0188608
0.0166805
0.0143618
0.0119343
0.00943465
0.00690541
0.00439279
0.00194384
-0.000396628
-0.00258896
-0.00460097
-0.00640944
-0.00800064
-0.00936995
-0.0105208
-0.0114627
-0.0122089
-0.0127761
-0.0131952
-0.0135203
-0.0137046
-0.0132596
-0.0114758
0.0282759
0.029242
0.028612
0.0271208
0.0254093
0.0235667
0.021551
0.0193536
0.0169907
0.0144875
0.0118753
0.0091927
0.0064839
0.00379667
0.00117937
-0.00132212
-0.00366725
-0.00582318
-0.00776616
-0.00948211
-0.0109662
-0.0122217
-0.0132581
-0.0140889
-0.0147312
-0.0152176
-0.015604
-0.0158328
-0.0153873
-0.0135788
0.0298497
0.0308717
0.0301611
0.0284986
0.0265896
0.0245466
0.022327
0.019921
0.017346
0.0146294
0.0118049
0.00891294
0.00599951
0.00311393
0.000305824
-0.00237793
-0.00489608
-0.00721522
-0.00931124
-0.0111698
-0.0127858
-0.0141626
-0.0153098
-0.0162407
-0.016973
-0.0175417
-0.0180038
-0.0182907
-0.0178564
-0.0160303
0.0318105
0.0328478
0.0320182
0.0301386
0.0279887
0.0257032
0.0232383
0.0205827
0.017756
0.0147878
0.0117145
0.00857853
0.00542796
0.00231358
-0.000713843
-0.00360667
-0.00632315
-0.00882959
-0.0111017
-0.013125
-0.0148944
-0.0164133
-0.0176912
-0.0187416
-0.0195831
-0.0202527
-0.0208084
-0.0211708
-0.0207645
-0.018935
0.0343
0.0353051
0.0342934
0.0321341
0.0296824
0.0270948
0.0243262
0.0213644
0.018231
0.014959
0.0115874
0.00816127
0.0047306
0.00134762
-0.00193603
-0.00507232
-0.00801945
-0.0107438
-0.0132213
-0.0154375
-0.0173875
-0.0190747
-0.0205088
-0.0217033
-0.0226775
-0.0234711
-0.0241433
-0.0246039
-0.0242512
-0.0224442
0.0375878
0.0384518
0.0371574
0.0346264
0.0317844
0.0288075
0.0256496
0.022299
0.0187802
0.0151302
0.0113915
0.00761193
0.00384321
0.000138684
-0.00344977
-0.0068745
-0.0100945
-0.0130769
-0.0157984
-0.0182451
-0.0204124
-0.0223034
-0.0239281
-0.0252999
-0.0264386
-0.0273858
-0.0282021
-0.0287899
-0.0285296
-0.0267928
0.0420995
0.0426087
0.0408513
0.0378071
0.0344446
0.03095
0.0272783
0.0234199
0.019404
0.0152721
0.0110709
0.00685121
0.00266661
-0.00142933
-0.00538561
-0.00915633
-0.0127026
-0.0159939
-0.0190086
-0.021734
-0.0241663
-0.0263091
-0.0281716
-0.0297675
-0.0311167
-0.0322614
-0.0332619
-0.0340202
-0.0339236
-0.0323571
0.0487286
0.0485011
0.045988
0.0422243
0.0381357
0.033898
0.0294779
0.0248799
0.0201447
0.015324
0.0104716
0.00564299
0.000893047
-0.00372577
-0.00816568
-0.0123851
-0.01635
-0.0200342
-0.0234186
-0.0264916
-0.0292528
-0.0317142
-0.033873
-0.0357418
-0.0373405
-0.038708
-0.0398999
-0.0408344
-0.0409758
-0.0397671
0.0603693
0.0584309
0.0543157
0.0492765
0.0439794
0.0385213
0.032897
0.0271419
0.021315
0.0154777
0.00968871
0.00400256
-0.00153131
-0.00686972
-0.0119764
-0.016822
-0.0213834
-0.0256435
-0.0295914
-0.0332213
-0.0365263
-0.039497
-0.0421519
-0.0444968
-0.0465409
-0.0483092
-0.049848
-0.0511432
-0.0518655
-0.0513945
0.00845363
0.00943874
0.0112007
0.0126121
0.0138067
0.0149249
0.0159983
0.0170354
0.0180456
0.0190386
0.0200228
0.0210066
0.0219988
0.0230088
0.0240462
0.0251226
0.0262522
0.0274526
0.028744
0.03015
0.031701
0.0334387
0.0354145
0.0376987
0.0403873
0.0436235
0.0476021
0.0525639
0.0587246
0.0667736
0.0128051
0.0138237
0.0149853
0.0159628
0.0168435
0.017688
0.0185077
0.0193069
0.0200931
0.0208742
0.0216584
0.0224537
0.0232686
0.0241124
0.024995
0.0259286
0.0269276
0.0280097
0.0291962
0.0305133
0.0319953
0.0336879
0.0356511
0.0379677
0.0407542
0.0441823
0.048499
0.0540563
0.0613409
0.0710972
0.0152023
0.0161126
0.0169981
0.0177942
0.01857
0.0193426
0.0201091
0.0208709
0.0216329
0.0224011
0.0231819
0.0239821
0.0248093
0.0256721
0.0265803
0.0275459
0.0285836
0.0297113
0.0309512
0.0323318
0.03389
0.0356749
0.0377528
0.0402156
0.0431933
0.0468747
0.051539
0.0575943
0.0656928
0.0766751
0.0173036
0.0181046
0.018875
0.0195908
0.0203019
0.0210189
0.0217412
0.0224716
0.0232156
0.0239788
0.024767
0.025587
0.0264461
0.0273528
0.0283172
0.0293516
0.0304709
0.0316939
0.0330439
0.0345509
0.0362541
0.0382059
0.0404765
0.0431637
0.0464051
0.050399
0.0554389
0.0619474
0.0706662
0.0824734
0.0192654
0.0199724
0.0206523
0.0212962
0.0219466
0.0226141
0.0232997
0.0240064
0.0247387
0.0255017
0.0263008
0.0271424
0.0280338
0.0289835
0.0300021
0.0311022
0.0322994
0.0336133
0.0350687
0.0366973
0.0385405
0.0406533
0.0431098
0.0460121
0.0495037
0.0537902
0.0591742
0.0660877
0.0753547
0.0879045
0.021058
0.0216814
0.0222839
0.0228672
0.0234695
0.0241002
0.0247603
0.0254521
0.0261796
0.0269474
0.0277607
0.0286256
0.0295492
0.0305403
0.0316095
0.0327699
0.0340376
0.035433
0.0369819
0.0387174
0.040683
0.0429357
0.0455529
0.0486402
0.0523459
0.0568819
0.0625597
0.0698233
0.0795773
0.0928303
0.0226772
0.0232255
0.0237622
0.0242959
0.0248605
0.0254636
0.0261057
0.0267889
0.0275165
0.0282929
0.0291229
0.0300123
0.0309682
0.0319994
0.0331167
0.0343333
0.0356659
0.0371355
0.0387686
0.0405997
0.0426733
0.0450487
0.0478052
0.0510516
0.05494
0.0596874
0.065614
0.073176
0.0833443
0.0972211
0.0241172
0.024598
0.0250782
0.0255713
0.0261062
0.0266885
0.0273183
0.0279972
0.0287283
0.0295153
0.0303628
0.0312764
0.0322632
0.033332
0.0344935
0.0357614
0.0371525
0.0386885
0.0403965
0.0423118
0.0444802
0.0469621
0.0498389
0.0532217
0.0572655
0.0621918
0.0683277
0.0761411
0.0866493
0.101051
0.0253693
0.0257894
0.0262217
0.026682
0.0271938
0.0277607
0.0283823
0.02906
0.0297963
0.0305946
0.0314591
0.0323954
0.0334104
0.0345128
0.0357136
0.0370265
0.0384687
0.0400622
0.0418348
0.0438224
0.0460716
0.048644
0.0516224
0.0551195
0.059293
0.0643677
0.0706769
0.0786978
0.0894771
0.104306
0.0264262
0.0267932
0.0271857
0.0276201
0.0281143
0.02867
0.0292866
0.0299648
0.030707
0.0315161
0.0323961
0.0333525
0.034392
0.0355234
0.0367577
0.0381088
0.0395942
0.0412359
0.0430624
0.04511
0.047426
0.0500729
0.0531344
0.0567249
0.0610038
0.0661984
0.0726472
0.0808352
0.0918218
0.106993
0.0272853
0.0276072
0.0279678
0.0283825
0.0288636
0.0294114
0.0300249
0.0307047
0.0314526
0.0322712
0.0331646
0.0341379
0.0351978
0.0363531
0.0376149
0.0389971
0.0405173
0.042198
0.0440678
0.0461634
0.0485326
0.0512387
0.0543661
0.0580302
0.0623918
0.0676803
0.0742381
0.082556
0.0936936
0.109138
0.027949
0.0282346
0.028571
0.0289712
0.0294429
0.0299853
0.0305971
0.0312787
0.0320315
0.0328581
0.0337622
0.0347488
0.0358248
0.0369987
0.0382818
0.039688
0.0412351
0.0429457
0.0448486
0.0469809
0.0493907
0.0521417
0.0553189
0.0590386
0.0634625
0.0688212
0.0754605
0.0838752
0.0951169
0.110772
0.028425
0.0286837
0.0290028
0.0293931
0.0298585
0.0303974
0.0310084
0.0316915
0.0324482
0.0332807
0.0341927
0.0351892
0.0362768
0.0374643
0.0387627
0.0401862
0.0417526
0.0434845
0.0454111
0.0475695
0.0500081
0.052791
0.0560035
0.0597624
0.0642302
0.0696383
0.0763348
0.0848167
0.0961245
0.111936
0.0287258
0.0289668
0.0292752
0.0296594
0.0301211
0.0306579
0.0312685
0.0319529
0.0327121
0.0335486
0.0344657
0.0354685
0.0365636
0.0377597
0.039068
0.0405025
0.0420811
0.0438267
0.0457683
0.0479432
0.0504001
0.0532031
0.056438
0.0602216
0.064717
0.0701559
0.0768886
0.0854118
0.0967531
0.112678
0.0288671
0.0290996
0.0294028
0.0297843
0.0302442
0.0307802
0.0313907
0.0320757
0.0328363
0.0336747
0.0345943
0.0356002
0.0366989
0.0378992
0.0392122
0.040652
0.0422365
0.0439886
0.0459373
0.0481202
0.0505858
0.0533985
0.056644
0.0604393
0.0649479
0.0704016
0.0771514
0.0856938
0.0970445
0.113037
0.0288672
0.0290998
0.0294029
0.0297844
0.0302444
0.0307803
0.0313908
0.0320758
0.0328364
0.0336748
0.0345944
0.0356003
0.036699
0.0378993
0.0392122
0.040652
0.0422366
0.0439886
0.0459374
0.0481202
0.0505859
0.0533985
0.056644
0.0604394
0.064948
0.0704016
0.0771514
0.0856938
0.0970445
0.113037
0.0287261
0.0289672
0.0292755
0.0296597
0.0301214
0.0306582
0.0312688
0.0319532
0.0327124
0.0335489
0.034466
0.0354688
0.0365639
0.03776
0.0390682
0.0405027
0.0420813
0.0438269
0.0457684
0.0479434
0.0504003
0.0532033
0.0564381
0.0602217
0.0647171
0.0701561
0.0768886
0.0854119
0.0967532
0.112678
0.0284256
0.0286843
0.0290034
0.0293936
0.0298591
0.030398
0.0310089
0.0316921
0.0324487
0.0332812
0.0341932
0.0351896
0.0362772
0.0374647
0.0387631
0.0401865
0.0417529
0.0434849
0.0454114
0.0475697
0.0500084
0.0527913
0.0560038
0.0597627
0.0642305
0.0696385
0.076335
0.0848168
0.0961247
0.111936
0.0279498
0.0282354
0.0285718
0.0289719
0.0294437
0.0299861
0.0305979
0.0312794
0.0320322
0.0328588
0.0337628
0.0347494
0.0358254
0.0369993
0.0382823
0.0396885
0.0412356
0.0429462
0.044849
0.0469813
0.0493911
0.0521421
0.0553193
0.059039
0.0634629
0.0688216
0.0754608
0.0838754
0.0951172
0.110772
0.0272863
0.0276082
0.0279688
0.0283834
0.0288646
0.0294124
0.0300258
0.0307056
0.0314534
0.0322721
0.0331654
0.0341386
0.0351985
0.0363538
0.0376156
0.0389977
0.0405179
0.0421986
0.0440683
0.0461639
0.0485331
0.0512392
0.0543666
0.0580307
0.0623923
0.0676808
0.0742386
0.0825564
0.0936941
0.109138
0.0264274
0.0267944
0.0271869
0.0276212
0.0281154
0.0286711
0.0292877
0.0299659
0.030708
0.0315171
0.0323971
0.0333534
0.0343929
0.0355243
0.0367585
0.0381096
0.0395949
0.0412366
0.0430631
0.0451106
0.0474266
0.0500735
0.053135
0.0567254
0.0610043
0.066199
0.0726479
0.0808358
0.0918224
0.106993
0.0253706
0.0257908
0.0262231
0.0266833
0.0271951
0.027762
0.0283836
0.0290613
0.0297975
0.0305957
0.0314602
0.0323964
0.0334114
0.0345137
0.0357145
0.0370273
0.0384696
0.0400631
0.0418356
0.0438231
0.0460723
0.0486447
0.051623
0.0551201
0.0592937
0.0643685
0.0706779
0.0786987
0.0894779
0.104306
0.0241188
0.0245995
0.0250798
0.0255728
0.0261077
0.02669
0.0273197
0.0279986
0.0287296
0.0295166
0.030364
0.0312776
0.0322644
0.0333331
0.0344945
0.0357624
0.0371535
0.0386894
0.0403974
0.0423127
0.044481
0.0469629
0.0498396
0.0532224
0.0572663
0.0621928
0.068329
0.0761422
0.0866501
0.101051
0.0226789
0.0232272
0.0237639
0.0242976
0.0248622
0.0254652
0.0261073
0.0267904
0.027518
0.0282944
0.0291243
0.0300136
0.0309695
0.0320006
0.0331178
0.0343344
0.035667
0.0371365
0.0387697
0.0406007
0.0426743
0.0450495
0.0478059
0.0510523
0.0549409
0.0596887
0.0656155
0.0731774
0.0833451
0.0972214
0.0210599
0.0216832
0.0222857
0.022869
0.0234713
0.024102
0.0247619
0.0254537
0.0261812
0.026949
0.0277622
0.028627
0.0295506
0.0305416
0.0316108
0.0327711
0.0340387
0.0354341
0.036983
0.0387185
0.040684
0.0429367
0.0455537
0.0486411
0.052347
0.0568833
0.0625615
0.0698248
0.0795781
0.0928304
0.0192673
0.0199744
0.0206542
0.0212981
0.0219484
0.0226159
0.0233015
0.0240081
0.0247404
0.0255033
0.0263024
0.027144
0.0280353
0.028985
0.0300035
0.0311035
0.0323007
0.0336146
0.0350699
0.0366985
0.0385416
0.0406543
0.0431108
0.0460132
0.049505
0.0537919
0.0591762
0.0660893
0.0753554
0.0879045
0.0173056
0.0181066
0.018877
0.0195928
0.0203039
0.0210208
0.021743
0.0224735
0.0232174
0.0239805
0.0247688
0.0255887
0.0264477
0.0273543
0.0283187
0.029353
0.0304723
0.0316952
0.0330452
0.0345521
0.0362553
0.038207
0.0404776
0.0431649
0.0464065
0.0504009
0.0554409
0.061949
0.0706668
0.0824733
0.0152043
0.0161147
0.0170002
0.0177963
0.018572
0.0193446
0.0201111
0.0208728
0.0216348
0.022403
0.0231837
0.0239838
0.024811
0.0256737
0.0265819
0.0275474
0.028585
0.0297127
0.0309526
0.0323331
0.0338912
0.0356762
0.0377541
0.040217
0.0431949
0.0468766
0.051541
0.0575956
0.0656932
0.0766748
0.0128071
0.0138258
0.0149874
0.0159649
0.0168455
0.01769
0.0185097
0.0193089
0.020095
0.0208762
0.0216603
0.0224555
0.0232704
0.0241141
0.0249967
0.0259302
0.0269292
0.0280113
0.0291977
0.0305147
0.0319967
0.0336893
0.0356525
0.0379693
0.0407559
0.0441841
0.0485007
0.0540572
0.0613411
0.071097
0.00845572
0.00944092
0.0112029
0.0126142
0.0138088
0.0149269
0.0160003
0.0170373
0.0180475
0.0190405
0.0200246
0.0210084
0.0220005
0.0230105
0.0240479
0.0251242
0.0262538
0.027454
0.0287454
0.0301513
0.0317023
0.03344
0.0354159
0.0377004
0.040389
0.0436251
0.0476032
0.0525643
0.0587245
0.0667734
0.0603694
0.0584311
0.0543157
0.0492764
0.0439792
0.0385212
0.0328969
0.0271417
0.0213146
0.0154771
0.00968788
0.00400148
-0.00153264
-0.0068713
-0.0119782
-0.016824
-0.0213856
-0.0256458
-0.0295938
-0.0332238
-0.0365289
-0.0394996
-0.0421545
-0.0444994
-0.0465435
-0.0483118
-0.0498506
-0.0511458
-0.0518683
-0.0513974
0.0487284
0.0485008
0.0459877
0.0422242
0.0381356
0.0338979
0.0294778
0.0248795
0.0201442
0.0153232
0.0104706
0.00564179
0.000891641
-0.00372737
-0.00816748
-0.0123871
-0.0163521
-0.0200364
-0.023421
-0.0264941
-0.0292554
-0.0317169
-0.0338756
-0.0357445
-0.0373432
-0.0387107
-0.0399025
-0.040837
-0.0409783
-0.0397696
0.0420996
0.0426089
0.0408516
0.0378075
0.0344448
0.0309501
0.0272782
0.0234196
0.0194033
0.0152712
0.0110698
0.00684996
0.00266518
-0.00143092
-0.00538737
-0.00915825
-0.0127047
-0.0159962
-0.019011
-0.0217365
-0.024169
-0.0263119
-0.0281745
-0.0297704
-0.0311197
-0.0322643
-0.0332647
-0.0340229
-0.0339261
-0.0323594
0.0375885
0.0384526
0.0371581
0.0346268
0.0317846
0.0288074
0.0256492
0.0222983
0.0187793
0.0151292
0.0113903
0.00761058
0.00384174
0.000137091
-0.0034515
-0.00687638
-0.0100965
-0.0130791
-0.0158008
-0.0182477
-0.0204152
-0.0223064
-0.0239312
-0.0253031
-0.026442
-0.0273891
-0.0282053
-0.0287928
-0.0285322
-0.026795
0.0343012
0.0353061
0.0342942
0.0321344
0.0296822
0.0270944
0.0243255
0.0213634
0.0182298
0.0149577
0.011586
0.0081598
0.00472907
0.001346
-0.00193775
-0.00507418
-0.00802145
-0.010746
-0.0132237
-0.0154401
-0.0173904
-0.0190778
-0.020512
-0.0217067
-0.022681
-0.0234746
-0.0241468
-0.0246071
-0.0242541
-0.0224467
0.0318118
0.0328488
0.0320187
0.0301386
0.0279884
0.0257025
0.0232373
0.0205815
0.0177546
0.0147863
0.0117129
0.00857695
0.00542635
0.00231192
-0.000715578
-0.00360851
-0.00632513
-0.00883174
-0.011104
-0.0131276
-0.0148972
-0.0164163
-0.0176944
-0.018745
-0.0195866
-0.0202562
-0.0208119
-0.0211742
-0.0207677
-0.0189379
0.0298511
0.0308726
0.0301615
0.0284986
0.0265891
0.0245458
0.0223259
0.0199197
0.0173445
0.0146279
0.0118033
0.00891129
0.00599784
0.00311224
0.000304081
-0.00237976
-0.00489802
-0.00721732
-0.00931351
-0.0111722
-0.0127885
-0.0141655
-0.0153128
-0.0162438
-0.0169764
-0.0175452
-0.0180072
-0.0182941
-0.0178597
-0.0160334
0.0282769
0.0292428
0.0286124
0.0271207
0.0254088
0.0235659
0.0215499
0.0193523
0.0169893
0.0144859
0.0118737
0.00919103
0.00648223
0.00379499
0.00117765
-0.0013239
-0.00366914
-0.00582519
-0.00776832
-0.00948443
-0.0109687
-0.0122243
-0.0132609
-0.0140919
-0.0147343
-0.0152208
-0.0156073
-0.0158362
-0.0153907
-0.0135821
0.0269733
0.0278614
0.0272938
0.0259435
0.0243951
0.0227211
0.0208786
0.0188596
0.0166791
0.0143602
0.0119327
0.00943302
0.00690378
0.00439115
0.00194218
-0.000398342
-0.00259075
-0.00460286
-0.00641145
-0.00800279
-0.00937224
-0.0105232
-0.0114652
-0.0122116
-0.012779
-0.0131982
-0.0135235
-0.0137078
-0.0132629
-0.0114792
0.0258676
0.0266626
0.0261417
0.0249214
0.0235101
0.0219806
0.0202887
0.0184255
0.0164051
0.0142489
0.0119847
0.00964749
0.00727816
0.0049214
0.00262291
0.000426357
-0.00162955
-0.00351337
-0.00520249
-0.00668359
-0.00795232
-0.00901216
-0.00987274
-0.0105473
-0.0110519
-0.0114156
-0.0116912
-0.0118419
-0.0114053
-0.00964992
0.0249103
0.025599
0.0251123
0.0240145
0.0227265
0.0213206
0.0197614
0.018037
0.0161595
0.0141489
0.0120315
0.00984071
0.00761578
0.00539996
0.00323761
0.00117123
-0.00076144
-0.00252978
-0.00411179
-0.00549462
-0.00667419
-0.00765412
-0.00844403
-0.00905711
-0.00950898
-0.00982697
-0.0100622
-0.0101876
-0.00976491
-0.00803939
0.0240598
0.0246444
0.0241819
0.0231879
0.0220211
0.0207229
0.0192819
0.017683
0.0159352
0.014057
0.0120735
0.0100165
0.00792367
0.00583686
0.00379912
0.00185175
3.14875e-05
-0.00163187
-0.00311696
-0.00441141
-0.00551142
-0.00642071
-0.0071489
-0.00770909
-0.00811651
-0.00839677
-0.00859968
-0.00870628
-0.00830151
-0.00660661
0.0232884
0.0237668
0.0233279
0.0224257
0.0213707
0.0201729
0.0188379
0.0173543
0.015726
0.01397
0.0121103
0.0101771
0.00820664
0.00623938
0.00431699
0.0024796
0.000762941
-0.000804033
-0.00220061
-0.00341487
-0.00444329
-0.00528968
-0.00596361
-0.00647808
-0.00684797
-0.00709734
-0.00727434
-0.00736765
-0.00698401
-0.00532031
0.0225765
0.0229448
0.0225313
0.021714
0.0207567
0.0196602
0.0184193
0.0170424
0.0155262
0.0138846
0.0121408
0.0103237
0.00846805
0.00661286
0.00479848
0.00306386
0.00144369
-3.39029e-05
-0.00134886
-0.00248971
-0.00345317
-0.00424315
-0.00486914
-0.00534399
-0.00568226
-0.00590646
-0.00606305
-0.00614771
-0.00578768
-0.00415647
0.0219016
0.0221668
0.0217801
0.0210379
0.0201677
0.0191732
0.0180203
0.0167415
0.015331
0.0137979
0.0121639
0.0104569
0.00871022
0.00696134
0.00524926
0.00361174
0.00208242
0.000688578
-0.000550372
-0.00162338
-0.00252742
-0.00326643
-0.0038498
-0.00429023
-0.00460196
-0.004806
-0.00494715
-0.00502725
-0.00469319
-0.00309681
0.0212466
0.021419
0.0210602
0.0203889
0.0195988
0.018697
0.017635
0.0164457
0.0151357
0.0137067
0.0121781
0.0105768
0.00893478
0.0072879
0.00567385
0.00412913
0.0026863
0.0013718
0.000204379
-0.000805337
-0.00165453
-0.00234717
-0.00289252
-0.0033031
-0.00359274
-0.00378118
-0.0039114
-0.00399064
-0.00368484
-0.00212743
0.0206013
0.0206886
0.0203596
0.0197577
0.0190405
0.0182212
0.0172567
0.0161505
0.0149364
0.0136084
0.012182
0.0106833
0.00914283
0.00759498
0.00607595
0.00462095
0.00326145
0.00202295
0.000923575
-2.64923e-05
-0.000824637
-0.00147482
-0.00198616
-0.00237096
-0.00264263
-0.00281974
-0.00294332
-0.00302528
-0.00275013
-0.00123817
0.0199582
0.0199644
0.0196662
0.0191323
0.018486
0.0177434
0.0168751
0.0158525
0.0147292
0.0134999
0.0121738
0.0107758
0.00933507
0.00788447
0.00645866
0.00509146
0.00381317
0.00264836
0.00161444
0.00072117
-2.90457e-05
-0.000640153
-0.00112108
-0.00148385
-0.00174154
-0.00191152
-0.00203276
-0.00212106
-0.00187921
-0.000422058
0.0193103
0.0192364
0.0189711
0.0185041
0.0179277
0.0172594
0.0164811
0.0155483
0.0145104
0.0133782
0.0121518
0.0108536
0.00951192
0.00815792
0.00682462
0.00554439
0.00434625
0.00325374
0.00228354
0.00144491
0.000740048
0.000165039
-0.000288831
-0.000633286
-0.000880957
-0.00104812
-0.00117153
-0.00127004
-0.00106447
0.000325104
0.0186483
0.0184979
0.0182674
0.0178668
0.0173605
0.0167624
0.016067
0.0152335
0.0142773
0.0132405
0.0121139
0.0109158
0.00967349
0.00841653
0.00717617
0.00598316
0.00486513
0.00384446
0.00293698
0.00215145
0.00148982
0.000948189
0.000518099
0.000188201
-5.36531e-05
-0.000222603
-0.000353135
-0.000466196
-0.000300452
0.00100502
0.0179633
0.0177416
0.0175478
0.0172128
0.0167761
0.0162487
0.0156322
0.0148998
0.0140276
0.0130843
0.0120582
0.0109613
0.00981969
0.00866129
0.00751541
0.00641098
0.00537402
0.00442563
0.00358066
0.00284723
0.00222701
0.00171614
0.00130644
0.000987027
0.000746343
0.00057037
0.000427214
0.000294679
0.000416326
0.00161716
0.0172455
0.0169601
0.0168059
0.0165362
0.0161686
0.0157128
0.0151743
0.0145396
0.013759
0.0129063
0.0119821
0.0109887
0.00995013
0.00889293
0.00784426
0.00683093
0.00587713
0.0050024
0.00422043
0.00353857
0.00295814
0.00247532
0.00208231
0.00176877
0.00152388
0.00133476
0.00117249
0.00101482
0.00108734
0.00215909
0.0164833
0.0161459
0.0160345
0.015831
0.0155333
0.0151514
0.0146898
0.0141462
0.0134684
0.012703
0.0118828
0.0109961
0.0100642
0.00911202
0.00816454
0.00724613
0.00637875
0.00558006
0.00486232
0.00423191
0.00368969
0.00323191
0.00285128
0.00253817
0.00228263
0.00207326
0.00188411
0.00169458
0.00171187
0.00262681
0.015661
0.0152896
0.0152261
0.0150907
0.0148642
0.0145581
0.0141741
0.013717
0.0131499
0.0124732
0.0117579
0.0109818
0.010161
0.00931897
0.00847805
0.00765973
0.00688329
0.00616403
0.00551238
0.00493352
0.00442774
0.0039914
0.00361791
0.00329862
0.00302474
0.00278664
0.00256175
0.00233263
0.00228712
0.00301525
0.0147577
0.0143782
0.0143691
0.0143057
0.0141543
0.013926
0.0136221
0.0132518
0.0127958
0.012215
0.0116049
0.0109438
0.0102396
0.00951409
0.00878643
0.00807469
0.0073948
0.00675915
0.00617584
0.0056485
0.00517673
0.0047572
0.00438441
0.00405094
0.00374956
0.00347267
0.00320185
0.0029242
0.00280745
0.0033192
0.0137543
0.0134076
0.0134579
0.013469
0.0133983
0.0132523
0.0130317
0.0127497
0.0124006
0.0119245
0.0114195
0.0108786
0.0102977
0.00969641
0.00909048
0.00849377
0.00791795
0.00737155
0.00685966
0.00638372
0.00594255
0.00553435
0.00515449
0.00479704
0.00445702
0.00412952
0.00380104
0.00346526
0.0032675
0.00353525
0.0126179
0.0124056
0.0125307
0.0126063
0.0126127
0.0125485
0.0124097
0.0122117
0.0119598
0.0115959
0.0111922
0.0107758
0.0103265
0.00986079
0.00939059
0.00892402
0.00846676
0.00802167
0.00758926
0.00716763
0.00675431
0.00635217
0.00595561
0.00556087
0.00516667
0.0047721
0.00436976
0.00396189
0.00366603
0.00366326
0.011148
0.0113153
0.0116119
0.0117509
0.0118168
0.0118216
0.0117546
0.0116275
0.0114577
0.0112114
0.0109083
0.0106207
0.0103161
0.0100058
0.00969576
0.00938575
0.00907233
0.00874981
0.00841173
0.00805228
0.00766866
0.00726125
0.00683152
0.00637896
0.00590727
0.00542122
0.00492097
0.00441696
0.00399261
0.00369714
0.0086949
0.00943508
0.0101851
0.0105528
0.0107585
0.0108848
0.0109348
0.0109199
0.0108659
0.0107662
0.0106015
0.0104652
0.0103244
0.0101829
0.0100388
0.00988303
0.00970236
0.0094845
0.0092175
0.0088965
0.00853405
0.00806659
0.00757154
0.00703782
0.00647252
0.00588604
0.00528577
0.0046877
0.00413695
0.00359291
0.00491311
0.0054615
0.00684564
0.00786119
0.00859237
0.00917255
0.00962891
0.0099756
0.0102399
0.0104293
0.0105222
0.0105817
0.0105844
0.0105274
0.0104092
0.010225
0.00997049
0.00964607
0.00925217
0.00878723
0.00824784
0.00772469
0.00716579
0.00658557
0.00600211
0.00542662
0.00486773
0.00434199
0.00385951
0.00332003
-0.0533359
-0.0446581
-0.0381196
-0.0327569
-0.0283237
-0.0246178
-0.0214803
-0.0187933
-0.0164666
-0.0144316
-0.0126355
-0.011037
-0.00960353
-0.00830905
-0.00713248
-0.00605659
-0.0050672
-0.00415261
-0.00330328
-0.00251159
-0.00177186
-0.00108032
-0.000435229
0.000163047
0.000711618
0.00120332
0.00162982
0.00199318
0.00229975
0.0024414
-0.0536499
-0.0447775
-0.0379048
-0.0324006
-0.0278916
-0.0241388
-0.0209686
-0.0182558
-0.015908
-0.0138552
-0.0120443
-0.0104342
-0.00899269
-0.00769461
-0.00652005
-0.00545332
-0.00448218
-0.00359719
-0.0027913
-0.00205941
-0.00139814
-0.000805459
-0.000280426
0.000177102
0.000566421
0.000885597
0.00113309
0.00132983
0.00156394
0.00186141
-0.0547013
-0.0459265
-0.0390061
-0.0334788
-0.0289443
-0.0251656
-0.02197
-0.019233
-0.0168628
-0.0147901
-0.012962
-0.0113378
-0.00988512
-0.00857878
-0.00739854
-0.00632828
-0.00535512
-0.00446888
-0.00366154
-0.00292699
-0.00226068
-0.00165942
-0.0011212
-0.000644809
-0.00023002
0.000120124
0.000396963
0.000614216
0.000892327
0.0013685
-0.0559407
-0.0474343
-0.0406037
-0.0350994
-0.0305415
-0.0267176
-0.023467
-0.0206715
-0.0182427
-0.0161134
-0.014232
-0.0125581
-0.0110598
-0.00971197
-0.00849417
-0.00739011
-0.00638661
-0.00547305
-0.00464094
-0.00388355
-0.00319563
-0.00257322
-0.00201339
-0.00151384
-0.00107289
-0.000692483
-0.000382794
-0.0001336
0.000192503
0.000819032
-0.0570695
-0.0487861
-0.0420553
-0.0365837
-0.0320114
-0.0281483
-0.0248463
-0.0219942
-0.0195075
-0.0173216
-0.0153861
-0.0136615
-0.0121164
-0.0107255
-0.00946864
-0.00832926
-0.00729399
-0.0063519
-0.00549414
-0.00471352
-0.00400433
-0.00336206
-0.00278321
-0.00226484
-0.00180447
-0.00140305
-0.00107077
-0.000799642
-0.000446957
0.000265439
-0.0580475
-0.0499169
-0.0432765
-0.037843
-0.0332703
-0.0293843
-0.0260466
-0.0231522
-0.0206206
-0.0183894
-0.0164097
-0.0146429
-0.0130581
-0.0116303
-0.0103394
-0.00916892
-0.00810523
-0.00713726
-0.00625587
-0.00545358
-0.00472429
-0.00406306
-0.00346595
-0.00292955
-0.00245085
-0.00202995
-0.00167648
-0.00138479
-0.0010171
-0.000270591
-0.058889
-0.0508725
-0.0443176
-0.0389251
-0.0343617
-0.0304644
-0.027103
-0.0241776
-0.021611
-0.0193433
-0.017327
-0.0155245
-0.0139054
-0.0124452
-0.0111239
-0.00992503
-0.00883503
-0.00784269
-0.00693871
-0.00611541
-0.00536641
-0.00468647
-0.0040713
-0.00351718
-0.00302067
-0.00258112
-0.00220697
-0.00189462
-0.00151885
-0.000778323
-0.0595992
-0.0516805
-0.0452045
-0.0398525
-0.0353027
-0.0314009
-0.0280234
-0.0250746
-0.0224804
-0.0201827
-0.0181358
-0.0163027
-0.0146539
-0.0131652
-0.0118168
-0.0105924
-0.00947834
-0.00846352
-0.00753849
-0.00669542
-0.00592776
-0.00523002
-0.00459768
-0.00402677
-0.0035136
-0.00305679
-0.00266316
-0.0023307
-0.00195178
-0.00124698
-0.0601844
-0.0523504
-0.0459462
-0.0406314
-0.0360968
-0.0321944
-0.0288062
-0.0258399
-0.023224
-0.0209023
-0.0188302
-0.0169717
-0.0152978
-0.0137847
-0.0124129
-0.0111662
-0.0100311
-0.00899639
-0.00805256
-0.00719171
-0.00640715
-0.00569325
-0.00504528
-0.00445909
-0.00393084
-0.00345852
-0.00304708
-0.0026956
-0.00231661
-0.00166686
-0.0606584
-0.0528891
-0.0465504
-0.0412683
-0.0367486
-0.032848
-0.029453
-0.026474
-0.0238415
-0.021501
-0.0194087
-0.0175297
-0.0158353
-0.0143021
-0.0129109
-0.0116455
-0.0104926
-0.00944088
-0.00848093
-0.00760474
-0.00680554
-0.00607757
-0.00541596
-0.00481642
-0.00427503
-0.00378924
-0.0033621
-0.00299323
-0.00261565
-0.00203048
-0.0610302
-0.053309
-0.0470269
-0.0417722
-0.037266
-0.0333683
-0.0299692
-0.0269811
-0.0243364
-0.0219815
-0.0198737
-0.0179786
-0.016268
-0.0147189
-0.013312
-0.0120316
-0.0108642
-0.00979866
-0.00882549
-0.00793666
-0.00712533
-0.00638567
-0.00571268
-0.00510201
-0.00454965
-0.00405267
-0.0036123
-0.00322824
-0.00285241
-0.00233279
-0.0613091
-0.0536239
-0.0473867
-0.0421539
-0.0376589
-0.033764
-0.0303626
-0.0273684
-0.0247148
-0.0223494
-0.0202301
-0.0183229
-0.0166001
-0.0150388
-0.0136201
-0.0123281
-0.0111495
-0.0100732
-0.00908978
-0.00819107
-0.00737025
-0.0066214
-0.00593947
-0.00532001
-0.00475901
-0.00425322
-0.00380235
-0.00340578
-0.00303137
-0.00257123
-0.0615037
-0.0538477
-0.0476407
-0.0424246
-0.037938
-0.0340456
-0.0306428
-0.0276445
-0.024985
-0.0226123
-0.0204849
-0.0185692
-0.0168378
-0.0152679
-0.0138406
-0.0125403
-0.0113538
-0.0102698
-0.00927888
-0.00837302
-0.0075453
-0.00678977
-0.00610132
-0.00547545
-0.00490813
-0.00439593
-0.00393736
-0.00353131
-0.00315766
-0.00274568
-0.0616267
-0.0539899
-0.0478001
-0.0425963
-0.038115
-0.0342241
-0.0308207
-0.0278199
-0.0251566
-0.0227793
-0.0206469
-0.0187259
-0.0169889
-0.0154135
-0.0139809
-0.0126753
-0.0114837
-0.0103947
-0.00939908
-0.00848864
-0.0076565
-0.00689668
-0.00620403
-0.00557404
-0.00500265
-0.00448631
-0.00402278
-0.00361042
-0.00323694
-0.00285816
-0.0616887
-0.0540562
-0.0478757
-0.0426788
-0.0381999
-0.0343097
-0.0309058
-0.0279038
-0.0252387
-0.0228593
-0.0207244
-0.0188008
-0.0170613
-0.0154832
-0.014048
-0.0127399
-0.0115458
-0.0104545
-0.00945655
-0.00854391
-0.00770963
-0.00694775
-0.00625309
-0.0056211
-0.00504775
-0.00452943
-0.0040635
-0.00364804
-0.00327445
-0.00291207
-0.0616889
-0.0540564
-0.047876
-0.042679
-0.0382
-0.0343098
-0.0309059
-0.0279039
-0.0252388
-0.0228593
-0.0207244
-0.0188009
-0.0170613
-0.0154833
-0.0140481
-0.01274
-0.0115459
-0.0104546
-0.00945665
-0.00854402
-0.00770975
-0.00694787
-0.00625321
-0.00562123
-0.00504787
-0.00452956
-0.00406363
-0.00364817
-0.00327458
-0.0029122
-0.0616273
-0.0539905
-0.0478008
-0.0425969
-0.0381155
-0.0342245
-0.030821
-0.0278201
-0.0251567
-0.0227795
-0.020647
-0.018726
-0.0169891
-0.0154137
-0.0139811
-0.0126755
-0.0114839
-0.010395
-0.00939938
-0.00848897
-0.00765684
-0.00689704
-0.0062044
-0.0055744
-0.00500302
-0.00448669
-0.00402316
-0.0036108
-0.00323733
-0.00285854
-0.0615047
-0.0538487
-0.0476419
-0.0424256
-0.0379388
-0.0340462
-0.0306433
-0.0276449
-0.0249853
-0.0226125
-0.0204852
-0.0185695
-0.0168381
-0.0152681
-0.0138409
-0.0125407
-0.0113542
-0.0102702
-0.00927937
-0.00837355
-0.00754586
-0.00679036
-0.00610192
-0.00547606
-0.00490874
-0.00439654
-0.00393798
-0.00353194
-0.00315829
-0.0027463
-0.0613105
-0.0536253
-0.0473882
-0.0421551
-0.0376599
-0.0337649
-0.0303633
-0.0273689
-0.0247153
-0.0223498
-0.0202305
-0.0183233
-0.0166005
-0.0150392
-0.0136205
-0.0123286
-0.0111501
-0.0100739
-0.00909047
-0.00819181
-0.00737102
-0.0066222
-0.00594028
-0.00532084
-0.00475984
-0.00425406
-0.0038032
-0.00340664
-0.00303222
-0.00257208
-0.0610322
-0.0533106
-0.0470288
-0.0417738
-0.0372673
-0.0333695
-0.0299701
-0.0269819
-0.024337
-0.021982
-0.0198742
-0.0179791
-0.0162685
-0.0147194
-0.0133126
-0.0120322
-0.0108649
-0.00979947
-0.00882636
-0.00793759
-0.0071263
-0.00638666
-0.0057137
-0.00510304
-0.0045507
-0.00405372
-0.00361336
-0.00322931
-0.00285348
-0.00233385
-0.0606607
-0.0528909
-0.0465525
-0.04127
-0.0367501
-0.0328495
-0.0294542
-0.026475
-0.0238424
-0.0215017
-0.0194094
-0.0175303
-0.0158359
-0.0143028
-0.0129116
-0.0116463
-0.0104935
-0.00944186
-0.00848199
-0.00760585
-0.00680669
-0.00607875
-0.00541716
-0.00481764
-0.00427626
-0.00379049
-0.00336335
-0.00299449
-0.00261691
-0.00203173
-0.060187
-0.0523525
-0.0459485
-0.0406333
-0.0360985
-0.0321961
-0.0288077
-0.0258412
-0.023225
-0.0209032
-0.018831
-0.0169724
-0.0152986
-0.0137855
-0.0124138
-0.0111672
-0.0100322
-0.00899755
-0.00805379
-0.00719299
-0.00640847
-0.0056946
-0.00504665
-0.00446049
-0.00393225
-0.00345995
-0.00304852
-0.00269704
-0.00231805
-0.00166828
-0.0596022
-0.0516827
-0.0452069
-0.0398544
-0.0353046
-0.0314028
-0.0280252
-0.0250761
-0.0224816
-0.0201838
-0.0181368
-0.0163037
-0.0146549
-0.0131662
-0.0118179
-0.0105935
-0.0094796
-0.00846485
-0.00753989
-0.00669686
-0.00592923
-0.00523153
-0.00459922
-0.00402832
-0.00351517
-0.00305838
-0.00266476
-0.00233231
-0.00195339
-0.00124857
-0.0588922
-0.0508748
-0.04432
-0.0389271
-0.0343636
-0.0304664
-0.027105
-0.0241793
-0.0216126
-0.0193446
-0.0173282
-0.0155256
-0.0139065
-0.0124464
-0.0111252
-0.00992638
-0.00883645
-0.00784418
-0.00694026
-0.006117
-0.00536803
-0.00468813
-0.00407298
-0.00351888
-0.00302239
-0.00258286
-0.00220873
-0.00189638
-0.0015206
-0.000780064
-0.0580509
-0.0499192
-0.0432788
-0.0378449
-0.0332723
-0.0293865
-0.0260488
-0.0231543
-0.0206224
-0.018391
-0.0164112
-0.0146443
-0.0130594
-0.0116317
-0.0103409
-0.00917046
-0.00810683
-0.0071389
-0.00625755
-0.00545531
-0.00472605
-0.00406486
-0.00346777
-0.0029314
-0.00245271
-0.00203183
-0.00167837
-0.00138669
-0.001019
-0.00027248
-0.0570729
-0.0487885
-0.0420576
-0.0365855
-0.0320134
-0.0281506
-0.0248487
-0.0219964
-0.0195096
-0.0173235
-0.0153879
-0.0136632
-0.012118
-0.0107272
-0.00947033
-0.008331
-0.00729576
-0.00635371
-0.00549598
-0.0047154
-0.00400624
-0.003364
-0.00278518
-0.00226683
-0.00180647
-0.00140507
-0.00107279
-0.000801677
-0.000448994
0.000263413
-0.0559441
-0.0474367
-0.0406059
-0.0351012
-0.0305435
-0.02672
-0.0234695
-0.020674
-0.018245
-0.0161156
-0.0142341
-0.0125601
-0.0110618
-0.00971392
-0.00849612
-0.00739206
-0.00638857
-0.00547503
-0.00464294
-0.00388558
-0.00319768
-0.0025753
-0.0020155
-0.00151596
-0.00107502
-0.000694625
-0.000384938
-0.000135747
0.000190355
0.00081689
-0.0547047
-0.0459289
-0.0390082
-0.0334806
-0.0289463
-0.025168
-0.0219726
-0.0192357
-0.0168654
-0.0147926
-0.0129645
-0.0113401
-0.00988742
-0.00858104
-0.00740077
-0.00633048
-0.00535731
-0.00447107
-0.00366374
-0.0029292
-0.0022629
-0.00166166
-0.00112346
-0.00064707
-0.000232284
0.000117862
0.000394709
0.000611973
0.000890097
0.00136628
-0.0536531
-0.0447799
-0.037907
-0.0324025
-0.0278937
-0.0241413
-0.0209714
-0.0182588
-0.015911
-0.0138582
-0.0120472
-0.0104369
-0.00899536
-0.00769721
-0.00652259
-0.00545581
-0.00448463
-0.00359962
-0.00279371
-0.00206183
-0.00140055
-0.000807866
-0.000282827
0.000174713
0.000564046
0.000883239
0.00113075
0.00132751
0.00156166
0.00185919
-0.053339
-0.0446606
-0.0381219
-0.032759
-0.0283259
-0.0246204
-0.0214833
-0.0187965
-0.0164699
-0.0144349
-0.0126387
-0.0110401
-0.00960654
-0.00831196
-0.00713531
-0.00605933
-0.00506987
-0.00415523
-0.00330585
-0.00251414
-0.00177439
-0.00108283
-0.000437721
0.00016058
0.000709183
0.00120092
0.00162746
0.00199086
0.00229745
0.00243917
0.0018222
0.00141361
0.000936431
0.000448029
-1.15324e-05
-0.00043723
-0.00083217
-0.00119776
-0.00153437
-0.00184255
-0.00212318
-0.00237735
-0.00260625
-0.00281117
-0.00299341
-0.00315432
-0.00329523
-0.00341746
-0.0035223
-0.00361101
-0.00368477
-0.00374475
-0.00379205
-0.00382769
-0.00385268
-0.00386793
-0.0038743
-0.00387262
-0.00386364
-0.00384807
-0.00382656
-0.00379972
-0.0037681
-0.00373223
-0.00369257
-0.00364957
-0.00360361
-0.00355507
-0.00350428
-0.00345153
-0.0033971
-0.00334124
-0.00328416
-0.00322607
-0.00316714
-0.00310754
-0.00304741
-0.00298687
-0.00292604
-0.00286504
-0.00280394
-0.00274272
-0.00268147
-0.0026203
-0.00255926
-0.00249838
-0.00243768
-0.00237714
-0.00231678
-0.00225672
-0.00219697
-0.0021375
-0.00207832
-0.00201943
-0.00196083
-0.00190251
-0.00184446
-0.00178668
-0.00172917
-0.00167191
-0.0016149
-0.00155812
-0.00150157
-0.00144524
-0.00138911
-0.00133318
-0.00127743
-0.00122186
-0.00116646
-0.00111121
-0.0010561
-0.00100114
-0.000946297
-0.000891578
-0.000836968
-0.000782461
-0.000728049
-0.000673726
-0.000619482
-0.000565321
-0.000511243
-0.000457233
-0.00040328
-0.00034938
-0.000295532
-0.000241728
-0.000187955
-0.000134253
-8.06633e-05
-2.70449e-05
0.0010192
0.000874006
0.000567883
0.000197187
-0.000159452
-0.00049207
-0.000805554
-0.00110133
-0.00137887
-0.00163776
-0.00187797
-0.00209969
-0.00230325
-0.0024891
-0.00265778
-0.00280991
-0.00294618
-0.00306731
-0.00317406
-0.00326719
-0.00334748
-0.0034157
-0.00347262
-0.00351898
-0.00355551
-0.00358292
-0.00360187
-0.00361302
-0.00361698
-0.00361434
-0.00360565
-0.00359142
-0.00357216
-0.00354832
-0.00352033
-0.00348858
-0.00345346
-0.00341529
-0.00337441
-0.0033311
-0.00328564
-0.00323827
-0.00318922
-0.00313869
-0.00308688
-0.00303395
-0.00298006
-0.00292535
-0.00286993
-0.00281391
-0.00275736
-0.00270051
-0.00264337
-0.00258598
-0.00252841
-0.00247071
-0.00241293
-0.00235517
-0.00229748
-0.00223978
-0.00218211
-0.00212453
-0.00206705
-0.00200969
-0.00195247
-0.00189539
-0.00183845
-0.00178167
-0.00172504
-0.00166857
-0.00161225
-0.00155609
-0.00150008
-0.00144422
-0.00138851
-0.00133293
-0.00127749
-0.00122218
-0.001167
-0.00111193
-0.00105698
-0.00100213
-0.000947386
-0.00089274
-0.000838187
-0.00078372
-0.000729333
-0.000675019
-0.000620775
-0.000566597
-0.000512484
-0.000458431
-0.000404438
-0.000350499
-0.000296608
-0.000242738
-0.000188877
-0.000135082
-8.1411e-05
-2.75437e-05
0.000316467
0.000387755
0.000217807
-6.38379e-05
-0.000342868
-0.000604268
-0.000854737
-0.00109594
-0.00132668
-0.00154585
-0.00175278
-0.00194705
-0.00212841
-0.00229673
-0.00245201
-0.00259439
-0.00272409
-0.0028414
-0.0029467
-0.0030404
-0.00312298
-0.00319493
-0.00325676
-0.00330899
-0.00335216
-0.0033868
-0.00341344
-0.0034326
-0.00344477
-0.00345045
-0.00345011
-0.00344419
-0.00343314
-0.00341736
-0.00339723
-0.00337313
-0.00334541
-0.00331437
-0.00328034
-0.00324359
-0.00320438
-0.00316297
-0.00311957
-0.00307439
-0.00302763
-0.00297946
-0.00293006
-0.00287955
-0.00282809
-0.00277578
-0.00272275
-0.00266909
-0.0026149
-0.00256024
-0.00250521
-0.00244986
-0.00239426
-0.00233845
-0.00228249
-0.00222641
-0.00217026
-0.00211406
-0.00205785
-0.00200165
-0.00194547
-0.00188933
-0.00183325
-0.00177724
-0.0017213
-0.00166545
-0.00160968
-0.00155401
-0.00149844
-0.00144296
-0.00138758
-0.0013323
-0.00127711
-0.00122203
-0.00116703
-0.00111213
-0.00105731
-0.00100258
-0.000947936
-0.000893367
-0.000838871
-0.000784449
-0.000730095
-0.000675802
-0.00062157
-0.000567398
-0.00051328
-0.000459208
-0.000405187
-0.000351227
-0.000297311
-0.000243403
-0.000189492
-0.000135648
-8.19659e-05
-2.79736e-05
-0.000290388
-6.66752e-05
-0.00013305
-0.000338531
-0.000549555
-0.000748793
-0.000944012
-0.00113683
-0.00132555
-0.00150853
-0.00168463
-0.00185298
-0.00201285
-0.00216367
-0.00230502
-0.00243663
-0.00255836
-0.00267016
-0.00277209
-0.00286428
-0.00294693
-0.0030203
-0.00308469
-0.00314043
-0.00318789
-0.00322746
-0.00325951
-0.00328446
-0.00330271
-0.00331465
-0.00332068
-0.00332119
-0.00331654
-0.00330711
-0.00329324
-0.00327526
-0.00325349
-0.00322824
-0.00319979
-0.00316841
-0.00313435
-0.00309786
-0.00305915
-0.00301843
-0.0029759
-0.00293173
-0.00288609
-0.00283914
-0.00279101
-0.00274183
-0.00269172
-0.00264079
-0.00258914
-0.00253686
-0.00248402
-0.00243072
-0.002377
-0.00232294
-0.00226858
-0.00221399
-0.00215919
-0.00210424
-0.00204916
-0.00199399
-0.00193875
-0.00188347
-0.00182816
-0.00177285
-0.00171754
-0.00166225
-0.00160699
-0.00155178
-0.00149661
-0.00144149
-0.00138643
-0.00133142
-0.00127648
-0.00122161
-0.0011668
-0.00111206
-0.00105738
-0.00100277
-0.000948222
-0.000893731
-0.000839304
-0.00078494
-0.000730627
-0.000676364
-0.000622153
-0.000567996
-0.000513881
-0.000459805
-0.000405775
-0.0003518
-0.000297864
-0.000243931
-0.000189987
-0.000136123
-8.24694e-05
-2.83977e-05
-0.000817277
-0.000486439
-0.00047384
-0.000611551
-0.000760516
-0.000903961
-0.00104983
-0.00119926
-0.00135006
-0.00150017
-0.00164807
-0.00179245
-0.00193221
-0.0020664
-0.00219424
-0.00231514
-0.00242863
-0.00253438
-0.00263217
-0.0027219
-0.00280353
-0.00287712
-0.0029428
-0.00300072
-0.0030511
-0.0030942
-0.00313028
-0.00315964
-0.0031826
-0.00319947
-0.00321057
-0.00321624
-0.00321679
-0.00321254
-0.0032038
-0.00319088
-0.00317406
-0.00315363
-0.00312986
-0.00310299
-0.00307328
-0.00304096
-0.00300623
-0.00296932
-0.0029304
-0.00288965
-0.00284725
-0.00280336
-0.0027581
-0.00271163
-0.00266405
-0.0026155
-0.00256607
-0.00251585
-0.00246494
-0.00241343
-0.00236137
-0.00230884
-0.00225591
-0.00220262
-0.00214903
-0.00209518
-0.00204111
-0.00198686
-0.00193246
-0.00187794
-0.00182333
-0.00176865
-0.00171391
-0.00165914
-0.00160434
-0.00154954
-0.00149474
-0.00143995
-0.00138519
-0.00133045
-0.00127574
-0.00122106
-0.00116643
-0.00111184
-0.0010573
-0.0010028
-0.000948353
-0.000893947
-0.000839587
-0.000785272
-0.000731004
-0.00067678
-0.000622598
-0.000568458
-0.000514355
-0.000460286
-0.000406254
-0.000352269
-0.00029832
-0.000244372
-0.000190406
-0.000136537
-8.29373e-05
-2.88188e-05
-0.00126144
-0.000863163
-0.000790932
-0.000869039
-0.000962777
-0.00105735
-0.00116016
-0.00127161
-0.00138908
-0.00151018
-0.00163302
-0.00175597
-0.00187758
-0.00199659
-0.00211194
-0.00222274
-0.00232827
-0.00242796
-0.00252136
-0.00260816
-0.00268815
-0.0027612
-0.00282729
-0.00288643
-0.00293871
-0.00298427
-0.00302329
-0.00305596
-0.00308252
-0.00310322
-0.00311831
-0.00312808
-0.00313279
-0.00313272
-0.00312815
-0.00311935
-0.00310659
-0.00309013
-0.00307021
-0.00304709
-0.003021
-0.00299215
-0.00296076
-0.00292703
-0.00289114
-0.00285329
-0.00281363
-0.00277232
-0.00272951
-0.00268534
-0.00263993
-0.0025934
-0.00254586
-0.00249742
-0.00244817
-0.00239819
-0.00234756
-0.00229636
-0.00224465
-0.00219249
-0.00213994
-0.00208705
-0.00203386
-0.00198042
-0.00192676
-0.00187291
-0.00181891
-0.00176478
-0.00171055
-0.00165623
-0.00160185
-0.00154742
-0.00149295
-0.00143846
-0.00138396
-0.00132945
-0.00127495
-0.00122046
-0.00116599
-0.00111154
-0.00105712
-0.00100273
-0.000948372
-0.000894044
-0.000839753
-0.000785497
-0.000731273
-0.000677084
-0.000622931
-0.000568812
-0.000514726
-0.000460669
-0.000406641
-0.000352649
-0.000298694
-0.000244741
-0.000190768
-0.000136903
-8.33617e-05
-2.92226e-05
-0.00162614
-0.00119449
-0.00107795
-0.00110355
-0.00114869
-0.00120107
-0.00126688
-0.00134566
-0.00143438
-0.00153039
-0.00163149
-0.00173574
-0.00184142
-0.001947
-0.00205118
-0.00215284
-0.00225104
-0.00234501
-0.00243413
-0.0025179
-0.00259597
-0.00266806
-0.00273401
-0.00279373
-0.0028472
-0.00289446
-0.00293559
-0.00297072
-0.00300002
-0.00302367
-0.00304189
-0.00305488
-0.0030629
-0.00306617
-0.00306495
-0.00305949
-0.00305002
-0.00303679
-0.00302004
-0.00299999
-0.00297687
-0.00295089
-0.00292226
-0.00289117
-0.00285781
-0.00282236
-0.00278498
-0.00274584
-0.00270508
-0.00266283
-0.00261924
-0.00257442
-0.00252849
-0.00248154
-0.00243369
-0.00238501
-0.00233559
-0.00228552
-0.00223485
-0.00218366
-0.002132
-0.00207993
-0.00202749
-0.00197474
-0.00192172
-0.00186845
-0.00181498
-0.00176133
-0.00170753
-0.00165361
-0.00159959
-0.00154548
-0.0014913
-0.00143707
-0.0013828
-0.0013285
-0.00127418
-0.00121986
-0.00116553
-0.00111121
-0.0010569
-0.00100261
-0.000948329
-0.000894073
-0.000839842
-0.000785638
-0.000731459
-0.000677307
-0.000623182
-0.000569084
-0.000515015
-0.000460972
-0.000406951
-0.000352961
-0.000299006
-0.000245053
-0.000191078
-0.00013722
-8.37377e-05
-2.96009e-05
-0.00191787
-0.00148007
-0.00133109
-0.00131068
-0.00131366
-0.00133017
-0.00136468
-0.0014158
-0.00148019
-0.00155493
-0.00163755
-0.00172586
-0.0018179
-0.00191192
-0.00200641
-0.00210006
-0.00219177
-0.0022806
-0.00236577
-0.00244666
-0.00252278
-0.00259374
-0.00265926
-0.00271917
-0.00277334
-0.00282175
-0.0028644
-0.00290136
-0.00293273
-0.00295865
-0.00297928
-0.00299481
-0.00300543
-0.00301137
-0.00301282
-0.00301003
-0.00300322
-0.0029926
-0.0029784
-0.00296085
-0.00294015
-0.00291652
-0.00289014
-0.00286122
-0.00282994
-0.00279646
-0.00276097
-0.00272362
-0.00268455
-0.0026439
-0.00260182
-0.00255842
-0.00251381
-0.00246812
-0.00242142
-0.00237383
-0.00232543
-0.0022763
-0.0022265
-0.00217612
-0.00212521
-0.00207382
-0.00202202
-0.00196986
-0.00191737
-0.00186459
-0.00181157
-0.00175833
-0.0017049
-0.00165132
-0.00159759
-0.00154376
-0.00148983
-0.00143582
-0.00138175
-0.00132763
-0.00127347
-0.00121929
-0.00116509
-0.00111088
-0.00105667
-0.00100246
-0.000948251
-0.000894059
-0.000839882
-0.000785724
-0.000731586
-0.000677467
-0.00062337
-0.000569294
-0.000515241
-0.00046121
-0.000407199
-0.000353215
-0.000299265
-0.000245315
-0.000191341
-0.000137488
-8.40614e-05
-2.99475e-05
-0.00214455
-0.00172082
-0.0015483
-0.00148814
-0.0014553
-0.0014419
-0.00145044
-0.00147861
-0.00152282
-0.00157991
-0.00164719
-0.00172223
-0.00180287
-0.0018872
-0.00197352
-0.00206039
-0.00214655
-0.00223093
-0.00231264
-0.00239094
-0.00246523
-0.00253505
-0.00260002
-0.00265988
-0.00271445
-0.00276362
-0.00280736
-0.00284566
-0.00287859
-0.00290625
-0.00292875
-0.00294625
-0.00295891
-0.00296694
-0.00297051
-0.00296983
-0.00296513
-0.00295659
-0.00294445
-0.00292889
-0.00291014
-0.00288839
-0.00286384
-0.00283667
-0.00280706
-0.00277519
-0.00274122
-0.00270532
-0.00266763
-0.00262829
-0.00258743
-0.00254519
-0.00250167
-0.00245699
-0.00241126
-0.00236456
-0.00231699
-0.00226863
-0.00221955
-0.00216983
-0.00211953
-0.00206871
-0.00201744
-0.00196576
-0.00191372
-0.00186135
-0.00180869
-0.00175579
-0.00170267
-0.00164937
-0.0015959
-0.00154229
-0.00148857
-0.00143474
-0.00138084
-0.00132687
-0.00127285
-0.00121878
-0.00116469
-0.00111057
-0.00105644
-0.0010023
-0.00094816
-0.000894023
-0.000839893
-0.000785775
-0.00073167
-0.000677581
-0.000623509
-0.000569455
-0.000515419
-0.000461401
-0.000407398
-0.00035342
-0.000299474
-0.00024553
-0.00019156
-0.000137712
-8.43324e-05
-3.0258e-05
-0.00231506
-0.00191864
-0.00172904
-0.00163526
-0.0015728
-0.00153509
-0.00152258
-0.00153218
-0.00156006
-0.00160288
-0.00165775
-0.00172204
-0.00179344
-0.00186987
-0.00194952
-0.00203082
-0.00211239
-0.00219306
-0.00227186
-0.00234795
-0.00242065
-0.00248942
-0.00255382
-0.00261352
-0.0026683
-0.00271798
-0.00276248
-0.00280177
-0.00283587
-0.00286483
-0.00288875
-0.00290776
-0.002922
-0.00293164
-0.00293686
-0.00293784
-0.00293478
-0.00292788
-0.00291734
-0.00290336
-0.00288615
-0.00286589
-0.00284277
-0.00281698
-0.00278871
-0.00275811
-0.00272536
-0.00269061
-0.00265401
-0.00261571
-0.00257584
-0.00253452
-0.00249187
-0.00244801
-0.00240304
-0.00235705
-0.00231015
-0.00226241
-0.00221391
-0.00216472
-0.00211492
-0.00206456
-0.00201371
-0.00196241
-0.00191073
-0.00185868
-0.00180633
-0.0017537
-0.00170083
-0.00164775
-0.00159449
-0.00154107
-0.00148752
-0.00143385
-0.00138008
-0.00132623
-0.00127232
-0.00121835
-0.00116434
-0.0011103
-0.00105624
-0.00100216
-0.00094807
-0.000893978
-0.000839888
-0.000785804
-0.000731728
-0.000677664
-0.000623613
-0.000569578
-0.000515557
-0.000461549
-0.000407555
-0.000353584
-0.000299643
-0.000245704
-0.000191736
-0.000137889
-8.45495e-05
-3.05299e-05
-0.00243849
-0.00207601
-0.00187392
-0.0017526
-0.00166651
-0.00160969
-0.00158065
-0.00157567
-0.00159077
-0.00162243
-0.00166758
-0.00172345
-0.00178759
-0.00185782
-0.00193221
-0.0020091
-0.00208702
-0.00216474
-0.00224119
-0.00231548
-0.00238687
-0.00245475
-0.00251863
-0.00257814
-0.00263301
-0.00268302
-0.00272806
-0.00276806
-0.00280301
-0.00283295
-0.00285793
-0.00287808
-0.00289351
-0.00290437
-0.00291084
-0.00291308
-0.00291128
-0.00290563
-0.00289632
-0.00288355
-0.00286751
-0.0028484
-0.00282639
-0.00280167
-0.00277442
-0.00274481
-0.002713
-0.00267914
-0.00264339
-0.00260589
-0.00256678
-0.00252618
-0.00248421
-0.00244098
-0.0023966
-0.00235117
-0.00230478
-0.00225753
-0.00220948
-0.00216071
-0.00211129
-0.00206129
-0.00201077
-0.00195978
-0.00190837
-0.00185658
-0.00180446
-0.00175205
-0.00169938
-0.00164648
-0.00159338
-0.0015401
-0.00148668
-0.00143313
-0.00137947
-0.00132572
-0.00127189
-0.001218
-0.00116406
-0.00111008
-0.00105607
-0.00100204
-0.00094799
-0.000893934
-0.000839876
-0.000785819
-0.000731767
-0.000677724
-0.000623691
-0.00056967
-0.000515661
-0.000461661
-0.000407675
-0.00035371
-0.000299773
-0.000245838
-0.000191877
-0.000138029
-8.47155e-05
-3.0762e-05
-0.00252359
-0.00219575
-0.00198445
-0.00184159
-0.00173757
-0.00166638
-0.00162493
-0.00160902
-0.00161454
-0.00163784
-0.00167572
-0.00172529
-0.00178399
-0.00184956
-0.00192
-0.00199356
-0.00206874
-0.00214421
-0.00221888
-0.00229178
-0.00236215
-0.00242932
-0.00249279
-0.00255212
-0.00260702
-0.00265725
-0.00270266
-0.00274316
-0.00277872
-0.00280935
-0.00283511
-0.00285608
-0.00287238
-0.00288414
-0.00289152
-0.00289468
-0.00289381
-0.00288908
-0.00288068
-0.0028688
-0.00285364
-0.00283537
-0.00281418
-0.00279025
-0.00276376
-0.00273488
-0.00270376
-0.00267057
-0.00263546
-0.00259856
-0.00256001
-0.00251994
-0.00247847
-0.00243571
-0.00239178
-0.00234676
-0.00230076
-0.00225387
-0.00220615
-0.00215769
-0.00210857
-0.00205884
-0.00200856
-0.0019578
-0.00190659
-0.001855
-0.00180306
-0.0017508
-0.00169828
-0.00164551
-0.00159253
-0.00153937
-0.00148605
-0.00143258
-0.001379
-0.00132532
-0.00127156
-0.00121773
-0.00116384
-0.00110991
-0.00105594
-0.00100194
-0.000947926
-0.000893898
-0.000839864
-0.000785827
-0.000731792
-0.000677765
-0.000623748
-0.00056974
-0.000515738
-0.000461746
-0.000407767
-0.000353807
-0.000299872
-0.00024594
-0.000191981
-0.000138128
-8.48315e-05
-3.09548e-05
-0.00257824
-0.00228082
-0.00206278
-0.00190428
-0.0017876
-0.00170634
-0.00165619
-0.00163262
-0.00163144
-0.00164891
-0.00168171
-0.00172687
-0.00178177
-0.00184408
-0.00191175
-0.00198298
-0.00205622
-0.00213012
-0.00220352
-0.00227545
-0.00234508
-0.00241175
-0.0024749
-0.0025341
-0.00258901
-0.00263937
-0.00268503
-0.00272587
-0.00276184
-0.00279295
-0.00281923
-0.00284077
-0.00285767
-0.00287005
-0.00287806
-0.00288186
-0.00288163
-0.00287754
-0.00286977
-0.00285851
-0.00284395
-0.00282627
-0.00280565
-0.00278228
-0.00275632
-0.00272794
-0.00269731
-0.00266458
-0.0026299
-0.00259342
-0.00255527
-0.00251557
-0.00247445
-0.00243203
-0.0023884
-0.00234367
-0.00229794
-0.0022513
-0.00220382
-0.00215558
-0.00210666
-0.00205711
-0.00200701
-0.0019564
-0.00190535
-0.00185389
-0.00180207
-0.00174993
-0.0016975
-0.00164483
-0.00159194
-0.00153885
-0.0014856
-0.0014322
-0.00137868
-0.00132505
-0.00127133
-0.00121754
-0.00116369
-0.00110979
-0.00105585
-0.00100187
-0.00094788
-0.00089387
-0.000839853
-0.00078583
-0.000731808
-0.000677796
-0.00062379
-0.000569787
-0.000515792
-0.000461807
-0.000407835
-0.000353878
-0.000299942
-0.000246013
-0.000192059
-0.000138195
-8.48982e-05
-3.11064e-05
-0.0026092
-0.00233416
-0.00211152
-0.00194302
-0.00181849
-0.00173101
-0.00167546
-0.00164716
-0.00164184
-0.00165571
-0.00168537
-0.00172781
-0.00178037
-0.00184067
-0.00190663
-0.00197642
-0.00204846
-0.00212138
-0.002194
-0.00226532
-0.00233451
-0.00240086
-0.00246382
-0.00252293
-0.00257784
-0.00262829
-0.0026741
-0.00271514
-0.00275137
-0.00278278
-0.00280939
-0.00283128
-0.00284854
-0.0028613
-0.00286971
-0.00287391
-0.00287407
-0.00287037
-0.002863
-0.00285212
-0.00283794
-0.00282062
-0.00280036
-0.00277733
-0.00275169
-0.00272363
-0.0026933
-0.00266086
-0.00262646
-0.00259023
-0.00255232
-0.00251286
-0.00247196
-0.00242974
-0.0023863
-0.00234176
-0.0022962
-0.00224971
-0.00220238
-0.00215427
-0.00210547
-0.00205604
-0.00200605
-0.00195554
-0.00190457
-0.0018532
-0.00180145
-0.00174938
-0.00169702
-0.00164441
-0.00159157
-0.00153853
-0.00148532
-0.00143196
-0.00137847
-0.00132488
-0.00127119
-0.00121742
-0.00116359
-0.00110971
-0.00105579
-0.00100183
-0.000947851
-0.000893855
-0.000839851
-0.000785837
-0.00073182
-0.000677812
-0.000623816
-0.000569826
-0.000515834
-0.000461845
-0.000407875
-0.000353924
-0.000299987
-0.000246054
-0.0001921
-0.000138229
-8.49316e-05
-3.12255e-05
-0.00262206
-0.00235874
-0.0021337
-0.0019605
-0.00183238
-0.00174206
-0.00168404
-0.00165357
-0.00164636
-0.00165858
-0.00168682
-0.00172802
-0.00177951
-0.00183889
-0.00190407
-0.00197321
-0.00204471
-0.00211718
-0.00218945
-0.0022605
-0.00232948
-0.0023957
-0.00245858
-0.00251765
-0.00257257
-0.00262307
-0.00266895
-0.0027101
-0.00274646
-0.002778
-0.00280477
-0.00282682
-0.00284426
-0.00285721
-0.0028658
-0.00287019
-0.00287054
-0.00286703
-0.00285983
-0.00284914
-0.00283513
-0.00281799
-0.00279789
-0.00277502
-0.00274954
-0.00272163
-0.00269144
-0.00265913
-0.00262485
-0.00258875
-0.00255096
-0.00251161
-0.0024708
-0.00242867
-0.00238533
-0.00234087
-0.00229539
-0.00224898
-0.0022017
-0.00215365
-0.00210492
-0.00205555
-0.0020056
-0.00195514
-0.00190422
-0.00185288
-0.00180117
-0.00174913
-0.0016968
-0.00164422
-0.0015914
-0.00153838
-0.00148519
-0.00143185
-0.00137838
-0.0013248
-0.00127112
-0.00121737
-0.00116355
-0.00110968
-0.00105577
-0.00100182
-0.000947841
-0.000893849
-0.00083985
-0.000785842
-0.00073183
-0.000677825
-0.000623826
-0.000569832
-0.000515845
-0.000461868
-0.000407903
-0.000353955
-0.00030002
-0.000246084
-0.000192127
-0.000138242
-8.49289e-05
-3.1293e-05
-0.00262218
-0.00235886
-0.00213382
-0.00196061
-0.00183248
-0.00174215
-0.00168413
-0.00165366
-0.00164645
-0.00165866
-0.00168689
-0.00172809
-0.00177958
-0.00183895
-0.00190413
-0.00197327
-0.00204476
-0.00211724
-0.0021895
-0.00226055
-0.00232953
-0.00239575
-0.00245862
-0.0025177
-0.00257261
-0.00262311
-0.00266899
-0.00271014
-0.00274649
-0.00277803
-0.0028048
-0.00282685
-0.00284429
-0.00285723
-0.00286582
-0.00287021
-0.00287056
-0.00286705
-0.00285985
-0.00284916
-0.00283515
-0.002818
-0.00279791
-0.00277503
-0.00274955
-0.00272164
-0.00269145
-0.00265914
-0.00262487
-0.00258876
-0.00255097
-0.00251161
-0.00247081
-0.00242868
-0.00238534
-0.00234088
-0.0022954
-0.00224899
-0.00220171
-0.00215366
-0.00210492
-0.00205555
-0.00200561
-0.00195515
-0.00190422
-0.00185288
-0.00180118
-0.00174914
-0.00169681
-0.00164422
-0.0015914
-0.00153839
-0.0014852
-0.00143186
-0.00137839
-0.0013248
-0.00127113
-0.00121737
-0.00116356
-0.00110969
-0.00105577
-0.00100182
-0.000947847
-0.000893855
-0.000839853
-0.000785843
-0.000731833
-0.000677827
-0.000623825
-0.000569831
-0.000515846
-0.000461871
-0.000407908
-0.000353961
-0.000300027
-0.000246091
-0.00019213
-0.000138244
-8.49319e-05
-3.12944e-05
-0.00260957
-0.00233451
-0.00211185
-0.00194333
-0.00181879
-0.00173129
-0.00167573
-0.00164742
-0.00164209
-0.00165594
-0.00168559
-0.00172803
-0.00178058
-0.00184086
-0.00190681
-0.0019766
-0.00204863
-0.00212154
-0.00219415
-0.00226547
-0.00233464
-0.00240099
-0.00246394
-0.00252305
-0.00257795
-0.0026284
-0.0026742
-0.00271524
-0.00275147
-0.00278287
-0.00280947
-0.00283136
-0.00284862
-0.00286138
-0.00286978
-0.00287397
-0.00287413
-0.00287043
-0.00286305
-0.00285218
-0.00283799
-0.00282067
-0.00280041
-0.00277737
-0.00275174
-0.00272367
-0.00269334
-0.0026609
-0.0026265
-0.00259027
-0.00255236
-0.00251289
-0.00247199
-0.00242976
-0.00238633
-0.00234178
-0.00229622
-0.00224974
-0.0022024
-0.00215429
-0.00210549
-0.00205606
-0.00200606
-0.00195556
-0.00190459
-0.00185321
-0.00180147
-0.0017494
-0.00169704
-0.00164442
-0.00159158
-0.00153854
-0.00148533
-0.00143197
-0.00137849
-0.00132489
-0.0012712
-0.00121743
-0.00116361
-0.00110973
-0.0010558
-0.00100185
-0.000947866
-0.000893868
-0.000839859
-0.000785843
-0.000731828
-0.000677821
-0.000623817
-0.00056982
-0.000515838
-0.00046186
-0.000407891
-0.000353942
-0.000300009
-0.000246077
-0.00019212
-0.000138239
-8.49295e-05
-3.1221e-05
-0.00257885
-0.0022814
-0.00206333
-0.0019048
-0.00178809
-0.00170681
-0.00165663
-0.00163305
-0.00163185
-0.0016493
-0.00168208
-0.00172722
-0.00178211
-0.0018444
-0.00191206
-0.00198327
-0.0020565
-0.00213038
-0.00220377
-0.00227568
-0.00234531
-0.00241197
-0.00247511
-0.0025343
-0.00258919
-0.00263955
-0.0026852
-0.00272603
-0.00276199
-0.00279309
-0.00281937
-0.0028409
-0.00285779
-0.00287017
-0.00287817
-0.00288197
-0.00288173
-0.00287763
-0.00286986
-0.0028586
-0.00284403
-0.00282635
-0.00280573
-0.00278235
-0.00275639
-0.00272801
-0.00269737
-0.00266464
-0.00262996
-0.00259348
-0.00255532
-0.00251562
-0.0024745
-0.00243207
-0.00238844
-0.00234372
-0.00229799
-0.00225134
-0.00220386
-0.00215562
-0.00210669
-0.00205715
-0.00200704
-0.00195643
-0.00190538
-0.00185392
-0.00180209
-0.00174996
-0.00169753
-0.00164486
-0.00159196
-0.00153887
-0.00148562
-0.00143222
-0.0013787
-0.00132507
-0.00127135
-0.00121756
-0.00116371
-0.00110981
-0.00105587
-0.0010019
-0.000947902
-0.000893891
-0.00083987
-0.000785845
-0.000731823
-0.000677811
-0.000623801
-0.000569795
-0.000515804
-0.000461826
-0.000407859
-0.000353906
-0.00029997
-0.000246038
-0.000192082
-0.00013821
-8.49012e-05
-3.11035e-05
-0.00252442
-0.00219654
-0.00198519
-0.0018423
-0.00173824
-0.00166702
-0.00162554
-0.0016096
-0.00161509
-0.00163837
-0.00167622
-0.00172577
-0.00178445
-0.00185
-0.00192041
-0.00199396
-0.00206911
-0.00214457
-0.00221922
-0.00229211
-0.00236246
-0.00242962
-0.00249306
-0.00255239
-0.00260727
-0.00265749
-0.00270289
-0.00274338
-0.00277893
-0.00280955
-0.0028353
-0.00285626
-0.00287255
-0.0028843
-0.00289167
-0.00289483
-0.00289395
-0.00288921
-0.00288081
-0.00286892
-0.00285375
-0.00283548
-0.00281428
-0.00279035
-0.00276386
-0.00273497
-0.00270385
-0.00267066
-0.00263554
-0.00259863
-0.00256008
-0.00252001
-0.00247853
-0.00243577
-0.00239184
-0.00234682
-0.00230082
-0.00225392
-0.0022062
-0.00215774
-0.00210862
-0.00205888
-0.00200861
-0.00195784
-0.00190664
-0.00185504
-0.0018031
-0.00175084
-0.00169832
-0.00164555
-0.00159257
-0.0015394
-0.00148608
-0.00143261
-0.00137903
-0.00132535
-0.00127159
-0.00121776
-0.00116387
-0.00110994
-0.00105597
-0.00100197
-0.000947957
-0.000893928
-0.000839891
-0.000785852
-0.000731815
-0.000677787
-0.000623768
-0.00056976
-0.000515761
-0.000461775
-0.000407801
-0.000353841
-0.000299903
-0.00024597
-0.000192012
-0.000138148
-8.48319e-05
-3.09485e-05
-0.00243953
-0.00207699
-0.00187486
-0.00175348
-0.00166735
-0.00161049
-0.00158141
-0.0015764
-0.00159146
-0.00162309
-0.0016682
-0.00172405
-0.00178816
-0.00185836
-0.00193272
-0.00200958
-0.00208749
-0.00216519
-0.00224162
-0.00231588
-0.00238725
-0.00245511
-0.00251898
-0.00257848
-0.00263332
-0.00268332
-0.00272835
-0.00276834
-0.00280327
-0.00283319
-0.00285817
-0.0028783
-0.00289372
-0.00290458
-0.00291103
-0.00291326
-0.00291145
-0.00290579
-0.00289648
-0.0028837
-0.00286766
-0.00284854
-0.00282652
-0.0028018
-0.00277454
-0.00274492
-0.00271311
-0.00267925
-0.0026435
-0.00260599
-0.00256688
-0.00252627
-0.00248429
-0.00244106
-0.00239668
-0.00235125
-0.00230486
-0.0022576
-0.00220954
-0.00216077
-0.00211136
-0.00206136
-0.00201083
-0.00195984
-0.00190842
-0.00185664
-0.00180452
-0.0017521
-0.00169943
-0.00164652
-0.00159342
-0.00154015
-0.00148672
-0.00143317
-0.00137951
-0.00132576
-0.00127193
-0.00121804
-0.0011641
-0.00111012
-0.00105611
-0.00100208
-0.000948029
-0.000893973
-0.000839914
-0.000785855
-0.000731802
-0.000677758
-0.000623724
-0.000569704
-0.000515694
-0.000461697
-0.000407713
-0.000353747
-0.000299806
-0.00024587
-0.00019191
-0.000138051
-8.47171e-05
-3.07558e-05
-0.00231627
-0.0019198
-0.00173015
-0.00163631
-0.00157379
-0.00153604
-0.00152348
-0.00153303
-0.00156087
-0.00160366
-0.00165849
-0.00172275
-0.00179411
-0.00187051
-0.00195013
-0.00203139
-0.00211294
-0.00219359
-0.00227236
-0.00234842
-0.0024211
-0.00248985
-0.00255423
-0.00261391
-0.00266867
-0.00271833
-0.00276282
-0.00280209
-0.00283617
-0.00286512
-0.00288903
-0.00290803
-0.00292226
-0.00293188
-0.00293709
-0.00293806
-0.00293499
-0.00292808
-0.00291753
-0.00290355
-0.00288632
-0.00286605
-0.00284293
-0.00281714
-0.00278885
-0.00275825
-0.00272549
-0.00269074
-0.00265414
-0.00261583
-0.00257595
-0.00253463
-0.00249197
-0.00244811
-0.00240313
-0.00235715
-0.00231024
-0.00226249
-0.00221399
-0.0021648
-0.002115
-0.00206464
-0.00201378
-0.00196249
-0.00191079
-0.00185875
-0.00180639
-0.00175376
-0.00170089
-0.00164781
-0.00159455
-0.00154113
-0.00148757
-0.0014339
-0.00138013
-0.00132628
-0.00127237
-0.0012184
-0.00116439
-0.00111035
-0.00105629
-0.00100221
-0.000948118
-0.000894025
-0.000839934
-0.00078585
-0.000731774
-0.000677709
-0.000623658
-0.000569622
-0.0005156
-0.000461592
-0.000407597
-0.000353624
-0.00029968
-0.000245737
-0.000191766
-0.00013791
-8.45562e-05
-3.05279e-05
-0.00214593
-0.00172215
-0.00154956
-0.00148933
-0.00145643
-0.00144298
-0.00145146
-0.00147959
-0.00152374
-0.00158079
-0.00164803
-0.00172303
-0.00180364
-0.00188792
-0.00197421
-0.00206105
-0.00214717
-0.00223153
-0.00231321
-0.00239148
-0.00246575
-0.00253554
-0.00260049
-0.00266033
-0.00271488
-0.00276403
-0.00280774
-0.00284603
-0.00287895
-0.00290658
-0.00292907
-0.00294655
-0.0029592
-0.00296721
-0.00297077
-0.00297009
-0.00296537
-0.00295682
-0.00294467
-0.0029291
-0.00291034
-0.00288858
-0.00286402
-0.00283684
-0.00280723
-0.00277535
-0.00274138
-0.00270547
-0.00266777
-0.00262842
-0.00258756
-0.00254531
-0.00250179
-0.00245711
-0.00241137
-0.00236467
-0.00231709
-0.00226873
-0.00221965
-0.00216992
-0.00211962
-0.00206881
-0.00201753
-0.00196584
-0.00191379
-0.00186142
-0.00180877
-0.00175586
-0.00170274
-0.00164943
-0.00159596
-0.00154235
-0.00148863
-0.00143481
-0.0013809
-0.00132693
-0.00127291
-0.00121884
-0.00116475
-0.00111063
-0.0010565
-0.00100236
-0.000948217
-0.000894079
-0.000839948
-0.00078583
-0.000731725
-0.000677636
-0.000623563
-0.000569509
-0.000515473
-0.000461452
-0.000407446
-0.000353466
-0.000299516
-0.000245568
-0.000191596
-0.000137735
-8.43352e-05
-3.0253e-05
-0.00191941
-0.00148154
-0.00133249
-0.00131201
-0.00131493
-0.00133137
-0.00136583
-0.00141689
-0.00148122
-0.00155591
-0.00163849
-0.00172675
-0.00181875
-0.00191273
-0.00200718
-0.0021008
-0.00219247
-0.00228127
-0.00236641
-0.00244727
-0.00252335
-0.00259428
-0.00265978
-0.00271966
-0.00277382
-0.0028222
-0.00286483
-0.00290177
-0.00293312
-0.00295902
-0.00297964
-0.00299515
-0.00300576
-0.00301168
-0.00301312
-0.00301032
-0.00300349
-0.00299286
-0.00297865
-0.00296109
-0.00294038
-0.00291673
-0.00289035
-0.00286142
-0.00283013
-0.00279665
-0.00276115
-0.00272378
-0.00268471
-0.00264406
-0.00260197
-0.00255856
-0.00251395
-0.00246825
-0.00242155
-0.00237396
-0.00232555
-0.00227641
-0.00222662
-0.00217623
-0.00212531
-0.00207393
-0.00202212
-0.00196996
-0.00191746
-0.00186468
-0.00181166
-0.00175842
-0.00170499
-0.0016514
-0.00159767
-0.00154384
-0.0014899
-0.00143589
-0.00138182
-0.0013277
-0.00127354
-0.00121936
-0.00116516
-0.00111094
-0.00105673
-0.00100252
-0.000948315
-0.000894124
-0.000839947
-0.000785788
-0.000731648
-0.000677528
-0.000623429
-0.000569355
-0.000515304
-0.000461271
-0.000407253
-0.000353265
-0.00029931
-0.000245354
-0.000191371
-0.000137508
-8.40678e-05
-2.99465e-05
-0.00162783
-0.0011961
-0.00107949
-0.00110501
-0.00115008
-0.00120239
-0.00126813
-0.00134685
-0.00143551
-0.00153147
-0.00163251
-0.00173671
-0.00184235
-0.00194789
-0.00205203
-0.00215364
-0.00225181
-0.00234574
-0.00243482
-0.00251856
-0.0025966
-0.00266866
-0.00273459
-0.00279428
-0.00284772
-0.00289496
-0.00293607
-0.00297118
-0.00300046
-0.00302409
-0.00304228
-0.00305526
-0.00306326
-0.00306651
-0.00306528
-0.0030598
-0.00305032
-0.00303708
-0.00302031
-0.00300025
-0.00297712
-0.00295113
-0.00292249
-0.00289139
-0.00285802
-0.00282256
-0.00278518
-0.00274603
-0.00270526
-0.00266301
-0.00261941
-0.00257458
-0.00252864
-0.00248169
-0.00243383
-0.00238515
-0.00233573
-0.00228565
-0.00223498
-0.00218378
-0.00213212
-0.00208004
-0.0020276
-0.00197485
-0.00192182
-0.00186855
-0.00181508
-0.00176143
-0.00170763
-0.0016537
-0.00159968
-0.00154556
-0.00149138
-0.00143715
-0.00138288
-0.00132858
-0.00127426
-0.00121993
-0.00116561
-0.00111129
-0.00105697
-0.00100268
-0.000948399
-0.000894145
-0.000839914
-0.000785708
-0.000731528
-0.000677375
-0.00062325
-0.000569153
-0.000515085
-0.000461037
-0.000407009
-0.000353013
-0.000299053
-0.000245092
-0.000191109
-0.000137239
-8.3745e-05
-2.96013e-05
-0.00126327
-0.000864917
-0.0007926
-0.000870619
-0.000964277
-0.00105878
-0.00116151
-0.0012729
-0.0013903
-0.00151134
-0.00163413
-0.00175702
-0.00187858
-0.00199755
-0.00211286
-0.00222362
-0.0023291
-0.00242875
-0.00252212
-0.00260888
-0.00268884
-0.00276186
-0.00282791
-0.00288702
-0.00293928
-0.00298482
-0.00302381
-0.00305646
-0.00308299
-0.00310367
-0.00311874
-0.00312849
-0.00313318
-0.00313309
-0.00312851
-0.00311969
-0.00310692
-0.00309044
-0.00307051
-0.00304738
-0.00302127
-0.00299241
-0.00296101
-0.00292727
-0.00289138
-0.00285351
-0.00281384
-0.00277252
-0.00272971
-0.00268553
-0.00264011
-0.00259358
-0.00254603
-0.00249759
-0.00244833
-0.00239834
-0.00234771
-0.0022965
-0.00224479
-0.00219262
-0.00214007
-0.00208718
-0.00203399
-0.00198054
-0.00192688
-0.00187303
-0.00181902
-0.00176489
-0.00171066
-0.00165634
-0.00160195
-0.00154752
-0.00149305
-0.00143855
-0.00138405
-0.00132954
-0.00127504
-0.00122055
-0.00116608
-0.00111163
-0.0010572
-0.00100281
-0.000948449
-0.000894123
-0.000839831
-0.000785571
-0.000731348
-0.000677161
-0.000623008
-0.000568886
-0.000514796
-0.000460736
-0.000406701
-0.000352702
-0.00029874
-0.000244779
-0.000190799
-0.000136923
-8.3369e-05
-2.92226e-05
-0.000819233
-0.000488318
-0.000475623
-0.000613239
-0.000762115
-0.000905479
-0.00105127
-0.00120063
-0.00135136
-0.00150141
-0.00164925
-0.00179358
-0.00193328
-0.00206742
-0.00219522
-0.00231608
-0.00242952
-0.00253523
-0.00263298
-0.00272267
-0.00280427
-0.00287783
-0.00294347
-0.00300136
-0.00305171
-0.00309478
-0.00313083
-0.00316017
-0.0031831
-0.00319995
-0.00321103
-0.00321668
-0.00321721
-0.00321294
-0.00320419
-0.00319125
-0.00317442
-0.00315397
-0.00313018
-0.00310331
-0.00307358
-0.00304124
-0.00300651
-0.00296958
-0.00293065
-0.0028899
-0.00284749
-0.00280358
-0.00275832
-0.00271184
-0.00266426
-0.00261569
-0.00256625
-0.00251603
-0.00246512
-0.0024136
-0.00236153
-0.002309
-0.00225606
-0.00220277
-0.00214917
-0.00209532
-0.00204125
-0.00198699
-0.00193259
-0.00187807
-0.00182346
-0.00176877
-0.00171403
-0.00165925
-0.00160445
-0.00154965
-0.00149485
-0.00144006
-0.00138529
-0.00133055
-0.00127583
-0.00122116
-0.00116653
-0.00111193
-0.00105739
-0.00100289
-0.000948434
-0.000894027
-0.000839665
-0.000785353
-0.000731091
-0.000676868
-0.00062268
-0.000568533
-0.000514428
-0.00046036
-0.000406321
-0.000352318
-0.000298357
-0.000244402
-0.000190433
-0.000136556
-8.29461e-05
-2.88198e-05
-0.000292464
-6.86651e-05
-0.000134929
-0.000340305
-0.000551236
-0.000750388
-0.000945527
-0.00113827
-0.00132692
-0.00150983
-0.00168588
-0.00185417
-0.00201398
-0.00216474
-0.00230605
-0.00243762
-0.0025593
-0.00267106
-0.00277295
-0.00286509
-0.00294771
-0.00302104
-0.0030854
-0.00314111
-0.00318854
-0.00322808
-0.00326011
-0.00328503
-0.00330325
-0.00331517
-0.00332118
-0.00332166
-0.003317
-0.00330754
-0.00329365
-0.00327565
-0.00325387
-0.0032286
-0.00320014
-0.00316874
-0.00313467
-0.00309817
-0.00305944
-0.00301872
-0.00297617
-0.00293199
-0.00288635
-0.00283938
-0.00279124
-0.00274205
-0.00269194
-0.002641
-0.00258934
-0.00253705
-0.00248421
-0.0024309
-0.00237718
-0.00232311
-0.00226875
-0.00221415
-0.00215935
-0.00210439
-0.00204931
-0.00199414
-0.0019389
-0.00188361
-0.0018283
-0.00177298
-0.00171767
-0.00166238
-0.00160712
-0.0015519
-0.00149672
-0.0014416
-0.00138654
-0.00133153
-0.00127659
-0.00122171
-0.0011669
-0.00111216
-0.00105748
-0.00100286
-0.000948314
-0.000893823
-0.000839391
-0.000785023
-0.000730716
-0.000676456
-0.00062224
-0.000568074
-0.000513958
-0.000459884
-0.000405845
-0.000351849
-0.000297898
-0.00024396
-0.000190013
-0.000136141
-8.24765e-05
-2.83977e-05
0.000314308
0.000385689
0.000215861
-6.56742e-05
-0.000344608
-0.000605919
-0.000856307
-0.00109743
-0.00132811
-0.0015472
-0.00175407
-0.00194829
-0.00212959
-0.00229785
-0.00245309
-0.00259542
-0.00272506
-0.00284233
-0.00294759
-0.00304126
-0.0031238
-0.00319571
-0.0032575
-0.0033097
-0.00335284
-0.00338745
-0.00341407
-0.00343319
-0.00344534
-0.003451
-0.00345063
-0.00344469
-0.00343362
-0.00341781
-0.00339767
-0.00337355
-0.00334581
-0.00331476
-0.00328071
-0.00324394
-0.00320472
-0.00316329
-0.00311988
-0.00307469
-0.00302792
-0.00297974
-0.00293032
-0.00287981
-0.00282833
-0.00277602
-0.00272299
-0.00266932
-0.00261511
-0.00256045
-0.00250541
-0.00245006
-0.00239445
-0.00233864
-0.00228267
-0.00222659
-0.00217043
-0.00211423
-0.00205801
-0.0020018
-0.00194562
-0.00188948
-0.00183339
-0.00177738
-0.00172144
-0.00166558
-0.00160981
-0.00155414
-0.00149856
-0.00144308
-0.0013877
-0.00133242
-0.00127723
-0.00122214
-0.00116714
-0.00111223
-0.00105741
-0.00100268
-0.000948034
-0.000893464
-0.000838967
-0.000784543
-0.000730188
-0.000675895
-0.00062166
-0.000567483
-0.00051336
-0.000459284
-0.000405253
-0.000351271
-0.00029734
-0.000243427
-0.000189513
-0.000135664
-8.1973e-05
-2.79741e-05
0.00101704
0.000871925
0.000565914
0.000195326
-0.000161218
-0.000493748
-0.000807152
-0.00110285
-0.00138032
-0.00163914
-0.00187929
-0.00210095
-0.00230445
-0.00249025
-0.00265888
-0.00281097
-0.00294719
-0.00306828
-0.00317498
-0.00326807
-0.00334832
-0.0034165
-0.00347339
-0.00351972
-0.00355622
-0.00358359
-0.00360252
-0.00361364
-0.00361757
-0.00361491
-0.00360619
-0.00359194
-0.00357266
-0.0035488
-0.00352078
-0.00348902
-0.00345388
-0.0034157
-0.0033748
-0.00333148
-0.003286
-0.00323862
-0.00318955
-0.00313901
-0.00308719
-0.00303425
-0.00298034
-0.00292562
-0.0028702
-0.00281417
-0.00275762
-0.00270076
-0.00264361
-0.00258621
-0.00252863
-0.00247092
-0.00241313
-0.00235535
-0.00229767
-0.00223997
-0.00218229
-0.00212471
-0.00206722
-0.00200986
-0.00195263
-0.00189555
-0.00183861
-0.00178182
-0.00172519
-0.00166871
-0.0016124
-0.00155624
-0.00150022
-0.00144436
-0.00138864
-0.00133306
-0.00127761
-0.0012223
-0.00116711
-0.00111204
-0.00105708
-0.00100224
-0.000947496
-0.000892849
-0.000838293
-0.000783823
-0.000729434
-0.000675117
-0.000620868
-0.000566688
-0.000512571
-0.000458506
-0.000404492
-0.000350535
-0.000296636
-0.000242763
-0.000188899
-0.000135097
-8.14158e-05
-2.7543e-05
0.00182012
0.00141161
0.000934508
0.000446197
-1.32774e-05
-0.000438894
-0.000833759
-0.00119928
-0.00153582
-0.00184394
-0.0021245
-0.00237861
-0.00260746
-0.00281233
-0.00299452
-0.00315538
-0.00329625
-0.00341843
-0.00352323
-0.0036119
-0.00368563
-0.00374557
-0.00379283
-0.00382844
-0.0038534
-0.00386861
-0.00387496
-0.00387325
-0.00386425
-0.00384865
-0.00382712
-0.00380025
-0.00376861
-0.00373272
-0.00369304
-0.00365002
-0.00360405
-0.00355549
-0.00350468
-0.00345192
-0.00339748
-0.0033416
-0.00328451
-0.0032264
-0.00316746
-0.00310785
-0.00304771
-0.00298716
-0.00292632
-0.0028653
-0.00280419
-0.00274297
-0.00268172
-0.00262055
-0.00255949
-0.00249861
-0.00243791
-0.00237738
-0.002317
-0.00225693
-0.00219717
-0.0021377
-0.00207851
-0.00201962
-0.00196101
-0.00190268
-0.00184463
-0.00178685
-0.00172933
-0.00167207
-0.00161505
-0.00155828
-0.00150172
-0.00144538
-0.00138925
-0.00133332
-0.00127757
-0.00122199
-0.00116658
-0.00111133
-0.00105622
-0.00100125
-0.000946413
-0.000891694
-0.000837084
-0.000782573
-0.000728157
-0.000673832
-0.000619592
-0.000565426
-0.000511324
-0.000457283
-0.000403316
-0.000349417
-0.000295568
-0.000241753
-0.000187971
-0.000134264
-8.06688e-05
-2.70461e-05
)
;

boundaryField
{
    inlet
    {
        type            calculated;
        value           nonuniform List<scalar> 
30
(
0.0120427
0.0136842
0.015583
0.0175575
0.0195097
0.0213602
0.0230603
0.0245805
0.0259024
0.0270158
0.0279176
0.0286116
0.0291076
0.0294206
0.0295642
0.0295643
0.0294209
0.0291081
0.0286123
0.0279185
0.0270169
0.0259037
0.024582
0.0230619
0.021362
0.0195116
0.0175594
0.015585
0.0136862
0.0120448
)
;
    }
    outlet
    {
        type            calculated;
        value           uniform 0;
    }
    top
    {
        type            calculated;
        value           nonuniform List<scalar> 
135
(
0.0120448
0.0120191
0.011978
0.0118044
0.0108169
0.00491311
0.0054615
0.00684564
0.00786119
0.00859237
0.00917255
0.00962891
0.0099756
0.0102399
0.0104293
0.0105222
0.0105817
0.0105844
0.0105274
0.0104092
0.010225
0.00997049
0.00964607
0.00925217
0.00878723
0.00824784
0.00772469
0.00716579
0.00658557
0.00600211
0.00542662
0.00486773
0.00434199
0.00385951
0.00332003
0.00182012
0.00141161
0.000934508
0.000446197
-1.32774e-05
-0.000438894
-0.000833759
-0.00119928
-0.00153582
-0.00184394
-0.0021245
-0.00237861
-0.00260746
-0.00281233
-0.00299452
-0.00315538
-0.00329625
-0.00341843
-0.00352323
-0.0036119
-0.00368563
-0.00374557
-0.00379283
-0.00382844
-0.0038534
-0.00386861
-0.00387496
-0.00387325
-0.00386425
-0.00384865
-0.00382712
-0.00380025
-0.00376861
-0.00373272
-0.00369304
-0.00365002
-0.00360405
-0.00355549
-0.00350468
-0.00345192
-0.00339748
-0.0033416
-0.00328451
-0.0032264
-0.00316746
-0.00310785
-0.00304771
-0.00298716
-0.00292632
-0.0028653
-0.00280419
-0.00274297
-0.00268172
-0.00262055
-0.00255949
-0.00249861
-0.00243791
-0.00237738
-0.002317
-0.00225693
-0.00219717
-0.0021377
-0.00207851
-0.00201962
-0.00196101
-0.00190268
-0.00184463
-0.00178685
-0.00172933
-0.00167207
-0.00161505
-0.00155828
-0.00150172
-0.00144538
-0.00138925
-0.00133332
-0.00127757
-0.00122199
-0.00116658
-0.00111133
-0.00105622
-0.00100125
-0.000946413
-0.000891694
-0.000837084
-0.000782573
-0.000728157
-0.000673832
-0.000619592
-0.000565426
-0.000511324
-0.000457283
-0.000403316
-0.000349417
-0.000295568
-0.000241753
-0.000187971
-0.000134264
-8.06688e-05
-2.70461e-05
)
;
    }
    bottom
    {
        type            calculated;
        value           nonuniform List<scalar> 
135
(
0.0120427
0.012017
0.0119759
0.0118023
0.0108148
0.00491094
0.00545927
0.00684336
0.00785892
0.00859011
0.00917028
0.00962672
0.00997362
0.0102381
0.0104278
0.010521
0.0105808
0.0105837
0.0105271
0.0104092
0.0102254
0.00997124
0.00964715
0.00925354
0.00878886
0.00824961
0.00772672
0.00716799
0.00658787
0.00600441
0.00542886
0.00486994
0.00434418
0.00386175
0.00332249
0.0018222
0.00141361
0.000936431
0.000448029
-1.15324e-05
-0.00043723
-0.00083217
-0.00119776
-0.00153437
-0.00184255
-0.00212318
-0.00237735
-0.00260625
-0.00281117
-0.00299341
-0.00315432
-0.00329523
-0.00341746
-0.0035223
-0.00361101
-0.00368477
-0.00374475
-0.00379205
-0.00382769
-0.00385268
-0.00386793
-0.0038743
-0.00387262
-0.00386364
-0.00384807
-0.00382656
-0.00379972
-0.0037681
-0.00373223
-0.00369257
-0.00364957
-0.00360361
-0.00355507
-0.00350428
-0.00345153
-0.0033971
-0.00334124
-0.00328416
-0.00322607
-0.00316714
-0.00310754
-0.00304741
-0.00298687
-0.00292604
-0.00286504
-0.00280394
-0.00274272
-0.00268147
-0.0026203
-0.00255926
-0.00249838
-0.00243768
-0.00237714
-0.00231678
-0.00225672
-0.00219697
-0.0021375
-0.00207832
-0.00201943
-0.00196083
-0.00190251
-0.00184446
-0.00178668
-0.00172917
-0.00167191
-0.0016149
-0.00155812
-0.00150157
-0.00144524
-0.00138911
-0.00133318
-0.00127743
-0.00122186
-0.00116646
-0.00111121
-0.0010561
-0.00100114
-0.000946297
-0.000891578
-0.000836968
-0.000782461
-0.000728049
-0.000673726
-0.000619482
-0.000565321
-0.000511243
-0.000457233
-0.00040328
-0.00034938
-0.000295532
-0.000241728
-0.000187955
-0.000134253
-8.06633e-05
-2.70449e-05
)
;
    }
    obstacle
    {
        type            calculated;
        value           nonuniform List<scalar> 
120
(
0.0603693
0.0584309
0.0543157
0.0492765
0.0439794
0.0385213
0.032897
0.0271419
0.021315
0.0154777
0.00968871
0.00400256
-0.00153131
-0.00686972
-0.0119764
-0.016822
-0.0213834
-0.0256435
-0.0295914
-0.0332213
-0.0365263
-0.039497
-0.0421519
-0.0444968
-0.0465409
-0.0483092
-0.049848
-0.0511432
-0.0518655
-0.0513945
-0.0533359
-0.0536499
-0.0547013
-0.0559407
-0.0570695
-0.0580475
-0.058889
-0.0595992
-0.0601844
-0.0606584
-0.0610302
-0.0613091
-0.0615037
-0.0616267
-0.0616887
-0.0616889
-0.0616273
-0.0615047
-0.0613105
-0.0610322
-0.0606607
-0.060187
-0.0596022
-0.0588922
-0.0580509
-0.0570729
-0.0559441
-0.0547047
-0.0536531
-0.053339
0.0603694
0.0584311
0.0543157
0.0492764
0.0439792
0.0385212
0.0328969
0.0271417
0.0213146
0.0154771
0.00968788
0.00400148
-0.00153264
-0.0068713
-0.0119782
-0.016824
-0.0213856
-0.0256458
-0.0295938
-0.0332238
-0.0365289
-0.0394996
-0.0421545
-0.0444994
-0.0465435
-0.0483118
-0.0498506
-0.0511458
-0.0518683
-0.0513974
0.0667736
0.0710972
0.0766751
0.0824734
0.0879045
0.0928303
0.0972211
0.101051
0.104306
0.106993
0.109138
0.110772
0.111936
0.112678
0.113037
0.113037
0.112678
0.111936
0.110772
0.109138
0.106993
0.104306
0.101051
0.0972214
0.0928304
0.0879045
0.0824733
0.0766748
0.071097
0.0667734
)
;
    }
    frontAndBack
    {
        type            empty;
    }
}


// ************************************************************************* //
