/*--------------------------------*- C++ -*----------------------------------*\
  =========                 |
  \\      /  F ield         | OpenFOAM: The Open Source CFD Toolbox
   \\    /   O peration     | Website:  https://openfoam.org
    \\  /    A nd           | Version:  12
     \\/     M anipulation  |
\*---------------------------------------------------------------------------*/
FoamFile
{
    format      ascii;
    class       volScalarField;
    location    "360";
    object      pPrime2Mean;
}
// * * * * * * * * * * * * * * * * * * * * * * * * * * * * * * * * * * * * * //

dimensions      [0 4 -4 0 0 0 0];

internalField   nonuniform List<scalar> 
6750
(
0.00366345
0.00365815
0.00365147
0.00364555
0.00363874
0.00366428
0.00365684
0.00364517
0.00363135
0.00361681
0.00368096
0.00367175
0.00365664
0.00363732
0.00361655
0.00371277
0.00370295
0.0036867
0.00366556
0.0036429
0.00375771
0.00374872
0.00373377
0.00371411
0.00369306
0.00381258
0.00380565
0.00379405
0.00377846
0.0037617
0.00387332
0.00386941
0.00386266
0.00385306
0.00384262
0.00393565
0.00393535
0.00393445
0.00393211
0.00392942
0.00399556
0.00399915
0.00400453
0.00401003
0.00401583
0.0040497
0.00405711
0.00406869
0.00408198
0.0040963
0.00409552
0.00410641
0.00412365
0.00414411
0.00416634
0.00413139
0.00414521
0.00416719
0.00419372
0.00422269
0.00415652
0.00417256
0.00419814
0.00422928
0.00426345
0.0041709
0.00418837
0.00421628
0.00425042
0.004288
0.00417509
0.00419322
0.00422215
0.00425766
0.00429682
0.00417008
0.0041881
0.00421689
0.00425223
0.00429121
0.00415583
0.00417302
0.00420048
0.00423411
0.00427114
0.00413149
0.00414704
0.0041719
0.00420219
0.00423543
0.00409662
0.00410979
0.00413079
0.00415617
0.00418387
0.0040514
0.00406152
0.00407756
0.00409663
0.0041173
0.00399676
0.0040033
0.00401354
0.00402526
0.00403783
0.00393447
0.00393714
0.00394109
0.00394493
0.00394887
0.00386719
0.00386595
0.0038636
0.00385957
0.00385501
0.00379836
0.00379352
0.00378535
0.00377411
0.00376184
0.00373205
0.00372423
0.00371126
0.0036941
0.0036756
0.00367258
0.00366274
0.00364651
0.00362537
0.0036027
0.00362405
0.00361344
0.00359598
0.00357346
0.00354932
0.00358966
0.0035797
0.00356347
0.00354285
0.00352072
0.00357141
0.0035633
0.00355061
0.00353556
0.00351977
0.00356997
0.00356412
0.00355659
0.00354972
0.00354207
0.00361411
0.00358696
0.00353505
0.00346122
0.00336679
0.00325278
0.00311957
0.00296749
0.00279803
0.00261347
0.00241581
0.00221003
0.00200052
0.00179237
0.00159072
0.00140016
0.00122437
0.00106588
0.000925909
0.000804316
0.000699946
0.000612668
0.000539599
0.000478821
0.000428589
0.000387232
0.000353358
0.000325662
0.000303215
0.000288799
0.00361905
0.00357392
0.00350713
0.00342088
0.00331602
0.00319322
0.00305329
0.00289748
0.00272781
0.00254657
0.00235537
0.00215933
0.00196179
0.00176687
0.00157858
0.00140048
0.0012354
0.00108531
0.000951294
0.000833663
0.000732197
0.000644652
0.00057078
0.000508731
0.000456911
0.000413956
0.000378581
0.000349455
0.000325128
0.000306184
0.00360682
0.00354698
0.00346846
0.00337339
0.0032616
0.0031337
0.0029906
0.0028338
0.0026656
0.00248791
0.00230303
0.00211555
0.00192818
0.00174433
0.00156719
0.00139949
0.00124341
0.00110052
0.000971708
0.00085726
0.000756931
0.000670066
0.000595688
0.000532539
0.00047933
0.00043482
0.000397825
0.000367104
0.000341659
0.000322113
0.00358607
0.00351656
0.00342977
0.00332851
0.00321262
0.00308228
0.00293834
0.0027824
0.00261674
0.00244268
0.00226357
0.00208294
0.00190329
0.00172759
0.00155852
0.00139835
0.0012489
0.00111147
0.00098684
0.0008753
0.000776699
0.000690634
0.00061628
0.000552625
0.000498562
0.000452928
0.000414489
0.000382077
0.00035515
0.000336281
0.00356257
0.00348635
0.00339336
0.00328738
0.0031688
0.00303741
0.00289395
0.0027399
0.00257727
0.00240707
0.00223313
0.00205812
0.00188446
0.00171487
0.00155175
0.00139716
0.00125273
0.00111963
0.000998581
0.000889833
0.000793265
0.000708456
0.00063471
0.00057113
0.000516699
0.000470308
0.000430717
0.000396672
0.000368397
0.000350141
0.00354001
0.00345873
0.00336113
0.00325154
0.00313098
0.00299938
0.00285707
0.00270537
0.00254583
0.00237943
0.00220993
0.00203943
0.00187035
0.00170525
0.00154644
0.0013959
0.00125523
0.00112555
0.00100753
0.000901371
0.000806912
0.000723669
0.000650938
0.000587839
0.000533388
0.000486531
0.00044602
0.000410666
0.000381286
0.000363711
0.00352068
0.0034355
0.00333429
0.00322205
0.0031001
0.00296864
0.00282779
0.00267851
0.00252178
0.00235885
0.00219298
0.00202596
0.00186023
0.00169826
0.00154239
0.00139464
0.00125666
0.00112958
0.00101404
0.000910201
0.000817792
0.000736237
0.000664742
0.000602378
0.000548155
0.000501067
0.000459905
0.00042356
0.000393323
0.00037651
0.00350645
0.00341819
0.00331409
0.00319973
0.00307695
0.0029457
0.0028063
0.00265924
0.00250483
0.00234487
0.00218173
0.00201719
0.00185365
0.00169362
0.0015395
0.00139346
0.00125721
0.00113198
0.00101839
0.000916528
0.000826018
0.000746148
0.000675993
0.000614532
0.000560761
0.000513614
0.000472042
0.00043504
0.000404171
0.000388082
0.00349901
0.00340825
0.00330159
0.00318538
0.00306196
0.00293097
0.00279282
0.00264753
0.00249495
0.0023372
0.00217586
0.00201277
0.00185033
0.00169112
0.00153769
0.00139236
0.00125701
0.00113292
0.00102074
0.00092048
0.000831653
0.000753387
0.000684606
0.000624175
0.000571044
0.0005241
0.000482375
0.000444901
0.000413563
0.000398065
0.00350003
0.00340708
0.00329792
0.00317984
0.00305572
0.00292501
0.00278767
0.00264346
0.00249218
0.00233572
0.0021752
0.0020125
0.00185008
0.00169063
0.00153689
0.00139137
0.00125611
0.00113249
0.00102117
0.000922122
0.000834714
0.000757923
0.000690509
0.000631211
0.00057885
0.00053237
0.000490714
0.000452933
0.000421242
0.000406142
0.00351121
0.00341611
0.00330426
0.00318399
0.00305885
0.00292814
0.00279118
0.00264733
0.00249666
0.00234048
0.00217974
0.00201636
0.00185286
0.00169211
0.00153707
0.00139048
0.00125453
0.00113072
0.00101974
0.00092147
0.000835191
0.000759714
0.000693634
0.000635538
0.000584125
0.000538297
0.000496867
0.000458916
0.000426964
0.000412048
0.00353443
0.00343694
0.00332194
0.00319892
0.00307225
0.00294106
0.00280383
0.00265957
0.00250866
0.00235169
0.00218962
0.00202441
0.0018587
0.00169557
0.00153824
0.00138968
0.00125227
0.00112762
0.00101641
0.000918508
0.000833055
0.000758719
0.000693926
0.000637094
0.000586752
0.00054174
0.000500639
0.000462636
0.000430523
0.000415583
0.00357185
0.00347144
0.00335265
0.00322613
0.00309732
0.00296467
0.00282628
0.00268085
0.00252862
0.00236969
0.00220508
0.00203681
0.00186767
0.00170104
0.00154039
0.00138896
0.00124931
0.00112313
0.00101116
0.000913193
0.000828265
0.000754891
0.000691325
0.000635782
0.000586588
0.00054242
0.000501818
0.000463908
0.000431762
0.000416618
0.0036261
0.00352189
0.00339842
0.00326735
0.00313534
0.00300024
0.00285962
0.00271202
0.0025572
0.00239501
0.0022265
0.00205381
0.00187996
0.00170862
0.00154358
0.00138833
0.0012456
0.00111721
0.00100391
0.000905464
0.00082077
0.000748188
0.00068577
0.000631497
0.000583523
0.000540272
0.000500272
0.000462626
0.000430615
0.000415131
0.0037003
0.00359116
0.00346184
0.00332491
0.00318845
0.00304957
0.00290534
0.00275427
0.00259536
0.00242837
0.00225441
0.00207577
0.00189578
0.00171843
0.00154785
0.00138776
0.0012411
0.00110978
0.000994586
0.000895236
0.000810502
0.000738542
0.00067718
0.000624168
0.000577428
0.000535179
0.000495938
0.000458775
0.000427134
0.000411255
0.00379844
0.00368298
0.00354643
0.00340202
0.00325949
0.00311509
0.00296563
0.00280928
0.00264438
0.00247071
0.00228946
0.00210314
0.00191542
0.00173065
0.00155327
0.00138726
0.00123575
0.00110075
0.000983096
0.000882417
0.000797355
0.000725833
0.000665427
0.000613668
0.000568206
0.000527098
0.000488846
0.000452478
0.000421543
0.000405357
0.00392571
0.00380229
0.0036569
0.00350298
0.0033523
0.00320017
0.0030434
0.00287927
0.00270595
0.00252325
0.00233248
0.00213645
0.0019392
0.00174543
0.00155988
0.00138679
0.00122948
0.00109007
0.000969367
0.000866922
0.000781206
0.000709917
0.000650365
0.000599841
0.000555807
0.00051609
0.000479184
0.000444077
0.000414358
0.000398167
0.00408914
0.00395581
0.00379961
0.00363344
0.00347189
0.00330928
0.00314211
0.00296702
0.00278219
0.0025875
0.0023845
0.00217636
0.00196751
0.00176295
0.00156773
0.00138631
0.00122222
0.00107763
0.000953303
0.000848648
0.000761951
0.000690691
0.00063193
0.000582706
0.000540302
0.000502402
0.00046741
0.00043429
0.000406585
0.000391012
0.0042984
0.00415249
0.00398287
0.00380085
0.00362478
0.00344793
0.00326615
0.003076
0.00287571
0.00266532
0.00244679
0.00222367
0.00200075
0.00178336
0.00157681
0.00138579
0.0012139
0.00106335
0.000934792
0.000827484
0.000739514
0.000668147
0.000610215
0.000562498
0.000522113
0.000486666
0.000454508
0.000424527
0.000400059
0.000386175
0.00456681
0.00440457
0.00421786
0.00401499
0.00381939
0.00362288
0.00342109
0.0032105
0.00298965
0.00275896
0.00252081
0.00227921
0.00203932
0.00180679
0.00158714
0.00138516
0.00120446
0.00104716
0.000913767
0.000803385
0.000713922
0.000642456
0.000585599
0.000539907
0.000502317
0.000470356
0.00044245
0.000417452
0.000398104
0.000387611
0.00491301
0.00472914
0.00452005
0.00428925
0.00406673
0.00384316
0.00361395
0.00337588
0.00312792
0.00287102
0.00260816
0.00234387
0.00208366
0.0018334
0.00159871
0.00138437
0.00119383
0.001029
0.000890225
0.000776435
0.000685403
0.00061407
0.000558885
0.000516217
0.000482828
0.000456215
0.000434865
0.000417876
0.000406625
0.000402287
0.00536319
0.00514956
0.00491066
0.00464167
0.00438182
0.00412078
0.00385401
0.00357893
0.00329519
0.00300456
0.00271071
0.00241868
0.00213424
0.00186336
0.00161155
0.00138334
0.0011819
0.00100884
0.000864245
0.000746896
0.000654484
0.000583902
0.000531548
0.000493703
0.000467016
0.000448998
0.000438248
0.000434228
0.000435884
0.000442424
0.00595272
0.00569772
0.00541879
0.00509671
0.00478478
0.00447164
0.00415307
0.00382798
0.00349709
0.00316317
0.0028306
0.00250479
0.00219162
0.00189683
0.00162559
0.00138194
0.00116857
0.000986668
0.000836035
0.000715293
0.000622134
0.00055356
0.000506125
0.000476231
0.000460578
0.000456752
0.000463464
0.000480768
0.000502873
0.000528189
0.00672616
0.0064151
0.00608186
0.00568643
0.00530178
0.00491572
0.00452578
0.00413325
0.00374039
0.0033511
0.00297031
0.00260353
0.00225634
0.00193392
0.0016407
0.00137996
0.00115367
0.000962514
0.000805948
0.000682488
0.000589954
0.000525695
0.000486775
0.000470127
0.000472859
0.000492684
0.000528349
0.000580236
0.000633911
0.000689384
0.00773541
0.00735002
0.00694573
0.00645075
0.00596517
0.00547704
0.00498939
0.00450655
0.00403281
0.00357308
0.00313251
0.00271617
0.0023288
0.00197451
0.0016565
0.00137692
0.00113683
0.000936237
0.000774301
0.000649555
0.000560179
0.000504243
0.000479852
0.000485128
0.000518162
0.000576977
0.000659498
0.000765292
0.000865304
0.000964634
0.00903383
0.00855192
0.00805558
0.00742767
0.00680362
0.00617743
0.00555947
0.00495863
0.00438145
0.00383357
0.00331973
0.00284389
0.00240927
0.00201823
0.00167222
0.00137183
0.00111693
0.000906853
0.000740566
0.000616917
0.000534886
0.00049384
0.000493645
0.000534413
0.000615871
0.000736265
0.00089135
0.00107664
0.0012407
0.00139963
0.01065
0.010043
0.00942309
0.00862478
0.00782398
0.00702476
0.0062453
0.00549978
0.00479683
0.00414236
0.00354028
0.00299303
0.00250184
0.00206691
0.00168761
0.00136276
0.00109099
0.000871019
0.000701918
0.000583293
0.000515513
0.000499867
0.00053852
0.00063394
0.000787566
0.000997354
0.0012554
0.00154968
0.00180309
0.00204106
0.0126956
0.0118797
0.0110585
0.0100602
0.00906413
0.0080765
0.00711872
0.00620793
0.00535516
0.00456807
0.00385143
0.00320758
0.00263686
0.0021381
0.00170922
0.00134782
0.00105172
0.000819477
0.000650605
0.000545733
0.000506531
0.000535508
0.000635518
0.000808844
0.00105584
0.00137283
0.00175002
0.00217401
0.00256986
0.00294935
0.0158727
0.01482
0.0137566
0.0125245
0.0112826
0.0100291
0.00879328
0.00760322
0.0064809
0.00544351
0.00450239
0.0036635
0.00292845
0.00229591
0.00176309
0.00132704
0.000985666
0.000738277
0.000585915
0.000530946
0.000575969
0.000722444
0.000969685
0.00131259
0.00174081
0.00223741
0.00278081
0.00335747
0.0038621
0.00436183
0.0257836
0.0238957
0.0217521
0.0195725
0.017399
0.0152312
0.0131177
0.0111049
0.00923093
0.00752542
0.00600744
0.00468534
0.00355928
0.00262456
0.00187495
0.00130564
0.000915262
0.000706959
0.000687577
0.000865991
0.00125057
0.00184567
0.00264747
0.00364214
0.00480497
0.00610056
0.00748474
0.00894601
0.0104443
0.0117966
0.00362391
0.00360479
0.00358853
0.00357296
0.00355898
0.00354763
0.0035402
0.00353811
0.00354284
0.00355597
0.00357922
0.00361453
0.00366419
0.00373096
0.00381818
0.0039301
0.00407221
0.00425199
0.00447986
0.00477051
0.00514475
0.00563193
0.00627169
0.00711284
0.00821112
0.00962715
0.0114261
0.0138032
0.0174051
0.0278932
0.00360288
0.00358884
0.00357693
0.00356706
0.0035608
0.00355885
0.00356205
0.00357146
0.00358833
0.00361415
0.00365066
0.00369999
0.00376463
0.00384765
0.00395285
0.00408503
0.00425046
0.00445764
0.00471825
0.00504854
0.00547133
0.00601838
0.00673203
0.00766386
0.00887213
0.0104273
0.012443
0.0151539
0.0190689
0.0301605
0.0036043
0.00360088
0.00359904
0.00359895
0.00360232
0.00361013
0.0036235
0.00364366
0.00367202
0.00371015
0.00375992
0.00382356
0.00390376
0.00400382
0.00412787
0.0042812
0.00447083
0.00470617
0.00500008
0.00537025
0.00584129
0.00644714
0.00723252
0.00825097
0.00956213
0.0112458
0.0134595
0.016475
0.0206107
0.0326755
0.00363465
0.00364199
0.00365073
0.00366107
0.00367495
0.00369353
0.00371809
0.00375001
0.0037908
0.00384221
0.00390626
0.00398533
0.00408233
0.00420079
0.0043452
0.0045213
0.00473668
0.00500149
0.00532937
0.00573887
0.00625546
0.00691382
0.00775893
0.00884287
0.0102223
0.0119851
0.0143472
0.0176745
0.021963
0.0353768
0.00368993
0.00370704
0.00372598
0.00374671
0.00377131
0.00380117
0.00383768
0.00388234
0.00393675
0.00400279
0.0040826
0.00417878
0.00429442
0.00443334
0.00460034
0.00480162
0.00504534
0.00534222
0.00570646
0.0061571
0.00671981
0.00742909
0.00832863
0.0094668
0.0108946
0.0127068
0.0151909
0.0188599
0.0231882
0.0382342
0.0037644
0.00379015
0.00381855
0.00384942
0.00388475
0.00392608
0.00397495
0.00403294
0.00410177
0.00418342
0.00428016
0.00439473
0.00453043
0.00469131
0.00488247
0.00511051
0.00538399
0.00571408
0.00611527
0.00660659
0.00721333
0.00796883
0.00891419
0.0100922
0.0115462
0.0133777
0.0159633
0.0200456
0.0242941
0.0413542
0.00385169
0.00388495
0.00392198
0.00396249
0.00400836
0.00406113
0.00412245
0.00419398
0.00427756
0.00437526
0.0044895
0.0046231
0.00477952
0.00496302
0.00517896
0.00543421
0.00573764
0.0061006
0.0065376
0.00706733
0.00771416
0.00850966
0.00949137
0.010695
0.0121544
0.0139776
0.0166467
0.0212564
0.0253113
0.044887
0.00394517
0.00398491
0.00402964
0.00407914
0.00413506
0.00419895
0.00427245
0.00435732
0.00445547
0.00456908
0.00470063
0.0048531
0.00503002
0.0052358
0.005476
0.00575768
0.00608984
0.00648383
0.00695396
0.00751835
0.00820021
0.00902901
0.0100383
0.0112555
0.0127033
0.0144944
0.0172272
0.0225157
0.0262816
0.0489933
0.00403834
0.00408362
0.00413512
0.00419276
0.00425802
0.00433235
0.0044174
0.00451494
0.00462696
0.00475568
0.00490368
0.005074
0.00527026
0.00549697
0.00575981
0.00606594
0.00642432
0.0068462
0.00734555
0.00793985
0.00865113
0.00950688
0.0105367
0.0117587
0.0131821
0.0149225
0.0176947
0.0238401
0.0272562
0.0538027
0.00412529
0.00417526
0.00423258
0.00429741
0.00437102
0.00445481
0.00455037
0.00465949
0.00478414
0.00492661
0.00508949
0.00527589
0.00548952
0.00573494
0.00601785
0.0063454
0.00672648
0.00717215
0.00769604
0.008315
0.00905005
0.00992709
0.0109722
0.0121936
0.0135847
0.0152626
0.0180455
0.0252327
0.028288
0.0593506
0.00420119
0.00425502
0.00431721
0.00438813
0.00446893
0.0045609
0.00466559
0.00478474
0.00492033
0.00507464
0.00525031
0.00545045
0.00567884
0.00594005
0.00623976
0.00658505
0.0069847
0.00744957
0.007993
0.00863128
0.0093847
0.0102782
0.011335
0.0125533
0.0139089
0.0155202
0.0182841
0.0266754
0.0294144
0.065502
0.00426248
0.00431936
0.00438544
0.00446129
0.00454792
0.00464657
0.00475871
0.00488602
0.00503048
0.00519436
0.00538031
0.00559148
0.00583162
0.00610531
0.00641817
0.0067772
0.00719108
0.00767051
0.00822854
0.00888105
0.00964788
0.0105535
0.0116195
0.0128343
0.0141549
0.0157031
0.0184237
0.0281198
0.0306347
0.0718769
0.00430703
0.00436616
0.00443513
0.00451466
0.00460567
0.00470932
0.00482702
0.00496042
0.00511147
0.00528245
0.005476
0.00569527
0.005944
0.00622671
0.006549
0.00691781
0.00734172
0.00783131
0.00839938
0.00906153
0.00983733
0.0107513
0.0118243
0.0130363
0.0143255
0.01582
0.0184835
0.0294833
0.0318898
0.0778695
0.00433406
0.00439465
0.00446551
0.00454746
0.00464133
0.00474824
0.00486955
0.00500688
0.0051622
0.00533776
0.00553621
0.00576066
0.00601483
0.00630322
0.0066314
0.00700628
0.00743639
0.00793217
0.0085063
0.00917415
0.00995519
0.0108742
0.011952
0.0131621
0.0144266
0.0158811
0.0184862
0.0306285
0.0330314
0.0827299
0.00434405
0.00440534
0.00447713
0.00456025
0.00465549
0.00476395
0.00488695
0.00502615
0.00518348
0.0053612
0.00556195
0.0057888
0.00604547
0.00633646
0.00666735
0.00704503
0.00747801
0.00797667
0.00855359
0.00922406
0.0100075
0.010929
0.0120096
0.0132194
0.0144703
0.0159036
0.0184642
0.0312866
0.0337518
0.085499
0.00433835
0.00439967
0.00447148
0.00455461
0.00464985
0.00475828
0.00488125
0.00502039
0.00517765
0.00535529
0.00555593
0.00578263
0.00603914
0.00632998
0.00666075
0.00703838
0.00747137
0.00797012
0.00854719
0.00921789
0.0100017
0.0109237
0.0120049
0.0132153
0.0144667
0.0159007
0.0184577
0.0312747
0.0337432
0.0856051
0.00431693
0.0043776
0.00444856
0.00453058
0.00462446
0.00473132
0.00485252
0.00498973
0.00514486
0.00532019
0.00551832
0.00574237
0.00599608
0.00628404
0.00661191
0.00698664
0.00741681
0.00791287
0.00848746
0.00915603
0.00993814
0.0108587
0.0119384
0.0131503
0.0144162
0.0158726
0.0184682
0.0305967
0.0330089
0.0830339
0.00427857
0.00433785
0.00440701
0.00448671
0.00457783
0.00468149
0.00479911
0.00493235
0.00508316
0.00525379
0.00544687
0.00566554
0.0059136
0.00619569
0.00651751
0.00688612
0.00731017
0.00780025
0.00836918
0.00903261
0.00981025
0.0107267
0.0118027
0.0130175
0.0143092
0.0158068
0.0184578
0.0294424
0.0318615
0.0783325
0.00422308
0.00428019
0.00434657
0.00442274
0.00450963
0.00460843
0.0047206
0.00484781
0.00499203
0.0051555
0.00534089
0.00555134
0.0057907
0.00606365
0.00637597
0.00673478
0.0071489
0.00762906
0.00818835
0.00884273
0.00961213
0.010521
0.0115909
0.0128093
0.0141336
0.0156863
0.0183958
0.0280823
0.0306094
0.0724545
0.00415145
0.00420561
0.00426823
0.00433966
0.0044209
0.00451323
0.00461812
0.00473731
0.00487274
0.00502667
0.00520176
0.00540116
0.00562872
0.00588916
0.00618832
0.00653343
0.00693341
0.00739924
0.00794429
0.00858494
0.00934153
0.0102388
0.0112999
0.0125224
0.0138834
0.0155016
0.0182604
0.0266523
0.0293991
0.0661549
0.00406607
0.0041165
0.0041744
0.00423992
0.0043142
0.00439856
0.00449455
0.0046039
0.00472856
0.00487077
0.00503316
0.00521887
0.00543171
0.0056764
0.00595882
0.00628625
0.00666777
0.00711454
0.00764031
0.00826197
0.0090005
0.00988157
0.010931
0.0121571
0.0135558
0.0152442
0.0180321
0.0252316
0.0282884
0.0600444
0.00397067
0.00401658
0.00406884
0.0041274
0.00419354
0.00426868
0.0043544
0.00445243
0.00456469
0.00469337
0.00484106
0.00501082
0.00520642
0.00543251
0.00569492
0.00600101
0.00635989
0.00678294
0.00728426
0.00788132
0.00859602
0.0094556
0.0104895
0.0117169
0.0131504
0.0149067
0.0176967
0.023865
0.0272771
0.0545111
0.00387017
0.00391078
0.00395652
0.00400718
0.00406424
0.00412919
0.00420362
0.00428925
0.00438793
0.00450179
0.0046333
0.00478546
0.0049619
0.00516716
0.00540699
0.00568865
0.00602131
0.00641645
0.00688842
0.00745534
0.00814023
0.00897233
0.00998545
0.0112089
0.01267
0.0144836
0.0172478
0.0225671
0.0263271
0.049699
0.0037705
0.00380496
0.00384331
0.00388527
0.00393254
0.00398664
0.00404916
0.00412174
0.00420617
0.00430446
0.00441899
0.00455258
0.00470871
0.00489179
0.00510735
0.00536251
0.00566635
0.00603028
0.00646886
0.00700066
0.00764989
0.00844799
0.00943324
0.0106443
0.0121208
0.013974
0.0166867
0.0213325
0.0253856
0.045582
0.00367814
0.00370546
0.00373554
0.00376815
0.00380516
0.00384807
0.00389841
0.00395772
0.0040277
0.00411025
0.00420761
0.00432242
0.00445801
0.0046185
0.00480923
0.00503706
0.00531075
0.00564158
0.00604396
0.0065368
0.00714522
0.00790269
0.00885156
0.0100385
0.0115136
0.0133827
0.016022
0.020144
0.0244018
0.0420391
0.00359968
0.00361876
0.0036397
0.00366244
0.00368893
0.00372055
0.00375871
0.00380487
0.00386062
0.00392777
0.00400839
0.00410498
0.00422058
0.00435913
0.00452562
0.00472654
0.00497028
0.00526765
0.00563275
0.0060844
0.00664824
0.00735914
0.00826256
0.00941151
0.0108645
0.0127211
0.0152665
0.0189786
0.0233342
0.0389161
0.00354145
0.00355112
0.00356214
0.00357464
0.00359048
0.00361084
0.00363704
0.00367044
0.00371255
0.00376505
0.00382988
0.00390935
0.0040063
0.00412435
0.00426818
0.00444383
0.00465914
0.00492432
0.00525285
0.0056631
0.00618065
0.00684086
0.00769086
0.00878785
0.0101963
0.012009
0.0144374
0.0178124
0.0221523
0.0360676
0.0035091
0.00350835
0.00350896
0.00351101
0.00351617
0.0035255
0.0035402
0.00356152
0.00359085
0.00362974
0.00368
0.00374381
0.00382382
0.0039234
0.00404688
0.00419981
0.00438943
0.00462519
0.0049198
0.00529091
0.00576341
0.00637218
0.00716438
0.00819878
0.00954234
0.0112797
0.0135627
0.0166324
0.0208476
0.0333878
0.00350662
0.00349553
0.00348602
0.00347797
0.00347302
0.003472
0.00347588
0.00348575
0.00350288
0.00352878
0.0035652
0.00361425
0.00367847
0.00376099
0.00386577
0.00399777
0.00416344
0.00437135
0.00463314
0.00496516
0.0053907
0.00594258
0.00666558
0.0076162
0.00885882
0.010468
0.0125527
0.0153245
0.0193432
0.0308911
0.00352846
0.00351196
0.00349725
0.00348262
0.0034691
0.00345782
0.00345013
0.00344751
0.00345152
0.00346381
0.00348615
0.00352058
0.00356946
0.00363565
0.00372262
0.00383468
0.00397737
0.00415829
0.0043881
0.0046817
0.00506037
0.0055545
0.00620595
0.00706803
0.00820089
0.00966878
0.0115348
0.0139798
0.0177032
0.0286373
0.0265193
0.0245986
0.0223919
0.0201319
0.0178747
0.0156275
0.0134418
0.0113661
0.00943912
0.00769058
0.00613897
0.00479174
0.00364799
0.00270201
0.00194668
0.00137649
0.000989565
0.000788817
0.000780906
0.00097449
0.0013776
0.00199391
0.00281835
0.00383526
0.0050175
0.00632689
0.00771679
0.00917442
0.0106585
0.0119944
0.0161841
0.0151396
0.0140637
0.0127975
0.0115153
0.0102228
0.00895199
0.00773267
0.00658716
0.00553221
0.00457839
0.00373072
0.00298997
0.00235411
0.00181977
0.0013835
0.00104279
0.000796488
0.000645236
0.000591067
0.000636268
0.000782044
0.00102749
0.0013673
0.00179095
0.00228115
0.00281648
0.00338423
0.0038744
0.00436702
0.0128803
0.0120781
0.0112586
0.0102467
0.00922953
0.00821893
0.00723918
0.00630922
0.00544085
0.00464176
0.00391636
0.00326639
0.00269159
0.00219025
0.00175979
0.00139731
0.00110014
0.000866237
0.000694513
0.000584985
0.000538832
0.000558301
0.000646302
0.000805506
0.00103698
0.00133799
0.00170011
0.00211175
0.00249616
0.00287243
0.0107597
0.0101604
0.00954155
0.00873499
0.0079227
0.00711198
0.00632209
0.00556783
0.00485794
0.00419826
0.00359248
0.00304275
0.00255003
0.00211425
0.0017345
0.00140929
0.00113685
0.000915371
0.000743336
0.000619789
0.000544755
0.000519583
0.000546992
0.000630396
0.00077228
0.000971446
0.0012205
0.0015078
0.00175759
0.00199568
0.00907606
0.00859723
0.00809973
0.00746761
0.00684044
0.00621311
0.00559538
0.00499545
0.00441937
0.00387253
0.00335957
0.0028845
0.00245057
0.00206015
0.00171463
0.00141446
0.00115921
0.000947796
0.000778706
0.00065037
0.000561617
0.00051212
0.000502566
0.000534244
0.000608012
0.000722786
0.000874259
0.00105721
0.00122082
0.00137963
0.00772704
0.00734272
0.00693698
0.00644128
0.00595806
0.00547555
0.004995
0.00451947
0.00405232
0.00359803
0.00316165
0.00274841
0.00236328
0.00201057
0.00169359
0.00141442
0.00117391
0.000971795
0.000806916
0.000677613
0.000582134
0.000518995
0.000487105
0.000485564
0.00051331
0.000568804
0.000649845
0.000755258
0.00085593
0.000955434
0.00668366
0.0063738
0.00604033
0.00564698
0.00526771
0.00489019
0.00451046
0.00412844
0.00374526
0.00336413
0.00298978
0.0026278
0.00228405
0.001964
0.0016722
0.00141197
0.00118517
0.000992295
0.000832713
0.000704971
0.00060714
0.000537062
0.000492445
0.000470867
0.000469901
0.000487479
0.00052228
0.000574379
0.000629403
0.000686289
0.00588867
0.00563579
0.00535813
0.00503983
0.00473444
0.00443074
0.00412326
0.00380981
0.00348999
0.00316576
0.00284109
0.00252136
0.00221264
0.00192096
0.00165162
0.00140872
0.00119489
0.0010113
0.000857804
0.000733244
0.000635687
0.000562607
0.000511035
0.00047773
0.000459565
0.000454148
0.000460145
0.000477549
0.000500898
0.000527961
0.00528611
0.00507497
0.00483834
0.00457384
0.00432084
0.00406918
0.00381345
0.00355016
0.00327797
0.00299782
0.00271282
0.00242783
0.00214874
0.0018817
0.00163237
0.00140532
0.00120371
0.00102921
0.000882121
0.000761539
0.000665599
0.000591638
0.000536398
0.00049633
0.000468069
0.000449003
0.000437632
0.000433392
0.000435628
0.000443306
0.00482744
0.00464597
0.00443958
0.00421378
0.00399797
0.00378338
0.00356478
0.00333824
0.00310188
0.00285584
0.00260247
0.00234599
0.0020919
0.00184621
0.00161463
0.00140198
0.00121172
0.0010459
0.000905122
0.000788724
0.000694953
0.000621168
0.000564073
0.0005201
0.000485886
0.000458705
0.000436859
0.000419345
0.000407936
0.000403858
0.00447541
0.0043152
0.00413127
0.00393331
0.0037443
0.00355635
0.00336467
0.00316523
0.00295584
0.00273615
0.00250789
0.00227471
0.00204162
0.00181434
0.00159844
0.00139874
0.00121888
0.00106111
0.00092628
0.000813918
0.00072242
0.000649261
0.000591262
0.000544976
0.000507147
0.00047501
0.000446718
0.000420997
0.000400912
0.000389931
0.00420276
0.00405836
0.00389143
0.00371413
0.0035445
0.00337576
0.00320365
0.00302421
0.0028351
0.00263567
0.00242724
0.00221298
0.00199746
0.00178595
0.00158376
0.0013956
0.0012251
0.00107465
0.000945223
0.000836549
0.000747181
0.000674762
0.000616307
0.000568552
0.000528383
0.000493073
0.000460618
0.000429806
0.000404216
0.000389309
0.00399046
0.00385792
0.00370417
0.00354248
0.00338709
0.00323245
0.00307456
0.00290979
0.00273577
0.00255178
0.00235891
0.00215995
0.001959
0.00176089
0.00157057
0.00139253
0.00123033
0.00108637
0.000961747
0.000856315
0.000768803
0.000697048
0.000638277
0.000589447
0.000547586
0.00051002
0.000474846
0.000440879
0.000411861
0.000394946
0.00382499
0.00370159
0.00355833
0.00340871
0.00326401
0.00311958
0.00297184
0.00281759
0.00265461
0.00248227
0.00230151
0.00211483
0.00192588
0.00173903
0.00155885
0.00138954
0.00123456
0.00109626
0.000975795
0.000873122
0.000787132
0.000715845
0.000656694
0.000606875
0.000563592
0.000524364
0.000487395
0.000451522
0.000420488
0.000402844
0.00369653
0.00358046
0.0034458
0.00330553
0.00316877
0.00303169
0.00289095
0.002744
0.00258893
0.00242525
0.00225385
0.00207694
0.00189775
0.00172023
0.00154856
0.00138668
0.00123786
0.00110439
0.000987436
0.000887032
0.000802199
0.000731116
0.000671433
0.00062058
0.000575986
0.000535464
0.00049728
0.000460332
0.000428271
0.000410728
0.00359794
0.00348786
0.00336025
0.00322725
0.00309629
0.00296427
0.00282815
0.00268602
0.00253649
0.00237916
0.00221491
0.00204565
0.00187428
0.00170434
0.0015397
0.001384
0.00124034
0.00111089
0.000996815
0.000898191
0.000814134
0.000742981
0.00068258
0.000630595
0.000584772
0.000543174
0.000504149
0.000466674
0.000434243
0.000417292
0.00352395
0.00341867
0.00329674
0.00316932
0.00304238
0.00291357
0.00278044
0.00264129
0.00249549
0.00234273
0.00218377
0.00202037
0.0018551
0.00169122
0.00153224
0.00138157
0.00124211
0.00111592
0.00100411
0.000906777
0.000823125
0.000751634
0.000690348
0.000637182
0.000590174
0.000547639
0.00050802
0.000470359
0.000437951
0.000421765
0.00347044
0.00336889
0.00325139
0.00312809
0.00300384
0.00287692
0.00274551
0.00260805
0.00246457
0.00231488
0.00215967
0.00200055
0.00183991
0.00168069
0.00152615
0.00137945
0.0012433
0.00111963
0.00100949
0.000912974
0.000829365
0.000757289
0.000695001
0.000640654
0.000592497
0.000549125
0.000509058
0.000471399
0.00043921
0.000423715
0.00343406
0.00333535
0.0032213
0.00310094
0.00297833
0.00285233
0.00272167
0.00258505
0.00244266
0.00229476
0.00214195
0.00198575
0.00182839
0.0016726
0.0015214
0.0013777
0.00124401
0.00112215
0.00101309
0.000916938
0.00083303
0.000760148
0.000696751
0.00064121
0.000591993
0.000547873
0.000507429
0.000469871
0.000437981
0.000422967
0.00341205
0.00331551
0.00320419
0.003086
0.00296426
0.00283846
0.00270776
0.00257129
0.00242897
0.00228171
0.00213008
0.00197557
0.0018203
0.00166683
0.00151794
0.00137632
0.00124431
0.00112358
0.00101503
0.000918786
0.000834252
0.000760359
0.000695763
0.000639039
0.000588825
0.000543958
0.000503282
0.000465895
0.000434333
0.00041954
0.00340214
0.0033074
0.00319832
0.00308182
0.00296055
0.00283444
0.00270306
0.00256601
0.00242291
0.00227523
0.00212369
0.00196974
0.00181546
0.00166327
0.00151573
0.00137535
0.00124424
0.00112397
0.00101538
0.00091859
0.000833112
0.000758015
0.000692137
0.000634235
0.000583116
0.00053765
0.000496805
0.000459646
0.000428431
0.000413572
0.00340236
0.00330943
0.00320239
0.00308732
0.00296638
0.00283959
0.00270703
0.00256868
0.00242411
0.00227499
0.00212252
0.00196808
0.00181376
0.00166186
0.00151476
0.00137476
0.00124381
0.00112334
0.00101415
0.000916386
0.000829648
0.000753161
0.000685933
0.000626879
0.000574964
0.000529042
0.000488149
0.00045132
0.000420491
0.000405305
0.00341092
0.00332013
0.0032152
0.00310155
0.00298096
0.00285347
0.00271927
0.00257891
0.00243228
0.00228081
0.00212645
0.00197056
0.0018152
0.0016626
0.00151501
0.00137454
0.00124298
0.00112167
0.00101133
0.000912162
0.000823868
0.000745825
0.0006772
0.000617052
0.00056441
0.000518244
0.00047751
0.000441124
0.000410773
0.000395028
0.00342605
0.00333805
0.00323565
0.00312371
0.00300361
0.00287544
0.00273941
0.00259648
0.00244727
0.00229267
0.00213553
0.00197724
0.00181985
0.00166556
0.00151651
0.00137467
0.00124171
0.00111886
0.00100684
0.000905864
0.000815755
0.000736028
0.000665996
0.00060483
0.000551607
0.000505398
0.000464981
0.00042928
0.000399553
0.000383087
0.00344594
0.00336171
0.00326265
0.00315299
0.00303385
0.00290501
0.0027671
0.00262132
0.002469
0.00231075
0.00214999
0.00198838
0.00182793
0.00167088
0.0015193
0.0013751
0.00123986
0.00111476
0.00100051
0.000897371
0.00080525
0.000723791
0.00065241
0.000590357
0.000536751
0.00049062
0.000450791
0.000416036
0.000387115
0.000369887
0.00346866
0.00338948
0.00329491
0.00318856
0.00307076
0.00294166
0.00280201
0.00265335
0.00249757
0.00233535
0.00217022
0.00200439
0.00183981
0.00167878
0.00152347
0.00137576
0.00123725
0.00110911
0.000992099
0.000886489
0.000792255
0.000709136
0.000636583
0.000573854
0.000520073
0.000474244
0.000435203
0.000401686
0.000373819
0.000355915
0.00349195
0.00341968
0.00333114
0.0032291
0.00311351
0.00298476
0.00284391
0.00269271
0.00253345
0.00236722
0.00219706
0.00202608
0.00185612
0.00168971
0.00152917
0.00137657
0.0012336
0.00110157
0.000981243
0.000872946
0.000776637
0.000692119
0.000618752
0.000555703
0.000502049
0.000456765
0.00041867
0.000386633
0.0003602
0.000341703
0.0035123
0.00345003
0.00336968
0.0032732
0.00316097
0.0030338
0.00289291
0.00274003
0.00257771
0.00240775
0.00223213
0.00205493
0.00187814
0.00170454
0.00153687
0.00137756
0.00122864
0.00109161
0.000967372
0.00085626
0.00075816
0.000672648
0.000598985
0.000536133
0.000483041
0.000438627
0.000401773
0.000371322
0.000346292
0.000327258
0.00352445
0.0034772
0.00340822
0.00331988
0.00321352
0.00309034
0.00295152
0.00279866
0.00263429
0.00246078
0.00227935
0.00209446
0.00190863
0.00172514
0.00154743
0.00137865
0.00122143
0.00107768
0.000948488
0.00083426
0.000734943
0.000648517
0.000575026
0.000512916
0.000460898
0.00041777
0.000382319
0.000353345
0.000329402
0.000311015
0.00352126
0.00349145
0.00343619
0.00335894
0.00326164
0.00314573
0.00301241
0.00286274
0.00269849
0.00252206
0.00233493
0.00214131
0.00194466
0.00174909
0.00155901
0.00137857
0.00121121
0.0010594
0.000924399
0.000806242
0.000703977
0.000617688
0.000544804
0.000483728
0.000432959
0.000391086
0.00035691
0.000329199
0.000307014
0.000293146
0.0134144
0.00517792
0.00349655
0.00240559
0.00164984
0.0011367
0.000802051
0.000596664
0.000479531
0.000417342
0.000386737
0.000373434
0.000369254
0.000369531
0.000371546
0.000373698
0.000375075
0.000375183
0.000373811
0.000370923
0.000366578
0.000360901
0.000354057
0.000346235
0.000337627
0.000328421
0.000318771
0.000308597
0.000297865
0.000289261
0.0152479
0.00602717
0.0040829
0.00281237
0.00193184
0.00133899
0.000945255
0.000695123
0.000544921
0.000459335
0.000412917
0.00038938
0.000378902
0.000375608
0.000375937
0.000377695
0.000379543
0.000380673
0.000380608
0.000379112
0.000376109
0.000371633
0.000365787
0.000358713
0.000350575
0.000341562
0.00033187
0.000321703
0.000311595
0.000302521
0.0174757
0.00683576
0.00468729
0.00323131
0.00223265
0.0015646
0.0011136
0.000817505
0.000630922
0.00051742
0.000450179
0.000411423
0.000389976
0.000378887
0.000373806
0.000371977
0.000371637
0.000371661
0.000371325
0.000370188
0.000368017
0.000364722
0.000360304
0.000354823
0.000348374
0.000341075
0.000333042
0.000324455
0.000315959
0.000308424
0.0201074
0.00753766
0.00526944
0.00360146
0.0025081
0.0017885
0.00129455
0.000959064
0.000737511
0.000594617
0.00050372
0.000446485
0.000410895
0.00038915
0.000376183
0.000368668
0.000364391
0.000361866
0.000360086
0.000358372
0.000356295
0.000353604
0.000350169
0.000345946
0.000340948
0.000335207
0.000328746
0.000321671
0.000314723
0.000309102
0.0231914
0.00816951
0.00587193
0.00395729
0.0027856
0.00202715
0.00149648
0.00112429
0.000867931
0.000694205
0.000577321
0.000498909
0.000446457
0.000411515
0.000388371
0.000373146
0.00036317
0.000356573
0.000352039
0.000348631
0.000345697
0.000342795
0.000339639
0.000336057
0.000331954
0.000327277
0.000321969
0.000316078
0.000310354
0.0003062
0.026869
0.00872861
0.00650998
0.00428575
0.0030545
0.00227097
0.00171096
0.00130672
0.00101796
0.000814002
0.00067047
0.000569426
0.000498244
0.000448095
0.000412779
0.000387946
0.000370511
0.000358248
0.000349532
0.000343164
0.000338263
0.000334183
0.000330464
0.000326788
0.000322941
0.000318777
0.000314165
0.000309087
0.000304219
0.000301009
0.031312
0.00923315
0.00720899
0.00457855
0.00330994
0.00251346
0.0019303
0.00149884
0.00118098
0.000948714
0.000779301
0.000655516
0.000564887
0.000498432
0.000449644
0.000413812
0.00038751
0.000368213
0.000354022
0.000343496
0.000335534
0.000329294
0.000324143
0.000319608
0.00031535
0.000311122
0.000306716
0.000302037
0.000297626
0.000294841
0.0366909
0.00971592
0.0079965
0.00482879
0.00354906
0.00274794
0.0021459
0.00169161
0.00134831
0.00109056
0.000897255
0.000751936
0.000642395
0.000559645
0.000497018
0.000449559
0.000413592
0.000386361
0.000365754
0.00035013
0.000338199
0.000328949
0.000321583
0.000315487
0.000310194
0.000305352
0.00030067
0.000295971
0.00029163
0.000288811
0.0431179
0.0102221
0.00889722
0.0050314
0.00376998
0.00296705
0.00234867
0.0018755
0.00151051
0.00123067
0.00101635
0.000851758
0.000724939
0.000626955
0.000551073
0.000492201
0.000446501
0.00041105
0.00038359
0.000362337
0.000345861
0.000333009
0.000322854
0.000314655
0.000307828
0.000301918
0.00029655
0.000291467
0.000286869
0.000283663
0.0505838
0.0108062
0.00992536
0.00518489
0.00397132
0.00316337
0.0025302
0.0020418
0.00165879
0.00136053
0.00112862
0.000947722
0.000806045
0.000694706
0.000606951
0.000537636
0.000482826
0.000439503
0.000405313
0.000378382
0.000357192
0.000340494
0.00032726
0.000316649
0.00030798
0.000300704
0.000294371
0.000288643
0.000283556
0.000279738
0.0588439
0.0115164
0.0110745
0.00529182
0.00415097
0.00333024
0.00268381
0.00218361
0.00178613
0.00147319
0.00122734
0.00103342
0.000879726
0.000757403
0.000659708
0.000581472
0.000518731
0.000468418
0.000428129
0.000395941
0.000370287
0.000349864
0.00033358
0.000320521
0.000309929
0.00030118
0.000293758
0.000287258
0.000281565
0.00027704
0.0673501
0.0123701
0.0123052
0.0053582
0.00430529
0.00346276
0.00280522
0.00229642
0.00188785
0.0015639
0.00130769
0.00110405
0.00094127
0.00081053
0.000705087
0.000619784
0.00055065
0.000494608
0.000449237
0.000412595
0.000383091
0.0003594
0.000340391
0.000325108
0.000312738
0.000302602
0.00029413
0.000286865
0.000280569
0.000275363
0.0752812
0.0133281
0.0135382
0.00539205
0.00442909
0.00355855
0.00289271
0.00237822
0.00196176
0.00163022
0.00136697
0.00115669
0.000987631
0.000850979
0.000740025
0.000649619
0.000575804
0.000515508
0.000466314
0.000426277
0.000393802
0.000367551
0.000346384
0.000329315
0.000315501
0.000304226
0.000294885
0.00028698
0.000280181
0.000274417
0.08165
0.0142628
0.0146315
0.00540206
0.00451679
0.00361813
0.00294699
0.00242925
0.00200791
0.00167183
0.00140446
0.00119026
0.00101743
0.000877185
0.00076283
0.000669242
0.000592474
0.000529468
0.000477812
0.00043557
0.000401146
0.000373202
0.00035059
0.000332315
0.000317521
0.000305471
0.000295539
0.000287204
0.000280073
0.00027394
0.0852124
0.0148884
0.0152988
0.00540136
0.0045621
0.00364485
0.00297121
0.00245192
0.00202829
0.00169026
0.00142114
0.00120526
0.00103081
0.000888988
0.000773132
0.000678129
0.000600044
0.000535822
0.00048306
0.00043982
0.000404508
0.000375783
0.000352497
0.00033366
0.000318409
0.000306005
0.000295813
0.000287297
0.000280036
0.000273753
0.0852457
0.0148996
0.0153246
0.00540566
0.00455891
0.00364282
0.00296892
0.00244933
0.00202571
0.00168781
0.00141887
0.00120318
0.00102891
0.000887274
0.000771597
0.000676769
0.000598857
0.000534803
0.000482198
0.000439098
0.000403904
0.000375272
0.000352062
0.00033329
0.000318104
0.000305766
0.000295641
0.000287195
0.000280003
0.000273785
0.0817458
0.0142934
0.0147018
0.00541507
0.00450831
0.00361237
0.00294046
0.00242177
0.00200037
0.00166466
0.00139781
0.00118416
0.00101189
0.000872183
0.00075836
0.000665293
0.000589036
0.000526521
0.00047532
0.00043348
0.000399391
0.000371716
0.000349322
0.000331242
0.000316639
0.000304785
0.000295055
0.000286926
0.000279998
0.000274059
0.0754278
0.0133709
0.013635
0.00541319
0.00441804
0.00355005
0.00288282
0.00236661
0.00194986
0.00161881
0.00135638
0.00114701
0.000978864
0.000843109
0.000733031
0.000643479
0.000570489
0.00051097
0.000462479
0.000423052
0.000391081
0.000365239
0.000344414
0.00032766
0.000314157
0.000303202
0.000294189
0.000286616
0.000280147
0.000274698
0.0675334
0.0124186
0.0124084
0.00538575
0.00429473
0.0034528
0.00279308
0.00228169
0.00187238
0.00154893
0.00129378
0.00109138
0.00092988
0.000800391
0.000696165
0.000612033
0.000544002
0.000488971
0.000444489
0.000408594
0.000379703
0.000356516
0.00033795
0.000323086
0.000311135
0.000301429
0.000293397
0.000286575
0.000280717
0.000275928
0.059051
0.0115668
0.0111675
0.00532283
0.00414342
0.00332017
0.00267054
0.00216684
0.00176803
0.00145548
0.00121087
0.0010185
0.000866429
0.000745714
0.000649567
0.00057279
0.000511388
0.000462258
0.000422968
0.000391597
0.000366607
0.000346749
0.00033098
0.000318425
0.000308342
0.000300114
0.000293222
0.000287254
0.000282086
0.000278055
0.0508044
0.0108572
0.00999712
0.00521529
0.00396809
0.00315444
0.00251686
0.0020241
0.00163914
0.00134106
0.0011105
0.000931416
0.000791693
0.00068229
0.000596378
0.000528761
0.000475457
0.00043341
0.000400252
0.000374145
0.000353631
0.000337529
0.000324862
0.000314816
0.000306723
0.000300036
0.000294299
0.000289168
0.000284661
0.000281386
0.0433448
0.010274
0.00894261
0.00505677
0.00377085
0.00296009
0.00233619
0.00185799
0.00149054
0.00121065
0.000997708
0.000835128
0.000710522
0.000614729
0.0005409
0.000483871
0.000439743
0.000405561
0.000379093
0.000358626
0.000342814
0.000330572
0.000321015
0.00031342
0.000307213
0.000301935
0.000297205
0.000292755
0.000288767
0.000286123
0.0369203
0.00976957
0.00801556
0.00484521
0.00355227
0.00274309
0.00213495
0.00167534
0.0013293
0.00107134
0.000879398
0.000736187
0.000628996
0.000548559
0.000488054
0.000442439
0.000407974
0.000381906
0.000362194
0.000347294
0.000336003
0.000327364
0.000320612
0.000315142
0.000310493
0.000306304
0.000302277
0.000298222
0.000294497
0.000292232
0.0315413
0.00928878
0.00720496
0.00458313
0.00331267
0.00251005
0.00192123
0.00148474
0.00116419
0.000931668
0.000763569
0.000641866
0.000553553
0.000489341
0.000442561
0.000408397
0.000383398
0.000365087
0.000351668
0.000341798
0.000334447
0.000328814
0.00032428
0.00032038
0.00031677
0.000313196
0.00030944
0.000305396
0.000301584
0.000299326
0.027096
0.00878535
0.00648732
0.00427688
0.00305359
0.00226768
0.00170372
0.00129546
0.00100444
0.000800311
0.000658008
0.000558875
0.00048978
0.0004416
0.000407981
0.000384501
0.000368091
0.000356615
0.000348548
0.000342775
0.000338462
0.000334982
0.00033188
0.00032883
0.000325615
0.000322081
0.000318093
0.000313622
0.00030932
0.000306596
0.0234137
0.00822529
0.00583484
0.00393467
0.00277849
0.00202251
0.00149076
0.00111621
0.000858343
0.000684603
0.000568806
0.000491996
0.000441231
0.000407822
0.000385946
0.0003717
0.000362473
0.000356487
0.000352505
0.000349648
0.000347286
0.000344976
0.00034242
0.000339436
0.000335923
0.000331827
0.00032709
0.000321755
0.000316553
0.000312834
0.0203219
0.00758941
0.00522109
0.00356616
0.00249361
0.00178149
0.00128993
0.000954142
0.000731948
0.000589197
0.000499169
0.000443134
0.000408749
0.000388053
0.000375929
0.000369072
0.000365338
0.000363307
0.000362021
0.000360833
0.00035931
0.000357181
0.000354302
0.000350617
0.000346133
0.000340889
0.000334914
0.00032832
0.000321833
0.000316596
0.0176794
0.0068801
0.00463024
0.00318623
0.00221153
0.00155502
0.00110967
0.000815282
0.000628864
0.000515577
0.000448934
0.000410968
0.000390291
0.000379865
0.000375342
0.000373998
0.000374114
0.000374595
0.000374734
0.000374094
0.000372425
0.000369613
0.000365648
0.000360588
0.000354527
0.000347594
0.00033992
0.000331705
0.000323589
0.000316389
0.0154404
0.0060585
0.0040172
0.0027626
0.00190785
0.00132827
0.000941999
0.000694888
0.000545351
0.000459941
0.000413857
0.000390801
0.000380829
0.000378025
0.000378846
0.000381119
0.000383486
0.000385118
0.000385531
0.000384466
0.000381839
0.000377679
0.000372091
0.000365223
0.000357253
0.00034839
0.000338861
0.000328904
0.000319063
0.000310272
0.0136039
0.00519314
0.00342268
0.00235702
0.00162708
0.00112619
0.000799122
0.000597249
0.000481024
0.000419023
0.000388681
0.0003758
0.000372131
0.00037298
0.000375625
0.000378457
0.000380498
0.000381194
0.000380282
0.000377699
0.000373515
0.000367878
0.000360977
0.00035302
0.000344231
0.000334831
0.000325014
0.000314762
0.000304091
0.000295723
0.00028566
0.000277113
0.000266063
0.000255067
0.000244687
0.000234898
0.000225654
0.000216936
0.000208722
0.000200979
0.000193672
0.000186765
0.000180227
0.000174027
0.000168137
0.000162532
0.000157189
0.000152087
0.000147207
0.000142532
0.000138046
0.000133734
0.000129585
0.000125585
0.000121724
0.000117992
0.000114381
0.000110881
0.000107485
0.000104187
0.00010098
9.78586e-05
9.48181e-05
9.18536e-05
8.89609e-05
8.61364e-05
8.33767e-05
8.06788e-05
7.804e-05
7.54579e-05
7.29303e-05
7.04553e-05
6.80313e-05
6.56567e-05
6.33303e-05
6.10509e-05
5.88175e-05
5.66292e-05
5.44852e-05
5.23848e-05
5.03275e-05
4.83134e-05
4.63418e-05
4.44122e-05
4.25242e-05
4.06777e-05
3.88724e-05
3.71085e-05
3.53859e-05
3.3704e-05
3.20628e-05
3.04623e-05
2.89026e-05
2.73836e-05
2.59054e-05
2.44679e-05
2.30712e-05
2.17152e-05
2.04e-05
1.91257e-05
1.78923e-05
1.66998e-05
1.55483e-05
1.44378e-05
1.33683e-05
1.23398e-05
1.13524e-05
1.0406e-05
9.50073e-06
8.63659e-06
7.8136e-06
7.03179e-06
6.29118e-06
5.59173e-06
4.93344e-06
4.31636e-06
3.74053e-06
3.20593e-06
2.71256e-06
2.26032e-06
1.84918e-06
1.47912e-06
1.15022e-06
8.628e-07
6.16779e-07
4.11689e-07
2.47475e-07
1.24726e-07
4.36545e-08
4.71832e-09
0.000289286
0.00027904
0.000268324
0.000257714
0.000247639
0.000238131
0.000229133
0.000220609
0.000212533
0.000204875
0.000197607
0.000190699
0.000184125
0.000177861
0.000171883
0.000166172
0.000160707
0.000155472
0.00015045
0.000145628
0.00014099
0.000136526
0.000132223
0.000128072
0.000124062
0.000120184
0.00011643
0.000112792
0.000109264
0.000105839
0.000102511
9.92748e-05
9.61248e-05
9.30569e-05
9.00668e-05
8.71506e-05
8.43049e-05
8.15266e-05
7.88127e-05
7.61607e-05
7.35682e-05
7.10331e-05
6.85535e-05
6.61277e-05
6.37541e-05
6.14314e-05
5.91583e-05
5.69337e-05
5.47568e-05
5.26268e-05
5.05429e-05
4.85038e-05
4.65093e-05
4.45591e-05
4.26527e-05
4.07897e-05
3.89697e-05
3.71922e-05
3.54569e-05
3.37641e-05
3.21136e-05
3.05049e-05
2.8938e-05
2.74128e-05
2.59291e-05
2.4487e-05
2.30863e-05
2.17269e-05
2.04088e-05
1.9132e-05
1.78965e-05
1.67023e-05
1.55493e-05
1.44377e-05
1.33672e-05
1.23381e-05
1.13501e-05
1.04033e-05
9.4978e-06
8.63347e-06
7.81042e-06
7.02867e-06
6.28812e-06
5.58876e-06
4.93064e-06
4.31372e-06
3.73803e-06
3.20355e-06
2.71028e-06
2.25824e-06
1.84742e-06
1.47777e-06
1.14928e-06
8.62004e-07
6.16011e-07
4.11063e-07
2.47053e-07
1.24483e-07
4.35612e-08
4.69787e-09
0.000292297
0.000281306
0.000270224
0.000259442
0.000249368
0.000239968
0.000231119
0.000222746
0.000214802
0.000207249
0.000200055
0.000193193
0.000186637
0.000180367
0.000174363
0.000168606
0.000163082
0.000157776
0.000152673
0.000147763
0.000143032
0.000138472
0.000134071
0.00012982
0.00012571
0.000121735
0.000117885
0.000114154
0.000110535
0.000107023
0.000103611
0.000100294
9.70674e-05
9.39268e-05
9.0868e-05
8.7887e-05
8.49804e-05
8.21449e-05
7.93775e-05
7.66755e-05
7.40365e-05
7.14582e-05
6.89385e-05
6.64756e-05
6.40678e-05
6.17136e-05
5.94115e-05
5.71604e-05
5.49591e-05
5.28066e-05
5.0702e-05
4.86446e-05
4.66337e-05
4.46685e-05
4.27485e-05
4.08733e-05
3.90423e-05
3.72552e-05
3.55115e-05
3.38111e-05
3.21537e-05
3.05389e-05
2.89666e-05
2.74366e-05
2.59488e-05
2.45031e-05
2.30992e-05
2.17371e-05
2.04167e-05
1.91379e-05
1.79007e-05
1.67051e-05
1.55509e-05
1.44383e-05
1.33671e-05
1.23373e-05
1.13489e-05
1.04018e-05
9.49593e-06
8.63141e-06
7.80823e-06
7.0264e-06
6.28587e-06
5.58657e-06
4.92847e-06
4.31158e-06
3.73596e-06
3.20162e-06
2.70849e-06
2.25656e-06
1.84589e-06
1.47651e-06
1.1483e-06
8.6118e-07
6.15291e-07
4.10503e-07
2.46688e-07
1.24273e-07
4.34592e-08
4.67417e-09
0.000292654
0.000281765
0.000270739
0.000260049
0.000250139
0.000240943
0.000232303
0.000224123
0.000216346
0.000208931
0.000201845
0.00019506
0.000188554
0.000182309
0.000176309
0.000170538
0.000164984
0.000159635
0.00015448
0.000149509
0.000144711
0.000140079
0.000135603
0.000131276
0.000127089
0.000123036
0.00011911
0.000115303
0.000111611
0.000108027
0.000104546
0.000101163
9.78734e-05
9.46726e-05
9.15564e-05
8.85212e-05
8.55634e-05
8.26797e-05
7.98671e-05
7.71229e-05
7.44444e-05
7.18293e-05
6.92754e-05
6.67808e-05
6.43437e-05
6.19624e-05
5.96354e-05
5.73614e-05
5.51391e-05
5.29674e-05
5.08453e-05
4.87719e-05
4.67464e-05
4.4768e-05
4.28361e-05
4.09501e-05
3.91094e-05
3.73135e-05
3.55621e-05
3.38547e-05
3.2191e-05
3.05707e-05
2.89934e-05
2.74591e-05
2.59675e-05
2.45184e-05
2.31117e-05
2.17471e-05
2.04246e-05
1.9144e-05
1.79052e-05
1.67082e-05
1.5553e-05
1.44394e-05
1.33674e-05
1.2337e-05
1.1348e-05
1.04005e-05
9.49442e-06
8.62968e-06
7.80632e-06
7.02435e-06
6.28378e-06
5.58458e-06
4.92648e-06
4.3095e-06
3.73391e-06
3.19969e-06
2.70669e-06
2.25488e-06
1.84437e-06
1.47517e-06
1.14714e-06
8.602e-07
6.14489e-07
4.09884e-07
2.4627e-07
1.24032e-07
4.33476e-08
4.64934e-09
0.000290483
0.000280334
0.000269839
0.000259598
0.000250087
0.000241239
0.000232897
0.000224969
0.000217401
0.000210154
0.000203199
0.000196513
0.000190077
0.000183875
0.000177897
0.000172129
0.000166563
0.000161188
0.000155997
0.000150981
0.000146133
0.000141445
0.00013691
0.00013252
0.00012827
0.000124153
0.000120163
0.000116294
0.00011254
0.000108896
0.000105357
0.000101918
9.85739e-05
9.53216e-05
9.21564e-05
8.90747e-05
8.60729e-05
8.31477e-05
8.02962e-05
7.75154e-05
7.48027e-05
7.21557e-05
6.95722e-05
6.705e-05
6.45874e-05
6.21825e-05
5.98337e-05
5.75397e-05
5.5299e-05
5.31105e-05
5.0973e-05
4.88855e-05
4.68472e-05
4.48572e-05
4.29147e-05
4.10191e-05
3.91698e-05
3.73662e-05
3.56078e-05
3.38942e-05
3.22249e-05
3.05996e-05
2.9018e-05
2.74798e-05
2.59849e-05
2.45327e-05
2.31232e-05
2.17563e-05
2.04318e-05
1.91496e-05
1.79094e-05
1.67113e-05
1.5555e-05
1.44405e-05
1.33678e-05
1.23367e-05
1.13472e-05
1.03994e-05
9.49301e-06
8.62809e-06
7.80451e-06
7.02236e-06
6.28166e-06
5.58235e-06
4.92431e-06
4.3075e-06
3.73198e-06
3.19776e-06
2.70481e-06
2.25311e-06
1.84271e-06
1.47364e-06
1.1458e-06
8.59084e-07
6.1359e-07
4.09199e-07
2.45806e-07
1.23764e-07
4.32289e-08
4.62393e-09
0.000286663
0.000277579
0.000267909
0.000258354
0.000249403
0.000241005
0.000233026
0.000225392
0.000218061
0.000211003
0.000204195
0.00019762
0.000191265
0.000185119
0.000179173
0.000173421
0.000167854
0.000162467
0.000157253
0.000152205
0.000147319
0.000142588
0.000138006
0.000133567
0.000129266
0.000125097
0.000121055
0.000117134
0.000113329
0.000109634
0.000106047
0.000102561
9.91717e-05
9.5876e-05
9.26696e-05
8.95486e-05
8.65096e-05
8.35493e-05
8.06647e-05
7.78529e-05
7.51111e-05
7.2437e-05
6.98281e-05
6.72825e-05
6.4798e-05
6.23729e-05
6.00055e-05
5.76943e-05
5.54378e-05
5.32347e-05
5.1084e-05
4.89844e-05
4.6935e-05
4.49349e-05
4.29834e-05
4.10795e-05
3.92227e-05
3.74124e-05
3.56479e-05
3.39289e-05
3.22548e-05
3.06252e-05
2.90398e-05
2.74982e-05
2.60001e-05
2.45452e-05
2.31334e-05
2.17644e-05
2.04382e-05
1.91545e-05
1.79131e-05
1.67139e-05
1.55567e-05
1.44415e-05
1.33681e-05
1.23364e-05
1.13465e-05
1.03982e-05
9.49157e-06
8.62642e-06
7.80271e-06
7.02044e-06
6.27962e-06
5.58019e-06
4.92208e-06
4.3053e-06
3.72986e-06
3.19571e-06
2.70283e-06
2.25123e-06
1.84093e-06
1.47196e-06
1.1443e-06
8.57858e-07
6.12611e-07
4.08462e-07
2.4532e-07
1.23489e-07
4.31085e-08
4.59834e-09
0.000282173
0.000274192
0.000265442
0.00025667
0.000248345
0.000240437
0.000232845
0.00022552
0.000218435
0.000211571
0.000204914
0.000198454
0.000192184
0.000186099
0.000180192
0.000174462
0.000168902
0.000163511
0.000158282
0.000153213
0.000148298
0.000143534
0.000138916
0.000134438
0.000130096
0.000125885
0.0001218
0.000117836
0.000113989
0.000110254
0.000106626
0.000103101
9.96748e-05
9.63431e-05
9.31022e-05
8.99485e-05
8.68785e-05
8.38888e-05
8.09765e-05
7.81386e-05
7.53724e-05
7.26755e-05
7.00453e-05
6.74798e-05
6.4977e-05
6.25348e-05
6.01517e-05
5.78259e-05
5.5556e-05
5.33407e-05
5.11787e-05
4.90688e-05
4.701e-05
4.50014e-05
4.3042e-05
4.11311e-05
3.9268e-05
3.74519e-05
3.56823e-05
3.39586e-05
3.22804e-05
3.06472e-05
2.90585e-05
2.75139e-05
2.60131e-05
2.45559e-05
2.31421e-05
2.17714e-05
2.04437e-05
1.91586e-05
1.79161e-05
1.67159e-05
1.55579e-05
1.4442e-05
1.33681e-05
1.2336e-05
1.13457e-05
1.03971e-05
9.49004e-06
8.62464e-06
7.8008e-06
7.01844e-06
6.27754e-06
5.57803e-06
4.91988e-06
4.30307e-06
3.72763e-06
3.19355e-06
2.70076e-06
2.24924e-06
1.83904e-06
1.4702e-06
1.14273e-06
8.5653e-07
6.11544e-07
4.07677e-07
2.44818e-07
1.23217e-07
4.29942e-08
4.57407e-09
0.000277825
0.00027078
0.000262887
0.000254873
0.000247153
0.000239717
0.000232499
0.000225471
0.000218621
0.000211943
0.00020543
0.000199081
0.000192894
0.000186868
0.000181002
0.000175296
0.000169748
0.000164357
0.00015912
0.000154035
0.0001491
0.000144311
0.000139663
0.000135154
0.00013078
0.000126535
0.000122416
0.000118418
0.000114537
0.000110768
0.000107107
0.00010355
0.000100093
9.67314e-05
9.34622e-05
9.02814e-05
8.71857e-05
8.41717e-05
8.12364e-05
7.8377e-05
7.55905e-05
7.28746e-05
7.02268e-05
6.76448e-05
6.51266e-05
6.26703e-05
6.0274e-05
5.79361e-05
5.56551e-05
5.34295e-05
5.1258e-05
4.91396e-05
4.70729e-05
4.50571e-05
4.30913e-05
4.11745e-05
3.9306e-05
3.74851e-05
3.57111e-05
3.39836e-05
3.23019e-05
3.06656e-05
2.90741e-05
2.7527e-05
2.60239e-05
2.45648e-05
2.31493e-05
2.17771e-05
2.04481e-05
1.91619e-05
1.79184e-05
1.67174e-05
1.55587e-05
1.44423e-05
1.33679e-05
1.23354e-05
1.13447e-05
1.03957e-05
9.48847e-06
8.62287e-06
7.79887e-06
7.01641e-06
6.27543e-06
5.57586e-06
4.91766e-06
4.30083e-06
3.72538e-06
3.19131e-06
2.69857e-06
2.24716e-06
1.83707e-06
1.46838e-06
1.14111e-06
8.55161e-07
6.10456e-07
4.06892e-07
2.44326e-07
1.22961e-07
4.28922e-08
4.55211e-09
0.000274153
0.000267763
0.000260565
0.000253199
0.000246006
0.000238985
0.000232098
0.000225335
0.000218696
0.000212184
0.000205802
0.000199553
0.000193442
0.000187471
0.000181643
0.000175961
0.000170425
0.000165037
0.000159796
0.0001547
0.000149749
0.00014494
0.000140271
0.000135737
0.000131337
0.000127065
0.000122918
0.000118892
0.000114984
0.000111187
0.0001075
0.000103917
0.000100435
9.70493e-05
9.37569e-05
9.05541e-05
8.74375e-05
8.44037e-05
8.14497e-05
7.85726e-05
7.57696e-05
7.30381e-05
7.03758e-05
6.77803e-05
6.52496e-05
6.27816e-05
6.03746e-05
5.80267e-05
5.57365e-05
5.35025e-05
5.13234e-05
4.91978e-05
4.71247e-05
4.5103e-05
4.31318e-05
4.12101e-05
3.93372e-05
3.75123e-05
3.57348e-05
3.4004e-05
3.23195e-05
3.06809e-05
2.90873e-05
2.75378e-05
2.60326e-05
2.45718e-05
2.3155e-05
2.17816e-05
2.04516e-05
1.91645e-05
1.79202e-05
1.67185e-05
1.55592e-05
1.44422e-05
1.33674e-05
1.23346e-05
1.13435e-05
1.03943e-05
9.48688e-06
8.62112e-06
7.79698e-06
7.01441e-06
6.27335e-06
5.57373e-06
4.91549e-06
4.29864e-06
3.72318e-06
3.18911e-06
2.69642e-06
2.24509e-06
1.83512e-06
1.46656e-06
1.1395e-06
8.53819e-07
6.09413e-07
4.06159e-07
2.43884e-07
1.22741e-07
4.28105e-08
4.53358e-09
0.000271391
0.000265351
0.000258649
0.000251787
0.000245014
0.00023833
0.000231717
0.000225175
0.000218715
0.000212344
0.000206073
0.000199911
0.000193864
0.000187941
0.000182146
0.000176486
0.000170962
0.000165577
0.000160334
0.000155231
0.000150268
0.000145444
0.000140757
0.000136204
0.000131783
0.00012749
0.000123321
0.000119273
0.000115342
0.000111524
0.000107816
0.000104212
0.00010071
9.73049e-05
9.3994e-05
9.07735e-05
8.76401e-05
8.45903e-05
8.16213e-05
7.873e-05
7.59138e-05
7.31699e-05
7.04959e-05
6.78896e-05
6.53487e-05
6.28714e-05
6.04557e-05
5.80998e-05
5.58022e-05
5.35615e-05
5.13761e-05
4.92448e-05
4.71665e-05
4.514e-05
4.31645e-05
4.12389e-05
3.93624e-05
3.75342e-05
3.57538e-05
3.40205e-05
3.23337e-05
3.06927e-05
2.9097e-05
2.75461e-05
2.60398e-05
2.45778e-05
2.31598e-05
2.17854e-05
2.04544e-05
1.91666e-05
1.79216e-05
1.67192e-05
1.55594e-05
1.44419e-05
1.33667e-05
1.23336e-05
1.13424e-05
1.0393e-05
9.48538e-06
8.61946e-06
7.79521e-06
7.01255e-06
6.27141e-06
5.57173e-06
4.91347e-06
4.29661e-06
3.72112e-06
3.18704e-06
2.69437e-06
2.24311e-06
1.83324e-06
1.46485e-06
1.138e-06
8.52578e-07
6.08473e-07
4.05527e-07
2.43523e-07
1.22573e-07
4.2753e-08
4.51882e-09
0.00026953
0.000263584
0.000257192
0.00025069
0.000244228
0.000237801
0.0002314
0.000225034
0.000218715
0.000212459
0.000206278
0.000200185
0.000194191
0.000188307
0.000182539
0.000176896
0.000171382
0.000166001
0.000160756
0.000155647
0.000150675
0.000145839
0.000141139
0.000136571
0.000132133
0.000127823
0.000123638
0.000119572
0.000115624
0.000111789
0.000108064
0.000104444
0.000100926
9.75058e-05
9.41804e-05
9.0946e-05
8.77994e-05
8.47372e-05
8.17563e-05
7.88539e-05
7.60272e-05
7.32735e-05
7.05904e-05
6.79755e-05
6.54268e-05
6.29421e-05
6.05195e-05
5.81574e-05
5.5854e-05
5.36079e-05
5.14176e-05
4.92818e-05
4.71994e-05
4.51692e-05
4.31902e-05
4.12615e-05
3.93823e-05
3.75516e-05
3.57689e-05
3.40335e-05
3.23447e-05
3.0702e-05
2.91048e-05
2.75527e-05
2.60454e-05
2.45824e-05
2.31635e-05
2.17883e-05
2.04566e-05
1.9168e-05
1.79225e-05
1.67196e-05
1.55594e-05
1.44416e-05
1.33661e-05
1.23328e-05
1.13414e-05
1.03919e-05
9.48406e-06
8.618e-06
7.79363e-06
7.01089e-06
6.26969e-06
5.56996e-06
4.91167e-06
4.2948e-06
3.71931e-06
3.18522e-06
2.69255e-06
2.24132e-06
1.83156e-06
1.46332e-06
1.13667e-06
8.51515e-07
6.07697e-07
4.05024e-07
2.43244e-07
1.2245e-07
4.27176e-08
4.50787e-09
0.000268409
0.000262391
0.000256169
0.000249905
0.000243658
0.000237415
0.00023117
0.000224934
0.000218723
0.000212552
0.00020644
0.000200399
0.000194446
0.00018859
0.000182843
0.000177213
0.000171706
0.000166328
0.00016108
0.000155967
0.000150987
0.000146143
0.000141431
0.000136852
0.000132402
0.000128079
0.00012388
0.000119801
0.000115839
0.000111991
0.000108253
0.000104621
0.000101091
9.7659e-05
9.43225e-05
9.10775e-05
8.79208e-05
8.48491e-05
8.18592e-05
7.89483e-05
7.61137e-05
7.33525e-05
7.06625e-05
6.80411e-05
6.54863e-05
6.2996e-05
6.05683e-05
5.82014e-05
5.58936e-05
5.36434e-05
5.14493e-05
4.93102e-05
4.72246e-05
4.51916e-05
4.321e-05
4.12789e-05
3.93975e-05
3.75649e-05
3.57805e-05
3.40435e-05
3.23532e-05
3.07092e-05
2.91109e-05
2.75579e-05
2.60497e-05
2.4586e-05
2.31664e-05
2.17905e-05
2.04582e-05
1.91691e-05
1.79231e-05
1.67199e-05
1.55594e-05
1.44413e-05
1.33656e-05
1.23321e-05
1.13405e-05
1.03909e-05
9.48296e-06
8.61677e-06
7.79232e-06
7.00951e-06
6.26827e-06
5.56849e-06
4.91017e-06
4.29333e-06
3.71788e-06
3.18379e-06
2.69106e-06
2.23978e-06
1.83012e-06
1.46206e-06
1.13558e-06
8.5065e-07
6.07101e-07
4.04655e-07
2.43053e-07
1.22375e-07
4.27e-08
4.49966e-09
0.000267816
0.000261658
0.000255517
0.0002494
0.000243293
0.000237173
0.000231035
0.000224889
0.000218752
0.000212641
0.000206575
0.000200571
0.000194645
0.000188809
0.000183075
0.000177453
0.00017195
0.000166572
0.000161322
0.000156204
0.000151219
0.000146367
0.000141647
0.000137058
0.000132599
0.000128266
0.000124057
0.000119968
0.000115997
0.000112139
0.000108391
0.00010475
0.000101211
9.77706e-05
9.44259e-05
9.11732e-05
8.80092e-05
8.49305e-05
8.19341e-05
7.9017e-05
7.61765e-05
7.341e-05
7.07149e-05
6.80888e-05
6.55297e-05
6.30353e-05
6.06038e-05
5.82334e-05
5.59224e-05
5.36693e-05
5.14725e-05
4.93309e-05
4.72431e-05
4.5208e-05
4.32245e-05
4.12917e-05
3.94087e-05
3.75748e-05
3.5789e-05
3.40508e-05
3.23596e-05
3.07147e-05
2.91155e-05
2.75617e-05
2.60529e-05
2.45886e-05
2.31685e-05
2.17922e-05
2.04594e-05
1.91699e-05
1.79235e-05
1.67201e-05
1.55594e-05
1.44412e-05
1.33653e-05
1.23316e-05
1.13399e-05
1.03901e-05
9.4821e-06
8.61585e-06
7.79132e-06
7.00846e-06
6.26718e-06
5.56738e-06
4.90905e-06
4.29224e-06
3.71681e-06
3.18277e-06
2.69005e-06
2.23864e-06
1.82898e-06
1.46106e-06
1.13473e-06
8.50015e-07
6.06674e-07
4.04393e-07
2.42917e-07
1.22326e-07
4.26968e-08
4.49434e-09
0.000267556
0.000261272
0.00025517
0.000249138
0.000243115
0.000237069
0.000230995
0.000224904
0.000218811
0.000212735
0.000206696
0.000200713
0.000194801
0.000188975
0.000183248
0.000177629
0.000172126
0.000166747
0.000161494
0.000156371
0.000151381
0.000146522
0.000141796
0.000137201
0.000132734
0.000128394
0.000124178
0.000120082
0.000116104
0.000112239
0.000108485
0.000104837
0.000101292
9.78458e-05
9.44956e-05
9.12377e-05
8.80686e-05
8.49852e-05
8.19843e-05
7.90631e-05
7.62188e-05
7.34486e-05
7.07501e-05
6.81209e-05
6.55588e-05
6.30617e-05
6.06277e-05
5.8255e-05
5.59418e-05
5.36868e-05
5.14882e-05
4.93449e-05
4.72556e-05
4.52191e-05
4.32344e-05
4.13005e-05
3.94164e-05
3.75815e-05
3.57949e-05
3.4056e-05
3.2364e-05
3.07185e-05
2.91188e-05
2.75646e-05
2.60553e-05
2.45905e-05
2.317e-05
2.17933e-05
2.04602e-05
1.91705e-05
1.7924e-05
1.67204e-05
1.55595e-05
1.44412e-05
1.33651e-05
1.23313e-05
1.13394e-05
1.03896e-05
9.48152e-06
8.61522e-06
7.79065e-06
7.00775e-06
6.26645e-06
5.56658e-06
4.90816e-06
4.2913e-06
3.71591e-06
3.18185e-06
2.68922e-06
2.23813e-06
1.82857e-06
1.46042e-06
1.13406e-06
8.49585e-07
6.06441e-07
4.04234e-07
2.42806e-07
1.22286e-07
4.27075e-08
4.4925e-09
0.000267496
0.000261154
0.000255074
0.000249084
0.0002431
0.000237089
0.000231044
0.000224975
0.0002189
0.000212838
0.000206809
0.000200831
0.000194923
0.000189098
0.000183371
0.00017775
0.000172245
0.000166861
0.000161605
0.000156478
0.000151482
0.000146619
0.000141888
0.000137287
0.000132816
0.000128471
0.00012425
0.00012015
0.000116167
0.000112298
0.000108539
0.000104887
0.000101339
9.78892e-05
9.45357e-05
9.12746e-05
8.81026e-05
8.50164e-05
8.2013e-05
7.90894e-05
7.62428e-05
7.34706e-05
7.07701e-05
6.81392e-05
6.55755e-05
6.30768e-05
6.06414e-05
5.82673e-05
5.5953e-05
5.36969e-05
5.14973e-05
4.93531e-05
4.72629e-05
4.52257e-05
4.32403e-05
4.13057e-05
3.94211e-05
3.75856e-05
3.57985e-05
3.40592e-05
3.23668e-05
3.07209e-05
2.91209e-05
2.75664e-05
2.60568e-05
2.45918e-05
2.3171e-05
2.17942e-05
2.04609e-05
1.91711e-05
1.79244e-05
1.67207e-05
1.55597e-05
1.44412e-05
1.33651e-05
1.23311e-05
1.13393e-05
1.03893e-05
9.48121e-06
8.61487e-06
7.79026e-06
7.0073e-06
6.26597e-06
5.5661e-06
4.90762e-06
4.2907e-06
3.71528e-06
3.1812e-06
2.6886e-06
2.23754e-06
1.82804e-06
1.46014e-06
1.134e-06
8.49602e-07
6.06432e-07
4.04107e-07
2.42703e-07
1.22272e-07
4.27208e-08
4.49171e-09
0.000267576
0.000261258
0.000255193
0.000249212
0.000243231
0.000237219
0.000231172
0.000225099
0.000219018
0.000212949
0.000206913
0.000200928
0.000195013
0.000189182
0.000183448
0.000177821
0.00017231
0.000166922
0.00016166
0.000156529
0.000151529
0.000146662
0.000141927
0.000137323
0.000132849
0.000128501
0.000124278
0.000120175
0.00011619
0.000112319
0.000108559
0.000104905
0.000101355
9.7904e-05
9.45492e-05
9.1287e-05
8.81139e-05
8.50268e-05
8.20225e-05
7.90981e-05
7.62507e-05
7.34778e-05
7.07767e-05
6.81453e-05
6.55811e-05
6.30819e-05
6.0646e-05
5.82715e-05
5.59568e-05
5.37005e-05
5.15007e-05
4.93561e-05
4.72657e-05
4.52282e-05
4.32426e-05
4.13078e-05
3.9423e-05
3.75873e-05
3.58001e-05
3.40607e-05
3.23682e-05
3.07221e-05
2.9122e-05
2.75673e-05
2.60577e-05
2.45925e-05
2.31717e-05
2.17947e-05
2.04614e-05
1.91715e-05
1.79248e-05
1.67211e-05
1.556e-05
1.44414e-05
1.33652e-05
1.23312e-05
1.13393e-05
1.03893e-05
9.48116e-06
8.61478e-06
7.79013e-06
7.00712e-06
6.2657e-06
5.56581e-06
4.9074e-06
4.2905e-06
3.71505e-06
3.18097e-06
2.68837e-06
2.2373e-06
1.82782e-06
1.46004e-06
1.13397e-06
8.49554e-07
6.06406e-07
4.04127e-07
2.42723e-07
1.22281e-07
4.27244e-08
4.492e-09
0.000267815
0.0002616
0.000255539
0.000249528
0.000243513
0.000237465
0.000231381
0.000225275
0.000219163
0.000213068
0.000207008
0.000201004
0.000195072
0.000189226
0.000183479
0.000177843
0.000172323
0.000166928
0.00016166
0.000156524
0.000151521
0.000146651
0.000141914
0.000137309
0.000132833
0.000128484
0.000124261
0.000120158
0.000116173
0.000112302
0.000108542
0.00010489
0.00010134
9.78898e-05
9.45358e-05
9.12744e-05
8.81021e-05
8.50158e-05
8.20123e-05
7.90887e-05
7.62422e-05
7.347e-05
7.07696e-05
6.81388e-05
6.55752e-05
6.30768e-05
6.06415e-05
5.82673e-05
5.59531e-05
5.36972e-05
5.14979e-05
4.93538e-05
4.72637e-05
4.52266e-05
4.32412e-05
4.13066e-05
3.94221e-05
3.75866e-05
3.57996e-05
3.40603e-05
3.23679e-05
3.0722e-05
2.9122e-05
2.75674e-05
2.60578e-05
2.45927e-05
2.31719e-05
2.17949e-05
2.04616e-05
1.91718e-05
1.79251e-05
1.67214e-05
1.55603e-05
1.44417e-05
1.33655e-05
1.23314e-05
1.13395e-05
1.03895e-05
9.4813e-06
8.61491e-06
7.79024e-06
7.0072e-06
6.26575e-06
5.56585e-06
4.90747e-06
4.29061e-06
3.71515e-06
3.18104e-06
2.6884e-06
2.23729e-06
1.82785e-06
1.46011e-06
1.13401e-06
8.49532e-07
6.06418e-07
4.04244e-07
2.42832e-07
1.22308e-07
4.27102e-08
4.49215e-09
0.000268314
0.000262253
0.000256167
0.000250075
0.000243974
0.000237844
0.000231685
0.000225511
0.000219342
0.000213196
0.000207094
0.000201054
0.000195093
0.000189223
0.000183458
0.000177806
0.000172275
0.00016687
0.000161596
0.000156455
0.000151449
0.000146578
0.00014184
0.000137235
0.00013276
0.000128414
0.000124192
0.000120092
0.00011611
0.000112242
0.000108485
0.000104835
0.000101289
9.78421e-05
9.44912e-05
9.12328e-05
8.80636e-05
8.49801e-05
8.19794e-05
7.90584e-05
7.62144e-05
7.34445e-05
7.07464e-05
6.81177e-05
6.5556e-05
6.30594e-05
6.06258e-05
5.82534e-05
5.59407e-05
5.36861e-05
5.1488e-05
4.93451e-05
4.72561e-05
4.52199e-05
4.32353e-05
4.13015e-05
3.94176e-05
3.75829e-05
3.57965e-05
3.40576e-05
3.23657e-05
3.07202e-05
2.91206e-05
2.75663e-05
2.60569e-05
2.45921e-05
2.31714e-05
2.17946e-05
2.04614e-05
1.91717e-05
1.79252e-05
1.67215e-05
1.55605e-05
1.4442e-05
1.33658e-05
1.23318e-05
1.13399e-05
1.03898e-05
9.48166e-06
8.61527e-06
7.79059e-06
7.00754e-06
6.26609e-06
5.56618e-06
4.90781e-06
4.29096e-06
3.71547e-06
3.18144e-06
2.68874e-06
2.23744e-06
1.82801e-06
1.46035e-06
1.13426e-06
8.49734e-07
6.06553e-07
4.04366e-07
2.42919e-07
1.22334e-07
4.27009e-08
4.49457e-09
0.000269244
0.000263325
0.00025715
0.0002509
0.000244644
0.000238375
0.000232093
0.000225811
0.00021955
0.000213327
0.000207162
0.00020107
0.000195067
0.000189164
0.000183372
0.0001777
0.000172153
0.000166738
0.000161457
0.000156311
0.000151303
0.000146431
0.000141695
0.000137093
0.000132622
0.00012828
0.000124063
0.000119969
0.000115993
0.000112131
0.00010838
0.000104737
0.000101196
9.77555e-05
9.44105e-05
9.11578e-05
8.7994e-05
8.49158e-05
8.19201e-05
7.90038e-05
7.61643e-05
7.33987e-05
7.07046e-05
6.80796e-05
6.55215e-05
6.30281e-05
6.05976e-05
5.82281e-05
5.59179e-05
5.36656e-05
5.14698e-05
4.9329e-05
4.72419e-05
4.52074e-05
4.32242e-05
4.12918e-05
3.94092e-05
3.75756e-05
3.57902e-05
3.40523e-05
3.23612e-05
3.07165e-05
2.91175e-05
2.75637e-05
2.60548e-05
2.45904e-05
2.31701e-05
2.17936e-05
2.04608e-05
1.91713e-05
1.79249e-05
1.67215e-05
1.55607e-05
1.44423e-05
1.33661e-05
1.23322e-05
1.13403e-05
1.03904e-05
9.48222e-06
8.61586e-06
7.7912e-06
7.00815e-06
6.2667e-06
5.56678e-06
4.90837e-06
4.29145e-06
3.71596e-06
3.18186e-06
2.68919e-06
2.23804e-06
1.82858e-06
1.46082e-06
1.1347e-06
8.5012e-07
6.06834e-07
4.04546e-07
2.43019e-07
1.22366e-07
4.26961e-08
4.49867e-09
0.00027083
0.000264951
0.000258572
0.000252052
0.000245551
0.000239071
0.000232607
0.000226172
0.000219782
0.000213453
0.000207201
0.00020104
0.00019498
0.000189034
0.000183208
0.00017751
0.000171946
0.000166518
0.000161229
0.000156079
0.000151071
0.000146201
0.000141469
0.000136872
0.000132408
0.000128074
0.000123866
0.000119781
0.000115814
0.000111962
0.000108221
0.000104587
0.000101056
9.76247e-05
9.42887e-05
9.10447e-05
8.78892e-05
8.48189e-05
8.18308e-05
7.89218e-05
7.6089e-05
7.33299e-05
7.06418e-05
6.80224e-05
6.54695e-05
6.29811e-05
6.05551e-05
5.81898e-05
5.58836e-05
5.36349e-05
5.14422e-05
4.93044e-05
4.72204e-05
4.51884e-05
4.32073e-05
4.12768e-05
3.93961e-05
3.75643e-05
3.57805e-05
3.40439e-05
3.2354e-05
3.07105e-05
2.91126e-05
2.75597e-05
2.60515e-05
2.45876e-05
2.31679e-05
2.1792e-05
2.04596e-05
1.91705e-05
1.79245e-05
1.67213e-05
1.55606e-05
1.44424e-05
1.33665e-05
1.23327e-05
1.13409e-05
1.0391e-05
9.48298e-06
8.61668e-06
7.79205e-06
7.00905e-06
6.26761e-06
5.5677e-06
4.90927e-06
4.29229e-06
3.71672e-06
3.18258e-06
2.68994e-06
2.23884e-06
1.82938e-06
1.46156e-06
1.13537e-06
8.50655e-07
6.07216e-07
4.0479e-07
2.43146e-07
1.22412e-07
4.27009e-08
4.50513e-09
0.000273302
0.000267257
0.000260505
0.000253572
0.000246713
0.000239937
0.000233225
0.000226585
0.000220026
0.00021356
0.000207197
0.000200947
0.000194818
0.000188817
0.000182951
0.000177223
0.000171637
0.000166195
0.000160898
0.000155747
0.000150739
0.000145874
0.000141149
0.000136562
0.000132109
0.000127787
0.000123591
0.000119519
0.000115566
0.000111728
0.000108001
0.000104381
0.000100863
9.74443e-05
9.41208e-05
9.08889e-05
8.77449e-05
8.46858e-05
8.17081e-05
7.8809e-05
7.59857e-05
7.32353e-05
7.05555e-05
6.79439e-05
6.53982e-05
6.29165e-05
6.04968e-05
5.81373e-05
5.58364e-05
5.35926e-05
5.14045e-05
4.92707e-05
4.71901e-05
4.51615e-05
4.31839e-05
4.12565e-05
3.93784e-05
3.75489e-05
3.57671e-05
3.40323e-05
3.23442e-05
3.07022e-05
2.91056e-05
2.75539e-05
2.60467e-05
2.45838e-05
2.31649e-05
2.17897e-05
2.04579e-05
1.91693e-05
1.79237e-05
1.67208e-05
1.55605e-05
1.44426e-05
1.33669e-05
1.23333e-05
1.13417e-05
1.03919e-05
9.48395e-06
8.61773e-06
7.7932e-06
7.01025e-06
6.26884e-06
5.56893e-06
4.91051e-06
4.2935e-06
3.7179e-06
3.18374e-06
2.69109e-06
2.23998e-06
1.83043e-06
1.46251e-06
1.1362e-06
8.51327e-07
6.07694e-07
4.05098e-07
2.43315e-07
1.22483e-07
4.27199e-08
4.51449e-09
0.000276816
0.000270314
0.000262975
0.000255462
0.000248121
0.000240955
0.000233927
0.000227028
0.00022026
0.000213625
0.000207128
0.000200772
0.00019456
0.000188495
0.000182581
0.000176819
0.000171209
0.000165753
0.00016045
0.000155297
0.000150294
0.000145437
0.000140723
0.000136149
0.000131712
0.000127406
0.000123229
0.000119175
0.00011524
0.000111421
0.000107712
0.00010411
0.00010061
9.72083e-05
9.39015e-05
9.06854e-05
8.75568e-05
8.45121e-05
8.15483e-05
7.86622e-05
7.58511e-05
7.31124e-05
7.04434e-05
6.78418e-05
6.53056e-05
6.28326e-05
6.04211e-05
5.80691e-05
5.57751e-05
5.35377e-05
5.13554e-05
4.9227e-05
4.71513e-05
4.51271e-05
4.31536e-05
4.12301e-05
3.93554e-05
3.75287e-05
3.57495e-05
3.40173e-05
3.23315e-05
3.06913e-05
2.90964e-05
2.75462e-05
2.60404e-05
2.45787e-05
2.31609e-05
2.17866e-05
2.04556e-05
1.91677e-05
1.79227e-05
1.67203e-05
1.55604e-05
1.44429e-05
1.33674e-05
1.23341e-05
1.13426e-05
1.0393e-05
9.48522e-06
8.6191e-06
7.79465e-06
7.01177e-06
6.27041e-06
5.57052e-06
4.9121e-06
4.29509e-06
3.71948e-06
3.1853e-06
2.69262e-06
2.24144e-06
1.83179e-06
1.46371e-06
1.13722e-06
8.52137e-07
6.08291e-07
4.05495e-07
2.43543e-07
1.22587e-07
4.27536e-08
4.52639e-09
0.000281361
0.000274067
0.000265919
0.000257662
0.000249719
0.000242076
0.000234666
0.00022746
0.000220445
0.000213614
0.000206961
0.000200483
0.000194176
0.00018804
0.000182073
0.000176274
0.000170641
0.000165171
0.000159863
0.000154713
0.000149717
0.000144873
0.000140175
0.00013562
0.000131204
0.00012692
0.000122766
0.000118736
0.000114826
0.000111031
0.000107346
0.000103767
0.00010029
9.69103e-05
9.36247e-05
9.0429e-05
8.73198e-05
8.42936e-05
8.13472e-05
7.84777e-05
7.56821e-05
7.29579e-05
7.03026e-05
6.77139e-05
6.51895e-05
6.27276e-05
6.03262e-05
5.79837e-05
5.56985e-05
5.34691e-05
5.12941e-05
4.91725e-05
4.71029e-05
4.50844e-05
4.3116e-05
4.1197e-05
3.93264e-05
3.75036e-05
3.57278e-05
3.39986e-05
3.23155e-05
3.06777e-05
2.90849e-05
2.75367e-05
2.60326e-05
2.45724e-05
2.31559e-05
2.17828e-05
2.04528e-05
1.91657e-05
1.79214e-05
1.67197e-05
1.55603e-05
1.44432e-05
1.33681e-05
1.2335e-05
1.13438e-05
1.03944e-05
9.48676e-06
8.62079e-06
7.79642e-06
7.01362e-06
6.27231e-06
5.57246e-06
4.91404e-06
4.29702e-06
3.7214e-06
3.1872e-06
2.69446e-06
2.24321e-06
1.83342e-06
1.46515e-06
1.13844e-06
8.5311e-07
6.09018e-07
4.05985e-07
2.43825e-07
1.22726e-07
4.28108e-08
4.54282e-09
0.00028666
0.000278273
0.000269136
0.000260017
0.000251382
0.000243198
0.000235359
0.000227811
0.000220523
0.000213476
0.000206652
0.00020004
0.000193631
0.000187418
0.000181396
0.00017556
0.000169903
0.000164423
0.000159114
0.00015397
0.000148988
0.000144162
0.000139487
0.000134958
0.000130569
0.000126315
0.000122191
0.000118192
0.000114312
0.000110548
0.000106893
0.000103343
9.98947e-05
9.65428e-05
9.32837e-05
9.01133e-05
8.70282e-05
8.4025e-05
8.11003e-05
7.82512e-05
7.54749e-05
7.27687e-05
7.01303e-05
6.75572e-05
6.50475e-05
6.25991e-05
6.02103e-05
5.78794e-05
5.56049e-05
5.33853e-05
5.12194e-05
4.9106e-05
4.70439e-05
4.50323e-05
4.30702e-05
4.11568e-05
3.92913e-05
3.74731e-05
3.57015e-05
3.3976e-05
3.2296e-05
3.06612e-05
2.9071e-05
2.75251e-05
2.60231e-05
2.45648e-05
2.31498e-05
2.17781e-05
2.04493e-05
1.91632e-05
1.79198e-05
1.67188e-05
1.55601e-05
1.44434e-05
1.33688e-05
1.2336e-05
1.13451e-05
1.0396e-05
9.48854e-06
8.62273e-06
7.79848e-06
7.01575e-06
6.27452e-06
5.57471e-06
4.91629e-06
4.29927e-06
3.72362e-06
3.18937e-06
2.69655e-06
2.24517e-06
1.83524e-06
1.46679e-06
1.13984e-06
8.54241e-07
6.0987e-07
4.06572e-07
2.44178e-07
1.22907e-07
4.28879e-08
4.56244e-09
0.000292123
0.000282466
0.00027227
0.000262258
0.000252911
0.000244167
0.000235885
0.000227981
0.00022041
0.000213137
0.000206136
0.000199387
0.000192873
0.000186584
0.000180508
0.000174637
0.000168962
0.000163476
0.000158172
0.000153043
0.000148081
0.000143282
0.000138637
0.000134142
0.000129789
0.000125573
0.000121487
0.000117527
0.000113686
0.000109959
0.000106342
0.000102829
9.94153e-05
9.60975e-05
9.28708e-05
8.97316e-05
8.6676e-05
8.37007e-05
8.08025e-05
7.79783e-05
7.52254e-05
7.25411e-05
6.9923e-05
6.7369e-05
6.4877e-05
6.2445e-05
6.00714e-05
5.77545e-05
5.54928e-05
5.32851e-05
5.113e-05
4.90265e-05
4.69735e-05
4.49701e-05
4.30154e-05
4.11088e-05
3.92494e-05
3.74367e-05
3.567e-05
3.39489e-05
3.22729e-05
3.06416e-05
2.90545e-05
2.75114e-05
2.60119e-05
2.45557e-05
2.31426e-05
2.17724e-05
2.0445e-05
1.91602e-05
1.79178e-05
1.67177e-05
1.55596e-05
1.44436e-05
1.33695e-05
1.23372e-05
1.13466e-05
1.03977e-05
9.49053e-06
8.6249e-06
7.80075e-06
7.01809e-06
6.27688e-06
5.57711e-06
4.91874e-06
4.3017e-06
3.726e-06
3.19171e-06
2.69881e-06
2.2473e-06
1.83721e-06
1.46858e-06
1.14139e-06
8.555e-07
6.10837e-07
4.07254e-07
2.44598e-07
1.23131e-07
4.29841e-08
4.58473e-09
0.00029686
0.000285974
0.000274822
0.00026402
0.000254033
0.000244776
0.000236079
0.00022784
0.000219997
0.000212507
0.000205334
0.000198452
0.00019184
0.000185479
0.000179356
0.000173458
0.000167773
0.00016229
0.000157001
0.000151895
0.000146965
0.000142203
0.000137599
0.000133148
0.000128842
0.000124673
0.000120636
0.000116724
0.000112931
0.000109252
0.00010568
0.000102212
9.88415e-05
9.55649e-05
9.23778e-05
8.92761e-05
8.62563e-05
8.33147e-05
8.04483e-05
7.7654e-05
7.49291e-05
7.22711e-05
6.96775e-05
6.71462e-05
6.46753e-05
6.22629e-05
5.99073e-05
5.7607e-05
5.53606e-05
5.31669e-05
5.10247e-05
4.89329e-05
4.68906e-05
4.48969e-05
4.29511e-05
4.10524e-05
3.92002e-05
3.7394e-05
3.56331e-05
3.39172e-05
3.22458e-05
3.06186e-05
2.90352e-05
2.74953e-05
2.59987e-05
2.4545e-05
2.31341e-05
2.17658e-05
2.04401e-05
1.91566e-05
1.79154e-05
1.67163e-05
1.55591e-05
1.44437e-05
1.33701e-05
1.23383e-05
1.13482e-05
1.03996e-05
9.49261e-06
8.62716e-06
7.80316e-06
7.02057e-06
6.27938e-06
5.57964e-06
4.92135e-06
4.30428e-06
3.72842e-06
3.19403e-06
2.70111e-06
2.24954e-06
1.83928e-06
1.47042e-06
1.14298e-06
8.56823e-07
6.11874e-07
4.07999e-07
2.45073e-07
1.23391e-07
4.30968e-08
4.60944e-09
0.000299778
0.00028802
0.000276232
0.000264903
0.000254456
0.000244803
0.000235768
0.000227243
0.000219162
0.000211479
0.000204153
0.000197154
0.000190456
0.000184038
0.000177881
0.000171969
0.000166287
0.000160821
0.00015556
0.000150493
0.000145607
0.000140895
0.000136346
0.000131952
0.000127705
0.000123597
0.00011962
0.000115767
0.000112033
0.000108412
0.000104896
0.000101482
9.81634e-05
9.49365e-05
9.17968e-05
8.87402e-05
8.57629e-05
8.28616e-05
8.0033e-05
7.72742e-05
7.45826e-05
7.19555e-05
6.93908e-05
6.68863e-05
6.44403e-05
6.20508e-05
5.97164e-05
5.74356e-05
5.52072e-05
5.30299e-05
5.09026e-05
4.88245e-05
4.67947e-05
4.48124e-05
4.28768e-05
4.09874e-05
3.91435e-05
3.73448e-05
3.55906e-05
3.38807e-05
3.22147e-05
3.05922e-05
2.9013e-05
2.74769e-05
2.59835e-05
2.45327e-05
2.31243e-05
2.17582e-05
2.04343e-05
1.91525e-05
1.79126e-05
1.67145e-05
1.55582e-05
1.44437e-05
1.33707e-05
1.23394e-05
1.13497e-05
1.04015e-05
9.49477e-06
8.62948e-06
7.80559e-06
7.02309e-06
6.28197e-06
5.58225e-06
4.92395e-06
4.30683e-06
3.73087e-06
3.19641e-06
2.70342e-06
2.25172e-06
1.8413e-06
1.47224e-06
1.14457e-06
8.58159e-07
6.12939e-07
4.08784e-07
2.45583e-07
1.23674e-07
4.32182e-08
4.63496e-09
0.000299834
0.000287928
0.000276047
0.000264596
0.000253958
0.000244074
0.000234805
0.000226064
0.000217795
0.000209954
0.000202505
0.000195414
0.000188654
0.000182199
0.000176028
0.000170122
0.000164461
0.000159031
0.000153817
0.000148804
0.000143981
0.000139336
0.000134858
0.000130537
0.000126363
0.000122329
0.000118426
0.000114647
0.000110984
0.000107431
0.000103983
0.000100633
9.73763e-05
9.42083e-05
9.11245e-05
8.81209e-05
8.51937e-05
8.23394e-05
7.95551e-05
7.68378e-05
7.41848e-05
7.15938e-05
6.90626e-05
6.65892e-05
6.41718e-05
6.18089e-05
5.9499e-05
5.72406e-05
5.50328e-05
5.28743e-05
5.07642e-05
4.87018e-05
4.66862e-05
4.47168e-05
4.27929e-05
4.0914e-05
3.90796e-05
3.72894e-05
3.55429e-05
3.38398e-05
3.21799e-05
3.05628e-05
2.89883e-05
2.74563e-05
2.59666e-05
2.4519e-05
2.31134e-05
2.17497e-05
2.04279e-05
1.91478e-05
1.79093e-05
1.67125e-05
1.55572e-05
1.44435e-05
1.33713e-05
1.23405e-05
1.13512e-05
1.04034e-05
9.49696e-06
8.63189e-06
7.80811e-06
7.02564e-06
6.28454e-06
5.5848e-06
4.92637e-06
4.3092e-06
3.73332e-06
3.19879e-06
2.70563e-06
2.25375e-06
1.84317e-06
1.47394e-06
1.14607e-06
8.59426e-07
6.13955e-07
4.0953e-07
2.46068e-07
1.23948e-07
4.33415e-08
4.66117e-09
0.000296715
0.000285692
0.000274254
0.000263013
0.000252386
0.000242393
0.000232966
0.000224062
0.000215648
0.000207691
0.000200156
0.000193009
0.000186221
0.000179765
0.000173614
0.000167746
0.000162139
0.000156776
0.000151638
0.000146709
0.000141976
0.000137424
0.000133041
0.000128817
0.00012474
0.000120802
0.000116993
0.000113305
0.000109732
0.000106265
0.000102899
9.96281e-05
9.64468e-05
9.33504e-05
9.03344e-05
8.73947e-05
8.45277e-05
8.17299e-05
7.89984e-05
7.63304e-05
7.37234e-05
7.11751e-05
6.86835e-05
6.62468e-05
6.38633e-05
6.15315e-05
5.92502e-05
5.70182e-05
5.48344e-05
5.2698e-05
5.06084e-05
4.85641e-05
4.65648e-05
4.46101e-05
4.26996e-05
4.08328e-05
3.90093e-05
3.72287e-05
3.54903e-05
3.37947e-05
3.21415e-05
3.05303e-05
2.89612e-05
2.74338e-05
2.59481e-05
2.45041e-05
2.31016e-05
2.17405e-05
2.04209e-05
1.91427e-05
1.79059e-05
1.67104e-05
1.55563e-05
1.44435e-05
1.33719e-05
1.23417e-05
1.13529e-05
1.04055e-05
9.49933e-06
8.63439e-06
7.81066e-06
7.02821e-06
6.28711e-06
5.58735e-06
4.92883e-06
4.31157e-06
3.73561e-06
3.20096e-06
2.70764e-06
2.2556e-06
1.84488e-06
1.47549e-06
1.14743e-06
8.60586e-07
6.14896e-07
4.10206e-07
2.46487e-07
1.24184e-07
4.34528e-08
4.68595e-09
0.000292469
0.000283549
0.000271954
0.000260398
0.000249493
0.000239225
0.000229551
0.000220448
0.000211891
0.000203843
0.000196264
0.000189114
0.000182358
0.000175962
0.000169895
0.000164131
0.000158644
0.000153411
0.000148412
0.00014363
0.000139046
0.000134645
0.000130415
0.000126341
0.000122413
0.00011862
0.000114952
0.000111401
0.000107959
0.000104619
0.000101374
9.82176e-05
9.51453e-05
9.21518e-05
8.92329e-05
8.63846e-05
8.36032e-05
8.08856e-05
7.82289e-05
7.56305e-05
7.30882e-05
7.05998e-05
6.81636e-05
6.5778e-05
6.34415e-05
6.11529e-05
5.89111e-05
5.67152e-05
5.45643e-05
5.24576e-05
5.03944e-05
4.83749e-05
4.63984e-05
4.44642e-05
4.25721e-05
4.07217e-05
3.89128e-05
3.71456e-05
3.542e-05
3.37352e-05
3.20913e-05
3.04884e-05
2.89263e-05
2.74051e-05
2.59249e-05
2.44854e-05
2.30869e-05
2.17293e-05
2.04126e-05
1.91368e-05
1.7902e-05
1.67083e-05
1.55555e-05
1.44438e-05
1.33732e-05
1.23437e-05
1.13554e-05
1.04083e-05
9.50238e-06
8.63756e-06
7.8139e-06
7.03144e-06
6.29025e-06
5.59036e-06
4.93172e-06
4.31433e-06
3.7382e-06
3.20333e-06
2.70974e-06
2.25749e-06
1.84664e-06
1.47712e-06
1.14881e-06
8.61736e-07
6.15847e-07
4.1085e-07
2.46884e-07
1.24425e-07
4.35467e-08
4.70654e-09
)
;

boundaryField
{
    inlet
    {
        type            calculated;
        value           nonuniform List<scalar> 
30
(
0.00366345
0.00366428
0.00368096
0.00371277
0.00375771
0.00381258
0.00387332
0.00393565
0.00399556
0.0040497
0.00409552
0.00413139
0.00415652
0.0041709
0.00417509
0.00417008
0.00415583
0.00413149
0.00409662
0.0040514
0.00399676
0.00393447
0.00386719
0.00379836
0.00373205
0.00367258
0.00362405
0.00358966
0.00357141
0.00356997
)
;
    }
    outlet
    {
        type            calculated;
        value           uniform 0;
    }
    top
    {
        type            calculated;
        value           nonuniform List<scalar> 
135
(
0.00356997
0.00356412
0.00355659
0.00354972
0.00354207
0.00352126
0.00349145
0.00343619
0.00335894
0.00326164
0.00314573
0.00301241
0.00286274
0.00269849
0.00252206
0.00233493
0.00214131
0.00194466
0.00174909
0.00155901
0.00137857
0.00121121
0.0010594
0.000924399
0.000806242
0.000703977
0.000617688
0.000544804
0.000483728
0.000432959
0.000391086
0.00035691
0.000329199
0.000307014
0.000293146
0.000292469
0.000283549
0.000271954
0.000260398
0.000249493
0.000239225
0.000229551
0.000220448
0.000211891
0.000203843
0.000196264
0.000189114
0.000182358
0.000175962
0.000169895
0.000164131
0.000158644
0.000153411
0.000148412
0.00014363
0.000139046
0.000134645
0.000130415
0.000126341
0.000122413
0.00011862
0.000114952
0.000111401
0.000107959
0.000104619
0.000101374
9.82176e-05
9.51453e-05
9.21518e-05
8.92329e-05
8.63846e-05
8.36032e-05
8.08856e-05
7.82289e-05
7.56305e-05
7.30882e-05
7.05998e-05
6.81636e-05
6.5778e-05
6.34415e-05
6.11529e-05
5.89111e-05
5.67152e-05
5.45643e-05
5.24576e-05
5.03944e-05
4.83749e-05
4.63984e-05
4.44642e-05
4.25721e-05
4.07217e-05
3.89128e-05
3.71456e-05
3.542e-05
3.37352e-05
3.20913e-05
3.04884e-05
2.89263e-05
2.74051e-05
2.59249e-05
2.44854e-05
2.30869e-05
2.17293e-05
2.04126e-05
1.91368e-05
1.7902e-05
1.67083e-05
1.55555e-05
1.44438e-05
1.33732e-05
1.23437e-05
1.13554e-05
1.04083e-05
9.50238e-06
8.63756e-06
7.8139e-06
7.03144e-06
6.29025e-06
5.59036e-06
4.93172e-06
4.31433e-06
3.7382e-06
3.20333e-06
2.70974e-06
2.25749e-06
1.84664e-06
1.47712e-06
1.14881e-06
8.61736e-07
6.15847e-07
4.1085e-07
2.46884e-07
1.24425e-07
4.35467e-08
4.70654e-09
)
;
    }
    bottom
    {
        type            calculated;
        value           nonuniform List<scalar> 
135
(
0.00366345
0.00365815
0.00365147
0.00364555
0.00363874
0.00361411
0.00358696
0.00353505
0.00346122
0.00336679
0.00325278
0.00311957
0.00296749
0.00279803
0.00261347
0.00241581
0.00221003
0.00200052
0.00179237
0.00159072
0.00140016
0.00122437
0.00106588
0.000925909
0.000804316
0.000699946
0.000612668
0.000539599
0.000478821
0.000428589
0.000387232
0.000353358
0.000325662
0.000303215
0.000288799
0.00028566
0.000277113
0.000266063
0.000255067
0.000244687
0.000234898
0.000225654
0.000216936
0.000208722
0.000200979
0.000193672
0.000186765
0.000180227
0.000174027
0.000168137
0.000162532
0.000157189
0.000152087
0.000147207
0.000142532
0.000138046
0.000133734
0.000129585
0.000125585
0.000121724
0.000117992
0.000114381
0.000110881
0.000107485
0.000104187
0.00010098
9.78586e-05
9.48181e-05
9.18536e-05
8.89609e-05
8.61364e-05
8.33767e-05
8.06788e-05
7.804e-05
7.54579e-05
7.29303e-05
7.04553e-05
6.80313e-05
6.56567e-05
6.33303e-05
6.10509e-05
5.88175e-05
5.66292e-05
5.44852e-05
5.23848e-05
5.03275e-05
4.83134e-05
4.63418e-05
4.44122e-05
4.25242e-05
4.06777e-05
3.88724e-05
3.71085e-05
3.53859e-05
3.3704e-05
3.20628e-05
3.04623e-05
2.89026e-05
2.73836e-05
2.59054e-05
2.44679e-05
2.30712e-05
2.17152e-05
2.04e-05
1.91257e-05
1.78923e-05
1.66998e-05
1.55483e-05
1.44378e-05
1.33683e-05
1.23398e-05
1.13524e-05
1.0406e-05
9.50073e-06
8.63659e-06
7.8136e-06
7.03179e-06
6.29118e-06
5.59173e-06
4.93344e-06
4.31636e-06
3.74053e-06
3.20593e-06
2.71256e-06
2.26032e-06
1.84918e-06
1.47912e-06
1.15022e-06
8.628e-07
6.16779e-07
4.11689e-07
2.47475e-07
1.24726e-07
4.36545e-08
4.71832e-09
)
;
    }
    obstacle
    {
        type            calculated;
        value           nonuniform List<scalar> 
120
(
0.0257836
0.0238957
0.0217521
0.0195725
0.017399
0.0152312
0.0131177
0.0111049
0.00923093
0.00752542
0.00600744
0.00468534
0.00355928
0.00262456
0.00187495
0.00130564
0.000915262
0.000706959
0.000687577
0.000865991
0.00125057
0.00184567
0.00264747
0.00364214
0.00480497
0.00610056
0.00748474
0.00894601
0.0104443
0.0117966
0.0134144
0.0152479
0.0174757
0.0201074
0.0231914
0.026869
0.031312
0.0366909
0.0431179
0.0505838
0.0588439
0.0673501
0.0752812
0.08165
0.0852124
0.0852457
0.0817458
0.0754278
0.0675334
0.059051
0.0508044
0.0433448
0.0369203
0.0315413
0.027096
0.0234137
0.0203219
0.0176794
0.0154404
0.0136039
0.0265193
0.0245986
0.0223919
0.0201319
0.0178747
0.0156275
0.0134418
0.0113661
0.00943912
0.00769058
0.00613897
0.00479174
0.00364799
0.00270201
0.00194668
0.00137649
0.000989565
0.000788817
0.000780906
0.00097449
0.0013776
0.00199391
0.00281835
0.00383526
0.0050175
0.00632689
0.00771679
0.00917442
0.0106585
0.0119944
0.0278932
0.0301605
0.0326755
0.0353768
0.0382342
0.0413542
0.044887
0.0489933
0.0538027
0.0593506
0.065502
0.0718769
0.0778695
0.0827299
0.085499
0.0856051
0.0830339
0.0783325
0.0724545
0.0661549
0.0600444
0.0545111
0.049699
0.045582
0.0420391
0.0389161
0.0360676
0.0333878
0.0308911
0.0286373
)
;
    }
    frontAndBack
    {
        type            empty;
    }
}


// ************************************************************************* //
