/*--------------------------------*- C++ -*----------------------------------*\
  =========                 |
  \\      /  F ield         | OpenFOAM: The Open Source CFD Toolbox
   \\    /   O peration     | Website:  https://openfoam.org
    \\  /    A nd           | Version:  12
     \\/     M anipulation  |
\*---------------------------------------------------------------------------*/
FoamFile
{
    format      ascii;
    class       volScalarField;
    location    "40";
    object      p;
}
// * * * * * * * * * * * * * * * * * * * * * * * * * * * * * * * * * * * * * //

dimensions      [0 2 -2 0 0 0 0];

internalField   nonuniform List<scalar> 
6750
(
-0.0349477
-0.034977
-0.0350323
-0.0352219
-0.0361843
-0.0330487
-0.0330678
-0.033173
-0.033419
-0.0337445
-0.0309145
-0.0309588
-0.0310708
-0.0312504
-0.0313742
-0.0287324
-0.0288165
-0.0289264
-0.0290504
-0.0291015
-0.0265949
-0.0267281
-0.0268514
-0.0269492
-0.0269644
-0.0245818
-0.0247685
-0.024916
-0.0250051
-0.0250043
-0.0227413
-0.0229825
-0.0231577
-0.023245
-0.0232368
-0.0211019
-0.0213964
-0.021599
-0.0216863
-0.0216737
-0.0196806
-0.0200254
-0.020253
-0.0203402
-0.0203247
-0.0184863
-0.018877
-0.019126
-0.0192123
-0.0191948
-0.0175205
-0.0179511
-0.0182172
-0.0183019
-0.0182831
-0.016778
-0.0172418
-0.0175202
-0.0176027
-0.0175832
-0.0162475
-0.0167377
-0.0170229
-0.0171031
-0.0170836
-0.0159125
-0.0164229
-0.016708
-0.0167871
-0.0167686
-0.0157581
-0.0162747
-0.0165542
-0.0166358
-0.0166196
-0.0157567
-0.0162732
-0.0165527
-0.0166343
-0.016618
-0.0159083
-0.0164186
-0.0167036
-0.0167824
-0.0167638
-0.0162403
-0.0167304
-0.0170153
-0.0170953
-0.0170756
-0.0167679
-0.0172314
-0.0175095
-0.0175917
-0.0175719
-0.0175073
-0.0179377
-0.0182035
-0.0182877
-0.0182685
-0.0184702
-0.0188606
-0.0191092
-0.0191949
-0.019177
-0.0196616
-0.0200062
-0.0202333
-0.0203198
-0.0203038
-0.0210802
-0.0213743
-0.0215764
-0.021663
-0.0216499
-0.0227171
-0.0229579
-0.0231325
-0.0232192
-0.0232103
-0.0245553
-0.0247416
-0.0248885
-0.024977
-0.0249756
-0.0265665
-0.0266994
-0.0268221
-0.0269192
-0.0269338
-0.0287024
-0.0287862
-0.0288956
-0.029019
-0.0290695
-0.0308834
-0.0309274
-0.031039
-0.0312181
-0.0313416
-0.0330167
-0.0330357
-0.0331406
-0.0333863
-0.0337117
-0.0349152
-0.0349444
-0.0349996
-0.0351891
-0.0361518
-0.041897
-0.0413189
-0.0399164
-0.0388825
-0.0381275
-0.0375121
-0.0369999
-0.0365527
-0.0361583
-0.0358438
-0.0355206
-0.0351961
-0.0348734
-0.0345506
-0.0342311
-0.0339207
-0.0336256
-0.0333516
-0.033103
-0.0328647
-0.032637
-0.0324145
-0.0321873
-0.0319468
-0.0316863
-0.0314022
-0.03109
-0.0307266
-0.0303145
-0.0301681
-0.0381224
-0.0373882
-0.0366249
-0.0362327
-0.0359852
-0.0357955
-0.0356528
-0.0355242
-0.0354201
-0.0353719
-0.0352601
-0.0351091
-0.0349137
-0.0346675
-0.0343742
-0.0340445
-0.0336941
-0.03334
-0.0329948
-0.0326843
-0.0324086
-0.0321687
-0.0319638
-0.031789
-0.0316371
-0.0315018
-0.0313774
-0.0312409
-0.0310302
-0.0308535
-0.0355892
-0.0353953
-0.0350577
-0.0348732
-0.0347447
-0.0346546
-0.0346051
-0.0345738
-0.0345897
-0.0346534
-0.0346692
-0.0346686
-0.0346397
-0.0345717
-0.0344612
-0.0343097
-0.0341232
-0.0339113
-0.0336843
-0.0334504
-0.0332182
-0.0329951
-0.0327844
-0.0325872
-0.0324024
-0.0322288
-0.0320689
-0.0319118
-0.0316877
-0.031435
-0.0340071
-0.0341576
-0.0339708
-0.0338346
-0.0337506
-0.0337139
-0.0337207
-0.0337583
-0.0338637
-0.0340059
-0.0341316
-0.0342634
-0.034386
-0.0344858
-0.0345532
-0.0345812
-0.0345667
-0.0345095
-0.0344122
-0.0342781
-0.0341134
-0.0339254
-0.0337206
-0.0335044
-0.0332812
-0.0330552
-0.0328345
-0.0326162
-0.0323239
-0.0319387
-0.0327496
-0.0330078
-0.0328826
-0.0328
-0.0327814
-0.0328149
-0.0328928
-0.0330134
-0.0332142
-0.0334432
-0.033683
-0.033942
-0.0342033
-0.0344507
-0.0346702
-0.0348493
-0.0349784
-0.0350505
-0.0350634
-0.0350182
-0.0349188
-0.034772
-0.0345857
-0.0343685
-0.0341282
-0.0338728
-0.0336149
-0.0333569
-0.0330051
-0.0324609
-0.0316185
-0.0318886
-0.0318131
-0.0317962
-0.031849
-0.0319557
-0.0321094
-0.0323204
-0.0326162
-0.0329404
-0.0332951
-0.0336781
-0.0340706
-0.0344546
-0.0348118
-0.0351257
-0.0353817
-0.0355692
-0.0356824
-0.0357199
-0.0356845
-0.0355826
-0.0354232
-0.0352164
-0.0349722
-0.0347014
-0.0344208
-0.034137
-0.0337366
-0.0330299
-0.0305808
-0.0308275
-0.0307987
-0.0308466
-0.0309668
-0.0311437
-0.0313754
-0.0316794
-0.0320634
-0.0324869
-0.032955
-0.0334582
-0.0339766
-0.0344896
-0.034976
-0.0354155
-0.0357899
-0.0360858
-0.0362942
-0.036412
-0.0364409
-0.0363871
-0.0362598
-0.0360704
-0.0358304
-0.0355524
-0.0352572
-0.0349547
-0.0345118
-0.0336471
-0.0296188
-0.0298218
-0.0298357
-0.0299455
-0.0301305
-0.0303772
-0.0306894
-0.0310843
-0.0315546
-0.0320795
-0.032659
-0.0332787
-0.0339179
-0.0345538
-0.0351625
-0.0357205
-0.0362069
-0.0366054
-0.0369052
-0.0371013
-0.0371947
-0.0371912
-0.0371002
-0.0369337
-0.0367043
-0.0364263
-0.0361236
-0.0358087
-0.0353274
-0.034311
-0.0287137
-0.028861
-0.028914
-0.0290849
-0.0293346
-0.0296524
-0.0300462
-0.0305285
-0.0310879
-0.0317148
-0.0324033
-0.0331365
-0.0338925
-0.0346463
-0.0353714
-0.0360421
-0.036635
-0.0371316
-0.0375194
-0.0377922
-0.0379501
-0.0379985
-0.0379471
-0.0378082
-0.0375951
-0.0373233
-0.03702
-0.0366989
-0.0361828
-0.035021
-0.0278519
-0.0279368
-0.0280269
-0.0282589
-0.0285746
-0.0289649
-0.0294403
-0.0300081
-0.0306596
-0.0313884
-0.0321841
-0.0330285
-0.0338979
-0.0347656
-0.0356028
-0.0363817
-0.0370769
-0.0376682
-0.0381416
-0.0384898
-0.0387123
-0.0388142
-0.0388051
-0.0386977
-0.0385058
-0.0382458
-0.037948
-0.0376264
-0.0370784
-0.0357771
-0.0270241
-0.0270427
-0.0271681
-0.0274622
-0.0278452
-0.0283093
-0.0288661
-0.02952
-0.0302657
-0.0310959
-0.0319978
-0.0329514
-0.0339319
-0.0349105
-0.0358567
-0.0367405
-0.037535
-0.0382186
-0.038776
-0.0391991
-0.0394867
-0.0396435
-0.0396794
-0.039607
-0.0394405
-0.0391973
-0.0389105
-0.0385937
-0.0380162
-0.0365803
-0.0262228
-0.0261721
-0.026331
-0.0266885
-0.0271407
-0.0276798
-0.0283185
-0.0290606
-0.0299018
-0.0308333
-0.0318407
-0.0329026
-0.0339925
-0.03508
-0.0361329
-0.0371196
-0.0380117
-0.0387862
-0.0394269
-0.0399249
-0.0402783
-0.0404919
-0.0405752
-0.0405411
-0.0404039
-0.0401819
-0.0399114
-0.0396042
-0.0389992
-0.0374335
-0.0254414
-0.025318
-0.0255084
-0.0259311
-0.0264549
-0.0270707
-0.027793
-0.0286254
-0.0295632
-0.0305965
-0.0317093
-0.0328791
-0.0340777
-0.0352732
-0.0364317
-0.0375201
-0.0385089
-0.039374
-0.0400981
-0.0406716
-0.0410924
-0.0413648
-0.0414982
-0.0415056
-0.0414014
-0.0412049
-0.0409554
-0.0406624
-0.0400319
-0.0383412
-0.0246729
-0.0244725
-0.0246927
-0.025183
-0.0257811
-0.026476
-0.0272841
-0.0282089
-0.029245
-0.0303813
-0.0316005
-0.0328785
-0.034186
-0.0354893
-0.0367532
-0.0379434
-0.0390291
-0.0399852
-0.0407937
-0.0414443
-0.0419343
-0.0422679
-0.0424543
-0.0425066
-0.0424391
-0.0422723
-0.0420487
-0.041774
-0.0411201
-0.03931
-0.0239097
-0.023627
-0.0238753
-0.024436
-0.0251121
-0.0258891
-0.0267859
-0.0278058
-0.0289424
-0.0301836
-0.0315106
-0.0328983
-0.0343156
-0.0357277
-0.037098
-0.038391
-0.0395748
-0.0406234
-0.041518
-0.0422479
-0.0428098
-0.0432075
-0.0434503
-0.043551
-0.0435242
-0.0433914
-0.0431982
-0.0429461
-0.0422709
-0.0403486
-0.0231426
-0.0227718
-0.0230465
-0.0236813
-0.0244393
-0.0253025
-0.0262916
-0.0274099
-0.0286501
-0.029999
-0.0314364
-0.032936
-0.0344654
-0.0359883
-0.037467
-0.0388648
-0.040149
-0.0412926
-0.0422762
-0.0430884
-0.0437254
-0.0441908
-0.0444938
-0.044647
-0.044665
-0.0445708
-0.0444129
-0.0441873
-0.0434934
-0.0414676
-0.0223607
-0.0218954
-0.0221954
-0.0229082
-0.0237533
-0.0247078
-0.0257936
-0.0270146
-0.0283626
-0.0298229
-0.0313745
-0.0329895
-0.0346342
-0.0362712
-0.0378616
-0.0393676
-0.0407555
-0.0419978
-0.0430741
-0.0439725
-0.0446888
-0.0452262
-0.0455936
-0.0458038
-0.0458714
-0.0458206
-0.0457031
-0.0455082
-0.0447988
-0.0426803
-0.0215502
-0.0209841
-0.0213082
-0.0221036
-0.0230434
-0.0240957
-0.0252836
-0.0266126
-0.0280736
-0.0296507
-0.0313214
-0.0330567
-0.0348216
-0.0365774
-0.038284
-0.0399029
-0.0413993
-0.0427449
-0.0439187
-0.0449083
-0.0457089
-0.0463234
-0.0467606
-0.047033
-0.0471553
-0.0471535
-0.0470818
-0.0469222
-0.046201
-0.0440024
-0.0206964
-0.0200174
-0.0203658
-0.0212535
-0.0222981
-0.0234543
-0.0247512
-0.0261953
-0.0277764
-0.0294771
-0.0312738
-0.033136
-0.0350275
-0.0369084
-0.0387376
-0.0404754
-0.0420864
-0.0435414
-0.0448188
-0.0459056
-0.0467967
-0.0474945
-0.0480076
-0.0483483
-0.0485316
-0.0485849
-0.0485652
-0.0484457
-0.0477175
-0.0454531
-0.0197772
-0.0189689
-0.0193437
-0.0203435
-0.0215018
-0.0227698
-0.0241846
-0.025753
-0.0274634
-0.0292969
-0.0312284
-0.0332262
-0.0352529
-0.0372673
-0.039227
-0.0410917
-0.0428249
-0.0443968
-0.0457854
-0.0469769
-0.047966
-0.0487546
-0.0493511
-0.0497673
-0.0500186
-0.0501342
-0.0501732
-0.0500994
-0.04937
-0.0470559
-0.0187453
-0.0178305
-0.0182356
-0.0193498
-0.020631
-0.022024
-0.0235694
-0.0252744
-0.0271262
-0.0291043
-0.0311824
-0.0333272
-0.0355001
-0.0376585
-0.0397591
-0.0417605
-0.0436255
-0.0453237
-0.0468326
-0.0481381
-0.0492343
-0.0501229
-0.0508116
-0.0513121
-0.0516397
-0.0518256
-0.0519311
-0.0519094
-0.0511861
-0.0488402
-0.0175737
-0.0165589
-0.0170097
-0.0182436
-0.0196622
-0.021197
-0.0228891
-0.0247466
-0.0267554
-0.0288937
-0.0311335
-0.0334401
-0.0357732
-0.0380893
-0.0403437
-0.0424941
-0.0445028
-0.0463388
-0.0479793
-0.0494099
-0.0506244
-0.051624
-0.052416
-0.0530112
-0.0534251
-0.0536907
-0.053871
-0.0539087
-0.0532007
-0.0508423
-0.0162102
-0.0151088
-0.0156159
-0.0169842
-0.0185636
-0.0202625
-0.0221227
-0.0241538
-0.0263407
-0.0286596
-0.0310808
-0.0335681
-0.0360796
-0.0385705
-0.0409951
-0.04331
-0.0454771
-0.0474651
-0.0492509
-0.0508201
-0.0521664
-0.0532906
-0.0541992
-0.0549023
-0.0554147
-0.055771
-0.0560353
-0.0561398
-0.0554569
-0.0531066
-0.01458
-0.0134093
-0.0139891
-0.015524
-0.0172952
-0.0191876
-0.0212448
-0.0234779
-0.0258706
-0.0283971
-0.0310256
-0.0337182
-0.0364316
-0.0391194
-0.0417348
-0.0442339
-0.0465778
-0.0487352
-0.050683
-0.0524072
-0.0539014
-0.0551665
-0.0562083
-0.0570358
-0.0576625
-0.0581235
-0.0584826
-0.0586613
-0.0580115
-0.0556869
-0.01257
-0.011365
-0.0120551
-0.0138002
-0.0158041
-0.01793
-0.0202236
-0.0226974
-0.0253334
-0.0281036
-0.030974
-0.0339047
-0.0368507
-0.0397641
-0.0425972
-0.0453054
-0.0478496
-0.0501985
-0.0523294
-0.0542287
-0.0558908
-0.0573168
-0.0585124
-0.0594853
-0.0602477
-0.0608335
-0.0613035
-0.0615667
-0.0609555
-0.0586662
-0.0100212
-0.00884916
-0.00971285
-0.011726
-0.0140192
-0.016435
-0.0190202
-0.0217886
-0.0247201
-0.0277838
-0.0309432
-0.0341562
-0.0373759
-0.0405531
-0.0436395
-0.0465901
-0.0493658
-0.0519356
-0.0542778
-0.0563796
-0.0582354
-0.0598482
-0.0612241
-0.0623705
-0.0632986
-0.0640405
-0.0646519
-0.0650258
-0.0644739
-0.0622376
-0.00668494
-0.00566275
-0.00680127
-0.00917014
-0.0118368
-0.0146258
-0.0175842
-0.0207256
-0.0240274
-0.0274551
-0.0309693
-0.0345252
-0.0380745
-0.041567
-0.0449543
-0.0481918
-0.0512414
-0.0540729
-0.0566656
-0.0590071
-0.0610949
-0.0629313
-0.0645238
-0.0658812
-0.067016
-0.0679606
-0.0687664
-0.0693135
-0.0689113
-0.0668224
-0.00216421
-0.00150579
-0.00309259
-0.00595038
-0.00911252
-0.0123947
-0.015843
-0.0194689
-0.0232459
-0.0271351
-0.0310932
-0.0350731
-0.0390246
-0.0428976
-0.0466446
-0.0502226
-0.0535956
-0.0567353
-0.0596221
-0.0622454
-0.0646023
-0.0666963
-0.0685363
-0.0701334
-0.0715034
-0.0726845
-0.0737308
-0.0745266
-0.0744433
-0.0727218
0.00449122
0.00441252
0.00209589
-0.00144546
-0.00529664
-0.00928538
-0.0134457
-0.0177755
-0.0222368
-0.0267815
-0.0313591
-0.0359179
-0.0404063
-0.0447749
-0.0489787
-0.0529784
-0.0567417
-0.0602425
-0.0634624
-0.0663962
-0.0690419
-0.071397
-0.0734705
-0.0752753
-0.0768306
-0.0781792
-0.0793811
-0.0803522
-0.080587
-0.0793798
0.0159989
0.0142558
0.0104166
0.005683
0.000702771
-0.00443036
-0.00972287
-0.0151424
-0.0206335
-0.0261376
-0.0315988
-0.0369645
-0.0421869
-0.047224
-0.0520398
-0.0566047
-0.0608955
-0.0648949
-0.0685912
-0.0719696
-0.0750253
-0.0777668
-0.080199
-0.0823302
-0.084175
-0.0857636
-0.0871472
-0.0883079
-0.0889219
-0.0883544
-0.0384188
-0.0372921
-0.0354014
-0.033858
-0.0325284
-0.0312751
-0.0300689
-0.0289028
-0.0277681
-0.0266552
-0.0255552
-0.0244591
-0.0233573
-0.02224
-0.021096
-0.0199136
-0.0186795
-0.0173787
-0.0159937
-0.0145007
-0.0128672
-0.0110566
-0.00902129
-0.00669258
-0.00397225
-0.000729095
0.00321929
0.00809798
0.014196
0.022107
-0.0338134
-0.0326692
-0.0313913
-0.030305
-0.0293174
-0.0283659
-0.0274392
-0.0265326
-0.025639
-0.0247504
-0.0238594
-0.0229585
-0.0220401
-0.0210958
-0.020116
-0.0190898
-0.018004
-0.0168426
-0.0155849
-0.0142042
-0.0126654
-0.0109248
-0.00892348
-0.00657909
-0.00377596
-0.000353074
0.00392517
0.00939291
0.0165888
0.0261307
-0.0312013
-0.0301852
-0.0291993
-0.0283081
-0.0274379
-0.0265704
-0.0257083
-0.0248509
-0.0239933
-0.0231302
-0.0222556
-0.0213633
-0.0204465
-0.0194972
-0.0185061
-0.0174623
-0.0163523
-0.0151592
-0.0138611
-0.0124298
-0.0108283
-0.00900909
-0.00690696
-0.00443144
-0.00145557
0.00220031
0.00680255
0.0127385
0.0207012
0.0313905
-0.028914
-0.0280215
-0.0271638
-0.0263649
-0.0255711
-0.024771
-0.0239654
-0.0231516
-0.0223246
-0.0214792
-0.0206098
-0.0197102
-0.0187738
-0.0177924
-0.0167568
-0.0156556
-0.0144746
-0.0131962
-0.0117975
-0.010249
-0.00851215
-0.00653658
-0.0042535
-0.00156788
0.00165338
0.00559907
0.0105476
0.016899
0.0254308
0.0368796
-0.0267877
-0.0260027
-0.0252484
-0.0245335
-0.0238122
-0.023073
-0.0223155
-0.0215368
-0.0207327
-0.0198985
-0.019029
-0.0181184
-0.01716
-0.0161458
-0.015066
-0.0139089
-0.0126594
-0.011299
-0.00980368
-0.00814245
-0.00627515
-0.00414868
-0.00169124
0.00119584
0.00465033
0.00886732
0.0141328
0.0208541
0.0298888
0.0420278
-0.0248522
-0.0241638
-0.023499
-0.0228558
-0.0221931
-0.0215011
-0.0207793
-0.0200255
-0.0192359
-0.0184063
-0.017532
-0.0166074
-0.0156258
-0.0145791
-0.0134574
-0.0122485
-0.010937
-0.00950345
-0.00792286
-0.00616319
-0.00418267
-0.00192612
0.000680769
0.00373978
0.00739272
0.0118401
0.0173751
0.0244157
0.0338992
0.0467006
-0.0231112
-0.0225096
-0.0219215
-0.0213376
-0.020722
-0.0200667
-0.0193716
-0.018635
-0.0178537
-0.0170238
-0.016141
-0.0151998
-0.0141937
-0.0131146
-0.0119524
-0.0106948
-0.00932582
-0.00782549
-0.00616821
-0.00432096
-0.00224079
0.000129084
0.00286491
0.00607098
0.00989246
0.0145344
0.0202966
0.0276084
0.0374743
0.0508696
-0.0215688
-0.0210451
-0.0205229
-0.0199882
-0.0194103
-0.0187835
-0.0181083
-0.0173833
-0.0166058
-0.0157723
-0.0148788
-0.0139202
-0.0128898
-0.0117798
-0.01058
-0.00927756
-0.00785653
-0.0062964
-0.00457101
-0.00264665
-0.000479411
0.00198868
0.00483541
0.00816708
0.0121316
0.0169377
0.0228908
0.0304302
0.0406083
0.0545112
-0.0202322
-0.0197779
-0.0193118
-0.018817
-0.018269
-0.0176642
-0.0170034
-0.0162858
-0.015509
-0.0146702
-0.0137655
-0.0127898
-0.011737
-0.0105988
-0.00936526
-0.00802336
-0.0065568
-0.0049448
-0.00316078
-0.00117045
0.00107083
0.00362197
0.00656195
0.00999873
0.0140825
0.0190248
0.0251355
0.0328621
0.0432862
0.0576122
-0.0191069
-0.0187132
-0.0182935
-0.0178305
-0.0173056
-0.0167172
-0.0160668
-0.0153535
-0.0145758
-0.013731
-0.0128154
-0.0118244
-0.0107516
-0.00958905
-0.00832654
-0.00695106
-0.00544612
-0.00379069
-0.00195784
8.71277e-05
0.00238942
0.00500867
0.00802482
0.0115471
0.0157277
0.0207803
0.0270179
0.0348945
0.0455043
0.0601775
-0.018194
-0.0178514
-0.0174688
-0.0170302
-0.0165227
-0.0159465
-0.0153032
-0.0145924
-0.0138128
-0.0129622
-0.012037
-0.0110328
-0.00994328
-0.00876052
-0.00747425
-0.00607142
-0.0045354
-0.00284497
-0.000972974
0.00111563
0.00346645
0.00613965
0.00921592
0.0128055
0.0170622
0.0222014
0.0285379
0.0365307
0.0472738
0.0622278
-0.0174896
-0.0171879
-0.0168336
-0.0164129
-0.0159181
-0.0153505
-0.0147119
-0.0140024
-0.0132208
-0.0123651
-0.0114321
-0.0104172
-0.0093145
-0.00811589
-0.00681115
-0.00538716
-0.0038272
-0.00210992
-0.000207995
0.00191385
0.00430154
0.00701561
0.0101373
0.0137777
0.0180916
0.0232959
0.0297063
0.0377851
0.0486172
0.0637941
-0.0169845
-0.0167132
-0.0163789
-0.0159706
-0.0154844
-0.0149226
-0.0142871
-0.013578
-0.0127946
-0.0119349
-0.010996
-0.00997338
-0.00886097
-0.00765086
-0.00633277
-0.00489355
-0.00331641
-0.00157992
0.000343382
0.00248892
0.00490281
0.00764587
0.0107997
0.0144759
0.0188304
0.0240806
0.0305427
0.0386811
0.0495654
0.0649153
-0.0166652
-0.0164136
-0.0160918
-0.0156911
-0.0152102
-0.0146519
-0.014018
-0.013309
-0.0125243
-0.011662
-0.0107191
-0.00969141
-0.00857274
-0.00735523
-0.00602858
-0.00457961
-0.0029915
-0.00124276
0.000694157
0.00285476
0.0052853
0.00804674
0.0112209
0.0149198
0.0192999
0.0245791
0.0310736
0.0392483
0.0501558
0.0656337
-0.0165144
-0.0162723
-0.0159566
-0.0155594
-0.0150809
-0.0145241
-0.013891
-0.013182
-0.0123965
-0.0115328
-0.0105881
-0.00955782
-0.00843611
-0.00721499
-0.0058842
-0.00443051
-0.00283708
-0.0010824
0.000861122
0.00302904
0.00546766
0.00823802
0.011422
0.0151319
0.0195244
0.0248176
0.0313275
0.0395189
0.050431
0.0659848
-0.0165128
-0.0162708
-0.0159552
-0.015558
-0.0150796
-0.0145229
-0.0138897
-0.0131807
-0.0123953
-0.0115316
-0.0105868
-0.00955657
-0.00843484
-0.00721371
-0.00588288
-0.00442914
-0.00283564
-0.00108084
0.000862818
0.00303091
0.00546973
0.00824032
0.0114246
0.0151347
0.0195276
0.024821
0.0313309
0.039522
0.0504348
0.0659905
-0.0166604
-0.016409
-0.0160875
-0.015687
-0.0152062
-0.014648
-0.0140142
-0.0133053
-0.0125206
-0.0116583
-0.0107154
-0.00968766
-0.00856895
-0.00735138
-0.00602463
-0.00457551
-0.00298718
-0.00123812
0.000699198
0.0028603
0.00529143
0.00805356
0.0112284
0.0149282
0.0193092
0.0245891
0.0310836
0.0392577
0.050167
0.0656504
-0.0169765
-0.0167056
-0.0163717
-0.0159637
-0.0154778
-0.0149162
-0.0142808
-0.0135718
-0.0127884
-0.0119288
-0.0109898
-0.00996716
-0.0088547
-0.00764449
-0.00632625
-0.00488679
-0.0033093
-0.00157232
0.000351621
0.00249795
0.00491278
0.00765691
0.0108119
0.0144894
0.0188452
0.0240965
0.0305587
0.0386961
0.0495833
0.0649422
-0.0174783
-0.0171773
-0.0168234
-0.0164032
-0.0159088
-0.0153415
-0.0147032
-0.0139937
-0.0132122
-0.0123565
-0.0114235
-0.0104086
-0.00930583
-0.00810711
-0.00680217
-0.00537786
-0.00381744
-0.00209954
-0.00019678
0.0019261
0.00431502
0.00703052
0.0101538
0.0137959
0.0181116
0.0233173
0.0297277
0.0378053
0.0486414
0.0638304
-0.0181795
-0.0178377
-0.0174558
-0.0170178
-0.0165108
-0.015935
-0.015292
-0.0145814
-0.0138019
-0.0129513
-0.0120262
-0.0110219
-0.00993237
-0.00874946
-0.00746296
-0.00605976
-0.0045232
-0.00283203
-0.000959052
0.00113078
0.00348309
0.00615803
0.00923624
0.012828
0.0170868
0.0222277
0.0285643
0.0365559
0.0473042
0.0622732
-0.0190892
-0.0186965
-0.0182776
-0.0178153
-0.0172911
-0.0167033
-0.0160532
-0.0153402
-0.0145627
-0.013718
-0.0128025
-0.0118114
-0.0107386
-0.00957589
-0.00831312
-0.00693724
-0.0054317
-0.00377545
-0.00194153
0.000104816
0.0024088
0.00503004
0.00804845
0.0115732
0.0157563
0.020811
0.0270488
0.0349245
0.0455408
0.0602321
-0.0202115
-0.0197583
-0.0192931
-0.0187993
-0.018252
-0.0176478
-0.0169875
-0.0162702
-0.0154937
-0.0146551
-0.0137504
-0.0127749
-0.011722
-0.0105837
-0.00934989
-0.00800757
-0.0065404
-0.00492755
-0.0031424
-0.00115061
0.00109248
0.0036458
0.00658832
0.0100279
0.0141146
0.0190593
0.0251705
0.0328969
0.0433291
0.0576761
-0.0215453
-0.0210227
-0.0205016
-0.0199679
-0.0193908
-0.0187647
-0.0180901
-0.0173655
-0.0165883
-0.0157551
-0.0148618
-0.0139032
-0.0128729
-0.0117628
-0.0105628
-0.00925998
-0.00783835
-0.00627739
-0.00455089
-0.00262506
-0.000455945
0.00201445
0.0048639
0.00819866
0.0121664
0.0169753
0.0229294
0.0304696
0.0406578
0.0545849
-0.0230851
-0.0224846
-0.0218977
-0.0213149
-0.0207001
-0.0200456
-0.0193511
-0.018615
-0.0178341
-0.0170045
-0.016122
-0.0151809
-0.0141749
-0.0130958
-0.0119335
-0.0106755
-0.00930605
-0.00780496
-0.00614662
-0.00429796
-0.00221594
0.000156259
0.00289491
0.00610426
0.0099293
0.0145744
0.0203385
0.0276524
0.0375308
0.0509536
-0.0248238
-0.0241366
-0.023473
-0.0228308
-0.022169
-0.0214778
-0.0207566
-0.0200033
-0.0192141
-0.018385
-0.017511
-0.0165866
-0.0156052
-0.0145585
-0.0134368
-0.0122277
-0.0109158
-0.00948157
-0.00790005
-0.00613908
-0.00415682
-0.00189801
0.000711699
0.0037741
0.00743087
0.0118819
0.0174197
0.024464
0.033963
0.0467955
-0.0267574
-0.0259736
-0.0252204
-0.0245065
-0.023786
-0.0230476
-0.0222907
-0.0215126
-0.0207089
-0.0198751
-0.019006
-0.0180957
-0.0171376
-0.0161235
-0.0150438
-0.0138865
-0.0126368
-0.0112759
-0.00977979
-0.00811745
-0.0062486
-0.00412003
-0.00165987
0.00123063
0.00468919
0.00891043
0.0141797
0.0209068
0.0299601
0.0421345
-0.0288824
-0.0279909
-0.0271342
-0.0263362
-0.0255431
-0.0247436
-0.0239386
-0.0231254
-0.022299
-0.021454
-0.020585
-0.0196858
-0.0187496
-0.0177684
-0.016733
-0.0156318
-0.0144507
-0.013172
-0.0117727
-0.0102232
-0.00848512
-0.00650771
-0.00422208
-0.00153306
0.0016925
0.00564307
0.0105967
0.0169559
0.0255099
0.0369989
-0.0311689
-0.0301536
-0.0291684
-0.0282779
-0.0274085
-0.0265415
-0.02568
-0.0248231
-0.0239661
-0.0231034
-0.0222292
-0.0213373
-0.0204207
-0.0194717
-0.0184808
-0.0174372
-0.0163272
-0.0151339
-0.0138355
-0.0124035
-0.010801
-0.00898023
-0.0068758
-0.00439692
-0.00141646
0.00224506
0.00685365
0.0127996
0.0207882
0.0315229
-0.0337809
-0.0326371
-0.0313598
-0.0302742
-0.0292871
-0.0283362
-0.02741
-0.026504
-0.0256107
-0.0247225
-0.0238318
-0.0229312
-0.022013
-0.0210689
-0.0200893
-0.0190633
-0.0179776
-0.0168161
-0.0155584
-0.0141773
-0.0126377
-0.0108959
-0.00889253
-0.00654484
-0.00373675
-0.000307362
0.00397833
0.00945732
0.0166818
0.0262751
-0.0383865
-0.03726
-0.0353701
-0.0338273
-0.0324982
-0.0312454
-0.0300395
-0.0288737
-0.0277393
-0.0266266
-0.0255267
-0.0244307
-0.0233291
-0.0222117
-0.0210679
-0.0198855
-0.0186515
-0.0173507
-0.0159656
-0.0144724
-0.0128383
-0.0110266
-0.00898945
-0.0066574
-0.00393159
-0.000680787
0.00327608
0.00816633
0.0142953
0.0222666
0.0161783
0.0144588
0.0106446
0.00593221
0.000969249
-0.00414999
-0.00943196
-0.0148438
-0.0203295
-0.0258301
-0.0312893
-0.0366541
-0.0418766
-0.0469141
-0.0517308
-0.0562967
-0.0605884
-0.0645889
-0.0682862
-0.0716656
-0.074723
-0.0774671
-0.0799033
-0.0820408
-0.0838947
-0.0854959
-0.0868962
-0.088078
-0.0887183
-0.0881763
0.00460323
0.00454437
0.00225124
-0.00126855
-0.00509947
-0.00906945
-0.0132133
-0.017529
-0.0219785
-0.0265138
-0.0310842
-0.0356377
-0.0401224
-0.0444887
-0.0486915
-0.0526912
-0.056455
-0.0599571
-0.0631786
-0.0661145
-0.0687625
-0.0711207
-0.0731983
-0.0750086
-0.0765719
-0.0779315
-0.0791482
-0.0801382
-0.0803972
-0.079213
-0.00208465
-0.00140969
-0.00297604
-0.00581329
-0.00895463
-0.0122164
-0.0156456
-0.0192544
-0.0230163
-0.0268928
-0.0308408
-0.0348126
-0.0387584
-0.0426276
-0.0463725
-0.0499501
-0.0533241
-0.0564661
-0.0593564
-0.0619844
-0.0643469
-0.0664476
-0.0682951
-0.0699007
-0.0712803
-0.0724722
-0.0735307
-0.0743401
-0.0742737
-0.0725677
-0.00661757
-0.00558072
-0.00670111
-0.00905045
-0.0116969
-0.0144654
-0.0174043
-0.0205277
-0.0238134
-0.0272273
-0.0307301
-0.0342771
-0.0378196
-0.0413077
-0.0446925
-0.0479294
-0.0509802
-0.0538149
-0.0564126
-0.0587612
-0.0608575
-0.0627041
-0.0643084
-0.0656787
-0.0668265
-0.067784
-0.0686021
-0.0691604
-0.0687711
-0.0666936
-0.00996436
-0.00877906
-0.00962623
-0.011621
-0.0138948
-0.0162907
-0.0188566
-0.0216067
-0.0245216
-0.0275707
-0.030718
-0.0339212
-0.0371335
-0.0403057
-0.0433893
-0.0463391
-0.0491161
-0.0516895
-0.0540374
-0.0561471
-0.0580137
-0.0596395
-0.0610302
-0.0621927
-0.0631374
-0.0638955
-0.0645215
-0.0649074
-0.0643669
-0.0621398
-0.0125228
-0.0113061
-0.0119812
-0.0137093
-0.015695
-0.0178022
-0.0200769
-0.0225326
-0.0251519
-0.0279071
-0.0307646
-0.0336848
-0.0366228
-0.0395306
-0.0423605
-0.0450679
-0.0476136
-0.0499663
-0.0521036
-0.0540119
-0.0556855
-0.0571256
-0.0583373
-0.0593279
-0.0601086
-0.0607121
-0.0611984
-0.0614747
-0.0608745
-0.0585937
-0.0145396
-0.0133586
-0.0139251
-0.0154448
-0.0171995
-0.0190745
-0.0211139
-0.0233296
-0.0257057
-0.028217
-0.0308322
-0.0335138
-0.0362186
-0.0389003
-0.0415123
-0.0440104
-0.0463559
-0.0485174
-0.050472
-0.0522055
-0.0537117
-0.054991
-0.056049
-0.056894
-0.0575389
-0.0580176
-0.0583931
-0.0585857
-0.0579473
-0.0556313
-0.0161739
-0.0150635
-0.0155591
-0.016914
-0.0184787
-0.0201618
-0.0220057
-0.0240203
-0.0261911
-0.028495
-0.0309028
-0.0333786
-0.0358812
-0.0383656
-0.0407864
-0.0431003
-0.045269
-0.0472612
-0.0490539
-0.0506325
-0.0519906
-0.0531286
-0.0540527
-0.0547724
-0.0553019
-0.0556749
-0.0559548
-0.0560733
-0.0554023
-0.053061
-0.0175399
-0.0165172
-0.016958
-0.0181802
-0.019586
-0.0211068
-0.0227839
-0.0246261
-0.0266197
-0.0287434
-0.0309698
-0.0332648
-0.0355886
-0.0378979
-0.0401483
-0.0422975
-0.0443076
-0.0461478
-0.0477951
-0.049235
-0.0504609
-0.0514738
-0.0522802
-0.0528908
-0.0533203
-0.0536012
-0.053796
-0.0538472
-0.0531512
-0.0508018
-0.0187129
-0.0177913
-0.0181878
-0.0192919
-0.0205619
-0.0219425
-0.0234745
-0.0251654
-0.0270028
-0.0289668
-0.0310318
-0.0331652
-0.0353287
-0.0374802
-0.0395766
-0.0415764
-0.0434427
-0.0451449
-0.0466603
-0.0479747
-0.0490817
-0.0499827
-0.0506848
-0.0511993
-0.051541
-0.0517409
-0.0518597
-0.0518508
-0.0511393
-0.0488022
-0.0197456
-0.0189316
-0.0192989
-0.02029
-0.0214387
-0.0226958
-0.0240985
-0.0256541
-0.0273511
-0.0291712
-0.0310901
-0.0330767
-0.035094
-0.0371014
-0.0390569
-0.0409198
-0.0426541
-0.0442296
-0.0456243
-0.0468241
-0.0478233
-0.0486233
-0.049232
-0.0496609
-0.0499248
-0.050053
-0.0501044
-0.0500425
-0.0493244
-0.0470191
-0.0206655
-0.0199814
-0.0203234
-0.0212038
-0.02224
-0.0233867
-0.0246729
-0.0261053
-0.0276741
-0.0293623
-0.031147
-0.0329983
-0.0348807
-0.0367547
-0.0385795
-0.0403155
-0.0419273
-0.0433855
-0.0446685
-0.0457629
-0.0466631
-0.0473713
-0.0478953
-0.0482474
-0.048442
-0.0485067
-0.0484983
-0.04839
-0.0476726
-0.0454168
-0.0215197
-0.0209493
-0.021268
-0.0220571
-0.0229897
-0.0240336
-0.0252121
-0.0265306
-0.0279804
-0.0295459
-0.0312054
-0.0329303
-0.0346864
-0.0364355
-0.0381378
-0.0397547
-0.0412517
-0.0426001
-0.0437789
-0.0447752
-0.045584
-0.0462077
-0.0466546
-0.046937
-0.0470695
-0.0470779
-0.0470166
-0.0468675
-0.0461566
-0.0439664
-0.0223305
-0.0218615
-0.022157
-0.0228644
-0.0237034
-0.0246507
-0.0257282
-0.0269398
-0.0282776
-0.0297274
-0.0312686
-0.0328739
-0.0345103
-0.0361408
-0.0377268
-0.0392308
-0.0406191
-0.0418638
-0.0429444
-0.0438488
-0.0445723
-0.0451178
-0.0454938
-0.0457128
-0.0457894
-0.0457478
-0.0456397
-0.0454546
-0.0447549
-0.0426444
-0.0231127
-0.0227388
-0.0230098
-0.02364
-0.0243928
-0.0252497
-0.0262315
-0.0273415
-0.0285727
-0.029912
-0.0313399
-0.0328305
-0.0343521
-0.0358688
-0.0373433
-0.038739
-0.0400232
-0.0411689
-0.0421563
-0.0429736
-0.043617
-0.0440894
-0.0443998
-0.0445608
-0.0445869
-0.0445009
-0.0443516
-0.0441349
-0.04345
-0.0414317
-0.02388
-0.0235948
-0.0238399
-0.0243969
-0.0250684
-0.0258401
-0.0267306
-0.0277431
-0.0288717
-0.0301043
-0.0314227
-0.0328021
-0.0342122
-0.0356185
-0.0369846
-0.0382755
-0.0394591
-0.0405093
-0.0414072
-0.0421416
-0.042709
-0.0431128
-0.0433621
-0.0434697
-0.04345
-0.0433247
-0.0431392
-0.0428952
-0.0422281
-0.0403127
-0.0246434
-0.024441
-0.0246585
-0.0251456
-0.02574
-0.0264302
-0.0272329
-0.0281513
-0.0291802
-0.0303089
-0.0315202
-0.0327908
-0.0340915
-0.0353893
-0.0366493
-0.0378374
-0.0389227
-0.0398801
-0.0406913
-0.0413458
-0.0418406
-0.0421795
-0.0423716
-0.04243
-0.0423689
-0.0422087
-0.041992
-0.0417246
-0.0410779
-0.0392741
-0.0254121
-0.025287
-0.0254752
-0.0258953
-0.0264158
-0.0270276
-0.0277452
-0.028572
-0.0295035
-0.03053
-0.0316358
-0.0327988
-0.0339912
-0.0351816
-0.0363363
-0.0374227
-0.038411
-0.0392771
-0.0400035
-0.0405803
-0.0410052
-0.0412822
-0.0414206
-0.0414334
-0.0413348
-0.0411443
-0.040901
-0.0406145
-0.0399905
-0.0383053
-0.0261937
-0.0261416
-0.0262986
-0.0266538
-0.0271033
-0.027639
-0.0282736
-0.0290109
-0.0298465
-0.0307719
-0.0317729
-0.0328286
-0.0339129
-0.0349957
-0.0360451
-0.0370297
-0.0379212
-0.0386966
-0.0393392
-0.03984
-0.040197
-0.0404146
-0.0405023
-0.0404729
-0.0403407
-0.040124
-0.0398591
-0.0395577
-0.0389585
-0.0373978
-0.0269951
-0.0270125
-0.0271363
-0.0274285
-0.0278092
-0.0282704
-0.0288236
-0.0294732
-0.030214
-0.0310388
-0.0319349
-0.032883
-0.0338582
-0.0348325
-0.0357754
-0.0366572
-0.0374512
-0.0381354
-0.0386944
-0.0391199
-0.0394105
-0.0395709
-0.0396106
-0.0395424
-0.0393804
-0.0391419
-0.0388602
-0.0385486
-0.0379762
-0.0365448
-0.027823
-0.0279068
-0.0279956
-0.028226
-0.0285396
-0.0289274
-0.0293997
-0.0299638
-0.0306109
-0.0313348
-0.0321254
-0.0329646
-0.0338293
-0.0346929
-0.0355272
-0.0363042
-0.0369987
-0.0375905
-0.0380652
-0.0384156
-0.0386407
-0.0387456
-0.0387399
-0.0386363
-0.0384484
-0.0381928
-0.0378995
-0.0375826
-0.0370392
-0.0357419
-0.0286848
-0.0288312
-0.0288831
-0.0290526
-0.0293005
-0.0296161
-0.0300071
-0.0304862
-0.0310416
-0.0316642
-0.0323481
-0.0330766
-0.0338282
-0.0345782
-0.0353006
-0.0359694
-0.0365617
-0.0370586
-0.0374476
-0.0377222
-0.0378824
-0.0379335
-0.0378851
-0.0377496
-0.0375402
-0.0372724
-0.0369732
-0.0366563
-0.0361444
-0.0349863
-0.0295898
-0.0297922
-0.0298051
-0.0299137
-0.0300971
-0.0303418
-0.0306515
-0.0310435
-0.0315103
-0.0320313
-0.0326066
-0.0332221
-0.0338572
-0.0344897
-0.0350957
-0.0356519
-0.0361377
-0.0365364
-0.0368372
-0.0370349
-0.0371304
-0.0371292
-0.037041
-0.0368776
-0.0366517
-0.0363773
-0.0360784
-0.0357674
-0.0352899
-0.0342768
-0.0305519
-0.0307979
-0.0307684
-0.0308152
-0.0309339
-0.031109
-0.0313385
-0.0316399
-0.0320208
-0.0324407
-0.0329051
-0.0334043
-0.0339189
-0.0344286
-0.0349125
-0.0353504
-0.0357241
-0.0360201
-0.0362293
-0.0363485
-0.0363793
-0.0363278
-0.0362031
-0.0360166
-0.0357799
-0.0355054
-0.0352137
-0.0349147
-0.0344752
-0.0336135
-0.0315894
-0.0318592
-0.031783
-0.031765
-0.0318165
-0.0319216
-0.0320733
-0.032282
-0.0325749
-0.0328959
-0.033247
-0.0336264
-0.0340154
-0.0343963
-0.0347511
-0.0350634
-0.0353186
-0.0355062
-0.0356201
-0.0356589
-0.0356253
-0.0355256
-0.0353687
-0.0351647
-0.0349236
-0.0346561
-0.0343789
-0.0340983
-0.033701
-0.032997
-0.0327204
-0.0329785
-0.0328527
-0.0327691
-0.0327493
-0.0327813
-0.0328574
-0.0329758
-0.0331741
-0.0334001
-0.0336366
-0.0338922
-0.03415
-0.0343945
-0.0346116
-0.0347891
-0.0349174
-0.0349895
-0.0350032
-0.0349592
-0.0348615
-0.0347168
-0.0345331
-0.0343187
-0.0340815
-0.0338292
-0.0335745
-0.0333196
-0.0329705
-0.0324287
-0.0339779
-0.0341284
-0.033941
-0.0338039
-0.0337188
-0.0336807
-0.0336859
-0.0337215
-0.0338246
-0.033964
-0.0340866
-0.034215
-0.0343344
-0.0344312
-0.0344962
-0.0345226
-0.0345074
-0.0344501
-0.0343536
-0.0342207
-0.0340578
-0.033872
-0.0336697
-0.0334563
-0.0332362
-0.0330134
-0.0327957
-0.0325803
-0.0322905
-0.0319072
-0.0355598
-0.0353661
-0.035028
-0.0348427
-0.0347133
-0.034622
-0.034571
-0.0345379
-0.0345516
-0.0346126
-0.0346253
-0.0346214
-0.0345893
-0.0345183
-0.0344054
-0.0342522
-0.0340649
-0.0338531
-0.0336267
-0.0333943
-0.0331639
-0.0329431
-0.0327351
-0.0325409
-0.0323591
-0.0321887
-0.0320317
-0.0318773
-0.0316554
-0.0314044
-0.0380927
-0.0373588
-0.0365953
-0.0362024
-0.0359542
-0.0357635
-0.0356195
-0.0354892
-0.035383
-0.0353321
-0.0352172
-0.0350629
-0.0348641
-0.0346149
-0.034319
-0.0339877
-0.0336364
-0.0332824
-0.0329381
-0.0326291
-0.0323555
-0.032118
-0.031916
-0.0317443
-0.0315956
-0.0314634
-0.031342
-0.0312079
-0.0309992
-0.0308237
-0.041866
-0.0412886
-0.0398865
-0.0388525
-0.038097
-0.0374809
-0.0369675
-0.0365186
-0.0361221
-0.0358049
-0.0354785
-0.0351505
-0.0348242
-0.0344983
-0.0341761
-0.033864
-0.0335681
-0.0332943
-0.0330467
-0.0328101
-0.0325847
-0.0323649
-0.0321408
-0.0319036
-0.0316464
-0.0313656
-0.0310563
-0.0306952
-0.0302847
-0.0301388
-0.0902093
-0.0844217
-0.0787887
-0.0731944
-0.0686328
-0.064974
-0.0618489
-0.0590865
-0.0566179
-0.0543954
-0.0523757
-0.0505225
-0.0488069
-0.047207
-0.0457058
-0.0442909
-0.0429526
-0.041684
-0.0404798
-0.0393363
-0.0382505
-0.0372206
-0.0362453
-0.0353238
-0.0344563
-0.033645
-0.0328918
-0.0321779
-0.0314779
-0.0310503
-0.0902626
-0.084385
-0.0784252
-0.0726144
-0.067871
-0.0640696
-0.060844
-0.0580159
-0.0555106
-0.0532772
-0.0512718
-0.0494568
-0.0478021
-0.0462834
-0.0448813
-0.0435802
-0.0423676
-0.0412334
-0.0401698
-0.0391705
-0.0382311
-0.0373486
-0.0365207
-0.0357465
-0.0350258
-0.034361
-0.0337526
-0.0331781
-0.0325652
-0.0319513
-0.0909642
-0.0854917
-0.0795409
-0.0736326
-0.0688001
-0.0649345
-0.0616588
-0.0587914
-0.056257
-0.0540034
-0.0519846
-0.0501618
-0.0485036
-0.0469849
-0.0455854
-0.0442888
-0.0430817
-0.0419535
-0.0408956
-0.0399013
-0.0389652
-0.0380837
-0.0372537
-0.0364736
-0.0357423
-0.0350624
-0.03444
-0.0338638
-0.0332414
-0.0324897
-0.0917735
-0.0870881
-0.0812915
-0.0752701
-0.0703425
-0.0664152
-0.0630773
-0.0601438
-0.0575449
-0.0552307
-0.0531551
-0.051279
-0.0495709
-0.0480058
-0.0465634
-0.0452275
-0.0439848
-0.0428247
-0.0417385
-0.040719
-0.0397609
-0.0388595
-0.0380116
-0.0372143
-0.0364655
-0.0357661
-0.0351231
-0.0345281
-0.0338775
-0.0330148
-0.0923609
-0.0885907
-0.0829579
-0.0767752
-0.0717401
-0.0677617
-0.0643731
-0.06138
-0.0587194
-0.0563454
-0.0542131
-0.0522837
-0.050526
-0.0489152
-0.0474311
-0.0460575
-0.0447812
-0.0435913
-0.0424788
-0.0414365
-0.0404584
-0.0395397
-0.0386764
-0.0378652
-0.0371033
-0.0363905
-0.0357337
-0.0351259
-0.0344583
-0.0335261
-0.0926727
-0.0899339
-0.084453
-0.0780507
-0.0729002
-0.0688927
-0.0654781
-0.0624457
-0.0597396
-0.0573194
-0.055142
-0.0531694
-0.0513709
-0.0497218
-0.0482024
-0.0467966
-0.045491
-0.0442747
-0.0431387
-0.0420754
-0.0410786
-0.0401432
-0.0392649
-0.0384399
-0.0376649
-0.036939
-0.0362688
-0.0356486
-0.0349715
-0.0340068
-0.0927221
-0.0911676
-0.085828
-0.0791459
-0.0738741
-0.0698595
-0.0664406
-0.0633849
-0.0606456
-0.0581892
-0.055975
-0.0539659
-0.052132
-0.0504492
-0.048898
-0.0474625
-0.0461295
-0.0448881
-0.0437292
-0.0426452
-0.0416297
-0.0406774
-0.0397836
-0.0389444
-0.038156
-0.037417
-0.036733
-0.0361001
-0.0354186
-0.034452
-0.0925249
-0.0923191
-0.087103
-0.080079
-0.0746829
-0.0706826
-0.0672763
-0.0642077
-0.061443
-0.0589568
-0.0567116
-0.0546712
-0.0528063
-0.0510935
-0.0495137
-0.0480511
-0.0466929
-0.045428
-0.0442475
-0.0431437
-0.0421101
-0.0411412
-0.0402323
-0.0393792
-0.0385779
-0.0378262
-0.0371288
-0.036483
-0.035801
-0.0348571
-0.0921066
-0.0933989
-0.0882761
-0.0808507
-0.0753328
-0.0713683
-0.067988
-0.0649132
-0.0621279
-0.059617
-0.0573457
-0.0552788
-0.0533875
-0.0516488
-0.0500441
-0.0485579
-0.0471772
-0.0458914
-0.0446914
-0.0435695
-0.0425193
-0.0415351
-0.0406121
-0.0397459
-0.0389325
-0.0381692
-0.0374591
-0.0368005
-0.0361204
-0.035217
-0.091511
-0.0944104
-0.0893405
-0.081464
-0.075833
-0.071925
-0.0685803
-0.0655027
-0.0626997
-0.0601681
-0.0578753
-0.0557866
-0.0538735
-0.0521133
-0.0504877
-0.0489814
-0.0475817
-0.0462779
-0.045061
-0.0439234
-0.0428586
-0.0418608
-0.0409253
-0.0400474
-0.0392231
-0.0384493
-0.0377277
-0.0370569
-0.0363799
-0.0355272
-0.0908016
-0.0953495
-0.0902877
-0.0819282
-0.0761982
-0.0723631
-0.0690589
-0.0659793
-0.0631608
-0.0606118
-0.0583018
-0.0561958
-0.0542653
-0.0524878
-0.0508453
-0.0493227
-0.0479074
-0.0465889
-0.0453581
-0.0442074
-0.0431304
-0.0421212
-0.0411749
-0.0402871
-0.0394536
-0.0386709
-0.0379392
-0.0372574
-0.0365835
-0.0357845
-0.0900598
-0.0962002
-0.0911053
-0.0822587
-0.0764466
-0.0726932
-0.0694297
-0.0663477
-0.0635152
-0.0609523
-0.0586291
-0.0565099
-0.0545661
-0.0527754
-0.0511199
-0.0495847
-0.0481574
-0.0468273
-0.0455856
-0.0444247
-0.043338
-0.0423197
-0.041365
-0.0404692
-0.0396281
-0.0388383
-0.0380984
-0.0374073
-0.0367358
-0.0359869
-0.0893761
-0.0969342
-0.0917773
-0.0824749
-0.076598
-0.0729253
-0.0696984
-0.0666134
-0.0637692
-0.0611958
-0.0588631
-0.0567345
-0.0547812
-0.052981
-0.0513163
-0.049772
-0.048336
-0.0469976
-0.045748
-0.0445796
-0.0434858
-0.0424609
-0.0414998
-0.0405981
-0.0397516
-0.0389564
-0.0382104
-0.0375119
-0.0368419
-0.0361344
-0.0888375
-0.0975093
-0.0922777
-0.0825969
-0.0766736
-0.0730696
-0.0698715
-0.0667834
-0.0639306
-0.06135
-0.0590113
-0.0568768
-0.0549174
-0.0531113
-0.0514405
-0.0498905
-0.0484489
-0.0471052
-0.0458505
-0.0446773
-0.0435789
-0.0425497
-0.0415846
-0.040679
-0.0398288
-0.0390301
-0.0382801
-0.0375767
-0.0369074
-0.0362286
-0.0885409
-0.0978412
-0.0925451
-0.0826443
-0.0767012
-0.0731377
-0.0699547
-0.0668642
-0.0640067
-0.0614227
-0.059081
-0.0569437
-0.0549814
-0.0531723
-0.0514987
-0.0499459
-0.0485016
-0.0471553
-0.0458982
-0.0447226
-0.0436221
-0.0425908
-0.0416237
-0.0407163
-0.0398643
-0.0390639
-0.0383119
-0.037606
-0.0369368
-0.0362723
-0.0885342
-0.0978434
-0.0925405
-0.0826458
-0.0767038
-0.0731364
-0.0699516
-0.0668611
-0.0640039
-0.0614199
-0.0590783
-0.0569408
-0.0549785
-0.0531694
-0.0514958
-0.049943
-0.0484987
-0.0471525
-0.0458954
-0.04472
-0.0436195
-0.0425883
-0.0416214
-0.040714
-0.039862
-0.0390616
-0.0383097
-0.0376039
-0.0369347
-0.0362702
-0.0888178
-0.0975147
-0.0922646
-0.0826008
-0.0766809
-0.0730659
-0.0698625
-0.0667743
-0.0639222
-0.0613419
-0.0590031
-0.0568684
-0.0549089
-0.0531027
-0.0514319
-0.0498819
-0.0484404
-0.0470968
-0.0458423
-0.0446694
-0.0435713
-0.0425423
-0.0415774
-0.0406721
-0.039822
-0.0390234
-0.0382735
-0.0375702
-0.036901
-0.0362223
-0.0893449
-0.0969396
-0.0917566
-0.0824795
-0.0766082
-0.0729196
-0.0696845
-0.0665989
-0.0637556
-0.0611824
-0.0588496
-0.0567208
-0.0547673
-0.052967
-0.0513022
-0.049758
-0.0483221
-0.046984
-0.0457347
-0.0445667
-0.0434733
-0.0424488
-0.0414881
-0.0405866
-0.0397403
-0.0389452
-0.0381995
-0.0375012
-0.0368314
-0.036124
-0.0900185
-0.0962015
-0.0910773
-0.0822615
-0.0764575
-0.0726856
-0.0694118
-0.0663286
-0.0634967
-0.060934
-0.0586107
-0.0564912
-0.0545472
-0.0527564
-0.0511009
-0.0495658
-0.0481386
-0.0468089
-0.0455677
-0.0444073
-0.0433211
-0.0423033
-0.0413489
-0.0404534
-0.0396127
-0.038823
-0.0380834
-0.0373924
-0.0367211
-0.0359725
-0.0907511
-0.0953427
-0.0902519
-0.0819262
-0.076207
-0.0723536
-0.0690381
-0.0659563
-0.0631379
-0.060589
-0.0582788
-0.0561726
-0.0542419
-0.0524643
-0.0508218
-0.0492994
-0.0478845
-0.0465664
-0.0453362
-0.0441861
-0.0431096
-0.0421009
-0.041155
-0.0402676
-0.0394343
-0.0386518
-0.0379203
-0.0372387
-0.036565
-0.0357663
-0.0914518
-0.0943918
-0.0892959
-0.0814539
-0.0758369
-0.0719131
-0.0685571
-0.0654765
-0.0626731
-0.0601413
-0.0578483
-0.0557594
-0.0538462
-0.052086
-0.0504605
-0.0489545
-0.0475552
-0.046252
-0.0450358
-0.0438989
-0.0428346
-0.0418373
-0.0409021
-0.0400245
-0.0392005
-0.0384269
-0.0377054
-0.0370348
-0.0363581
-0.0355056
-0.0920389
-0.0933659
-0.0882214
-0.0808297
-0.0753289
-0.071353
-0.0679627
-0.0648846
-0.0620983
-0.059587
-0.0573154
-0.0552484
-0.0533571
-0.0516186
-0.0500141
-0.0485282
-0.0471481
-0.045863
-0.0446637
-0.0435424
-0.0424927
-0.0415089
-0.0405862
-0.0397203
-0.0389071
-0.0381439
-0.037434
-0.0367754
-0.0360956
-0.0351924
-0.0924485
-0.0922703
-0.0870369
-0.0800447
-0.0746687
-0.0706623
-0.0672487
-0.0641772
-0.0614114
-0.0589246
-0.0566791
-0.0546386
-0.0527738
-0.0510611
-0.0494817
-0.0480197
-0.046662
-0.0453978
-0.044218
-0.0431147
-0.0420815
-0.041113
-0.0402043
-0.0393514
-0.0385502
-0.0377987
-0.0371013
-0.0364555
-0.0357736
-0.0348299
-0.0926367
-0.0911023
-0.0857494
-0.0790966
-0.0738475
-0.0698329
-0.0664104
-0.0633529
-0.0606129
-0.0581558
-0.0559413
-0.0539322
-0.0520984
-0.0504158
-0.048865
-0.0474301
-0.0460977
-0.0448569
-0.0436985
-0.0426149
-0.0415997
-0.0406476
-0.039754
-0.0389149
-0.0381266
-0.0373877
-0.0367036
-0.0360707
-0.0353891
-0.0344227
-0.0925776
-0.0898523
-0.0843613
-0.0779857
-0.0728599
-0.0688585
-0.0654448
-0.0624126
-0.0597064
-0.0572859
-0.0551083
-0.0531356
-0.0513371
-0.0496883
-0.0481693
-0.0467639
-0.0454588
-0.0442429
-0.0431072
-0.0420442
-0.0410476
-0.0401124
-0.0392342
-0.0384092
-0.0376342
-0.0369083
-0.0362379
-0.0356177
-0.0349404
-0.0339758
-0.0922553
-0.0884935
-0.0828532
-0.0766944
-0.0716856
-0.0677191
-0.0643361
-0.0613458
-0.0586863
-0.0563125
-0.0541801
-0.0522506
-0.050493
-0.0488822
-0.0473984
-0.0460251
-0.044749
-0.0435593
-0.042447
-0.0414048
-0.0404268
-0.0395081
-0.0386448
-0.0378336
-0.0370716
-0.0363588
-0.0357019
-0.0350939
-0.034426
-0.0334938
-0.0916567
-0.0869763
-0.0811744
-0.0751746
-0.0702745
-0.0663642
-0.0630363
-0.0601085
-0.0575122
-0.0551988
-0.0531233
-0.0512472
-0.049539
-0.0479739
-0.0465315
-0.0451956
-0.043953
-0.0427928
-0.0417065
-0.040687
-0.0397288
-0.0388274
-0.0379794
-0.0371821
-0.0364332
-0.0357337
-0.0350906
-0.0344954
-0.0338446
-0.0329817
-0.0908352
-0.0853665
-0.0794129
-0.0735243
-0.0687198
-0.0648753
-0.0616138
-0.0587548
-0.0562246
-0.0539726
-0.0519542
-0.0501315
-0.0484732
-0.0469543
-0.0455545
-0.0442576
-0.0430503
-0.0419218
-0.0408637
-0.0398692
-0.038933
-0.0380513
-0.0372213
-0.0364411
-0.0357098
-0.0350298
-0.0344073
-0.033831
-0.0332083
-0.0324562
-0.0901216
-0.084249
-0.0782899
-0.0724983
-0.0677827
-0.0640044
-0.0607956
-0.0579779
-0.0554779
-0.0532469
-0.0512422
-0.0494274
-0.0477725
-0.0462536
-0.0448511
-0.0435496
-0.0423365
-0.0412019
-0.0401379
-0.0391384
-0.0381989
-0.0373163
-0.0364884
-0.0357142
-0.0349936
-0.0343288
-0.0337203
-0.0331457
-0.0325325
-0.0319182
-0.0900529
-0.0842736
-0.0786463
-0.073073
-0.0685403
-0.0649059
-0.0617981
-0.0590461
-0.056583
-0.0543629
-0.0523442
-0.0504914
-0.0487759
-0.0471758
-0.0456745
-0.0442591
-0.0429205
-0.0416516
-0.0404472
-0.0393035
-0.0382178
-0.037188
-0.0362128
-0.0352916
-0.0344245
-0.0336134
-0.0328605
-0.0321468
-0.0314466
-0.0310187
-0.0316672
-0.031723
-0.0316481
-0.0315719
-0.0314867
-0.0313797
-0.0312503
-0.0311007
-0.0309324
-0.0307467
-0.0305446
-0.0303273
-0.0300959
-0.0298517
-0.0295957
-0.029329
-0.0290525
-0.0287674
-0.0284743
-0.0281742
-0.0278677
-0.0275556
-0.0272385
-0.0269169
-0.0265913
-0.0262622
-0.0259299
-0.0255948
-0.0252574
-0.0249177
-0.0245761
-0.0242329
-0.0238881
-0.0235421
-0.0231949
-0.0228467
-0.0224976
-0.0221478
-0.0217973
-0.0214461
-0.0210945
-0.0207424
-0.0203899
-0.0200371
-0.0196839
-0.0193306
-0.018977
-0.0186232
-0.0182692
-0.0179151
-0.0175608
-0.0172065
-0.0168521
-0.0164976
-0.016143
-0.0157884
-0.0154337
-0.015079
-0.0147242
-0.0143695
-0.0140147
-0.0136599
-0.0133051
-0.0129502
-0.0125954
-0.0122405
-0.0118857
-0.0115308
-0.011176
-0.0108211
-0.0104663
-0.0101114
-0.00975655
-0.0094017
-0.00904685
-0.008692
-0.00833716
-0.00798232
-0.00762749
-0.00727266
-0.00691784
-0.00656302
-0.0062082
-0.00585339
-0.00549859
-0.00514379
-0.00478901
-0.00443422
-0.00407945
-0.00372468
-0.00336993
-0.00301518
-0.00266044
-0.00230572
-0.001951
-0.0015963
-0.00124161
-0.000886923
-0.000532248
-0.000177444
-0.0322641
-0.0320374
-0.0318869
-0.0317665
-0.0316313
-0.0314754
-0.0313033
-0.0311176
-0.0309191
-0.0307085
-0.0304862
-0.030253
-0.0300095
-0.0297563
-0.029494
-0.0292232
-0.0289447
-0.0286589
-0.0283665
-0.028068
-0.0277639
-0.0274549
-0.0271412
-0.0268234
-0.0265018
-0.0261768
-0.0258487
-0.0255178
-0.0251845
-0.024849
-0.0245114
-0.024172
-0.023831
-0.0234885
-0.0231448
-0.0227998
-0.0224539
-0.022107
-0.0217592
-0.0214107
-0.0210616
-0.0207118
-0.0203615
-0.0200107
-0.0196595
-0.0193079
-0.018956
-0.0186037
-0.0182512
-0.0178985
-0.0175455
-0.0171923
-0.016839
-0.0164855
-0.0161319
-0.0157781
-0.0154243
-0.0150703
-0.0147162
-0.0143621
-0.0140079
-0.0136536
-0.0132993
-0.012945
-0.0125905
-0.0122361
-0.0118816
-0.0115271
-0.0111725
-0.010818
-0.0104634
-0.0101088
-0.00975413
-0.00939949
-0.00904482
-0.00869015
-0.00833547
-0.00798078
-0.00762608
-0.00727137
-0.00691666
-0.00656194
-0.00620723
-0.00585251
-0.00549779
-0.00514306
-0.00478834
-0.00443363
-0.00407891
-0.0037242
-0.0033695
-0.0030148
-0.00266011
-0.00230542
-0.00195075
-0.00159608
-0.00124143
-0.000886788
-0.000532151
-0.000177398
-0.0328748
-0.0324539
-0.0321969
-0.0320121
-0.0318222
-0.0316178
-0.0314047
-0.0311847
-0.0309577
-0.0307233
-0.0304816
-0.0302325
-0.0299763
-0.0297131
-0.0294431
-0.0291666
-0.0288839
-0.0285954
-0.0283014
-0.0280023
-0.0276984
-0.0273901
-0.0270777
-0.0267615
-0.0264418
-0.026119
-0.0257932
-0.0254648
-0.0251339
-0.0248009
-0.0244658
-0.0241288
-0.0237903
-0.0234502
-0.0231087
-0.0227659
-0.0224221
-0.0220772
-0.0217314
-0.0213847
-0.0210373
-0.0206892
-0.0203404
-0.0199911
-0.0196413
-0.019291
-0.0189403
-0.0185892
-0.0182377
-0.017886
-0.0175339
-0.0171816
-0.0168291
-0.0164764
-0.0161234
-0.0157703
-0.0154171
-0.0150636
-0.0147101
-0.0143565
-0.0140027
-0.0136489
-0.0132949
-0.0129409
-0.0125868
-0.0122327
-0.0118785
-0.0115242
-0.0111699
-0.0108155
-0.0104611
-0.0101067
-0.00975226
-0.00939777
-0.00904325
-0.00868871
-0.00833415
-0.00797957
-0.00762497
-0.00727036
-0.00691574
-0.0065611
-0.00620646
-0.00585181
-0.00549715
-0.00514248
-0.00478782
-0.00443315
-0.00407848
-0.00372381
-0.00336914
-0.00301448
-0.00265983
-0.00230518
-0.00195054
-0.0015959
-0.00124129
-0.000886677
-0.000532073
-0.00017736
-0.0334382
-0.0328757
-0.032527
-0.0322792
-0.0320363
-0.0317858
-0.0315333
-0.0312802
-0.0310251
-0.0307672
-0.0305058
-0.0302404
-0.0299707
-0.0296965
-0.0294177
-0.0291343
-0.0288462
-0.0285537
-0.0282569
-0.0279558
-0.0276508
-0.027342
-0.0270296
-0.026714
-0.0263952
-0.0260735
-0.0257491
-0.0254222
-0.025093
-0.0247616
-0.0244283
-0.0240932
-0.0237564
-0.0234181
-0.0230784
-0.0227374
-0.0223952
-0.0220519
-0.0217077
-0.0213625
-0.0210165
-0.0206697
-0.0203223
-0.0199742
-0.0196255
-0.0192763
-0.0189266
-0.0185765
-0.0182259
-0.017875
-0.0175238
-0.0171722
-0.0168204
-0.0164683
-0.016116
-0.0157634
-0.0154107
-0.0150578
-0.0147047
-0.0143515
-0.0139981
-0.0136446
-0.013291
-0.0129373
-0.0125835
-0.0122296
-0.0118757
-0.0115216
-0.0111675
-0.0108134
-0.0104591
-0.0101049
-0.00975057
-0.00939622
-0.00904183
-0.00868741
-0.00833296
-0.00797848
-0.00762397
-0.00726945
-0.0069149
-0.00656034
-0.00620576
-0.00585117
-0.00549656
-0.00514195
-0.00478733
-0.0044327
-0.00407808
-0.00372344
-0.00336881
-0.00301418
-0.00265956
-0.00230494
-0.00195033
-0.00159573
-0.00124114
-0.000886567
-0.000531997
-0.000177323
-0.0339361
-0.0332714
-0.0328508
-0.0325468
-0.0322548
-0.0319616
-0.0316726
-0.0313882
-0.0311066
-0.0308261
-0.0305455
-0.0302641
-0.029981
-0.0296958
-0.0294079
-0.0291171
-0.0288232
-0.028526
-0.0282257
-0.027922
-0.0276152
-0.0273052
-0.0269923
-0.0266765
-0.0263579
-0.0260367
-0.0257131
-0.0253872
-0.0250591
-0.024729
-0.024397
-0.0240632
-0.0237278
-0.0233909
-0.0230526
-0.0227129
-0.0223721
-0.0220301
-0.0216872
-0.0213432
-0.0209984
-0.0206528
-0.0203064
-0.0199593
-0.0196117
-0.0192634
-0.0189146
-0.0185653
-0.0182155
-0.0178653
-0.0175148
-0.0171639
-0.0168126
-0.0164611
-0.0161093
-0.0157573
-0.015405
-0.0150525
-0.0146998
-0.014347
-0.013994
-0.0136408
-0.0132875
-0.0129341
-0.0125805
-0.0122269
-0.0118731
-0.0115193
-0.0111654
-0.0108114
-0.0104573
-0.0101032
-0.00974905
-0.00939482
-0.00904055
-0.00868623
-0.00833188
-0.00797749
-0.00762307
-0.00726862
-0.00691414
-0.00655964
-0.00620512
-0.00585058
-0.00549603
-0.00514146
-0.00478688
-0.00443229
-0.0040777
-0.0037231
-0.0033685
-0.0030139
-0.0026593
-0.00230471
-0.00195013
-0.00159556
-0.001241
-0.00088646
-0.000531922
-0.000177285
-0.0343598
-0.0336281
-0.0331532
-0.0328
-0.032464
-0.0321328
-0.031811
-0.0314985
-0.0311926
-0.0308914
-0.0305932
-0.0302968
-0.0300011
-0.0297053
-0.0294086
-0.0291105
-0.0288107
-0.0285088
-0.0282047
-0.0278981
-0.0275891
-0.0272777
-0.0269637
-0.0266473
-0.0263285
-0.0260075
-0.0256842
-0.0253588
-0.0250314
-0.0247022
-0.0243711
-0.0240383
-0.023704
-0.0233681
-0.0230309
-0.0226924
-0.0223526
-0.0220117
-0.0216698
-0.0213268
-0.020983
-0.0206383
-0.0202928
-0.0199466
-0.0195998
-0.0192523
-0.0189042
-0.0185556
-0.0182065
-0.017857
-0.017507
-0.0171566
-0.0168059
-0.0164549
-0.0161035
-0.0157519
-0.0154001
-0.0150479
-0.0146956
-0.0143431
-0.0139903
-0.0136375
-0.0132844
-0.0129312
-0.0125779
-0.0122245
-0.0118709
-0.0115173
-0.0111635
-0.0108097
-0.0104557
-0.0101018
-0.0097477
-0.00939359
-0.00903942
-0.00868519
-0.00833093
-0.00797661
-0.00762226
-0.00726788
-0.00691346
-0.00655902
-0.00620455
-0.00585006
-0.00549554
-0.00514102
-0.00478647
-0.00443192
-0.00407735
-0.00372278
-0.00336821
-0.00301363
-0.00265906
-0.00230449
-0.00194994
-0.00159539
-0.00124087
-0.000886357
-0.00053185
-0.000177248
-0.03471
-0.0339411
-0.0334261
-0.0330301
-0.0326555
-0.0322912
-0.031941
-0.0316038
-0.0312766
-0.030957
-0.0306431
-0.0303332
-0.030026
-0.0297205
-0.0294157
-0.0291108
-0.0288054
-0.0284989
-0.0281911
-0.0278816
-0.0275704
-0.0272572
-0.026942
-0.0266248
-0.0263056
-0.0259844
-0.0256612
-0.0253361
-0.0250091
-0.0246804
-0.02435
-0.0240179
-0.0236843
-0.0233493
-0.0230129
-0.0226752
-0.0223363
-0.0219963
-0.0216552
-0.021313
-0.02097
-0.0206261
-0.0202814
-0.0199359
-0.0195897
-0.0192428
-0.0188954
-0.0185474
-0.0181988
-0.0178498
-0.0175003
-0.0171505
-0.0168002
-0.0164496
-0.0160986
-0.0157473
-0.0153958
-0.015044
-0.014692
-0.0143397
-0.0139872
-0.0136346
-0.0132818
-0.0129288
-0.0125756
-0.0122224
-0.011869
-0.0115155
-0.0111619
-0.0108082
-0.0104544
-0.0101005
-0.00974654
-0.00939252
-0.00903844
-0.00868429
-0.0083301
-0.00797585
-0.00762156
-0.00726724
-0.00691287
-0.00655847
-0.00620405
-0.00584959
-0.00549512
-0.00514062
-0.00478611
-0.00443158
-0.00407704
-0.00372249
-0.00336794
-0.00301339
-0.00265884
-0.00230429
-0.00194976
-0.00159524
-0.00124074
-0.000886261
-0.000531783
-0.000177214
-0.0349904
-0.0342092
-0.0336654
-0.0332324
-0.0328246
-0.0324322
-0.0320579
-0.0316996
-0.0313541
-0.0310186
-0.030691
-0.0303694
-0.0300522
-0.0297381
-0.029426
-0.0291151
-0.0288046
-0.0284939
-0.0281827
-0.0278704
-0.027557
-0.0272422
-0.0269257
-0.0266076
-0.0262878
-0.0259663
-0.025643
-0.025318
-0.0249912
-0.0246629
-0.0243329
-0.0240013
-0.0236683
-0.0233339
-0.0229982
-0.0226611
-0.0223229
-0.0219835
-0.0216431
-0.0213016
-0.0209592
-0.0206159
-0.0202718
-0.0199269
-0.0195813
-0.019235
-0.018888
-0.0185405
-0.0181924
-0.0178438
-0.0174948
-0.0171453
-0.0167954
-0.0164451
-0.0160944
-0.0157435
-0.0153922
-0.0150407
-0.0146889
-0.0143369
-0.0139846
-0.0136322
-0.0132795
-0.0129267
-0.0125737
-0.0122206
-0.0118674
-0.011514
-0.0111605
-0.0108069
-0.0104532
-0.0100994
-0.00974555
-0.00939161
-0.0090376
-0.00868352
-0.00832939
-0.0079752
-0.00762097
-0.00726669
-0.00691236
-0.00655801
-0.00620362
-0.0058492
-0.00549475
-0.00514028
-0.00478579
-0.00443128
-0.00407676
-0.00372223
-0.0033677
-0.00301316
-0.00265863
-0.0023041
-0.00194959
-0.0015951
-0.00124063
-0.000886175
-0.000531723
-0.000177181
-0.0352073
-0.0344333
-0.0338694
-0.0334049
-0.0329689
-0.0325532
-0.0321588
-0.031783
-0.0314222
-0.0310734
-0.0307343
-0.0304028
-0.030077
-0.0297556
-0.0294373
-0.0291212
-0.0288062
-0.0284919
-0.0281776
-0.027863
-0.0275475
-0.0272311
-0.0269135
-0.0265946
-0.0262742
-0.0259522
-0.0256288
-0.0253037
-0.0249771
-0.0246489
-0.0243192
-0.0239881
-0.0236555
-0.0233215
-0.0229863
-0.0226497
-0.022312
-0.0219732
-0.0216333
-0.0212923
-0.0209504
-0.0206076
-0.020264
-0.0199196
-0.0195744
-0.0192285
-0.018882
-0.0185348
-0.0181871
-0.0178389
-0.0174902
-0.017141
-0.0167914
-0.0164414
-0.016091
-0.0157403
-0.0153893
-0.0150379
-0.0146863
-0.0143345
-0.0139824
-0.0136301
-0.0132777
-0.012925
-0.0125722
-0.0122192
-0.011866
-0.0115127
-0.0111594
-0.0108058
-0.0104522
-0.0100985
-0.00974473
-0.00939085
-0.0090369
-0.00868288
-0.0083288
-0.00797466
-0.00762047
-0.00726622
-0.00691194
-0.00655761
-0.00620325
-0.00584886
-0.00549443
-0.00513999
-0.00478552
-0.00443103
-0.00407652
-0.00372201
-0.00336749
-0.00301296
-0.00265845
-0.00230394
-0.00194944
-0.00159497
-0.00124053
-0.000886102
-0.000531672
-0.000177153
-0.0353688
-0.0346157
-0.034038
-0.0335471
-0.0330879
-0.0326534
-0.0322428
-0.0318528
-0.0314796
-0.03112
-0.0307715
-0.0304318
-0.0300991
-0.0297716
-0.0294482
-0.0291276
-0.028809
-0.0284916
-0.0281748
-0.027858
-0.0275409
-0.0272231
-0.0269045
-0.0265847
-0.0262638
-0.0259415
-0.0256178
-0.0252926
-0.024966
-0.024638
-0.0243085
-0.0239776
-0.0236453
-0.0233117
-0.0229768
-0.0226407
-0.0223034
-0.0219649
-0.0216254
-0.0212849
-0.0209434
-0.020601
-0.0202577
-0.0199137
-0.0195688
-0.0192233
-0.0188771
-0.0185303
-0.0181829
-0.0178349
-0.0174865
-0.0171375
-0.0167882
-0.0164384
-0.0160882
-0.0157377
-0.0153869
-0.0150357
-0.0146843
-0.0143326
-0.0139807
-0.0136285
-0.0132762
-0.0129236
-0.0125709
-0.012218
-0.0118649
-0.0115117
-0.0111584
-0.010805
-0.0104514
-0.0100978
-0.00974406
-0.00939024
-0.00903633
-0.00868236
-0.00832832
-0.00797421
-0.00762006
-0.00726585
-0.00691159
-0.00655729
-0.00620295
-0.00584858
-0.00549418
-0.00513974
-0.00478529
-0.00443081
-0.00407632
-0.00372182
-0.00336731
-0.0030128
-0.00265829
-0.0023038
-0.00194932
-0.00159487
-0.00124045
-0.000886043
-0.000531631
-0.000177128
-0.0354839
-0.0347593
-0.0341722
-0.0336597
-0.0331822
-0.032733
-0.0323097
-0.0319086
-0.0315256
-0.0311576
-0.0308017
-0.0304556
-0.0301173
-0.0297851
-0.0294576
-0.0291336
-0.028812
-0.0284921
-0.0281732
-0.0278547
-0.0275362
-0.0272174
-0.0268978
-0.0265774
-0.026256
-0.0259333
-0.0256094
-0.0252842
-0.0249576
-0.0246296
-0.0243003
-0.0239696
-0.0236375
-0.0233041
-0.0229695
-0.0226337
-0.0222967
-0.0219585
-0.0216193
-0.0212791
-0.0209379
-0.0205958
-0.0202528
-0.0199091
-0.0195645
-0.0192192
-0.0188733
-0.0185267
-0.0181795
-0.0178318
-0.0174836
-0.0171348
-0.0167856
-0.016436
-0.016086
-0.0157357
-0.015385
-0.015034
-0.0146827
-0.0143311
-0.0139793
-0.0136272
-0.013275
-0.0129225
-0.0125699
-0.012217
-0.0118641
-0.0115109
-0.0111577
-0.0108043
-0.0104508
-0.0100972
-0.00974353
-0.00938975
-0.00903588
-0.00868194
-0.00832793
-0.00797386
-0.00761973
-0.00726555
-0.00691131
-0.00655703
-0.00620271
-0.00584836
-0.00549397
-0.00513955
-0.0047851
-0.00443064
-0.00407616
-0.00372166
-0.00336716
-0.00301266
-0.00265816
-0.00230368
-0.00194922
-0.00159479
-0.00124039
-0.000885999
-0.000531599
-0.000177107
-0.0355616
-0.0348673
-0.0342737
-0.0337444
-0.0332531
-0.0327929
-0.0323602
-0.0319508
-0.0315606
-0.0311862
-0.0308248
-0.0304739
-0.0301315
-0.0297957
-0.0294651
-0.0291384
-0.0288146
-0.0284928
-0.0281723
-0.0278525
-0.027533
-0.0272132
-0.026893
-0.0265721
-0.0262503
-0.0259274
-0.0256033
-0.025278
-0.0249514
-0.0246234
-0.0242942
-0.0239636
-0.0236317
-0.0232985
-0.0229641
-0.0226285
-0.0222917
-0.0219538
-0.0216148
-0.0212748
-0.0209338
-0.0205919
-0.0202492
-0.0199056
-0.0195613
-0.0192162
-0.0188704
-0.018524
-0.018177
-0.0178295
-0.0174814
-0.0171328
-0.0167837
-0.0164343
-0.0160844
-0.0157342
-0.0153836
-0.0150327
-0.0146815
-0.01433
-0.0139782
-0.0136263
-0.0132741
-0.0129217
-0.0125691
-0.0122163
-0.0118634
-0.0115103
-0.0111571
-0.0108038
-0.0104503
-0.0100968
-0.00974313
-0.00938938
-0.00903554
-0.00868163
-0.00832764
-0.00797359
-0.00761948
-0.00726532
-0.0069111
-0.00655683
-0.00620253
-0.00584818
-0.00549381
-0.0051394
-0.00478496
-0.0044305
-0.00407603
-0.00372154
-0.00336705
-0.00301255
-0.00265807
-0.0023036
-0.00194915
-0.00159474
-0.00124034
-0.000885966
-0.000531576
-0.00017709
-0.0356099
-0.034943
-0.0343449
-0.0338035
-0.0333024
-0.0328347
-0.0323954
-0.0319802
-0.031585
-0.0312062
-0.030841
-0.0304867
-0.0301414
-0.0298031
-0.0294703
-0.0291418
-0.0288164
-0.0284933
-0.0281717
-0.027851
-0.0275307
-0.0272104
-0.0268897
-0.0265684
-0.0262463
-0.0259232
-0.025599
-0.0252736
-0.024947
-0.0246191
-0.0242899
-0.0239594
-0.0236276
-0.0232945
-0.0229602
-0.0226248
-0.0222881
-0.0219504
-0.0216116
-0.0212717
-0.0209309
-0.0205892
-0.0202466
-0.0199032
-0.019559
-0.019214
-0.0188684
-0.0185221
-0.0181753
-0.0178278
-0.0174798
-0.0171313
-0.0167824
-0.016433
-0.0160832
-0.0157331
-0.0153826
-0.0150317
-0.0146806
-0.0143292
-0.0139775
-0.0136256
-0.0132734
-0.0129211
-0.0125685
-0.0122158
-0.0118629
-0.0115099
-0.0111567
-0.0108034
-0.01045
-0.0100965
-0.00974284
-0.00938911
-0.0090353
-0.0086814
-0.00832743
-0.0079734
-0.0076193
-0.00726515
-0.00691094
-0.00655669
-0.0062024
-0.00584806
-0.00549369
-0.00513929
-0.00478486
-0.00443041
-0.00407593
-0.00372145
-0.00336696
-0.00301247
-0.002658
-0.00230354
-0.0019491
-0.0015947
-0.00124031
-0.000885944
-0.000531559
-0.000177077
-0.0356358
-0.0349894
-0.0343883
-0.0338392
-0.0333322
-0.0328599
-0.0324167
-0.031998
-0.0315996
-0.0312182
-0.0308506
-0.0304944
-0.0301472
-0.0298074
-0.0294733
-0.0291437
-0.0288174
-0.0284934
-0.0281712
-0.0278499
-0.0275291
-0.0272085
-0.0268875
-0.026566
-0.0262437
-0.0259205
-0.0255962
-0.0252708
-0.0249442
-0.0246163
-0.0242871
-0.0239567
-0.023625
-0.023292
-0.0229578
-0.0226224
-0.0222859
-0.0219482
-0.0216095
-0.0212698
-0.0209291
-0.0205875
-0.020245
-0.0199016
-0.0195575
-0.0192127
-0.0188671
-0.0185209
-0.0181741
-0.0178268
-0.0174788
-0.0171304
-0.0167815
-0.0164322
-0.0160825
-0.0157324
-0.0153819
-0.0150311
-0.01468
-0.0143287
-0.013977
-0.0136251
-0.013273
-0.0129207
-0.0125682
-0.0122155
-0.0118626
-0.0115096
-0.0111565
-0.0108032
-0.0104498
-0.0100963
-0.00974265
-0.00938894
-0.00903514
-0.00868125
-0.0083273
-0.00797327
-0.00761919
-0.00726504
-0.00691084
-0.0065566
-0.00620231
-0.00584798
-0.00549361
-0.00513921
-0.00478479
-0.00443034
-0.00407587
-0.00372139
-0.0033669
-0.00301242
-0.00265795
-0.0023035
-0.00194907
-0.00159467
-0.00124029
-0.00088593
-0.000531549
-0.000177067
-0.035645
-0.0350095
-0.034407
-0.0338543
-0.0333448
-0.0328704
-0.0324255
-0.0320053
-0.0316056
-0.031223
-0.0308544
-0.0304973
-0.0301494
-0.0298089
-0.0294743
-0.0291441
-0.0288174
-0.0284931
-0.0281706
-0.0278491
-0.0275282
-0.0272073
-0.0268862
-0.0265646
-0.0262423
-0.0259191
-0.0255948
-0.0252694
-0.0249427
-0.0246149
-0.0242857
-0.0239553
-0.0236236
-0.0232907
-0.0229566
-0.0226212
-0.0222848
-0.0219472
-0.0216085
-0.0212688
-0.0209282
-0.0205866
-0.0202441
-0.0199009
-0.0195568
-0.019212
-0.0188665
-0.0185203
-0.0181736
-0.0178262
-0.0174783
-0.01713
-0.0167811
-0.0164318
-0.0160821
-0.015732
-0.0153816
-0.0150308
-0.0146798
-0.0143284
-0.0139768
-0.0136249
-0.0132728
-0.0129205
-0.012568
-0.0122153
-0.0118625
-0.0115095
-0.0111563
-0.0108031
-0.0104497
-0.0100962
-0.00974256
-0.00938885
-0.00903505
-0.00868118
-0.00832723
-0.00797321
-0.00761912
-0.00726498
-0.00691079
-0.00655654
-0.00620226
-0.00584793
-0.00549357
-0.00513917
-0.00478475
-0.0044303
-0.00407583
-0.00372135
-0.00336687
-0.00301239
-0.00265792
-0.00230348
-0.00194906
-0.00159466
-0.00124028
-0.000885923
-0.000531545
-0.000177061
-0.0356431
-0.0350077
-0.0344053
-0.0338528
-0.0333434
-0.0328692
-0.0324243
-0.0320042
-0.0316046
-0.0312221
-0.0308536
-0.0304965
-0.0301487
-0.0298083
-0.0294737
-0.0291436
-0.0288169
-0.0284927
-0.0281701
-0.0278487
-0.0275278
-0.0272069
-0.0268859
-0.0265643
-0.026242
-0.0259188
-0.0255945
-0.0252691
-0.0249425
-0.0246146
-0.0242855
-0.0239551
-0.0236235
-0.0232906
-0.0229564
-0.0226211
-0.0222846
-0.021947
-0.0216084
-0.0212687
-0.0209281
-0.0205865
-0.020244
-0.0199008
-0.0195567
-0.0192119
-0.0188664
-0.0185203
-0.0181735
-0.0178262
-0.0174783
-0.0171299
-0.0167811
-0.0164318
-0.0160821
-0.015732
-0.0153816
-0.0150308
-0.0146797
-0.0143284
-0.0139767
-0.0136249
-0.0132728
-0.0129205
-0.012568
-0.0122153
-0.0118625
-0.0115095
-0.0111563
-0.0108031
-0.0104497
-0.0100961
-0.00974254
-0.00938883
-0.00903504
-0.00868116
-0.00832721
-0.00797319
-0.00761911
-0.00726497
-0.00691077
-0.00655653
-0.00620224
-0.00584791
-0.00549355
-0.00513915
-0.00478473
-0.00443028
-0.00407582
-0.00372134
-0.00336686
-0.00301238
-0.00265791
-0.00230347
-0.00194905
-0.00159465
-0.00124028
-0.000885922
-0.000531544
-0.000177061
-0.03563
-0.034984
-0.0343834
-0.0338347
-0.0333281
-0.0328561
-0.0324132
-0.0319947
-0.0315967
-0.0312154
-0.0308481
-0.030492
-0.0301451
-0.0298054
-0.0294715
-0.029142
-0.0288158
-0.028492
-0.0281698
-0.0278486
-0.027528
-0.0272073
-0.0268865
-0.026565
-0.0262428
-0.0259197
-0.0255954
-0.0252701
-0.0249435
-0.0246156
-0.0242865
-0.0239561
-0.0236244
-0.0232915
-0.0229573
-0.022622
-0.0222855
-0.0219478
-0.0216092
-0.0212694
-0.0209288
-0.0205872
-0.0202447
-0.0199014
-0.0195573
-0.0192124
-0.0188669
-0.0185207
-0.0181739
-0.0178266
-0.0174787
-0.0171303
-0.0167814
-0.0164321
-0.0160824
-0.0157323
-0.0153818
-0.015031
-0.0146799
-0.0143286
-0.0139769
-0.013625
-0.0132729
-0.0129206
-0.0125681
-0.0122154
-0.0118626
-0.0115096
-0.0111564
-0.0108031
-0.0104497
-0.0100962
-0.0097426
-0.00938889
-0.00903509
-0.0086812
-0.00832725
-0.00797323
-0.00761914
-0.007265
-0.0069108
-0.00655655
-0.00620226
-0.00584793
-0.00549356
-0.00513917
-0.00478474
-0.00443029
-0.00407582
-0.00372134
-0.00336686
-0.00301238
-0.00265792
-0.00230347
-0.00194905
-0.00159466
-0.00124029
-0.000885926
-0.000531547
-0.000177066
-0.0356001
-0.034934
-0.0343367
-0.0337959
-0.0332955
-0.0328283
-0.0323896
-0.0319748
-0.03158
-0.0312016
-0.0308367
-0.0304828
-0.0301378
-0.0297997
-0.0294672
-0.0291389
-0.0288137
-0.0284908
-0.0281694
-0.0278489
-0.0275287
-0.0272085
-0.026888
-0.0265668
-0.0262448
-0.0259218
-0.0255977
-0.0252724
-0.0249458
-0.024618
-0.0242889
-0.0239584
-0.0236267
-0.0232937
-0.0229595
-0.022624
-0.0222874
-0.0219497
-0.021611
-0.0212712
-0.0209304
-0.0205887
-0.0202461
-0.0199027
-0.0195586
-0.0192136
-0.018868
-0.0185218
-0.0181749
-0.0178275
-0.0174795
-0.0171311
-0.0167821
-0.0164328
-0.016083
-0.0157329
-0.0153824
-0.0150315
-0.0146804
-0.014329
-0.0139773
-0.0136254
-0.0132733
-0.0129209
-0.0125684
-0.0122157
-0.0118628
-0.0115098
-0.0111566
-0.0108033
-0.0104499
-0.0100964
-0.00974275
-0.00938902
-0.00903521
-0.00868132
-0.00832735
-0.00797332
-0.00761923
-0.00726507
-0.00691087
-0.00655662
-0.00620232
-0.00584799
-0.00549361
-0.00513921
-0.00478478
-0.00443032
-0.00407585
-0.00372137
-0.00336688
-0.0030124
-0.00265794
-0.00230349
-0.00194907
-0.00159467
-0.0012403
-0.000885935
-0.000531555
-0.000177076
-0.035548
-0.0348549
-0.0342624
-0.033734
-0.0332435
-0.0327841
-0.0323521
-0.0319433
-0.0315537
-0.0311798
-0.0308189
-0.0304685
-0.0301264
-0.029791
-0.0294607
-0.0291344
-0.0288109
-0.0284893
-0.0281691
-0.0278495
-0.0275302
-0.0272106
-0.0268906
-0.0265698
-0.0262482
-0.0259254
-0.0256014
-0.0252762
-0.0249497
-0.0246219
-0.0242927
-0.0239622
-0.0236304
-0.0232973
-0.022963
-0.0226274
-0.0222907
-0.0219528
-0.0216139
-0.021274
-0.0209331
-0.0205912
-0.0202485
-0.019905
-0.0195607
-0.0192156
-0.0188699
-0.0185235
-0.0181766
-0.017829
-0.017481
-0.0171324
-0.0167834
-0.0164339
-0.0160841
-0.0157339
-0.0153833
-0.0150324
-0.0146812
-0.0143297
-0.013978
-0.0136261
-0.0132739
-0.0129215
-0.0125689
-0.0122162
-0.0118632
-0.0115102
-0.011157
-0.0108037
-0.0104502
-0.0100967
-0.009743
-0.00938926
-0.00903542
-0.00868152
-0.00832753
-0.00797349
-0.00761938
-0.00726521
-0.006911
-0.00655673
-0.00620243
-0.00584808
-0.0054937
-0.00513929
-0.00478485
-0.00443039
-0.00407591
-0.00372142
-0.00336693
-0.00301245
-0.00265798
-0.00230353
-0.0019491
-0.0015947
-0.00124032
-0.000885951
-0.000531568
-0.000177088
-0.0354668
-0.0347436
-0.0341578
-0.0336464
-0.03317
-0.0327217
-0.0322994
-0.0318991
-0.0315168
-0.0311495
-0.0307942
-0.0304487
-0.0301109
-0.0297792
-0.0294521
-0.0291284
-0.0288072
-0.0284877
-0.0281691
-0.0278509
-0.0275326
-0.027214
-0.0268947
-0.0265745
-0.0262533
-0.0259308
-0.0256071
-0.025282
-0.0249555
-0.0246277
-0.0242984
-0.0239678
-0.0236359
-0.0233026
-0.0229681
-0.0226324
-0.0222954
-0.0219574
-0.0216182
-0.0212781
-0.020937
-0.0205949
-0.020252
-0.0199083
-0.0195638
-0.0192185
-0.0188726
-0.0185261
-0.0181789
-0.0178313
-0.017483
-0.0171343
-0.0167852
-0.0164356
-0.0160856
-0.0157353
-0.0153846
-0.0150336
-0.0146824
-0.0143308
-0.013979
-0.013627
-0.0132747
-0.0129223
-0.0125696
-0.0122168
-0.0118639
-0.0115107
-0.0111575
-0.0108041
-0.0104506
-0.0100971
-0.00974337
-0.0093896
-0.00903574
-0.0086818
-0.0083278
-0.00797373
-0.0076196
-0.00726542
-0.00691118
-0.0065569
-0.00620258
-0.00584823
-0.00549383
-0.00513941
-0.00478496
-0.00443049
-0.00407601
-0.00372151
-0.00336701
-0.00301252
-0.00265804
-0.00230359
-0.00194915
-0.00159474
-0.00124035
-0.000885976
-0.000531587
-0.000177103
-0.0353484
-0.0345969
-0.0340208
-0.0335312
-0.0330733
-0.0326399
-0.0322304
-0.0318413
-0.031469
-0.0311102
-0.0307624
-0.0304234
-0.0300913
-0.0297644
-0.0294415
-0.0291214
-0.0288033
-0.0284862
-0.0281698
-0.0278533
-0.0275366
-0.0272191
-0.0269007
-0.0265812
-0.0262605
-0.0259384
-0.0256149
-0.0252899
-0.0249635
-0.0246356
-0.0243063
-0.0239755
-0.0236434
-0.0233099
-0.0229751
-0.0226391
-0.0223019
-0.0219635
-0.0216241
-0.0212836
-0.0209422
-0.0205999
-0.0202567
-0.0199127
-0.0195679
-0.0192224
-0.0188763
-0.0185295
-0.0181822
-0.0178343
-0.0174858
-0.0171369
-0.0167876
-0.0164379
-0.0160877
-0.0157372
-0.0153864
-0.0150353
-0.0146839
-0.0143322
-0.0139803
-0.0136282
-0.0132758
-0.0129233
-0.0125706
-0.0122177
-0.0118647
-0.0115115
-0.0111582
-0.0108048
-0.0104512
-0.0100976
-0.00974387
-0.00939006
-0.00903616
-0.00868219
-0.00832815
-0.00797406
-0.0076199
-0.00726569
-0.00691144
-0.00655714
-0.0062028
-0.00584842
-0.00549402
-0.00513958
-0.00478512
-0.00443064
-0.00407614
-0.00372163
-0.00336713
-0.00301263
-0.00265814
-0.00230367
-0.00194922
-0.0015948
-0.0012404
-0.000886012
-0.000531614
-0.000177122
-0.0351839
-0.0344117
-0.0338496
-0.0333866
-0.032952
-0.0325377
-0.0321445
-0.0317697
-0.0314099
-0.0310621
-0.0307238
-0.030393
-0.030068
-0.0297472
-0.0294295
-0.0291139
-0.0287995
-0.0284856
-0.0281718
-0.0278575
-0.0275425
-0.0272264
-0.0269091
-0.0265904
-0.0262703
-0.0259486
-0.0256254
-0.0253005
-0.0249741
-0.0246461
-0.0243166
-0.0239856
-0.0236532
-0.0233194
-0.0229843
-0.0226479
-0.0223103
-0.0219715
-0.0216317
-0.0212909
-0.0209491
-0.0206064
-0.0202628
-0.0199184
-0.0195733
-0.0192275
-0.018881
-0.018534
-0.0181863
-0.0178381
-0.0174894
-0.0171403
-0.0167907
-0.0164408
-0.0160904
-0.0157398
-0.0153888
-0.0150375
-0.0146859
-0.0143341
-0.013982
-0.0136298
-0.0132773
-0.0129247
-0.0125718
-0.0122189
-0.0118657
-0.0115125
-0.0111591
-0.0108056
-0.010452
-0.0100983
-0.00974452
-0.00939065
-0.00903671
-0.00868269
-0.00832861
-0.00797448
-0.00762029
-0.00726605
-0.00691176
-0.00655744
-0.00620308
-0.00584868
-0.00549425
-0.0051398
-0.00478532
-0.00443083
-0.00407632
-0.0037218
-0.00336728
-0.00301277
-0.00265827
-0.00230378
-0.00194932
-0.00159488
-0.00124046
-0.00088606
-0.000531649
-0.000177145
-0.0349644
-0.0341852
-0.0336433
-0.033212
-0.0328057
-0.0324148
-0.0320417
-0.0316847
-0.0313402
-0.0310058
-0.0306791
-0.0303583
-0.0300419
-0.0297285
-0.0294171
-0.0291068
-0.0287969
-0.0284868
-0.028176
-0.0278642
-0.0275512
-0.0272367
-0.0269207
-0.0266029
-0.0262834
-0.0259622
-0.0256391
-0.0253143
-0.0249878
-0.0246597
-0.0243299
-0.0239986
-0.0236657
-0.0233315
-0.0229959
-0.022659
-0.0223209
-0.0219816
-0.0216413
-0.0213
-0.0209577
-0.0206145
-0.0202704
-0.0199256
-0.0195801
-0.0192338
-0.018887
-0.0185395
-0.0181915
-0.017843
-0.0174939
-0.0171445
-0.0167946
-0.0164444
-0.0160938
-0.0157429
-0.0153917
-0.0150402
-0.0146884
-0.0143364
-0.0139842
-0.0136317
-0.0132791
-0.0129263
-0.0125734
-0.0122203
-0.0118671
-0.0115137
-0.0111602
-0.0108066
-0.010453
-0.0100992
-0.00974532
-0.00939139
-0.00903738
-0.00868332
-0.00832919
-0.00797501
-0.00762077
-0.00726649
-0.00691218
-0.00655782
-0.00620343
-0.005849
-0.00549455
-0.00514008
-0.00478558
-0.00443107
-0.00407654
-0.00372201
-0.00336748
-0.00301295
-0.00265843
-0.00230393
-0.00194945
-0.00159499
-0.00124055
-0.000886122
-0.000531694
-0.000177172
-0.0346818
-0.033915
-0.033402
-0.0330078
-0.0326348
-0.0322721
-0.0319233
-0.0315874
-0.0312614
-0.0309428
-0.0306299
-0.0303209
-0.0300146
-0.0297099
-0.0294058
-0.0291016
-0.0287968
-0.0284909
-0.0281837
-0.0278747
-0.0275639
-0.0272511
-0.0269364
-0.0266195
-0.0263007
-0.0259797
-0.0256568
-0.025332
-0.0250053
-0.0246768
-0.0243466
-0.0240148
-0.0236814
-0.0233466
-0.0230103
-0.0226728
-0.0223341
-0.0219942
-0.0216532
-0.0213112
-0.0209683
-0.0206245
-0.0202798
-0.0199344
-0.0195883
-0.0192416
-0.0188942
-0.0185463
-0.0181978
-0.0178488
-0.0174994
-0.0171496
-0.0167994
-0.0164488
-0.0160979
-0.0157467
-0.0153952
-0.0150434
-0.0146914
-0.0143392
-0.0139868
-0.0136341
-0.0132813
-0.0129284
-0.0125753
-0.012222
-0.0118687
-0.0115152
-0.0111616
-0.0108079
-0.0104541
-0.0101002
-0.00974629
-0.00939228
-0.00903821
-0.00868407
-0.00832988
-0.00797564
-0.00762136
-0.00726703
-0.00691267
-0.00655827
-0.00620385
-0.00584939
-0.00549491
-0.00514041
-0.00478589
-0.00443136
-0.00407682
-0.00372227
-0.00336771
-0.00301317
-0.00265863
-0.0023041
-0.0019496
-0.00159511
-0.00124065
-0.000886198
-0.000531748
-0.000177203
-0.0343299
-0.0336003
-0.0331274
-0.032776
-0.0324418
-0.0321122
-0.0317919
-0.0314807
-0.0311761
-0.030876
-0.0305789
-0.0302835
-0.0299887
-0.0296937
-0.0293978
-0.0291004
-0.0288013
-0.0285
-0.0281965
-0.0278905
-0.027582
-0.027271
-0.0269575
-0.0266415
-0.0263231
-0.0260024
-0.0256794
-0.0253544
-0.0250273
-0.0246982
-0.0243674
-0.0240349
-0.0237008
-0.0233651
-0.0230281
-0.0226897
-0.0223501
-0.0220094
-0.0216676
-0.0213248
-0.0209811
-0.0206365
-0.0202912
-0.0199451
-0.0195983
-0.0192509
-0.0189029
-0.0185544
-0.0182054
-0.0178559
-0.017506
-0.0171557
-0.0168051
-0.0164541
-0.0161028
-0.0157512
-0.0153994
-0.0150473
-0.014695
-0.0143425
-0.0139898
-0.013637
-0.013284
-0.0129308
-0.0125775
-0.0122241
-0.0118705
-0.0115169
-0.0111632
-0.0108094
-0.0104555
-0.0101015
-0.00974744
-0.00939334
-0.00903918
-0.00868496
-0.0083307
-0.0079764
-0.00762205
-0.00726767
-0.00691326
-0.00655881
-0.00620434
-0.00584985
-0.00549534
-0.0051408
-0.00478626
-0.0044317
-0.00407713
-0.00372256
-0.00336799
-0.00301342
-0.00265886
-0.00230431
-0.00194977
-0.00159526
-0.00124077
-0.000886288
-0.000531812
-0.000177236
-0.0339048
-0.0332422
-0.0328237
-0.0325216
-0.0322313
-0.0319398
-0.0316522
-0.0313692
-0.0310889
-0.0308096
-0.0305302
-0.0302498
-0.0299677
-0.0296833
-0.0293962
-0.0291062
-0.028813
-0.0285166
-0.0282168
-0.0279137
-0.0276074
-0.027298
-0.0269855
-0.0266701
-0.026352
-0.0260312
-0.0257079
-0.0253823
-0.0250546
-0.0247247
-0.024393
-0.0240595
-0.0237243
-0.0233876
-0.0230495
-0.0227101
-0.0223694
-0.0220276
-0.0216848
-0.021341
-0.0209963
-0.0206508
-0.0203046
-0.0199577
-0.0196101
-0.0192619
-0.0189132
-0.018564
-0.0182143
-0.0178642
-0.0175137
-0.0171629
-0.0168117
-0.0164602
-0.0161085
-0.0157565
-0.0154043
-0.0150518
-0.0146992
-0.0143464
-0.0139934
-0.0136403
-0.013287
-0.0129336
-0.0125801
-0.0122265
-0.0118727
-0.0115189
-0.011165
-0.0108111
-0.010457
-0.0101029
-0.00974878
-0.00939456
-0.0090403
-0.008686
-0.00833165
-0.00797727
-0.00762285
-0.00726841
-0.00691393
-0.00655944
-0.00620492
-0.00585038
-0.00549582
-0.00514125
-0.00478667
-0.00443208
-0.00407749
-0.00372289
-0.00336829
-0.0030137
-0.00265911
-0.00230453
-0.00194997
-0.00159543
-0.0012409
-0.00088639
-0.000531883
-0.000177273
-0.033406
-0.0328456
-0.0324989
-0.032253
-0.0320118
-0.0317629
-0.031512
-0.0312602
-0.0310065
-0.0307498
-0.0304895
-0.0302252
-0.0299565
-0.0296833
-0.0294053
-0.0291227
-0.0288354
-0.0285436
-0.0282474
-0.027947
-0.0276425
-0.0273343
-0.0270224
-0.0267072
-0.0263888
-0.0260675
-0.0257435
-0.025417
-0.0250881
-0.0247571
-0.0244241
-0.0240892
-0.0237527
-0.0234146
-0.0230751
-0.0227343
-0.0223923
-0.0220492
-0.0217051
-0.0213601
-0.0210143
-0.0206677
-0.0203203
-0.0199724
-0.0196238
-0.0192747
-0.0189251
-0.0185751
-0.0182246
-0.0178738
-0.0175226
-0.0171712
-0.0168194
-0.0164674
-0.0161151
-0.0157626
-0.0154099
-0.0150571
-0.014704
-0.0143508
-0.0139975
-0.0136441
-0.0132905
-0.0129368
-0.0125831
-0.0122292
-0.0118753
-0.0115212
-0.0111672
-0.010813
-0.0104588
-0.0101046
-0.00975029
-0.00939595
-0.00904158
-0.00868717
-0.00833273
-0.00797826
-0.00762376
-0.00726924
-0.0069147
-0.00656014
-0.00620556
-0.00585097
-0.00549637
-0.00514175
-0.00478713
-0.00443251
-0.00407788
-0.00372325
-0.00336862
-0.003014
-0.00265938
-0.00230477
-0.00195018
-0.0015956
-0.00124105
-0.0008865
-0.000531959
-0.000177311
-0.0328422
-0.0324232
-0.0321682
-0.0319852
-0.0317969
-0.0315941
-0.0313825
-0.031164
-0.0309383
-0.0307052
-0.0304646
-0.0302166
-0.0299614
-0.0296992
-0.0294301
-0.0291544
-0.0288725
-0.0285848
-0.0282915
-0.027993
-0.0276897
-0.0273819
-0.02707
-0.0267543
-0.0264351
-0.0261127
-0.0257874
-0.0254593
-0.0251288
-0.0247961
-0.0244613
-0.0241246
-0.0237863
-0.0234465
-0.0231052
-0.0227627
-0.0224191
-0.0220744
-0.0217287
-0.0213822
-0.021035
-0.020687
-0.0203384
-0.0199892
-0.0196395
-0.0192893
-0.0189387
-0.0185877
-0.0182364
-0.0178847
-0.0175327
-0.0171805
-0.0168281
-0.0164754
-0.0161225
-0.0157695
-0.0154163
-0.0150629
-0.0147094
-0.0143558
-0.0140021
-0.0136483
-0.0132944
-0.0129404
-0.0125864
-0.0122322
-0.0118781
-0.0115238
-0.0111695
-0.0108152
-0.0104608
-0.0101064
-0.00975197
-0.0093975
-0.009043
-0.00868847
-0.00833392
-0.00797935
-0.00762476
-0.00727015
-0.00691554
-0.0065609
-0.00620626
-0.00585161
-0.00549696
-0.0051423
-0.00478763
-0.00443296
-0.0040783
-0.00372363
-0.00336897
-0.00301431
-0.00265966
-0.00230503
-0.0019504
-0.00159579
-0.0012412
-0.000886615
-0.000532039
-0.000177349
-0.0322315
-0.0320066
-0.0318578
-0.0317391
-0.0316055
-0.0314512
-0.0312806
-0.0310963
-0.0308992
-0.0306898
-0.0304687
-0.0302366
-0.0299942
-0.0297419
-0.0294805
-0.0292106
-0.0289329
-0.0286479
-0.0283562
-0.0280583
-0.0277549
-0.0274464
-0.0271333
-0.026816
-0.0264948
-0.0261703
-0.0258426
-0.0255122
-0.0251792
-0.024844
-0.0245067
-0.0241676
-0.0238269
-0.0234847
-0.0231412
-0.0227965
-0.0224507
-0.022104
-0.0217565
-0.0214081
-0.0210591
-0.0207095
-0.0203594
-0.0200087
-0.0196577
-0.0193062
-0.0189544
-0.0186022
-0.0182498
-0.0178972
-0.0175443
-0.0171912
-0.0168379
-0.0164845
-0.0161309
-0.0157773
-0.0154234
-0.0150695
-0.0147155
-0.0143615
-0.0140073
-0.0136531
-0.0132988
-0.0129445
-0.0125901
-0.0122357
-0.0118812
-0.0115267
-0.0111722
-0.0108176
-0.0104631
-0.0101085
-0.00975385
-0.00939922
-0.00904457
-0.00868991
-0.00833524
-0.00798055
-0.00762586
-0.00727116
-0.00691646
-0.00656175
-0.00620703
-0.00585232
-0.0054976
-0.00514288
-0.00478816
-0.00443345
-0.00407874
-0.00372403
-0.00336933
-0.00301464
-0.00265995
-0.00230528
-0.00195062
-0.00159598
-0.00124135
-0.000886733
-0.00053212
-0.000177388
-0.0316353
-0.0316923
-0.0316188
-0.0315442
-0.0314606
-0.0313552
-0.0312272
-0.031079
-0.0309121
-0.0307276
-0.0305267
-0.0303105
-0.0300802
-0.029837
-0.0295819
-0.0293161
-0.0290405
-0.0287561
-0.0284638
-0.0281643
-0.0278585
-0.027547
-0.0272304
-0.0269093
-0.0265842
-0.0262555
-0.0259237
-0.025589
-0.0252519
-0.0249126
-0.0245714
-0.0242284
-0.023884
-0.0235382
-0.0231912
-0.0228433
-0.0224944
-0.0221448
-0.0217944
-0.0214435
-0.021092
-0.0207401
-0.0203877
-0.0200351
-0.0196821
-0.0193288
-0.0189753
-0.0186216
-0.0182677
-0.0179137
-0.0175596
-0.0172053
-0.016851
-0.0164965
-0.016142
-0.0157875
-0.0154329
-0.0150782
-0.0147235
-0.0143688
-0.0140141
-0.0136593
-0.0133045
-0.0129497
-0.0125949
-0.0122401
-0.0118853
-0.0115304
-0.0111756
-0.0108208
-0.0104659
-0.0101111
-0.00975626
-0.00940143
-0.00904659
-0.00869176
-0.00833693
-0.0079821
-0.00762727
-0.00727245
-0.00691763
-0.00656282
-0.00620801
-0.0058532
-0.0054984
-0.00514361
-0.00478882
-0.00443405
-0.00407928
-0.00372451
-0.00336976
-0.00301502
-0.0026603
-0.00230558
-0.00195088
-0.0015962
-0.00124153
-0.000886869
-0.000532218
-0.000177435
)
;

boundaryField
{
    inlet
    {
        type            zeroGradient;
    }
    outlet
    {
        type            totalPressure;
        rho             none;
        psi             none;
        gamma           1;
        p0              uniform 0;
        value           uniform 0;
    }
    top
    {
        type            zeroGradient;
    }
    bottom
    {
        type            zeroGradient;
    }
    obstacle
    {
        type            zeroGradient;
    }
    frontAndBack
    {
        type            empty;
    }
}


// ************************************************************************* //
