/*--------------------------------*- C++ -*----------------------------------*\
  =========                 |
  \\      /  F ield         | OpenFOAM: The Open Source CFD Toolbox
   \\    /   O peration     | Website:  https://openfoam.org
    \\  /    A nd           | Version:  12
     \\/     M anipulation  |
\*---------------------------------------------------------------------------*/
FoamFile
{
    format      ascii;
    class       volScalarField;
    location    "40";
    object      pMean;
}
// * * * * * * * * * * * * * * * * * * * * * * * * * * * * * * * * * * * * * //

dimensions      [0 2 -2 0 0 0 0];

internalField   nonuniform List<scalar> 
6750
(
-0.036598
-0.0366517
-0.0367795
-0.0370262
-0.0376861
-0.0340941
-0.0340772
-0.0341356
-0.034329
-0.0345631
-0.0314625
-0.0314598
-0.031518
-0.0316484
-0.03172
-0.0288424
-0.0288715
-0.0289231
-0.0289993
-0.0290048
-0.0263046
-0.0263735
-0.02643
-0.0264737
-0.0264391
-0.0239264
-0.0240392
-0.024109
-0.0241327
-0.024071
-0.0217578
-0.0219154
-0.0220012
-0.0220093
-0.0219262
-0.0198292
-0.020031
-0.0201324
-0.0201264
-0.0200241
-0.0181596
-0.0184034
-0.0185187
-0.0184991
-0.0183794
-0.0167585
-0.0170406
-0.0171676
-0.0171349
-0.0169999
-0.0156267
-0.0159424
-0.0160784
-0.0160337
-0.0158859
-0.0147575
-0.0151011
-0.0152431
-0.0151882
-0.0150304
-0.014137
-0.014503
-0.0146476
-0.0145845
-0.0144197
-0.0137457
-0.0141289
-0.0142715
-0.0142034
-0.014035
-0.0135643
-0.0139532
-0.0140903
-0.0140223
-0.0138537
-0.0135632
-0.0139521
-0.0140891
-0.0140212
-0.0138525
-0.0137424
-0.0141256
-0.0142682
-0.0142
-0.0140315
-0.0141315
-0.0144974
-0.014642
-0.0145788
-0.014414
-0.0147499
-0.0150934
-0.0152353
-0.0151803
-0.0150224
-0.015617
-0.0159325
-0.0160684
-0.0160237
-0.0158758
-0.0167467
-0.0170287
-0.0171556
-0.0171227
-0.0169877
-0.0181459
-0.0183895
-0.0185047
-0.0184849
-0.0183651
-0.0198136
-0.0200153
-0.0201165
-0.0201103
-0.0200078
-0.0217404
-0.0218979
-0.0219835
-0.0219914
-0.0219081
-0.0239074
-0.0240201
-0.0240897
-0.0241131
-0.0240514
-0.0262842
-0.026353
-0.0264093
-0.0264528
-0.0264182
-0.0288208
-0.0288498
-0.0289012
-0.0289772
-0.0289828
-0.0314399
-0.0314371
-0.0314952
-0.0316255
-0.0316973
-0.0340707
-0.0340538
-0.034112
-0.0343054
-0.0345399
-0.036574
-0.0366276
-0.0367553
-0.037002
-0.0376622
-0.0414135
-0.0412447
-0.0405613
-0.04012
-0.0398432
-0.0396296
-0.039447
-0.0392685
-0.039075
-0.0388501
-0.0385592
-0.0381944
-0.0377505
-0.0372272
-0.0366321
-0.0359787
-0.0352851
-0.0345718
-0.0338567
-0.033148
-0.0324656
-0.0318175
-0.031208
-0.0306392
-0.0301114
-0.0296246
-0.0291773
-0.0287442
-0.0283083
-0.0282072
-0.0386857
-0.0383896
-0.0380438
-0.0379453
-0.0379292
-0.0379313
-0.0379425
-0.0379469
-0.0379362
-0.0378945
-0.037784
-0.0375971
-0.0373227
-0.0369562
-0.0365019
-0.0359728
-0.0353882
-0.0347706
-0.0341435
-0.0335357
-0.032953
-0.0324094
-0.0319106
-0.0314577
-0.0310492
-0.030683
-0.0303575
-0.0300489
-0.0296826
-0.0294161
-0.0365009
-0.0364689
-0.0363296
-0.0363189
-0.0363426
-0.0363815
-0.0364383
-0.0365048
-0.0365803
-0.0366478
-0.0366823
-0.0366777
-0.0366209
-0.0365018
-0.0363154
-0.0360622
-0.0357476
-0.0353817
-0.034976
-0.0345424
-0.0340962
-0.0336484
-0.033208
-0.0327816
-0.0323736
-0.0319876
-0.0316294
-0.0312915
-0.0309091
-0.0305855
-0.0348654
-0.0349997
-0.0349238
-0.0349202
-0.0349542
-0.0350168
-0.0351105
-0.0352323
-0.0353848
-0.035552
-0.0357203
-0.0358821
-0.0360226
-0.0361273
-0.0361834
-0.0361803
-0.0361116
-0.0359752
-0.0357728
-0.0355092
-0.0351946
-0.0348397
-0.0344556
-0.0340534
-0.0336429
-0.0332329
-0.0328334
-0.0324456
-0.0320194
-0.0316425
-0.0334122
-0.033586
-0.0335311
-0.0335472
-0.0336124
-0.0337182
-0.033867
-0.0340609
-0.0343033
-0.0345814
-0.0348867
-0.0352092
-0.0355322
-0.0358372
-0.0361049
-0.0363172
-0.0364592
-0.0365203
-0.0364955
-0.0363852
-0.0361952
-0.0359353
-0.0356176
-0.0352557
-0.0348626
-0.034451
-0.0340337
-0.0336157
-0.033151
-0.0327128
-0.0320093
-0.0321798
-0.032146
-0.0321947
-0.0323027
-0.0324608
-0.0326753
-0.0329516
-0.0332928
-0.0336893
-0.0341345
-0.0346159
-0.0351142
-0.0356072
-0.0360703
-0.0364793
-0.0368128
-0.0370541
-0.037193
-0.0372261
-0.0371565
-0.0369928
-0.0367474
-0.0364352
-0.0360715
-0.0356715
-0.0352514
-0.0348169
-0.034326
-0.0338366
-0.0306367
-0.0307962
-0.0307904
-0.0308765
-0.0310319
-0.031248
-0.0315346
-0.0318995
-0.0323447
-0.032864
-0.0334502
-0.0340883
-0.0347569
-0.0354298
-0.0360778
-0.0366716
-0.0371845
-0.0375948
-0.0378881
-0.0380577
-0.0381048
-0.0380367
-0.0378661
-0.0376084
-0.0372805
-0.0368997
-0.0364854
-0.0360434
-0.0355342
-0.0350109
-0.029285
-0.0294385
-0.0294631
-0.0295909
-0.0297974
-0.030078
-0.030443
-0.0309019
-0.031456
-0.0321013
-0.032829
-0.0336223
-0.034457
-0.0353034
-0.0361282
-0.0368974
-0.03758
-0.0381503
-0.0385903
-0.0388907
-0.0390508
-0.0390772
-0.0389823
-0.0387823
-0.038495
-0.03814
-0.0377372
-0.0372956
-0.0367748
-0.0362292
-0.0279439
-0.0280985
-0.0281577
-0.0283323
-0.0285957
-0.0289467
-0.029396
-0.0299537
-0.0306216
-0.0313959
-0.0322662
-0.0332137
-0.0342116
-0.0352268
-0.0362221
-0.0371597
-0.0380046
-0.0387278
-0.0393084
-0.0397348
-0.0400049
-0.0401245
-0.040106
-0.039966
-0.039723
-0.0393986
-0.0390128
-0.0385761
-0.0380488
-0.0374885
-0.0266053
-0.0267708
-0.0268708
-0.0270955
-0.0274212
-0.027848
-0.0283879
-0.0290496
-0.0298359
-0.0307423
-0.0317569
-0.0328585
-0.0340179
-0.0351987
-0.0363604
-0.0374615
-0.0384636
-0.0393347
-0.0400515
-0.0406005
-0.0409783
-0.0411902
-0.0412486
-0.0411702
-0.040975
-0.0406844
-0.040321
-0.0398942
-0.0393629
-0.0387882
-0.025264
-0.0254492
-0.0255938
-0.0258741
-0.0262683
-0.0267772
-0.0274129
-0.0281841
-0.0290934
-0.0301354
-0.0312965
-0.0325533
-0.0338739
-0.035219
-0.0365446
-0.0378062
-0.0389622
-0.0399781
-0.0408282
-0.0414977
-0.0419819
-0.0422859
-0.0424216
-0.0424064
-0.0422609
-0.0420075
-0.0416706
-0.0412576
-0.0407234
-0.0401298
-0.0239152
-0.0241269
-0.0243204
-0.0246613
-0.0251306
-0.0257278
-0.0264653
-0.0273517
-0.0283889
-0.0295706
-0.0308813
-0.0322953
-0.0337781
-0.0352874
-0.0367762
-0.038197
-0.0395055
-0.0406647
-0.041647
-0.0424361
-0.0430266
-0.0434229
-0.043637
-0.0436866
-0.0435929
-0.0433794
-0.0430714
-0.042676
-0.0421398
-0.0415176
-0.0225535
-0.022796
-0.0230425
-0.023451
-0.0240017
-0.0246934
-0.0255389
-0.0265465
-0.0277173
-0.0290435
-0.0305077
-0.0320821
-0.0337293
-0.0354042
-0.0370571
-0.0386375
-0.0400987
-0.0414013
-0.0425162
-0.0434255
-0.0441231
-0.044613
-0.0449071
-0.0450234
-0.0449838
-0.0448125
-0.0445369
-0.0441629
-0.0436236
-0.042959
-0.0211736
-0.0214473
-0.0217506
-0.0222337
-0.0228728
-0.0236662
-0.0246268
-0.0257626
-0.0270733
-0.0285498
-0.0301725
-0.0319114
-0.0337266
-0.0355701
-0.0373893
-0.0391314
-0.0407471
-0.0421949
-0.0434441
-0.0444757
-0.0452826
-0.0458684
-0.0462451
-0.0464311
-0.0464481
-0.046322
-0.0460823
-0.0457333
-0.0451889
-0.0444647
-0.0197689
-0.02007
-0.0204334
-0.0209989
-0.0217349
-0.0226383
-0.0237222
-0.0249937
-0.0264516
-0.028085
-0.0298724
-0.0317814
-0.0337694
-0.0357857
-0.0377753
-0.0396826
-0.0414562
-0.0430527
-0.0444397
-0.0455969
-0.0465166
-0.047202
-0.0476649
-0.0479238
-0.0480013
-0.047924
-0.0477242
-0.0474038
-0.046852
-0.0460494
-0.0183309
-0.0186517
-0.0190784
-0.0197353
-0.0205779
-0.0216007
-0.0228168
-0.0242325
-0.0258461
-0.0276445
-0.0296041
-0.0316899
-0.033857
-0.0360521
-0.0382175
-0.0402953
-0.042232
-0.0439822
-0.0455121
-0.0468002
-0.0478378
-0.0486277
-0.0491818
-0.0495183
-0.0496608
-0.0496368
-0.0494815
-0.0491942
-0.0486326
-0.0477317
-0.0168488
-0.0171773
-0.0176703
-0.0184292
-0.0193896
-0.0205423
-0.0219006
-0.0234711
-0.0252502
-0.027223
-0.0293636
-0.0316348
-0.033989
-0.0363703
-0.0387188
-0.0409742
-0.0430809
-0.0449919
-0.0466716
-0.0480974
-0.0492598
-0.0501611
-0.0508129
-0.0512334
-0.0514463
-0.0514814
-0.051377
-0.0511274
-0.0505536
-0.0495347
-0.0153083
-0.0156284
-0.0161904
-0.0170637
-0.0181549
-0.0194499
-0.0209627
-0.0226999
-0.0246562
-0.0268145
-0.0291468
-0.0316135
-0.0341645
-0.0367415
-0.0392823
-0.0417243
-0.0440101
-0.0460907
-0.0479293
-0.0495019
-0.050798
-0.0518193
-0.0525772
-0.05309
-0.0533811
-0.0534826
-0.0534366
-0.0532315
-0.0526436
-0.0514877
-0.0136905
-0.0139824
-0.0146161
-0.0156182
-0.0168554
-0.0183071
-0.0199891
-0.0219073
-0.0240544
-0.0264114
-0.0289482
-0.0316228
-0.0343825
-0.0371669
-0.0399113
-0.0425514
-0.0450275
-0.0472892
-0.049298
-0.0510287
-0.0524698
-0.0536223
-0.0544973
-0.0551129
-0.0554925
-0.0556701
-0.0556915
-0.0555386
-0.0549348
-0.0536261
-0.0119692
-0.0122088
-0.012918
-0.0140675
-0.0154693
-0.017095
-0.0189626
-0.0210787
-0.023433
-0.0260047
-0.0287614
-0.0316587
-0.0346417
-0.0376477
-0.0406099
-0.0434619
-0.0461424
-0.0485993
-0.0507924
-0.0526955
-0.0542958
-0.0555935
-0.056599
-0.0573306
-0.057811
-0.0580769
-0.0581778
-0.0580877
-0.0574699
-0.0559948
-0.0101064
-0.0102704
-0.0110599
-0.0123766
-0.0139665
-0.0157878
-0.0178618
-0.0201956
-0.0227769
-0.0255826
-0.0285779
-0.0317162
-0.0349402
-0.0381853
-0.0413825
-0.0444636
-0.0473658
-0.0500352
-0.0524303
-0.0545233
-0.0563004
-0.0577608
-0.0589142
-0.0597782
-0.0603758
-0.0607462
-0.0609446
-0.0609287
-0.0602994
-0.0586496
-0.0080511
-0.00811815
-0.00899748
-0.0105047
-0.0123091
-0.0143518
-0.0166576
-0.0192337
-0.0220663
-0.0251297
-0.0283866
-0.0317882
-0.0352753
-0.0387809
-0.0422344
-0.045566
-0.0487112
-0.0516147
-0.0542334
-0.0565382
-0.0585141
-0.0601589
-0.0614817
-0.0624993
-0.0632346
-0.063729
-0.0640432
-0.0641205
-0.0634878
-0.0616612
-0.00573134
-0.00568068
-0.00666191
-0.00839273
-0.0104451
-0.0127411
-0.0153108
-0.0181606
-0.0212748
-0.0246253
-0.0281727
-0.0318657
-0.0356431
-0.0394361
-0.0431725
-0.046781
-0.0501957
-0.0533599
-0.0562292
-0.0587731
-0.060975
-0.0628318
-0.0643512
-0.0655494
-0.0664494
-0.0670931
-0.0675481
-0.0677435
-0.0671214
-0.0651225
-0.00304108
-0.00285589
-0.00396216
-0.00595987
-0.00830399
-0.0108954
-0.013769
-0.0169318
-0.0203663
-0.0240417
-0.0279161
-0.0319362
-0.0360386
-0.0401531
-0.0442059
-0.0481246
-0.0518421
-0.0553006
-0.0584543
-0.0612712
-0.0637336
-0.0658368
-0.0675873
-0.0689999
-0.0700977
-0.0709248
-0.0715535
-0.0718973
-0.0713104
-0.0691557
0.000173009
0.000490541
-0.000774115
-0.00309211
-0.00578466
-0.00872765
-0.0119576
-0.015485
-0.0192905
-0.0233402
-0.0275896
-0.0319832
-0.0364558
-0.0409356
-0.045348
-0.0496194
-0.0536822
-0.0574774
-0.0609584
-0.0640918
-0.0668584
-0.069252
-0.0712777
-0.0729486
-0.0742874
-0.0753427
-0.0761874
-0.0767179
-0.0762009
-0.0739252
0.00416255
0.00458265
0.00309589
0.000381161
-0.00274074
-0.0061086
-0.00976697
-0.0137298
-0.0179754
-0.0224666
-0.0271558
-0.0319852
-0.0368881
-0.0417914
-0.0466198
-0.0512996
-0.0557626
-0.0599498
-0.0638134
-0.0673193
-0.0704466
-0.0731875
-0.0755455
-0.0775317
-0.0791682
-0.0805073
-0.0816281
-0.0823999
-0.0820086
-0.0796691
0.0093042
0.00974217
0.00793247
0.00471062
0.0010558
-0.00284118
-0.00703166
-0.0115319
-0.016317
-0.0213452
-0.0265656
-0.0319178
-0.0373333
-0.0427387
-0.0480588
-0.0532205
-0.0581566
-0.0628085
-0.0671284
-0.0710814
-0.0746454
-0.0778106
-0.0805779
-0.082956
-0.0849656
-0.0866612
-0.088126
-0.0892121
-0.0890246
-0.0867187
0.0163732
0.016594
0.0142406
0.0103321
0.00597567
0.00138204
-0.00350371
-0.0086977
-0.0141705
-0.0198756
-0.0257581
-0.031755
-0.0377968
-0.0438105
-0.0497228
-0.0554631
-0.0609669
-0.0661781
-0.0710508
-0.0755503
-0.0796536
-0.0833494
-0.0866362
-0.0895203
-0.0920201
-0.0941899
-0.0961133
-0.0976343
-0.09782
-0.0957607
0.0264395
0.0259992
0.02279
0.0179962
0.012733
0.00720606
0.00136648
-0.00478707
-0.0112113
-0.0178484
-0.0246347
-0.0315019
-0.0383787
-0.0451936
-0.0518772
-0.0583638
-0.0645948
-0.0705211
-0.0761001
-0.0813002
-0.0860933
-0.0904643
-0.094407
-0.0979212
-0.101019
-0.103746
-0.106178
-0.108179
-0.108897
-0.107435
0.044688
0.042319
0.0371002
0.0306429
0.0237877
0.0166395
0.00917866
0.00144323
-0.00649807
-0.0145725
-0.0227098
-0.030842
-0.0389048
-0.0468393
-0.0545927
-0.0621191
-0.0693774
-0.076329
-0.0829424
-0.089188
-0.0950477
-0.100502
-0.105536
-0.110137
-0.1143
-0.118045
-0.121429
-0.124414
-0.126415
-0.126311
-0.0388636
-0.0375642
-0.0357564
-0.0341737
-0.0327187
-0.0313002
-0.0299018
-0.0285196
-0.027146
-0.0257709
-0.0243833
-0.0229706
-0.0215184
-0.0200106
-0.0184286
-0.0167517
-0.014956
-0.0130139
-0.0108926
-0.00855237
-0.00594304
-0.00300184
0.000352346
0.00422677
0.00876912
0.0141898
0.0207608
0.028947
0.0388704
0.0525548
-0.0344082
-0.0331014
-0.0316989
-0.0304333
-0.02922
-0.0280092
-0.0267916
-0.0255625
-0.0243141
-0.0230381
-0.021726
-0.0203688
-0.0189563
-0.0174771
-0.0159181
-0.0142633
-0.0124936
-0.0105853
-0.00850862
-0.00622533
-0.00368555
-0.00082387
0.00244759
0.00624896
0.01075
0.0161972
0.0229395
0.0315709
0.0425761
0.0579534
-0.0314006
-0.0302043
-0.0290174
-0.0278992
-0.0267787
-0.0256351
-0.0244681
-0.0232748
-0.0220486
-0.0207822
-0.0194677
-0.0180961
-0.0166575
-0.0151405
-0.0135318
-0.0118155
-0.00997251
-0.0079789
-0.00580453
-0.00341052
-0.000745963
0.00225685
0.00568996
0.00968094
0.0144116
0.0201469
0.0272732
0.0364375
0.0483089
0.0649329
-0.028678
-0.0275884
-0.0265104
-0.0254732
-0.0244201
-0.0233351
-0.022216
-0.0210582
-0.0198546
-0.0185973
-0.0172781
-0.0158879
-0.0144162
-0.0128511
-0.0111784
-0.00938147
-0.00743964
-0.00532743
-0.0030126
-0.000453822
0.00240277
0.00562865
0.00932056
0.0136122
0.0186923
0.024834
0.0324344
0.0421401
0.0547004
0.0721338
-0.0261244
-0.0251335
-0.0241493
-0.0231875
-0.0221976
-0.0211642
-0.0200839
-0.0189515
-0.0177603
-0.0165027
-0.0151706
-0.0137547
-0.0122444
-0.0106273
-0.00888868
-0.00701083
-0.00497197
-0.00274499
-0.000295747
0.00241944
0.00545729
0.00889279
0.0128269
0.0173981
0.0228007
0.0293128
0.0373368
0.0475153
0.060672
0.0788283
-0.0237776
-0.0228789
-0.0219789
-0.0210827
-0.0201445
-0.0191505
-0.0180974
-0.0169804
-0.0157928
-0.0145276
-0.0131766
-0.0117306
-0.0101787
-0.00850837
-0.00670439
-0.00474835
-0.00261759
-0.00028389
0.00228826
0.00514419
0.00834267
0.0119611
0.0161035
0.0209119
0.0265843
0.0334031
0.0417758
0.0523473
0.0660182
0.0848647
-0.0216539
-0.0208404
-0.0200146
-0.0191737
-0.018277
-0.0173131
-0.016279
-0.0151703
-0.0139806
-0.0127032
-0.01133
-0.00985176
-0.00825774
-0.00653503
-0.00466809
-0.00263802
-0.000421465
0.00201059
0.00469464
0.00767717
0.0110183
0.0147973
0.0191199
0.0241305
0.0300301
0.0371041
0.0457647
0.0566617
0.0707623
0.0902192
-0.0197669
-0.0190312
-0.0182703
-0.0174753
-0.0166118
-0.0156706
-0.0146494
-0.0135439
-0.0123484
-0.0110563
-0.00965966
-0.00814949
-0.00651491
-0.00474287
-0.00281756
-0.000719652
0.0015747
0.00409511
0.00687879
0.00997307
0.0134391
0.017357
0.0218342
0.0270166
0.0331071
0.0403931
0.0492911
0.0604559
0.0749142
0.0948599
-0.0181296
-0.0174638
-0.0167585
-0.016001
-0.0151634
-0.0142391
-0.0132261
-0.0121205
-0.0109171
-0.00960948
-0.00819011
-0.00664996
-0.00497816
-0.00316156
-0.00118412
0.000973786
0.00333637
0.00593369
0.00880346
0.0119936
0.0155659
0.0196014
0.0242081
0.0295333
0.0357809
0.0432399
0.0523301
0.0637108
0.0784727
0.098766
-0.0167504
-0.0161459
-0.0154869
-0.0147592
-0.0139415
-0.0130294
-0.0120212
-0.0109136
-0.00970161
-0.00837922
-0.00693907
-0.00537223
-0.00366783
-0.00181263
0.000209572
0.00241861
0.00483896
0.00750097
0.0104427
0.0137125
0.0173727
0.0215046
0.0262169
0.0316575
0.0380314
0.0456278
0.0548695
0.0664176
0.0814217
0.101971
-0.0156317
-0.015079
-0.0144571
-0.0137523
-0.0129494
-0.0120458
-0.0110403
-0.00992979
-0.00870967
-0.00737421
-0.00591623
-0.00432688
-0.00259528
-0.000708142
0.00135084
0.00360165
0.00606893
0.00878325
0.0117829
0.0151166
0.0188467
0.0230551
0.0278508
0.0333819
0.039854
0.0475562
0.0569137
0.0685842
0.0837723
0.104527
-0.0147689
-0.0142576
-0.0136641
-0.0129761
-0.0121838
-0.0112861
-0.0102819
-0.00916834
-0.00794126
-0.0065951
-0.00512281
-0.0035156
-0.0017626
0.000149524
0.00223713
0.00452031
0.00702381
0.00977835
0.0128224
0.0162048
0.0199883
0.0242547
0.0291133
0.0347124
0.0412578
0.0490382
0.0584811
0.0702347
0.0855665
0.106467
-0.0141508
-0.0136703
-0.0130969
-0.0124203
-0.0116353
-0.0107413
-0.00973759
-0.00862151
-0.00738908
-0.00603491
-0.00455206
-0.00293177
-0.00116321
0.000767016
0.00287529
0.00518175
0.00771124
0.0104946
0.0135704
0.0169875
0.0208089
0.0251165
0.0300197
0.0356667
0.0422636
0.0500983
0.0596013
0.0714049
0.0868551
0.10783
-0.0137604
-0.0132999
-0.012739
-0.0120696
-0.0112888
-0.010397
-0.00939344
-0.00827557
-0.00703957
-0.00568016
-0.00419047
-0.00256177
-0.000783219
0.00115857
0.00328002
0.00560132
0.00814734
0.010949
0.0140449
0.0174841
0.0213295
0.0256632
0.0305945
0.0362718
0.042901
0.0507696
0.0603112
0.0721388
0.087668
0.108691
-0.0135766
-0.0131257
-0.0125708
-0.0119046
-0.0111258
-0.010235
-0.00923135
-0.00811255
-0.0068748
-0.00551286
-0.00401988
-0.00238715
-0.000603826
0.00134348
0.00347122
0.00579959
0.00835349
0.0111638
0.0142694
0.0177191
0.021576
0.0259222
0.030867
0.0365589
0.0432035
0.0510882
0.0606488
0.0724837
0.0880446
0.109113
-0.0135754
-0.0131245
-0.0125696
-0.0119035
-0.0111247
-0.0102339
-0.00923026
-0.00811148
-0.00687375
-0.00551185
-0.00401891
-0.00238622
-0.000602935
0.00134433
0.00347201
0.00580032
0.00835417
0.0111645
0.01427
0.0177197
0.0215765
0.0259228
0.0308677
0.0365596
0.0432042
0.0510888
0.0606492
0.072484
0.0880452
0.109114
-0.0137569
-0.0132964
-0.0127356
-0.0120662
-0.0112855
-0.0103938
-0.00939022
-0.00827241
-0.00703649
-0.00567718
-0.00418759
-0.00255901
-0.000780582
0.00116107
0.00328238
0.00560353
0.00814941
0.0109509
0.0140467
0.0174858
0.0213312
0.025665
0.0305965
0.0362739
0.0429031
0.0507715
0.0603125
0.0721397
0.0876699
0.108694
-0.014145
-0.0136645
-0.0130911
-0.0124147
-0.0116297
-0.0107359
-0.00973226
-0.00861631
-0.00738401
-0.00603
-0.00454733
-0.00292724
-0.00115887
0.000771137
0.00287919
0.00518543
0.00771471
0.0104979
0.0135735
0.0169906
0.0208119
0.0251197
0.0300229
0.0356702
0.042267
0.0501016
0.0596037
0.0714069
0.0868582
0.107834
-0.0147609
-0.0142496
-0.0136562
-0.0129683
-0.0121762
-0.0112786
-0.0102745
-0.00916116
-0.00793428
-0.00658835
-0.00511631
-0.00350937
-0.00175665
0.000155194
0.00224253
0.00452543
0.00702867
0.00978299
0.0128269
0.0162092
0.0199926
0.0242591
0.0291178
0.034717
0.0412624
0.0490429
0.0584851
0.0702383
0.0855711
0.106472
-0.0156215
-0.0150688
-0.0144471
-0.0137424
-0.0129397
-0.0120363
-0.011031
-0.00992073
-0.00870087
-0.0073657
-0.00590806
-0.00431906
-0.00258781
-0.000701004
0.00135767
0.00360819
0.00607519
0.00878926
0.0117888
0.0151223
0.0188523
0.0230607
0.0278563
0.0333874
0.0398597
0.0475624
0.0569197
0.0685898
0.0837786
0.104533
-0.0167381
-0.0161336
-0.0154748
-0.0147473
-0.0139299
-0.013018
-0.0120101
-0.0109028
-0.00969109
-0.00836905
-0.00692931
-0.0053629
-0.00365891
-0.00180409
0.000217773
0.00242652
0.00484659
0.00750837
0.0104499
0.0137196
0.0173796
0.0215113
0.0262234
0.0316639
0.0380382
0.0456358
0.054878
0.0664256
0.0814299
0.101977
-0.0181153
-0.0174495
-0.0167444
-0.0159872
-0.01515
-0.014226
-0.0132132
-0.012108
-0.010905
-0.00959775
-0.00817883
-0.00663916
-0.00496784
-0.00315167
-0.0011746
0.000983009
0.00334535
0.00594245
0.00881203
0.012002
0.015574
0.0196091
0.0242154
0.0295404
0.0357888
0.0432498
0.0523414
0.0637215
0.078483
0.0987727
-0.0197506
-0.0190149
-0.0182544
-0.0174597
-0.0165966
-0.0156558
-0.014635
-0.0135299
-0.0123348
-0.0110431
-0.00964693
-0.00813728
-0.00650322
-0.00473166
-0.00280676
-0.000709159
0.00158496
0.00410519
0.00688867
0.0099827
0.0134483
0.0173658
0.0218424
0.0270247
0.0331163
0.0404051
0.0493053
0.0604693
0.0749253
0.0948674
-0.0216357
-0.0208224
-0.019997
-0.0191565
-0.0182602
-0.0172967
-0.0162631
-0.0151547
-0.0139656
-0.0126886
-0.0113159
-0.00983818
-0.00824471
-0.00652251
-0.00465604
-0.0026263
-0.00040998
0.0020219
0.00470575
0.00768798
0.0110287
0.014807
0.0191289
0.0241397
0.0300409
0.0371184
0.0457817
0.0566775
0.0707739
0.0902271
-0.0237579
-0.0228594
-0.0219598
-0.0210641
-0.0201263
-0.0191327
-0.0180801
-0.0169635
-0.0157764
-0.0145117
-0.0131612
-0.0117157
-0.0101644
-0.00849461
-0.00669112
-0.00473546
-0.00260495
-0.000271439
0.0023005
0.00515609
0.00835403
0.0119718
0.0161137
0.0209223
0.0265969
0.0334198
0.0417953
0.052365
0.0660302
0.0848721
-0.0261035
-0.0251127
-0.0241289
-0.0231676
-0.0221781
-0.0211452
-0.0200653
-0.0189334
-0.0177426
-0.0164855
-0.0151539
-0.0137385
-0.0122288
-0.0106123
-0.00887424
-0.00699683
-0.00495826
-0.00273149
-0.000282478
0.00243235
0.00546968
0.00890457
0.0128383
0.0174102
0.0228152
0.0293315
0.0373582
0.0475342
0.0606842
0.0788347
-0.0286561
-0.0275667
-0.026489
-0.0254522
-0.0243995
-0.0233149
-0.0221963
-0.0210389
-0.0198357
-0.0185789
-0.0172603
-0.0158706
-0.0143994
-0.0128349
-0.0111628
-0.00936637
-0.00742489
-0.00531292
-0.00299835
-0.000439939
0.00241618
0.0056416
0.00933347
0.0136261
0.0187088
0.0248545
0.0324568
0.0421589
0.0547119
0.0721392
-0.0313781
-0.0301818
-0.0289951
-0.0278772
-0.0267571
-0.0256139
-0.0244473
-0.0232544
-0.0220287
-0.0207628
-0.0194487
-0.0180776
-0.0166396
-0.0151232
-0.013515
-0.0117993
-0.00995666
-0.00796337
-0.00578932
-0.00339568
-0.000731522
0.00227102
0.00570437
0.00969692
0.0144298
0.0201683
0.027295
0.0364544
0.0483189
0.0649379
-0.0343852
-0.0330781
-0.0316757
-0.0304105
-0.0291976
-0.0279872
-0.02677
-0.0255413
-0.0242933
-0.0230178
-0.0217062
-0.0203493
-0.0189373
-0.0174588
-0.0159003
-0.014246
-0.0124768
-0.0105689
-0.00849271
-0.00620983
-0.00367037
-0.000808757
0.00246316
0.00626659
0.0107695
0.016218
0.0229588
0.0315841
0.0425841
0.0579593
-0.0388391
-0.0375391
-0.0357318
-0.03415
-0.0326955
-0.0312777
-0.0298798
-0.0284981
-0.0271249
-0.0257504
-0.0243633
-0.0229511
-0.0214994
-0.0199921
-0.0184107
-0.0167344
-0.0149394
-0.0129979
-0.0108772
-0.00853743
-0.00592827
-0.00298686
0.000367924
0.00424516
0.00878856
0.014208
0.0207756
0.0289556
0.0388762
0.0525619
0.0446969
0.0423293
0.037109
0.0306506
0.023795
0.0166471
0.00918582
0.00144932
-0.00649362
-0.0145701
-0.0227098
-0.0308446
-0.03891
-0.0468469
-0.0546025
-0.0621308
-0.0693912
-0.076344
-0.0829587
-0.0892053
-0.0950657
-0.100521
-0.105555
-0.110155
-0.114318
-0.118063
-0.121448
-0.124433
-0.126436
-0.126334
0.0264449
0.0260036
0.022795
0.0180027
0.0127401
0.00721314
0.00137248
-0.0047827
-0.0112089
-0.0178481
-0.0246366
-0.0315059
-0.0383848
-0.0452017
-0.0518872
-0.0583757
-0.0646083
-0.0705363
-0.0761166
-0.0813178
-0.0861118
-0.0904835
-0.0944266
-0.097941
-0.101039
-0.103766
-0.106198
-0.108199
-0.108916
-0.107454
0.0163803
0.0166023
0.01425
0.0103421
0.00598487
0.0013898
-0.003498
-0.00869423
-0.0141693
-0.0198765
-0.0257609
-0.0317597
-0.0378032
-0.0438186
-0.0497325
-0.0554745
-0.0609799
-0.0661929
-0.0710673
-0.0755684
-0.0796732
-0.0833702
-0.086658
-0.0895426
-0.0920426
-0.0942122
-0.0961349
-0.097655
-0.0978397
-0.0957792
0.00931646
0.00975471
0.00794419
0.00472087
0.00106354
-0.00283592
-0.00702891
-0.0115315
-0.0163184
-0.0213483
-0.0265701
-0.0319235
-0.0373403
-0.0427469
-0.0480683
-0.0532316
-0.0581693
-0.062823
-0.0671449
-0.0711
-0.0746659
-0.077833
-0.0806019
-0.0829813
-0.0849915
-0.0866871
-0.0881511
-0.0892354
-0.0890456
-0.086737
0.00417782
0.00459663
0.00310768
0.000389224
-0.00273616
-0.00610677
-0.00976761
-0.0137325
-0.0179797
-0.022472
-0.0271621
-0.0319922
-0.0368958
-0.0418
-0.0466294
-0.0513105
-0.0557751
-0.0599641
-0.0638298
-0.0673379
-0.0704674
-0.0732106
-0.0755705
-0.0775584
-0.079196
-0.0805355
-0.0816559
-0.0824264
-0.0820323
-0.0796895
0.000189864
0.000504249
-0.000764548
-0.00308698
-0.00578273
-0.00872872
-0.0119611
-0.0154903
-0.0192971
-0.0233476
-0.0275975
-0.0319913
-0.0364643
-0.0409446
-0.0453577
-0.0496303
-0.0536944
-0.0574914
-0.0609744
-0.06411
-0.0668788
-0.0692746
-0.0713023
-0.0729749
-0.0743151
-0.0753712
-0.0762161
-0.076746
-0.0762272
-0.073949
-0.00302503
-0.00284376
-0.0039544
-0.00595523
-0.00830336
-0.0108979
-0.0137737
-0.0169383
-0.020374
-0.0240502
-0.0279249
-0.0319451
-0.0360477
-0.0401624
-0.0442159
-0.0481355
-0.0518542
-0.0553142
-0.0584696
-0.0612885
-0.0637529
-0.0658581
-0.0676105
-0.0690249
-0.070124
-0.0709522
-0.0715818
-0.0719257
-0.0713381
-0.0691825
-0.00571804
-0.00566989
-0.0066543
-0.00838887
-0.0104447
-0.0127435
-0.0153155
-0.0181671
-0.0212827
-0.024634
-0.0281818
-0.0318749
-0.0356523
-0.0394455
-0.0431823
-0.0467916
-0.0502073
-0.0533728
-0.0562436
-0.0587892
-0.0609928
-0.0628513
-0.0643725
-0.0655723
-0.0664738
-0.0671188
-0.0675749
-0.0677711
-0.0671495
-0.0651509
-0.00803797
-0.00810685
-0.0089888
-0.0105
-0.012308
-0.0143535
-0.0166615
-0.0192397
-0.0220737
-0.025138
-0.0283954
-0.0317972
-0.0352843
-0.03879
-0.0422438
-0.045576
-0.048722
-0.0516265
-0.0542465
-0.0565528
-0.0585302
-0.0601766
-0.061501
-0.0625201
-0.0632571
-0.063753
-0.0640685
-0.0641469
-0.0635157
-0.0616902
-0.0100934
-0.0102591
-0.0110513
-0.0123707
-0.0139643
-0.0157885
-0.017865
-0.0202007
-0.0227836
-0.0255904
-0.0285862
-0.0317247
-0.0349488
-0.0381939
-0.0413912
-0.0444728
-0.0473756
-0.0500459
-0.0524421
-0.0545363
-0.0563148
-0.0577766
-0.0589316
-0.0597972
-0.0603965
-0.0607686
-0.0609682
-0.0609544
-0.0603267
-0.0586781
-0.0119559
-0.0121969
-0.0129087
-0.0140611
-0.0154657
-0.0170947
-0.0189648
-0.021083
-0.023439
-0.0260118
-0.0287691
-0.0316666
-0.0346496
-0.0376556
-0.0406178
-0.0434701
-0.0461511
-0.0486087
-0.0508028
-0.0527069
-0.0543085
-0.0556076
-0.0566147
-0.057348
-0.0578303
-0.0580982
-0.0582008
-0.0581124
-0.0574963
-0.0560225
-0.0136766
-0.0139696
-0.0146059
-0.0156112
-0.0168509
-0.0183057
-0.0199903
-0.0219109
-0.0240596
-0.0264178
-0.0289552
-0.0316299
-0.0343895
-0.0371739
-0.0399183
-0.0425586
-0.0450351
-0.0472975
-0.049307
-0.0510387
-0.0524811
-0.053635
-0.0545115
-0.055129
-0.0555104
-0.0556897
-0.0557135
-0.0555626
-0.0549606
-0.053653
-0.0152937
-0.0156149
-0.0161794
-0.0170557
-0.0181498
-0.0194474
-0.0209631
-0.0227027
-0.0246606
-0.0268199
-0.0291528
-0.0316196
-0.0341705
-0.0367475
-0.0392883
-0.0417305
-0.0440167
-0.046098
-0.0479372
-0.0495108
-0.0508081
-0.0518308
-0.0525904
-0.053105
-0.0533982
-0.0535019
-0.0534581
-0.0532549
-0.0526688
-0.0515138
-0.0168334
-0.0171631
-0.0176587
-0.0184206
-0.019384
-0.0205393
-0.0219001
-0.0234729
-0.0252536
-0.0272274
-0.0293685
-0.0316398
-0.0339939
-0.0363753
-0.0387239
-0.0409795
-0.0430867
-0.0449982
-0.0466786
-0.0481054
-0.049269
-0.0501717
-0.0508252
-0.0512478
-0.0514629
-0.0515003
-0.0513979
-0.0511502
-0.0505779
-0.0495599
-0.0183148
-0.0186367
-0.0190659
-0.0197259
-0.0205715
-0.021597
-0.0228151
-0.024233
-0.0258482
-0.0276476
-0.0296076
-0.0316937
-0.0338609
-0.0360561
-0.0382217
-0.0402999
-0.0422371
-0.0439879
-0.0455186
-0.0468076
-0.0478464
-0.0486378
-0.0491937
-0.0495322
-0.0496769
-0.0496551
-0.0495019
-0.0492164
-0.0486563
-0.047756
-0.0197521
-0.0200543
-0.0204201
-0.0209884
-0.0217272
-0.0226333
-0.0237194
-0.0249927
-0.0264521
-0.0280866
-0.0298746
-0.0317839
-0.0337721
-0.0357888
-0.0377787
-0.0396865
-0.0414607
-0.0430579
-0.0444457
-0.045604
-0.0465249
-0.0472118
-0.0476765
-0.0479374
-0.0480171
-0.047942
-0.0477443
-0.0474257
-0.0468752
-0.046073
-0.0211562
-0.0214308
-0.0217363
-0.022222
-0.0228637
-0.0236596
-0.0246225
-0.02576
-0.0270722
-0.0285497
-0.0301732
-0.0319127
-0.0337283
-0.0355723
-0.0373921
-0.0391348
-0.0407512
-0.0421998
-0.04345
-0.0444826
-0.0452908
-0.0458782
-0.0462568
-0.0464447
-0.0464639
-0.0463399
-0.0461023
-0.0457549
-0.0452116
-0.0444876
-0.0225354
-0.0227787
-0.0230272
-0.0234381
-0.0239913
-0.0246851
-0.0255327
-0.0265421
-0.0277144
-0.0290418
-0.0305069
-0.032082
-0.0337299
-0.0354056
-0.0370592
-0.0386404
-0.0401025
-0.0414061
-0.042522
-0.0434325
-0.0441315
-0.044623
-0.0449189
-0.0450372
-0.0449996
-0.0448304
-0.0445568
-0.0441844
-0.0436461
-0.0429813
-0.0238964
-0.0241088
-0.024304
-0.0246473
-0.025119
-0.025718
-0.0264573
-0.0273455
-0.0283843
-0.0295673
-0.030879
-0.032294
-0.0337777
-0.0352879
-0.0367777
-0.0381995
-0.0395091
-0.0406694
-0.0416529
-0.0424433
-0.0430353
-0.0434332
-0.0436492
-0.0437007
-0.0436089
-0.0433974
-0.0430913
-0.0426973
-0.042162
-0.0415396
-0.0252447
-0.0254303
-0.0255764
-0.0258588
-0.026255
-0.0267657
-0.0274031
-0.0281762
-0.029087
-0.0301305
-0.0312928
-0.0325508
-0.0338725
-0.0352187
-0.0365455
-0.0378083
-0.0389657
-0.0399828
-0.0408343
-0.0415052
-0.0419911
-0.0422967
-0.0424342
-0.0424209
-0.0422772
-0.0420256
-0.0416903
-0.0412788
-0.0407455
-0.0401516
-0.0265852
-0.0267512
-0.0268526
-0.027079
-0.027406
-0.0278349
-0.0283765
-0.02904
-0.0298279
-0.0307358
-0.0317517
-0.0328547
-0.0340155
-0.0351977
-0.0363608
-0.0374633
-0.038467
-0.0393396
-0.0400579
-0.0406085
-0.0409879
-0.0412016
-0.0412617
-0.0411852
-0.0409915
-0.0407025
-0.0403406
-0.0399154
-0.0393848
-0.0388099
-0.0279231
-0.0280782
-0.0281387
-0.0283147
-0.0285794
-0.0289321
-0.0293832
-0.0299425
-0.030612
-0.0313879
-0.0322597
-0.0332087
-0.0342081
-0.0352249
-0.0362219
-0.0371613
-0.0380079
-0.0387329
-0.0393152
-0.0397433
-0.0400151
-0.0401364
-0.0401197
-0.0399814
-0.03974
-0.0394171
-0.0390326
-0.0385971
-0.0380706
-0.0375101
-0.0292637
-0.0294176
-0.0294433
-0.0295724
-0.02978
-0.0300619
-0.0304288
-0.0308891
-0.0314448
-0.0320918
-0.0328211
-0.0336161
-0.0344526
-0.0353008
-0.0361275
-0.0368987
-0.0375833
-0.0381555
-0.0385974
-0.0388997
-0.0390615
-0.0390896
-0.0389964
-0.038798
-0.0385122
-0.0381587
-0.0377573
-0.0373166
-0.0367962
-0.0362506
-0.0306147
-0.0307748
-0.0307697
-0.0308566
-0.0310132
-0.0312307
-0.0315189
-0.0318853
-0.032332
-0.032853
-0.0334409
-0.034081
-0.0347515
-0.0354265
-0.0360767
-0.0366727
-0.0371878
-0.0376003
-0.0378956
-0.0380672
-0.0381161
-0.0380497
-0.0378806
-0.0376245
-0.0372981
-0.0369184
-0.0365049
-0.0360636
-0.0355553
-0.0350322
-0.0319869
-0.0321578
-0.0321246
-0.0321737
-0.0322828
-0.0324425
-0.0326582
-0.032936
-0.0332787
-0.0336769
-0.034124
-0.0346074
-0.0351079
-0.0356032
-0.0360687
-0.0364802
-0.0368162
-0.0370599
-0.037201
-0.0372361
-0.0371684
-0.0370063
-0.0367625
-0.0364517
-0.0360892
-0.0356902
-0.0352708
-0.0348373
-0.034347
-0.0338576
-0.033389
-0.0335635
-0.0335088
-0.0335254
-0.0335919
-0.0336986
-0.0338486
-0.0340438
-0.0342879
-0.0345677
-0.0348749
-0.0351996
-0.0355251
-0.0358326
-0.036103
-0.036318
-0.0364627
-0.0365263
-0.0365039
-0.0363957
-0.0362076
-0.0359493
-0.0356331
-0.0352724
-0.0348804
-0.0344696
-0.0340529
-0.0336357
-0.0331708
-0.0327331
-0.0348418
-0.0349762
-0.0349008
-0.034898
-0.0349326
-0.034996
-0.0350908
-0.035214
-0.0353681
-0.0355372
-0.0357076
-0.0358716
-0.0360147
-0.0361222
-0.0361811
-0.0361809
-0.0361151
-0.0359813
-0.0357814
-0.03552
-0.0352073
-0.0348539
-0.0344713
-0.0340702
-0.0336607
-0.0332514
-0.0328527
-0.0324648
-0.0320388
-0.0316622
-0.0364762
-0.0364451
-0.0363061
-0.0362956
-0.0363199
-0.0363597
-0.0364176
-0.0364854
-0.0365624
-0.0366318
-0.0366685
-0.0366664
-0.0366123
-0.0364961
-0.0363128
-0.0360626
-0.0357511
-0.0353879
-0.0349849
-0.0345536
-0.0341092
-0.0336629
-0.0332238
-0.0327984
-0.0323912
-0.0320059
-0.0316482
-0.0313105
-0.0309282
-0.0306041
-0.0386601
-0.0383647
-0.0380193
-0.0379211
-0.0379054
-0.0379086
-0.0379211
-0.0379264
-0.0379169
-0.0378768
-0.0377685
-0.0375843
-0.037313
-0.0369497
-0.0364988
-0.0359731
-0.0353919
-0.0347774
-0.0341531
-0.0335477
-0.0329669
-0.0324245
-0.0319266
-0.0314744
-0.0310666
-0.030701
-0.0303753
-0.0300667
-0.0297004
-0.0294335
-0.0413876
-0.0412182
-0.0405349
-0.0400938
-0.0398173
-0.0396039
-0.0394222
-0.0392458
-0.0390548
-0.0388323
-0.0385439
-0.0381819
-0.0377408
-0.0372207
-0.0366289
-0.0359788
-0.0352884
-0.0345781
-0.0338657
-0.0331594
-0.0324791
-0.0318328
-0.0312247
-0.0306569
-0.030129
-0.0296418
-0.0291942
-0.0287609
-0.0283255
-0.0282265
-0.130232
-0.115698
-0.104886
-0.0956484
-0.0879825
-0.0814815
-0.0759163
-0.0710998
-0.0668886
-0.0631715
-0.0598624
-0.0568945
-0.0542146
-0.0517802
-0.0495568
-0.0475158
-0.0456334
-0.0438888
-0.0422644
-0.0407446
-0.0393158
-0.0379664
-0.0366865
-0.0354682
-0.0343063
-0.0332001
-0.0321482
-0.0311207
-0.0300775
-0.0293225
-0.131779
-0.116599
-0.105205
-0.0957894
-0.088095
-0.081654
-0.076193
-0.0715061
-0.0674373
-0.0638679
-0.0607058
-0.0578794
-0.0553319
-0.0530178
-0.0509002
-0.048949
-0.0471397
-0.0454522
-0.0438702
-0.0423807
-0.0409733
-0.0396402
-0.0383758
-0.0371759
-0.0360386
-0.034965
-0.0339567
-0.032994
-0.032012
-0.0310771
-0.134548
-0.119115
-0.107461
-0.0979072
-0.0901128
-0.0836013
-0.0780851
-0.0733511
-0.06924
-0.0656306
-0.0624302
-0.0595665
-0.0569827
-0.0546336
-0.0524826
-0.0505001
-0.0486622
-0.046949
-0.0453445
-0.0438356
-0.0424119
-0.041065
-0.0397887
-0.038578
-0.03743
-0.036345
-0.0353274
-0.0343672
-0.0333898
-0.0323574
-0.137573
-0.122189
-0.110455
-0.100787
-0.0928466
-0.0861857
-0.0805239
-0.0756513
-0.0714101
-0.0676799
-0.0643684
-0.0614034
-0.0587281
-0.0562971
-0.0540735
-0.0520275
-0.0501348
-0.0483752
-0.0467321
-0.0451918
-0.0437431
-0.0423769
-0.0410857
-0.0398638
-0.0387063
-0.0376119
-0.0365841
-0.0356146
-0.0346258
-0.0335278
-0.140351
-0.12499
-0.113216
-0.103462
-0.0953956
-0.0885991
-0.0828022
-0.0777999
-0.073437
-0.0695943
-0.06618
-0.0631218
-0.0603628
-0.0578569
-0.0555671
-0.0534629
-0.0515194
-0.049716
-0.0480356
-0.0464638
-0.0449888
-0.043601
-0.0422921
-0.0410556
-0.0398861
-0.0387808
-0.0377423
-0.0367628
-0.0357637
-0.0346243
-0.142806
-0.1274
-0.115601
-0.105789
-0.097632
-0.0907334
-0.0848319
-0.079727
-0.0752659
-0.071331
-0.0678311
-0.0646944
-0.0618637
-0.059293
-0.0569449
-0.0547887
-0.052799
-0.050955
-0.0492391
-0.0476366
-0.0461352
-0.0447247
-0.0433966
-0.0421436
-0.0409596
-0.0398411
-0.0387898
-0.0377986
-0.0367917
-0.035631
-0.144941
-0.129487
-0.117672
-0.107825
-0.0996021
-0.0926253
-0.0866414
-0.0814533
-0.0769107
-0.0728977
-0.069324
-0.0661186
-0.0632246
-0.0605959
-0.0581952
-0.0559914
-0.0539592
-0.0520773
-0.0503279
-0.0486959
-0.0471689
-0.0457361
-0.0443885
-0.0431185
-0.0419195
-0.0407871
-0.0397222
-0.0387185
-0.0377059
-0.036541
-0.146731
-0.131303
-0.119459
-0.109592
-0.101321
-0.0942826
-0.0882323
-0.0829755
-0.0783643
-0.0742845
-0.0706472
-0.067382
-0.0644323
-0.0617523
-0.0593047
-0.0570584
-0.0549878
-0.0530714
-0.0512913
-0.0496322
-0.0480812
-0.0466272
-0.0452611
-0.0439747
-0.042761
-0.0416151
-0.0405367
-0.0395205
-0.0385045
-0.0373497
-0.148186
-0.132847
-0.120971
-0.111094
-0.102787
-0.0957002
-0.0895968
-0.0842841
-0.0796162
-0.0754806
-0.0717896
-0.0684734
-0.0654761
-0.062752
-0.0602638
-0.0579805
-0.0558763
-0.0539297
-0.0521225
-0.0504391
-0.0488665
-0.0473934
-0.0460103
-0.0447087
-0.0434814
-0.0423229
-0.0412319
-0.0402036
-0.039186
-0.0380527
-0.149371
-0.134102
-0.122213
-0.112335
-0.104003
-0.0968779
-0.090733
-0.0853758
-0.0806623
-0.0764813
-0.0727461
-0.0693879
-0.066351
-0.0635901
-0.0610679
-0.0587535
-0.056621
-0.0546487
-0.0528182
-0.051114
-0.0495228
-0.048033
-0.046635
-0.0453201
-0.0440808
-0.0429112
-0.0418087
-0.0407692
-0.0397512
-0.0386466
-0.1503
-0.135095
-0.123199
-0.113326
-0.104977
-0.0978222
-0.0916457
-0.0862542
-0.081505
-0.0772881
-0.0735179
-0.0701261
-0.0670575
-0.0642669
-0.0617173
-0.0593776
-0.057222
-0.0552287
-0.0533793
-0.0516579
-0.0500513
-0.0485477
-0.0471372
-0.0458111
-0.0445617
-0.0433827
-0.0422705
-0.0412211
-0.0402032
-0.0391304
-0.150979
-0.135861
-0.123943
-0.114082
-0.105722
-0.0985446
-0.0923448
-0.0869278
-0.0821517
-0.0779078
-0.0741109
-0.0706935
-0.0676005
-0.0647872
-0.0622164
-0.0598573
-0.0576839
-0.0556743
-0.0538101
-0.0520753
-0.0504566
-0.0489421
-0.0475217
-0.0461868
-0.0449294
-0.0437429
-0.042623
-0.0415653
-0.0405475
-0.0395053
-0.151418
-0.136442
-0.124464
-0.114622
-0.106254
-0.0990604
-0.0928445
-0.0874095
-0.0826145
-0.0783512
-0.0745354
-0.0710996
-0.0679893
-0.0651596
-0.0625736
-0.0602005
-0.0580142
-0.0559929
-0.054118
-0.0523736
-0.050746
-0.0492235
-0.047796
-0.0464546
-0.0451913
-0.0439993
-0.0428737
-0.0418097
-0.0407918
-0.0397753
-0.151667
-0.136841
-0.12478
-0.114966
-0.106593
-0.0993878
-0.0931616
-0.0877153
-0.0829082
-0.0786327
-0.0748048
-0.0713573
-0.0682358
-0.0653957
-0.0628
-0.0604179
-0.0582234
-0.0561946
-0.0543128
-0.0525622
-0.050929
-0.0494014
-0.0479692
-0.0466235
-0.0453564
-0.0441609
-0.0430315
-0.0419634
-0.0409453
-0.0399469
-0.15179
-0.137035
-0.124924
-0.115133
-0.106755
-0.0995444
-0.0933132
-0.0878612
-0.0830482
-0.0787668
-0.074933
-0.0714798
-0.068353
-0.0655078
-0.0629075
-0.060521
-0.0583226
-0.0562902
-0.0544052
-0.0526515
-0.0510156
-0.0494855
-0.0480511
-0.0467034
-0.0454344
-0.0442372
-0.043106
-0.0420357
-0.0410175
-0.0400281
-0.151792
-0.137037
-0.124926
-0.115135
-0.106756
-0.0995454
-0.093314
-0.0878618
-0.0830487
-0.0787672
-0.0749334
-0.0714803
-0.0683534
-0.0655083
-0.062908
-0.0605217
-0.0583233
-0.056291
-0.054406
-0.0526525
-0.0510166
-0.0494866
-0.0480522
-0.0467045
-0.0454355
-0.0442383
-0.043107
-0.0420368
-0.0410186
-0.0400292
-0.151672
-0.136847
-0.124786
-0.114971
-0.106596
-0.099391
-0.0931641
-0.087717
-0.0829096
-0.0786339
-0.074806
-0.0713585
-0.0682371
-0.0653971
-0.0628015
-0.0604196
-0.0582254
-0.0561969
-0.0543154
-0.052565
-0.0509319
-0.0494045
-0.0479724
-0.0466267
-0.0453596
-0.0441641
-0.0430347
-0.0419666
-0.0409485
-0.0399501
-0.151426
-0.13645
-0.124474
-0.114631
-0.106261
-0.0990659
-0.0928487
-0.0874126
-0.0826169
-0.0783534
-0.0745375
-0.0711017
-0.0679914
-0.0651619
-0.0625762
-0.0602034
-0.0580175
-0.0559967
-0.0541222
-0.0523781
-0.0507508
-0.0492286
-0.0478011
-0.0464597
-0.0451965
-0.0440046
-0.0428789
-0.041815
-0.0407971
-0.0397806
-0.150992
-0.135873
-0.123957
-0.114094
-0.105731
-0.0985524
-0.092351
-0.0869324
-0.0821554
-0.077911
-0.0741139
-0.0706964
-0.0676035
-0.0647904
-0.06222
-0.0598614
-0.0576886
-0.0556796
-0.0538159
-0.0520816
-0.0504632
-0.0489489
-0.0475287
-0.0461938
-0.0449365
-0.04375
-0.0426302
-0.0415725
-0.0405547
-0.0395124
-0.150316
-0.135109
-0.123215
-0.11334
-0.104989
-0.0978324
-0.091654
-0.0862606
-0.08151
-0.0772925
-0.0735219
-0.07013
-0.0670615
-0.0642712
-0.061722
-0.059383
-0.0572281
-0.0552356
-0.0533867
-0.0516658
-0.0500595
-0.0485561
-0.0471458
-0.0458198
-0.0445705
-0.0433915
-0.0422795
-0.0412301
-0.0402121
-0.0391392
-0.149391
-0.134118
-0.122232
-0.11235
-0.104016
-0.0968903
-0.0907436
-0.0853842
-0.080669
-0.076487
-0.0727513
-0.0693929
-0.0663561
-0.0635956
-0.0610739
-0.0587603
-0.0566285
-0.054657
-0.0528272
-0.0511234
-0.0495325
-0.048043
-0.0466451
-0.0453303
-0.0440912
-0.0429216
-0.0418192
-0.0407798
-0.0397618
-0.0386571
-0.148208
-0.132865
-0.12099
-0.11111
-0.102802
-0.0957147
-0.0896096
-0.0842946
-0.0796248
-0.0754879
-0.0717962
-0.0684797
-0.0654825
-0.0627588
-0.0602712
-0.0579887
-0.0558854
-0.0539395
-0.0521328
-0.0504499
-0.0488776
-0.0474048
-0.0460218
-0.0447204
-0.0434933
-0.0423348
-0.0412439
-0.0402156
-0.0391981
-0.0380645
-0.146756
-0.131322
-0.119479
-0.109609
-0.101337
-0.0942989
-0.0882473
-0.0829882
-0.0783749
-0.0742937
-0.0706555
-0.0673898
-0.0644401
-0.0617606
-0.0593136
-0.0570681
-0.0549983
-0.0530826
-0.051303
-0.0496443
-0.0480935
-0.0466398
-0.0452739
-0.0439876
-0.0427741
-0.0416283
-0.04055
-0.0395339
-0.0385178
-0.0373629
-0.144968
-0.129506
-0.117692
-0.107841
-0.0996183
-0.092643
-0.0866585
-0.0814683
-0.0769236
-0.0729089
-0.0693342
-0.0661283
-0.0632342
-0.0606059
-0.0582057
-0.0560026
-0.0539711
-0.0520897
-0.0503407
-0.0487092
-0.0471824
-0.0457498
-0.0444025
-0.0431327
-0.0419338
-0.0408015
-0.0397368
-0.0387332
-0.0377205
-0.0365554
-0.142835
-0.127419
-0.115621
-0.105805
-0.0976487
-0.0907522
-0.0848507
-0.0797442
-0.0752811
-0.0713446
-0.0678435
-0.0647062
-0.0618753
-0.0593048
-0.0569571
-0.0548014
-0.0528123
-0.0509687
-0.0492531
-0.0476509
-0.0461498
-0.0447396
-0.0434117
-0.0421589
-0.040975
-0.0398567
-0.0388055
-0.0378144
-0.0368074
-0.0356465
-0.140379
-0.125009
-0.113235
-0.103477
-0.0954125
-0.0886188
-0.0828225
-0.0778193
-0.0734546
-0.0696104
-0.0661949
-0.063136
-0.0603767
-0.0578708
-0.0555812
-0.0534773
-0.0515341
-0.049731
-0.0480508
-0.0464793
-0.0450046
-0.043617
-0.0423083
-0.041072
-0.0399026
-0.0387974
-0.037759
-0.0367796
-0.0357806
-0.0346409
-0.137601
-0.122208
-0.110473
-0.100802
-0.0928633
-0.0862059
-0.0805456
-0.0756727
-0.0714302
-0.0676987
-0.0643861
-0.0614204
-0.0587447
-0.0563133
-0.0540897
-0.0520437
-0.050151
-0.0483915
-0.0467486
-0.0452085
-0.04376
-0.042394
-0.041103
-0.0398812
-0.0387238
-0.0376295
-0.0366017
-0.0356323
-0.0346435
-0.0335454
-0.134575
-0.119134
-0.107478
-0.0979219
-0.0901294
-0.0836218
-0.078108
-0.0733745
-0.0692627
-0.0656524
-0.0624509
-0.0595865
-0.0570021
-0.0546525
-0.0525011
-0.0505185
-0.0486803
-0.0469671
-0.0453626
-0.0438538
-0.0424301
-0.0410834
-0.0398071
-0.0385965
-0.0374485
-0.0363635
-0.0353459
-0.0343855
-0.0334081
-0.0323756
-0.131805
-0.116618
-0.105223
-0.0958043
-0.0881117
-0.0816747
-0.076217
-0.0715315
-0.0674629
-0.0638928
-0.0607298
-0.0579027
-0.0553545
-0.0530397
-0.0509215
-0.0489698
-0.0471601
-0.0454724
-0.0438902
-0.0424005
-0.0409931
-0.03966
-0.0383954
-0.0371954
-0.036058
-0.0349842
-0.0339758
-0.0330129
-0.0320306
-0.0310953
-0.130256
-0.115718
-0.104904
-0.0956648
-0.0880002
-0.081503
-0.0759414
-0.0711271
-0.0669168
-0.0631994
-0.0598897
-0.0569209
-0.0542401
-0.0518048
-0.0495806
-0.0475388
-0.0456557
-0.0439106
-0.0422858
-0.0407657
-0.0393367
-0.0379871
-0.036707
-0.0354884
-0.0343262
-0.0332197
-0.0321674
-0.0311396
-0.0300961
-0.0293407
-0.0298079
-0.0298587
-0.0297457
-0.0296132
-0.0294747
-0.0293228
-0.029156
-0.0289758
-0.0287833
-0.0285794
-0.0283646
-0.0281397
-0.0279052
-0.0276619
-0.0274105
-0.0271516
-0.0268858
-0.0266138
-0.0263361
-0.0260532
-0.0257656
-0.0254738
-0.0251782
-0.0248792
-0.024577
-0.0242721
-0.0239647
-0.023655
-0.0233434
-0.0230299
-0.0227148
-0.0223983
-0.0220805
-0.0217615
-0.0214415
-0.0211206
-0.0207989
-0.0204764
-0.0201533
-0.0198296
-0.0195054
-0.0191807
-0.0188556
-0.0185301
-0.0182043
-0.0178783
-0.0175519
-0.0172254
-0.0168986
-0.0165716
-0.0162445
-0.0159172
-0.0155899
-0.0152624
-0.0149348
-0.0146071
-0.0142793
-0.0139515
-0.0136236
-0.0132957
-0.0129677
-0.0126397
-0.0123116
-0.0119835
-0.0116554
-0.0113273
-0.0109991
-0.010671
-0.0103428
-0.0100146
-0.00968634
-0.00935812
-0.00902989
-0.00870164
-0.00837338
-0.00804512
-0.00771686
-0.0073886
-0.00706031
-0.006732
-0.00640369
-0.00607538
-0.00574707
-0.00541876
-0.00509044
-0.00476209
-0.00443375
-0.0041054
-0.00377702
-0.00344869
-0.00312048
-0.00279227
-0.00246402
-0.0021357
-0.00180736
-0.00147892
-0.00115026
-0.00082154
-0.000492888
-0.000164281
-0.0310811
-0.0308686
-0.0306881
-0.0304998
-0.0302918
-0.0300677
-0.0298319
-0.0295871
-0.0293346
-0.0290753
-0.02881
-0.0285391
-0.028263
-0.0279823
-0.0276972
-0.027408
-0.0271152
-0.0268189
-0.0265194
-0.0262172
-0.0259122
-0.0256049
-0.0252955
-0.024984
-0.0246708
-0.024356
-0.0240398
-0.0237222
-0.0234035
-0.0230837
-0.022763
-0.0224414
-0.0221191
-0.0217961
-0.0214725
-0.0211484
-0.0208238
-0.0204987
-0.0201733
-0.0198475
-0.0195214
-0.0191951
-0.0188685
-0.0185417
-0.0182147
-0.0178875
-0.0175602
-0.0172328
-0.0169053
-0.0165776
-0.0162499
-0.0159221
-0.0155942
-0.0152663
-0.0149383
-0.0146102
-0.0142822
-0.013954
-0.0136259
-0.0132977
-0.0129696
-0.0126413
-0.0123131
-0.0119849
-0.0116566
-0.0113284
-0.0110001
-0.0106718
-0.0103436
-0.0100153
-0.00968699
-0.0093587
-0.00903041
-0.00870213
-0.00837382
-0.00804551
-0.00771721
-0.00738891
-0.00706061
-0.00673228
-0.00640396
-0.00607561
-0.00574726
-0.00541892
-0.00509059
-0.00476227
-0.00443394
-0.00410558
-0.00377721
-0.00344885
-0.0031205
-0.00279218
-0.0024639
-0.00213566
-0.00180742
-0.00147901
-0.00115032
-0.000821577
-0.000492921
-0.000164294
-0.0323103
-0.0318887
-0.0315771
-0.0312948
-0.0310046
-0.0307064
-0.0304048
-0.0301011
-0.0297959
-0.0294891
-0.029181
-0.0288716
-0.0285609
-0.028249
-0.027936
-0.0276218
-0.0273065
-0.02699
-0.0266726
-0.0263542
-0.0260348
-0.0257146
-0.0253936
-0.0250718
-0.0247494
-0.0244263
-0.0241026
-0.0237785
-0.0234538
-0.0231288
-0.0228033
-0.0224775
-0.0221514
-0.021825
-0.0214984
-0.0211715
-0.0208445
-0.0205173
-0.0201899
-0.0198624
-0.0195347
-0.019207
-0.0188792
-0.0185513
-0.0182233
-0.0178952
-0.0175671
-0.017239
-0.0169108
-0.0165826
-0.0162543
-0.0159261
-0.0155978
-0.0152695
-0.0149411
-0.0146128
-0.0142845
-0.0139561
-0.0136278
-0.0132994
-0.0129711
-0.0126427
-0.0123143
-0.011986
-0.0116576
-0.0113292
-0.0110009
-0.0106725
-0.0103442
-0.0100159
-0.00968752
-0.00935917
-0.00903084
-0.00870251
-0.00837417
-0.00804583
-0.00771749
-0.00738916
-0.00706083
-0.00673249
-0.00640414
-0.0060758
-0.00574746
-0.00541912
-0.00509076
-0.00476242
-0.00443407
-0.0041057
-0.00377732
-0.00344897
-0.00312061
-0.00279221
-0.00246386
-0.00213564
-0.00180747
-0.00147909
-0.00115041
-0.000821634
-0.000492909
-0.000164269
-0.0334448
-0.0328678
-0.0324371
-0.0320618
-0.0316911
-0.0313213
-0.0309558
-0.0305954
-0.0302392
-0.0298868
-0.0295377
-0.0291914
-0.0288477
-0.0285061
-0.0281663
-0.0278281
-0.0274913
-0.0271556
-0.0268208
-0.0264869
-0.0261536
-0.025821
-0.0254888
-0.025157
-0.0248257
-0.0244946
-0.0241638
-0.0238332
-0.0235028
-0.0231726
-0.0228426
-0.0225127
-0.0221829
-0.0218532
-0.0215236
-0.0211941
-0.0208647
-0.0205354
-0.0202061
-0.0198769
-0.0195477
-0.0192186
-0.0188896
-0.0185606
-0.0182316
-0.0179027
-0.0175738
-0.017245
-0.0169162
-0.0165874
-0.0162587
-0.0159299
-0.0156012
-0.0152726
-0.0149439
-0.0146153
-0.0142867
-0.0139581
-0.0136296
-0.013301
-0.0129725
-0.012644
-0.0123155
-0.011987
-0.0116585
-0.0113301
-0.0110017
-0.0106732
-0.0103448
-0.0100164
-0.00968802
-0.00935963
-0.00903124
-0.00870287
-0.00837449
-0.00804612
-0.00771775
-0.0073894
-0.00706106
-0.0067327
-0.00640434
-0.00607599
-0.00574763
-0.00541925
-0.00509089
-0.00476258
-0.00443423
-0.00410583
-0.00377745
-0.00344909
-0.00312072
-0.00279229
-0.0024639
-0.00213567
-0.00180749
-0.00147911
-0.00115043
-0.000821653
-0.00049293
-0.000164277
-0.0344849
-0.0337838
-0.0332505
-0.0327891
-0.0323421
-0.0319042
-0.0314781
-0.0310634
-0.0306589
-0.0302631
-0.0298751
-0.029494
-0.0291189
-0.0287492
-0.0283842
-0.0280234
-0.0276663
-0.0273123
-0.0269612
-0.0266127
-0.0262663
-0.0259218
-0.0255791
-0.0252379
-0.0248981
-0.0245594
-0.0242218
-0.0238852
-0.0235493
-0.0232143
-0.0228798
-0.022546
-0.0222127
-0.0218799
-0.0215476
-0.0212156
-0.0208839
-0.0205526
-0.0202215
-0.0198907
-0.0195601
-0.0192297
-0.0188995
-0.0185695
-0.0182396
-0.0179098
-0.0175802
-0.0172507
-0.0169213
-0.016592
-0.0162628
-0.0159336
-0.0156045
-0.0152755
-0.0149466
-0.0146177
-0.0142888
-0.01396
-0.0136313
-0.0133026
-0.0129739
-0.0126452
-0.0123166
-0.011988
-0.0116594
-0.0113309
-0.0110024
-0.0106739
-0.0103454
-0.0100169
-0.00968849
-0.00936006
-0.00903164
-0.00870322
-0.00837481
-0.00804641
-0.00771801
-0.00738963
-0.00706125
-0.00673288
-0.00640452
-0.00607617
-0.00574781
-0.00541945
-0.00509107
-0.00476269
-0.00443433
-0.00410596
-0.00377759
-0.00344922
-0.00312083
-0.00279241
-0.002464
-0.00213571
-0.00180749
-0.0014791
-0.00115039
-0.000821636
-0.000492958
-0.000164301
-0.0354171
-0.0346173
-0.0339962
-0.0334565
-0.0329395
-0.0324391
-0.0319572
-0.0314928
-0.0310437
-0.0306081
-0.0301843
-0.0297712
-0.0293674
-0.028972
-0.0285839
-0.0282024
-0.0278266
-0.027456
-0.02709
-0.026728
-0.0263696
-0.0260144
-0.025662
-0.0253122
-0.0249645
-0.0246189
-0.0242751
-0.0239329
-0.0235921
-0.0232525
-0.0229141
-0.0225767
-0.0222402
-0.0219045
-0.0215696
-0.0212353
-0.0209016
-0.0205684
-0.0202356
-0.0199033
-0.0195714
-0.0192398
-0.0189086
-0.0185776
-0.0182469
-0.0179164
-0.0175861
-0.0172559
-0.016926
-0.0165962
-0.0162665
-0.015937
-0.0156076
-0.0152782
-0.014949
-0.0146199
-0.0142908
-0.0139618
-0.0136328
-0.013304
-0.0129751
-0.0126464
-0.0123176
-0.0119889
-0.0116602
-0.0113316
-0.011003
-0.0106745
-0.0103459
-0.0100174
-0.00968892
-0.00936044
-0.00903198
-0.00870354
-0.00837511
-0.00804668
-0.00771827
-0.00738986
-0.00706145
-0.00673306
-0.00640469
-0.00607632
-0.00574794
-0.00541957
-0.00509121
-0.00476286
-0.00443448
-0.00410609
-0.00377772
-0.00344934
-0.00312096
-0.00279255
-0.00246412
-0.00213575
-0.00180748
-0.00147909
-0.00115039
-0.000821652
-0.000492981
-0.000164308
-0.0362357
-0.0353592
-0.0346633
-0.0340535
-0.0334735
-0.0329171
-0.0323854
-0.0318764
-0.0313875
-0.0309161
-0.0304605
-0.0300187
-0.0295893
-0.0291709
-0.0287622
-0.0283622
-0.0279698
-0.0275844
-0.027205
-0.026831
-0.0264619
-0.0260971
-0.0257361
-0.0253785
-0.025024
-0.0246722
-0.0243228
-0.0239756
-0.0236303
-0.0232867
-0.0229448
-0.0226041
-0.0222648
-0.0219265
-0.0215893
-0.0212529
-0.0209173
-0.0205825
-0.0202483
-0.0199147
-0.0195816
-0.0192489
-0.0189167
-0.0185849
-0.0182534
-0.0179222
-0.0175913
-0.0172606
-0.0169302
-0.0165999
-0.0162699
-0.01594
-0.0156103
-0.0152807
-0.0149512
-0.0146218
-0.0142925
-0.0139633
-0.0136342
-0.0133052
-0.0129763
-0.0126474
-0.0123185
-0.0119897
-0.011661
-0.0113323
-0.0110036
-0.010675
-0.0103464
-0.0100179
-0.00968932
-0.0093608
-0.0090323
-0.00870382
-0.00837537
-0.00804692
-0.00771847
-0.00739004
-0.00706163
-0.00673323
-0.00640486
-0.00607647
-0.00574809
-0.00541971
-0.00509135
-0.00476299
-0.00443463
-0.00410625
-0.00377787
-0.00344947
-0.00312108
-0.00279267
-0.00246422
-0.00213582
-0.00180752
-0.00147912
-0.00115043
-0.000821689
-0.000493002
-0.000164311
-0.0369392
-0.0360056
-0.0352466
-0.0345748
-0.0339393
-0.033334
-0.0327587
-0.0322107
-0.0316869
-0.0311845
-0.0307009
-0.0302342
-0.0297825
-0.029344
-0.0289174
-0.0285013
-0.0280945
-0.0276961
-0.0273051
-0.0269208
-0.0265423
-0.0261691
-0.0258006
-0.0254363
-0.0250757
-0.0247185
-0.0243643
-0.0240128
-0.0236636
-0.0233166
-0.0229715
-0.0226281
-0.0222862
-0.0219457
-0.0216064
-0.0212683
-0.0209311
-0.0205948
-0.0202593
-0.0199246
-0.0195904
-0.0192569
-0.0189238
-0.0185912
-0.0182591
-0.0179273
-0.0175958
-0.0172647
-0.0169338
-0.0166032
-0.0162728
-0.0159426
-0.0156126
-0.0152828
-0.0149531
-0.0146235
-0.014294
-0.0139647
-0.0136355
-0.0133063
-0.0129772
-0.0126482
-0.0123193
-0.0119904
-0.0116616
-0.0113329
-0.0110042
-0.0106755
-0.0103469
-0.0100182
-0.00968966
-0.00936111
-0.00903258
-0.00870407
-0.00837558
-0.00804711
-0.00771866
-0.00739022
-0.0070618
-0.0067334
-0.00640501
-0.00607661
-0.00574822
-0.00541984
-0.00509147
-0.00476312
-0.00443476
-0.00410639
-0.00377801
-0.00344962
-0.00312121
-0.00279279
-0.00246433
-0.00213591
-0.00180759
-0.00147917
-0.00115048
-0.000821723
-0.000493015
-0.000164309
-0.0375287
-0.0365555
-0.0357442
-0.0350185
-0.0343352
-0.033688
-0.0330756
-0.0324945
-0.0319411
-0.0314121
-0.0309049
-0.030417
-0.0299463
-0.0294908
-0.029049
-0.0286192
-0.0282002
-0.0277908
-0.02739
-0.0269968
-0.0266105
-0.0262302
-0.0258554
-0.0254854
-0.0251197
-0.0247579
-0.0243996
-0.0240443
-0.0236919
-0.0233419
-0.0229942
-0.0226484
-0.0223044
-0.021962
-0.021621
-0.0212813
-0.0209428
-0.0206053
-0.0202687
-0.019933
-0.0195979
-0.0192636
-0.0189298
-0.0185966
-0.0182639
-0.0179316
-0.0175997
-0.0172682
-0.016937
-0.016606
-0.0162753
-0.0159449
-0.0156146
-0.0152846
-0.0149547
-0.0146249
-0.0142953
-0.0139659
-0.0136365
-0.0133072
-0.0129781
-0.0126489
-0.0123199
-0.011991
-0.0116622
-0.0113334
-0.0110047
-0.0106759
-0.0103473
-0.0100186
-0.00968998
-0.00936139
-0.00903283
-0.00870429
-0.00837577
-0.00804728
-0.00771883
-0.00739038
-0.00706194
-0.00673353
-0.00640514
-0.00607674
-0.00574834
-0.00541996
-0.00509159
-0.00476323
-0.00443487
-0.0041065
-0.00377813
-0.00344975
-0.00312135
-0.00279292
-0.00246445
-0.002136
-0.00180765
-0.00147922
-0.00115054
-0.000821769
-0.000493033
-0.000164306
-0.0380083
-0.0370102
-0.0361563
-0.0353853
-0.0346619
-0.03398
-0.0333368
-0.0327283
-0.0321504
-0.0315996
-0.0310728
-0.0305675
-0.0300811
-0.0296117
-0.0291573
-0.0287163
-0.0282873
-0.0278689
-0.0274599
-0.0270595
-0.0266666
-0.0262805
-0.0259004
-0.0255258
-0.0251559
-0.0247903
-0.0244286
-0.0240704
-0.0237152
-0.0233628
-0.0230129
-0.0226651
-0.0223194
-0.0219754
-0.0216331
-0.0212921
-0.0209525
-0.0206139
-0.0202765
-0.0199399
-0.0196042
-0.0192692
-0.0189348
-0.0186011
-0.0182679
-0.0179352
-0.0176029
-0.0172711
-0.0169395
-0.0166083
-0.0162774
-0.0159467
-0.0156163
-0.0152861
-0.014956
-0.0146261
-0.0142964
-0.0139668
-0.0136374
-0.013308
-0.0129787
-0.0126496
-0.0123205
-0.0119915
-0.0116626
-0.0113338
-0.011005
-0.0106762
-0.0103475
-0.0100189
-0.00969022
-0.00936162
-0.00903304
-0.00870449
-0.00837596
-0.00804745
-0.00771897
-0.00739051
-0.00706207
-0.00673365
-0.00640525
-0.00607684
-0.00574844
-0.00542006
-0.0050917
-0.00476333
-0.00443497
-0.00410661
-0.00377825
-0.00344988
-0.00312149
-0.00279304
-0.00246455
-0.00213609
-0.00180773
-0.00147928
-0.00115057
-0.000821793
-0.000493044
-0.000164302
-0.0383846
-0.0373733
-0.0364858
-0.0356776
-0.034922
-0.0342123
-0.0335445
-0.0329141
-0.0323167
-0.0317485
-0.0312063
-0.030687
-0.0301883
-0.0297077
-0.0292434
-0.0287934
-0.0283564
-0.0279308
-0.0275155
-0.0271093
-0.0267113
-0.0263205
-0.0259363
-0.0255579
-0.0251847
-0.0248161
-0.0244517
-0.0240911
-0.0237338
-0.0233794
-0.0230278
-0.0226785
-0.0223314
-0.0219861
-0.0216427
-0.0213007
-0.0209602
-0.0206208
-0.0202826
-0.0199454
-0.0196091
-0.0192736
-0.0189388
-0.0186047
-0.0182711
-0.0179381
-0.0176055
-0.0172734
-0.0169416
-0.0166102
-0.0162791
-0.0159482
-0.0156176
-0.0152873
-0.0149571
-0.0146271
-0.0142973
-0.0139676
-0.0136381
-0.0133087
-0.0129793
-0.0126501
-0.012321
-0.011992
-0.011663
-0.0113341
-0.0110053
-0.0106765
-0.0103478
-0.0100191
-0.00969043
-0.00936182
-0.00903323
-0.00870466
-0.00837611
-0.00804758
-0.00771908
-0.00739063
-0.00706219
-0.00673376
-0.00640534
-0.00607693
-0.00574853
-0.00542015
-0.00509178
-0.00476342
-0.00443506
-0.00410671
-0.00377836
-0.00344999
-0.00312159
-0.00279314
-0.00246465
-0.00213618
-0.00180778
-0.00147932
-0.00115064
-0.000821853
-0.000493061
-0.000164294
-0.0386661
-0.0376498
-0.0367367
-0.0358997
-0.0351194
-0.0343885
-0.0337021
-0.033055
-0.0324428
-0.0318614
-0.0313074
-0.0307776
-0.0302695
-0.0297805
-0.0293086
-0.0288519
-0.0284088
-0.0279778
-0.0275576
-0.0271471
-0.0267451
-0.0263509
-0.0259635
-0.0255823
-0.0252065
-0.0248357
-0.0244693
-0.0241068
-0.0237479
-0.0233921
-0.0230391
-0.0226886
-0.0223405
-0.0219943
-0.02165
-0.0213073
-0.020966
-0.0206261
-0.0202873
-0.0199497
-0.0196129
-0.019277
-0.0189419
-0.0186074
-0.0182736
-0.0179403
-0.0176075
-0.0172751
-0.0169432
-0.0166116
-0.0162803
-0.0159494
-0.0156186
-0.0152882
-0.0149579
-0.0146278
-0.014298
-0.0139682
-0.0136386
-0.0133091
-0.0129798
-0.0126505
-0.0123214
-0.0119923
-0.0116633
-0.0113344
-0.0110055
-0.0106767
-0.010348
-0.0100193
-0.0096906
-0.00936197
-0.00903337
-0.00870479
-0.00837622
-0.00804768
-0.00771918
-0.00739072
-0.00706228
-0.00673384
-0.00640542
-0.00607701
-0.00574861
-0.00542023
-0.00509186
-0.0047635
-0.00443513
-0.00410678
-0.00377846
-0.00345011
-0.0031217
-0.00279323
-0.00246475
-0.00213627
-0.00180785
-0.00147937
-0.00115067
-0.000821873
-0.000493066
-0.000164285
-0.0388624
-0.0378461
-0.0369147
-0.0360569
-0.035259
-0.0345131
-0.0338134
-0.0331546
-0.0325319
-0.0319412
-0.0313789
-0.0308417
-0.0303269
-0.029832
-0.0293548
-0.0288933
-0.0284459
-0.0280111
-0.0275875
-0.0271738
-0.0267691
-0.0263724
-0.0259828
-0.0255996
-0.0252221
-0.0248496
-0.0244818
-0.024118
-0.0237579
-0.0234011
-0.0230471
-0.0226959
-0.0223469
-0.0220001
-0.0216552
-0.0213119
-0.0209702
-0.0206299
-0.0202907
-0.0199527
-0.0196156
-0.0192794
-0.018944
-0.0186094
-0.0182753
-0.0179418
-0.0176089
-0.0172764
-0.0169443
-0.0166126
-0.0162812
-0.0159502
-0.0156194
-0.0152888
-0.0149585
-0.0146284
-0.0142984
-0.0139687
-0.013639
-0.0133095
-0.0129801
-0.0126508
-0.0123216
-0.0119925
-0.0116635
-0.0113346
-0.0110057
-0.0106769
-0.0103481
-0.0100194
-0.00969073
-0.00936209
-0.00903348
-0.00870489
-0.00837631
-0.00804777
-0.00771926
-0.0073908
-0.00706234
-0.00673391
-0.00640549
-0.00607707
-0.00574867
-0.00542028
-0.00509191
-0.00476354
-0.00443517
-0.00410687
-0.00377856
-0.00345018
-0.00312177
-0.00279333
-0.00246486
-0.00213637
-0.00180792
-0.00147941
-0.00115073
-0.000821911
-0.000493035
-0.00016425
-0.0389836
-0.0379692
-0.0370261
-0.0361552
-0.0353463
-0.034591
-0.0338831
-0.0332169
-0.0325877
-0.0319912
-0.0314237
-0.0308818
-0.0303629
-0.0298642
-0.0293837
-0.0289193
-0.0284693
-0.028032
-0.0276062
-0.0271907
-0.0267842
-0.026386
-0.025995
-0.0256105
-0.0252318
-0.0248584
-0.0244897
-0.0241251
-0.0237642
-0.0234068
-0.0230523
-0.0227005
-0.0223511
-0.0220038
-0.0216585
-0.0213149
-0.0209729
-0.0206323
-0.0202929
-0.0199546
-0.0196174
-0.019281
-0.0189454
-0.0186106
-0.0182765
-0.0179429
-0.0176098
-0.0172772
-0.0169451
-0.0166133
-0.0162818
-0.0159507
-0.0156199
-0.0152893
-0.0149589
-0.0146287
-0.0142988
-0.0139689
-0.0136393
-0.0133097
-0.0129803
-0.012651
-0.0123218
-0.0119927
-0.0116637
-0.0113347
-0.0110058
-0.010677
-0.0103483
-0.0100195
-0.00969082
-0.00936216
-0.00903354
-0.00870495
-0.00837638
-0.00804784
-0.00771932
-0.00739084
-0.00706239
-0.00673396
-0.00640554
-0.00607712
-0.0057487
-0.00542032
-0.00509198
-0.00476361
-0.00443522
-0.00410689
-0.00377862
-0.00345031
-0.00312189
-0.00279339
-0.00246491
-0.00213646
-0.00180797
-0.0014794
-0.0011507
-0.000821905
-0.000493063
-0.000164264
-0.0390395
-0.0380268
-0.0370782
-0.0362011
-0.0353871
-0.0346275
-0.0339157
-0.0332462
-0.0326139
-0.0320147
-0.0314448
-0.0309008
-0.0303799
-0.0298795
-0.0293974
-0.0289316
-0.0284803
-0.028042
-0.0276152
-0.0271987
-0.0267915
-0.0263925
-0.0260008
-0.0256157
-0.0252366
-0.0248627
-0.0244935
-0.0241285
-0.0237673
-0.0234095
-0.0230548
-0.0227027
-0.0223531
-0.0220056
-0.0216601
-0.0213164
-0.0209742
-0.0206335
-0.020294
-0.0199556
-0.0196182
-0.0192818
-0.0189462
-0.0186113
-0.018277
-0.0179434
-0.0176103
-0.0172777
-0.0169455
-0.0166136
-0.0162822
-0.015951
-0.0156201
-0.0152895
-0.0149591
-0.0146289
-0.0142989
-0.0139691
-0.0136394
-0.0133099
-0.0129805
-0.0126512
-0.0123219
-0.0119928
-0.0116638
-0.0113348
-0.0110059
-0.0106771
-0.0103483
-0.0100196
-0.00969089
-0.00936222
-0.00903359
-0.00870499
-0.00837643
-0.00804788
-0.00771936
-0.00739089
-0.00706244
-0.00673401
-0.00640559
-0.00607717
-0.00574874
-0.00542035
-0.00509201
-0.00476365
-0.00443528
-0.00410694
-0.00377861
-0.00345026
-0.00312186
-0.00279345
-0.00246501
-0.00213657
-0.00180809
-0.00147948
-0.00115075
-0.000821914
-0.000493017
-0.000164233
-0.0390405
-0.0380278
-0.0370791
-0.036202
-0.0353879
-0.0346283
-0.0339165
-0.0332469
-0.0326146
-0.0320154
-0.0314454
-0.0309014
-0.0303805
-0.0298801
-0.029398
-0.0289321
-0.0284808
-0.0280424
-0.0276156
-0.0271991
-0.0267919
-0.0263928
-0.0260012
-0.0256161
-0.0252369
-0.024863
-0.0244938
-0.0241288
-0.0237676
-0.0234098
-0.023055
-0.0227029
-0.0223533
-0.0220058
-0.0216603
-0.0213166
-0.0209744
-0.0206336
-0.0202941
-0.0199557
-0.0196184
-0.0192819
-0.0189463
-0.0186114
-0.0182771
-0.0179435
-0.0176104
-0.0172778
-0.0169456
-0.0166137
-0.0162822
-0.0159511
-0.0156202
-0.0152896
-0.0149592
-0.014629
-0.014299
-0.0139692
-0.0136395
-0.0133099
-0.0129805
-0.0126512
-0.012322
-0.0119929
-0.0116638
-0.0113349
-0.011006
-0.0106771
-0.0103484
-0.0100196
-0.0096909
-0.00936224
-0.00903362
-0.00870503
-0.00837646
-0.00804791
-0.00771939
-0.00739092
-0.00706248
-0.00673404
-0.00640562
-0.0060772
-0.00574879
-0.00542039
-0.00509202
-0.00476365
-0.00443529
-0.00410695
-0.0037786
-0.00345024
-0.00312187
-0.00279347
-0.00246505
-0.00213662
-0.00180815
-0.00147954
-0.00115078
-0.000821927
-0.000493044
-0.000164246
-0.0389867
-0.0379721
-0.0370289
-0.0361579
-0.0353488
-0.0345934
-0.0338854
-0.0332191
-0.0325898
-0.0319932
-0.0314256
-0.0308837
-0.0303646
-0.0298659
-0.0293853
-0.0289208
-0.0284707
-0.0280334
-0.0276075
-0.0271919
-0.0267854
-0.0263871
-0.025996
-0.0256115
-0.0252328
-0.0248593
-0.0244905
-0.0241259
-0.023765
-0.0234075
-0.023053
-0.0227011
-0.0223517
-0.0220044
-0.0216591
-0.0213155
-0.0209734
-0.0206328
-0.0202933
-0.0199551
-0.0196178
-0.0192814
-0.0189458
-0.018611
-0.0182768
-0.0179432
-0.0176101
-0.0172775
-0.0169454
-0.0166135
-0.0162821
-0.015951
-0.0156201
-0.0152895
-0.0149591
-0.0146289
-0.014299
-0.0139691
-0.0136394
-0.0133099
-0.0129805
-0.0126512
-0.012322
-0.0119928
-0.0116638
-0.0113348
-0.011006
-0.0106771
-0.0103484
-0.0100196
-0.00969091
-0.00936224
-0.00903362
-0.00870504
-0.00837647
-0.00804792
-0.00771941
-0.00739094
-0.00706249
-0.00673406
-0.00640563
-0.00607722
-0.00574881
-0.00542042
-0.00509203
-0.00476364
-0.00443527
-0.00410695
-0.0037786
-0.00345024
-0.0031219
-0.0027935
-0.00246504
-0.0021366
-0.00180815
-0.0014796
-0.00115088
-0.000821995
-0.000493043
-0.000164224
-0.0388675
-0.0378509
-0.0369193
-0.0360613
-0.0352631
-0.034517
-0.0338172
-0.0331582
-0.0325354
-0.0319445
-0.031382
-0.0308447
-0.0303297
-0.0298347
-0.0293573
-0.0288958
-0.0284483
-0.0280133
-0.0275896
-0.0271759
-0.0267711
-0.0263742
-0.0259845
-0.0256012
-0.0252236
-0.0248511
-0.0244832
-0.0241194
-0.0237592
-0.0234023
-0.0230483
-0.022697
-0.022348
-0.0220011
-0.0216561
-0.0213128
-0.0209711
-0.0206307
-0.0202915
-0.0199534
-0.0196163
-0.0192801
-0.0189447
-0.0186099
-0.0182759
-0.0179424
-0.0176094
-0.0172769
-0.0169448
-0.0166131
-0.0162817
-0.0159506
-0.0156197
-0.0152892
-0.0149588
-0.0146287
-0.0142988
-0.0139689
-0.0136393
-0.0133098
-0.0129804
-0.0126511
-0.0123219
-0.0119928
-0.0116637
-0.0113348
-0.0110059
-0.0106771
-0.0103483
-0.0100196
-0.00969089
-0.00936222
-0.0090336
-0.00870502
-0.00837646
-0.00804792
-0.00771941
-0.00739094
-0.00706249
-0.00673406
-0.00640564
-0.00607723
-0.00574883
-0.00542043
-0.00509203
-0.00476363
-0.00443527
-0.00410696
-0.00377862
-0.00345022
-0.00312184
-0.00279347
-0.00246505
-0.00213661
-0.00180815
-0.00147963
-0.00115093
-0.000822041
-0.000493059
-0.000164223
-0.038673
-0.0376564
-0.036743
-0.0359056
-0.035125
-0.0343939
-0.0337072
-0.0330599
-0.0324475
-0.0318659
-0.0313116
-0.0307817
-0.0302733
-0.0297842
-0.0293121
-0.0288553
-0.028412
-0.0279809
-0.0275605
-0.0271498
-0.0267478
-0.0263534
-0.0259659
-0.0255845
-0.0252087
-0.0248378
-0.0244712
-0.0241087
-0.0237496
-0.0233937
-0.0230407
-0.0226901
-0.0223419
-0.0219957
-0.0216513
-0.0213085
-0.0209672
-0.0206272
-0.0202884
-0.0199506
-0.0196138
-0.0192779
-0.0189427
-0.0186082
-0.0182743
-0.017941
-0.0176082
-0.0172758
-0.0169438
-0.0166122
-0.0162809
-0.0159499
-0.0156191
-0.0152886
-0.0149584
-0.0146283
-0.0142984
-0.0139686
-0.013639
-0.0133095
-0.0129801
-0.0126509
-0.0123217
-0.0119926
-0.0116636
-0.0113347
-0.0110058
-0.010677
-0.0103483
-0.0100195
-0.00969084
-0.00936218
-0.00903357
-0.00870499
-0.00837643
-0.0080479
-0.00771939
-0.00739092
-0.00706247
-0.00673405
-0.00640563
-0.00607723
-0.00574883
-0.00542043
-0.00509205
-0.00476366
-0.00443528
-0.00410693
-0.00377858
-0.00345023
-0.00312185
-0.00279345
-0.00246502
-0.00213655
-0.00180811
-0.00147961
-0.00115094
-0.00082205
-0.000493066
-0.000164227
-0.0383932
-0.0373815
-0.0364936
-0.035685
-0.034929
-0.034219
-0.0335509
-0.0329202
-0.0323225
-0.031754
-0.0312115
-0.030692
-0.030193
-0.0297123
-0.0292477
-0.0287976
-0.0283603
-0.0279346
-0.0275191
-0.0271127
-0.0267145
-0.0263236
-0.0259392
-0.0255607
-0.0251873
-0.0248187
-0.0244542
-0.0240934
-0.0237359
-0.0233815
-0.0230297
-0.0226804
-0.0223331
-0.0219878
-0.0216443
-0.0213023
-0.0209616
-0.0206222
-0.0202839
-0.0199467
-0.0196103
-0.0192747
-0.0189399
-0.0186057
-0.0182721
-0.017939
-0.0176064
-0.0172742
-0.0169424
-0.0166109
-0.0162798
-0.0159489
-0.0156182
-0.0152878
-0.0149577
-0.0146277
-0.0142978
-0.0139681
-0.0136386
-0.0133091
-0.0129798
-0.0126506
-0.0123214
-0.0119924
-0.0116634
-0.0113345
-0.0110057
-0.0106769
-0.0103481
-0.0100194
-0.00969074
-0.00936211
-0.00903351
-0.00870493
-0.00837638
-0.00804785
-0.00771936
-0.0073909
-0.00706245
-0.00673402
-0.00640561
-0.00607721
-0.00574881
-0.00542042
-0.00509205
-0.00476367
-0.00443531
-0.00410695
-0.00377859
-0.00345022
-0.00312183
-0.0027934
-0.00246493
-0.00213646
-0.00180805
-0.00147958
-0.00115091
-0.000822038
-0.000493069
-0.000164236
-0.0380184
-0.0370199
-0.0361655
-0.035394
-0.0346702
-0.0339879
-0.0333443
-0.0327354
-0.0321572
-0.0316061
-0.031079
-0.0305734
-0.0300868
-0.0296171
-0.0291624
-0.0287212
-0.0282919
-0.0278733
-0.0274642
-0.0270635
-0.0266705
-0.0262842
-0.0259039
-0.0255291
-0.025159
-0.0247933
-0.0244315
-0.0240731
-0.0237178
-0.0233653
-0.0230152
-0.0226674
-0.0223215
-0.0219775
-0.021635
-0.0212939
-0.0209542
-0.0206156
-0.020278
-0.0199414
-0.0196056
-0.0192705
-0.0189361
-0.0186023
-0.0182691
-0.0179363
-0.017604
-0.0172721
-0.0169405
-0.0166092
-0.0162783
-0.0159476
-0.0156171
-0.0152868
-0.0149567
-0.0146268
-0.0142971
-0.0139675
-0.013638
-0.0133086
-0.0129793
-0.0126501
-0.012321
-0.011992
-0.0116631
-0.0113342
-0.0110054
-0.0106767
-0.010348
-0.0100193
-0.00969061
-0.00936199
-0.00903341
-0.00870485
-0.00837631
-0.0080478
-0.00771932
-0.00739086
-0.00706241
-0.00673398
-0.00640557
-0.00607718
-0.00574879
-0.00542039
-0.00509202
-0.00476366
-0.0044353
-0.00410693
-0.00377856
-0.00345019
-0.00312179
-0.00279335
-0.00246486
-0.00213639
-0.00180801
-0.00147954
-0.00115082
-0.000821968
-0.000493096
-0.000164281
-0.0375402
-0.0365665
-0.0357546
-0.0350285
-0.0343447
-0.033697
-0.0330842
-0.0325026
-0.0319488
-0.0314195
-0.0309119
-0.0304237
-0.0299527
-0.0294969
-0.0290548
-0.0286248
-0.0282055
-0.0277959
-0.0273948
-0.0270014
-0.0266148
-0.0262344
-0.0258593
-0.0254891
-0.0251233
-0.0247613
-0.0244028
-0.0240475
-0.0236948
-0.0233447
-0.0229968
-0.0226509
-0.0223068
-0.0219643
-0.0216232
-0.0212834
-0.0209448
-0.0206072
-0.0202705
-0.0199347
-0.0195996
-0.0192651
-0.0189313
-0.018598
-0.0182653
-0.0179329
-0.0176009
-0.0172693
-0.0169381
-0.0166071
-0.0162763
-0.0159458
-0.0156155
-0.0152855
-0.0149555
-0.0146258
-0.0142961
-0.0139666
-0.0136372
-0.0133079
-0.0129787
-0.0126496
-0.0123206
-0.0119916
-0.0116627
-0.0113339
-0.0110051
-0.0106764
-0.0103477
-0.0100191
-0.00969043
-0.00936184
-0.00903328
-0.00870474
-0.00837622
-0.00804773
-0.00771925
-0.0073908
-0.00706236
-0.00673393
-0.00640552
-0.00607713
-0.00574875
-0.00542036
-0.00509198
-0.00476362
-0.00443526
-0.00410689
-0.00377852
-0.00345014
-0.00312174
-0.00279329
-0.0024648
-0.00213634
-0.00180797
-0.00147952
-0.00115083
-0.000821958
-0.000493047
-0.000164258
-0.036952
-0.0360178
-0.0352583
-0.0345859
-0.0339498
-0.033344
-0.0327682
-0.0322198
-0.0316956
-0.0311927
-0.0307088
-0.0302417
-0.0297896
-0.0293508
-0.0289239
-0.0285074
-0.0281004
-0.0277017
-0.0273105
-0.0269259
-0.0265472
-0.0261737
-0.025805
-0.0254405
-0.0250798
-0.0247224
-0.024368
-0.0240162
-0.0236669
-0.0233197
-0.0229745
-0.0226309
-0.0222889
-0.0219483
-0.0216089
-0.0212706
-0.0209333
-0.020597
-0.0202614
-0.0199265
-0.0195923
-0.0192586
-0.0189255
-0.0185928
-0.0182606
-0.0179287
-0.0175972
-0.017266
-0.0169351
-0.0166044
-0.016274
-0.0159437
-0.0156137
-0.0152838
-0.014954
-0.0146244
-0.0142949
-0.0139656
-0.0136363
-0.0133071
-0.012978
-0.012649
-0.01232
-0.0119911
-0.0116623
-0.0113335
-0.0110048
-0.0106761
-0.0103474
-0.0100188
-0.00969021
-0.00936165
-0.00903312
-0.0087046
-0.0083761
-0.00804762
-0.00771915
-0.0073907
-0.00706227
-0.00673385
-0.00640544
-0.00607705
-0.00574868
-0.00542031
-0.00509194
-0.00476358
-0.00443521
-0.00410682
-0.00377843
-0.00345006
-0.00312167
-0.00279323
-0.00246473
-0.00213627
-0.00180793
-0.00147946
-0.00115071
-0.000821868
-0.000493058
-0.000164295
-0.0362497
-0.0353726
-0.0346761
-0.0340656
-0.033485
-0.0329281
-0.0323958
-0.0318864
-0.0313969
-0.0309251
-0.030469
-0.0300269
-0.0295971
-0.0291783
-0.0287693
-0.0283689
-0.0279763
-0.0275905
-0.0272109
-0.0268366
-0.0264673
-0.0261022
-0.0257409
-0.0253831
-0.0250284
-0.0246764
-0.0243268
-0.0239794
-0.0236339
-0.0232902
-0.0229481
-0.0226073
-0.0222678
-0.0219294
-0.021592
-0.0212555
-0.0209198
-0.0205849
-0.0202505
-0.0199168
-0.0195836
-0.0192509
-0.0189186
-0.0185867
-0.0182551
-0.0179238
-0.0175928
-0.0172621
-0.0169316
-0.0166013
-0.0162712
-0.0159412
-0.0156114
-0.0152818
-0.0149523
-0.0146228
-0.0142935
-0.0139643
-0.0136352
-0.0133061
-0.0129771
-0.0126482
-0.0123193
-0.0119905
-0.0116617
-0.011333
-0.0110043
-0.0106757
-0.0103471
-0.0100185
-0.00968995
-0.00936143
-0.00903292
-0.00870443
-0.00837595
-0.00804748
-0.00771902
-0.00739059
-0.00706218
-0.00673377
-0.00640536
-0.00607696
-0.00574859
-0.00542024
-0.00509187
-0.0047635
-0.00443513
-0.00410675
-0.00377836
-0.00344998
-0.0031216
-0.00279316
-0.00246466
-0.0021362
-0.00180786
-0.00147941
-0.00115066
-0.000821825
-0.000493051
-0.000164308
-0.0354322
-0.0346318
-0.03401
-0.0334696
-0.032952
-0.0324509
-0.0319685
-0.0315035
-0.0310539
-0.0306178
-0.0301936
-0.0297801
-0.0293759
-0.0289801
-0.0285916
-0.0282097
-0.0278337
-0.0274627
-0.0270964
-0.0267341
-0.0263754
-0.0260199
-0.0256673
-0.0253172
-0.0249694
-0.0246235
-0.0242795
-0.0239371
-0.0235961
-0.0232563
-0.0229177
-0.0225802
-0.0222435
-0.0219077
-0.0215726
-0.0212381
-0.0209043
-0.0205709
-0.0202381
-0.0199057
-0.0195737
-0.019242
-0.0189106
-0.0185795
-0.0182487
-0.0179181
-0.0175878
-0.0172576
-0.0169275
-0.0165977
-0.0162679
-0.0159383
-0.0156089
-0.0152795
-0.0149502
-0.014621
-0.0142919
-0.0139628
-0.0136339
-0.0133049
-0.0129761
-0.0126473
-0.0123185
-0.0119898
-0.0116611
-0.0113324
-0.0110038
-0.0106752
-0.0103467
-0.0100182
-0.00968965
-0.00936116
-0.00903268
-0.00870422
-0.00837577
-0.00804733
-0.00771888
-0.00739046
-0.00706205
-0.00673366
-0.00640526
-0.00607687
-0.0057485
-0.00542015
-0.00509178
-0.0047634
-0.00443503
-0.00410667
-0.00377829
-0.00344989
-0.00312148
-0.00279304
-0.00246456
-0.00213613
-0.00180782
-0.00147937
-0.00115062
-0.000821797
-0.000493028
-0.000164303
-0.0345012
-0.0337994
-0.0332653
-0.0328031
-0.0323554
-0.0319168
-0.0314901
-0.0310749
-0.0306698
-0.0302735
-0.029885
-0.0295034
-0.029128
-0.0287579
-0.0283925
-0.0280313
-0.0276738
-0.0273195
-0.0269681
-0.0266192
-0.0262725
-0.0259278
-0.0255848
-0.0252434
-0.0249033
-0.0245644
-0.0242265
-0.0238897
-0.0235536
-0.0232184
-0.0228838
-0.0225498
-0.0222163
-0.0218833
-0.0215508
-0.0212186
-0.0208868
-0.0205554
-0.0202242
-0.0198932
-0.0195625
-0.019232
-0.0189017
-0.0185716
-0.0182416
-0.0179118
-0.0175821
-0.0172525
-0.016923
-0.0165936
-0.0162643
-0.0159351
-0.015606
-0.0152769
-0.0149479
-0.0146189
-0.0142901
-0.0139612
-0.0136324
-0.0133036
-0.0129749
-0.0126462
-0.0123176
-0.011989
-0.0116604
-0.0113318
-0.0110033
-0.0106747
-0.0103462
-0.0100177
-0.00968928
-0.00936084
-0.00903241
-0.00870398
-0.00837555
-0.00804713
-0.00771872
-0.00739031
-0.00706192
-0.00673353
-0.00640515
-0.00607677
-0.0057484
-0.00542003
-0.00509165
-0.0047633
-0.00443499
-0.00410663
-0.0037782
-0.00344977
-0.00312138
-0.00279297
-0.0024645
-0.00213607
-0.00180774
-0.00147931
-0.00115058
-0.000821773
-0.000493018
-0.000164304
-0.033462
-0.0328844
-0.0324527
-0.0320766
-0.0317052
-0.0313346
-0.0309685
-0.0306074
-0.0302507
-0.0298978
-0.0295482
-0.0292014
-0.0288572
-0.0285152
-0.0281751
-0.0278365
-0.0274993
-0.0271632
-0.0268281
-0.0264938
-0.0261603
-0.0258273
-0.0254948
-0.0251628
-0.0248312
-0.0244998
-0.0241688
-0.023838
-0.0235074
-0.023177
-0.0228467
-0.0225166
-0.0221867
-0.0218568
-0.0215271
-0.0211974
-0.0208679
-0.0205384
-0.020209
-0.0198796
-0.0195504
-0.0192211
-0.018892
-0.0185629
-0.0182338
-0.0179048
-0.0175758
-0.0172469
-0.016918
-0.0165892
-0.0162603
-0.0159316
-0.0156028
-0.0152741
-0.0149454
-0.0146167
-0.014288
-0.0139594
-0.0136308
-0.0133022
-0.0129736
-0.0126451
-0.0123166
-0.0119881
-0.0116596
-0.0113311
-0.0110026
-0.0106742
-0.0103457
-0.0100173
-0.00968889
-0.00936049
-0.00903209
-0.0087037
-0.00837531
-0.00804692
-0.00771853
-0.00739013
-0.00706175
-0.00673339
-0.00640502
-0.00607667
-0.00574832
-0.00541993
-0.00509154
-0.0047632
-0.0044349
-0.00410654
-0.0037781
-0.00344969
-0.0031213
-0.00279289
-0.00246444
-0.00213602
-0.00180772
-0.00147931
-0.00115061
-0.000821783
-0.000492975
-0.000164272
-0.0323282
-0.0319059
-0.0315934
-0.0313102
-0.0310192
-0.0307203
-0.0304179
-0.0301137
-0.0298079
-0.0295006
-0.0291919
-0.028882
-0.0285709
-0.0282586
-0.0279451
-0.0276305
-0.0273148
-0.026998
-0.0266802
-0.0263614
-0.0260418
-0.0257212
-0.0253999
-0.0250779
-0.0247552
-0.0244318
-0.0241079
-0.0237835
-0.0234587
-0.0231334
-0.0228077
-0.0224817
-0.0221554
-0.0218289
-0.0215021
-0.021175
-0.0208478
-0.0205205
-0.020193
-0.0198653
-0.0195375
-0.0192097
-0.0188817
-0.0185537
-0.0182256
-0.0178975
-0.0175693
-0.017241
-0.0169128
-0.0165845
-0.0162561
-0.0159278
-0.0155994
-0.0152711
-0.0149427
-0.0146143
-0.0142859
-0.0139575
-0.0136291
-0.0133007
-0.0129723
-0.0126439
-0.0123155
-0.0119871
-0.0116587
-0.0113303
-0.0110019
-0.0106736
-0.0103452
-0.0100168
-0.00968847
-0.00936012
-0.00903176
-0.00870341
-0.00837506
-0.0080467
-0.00771834
-0.00738997
-0.00706159
-0.00673323
-0.00640487
-0.00607653
-0.00574819
-0.00541985
-0.00509149
-0.00476313
-0.00443478
-0.00410641
-0.00377801
-0.00344962
-0.00312123
-0.00279281
-0.00246435
-0.00213596
-0.00180766
-0.00147925
-0.00115056
-0.000821745
-0.000492955
-0.000164269
-0.0310991
-0.0308859
-0.0307046
-0.0305154
-0.0303067
-0.0300818
-0.0298454
-0.0295999
-0.0293469
-0.0290871
-0.0288212
-0.0285498
-0.0282733
-0.0279921
-0.0277066
-0.027417
-0.0271238
-0.0268271
-0.0265273
-0.0262247
-0.0259194
-0.0256118
-0.0253021
-0.0249904
-0.0246769
-0.0243618
-0.0240453
-0.0237275
-0.0234085
-0.0230885
-0.0227676
-0.0224458
-0.0221233
-0.0218001
-0.0214764
-0.0211521
-0.0208273
-0.0205021
-0.0201765
-0.0198506
-0.0195244
-0.0191979
-0.0188712
-0.0185443
-0.0182172
-0.0178899
-0.0175625
-0.017235
-0.0169074
-0.0165796
-0.0162518
-0.0159239
-0.015596
-0.015268
-0.0149399
-0.0146118
-0.0142837
-0.0139555
-0.0136273
-0.0132991
-0.0129709
-0.0126426
-0.0123144
-0.0119861
-0.0116578
-0.0113295
-0.0110012
-0.0106729
-0.0103446
-0.0100163
-0.00968804
-0.00935973
-0.00903142
-0.0087031
-0.00837479
-0.00804646
-0.00771812
-0.00738976
-0.0070614
-0.00673306
-0.00640473
-0.00607641
-0.00574808
-0.00541975
-0.00509141
-0.00476306
-0.00443472
-0.00410634
-0.00377794
-0.00344956
-0.00312118
-0.00279276
-0.0024643
-0.00213591
-0.00180761
-0.00147918
-0.00115047
-0.000821683
-0.000492949
-0.000164282
-0.0298253
-0.0298757
-0.029762
-0.0296287
-0.0294895
-0.0293369
-0.0291695
-0.0289887
-0.0287957
-0.0285912
-0.028376
-0.0281505
-0.0279156
-0.0276719
-0.0274201
-0.0271607
-0.0268946
-0.0266222
-0.0263441
-0.0260609
-0.025773
-0.0254809
-0.025185
-0.0248856
-0.0245832
-0.024278
-0.0239703
-0.0236604
-0.0233485
-0.0230348
-0.0227196
-0.0224028
-0.0220848
-0.0217657
-0.0214455
-0.0211244
-0.0208025
-0.0204799
-0.0201567
-0.0198328
-0.0195085
-0.0191836
-0.0188584
-0.0185328
-0.0182069
-0.0178808
-0.0175543
-0.0172276
-0.0169008
-0.0165737
-0.0162465
-0.0159192
-0.0155917
-0.0152642
-0.0149365
-0.0146088
-0.014281
-0.0139531
-0.0136252
-0.0132972
-0.0129691
-0.0126411
-0.012313
-0.0119849
-0.0116567
-0.0113285
-0.0110004
-0.0106722
-0.0103439
-0.0100157
-0.00968749
-0.00935924
-0.00903098
-0.00870272
-0.00837445
-0.00804616
-0.00771786
-0.00738954
-0.00706121
-0.00673288
-0.00640456
-0.00607625
-0.00574796
-0.00541965
-0.00509133
-0.00476297
-0.00443459
-0.00410623
-0.00377789
-0.00344954
-0.0031211
-0.00279263
-0.00246425
-0.00213597
-0.00180761
-0.00147909
-0.00115036
-0.00082161
-0.000492922
-0.000164287
)
;

boundaryField
{
    inlet
    {
        type            calculated;
        value           nonuniform List<scalar> 
30
(
-0.036598
-0.0340941
-0.0314625
-0.0288424
-0.0263046
-0.0239264
-0.0217578
-0.0198292
-0.0181596
-0.0167585
-0.0156267
-0.0147575
-0.014137
-0.0137457
-0.0135643
-0.0135632
-0.0137424
-0.0141315
-0.0147499
-0.015617
-0.0167467
-0.0181459
-0.0198136
-0.0217404
-0.0239074
-0.0262842
-0.0288208
-0.0314399
-0.0340707
-0.036574
)
;
    }
    outlet
    {
        type            calculated;
        value           uniform 0;
    }
    top
    {
        type            calculated;
        value           nonuniform List<scalar> 
135
(
-0.036574
-0.0366276
-0.0367553
-0.037002
-0.0376622
-0.0413876
-0.0412182
-0.0405349
-0.0400938
-0.0398173
-0.0396039
-0.0394222
-0.0392458
-0.0390548
-0.0388323
-0.0385439
-0.0381819
-0.0377408
-0.0372207
-0.0366289
-0.0359788
-0.0352884
-0.0345781
-0.0338657
-0.0331594
-0.0324791
-0.0318328
-0.0312247
-0.0306569
-0.030129
-0.0296418
-0.0291942
-0.0287609
-0.0283255
-0.0282265
-0.0298253
-0.0298757
-0.029762
-0.0296287
-0.0294895
-0.0293369
-0.0291695
-0.0289887
-0.0287957
-0.0285912
-0.028376
-0.0281505
-0.0279156
-0.0276719
-0.0274201
-0.0271607
-0.0268946
-0.0266222
-0.0263441
-0.0260609
-0.025773
-0.0254809
-0.025185
-0.0248856
-0.0245832
-0.024278
-0.0239703
-0.0236604
-0.0233485
-0.0230348
-0.0227196
-0.0224028
-0.0220848
-0.0217657
-0.0214455
-0.0211244
-0.0208025
-0.0204799
-0.0201567
-0.0198328
-0.0195085
-0.0191836
-0.0188584
-0.0185328
-0.0182069
-0.0178808
-0.0175543
-0.0172276
-0.0169008
-0.0165737
-0.0162465
-0.0159192
-0.0155917
-0.0152642
-0.0149365
-0.0146088
-0.014281
-0.0139531
-0.0136252
-0.0132972
-0.0129691
-0.0126411
-0.012313
-0.0119849
-0.0116567
-0.0113285
-0.0110004
-0.0106722
-0.0103439
-0.0100157
-0.00968749
-0.00935924
-0.00903098
-0.00870272
-0.00837445
-0.00804616
-0.00771786
-0.00738954
-0.00706121
-0.00673288
-0.00640456
-0.00607625
-0.00574796
-0.00541965
-0.00509133
-0.00476297
-0.00443459
-0.00410623
-0.00377789
-0.00344954
-0.0031211
-0.00279263
-0.00246425
-0.00213597
-0.00180761
-0.00147909
-0.00115036
-0.00082161
-0.000492922
-0.000164287
)
;
    }
    bottom
    {
        type            calculated;
        value           nonuniform List<scalar> 
135
(
-0.036598
-0.0366517
-0.0367795
-0.0370262
-0.0376861
-0.0414135
-0.0412447
-0.0405613
-0.04012
-0.0398432
-0.0396296
-0.039447
-0.0392685
-0.039075
-0.0388501
-0.0385592
-0.0381944
-0.0377505
-0.0372272
-0.0366321
-0.0359787
-0.0352851
-0.0345718
-0.0338567
-0.033148
-0.0324656
-0.0318175
-0.031208
-0.0306392
-0.0301114
-0.0296246
-0.0291773
-0.0287442
-0.0283083
-0.0282072
-0.0298079
-0.0298587
-0.0297457
-0.0296132
-0.0294747
-0.0293228
-0.029156
-0.0289758
-0.0287833
-0.0285794
-0.0283646
-0.0281397
-0.0279052
-0.0276619
-0.0274105
-0.0271516
-0.0268858
-0.0266138
-0.0263361
-0.0260532
-0.0257656
-0.0254738
-0.0251782
-0.0248792
-0.024577
-0.0242721
-0.0239647
-0.023655
-0.0233434
-0.0230299
-0.0227148
-0.0223983
-0.0220805
-0.0217615
-0.0214415
-0.0211206
-0.0207989
-0.0204764
-0.0201533
-0.0198296
-0.0195054
-0.0191807
-0.0188556
-0.0185301
-0.0182043
-0.0178783
-0.0175519
-0.0172254
-0.0168986
-0.0165716
-0.0162445
-0.0159172
-0.0155899
-0.0152624
-0.0149348
-0.0146071
-0.0142793
-0.0139515
-0.0136236
-0.0132957
-0.0129677
-0.0126397
-0.0123116
-0.0119835
-0.0116554
-0.0113273
-0.0109991
-0.010671
-0.0103428
-0.0100146
-0.00968634
-0.00935812
-0.00902989
-0.00870164
-0.00837338
-0.00804512
-0.00771686
-0.0073886
-0.00706031
-0.006732
-0.00640369
-0.00607538
-0.00574707
-0.00541876
-0.00509044
-0.00476209
-0.00443375
-0.0041054
-0.00377702
-0.00344869
-0.00312048
-0.00279227
-0.00246402
-0.0021357
-0.00180736
-0.00147892
-0.00115026
-0.00082154
-0.000492888
-0.000164281
)
;
    }
    obstacle
    {
        type            calculated;
        value           nonuniform List<scalar> 
120
(
0.044688
0.042319
0.0371002
0.0306429
0.0237877
0.0166395
0.00917866
0.00144323
-0.00649807
-0.0145725
-0.0227098
-0.030842
-0.0389048
-0.0468393
-0.0545927
-0.0621191
-0.0693774
-0.076329
-0.0829424
-0.089188
-0.0950477
-0.100502
-0.105536
-0.110137
-0.1143
-0.118045
-0.121429
-0.124414
-0.126415
-0.126311
-0.130232
-0.131779
-0.134548
-0.137573
-0.140351
-0.142806
-0.144941
-0.146731
-0.148186
-0.149371
-0.1503
-0.150979
-0.151418
-0.151667
-0.15179
-0.151792
-0.151672
-0.151426
-0.150992
-0.150316
-0.149391
-0.148208
-0.146756
-0.144968
-0.142835
-0.140379
-0.137601
-0.134575
-0.131805
-0.130256
0.0446969
0.0423293
0.037109
0.0306506
0.023795
0.0166471
0.00918582
0.00144932
-0.00649362
-0.0145701
-0.0227098
-0.0308446
-0.03891
-0.0468469
-0.0546025
-0.0621308
-0.0693912
-0.076344
-0.0829587
-0.0892053
-0.0950657
-0.100521
-0.105555
-0.110155
-0.114318
-0.118063
-0.121448
-0.124433
-0.126436
-0.126334
0.0525548
0.0579534
0.0649329
0.0721338
0.0788283
0.0848647
0.0902192
0.0948599
0.098766
0.101971
0.104527
0.106467
0.10783
0.108691
0.109113
0.109114
0.108694
0.107834
0.106472
0.104533
0.101977
0.0987727
0.0948674
0.0902271
0.0848721
0.0788347
0.0721392
0.0649379
0.0579593
0.0525619
)
;
    }
    frontAndBack
    {
        type            empty;
    }
}


// ************************************************************************* //
