/*--------------------------------*- C++ -*----------------------------------*\
  =========                 |
  \\      /  F ield         | OpenFOAM: The Open Source CFD Toolbox
   \\    /   O peration     | Website:  https://openfoam.org
    \\  /    A nd           | Version:  12
     \\/     M anipulation  |
\*---------------------------------------------------------------------------*/
FoamFile
{
    format      ascii;
    class       volScalarField;
    location    "240";
    object      p;
}
// * * * * * * * * * * * * * * * * * * * * * * * * * * * * * * * * * * * * * //

dimensions      [0 2 -2 0 0 0 0];

internalField   nonuniform List<scalar> 
6750
(
0.0216015
0.0215795
0.0215501
0.0213866
0.0203581
0.0231199
0.0230834
0.022956
0.0226902
0.0223308
0.0249127
0.0248535
0.0247229
0.0245249
0.0243719
0.0267933
0.0266994
0.0265751
0.0264347
0.0263579
0.0286604
0.0285225
0.0283884
0.0282759
0.0282371
0.0304342
0.0302479
0.030093
0.0299903
0.029969
0.0320664
0.0318303
0.0316507
0.0315509
0.031538
0.0335276
0.0332424
0.0330382
0.0329392
0.0329314
0.0347993
0.0344676
0.0342407
0.0341424
0.0341383
0.0358713
0.035497
0.0352505
0.0351536
0.0351522
0.0367401
0.0363286
0.0360665
0.0359715
0.035972
0.0374089
0.0369666
0.0366933
0.0366006
0.0366021
0.0378871
0.0374201
0.0371406
0.0370503
0.0370521
0.0381889
0.0377029
0.0374236
0.0373345
0.0373356
0.0383272
0.0378356
0.0375616
0.03747
0.037469
0.0383272
0.0378356
0.0375616
0.0374701
0.037469
0.0381889
0.037703
0.0374237
0.0373346
0.0373357
0.0378872
0.0374202
0.0371407
0.0370504
0.0370522
0.0374091
0.0369667
0.0366934
0.0366007
0.0366022
0.0367403
0.0363288
0.0360667
0.0359717
0.0359721
0.0358715
0.0354972
0.0352508
0.0351538
0.0351524
0.0347996
0.0344679
0.034241
0.0341427
0.0341386
0.0335279
0.0332427
0.0330385
0.0329395
0.0329317
0.0320668
0.0318306
0.0316511
0.0315513
0.0315384
0.0304347
0.0302483
0.0300934
0.0299908
0.0299694
0.0286609
0.0285229
0.0283889
0.0282763
0.0282376
0.0267938
0.0266999
0.0265756
0.0264353
0.0263584
0.0249133
0.0248541
0.0247235
0.0245254
0.0243724
0.0231205
0.0230841
0.0229567
0.0226908
0.0223314
0.0216023
0.0215802
0.0215508
0.0213873
0.0203588
0.0141793
0.014772
0.0162402
0.0173251
0.0181115
0.0187364
0.0192261
0.019592
0.0198619
0.0200463
0.0201082
0.0201218
0.0200592
0.0199163
0.0196919
0.0193823
0.0189846
0.0185016
0.0179367
0.0172898
0.0165554
0.0158382
0.015083
0.0143051
0.0135243
0.0127537
0.0120027
0.0112859
0.0106135
0.00993057
0.018089
0.0188846
0.0196843
0.0200851
0.0203139
0.0204552
0.020511
0.0204905
0.0204225
0.0203043
0.0200945
0.0199074
0.0197019
0.019481
0.0192432
0.0189795
0.0186775
0.018326
0.0179144
0.0174397
0.0169201
0.0162866
0.0156219
0.014917
0.01418
0.0134223
0.0126519
0.0118833
0.0111567
0.010452
0.0205695
0.020753
0.0210679
0.0212218
0.0212975
0.0213056
0.0212342
0.0210939
0.0209062
0.0206353
0.0202856
0.0199504
0.0195871
0.0192068
0.0188156
0.0184132
0.0179962
0.0175596
0.0170977
0.0166056
0.0160823
0.0155273
0.0149468
0.0143404
0.0137129
0.0130701
0.0124132
0.0117528
0.0111761
0.0107591
0.0220123
0.0217881
0.0219169
0.0219997
0.0220088
0.0219414
0.0217925
0.0215789
0.0213096
0.0209153
0.0204691
0.0200096
0.019508
0.0189809
0.0184402
0.0178936
0.0173466
0.0168021
0.016261
0.015722
0.0151833
0.0146488
0.0141152
0.0135794
0.0130414
0.0125013
0.0119522
0.0113965
0.0109635
0.0108815
0.0231028
0.0227307
0.0227773
0.0227893
0.022715
0.0225601
0.0223252
0.0220257
0.0216593
0.0211495
0.0206071
0.0200274
0.0194004
0.0187459
0.0180793
0.0174139
0.0167608
0.0161282
0.0155213
0.0149417
0.0143889
0.0138621
0.013358
0.0128716
0.0123992
0.0119372
0.0114717
0.0109961
0.0106715
0.0108938
0.0240499
0.0236387
0.0236205
0.0235524
0.0233921
0.0231508
0.0228295
0.0224404
0.0219668
0.0213516
0.0207093
0.0200139
0.01927
0.0184994
0.0177208
0.0169512
0.0162059
0.0154965
0.0148311
0.0142132
0.0136428
0.0131173
0.0126323
0.0121815
0.0117587
0.0113576
0.0109594
0.0105498
0.0103157
0.0108107
0.0248878
0.0244828
0.0244064
0.0242616
0.0240224
0.0237003
0.0232973
0.0228217
0.0222355
0.0215266
0.0207841
0.0199788
0.0191251
0.0182463
0.0173639
0.0164982
0.0156676
0.0148864
0.0141647
0.0135075
0.0129151
0.0123846
0.0119101
0.0114842
0.0110991
0.0107464
0.0104031
0.0100497
0.00989555
0.0106324
0.025637
0.025268
0.0251412
0.0249247
0.0246114
0.0242115
0.0237305
0.0231705
0.0224712
0.0216785
0.020836
0.0199257
0.0189679
0.0179873
0.0170077
0.0160521
0.0151413
0.0142919
0.0135155
0.0128181
0.0122005
0.0116594
0.0111883
0.0107785
0.0104212
0.0101063
0.00980693
0.00950048
0.00941739
0.0103622
0.0263194
0.026008
0.025837
0.0255517
0.0251664
0.0246915
0.024135
0.023486
0.0226825
0.0218087
0.0208672
0.0198561
0.0187991
0.0177219
0.0166503
0.0156098
0.014623
0.0137083
0.0128785
0.0121404
0.0114951
0.0109392
0.0104656
0.0100647
0.00972691
0.00944059
0.00917568
0.00890795
0.00888785
0.0100063
0.0269521
0.0267129
0.0265022
0.0261495
0.025694
0.0251476
0.024515
0.0237691
0.0228758
0.0219175
0.0208796
0.0197715
0.0186191
0.0174492
0.0162898
0.015168
0.0141083
0.0131304
0.012248
0.0114685
0.0107935
0.0102192
0.00973811
0.00934016
0.00901493
0.00874954
0.00851097
0.00827493
0.00831105
0.00957064
0.0275473
0.0273903
0.0271436
0.0267239
0.0261986
0.0255827
0.0248737
0.0240269
0.0230541
0.0220083
0.0208758
0.0196735
0.0184283
0.0171687
0.0159241
0.0147236
0.0135929
0.0125528
0.011618
0.0107964
0.0100895
0.00949372
0.00900104
0.00860094
0.00828243
0.00803145
0.00781232
0.00760198
0.00768865
0.0090604
0.0281154
0.0280477
0.0277679
0.0272808
0.0266856
0.0260023
0.0252134
0.0242672
0.0232194
0.022084
0.0208581
0.0195632
0.018227
0.0168792
0.0155512
0.0142733
0.0130725
0.0119706
0.010983
0.0101179
0.00937715
0.00875689
0.00824888
0.00784219
0.00752536
0.00728318
0.00707758
0.00688783
0.00702021
0.00847921
0.028666
0.0286923
0.0283821
0.027828
0.0271641
0.0264092
0.025533
0.0244997
0.0233733
0.022147
0.0208283
0.0194414
0.0180148
0.0165797
0.0151688
0.0138138
0.0125429
0.0113788
0.0103372
0.009427
0.00865002
0.00800236
0.0074755
0.0070582
0.00673856
0.00650023
0.00630297
0.00612939
0.00630328
0.00782892
0.0292088
0.0293308
0.0289929
0.0283715
0.0276387
0.0268104
0.0258401
0.0247285
0.023518
0.0221996
0.0207881
0.019309
0.0177916
0.0162688
0.0147745
0.0133418
0.0119998
0.0107719
0.00967472
0.00871717
0.00790133
0.00722317
0.00667398
0.00624222
0.00591561
0.0056766
0.00548302
0.00532166
0.00553338
0.00710924
0.0297512
0.0299725
0.0296086
0.0289192
0.0281169
0.0272101
0.026144
0.0249564
0.0236569
0.0222448
0.0207391
0.0191662
0.0175567
0.0159446
0.0143654
0.0128532
0.0114382
0.0101445
0.0089891
0.00798143
0.00712362
0.0064116
0.00583645
0.00538639
0.00504876
0.00480479
0.00461052
0.00445773
0.00470401
0.00631746
0.0303005
0.0306288
0.0302414
0.0294836
0.0286046
0.0276086
0.0264559
0.0251866
0.0237936
0.0222852
0.0206827
0.0190134
0.017309
0.0156051
0.0139383
0.0123439
0.0108528
0.0094901
0.00827326
0.00721199
0.00630857
0.00555889
0.00495386
0.00448149
0.00412875
0.00387555
0.00367635
0.0035286
0.00380642
0.00544821
0.0308668
0.0313122
0.0309028
0.0300733
0.0291112
0.0280163
0.0267826
0.0254226
0.0239316
0.0223232
0.02062
0.0188503
0.0170472
0.0152476
0.0134893
0.0118086
0.0102375
0.00880163
0.00751913
0.00639999
0.00544665
0.00465496
0.00401569
0.00351666
0.00314445
0.00287763
0.00266916
0.00252286
0.00282939
0.00449309
0.0314668
0.032036
0.0316063
0.0306957
0.0296406
0.0284486
0.0271288
0.0256699
0.024075
0.0223612
0.020552
0.0186765
0.0167693
0.0148686
0.0130134
0.0112412
0.00958479
0.00807063
0.00671728
0.00553511
0.00452673
0.00368798
0.0030095
0.00247896
0.00208253
0.00179732
0.00157498
0.0014263
0.00175872
0.00344014
0.0321243
0.0328103
0.0323628
0.0313653
0.0302027
0.0289169
0.0274993
0.0259334
0.024228
0.0224017
0.0204791
0.0184906
0.0164723
0.0144635
0.0125047
0.0106342
0.00888592
0.00728694
0.00585639
0.00460498
0.00353549
0.00264377
0.00192035
0.00135276
0.00092672
0.000617844
0.000376536
0.000221207
0.00057658
0.00227323
0.0328582
0.0336545
0.03319
0.0320947
0.0308152
0.0294302
0.027903
0.0262206
0.0243953
0.0224471
0.0204016
0.0182908
0.0161521
0.0140264
0.0119552
0.00997808
0.00812971
0.00643798
0.00492254
0.00359445
0.00245665
0.00150499
0.000729932
0.000118844
-0.000342994
-0.000681591
-0.000947668
-0.00111459
-0.00073957
0.000970905
0.0336941
0.0346019
0.0341091
0.032896
0.031501
0.0300017
0.0283511
0.0265398
0.0245821
0.0224995
0.0203188
0.0180737
0.015803
0.0135491
0.0113547
0.00926041
0.00730194
0.00550781
0.0038982
0.0024845
0.0012698
0.000249967
-0.000584646
-0.0012468
-0.00175172
-0.00212711
-0.00242475
-0.00260915
-0.00221846
-0.000495076
0.034673
0.0356741
0.0351403
0.0338042
0.0322817
0.0306476
0.0288564
0.0268999
0.0247936
0.0225602
0.0202286
0.0178338
0.0154164
0.0130201
0.010689
0.00846476
0.0063839
0.00447565
0.00276066
0.00125063
-5.12254e-05
-0.00114907
-0.00205264
-0.00277487
-0.00333154
-0.00375216
-0.00408948
-0.00429856
-0.00389729
-0.00216217
0.0358413
0.0369161
0.0363241
0.0348565
0.0331811
0.0313885
0.0294349
0.0273116
0.0250351
0.02263
0.0201269
0.0175628
0.01498
0.0124235
0.00993884
0.00756868
0.00535036
0.00331371
0.00147977
-0.000139536
-0.00154091
-0.00272858
-0.00371244
-0.00450558
-0.00512445
-0.00560047
-0.0059873
-0.00623004
-0.00582508
-0.00408069
0.0372671
0.0383883
0.0377211
0.036094
0.0342327
0.0322513
0.0301061
0.027787
0.0253117
0.0227071
0.020006
0.0172474
0.0144751
0.0117359
0.00907658
0.00654072
0.00416636
0.00198376
1.42549e-05
-0.0017301
-0.00324605
-0.00453793
-0.00561583
-0.00649309
-0.0071869
-0.00773072
-0.00817913
-0.00846691
-0.00806798
-0.0063196
0.039063
0.0401845
0.039403
0.0375715
0.0354824
0.0332717
0.0308946
0.0283402
0.0256277
0.0227866
0.0198523
0.0168659
0.0138732
0.0109225
0.00806176
0.00533533
0.00278171
0.000431393
-0.00169423
-0.00358314
-0.00523224
-0.00664608
-0.00783503
-0.00881272
-0.00959722
-0.0102242
-0.0107491
-0.0110965
-0.0107179
-0.00897642
0.0413562
0.0424285
0.0414696
0.0393725
0.0369969
0.0344989
0.0318333
0.0289882
0.0259853
0.0228572
0.0196421
0.0163835
0.0131295
0.00992969
0.00683296
0.00388416
0.00112178
-0.00142383
-0.00373155
-0.00578966
-0.00759536
-0.00915352
-0.0104748
-0.0115733
-0.012468
-0.0131968
-0.0138162
-0.0142419
-0.0139051
-0.0121917
0.0444028
0.0453142
0.044077
0.0416242
0.0388754
0.0360046
0.0329668
0.0297507
0.0263811
0.0228944
0.0193322
0.0157409
0.0121704
0.0086717
0.00529375
0.00208111
-0.000928418
-0.00370539
-0.00622949
-0.00848968
-0.0104836
-0.0122163
-0.0136989
-0.0149457
-0.0159766
-0.0168313
-0.0175675
-0.0180946
-0.017833
-0.0161885
0.048585
0.049124
0.0474328
0.0444874
0.0412393
0.0378721
0.0343421
0.0306404
0.0267964
0.0228512
0.0188508
0.0148445
0.0108841
0.0070209
0.00330324
-0.000225973
-0.00353107
-0.00658475
-0.00936846
-0.0118724
-0.0140954
-0.0160431
-0.0177262
-0.0191595
-0.0203633
-0.0213783
-0.0222616
-0.0229234
-0.0227954
-0.0213051
0.0547752
0.0545671
0.052131
0.0484847
0.0445311
0.0404426
0.0361878
0.0317721
0.0272362
0.0226311
0.0180097
0.0134261
0.00893325
0.00458148
0.000415981
-0.0035246
-0.00720917
-0.0106145
-0.0137248
-0.0165307
-0.0190341
-0.0212539
-0.0231858
-0.0248444
-0.0262509
-0.0274434
-0.0284748
-0.0292709
-0.0293396
-0.0281702
0.0655827
0.0636878
0.059697
0.0548202
0.0497027
0.0444406
0.0390308
0.0335084
0.0279314
0.0223604
0.0168525
0.0114609
0.00623344
0.00121147
-0.00357067
-0.00808558
-0.0123125
-0.0162367
-0.0198499
-0.0231497
-0.0261324
-0.0287858
-0.0311354
-0.0331899
-0.03496
-0.0364716
-0.0377698
-0.0388439
-0.0393982
-0.0388784
0.0178457
0.0187832
0.0205307
0.0219121
0.0230655
0.0241375
0.0251618
0.0261473
0.027104
0.0280414
0.0289677
0.0298906
0.0308184
0.0317595
0.0327224
0.0337175
0.0347575
0.0358588
0.0370402
0.0383232
0.0397354
0.0413162
0.0431133
0.0451924
0.0476425
0.0505989
0.0542467
0.058799
0.0644829
0.0718201
0.0221655
0.0231406
0.0242649
0.0251999
0.0260328
0.0268254
0.0275893
0.0283288
0.029051
0.0297642
0.0304762
0.031195
0.0319289
0.032687
0.0334787
0.0343158
0.0352121
0.0361846
0.0372535
0.0384435
0.039787
0.0413272
0.0431206
0.0452455
0.0478114
0.0509811
0.0549891
0.0601573
0.0669731
0.0760249
0.0244727
0.0253409
0.0261828
0.0269332
0.0276604
0.0283812
0.0290922
0.0297946
0.0304931
0.0311935
0.031902
0.0326251
0.0333703
0.0341457
0.0349607
0.0358268
0.0367581
0.0377719
0.0388894
0.0401376
0.0415518
0.0431789
0.0450819
0.0473482
0.0501015
0.0535213
0.0578738
0.0635377
0.0711639
0.0814441
0.0264843
0.0272438
0.0279706
0.0286414
0.029305
0.0299711
0.030639
0.0313112
0.0319928
0.0326892
0.0334062
0.0341499
0.0349274
0.0357468
0.0366177
0.0375517
0.0385631
0.0396699
0.0408942
0.0422647
0.0438188
0.0456064
0.0476946
0.0501766
0.0531839
0.0569058
0.0616231
0.0677311
0.075972
0.0870833
0.0283614
0.0290283
0.0296657
0.0302657
0.0308695
0.0314871
0.0321192
0.0327684
0.0334391
0.0341359
0.034864
0.0356294
0.0364389
0.0373008
0.0382248
0.0392232
0.0403106
0.0415059
0.0428326
0.0443209
0.0460104
0.0479535
0.0502213
0.0529113
0.0561608
0.0601666
0.0652195
0.0717259
0.0805115
0.0923715
0.0300753
0.0306603
0.031222
0.0317627
0.0323195
0.0329012
0.0335084
0.0341433
0.0348096
0.0355114
0.0362536
0.0370418
0.037883
0.0387852
0.0397585
0.0408154
0.0419712
0.0432453
0.0446623
0.0462539
0.0480614
0.0501398
0.0525629
0.0554321
0.0588896
0.0631388
0.06848
0.0753327
0.0846042
0.0971721
0.0316232
0.0321352
0.0326327
0.0331251
0.0336452
0.0342001
0.0347899
0.0354166
0.0360833
0.0367936
0.0375522
0.0383645
0.0392372
0.0401784
0.0411984
0.0423097
0.0435282
0.0448739
0.0463722
0.0480558
0.0499677
0.0521645
0.0547224
0.057746
0.0613813
0.0658375
0.0714236
0.0785728
0.0882585
0.101455
0.0330004
0.0334467
0.0338894
0.0343423
0.0348336
0.0353684
0.0359464
0.0365692
0.0372393
0.0379601
0.0387359
0.0395719
0.0404746
0.0414523
0.0425151
0.043676
0.044951
0.0463607
0.0479312
0.049696
0.0516993
0.0539992
0.0566737
0.0598297
0.0636168
0.0682484
0.0740414
0.081441
0.091466
0.105194
0.0341985
0.0345859
0.0349821
0.0354032
0.0358721
0.036392
0.0369623
0.037584
0.0382593
0.0389912
0.0397837
0.0406417
0.0415718
0.0425821
0.0436829
0.0448872
0.0462116
0.0476768
0.0493094
0.051144
0.0532253
0.0556127
0.0583856
0.0616531
0.065567
0.0703446
0.0763093
0.0839164
0.0942098
0.108376
0.0352105
0.0355462
0.0359037
0.0362998
0.0367517
0.0372609
0.0378264
0.0384487
0.0391299
0.0398724
0.04068
0.0415575
0.0425114
0.0435497
0.044683
0.0459242
0.04729
0.0488017
0.0504863
0.0523787
0.0545245
0.0569839
0.0598377
0.0631961
0.0672132
0.0721092
0.0782127
0.0859876
0.0964849
0.111006
0.0360334
0.0363253
0.0366519
0.0370289
0.0374682
0.0379698
0.0385324
0.0391563
0.0398431
0.040595
0.0414156
0.0423095
0.0432832
0.0443446
0.0455043
0.0467755
0.048175
0.0497242
0.0514504
0.0533891
0.0555864
0.0581031
0.0610209
0.0644511
0.0685495
0.0735382
0.0797503
0.0876568
0.0983017
0.113105
0.0366695
0.036926
0.0372291
0.0375921
0.0380224
0.0385188
0.0390798
0.0397056
0.0403972
0.0411568
0.0419878
0.0428947
0.0438839
0.0449634
0.0461437
0.047438
0.0488634
0.0504413
0.0521995
0.0541735
0.05641
0.0589702
0.0619363
0.0654208
0.0695804
0.0746388
0.0809323
0.0889377
0.0996823
0.114706
0.0371258
0.037356
0.0376424
0.0379958
0.0384201
0.0389131
0.0394734
0.0401007
0.0407961
0.0415616
0.0424003
0.0433167
0.0443172
0.0454097
0.0466048
0.0479158
0.0493597
0.0509582
0.0527392
0.0547384
0.0570027
0.0595937
0.0625942
0.066117
0.0703197
0.0754271
0.0817778
0.0898529
0.100657
0.115848
0.0374141
0.0376272
0.0379031
0.0382507
0.0386713
0.0391624
0.0397224
0.0403509
0.0410489
0.0418182
0.0426618
0.0435844
0.0445921
0.045693
0.0468976
0.0482192
0.0496749
0.0512866
0.053082
0.0550971
0.0573791
0.0599896
0.0630117
0.0665587
0.0707886
0.0759266
0.0823132
0.090432
0.101265
0.116577
0.0375496
0.0377543
0.0380253
0.0383702
0.0387892
0.0392794
0.0398393
0.0404685
0.0411678
0.0419389
0.0427851
0.0437107
0.0447219
0.0458268
0.0470359
0.0483626
0.049824
0.0514419
0.0532442
0.055267
0.0575574
0.0601772
0.0632097
0.0667682
0.071011
0.0761636
0.0825672
0.0907068
0.101546
0.116929
0.0375496
0.0377543
0.0380253
0.0383702
0.0387892
0.0392794
0.0398393
0.0404686
0.0411678
0.041939
0.0427851
0.0437107
0.0447219
0.0458268
0.0470359
0.0483626
0.049824
0.0514419
0.0532442
0.055267
0.0575574
0.0601772
0.0632097
0.0667682
0.071011
0.0761635
0.0825672
0.0907068
0.101546
0.116929
0.0374142
0.0376272
0.0379032
0.0382508
0.0386713
0.0391624
0.0397224
0.040351
0.0410489
0.0418182
0.0426619
0.0435845
0.0445922
0.0456931
0.0468976
0.0482192
0.0496749
0.0512865
0.0530819
0.0550971
0.057379
0.0599896
0.0630117
0.0665587
0.0707885
0.0759265
0.0823131
0.090432
0.101264
0.116577
0.0371259
0.0373561
0.0376425
0.0379959
0.0384201
0.0389132
0.0394735
0.0401008
0.0407962
0.0415616
0.0424003
0.0433168
0.0443172
0.0454097
0.0466048
0.0479158
0.0493597
0.0509582
0.0527392
0.0547384
0.0570026
0.0595937
0.0625942
0.066117
0.0703196
0.0754269
0.0817776
0.0898527
0.100657
0.115848
0.0366696
0.0369261
0.0372292
0.0375922
0.0380225
0.0385189
0.0390799
0.0397057
0.0403973
0.0411569
0.0419879
0.0428948
0.043884
0.0449634
0.0461437
0.047438
0.0488634
0.0504413
0.0521995
0.0541735
0.0564099
0.0589701
0.0619363
0.0654207
0.0695803
0.0746386
0.0809321
0.0889374
0.099682
0.114705
0.0360336
0.0363254
0.0366521
0.037029
0.0374683
0.0379699
0.0385325
0.0391565
0.0398432
0.0405951
0.0414156
0.0423096
0.0432832
0.0443447
0.0455044
0.0467756
0.048175
0.0497242
0.0514504
0.0533891
0.0555863
0.058103
0.0610207
0.064451
0.0685493
0.073538
0.0797501
0.0876565
0.0983013
0.113104
0.0352107
0.0355464
0.0359039
0.0363
0.0367519
0.0372611
0.0378265
0.0384489
0.03913
0.0398725
0.0406801
0.0415576
0.0425115
0.0435498
0.044683
0.0459242
0.0472901
0.0488017
0.0504863
0.0523786
0.0545244
0.0569838
0.0598376
0.0631959
0.067213
0.0721089
0.0782123
0.0859872
0.0964844
0.111005
0.0341988
0.0345862
0.0349823
0.0354034
0.0358723
0.0363922
0.0369625
0.0375842
0.0382595
0.0389914
0.0397838
0.0406418
0.0415719
0.0425821
0.0436829
0.0448873
0.0462116
0.0476768
0.0493094
0.0511439
0.0532252
0.0556125
0.0583855
0.0616529
0.0655667
0.0703443
0.0763089
0.083916
0.0942092
0.108375
0.0330007
0.033447
0.0338897
0.0343426
0.0348338
0.0353686
0.0359466
0.0365694
0.0372395
0.0379603
0.0387361
0.039572
0.0404747
0.0414524
0.0425152
0.043676
0.0449511
0.0463607
0.0479311
0.049696
0.0516992
0.053999
0.0566735
0.0598295
0.0636165
0.068248
0.0740409
0.0814404
0.0914653
0.105193
0.0316236
0.0321355
0.0326331
0.0331254
0.0336455
0.0342003
0.0347902
0.0354169
0.0360835
0.0367938
0.0375524
0.0383647
0.0392373
0.0401786
0.0411985
0.0423098
0.0435283
0.0448739
0.0463721
0.0480557
0.0499676
0.0521643
0.0547222
0.0577457
0.061381
0.0658371
0.0714231
0.0785722
0.0882577
0.101454
0.0300757
0.0306607
0.0312224
0.031763
0.0323198
0.0329015
0.0335087
0.0341436
0.0348098
0.0355116
0.0362538
0.0370421
0.0378832
0.0387854
0.0397587
0.0408155
0.0419712
0.0432453
0.0446622
0.0462538
0.0480613
0.0501397
0.0525627
0.0554318
0.0588892
0.0631383
0.0684794
0.075332
0.0846033
0.0971709
0.0283618
0.0290287
0.0296661
0.0302661
0.0308699
0.0314875
0.0321195
0.0327687
0.0334394
0.0341362
0.0348643
0.0356296
0.0364391
0.037301
0.038225
0.0392233
0.0403107
0.041506
0.0428326
0.0443208
0.0460102
0.0479534
0.0502211
0.052911
0.0561604
0.0601661
0.0652189
0.0717251
0.0805105
0.0923703
0.0264848
0.0272443
0.027971
0.0286419
0.0293054
0.0299716
0.0306394
0.0313115
0.0319932
0.0326896
0.0334065
0.0341502
0.0349277
0.035747
0.0366179
0.0375518
0.0385632
0.0396699
0.0408942
0.0422646
0.0438187
0.0456062
0.0476944
0.0501763
0.0531835
0.0569053
0.0616224
0.0677303
0.0759709
0.087082
0.0244732
0.0253415
0.0261833
0.0269337
0.0276609
0.0283817
0.0290927
0.029795
0.0304935
0.0311939
0.0319023
0.0326255
0.0333706
0.0341459
0.0349609
0.035827
0.0367583
0.037772
0.0388894
0.0401376
0.0415517
0.0431788
0.0450817
0.0473479
0.0501011
0.0535208
0.0578732
0.0635368
0.0711628
0.0814426
0.0221661
0.0231412
0.0242654
0.0252005
0.0260333
0.0268259
0.0275898
0.0283293
0.0290515
0.0297646
0.0304766
0.0311954
0.0319293
0.0326873
0.033479
0.0343161
0.0352123
0.0361848
0.0372536
0.0384435
0.0397869
0.0413271
0.0431204
0.0452452
0.047811
0.0509806
0.0549884
0.0601564
0.066972
0.0760234
0.0178463
0.0187837
0.0205312
0.0219126
0.023066
0.024138
0.0251622
0.0261478
0.0271045
0.0280418
0.0289681
0.029891
0.0308187
0.0317598
0.0327227
0.0337177
0.0347577
0.0358589
0.0370403
0.0383233
0.0397354
0.0413161
0.0431132
0.0451922
0.0476422
0.0505984
0.0542461
0.0587981
0.0644818
0.0718186
0.0655811
0.0636862
0.0596954
0.0548186
0.049701
0.044439
0.0390291
0.0335067
0.0279298
0.0223588
0.0168509
0.0114594
0.006232
0.0012101
-0.00357195
-0.00808678
-0.0123136
-0.0162377
-0.0198508
-0.0231506
-0.0261332
-0.0287864
-0.031136
-0.0331903
-0.0349604
-0.0364719
-0.0377701
-0.0388442
-0.0393985
-0.0388786
0.054774
0.0545659
0.0521297
0.0484835
0.0445298
0.0404413
0.0361865
0.0317708
0.0272349
0.0226298
0.0180085
0.0134249
0.0089321
0.00458039
0.000414948
-0.00352557
-0.00721006
-0.0106153
-0.0137255
-0.0165313
-0.0190347
-0.0212544
-0.0231863
-0.0248448
-0.0262512
-0.0274437
-0.0284751
-0.0292711
-0.0293398
-0.0281704
0.0485841
0.049123
0.0474319
0.0444864
0.0412383
0.0378711
0.034341
0.0306394
0.0267954
0.0228502
0.0188498
0.0148435
0.0108832
0.00702002
0.00330242
-0.000226741
-0.00353178
-0.00658539
-0.00936904
-0.0118729
-0.0140958
-0.0160435
-0.0177266
-0.0191598
-0.0203636
-0.0213785
-0.0222618
-0.0229236
-0.0227956
-0.0213053
0.044402
0.0453135
0.0440762
0.0416234
0.0388746
0.0360038
0.032966
0.0297499
0.0263802
0.0228936
0.0193314
0.0157401
0.0121697
0.008671
0.00529309
0.00208051
-0.000928975
-0.00370589
-0.00622994
-0.00849007
-0.0104839
-0.0122166
-0.0136992
-0.0149459
-0.0159768
-0.0168315
-0.0175676
-0.0180947
-0.0178331
-0.0161886
0.0413557
0.042428
0.041469
0.0393719
0.0369963
0.0344983
0.0318327
0.0289875
0.0259846
0.0228566
0.0196414
0.0163829
0.0131289
0.00992913
0.00683245
0.00388368
0.00112135
-0.00142421
-0.00373188
-0.00578994
-0.00759559
-0.00915371
-0.010475
-0.0115734
-0.012468
-0.0131968
-0.0138162
-0.0142418
-0.0139051
-0.0121917
0.0390625
0.0401841
0.0394025
0.037571
0.035482
0.0332712
0.0308941
0.0283397
0.0256272
0.0227861
0.0198519
0.0168654
0.0138727
0.0109221
0.00806137
0.00533498
0.00278139
0.000431121
-0.00169445
-0.00358333
-0.00523238
-0.00664618
-0.00783509
-0.00881275
-0.00959722
-0.0102241
-0.010749
-0.0110965
-0.0107179
-0.00897641
0.0372667
0.038388
0.0377208
0.0360937
0.0342324
0.0322509
0.0301057
0.0277866
0.0253113
0.0227067
0.0200057
0.017247
0.0144747
0.0117356
0.00907629
0.00654047
0.00416614
0.00198358
1.41179e-05
-0.0017302
-0.0032461
-0.00453795
-0.00561582
-0.00649305
-0.00718683
-0.00773063
-0.00817901
-0.00846678
-0.00806786
-0.00631953
0.0358411
0.0369159
0.0363239
0.0348563
0.0331809
0.0313882
0.0294346
0.0273113
0.0250348
0.0226297
0.0201266
0.0175626
0.0149797
0.0124233
0.00993864
0.00756852
0.00535024
0.00331362
0.00147971
-0.000139556
-0.0015409
-0.00272854
-0.00371237
-0.00450548
-0.00512432
-0.00560032
-0.00598713
-0.00622986
-0.0058249
-0.00408057
0.0346729
0.035674
0.0351401
0.0338041
0.0322816
0.0306475
0.0288562
0.0268997
0.0247934
0.0225601
0.0202284
0.0178336
0.0154163
0.01302
0.0106889
0.00846468
0.00638385
0.00447563
0.00276068
0.00125068
-5.11446e-05
-0.00114896
-0.00205251
-0.00277471
-0.00333136
-0.00375197
-0.00408927
-0.00429833
-0.00389707
-0.00216201
0.0336941
0.0346019
0.034109
0.032896
0.031501
0.0300017
0.028351
0.0265397
0.024582
0.0224994
0.0203187
0.0180736
0.0158029
0.013549
0.0113546
0.0092604
0.00730196
0.00550787
0.00389828
0.00248461
0.00126994
0.000250134
-0.000584455
-0.00124659
-0.00175149
-0.00212687
-0.0024245
-0.00260889
-0.00221821
-0.000494869
0.0328583
0.0336546
0.0331901
0.0320948
0.0308152
0.0294302
0.027903
0.0262206
0.0243953
0.0224471
0.0204016
0.0182908
0.0161521
0.0140264
0.0119553
0.00997814
0.0081298
0.0064381
0.00492268
0.00359462
0.00245684
0.00150521
0.000730172
0.000119102
-0.000342722
-0.000681308
-0.000947376
-0.00111429
-0.000739281
0.000971152
0.0321245
0.0328104
0.0323629
0.0313654
0.0302028
0.028917
0.0274994
0.0259335
0.024228
0.0224018
0.0204792
0.0184907
0.0164724
0.0144636
0.0125048
0.0106343
0.00888607
0.00728711
0.00585659
0.00460521
0.00353574
0.00264404
0.00192064
0.00135306
0.000927032
0.000618165
0.000376863
0.000221537
0.000576901
0.00227351
0.031467
0.0320361
0.0316065
0.0306958
0.0296408
0.0284487
0.0271289
0.02567
0.0240751
0.0223613
0.0205521
0.0186766
0.0167694
0.0148687
0.0130136
0.0112414
0.009585
0.00807086
0.00671753
0.00553539
0.00452702
0.00368829
0.00300983
0.0024793
0.00208288
0.00179767
0.00157533
0.00142666
0.00175907
0.00344046
0.030867
0.0313124
0.030903
0.0300735
0.0291114
0.0280165
0.0267828
0.0254228
0.0239318
0.0223233
0.0206202
0.0188505
0.0170474
0.0152478
0.0134895
0.0118088
0.0102377
0.00880191
0.00751943
0.00640031
0.00544699
0.00465531
0.00401606
0.00351704
0.00314484
0.00287801
0.00266954
0.00252324
0.00282977
0.00449343
0.0303008
0.0306291
0.0302417
0.0294839
0.0286049
0.0276089
0.0264562
0.0251868
0.0237939
0.0222854
0.020683
0.0190136
0.0173093
0.0156054
0.0139386
0.0123442
0.0108531
0.00949043
0.00827361
0.00721235
0.00630894
0.00555928
0.00495426
0.0044819
0.00412916
0.00387596
0.00367676
0.00352901
0.00380682
0.00544859
0.0297516
0.0299728
0.0296089
0.0289195
0.0281172
0.0272104
0.0261443
0.0249567
0.0236572
0.0222451
0.0207394
0.0191665
0.017557
0.0159449
0.0143658
0.0128536
0.0114385
0.0101449
0.00898949
0.00798183
0.00712403
0.00641202
0.00583688
0.00538683
0.00504921
0.00480523
0.00461096
0.00445816
0.00470443
0.00631786
0.0292093
0.0293312
0.0289933
0.0283719
0.0276391
0.0268108
0.0258405
0.0247288
0.0235183
0.0222
0.0207885
0.0193093
0.017792
0.0162691
0.0147749
0.0133422
0.0120002
0.0107724
0.00967515
0.00871762
0.00790178
0.00722363
0.00667445
0.00624269
0.00591608
0.00567706
0.00548348
0.0053221
0.00553382
0.00710966
0.0286665
0.0286927
0.0283825
0.0278284
0.0271646
0.0264096
0.0255334
0.0245001
0.0233737
0.0221474
0.0208287
0.0194418
0.0180152
0.0165801
0.0151692
0.0138143
0.0125434
0.0113792
0.0103377
0.00942748
0.00865051
0.00800285
0.007476
0.00705869
0.00673905
0.00650071
0.00630345
0.00612985
0.00630373
0.00782937
0.0281159
0.0280482
0.0277683
0.0272812
0.026686
0.0260027
0.0252139
0.0242677
0.0232198
0.0220845
0.0208585
0.0195636
0.0182274
0.0168797
0.0155517
0.0142738
0.013073
0.0119711
0.0109835
0.0101184
0.00937767
0.00875742
0.0082494
0.00784271
0.00752588
0.00728369
0.00707808
0.00688831
0.00702068
0.00847967
0.0275479
0.0273908
0.0271441
0.0267244
0.0261991
0.0255832
0.0248742
0.0240274
0.0230546
0.0220088
0.0208763
0.019674
0.0184288
0.0171692
0.0159246
0.0147241
0.0135934
0.0125534
0.0116186
0.0107969
0.0100901
0.00949428
0.00900159
0.00860148
0.00828296
0.00803197
0.00781283
0.00760247
0.00768913
0.00906087
0.0269526
0.0267134
0.0265027
0.02615
0.0256945
0.0251482
0.0245156
0.0237696
0.0228763
0.0219181
0.0208801
0.0197721
0.0186197
0.0174498
0.0162904
0.0151686
0.0141089
0.013131
0.0122486
0.0114691
0.0107941
0.0102198
0.00973869
0.00934073
0.00901549
0.00875009
0.0085115
0.00827543
0.00831154
0.00957112
0.02632
0.0260086
0.0258375
0.0255523
0.025167
0.0246921
0.0241356
0.0234866
0.0226831
0.0218093
0.0208678
0.0198567
0.0187997
0.0177225
0.0166509
0.0156104
0.0146236
0.013709
0.0128792
0.012141
0.0114957
0.0109398
0.0104662
0.0100653
0.00972749
0.00944115
0.00917622
0.00890847
0.00888835
0.0100068
0.0256376
0.0252686
0.0251418
0.0249253
0.024612
0.0242121
0.0237311
0.0231711
0.0224718
0.0216792
0.0208367
0.0199264
0.0189686
0.017988
0.0170083
0.0160527
0.015142
0.0142926
0.0135162
0.0128187
0.0122011
0.0116601
0.0111889
0.0107791
0.0104218
0.0101069
0.00980748
0.009501
0.00941789
0.0103627
0.0248884
0.0244834
0.024407
0.0242622
0.024023
0.0237009
0.0232979
0.0228224
0.0222361
0.0215273
0.0207848
0.0199795
0.0191258
0.018247
0.0173646
0.0164989
0.0156683
0.0148872
0.0141655
0.0135082
0.0129158
0.0123852
0.0119108
0.0114848
0.0110997
0.010747
0.0104036
0.0100502
0.00989605
0.0106329
0.0240505
0.0236393
0.0236211
0.023553
0.0233927
0.0231514
0.0228302
0.0224411
0.0219675
0.0213524
0.02071
0.0200146
0.0192707
0.0185002
0.0177216
0.016952
0.0162066
0.0154973
0.0148318
0.0142139
0.0136435
0.0131181
0.012633
0.0121821
0.0117593
0.0113582
0.01096
0.0105504
0.0103161
0.0108112
0.0231034
0.0227313
0.0227779
0.02279
0.0227156
0.0225609
0.0223259
0.0220264
0.0216601
0.0211502
0.0206079
0.0200282
0.0194012
0.0187467
0.0180801
0.0174147
0.0167616
0.016129
0.0155221
0.0149425
0.0143897
0.0138629
0.0133587
0.0128723
0.0123999
0.0119378
0.0114723
0.0109966
0.010672
0.0108943
0.0220129
0.0217887
0.0219176
0.0220004
0.0220095
0.0219421
0.0217932
0.0215797
0.0213104
0.0209161
0.0204699
0.0200105
0.0195089
0.0189818
0.0184411
0.0178945
0.0173475
0.016803
0.0162619
0.0157228
0.0151841
0.0146496
0.0141159
0.0135801
0.0130421
0.012502
0.0119528
0.011397
0.010964
0.0108819
0.0205701
0.0207537
0.0210686
0.0212225
0.0212982
0.0213064
0.021235
0.0210948
0.020907
0.0206361
0.0202865
0.0199513
0.0195881
0.0192078
0.0188165
0.0184141
0.0179971
0.0175606
0.0170986
0.0166065
0.0160832
0.0155281
0.0149476
0.0143412
0.0137135
0.0130707
0.0124137
0.0117534
0.0111765
0.0107595
0.0180895
0.0188852
0.019685
0.0200858
0.0203147
0.020456
0.0205118
0.0204914
0.0204234
0.0203052
0.0200955
0.0199083
0.0197029
0.019482
0.0192442
0.0189805
0.0186784
0.0183269
0.0179153
0.0174406
0.0169209
0.0162874
0.0156227
0.0149178
0.0141807
0.0134229
0.0126525
0.0118838
0.0111571
0.0104524
0.0141797
0.0147724
0.0162407
0.0173257
0.0181122
0.0187371
0.0192269
0.0195928
0.0198628
0.0200472
0.0201092
0.0201229
0.0200602
0.0199174
0.019693
0.0193834
0.0189856
0.0185027
0.0179377
0.0172908
0.0165565
0.0158391
0.0150838
0.0143058
0.013525
0.0127543
0.0120033
0.0112865
0.010614
0.00993098
-0.0405562
-0.0326132
-0.0266153
-0.0217449
-0.0177247
-0.0143779
-0.0115546
-0.00914533
-0.00706705
-0.00525649
-0.00366498
-0.00225456
-0.000995219
0.000137088
0.00116186
0.00209505
0.0029498
0.0037369
0.00446513
0.00514132
0.00577043
0.00635545
0.00689727
0.0073946
0.00784354
0.00823577
0.00856136
0.00881797
0.00900722
0.00905323
-0.0407073
-0.0326371
-0.0263446
-0.0213442
-0.0172482
-0.0138462
-0.010977
-0.00852603
-0.00640839
-0.0045605
-0.00293399
-0.00149157
-0.000204239
0.000950689
0.00199098
0.0029305
0.0037799
0.00454722
0.00523831
0.00585714
0.00640614
0.00688649
0.00729838
0.00764134
0.00791417
0.00811471
0.00824121
0.00831502
0.00842996
0.00862808
-0.041531
-0.03361
-0.0273017
-0.0222962
-0.0181869
-0.0147667
-0.0118775
-0.00940631
-0.00726971
-0.00540506
-0.00376457
-0.00231127
-0.00101622
0.000143379
0.00118564
0.00212496
0.00297272
0.00373788
0.00442736
0.00504636
0.00559861
0.00608656
0.0065116
0.00687442
0.00717475
0.00740904
0.00756771
0.00766524
0.00783214
0.00822447
-0.042532
-0.0349131
-0.0287196
-0.0237568
-0.0196413
-0.0161904
-0.0132588
-0.0107402
-0.00855489
-0.00664262
-0.00495684
-0.00346125
-0.00212726
-0.000932131
0.000142332
0.00111073
0.00198478
0.00277386
0.0034854
0.00412523
0.00469777
0.00520628
0.00565308
0.00603995
0.00636814
0.00663509
0.00682936
0.0069616
0.00718148
0.00773831
-0.0434397
-0.0360744
-0.0300016
-0.0250889
-0.0209747
-0.0174983
-0.0145272
-0.0119622
-0.00972814
-0.00776721
-0.00603441
-0.00449437
-0.00311896
-0.00188567
-0.000776338
0.000223716
0.00112641
0.0019414
0.00267646
0.00333784
0.00393045
0.00445808
0.00492361
0.00532945
0.00567767
0.00596672
0.00618502
0.00634067
0.00658906
0.00723777
-0.0442189
-0.0370362
-0.0310718
-0.0262115
-0.0221101
-0.0186221
-0.0156252
-0.0130268
-0.0107554
-0.008756
-0.00698504
-0.00540818
-0.00399788
-0.00273194
-0.00159236
-0.000564441
0.000363817
0.00120225
0.00195889
0.00264029
0.00325173
0.00379743
0.00428072
0.00470446
0.00507128
0.00538045
0.00562097
0.00579833
0.00606228
0.0067459
-0.0448856
-0.0378419
-0.0319787
-0.0271711
-0.02309
-0.0196005
-0.0165885
-0.0139666
-0.0116671
-0.0096373
-0.00783522
-0.00622752
-0.00478733
-0.00349285
-0.00232628
-0.00127305
-0.00032112
0.000539415
0.00131674
0.00201761
0.00264757
0.00321114
0.00371198
0.00415328
0.00453804
0.00486635
0.00512846
0.00532763
0.00559954
0.00627411
-0.045449
-0.0385161
-0.0327479
-0.0279901
-0.0239319
-0.0204464
-0.0174257
-0.014787
-0.0124659
-0.0104116
-0.00858369
-0.00694988
-0.0054839
-0.00416439
-0.00297382
-0.00189774
-0.000924169
-4.31777e-05
0.000753503
0.00147276
0.00212031
0.00270089
0.00321842
0.00367631
0.0040778
0.00442375
0.00470615
0.00492652
0.00520112
0.00583438
-0.0459152
-0.0390699
-0.0333886
-0.0286754
-0.0246401
-0.0211612
-0.018136
-0.0154855
-0.0131479
-0.0110742
-0.00922538
-0.00756998
-0.00608235
-0.00474156
-0.00353033
-0.00243436
-0.00144178
-0.000542649
0.000271339
0.00100715
0.00167063
0.00226668
0.00279939
0.00327235
0.00368894
0.00405068
0.00435158
0.00459202
0.00486608
0.0054375
-0.0462914
-0.0395132
-0.0339089
-0.0292339
-0.0252196
-0.0217484
-0.0187216
-0.0160631
-0.0137132
-0.0116246
-0.00975936
-0.00808665
-0.00658144
-0.00522316
-0.00399478
-0.00288217
-0.00187353
-0.000958955
-0.00013013
0.000619963
0.00129726
0.00190676
0.00245271
0.00293882
0.00336855
0.00374396
0.00406114
0.00431991
0.00459196
0.00509183
-0.0465866
-0.0398568
-0.0343184
-0.0296745
-0.0256784
-0.0222149
-0.0191881
-0.0165244
-0.0141657
-0.012066
-0.0101881
-0.00850195
-0.00698295
-0.00561081
-0.00436874
-0.00324273
-0.00222107
-0.00129391
-0.000452913
0.000308954
0.000997677
0.00161835
0.00217532
0.00267239
0.00311306
0.00349981
0.00383069
0.00410545
0.00437522
0.00480313
-0.0468098
-0.0401116
-0.0346274
-0.0300074
-0.026026
-0.0225691
-0.0195431
-0.0168761
-0.0145113
-0.0124035
-0.0105164
-0.00882027
-0.00729091
-0.00590829
-0.00465579
-0.00351952
-0.00248783
-0.00155092
-0.000700467
7.0584e-05
0.000768255
0.0013977
0.00196333
0.00246903
0.00291831
0.00331397
0.0036557
0.0039436
0.00421157
0.00457457
-0.0469699
-0.0402882
-0.0348461
-0.0302432
-0.0262726
-0.0228209
-0.0197958
-0.0171268
-0.0147579
-0.0126446
-0.0107511
-0.00904795
-0.0075113
-0.00612125
-0.00486132
-0.00371771
-0.00267884
-0.00173491
-0.000877632
-9.9933e-05
0.000604229
0.00124004
0.00181198
0.00232397
0.00277954
0.00318167
0.00353135
0.00382921
0.00409614
0.00440681
-0.0470746
-0.0403966
-0.0349847
-0.0303923
-0.0264288
-0.0229805
-0.0199562
-0.0172859
-0.0149145
-0.0127978
-0.0109003
-0.00919277
-0.00765151
-0.00625676
-0.00499212
-0.00384385
-0.0028004
-0.001852
-0.000990352
-0.000208397
0.000499925
0.00113983
0.00171582
0.00223185
0.00269146
0.00309775
0.00345254
0.00375701
0.00402363
0.00429831
-0.0471276
-0.0404463
-0.0350511
-0.0304638
-0.0265037
-0.023057
-0.020033
-0.0173622
-0.0149896
-0.0128713
-0.0109718
-0.00926215
-0.00771868
-0.00632168
-0.00505478
-0.00390427
-0.00285862
-0.00190807
-0.00104433
-0.000260333
0.000449987
0.00109185
0.00166979
0.00218776
0.00264931
0.0030576
0.00341484
0.00372257
0.00398925
0.00424615
-0.0471276
-0.0404463
-0.0350511
-0.0304638
-0.0265037
-0.023057
-0.020033
-0.0173622
-0.0149896
-0.0128712
-0.0109717
-0.00926214
-0.00771867
-0.00632167
-0.00505477
-0.00390426
-0.00285861
-0.00190806
-0.00104432
-0.000260319
0.000450001
0.00109186
0.0016698
0.00218777
0.00264932
0.00305761
0.00341486
0.00372259
0.00398926
0.00424616
-0.0470746
-0.0403966
-0.0349846
-0.0303923
-0.0264288
-0.0229805
-0.0199561
-0.0172859
-0.0149145
-0.0127978
-0.0109002
-0.00919274
-0.00765147
-0.00625673
-0.00499209
-0.00384382
-0.00280036
-0.00185196
-0.000990311
-0.000208355
0.000499967
0.00113987
0.00171586
0.00223189
0.0026915
0.00309779
0.00345258
0.00375705
0.00402367
0.00429834
-0.0469699
-0.0402882
-0.0348461
-0.0302431
-0.0262726
-0.0228209
-0.0197958
-0.0171267
-0.0147578
-0.0126446
-0.010751
-0.0090479
-0.00751124
-0.00612119
-0.00486126
-0.00371765
-0.00267877
-0.00173484
-0.000877563
-9.98631e-05
0.000604299
0.00124011
0.00181206
0.00232404
0.0027796
0.00318174
0.00353141
0.00382927
0.00409621
0.00440686
-0.0468098
-0.0401116
-0.0346273
-0.0300074
-0.026026
-0.0225691
-0.0195431
-0.016876
-0.0145112
-0.0124035
-0.0105163
-0.0088202
-0.00729083
-0.00590821
-0.0046557
-0.00351943
-0.00248774
-0.00155082
-0.00070037
7.06827e-05
0.000768355
0.0013978
0.00196343
0.00246913
0.00291841
0.00331407
0.0036558
0.0039437
0.00421166
0.00457464
-0.0465865
-0.0398568
-0.0343184
-0.0296745
-0.0256784
-0.0222148
-0.019188
-0.0165243
-0.0141656
-0.0120659
-0.010188
-0.00850185
-0.00698285
-0.0056107
-0.00436863
-0.00324262
-0.00222095
-0.00129378
-0.000452787
0.000309081
0.000997806
0.00161848
0.00217545
0.00267252
0.00311319
0.00349994
0.00383081
0.00410556
0.00437533
0.00480323
-0.0462914
-0.0395132
-0.0339089
-0.0292338
-0.0252195
-0.0217484
-0.0187215
-0.016063
-0.0137131
-0.0116245
-0.00975925
-0.00808653
-0.00658132
-0.00522302
-0.00399464
-0.00288203
-0.00187338
-0.000958803
-0.000129975
0.000620121
0.00129741
0.00190692
0.00245287
0.00293897
0.0033687
0.00374411
0.00406129
0.00432005
0.0045921
0.00509195
-0.0459151
-0.0390699
-0.0333886
-0.0286754
-0.02464
-0.0211611
-0.0181359
-0.0154854
-0.0131478
-0.0110741
-0.00922526
-0.00756984
-0.00608221
-0.0047414
-0.00353016
-0.00243419
-0.0014416
-0.000542468
0.000271524
0.00100734
0.00167082
0.00226687
0.00279958
0.00327254
0.00368913
0.00405086
0.00435176
0.00459219
0.00486625
0.00543765
-0.045449
-0.0385161
-0.0327479
-0.0279901
-0.0239319
-0.0204463
-0.0174256
-0.0147869
-0.0124657
-0.0104114
-0.00858355
-0.00694972
-0.00548374
-0.00416422
-0.00297364
-0.00189754
-0.000923965
-4.2968e-05
0.000753717
0.00147297
0.00212053
0.00270111
0.00321864
0.00367653
0.00407802
0.00442396
0.00470635
0.00492672
0.0052013
0.00583456
-0.0448856
-0.0378419
-0.0319787
-0.027171
-0.0230899
-0.0196004
-0.0165884
-0.0139665
-0.011667
-0.00963715
-0.00783506
-0.00622734
-0.00478714
-0.00349264
-0.00232607
-0.00127282
-0.000320887
0.000539654
0.00131699
0.00201786
0.00264782
0.00321139
0.00371223
0.00415353
0.00453828
0.00486659
0.00512869
0.00532785
0.00559975
0.00627432
-0.0442189
-0.0370362
-0.0310717
-0.0262114
-0.02211
-0.018622
-0.0156251
-0.0130266
-0.0107553
-0.00875584
-0.00698486
-0.00540798
-0.00399766
-0.00273171
-0.00159212
-0.000564189
0.000364078
0.00120252
0.00195916
0.00264056
0.00325201
0.00379771
0.004281
0.00470474
0.00507155
0.00538072
0.00562123
0.00579858
0.00606251
0.00674613
-0.0434397
-0.0360744
-0.0300016
-0.0250889
-0.0209747
-0.0174982
-0.0145271
-0.0119621
-0.00972799
-0.00776703
-0.00603421
-0.00449415
-0.00311872
-0.00188541
-0.00077607
0.000223996
0.0011267
0.0019417
0.00267677
0.00333815
0.00393076
0.00445839
0.00492392
0.00532976
0.00567798
0.00596702
0.00618531
0.00634094
0.00658933
0.00723803
-0.042532
-0.0349132
-0.0287196
-0.0237568
-0.0196413
-0.0161903
-0.0132587
-0.01074
-0.00855472
-0.00664243
-0.00495662
-0.00346101
-0.002127
-0.000931852
0.000142626
0.00111104
0.0019851
0.00277419
0.00348574
0.00412557
0.00469811
0.00520663
0.00565342
0.00604029
0.00636847
0.00663542
0.00682967
0.00696191
0.00718177
0.00773859
-0.0415311
-0.0336101
-0.0273017
-0.0222962
-0.0181868
-0.0147666
-0.0118774
-0.00940616
-0.00726953
-0.00540485
-0.00376433
-0.002311
-0.00101594
0.000143684
0.00118597
0.00212529
0.00297307
0.00373824
0.00442772
0.00504673
0.00559899
0.00608694
0.00651198
0.00687479
0.00717512
0.00740939
0.00756805
0.00766557
0.00783245
0.00822477
-0.0407075
-0.0326372
-0.0263446
-0.0213442
-0.0172482
-0.0138461
-0.0109769
-0.00852585
-0.00640817
-0.00456026
-0.00293372
-0.00149127
-0.000203919
0.000951029
0.00199134
0.00293087
0.00378028
0.00454762
0.00523871
0.00585754
0.00640655
0.0068869
0.00729879
0.00764174
0.00791456
0.00811509
0.00824158
0.00831537
0.00843029
0.00862839
-0.0405564
-0.0326132
-0.0266153
-0.0217448
-0.0177246
-0.0143777
-0.0115543
-0.00914508
-0.00706676
-0.00525617
-0.00366464
-0.0022542
-0.000994844
0.000137475
0.00116225
0.00209545
0.0029502
0.00373732
0.00446554
0.00514173
0.00577084
0.00635586
0.00689768
0.007395
0.00784393
0.00823615
0.00856172
0.00881833
0.00900755
0.00905354
0.00840179
0.00791374
0.00731291
0.00669462
0.00610858
0.00555917
0.00504246
0.00455714
0.0041031
0.00367997
0.00328697
0.00292305
0.00258706
0.00227774
0.00199379
0.00173385
0.00149657
0.00128061
0.00108462
0.000907313
0.000747423
0.000603733
0.000475074
0.000360327
0.000258427
0.000168362
8.91764e-05
1.99649e-05
-4.01235e-05
-9.18881e-05
-0.000136078
-0.000173396
-0.000204494
-0.000229982
-0.000250428
-0.000266356
-0.000278253
-0.000286568
-0.000291717
-0.000294081
-0.000294009
-0.000291824
-0.000287817
-0.000282257
-0.000275387
-0.000267427
-0.000258578
-0.000249018
-0.00023891
-0.0002284
-0.000217618
-0.000206679
-0.000195688
-0.000184759
-0.000174034
-0.000163546
-0.000152662
-0.000142113
-0.000132033
-0.000122368
-0.000113098
-0.000104232
-9.57799e-05
-8.7749e-05
-8.01414e-05
-7.29563e-05
-6.61909e-05
-5.98417e-05
-5.38956e-05
-4.83655e-05
-4.32059e-05
-3.84191e-05
-3.39972e-05
-2.9925e-05
-2.61864e-05
-2.2766e-05
-1.96481e-05
-1.68171e-05
-1.42573e-05
-1.1953e-05
-9.88895e-06
-8.05004e-06
-6.42159e-06
-4.98943e-06
-3.73989e-06
-2.65993e-06
-1.73713e-06
-9.59823e-07
-3.17102e-07
2.01092e-07
6.03884e-07
8.9935e-07
1.09433e-06
1.19437e-06
1.20426e-06
1.12843e-06
9.63624e-07
6.75378e-07
2.1699e-07
-1.85228e-07
0.00762416
0.00739959
0.00698988
0.00650248
0.00602795
0.00557842
0.00514887
0.00473805
0.00434688
0.00397604
0.00362575
0.00329596
0.00298644
0.00269681
0.0024266
0.00217519
0.00194194
0.00172613
0.00152698
0.00134372
0.00117553
0.0010216
0.000881136
0.000753328
0.000637393
0.000532565
0.0004381
0.00035328
0.000277413
0.000209839
0.000149925
9.70678e-05
5.06981e-05
1.0275e-05
-2.47112e-05
-5.47403e-05
-8.02629e-05
-0.000101701
-0.000119449
-0.000133875
-0.00014532
-0.000154102
-0.000160515
-0.000164831
-0.000167299
-0.00016815
-0.000167595
-0.000165825
-0.000163018
-0.000159331
-0.000154908
-0.00014988
-0.000144361
-0.000138437
-0.000132112
-0.000125426
-0.000119317
-0.000113006
-0.000106543
-0.000100095
-9.37379e-05
-8.7511e-05
-8.14454e-05
-7.55675e-05
-6.98982e-05
-6.44531e-05
-5.92457e-05
-5.42957e-05
-4.95954e-05
-4.51639e-05
-4.09655e-05
-3.70264e-05
-3.33427e-05
-2.99084e-05
-2.6717e-05
-2.37618e-05
-2.10351e-05
-1.85287e-05
-1.62336e-05
-1.41406e-05
-1.22401e-05
-1.05226e-05
-8.97829e-06
-7.59763e-06
-6.37106e-06
-5.2893e-06
-4.34329e-06
-3.52432e-06
-2.82401e-06
-2.23443e-06
-1.74805e-06
-1.35785e-06
-1.05734e-06
-8.40484e-07
-7.00379e-07
-6.27467e-07
-6.19762e-07
-7.26565e-07
-1.01955e-06
-9.93508e-07
0.00696392
0.00696144
0.00669163
0.00629495
0.00589978
0.00552366
0.00515937
0.00480523
0.00446268
0.0041331
0.00381732
0.00351589
0.00322919
0.00295742
0.00270064
0.00245877
0.00223165
0.00201897
0.00182039
0.00163549
0.00146378
0.00130476
0.00115789
0.0010226
0.00089831
0.000784452
0.000680441
0.000585701
0.000499667
0.000421785
0.000351514
0.000288334
0.000231742
0.000181253
0.000136407
9.67622e-05
6.19012e-05
3.1427e-05
4.96511e-06
-1.78373e-05
-3.73119e-05
-5.37696e-05
-6.75009e-05
-7.8777e-05
-8.78502e-05
-9.49548e-05
-0.000100308
-0.000104109
-0.000106544
-0.000107782
-0.000107979
-0.000107278
-0.000105809
-0.000103689
-0.000101029
-9.7941e-05
-9.44074e-05
-9.06105e-05
-8.66009e-05
-8.24425e-05
-7.81929e-05
-7.3899e-05
-6.96011e-05
-6.53341e-05
-6.11284e-05
-5.70095e-05
-5.29993e-05
-4.91179e-05
-4.53806e-05
-4.18008e-05
-3.83704e-05
-3.51076e-05
-3.20182e-05
-2.91037e-05
-2.63645e-05
-2.37998e-05
-2.14076e-05
-1.91847e-05
-1.71274e-05
-1.52309e-05
-1.349e-05
-1.18991e-05
-1.04519e-05
-9.14234e-06
-7.9638e-06
-6.90976e-06
-5.97362e-06
-5.14883e-06
-4.4289e-06
-3.80747e-06
-3.27825e-06
-2.83509e-06
-2.47205e-06
-2.18319e-06
-1.96073e-06
-1.79183e-06
-1.67338e-06
-1.68107e-06
-1.93809e-06
-1.68871e-06
0.00640685
0.00655859
0.00639206
0.006071
0.00574407
0.00543087
0.00512281
0.00481805
0.00451847
0.0042259
0.00394161
0.0036666
0.00340168
0.00314752
0.0029046
0.00267324
0.00245365
0.0022459
0.00204995
0.00186568
0.0016929
0.00153133
0.00138068
0.00124056
0.0011106
0.000990365
0.000879428
0.000777338
0.000683641
0.000597881
0.000519603
0.000448359
0.000383712
0.000325231
0.000272501
0.000225122
0.000182706
0.000144885
0.000111304
8.16277e-05
5.55375e-05
3.27317e-05
1.2926e-05
-4.14727e-06
-1.87391e-05
-3.10844e-05
-4.14026e-05
-4.98979e-05
-5.67601e-05
-6.2165e-05
-6.62752e-05
-6.92402e-05
-7.11977e-05
-7.22741e-05
-7.25873e-05
-7.22423e-05
-7.1322e-05
-6.99288e-05
-6.81425e-05
-6.6032e-05
-6.36615e-05
-6.10884e-05
-5.83636e-05
-5.55319e-05
-5.26325e-05
-4.96999e-05
-4.67639e-05
-4.38507e-05
-4.09826e-05
-3.81778e-05
-3.54488e-05
-3.28102e-05
-3.0273e-05
-2.78453e-05
-2.55331e-05
-2.33409e-05
-2.12715e-05
-1.93263e-05
-1.75056e-05
-1.58088e-05
-1.42341e-05
-1.27794e-05
-1.14416e-05
-1.02174e-05
-9.10279e-06
-8.09372e-06
-7.18569e-06
-6.37409e-06
-5.6541e-06
-5.02082e-06
-4.46916e-06
-3.99396e-06
-3.59005e-06
-3.25214e-06
-2.97237e-06
-2.73591e-06
-2.53958e-06
-2.4877e-06
-2.7641e-06
-2.36636e-06
0.00593063
0.00618867
0.0060993
0.00584517
0.00558016
0.00532293
0.00506454
0.00480357
0.00454233
0.004283
0.00402722
0.00377637
0.00353165
0.00329407
0.00306447
0.00284352
0.00263173
0.00242947
0.00223699
0.00205441
0.00188176
0.00171901
0.00156602
0.00142261
0.00128854
0.00116354
0.0010473
0.00093948
0.000839726
0.000747669
0.000662934
0.000585138
0.000513902
0.000448846
0.000389598
0.000335794
0.000287078
0.000243106
0.000203545
0.000168078
0.000136397
0.000108211
8.32447e-05
6.12338e-05
4.19304e-05
2.51005e-05
1.05239e-05
-2.00565e-06
-1.26813e-05
-2.16831e-05
-2.91787e-05
-3.53237e-05
-4.0262e-05
-4.41267e-05
-4.70406e-05
-4.91173e-05
-5.04628e-05
-5.11703e-05
-5.13262e-05
-5.10092e-05
-5.02916e-05
-4.92382e-05
-4.79073e-05
-4.63512e-05
-4.46163e-05
-4.27441e-05
-4.07711e-05
-3.87297e-05
-3.66481e-05
-3.45506e-05
-3.24579e-05
-3.03885e-05
-2.8358e-05
-2.63796e-05
-2.4464e-05
-2.26199e-05
-2.08545e-05
-1.91729e-05
-1.75792e-05
-1.60761e-05
-1.46651e-05
-1.33468e-05
-1.21211e-05
-1.0987e-05
-9.943e-06
-8.98701e-06
-8.11653e-06
-7.32863e-06
-6.62009e-06
-5.98736e-06
-5.42659e-06
-4.93365e-06
-4.50434e-06
-4.13431e-06
-3.81629e-06
-3.53412e-06
-3.28449e-06
-3.19923e-06
-3.52841e-06
-3.03544e-06
0.00553644
0.00585842
0.00582596
0.00563044
0.0054203
0.00521172
0.00499629
0.00477329
0.00454544
0.00431519
0.00408451
0.00385508
0.00362842
0.00340585
0.00318851
0.00297732
0.00277306
0.00257634
0.00238765
0.0022073
0.00203555
0.00187251
0.00171821
0.00157264
0.00143568
0.00130717
0.00118692
0.00107469
0.000970208
0.000873181
0.0007833
0.000700244
0.000623685
0.000553288
0.00048872
0.000429649
0.000375748
0.000326697
0.000282183
0.000241903
0.000205565
0.000172886
0.000143599
0.000117445
9.41806e-05
7.35722e-05
5.54008e-05
3.9459e-05
2.55519e-05
1.34966e-05
3.1217e-06
-5.73263e-06
-1.32154e-05
-1.9465e-05
-2.46098e-05
-2.8769e-05
-3.2053e-05
-3.45623e-05
-3.63895e-05
-3.76199e-05
-3.83315e-05
-3.8595e-05
-3.84749e-05
-3.80292e-05
-3.73104e-05
-3.63654e-05
-3.52367e-05
-3.39617e-05
-3.25739e-05
-3.11028e-05
-2.95741e-05
-2.80107e-05
-2.64326e-05
-2.48569e-05
-2.32983e-05
-2.17693e-05
-2.02804e-05
-1.88402e-05
-1.74559e-05
-1.61329e-05
-1.48755e-05
-1.3687e-05
-1.25694e-05
-1.15239e-05
-1.05512e-05
-9.65087e-06
-8.82215e-06
-8.06367e-06
-7.3736e-06
-6.74967e-06
-6.18919e-06
-5.68912e-06
-5.24626e-06
-4.85735e-06
-4.51607e-06
-4.20546e-06
-3.92133e-06
-3.81988e-06
-4.22081e-06
-3.6789e-06
0.0052195
0.00556907
0.00557767
0.00543373
0.00527173
0.00510493
0.00492616
0.00473562
0.00453635
0.00433106
0.00412199
0.00391111
0.0037002
0.00349083
0.00328436
0.00308197
0.00288463
0.00269316
0.00250821
0.0023303
0.00215982
0.00199704
0.00184213
0.00169518
0.0015562
0.00142514
0.00130188
0.00118628
0.00107812
0.000977194
0.000883241
0.000795992
0.000715164
0.000640463
0.000571587
0.000508236
0.000450107
0.000396901
0.000348324
0.000304086
0.000263907
0.000227517
0.000194652
0.000165061
0.000138503
0.000114749
9.35791e-05
7.47867e-05
5.81758e-05
4.35615e-05
3.07701e-05
1.96386e-05
1.00143e-05
1.75484e-06
-5.27265e-06
-1.11916e-05
-1.61165e-05
-2.01531e-05
-2.33994e-05
-2.59454e-05
-2.78738e-05
-2.92605e-05
-3.01747e-05
-3.06793e-05
-3.08315e-05
-3.06831e-05
-3.0281e-05
-2.9667e-05
-2.8879e-05
-2.79506e-05
-2.69117e-05
-2.57888e-05
-2.46056e-05
-2.33825e-05
-2.21377e-05
-2.08865e-05
-1.96426e-05
-1.84172e-05
-1.722e-05
-1.60591e-05
-1.4941e-05
-1.38711e-05
-1.28533e-05
-1.18909e-05
-1.0986e-05
-1.014e-05
-9.35344e-06
-8.62637e-06
-7.95821e-06
-7.34781e-06
-6.79362e-06
-6.29355e-06
-5.84544e-06
-5.44712e-06
-5.09341e-06
-4.76692e-06
-4.46169e-06
-4.35371e-06
-4.83346e-06
-4.28243e-06
0.00497178
0.00532034
0.00535801
0.00525926
0.00513897
0.00500754
0.00485962
0.0046964
0.00452119
0.00433694
0.00414612
0.00395096
0.00375345
0.00355539
0.00335831
0.00316359
0.00297236
0.00278561
0.00260414
0.0024286
0.00225952
0.00209728
0.00194218
0.00179439
0.00165402
0.0015211
0.00139559
0.0012774
0.00116641
0.00106244
0.000965276
0.000874706
0.000790478
0.000712333
0.000639998
0.000573198
0.000511651
0.000455078
0.000403198
0.000355737
0.000312426
0.000273
0.000237206
0.000204796
0.000175533
0.00014919
0.000125549
0.000104405
8.55602e-05
6.88293e-05
5.40366e-05
4.10168e-05
2.96148e-05
1.96849e-05
1.10911e-05
3.70643e-06
-2.58717e-06
-7.89933e-06
-1.23318e-05
-1.59787e-05
-1.89268e-05
-2.12558e-05
-2.30389e-05
-2.43429e-05
-2.5229e-05
-2.57528e-05
-2.59646e-05
-2.59103e-05
-2.56309e-05
-2.51635e-05
-2.45413e-05
-2.37941e-05
-2.29483e-05
-2.20274e-05
-2.10519e-05
-2.004e-05
-1.90076e-05
-1.79684e-05
-1.69342e-05
-1.5915e-05
-1.49193e-05
-1.39542e-05
-1.30254e-05
-1.21376e-05
-1.12944e-05
-1.04986e-05
-9.75186e-06
-9.05551e-06
-8.40997e-06
-7.81517e-06
-7.27044e-06
-6.7747e-06
-6.32662e-06
-5.92512e-06
-5.56619e-06
-5.23242e-06
-4.91511e-06
-4.80466e-06
-5.36139e-06
-4.83561e-06
0.00478423
0.00511099
0.00516901
0.00510934
0.00502445
0.00492241
0.00480001
0.00465935
0.00450402
0.00433714
0.00416141
0.00397927
0.0037929
0.00360426
0.00341507
0.00322682
0.00304081
0.00285814
0.00267973
0.00250636
0.00233864
0.00217706
0.00202199
0.00187371
0.00173239
0.00159812
0.00147093
0.00135079
0.00123761
0.00113128
0.00103162
0.00093844
0.000851532
0.000770661
0.00069558
0.000626033
0.000561758
0.000502489
0.000447963
0.000397913
0.00035208
0.000310209
0.00027205
0.000237361
0.000205909
0.000177468
0.000151824
0.00012877
0.000108109
8.96555e-05
7.32325e-05
5.86731e-05
4.582e-05
3.45254e-05
2.46508e-05
1.60664e-05
8.65148e-06
2.29358e-06
-3.11225e-06
-7.66341e-06
-1.14498e-05
-1.45544e-05
-1.70534e-05
-1.90169e-05
-2.05091e-05
-2.15885e-05
-2.23086e-05
-2.2718e-05
-2.28607e-05
-2.27765e-05
-2.25013e-05
-2.20672e-05
-2.15031e-05
-2.08347e-05
-2.0085e-05
-1.92741e-05
-1.84199e-05
-1.75378e-05
-1.66415e-05
-1.57426e-05
-1.48512e-05
-1.39759e-05
-1.31237e-05
-1.23006e-05
-1.15114e-05
-1.07599e-05
-1.0049e-05
-9.38076e-06
-8.75671e-06
-8.17753e-06
-7.64347e-06
-7.15415e-06
-6.70911e-06
-6.30811e-06
-5.9484e-06
-5.61282e-06
-5.28928e-06
-5.17658e-06
-5.80213e-06
-5.33129e-06
0.0046472
0.0049391
0.00501138
0.00498482
0.00492916
0.00485096
0.00474917
0.00462673
0.00448742
0.00433453
0.00417096
0.00399932
0.00382196
0.00364097
0.0034582
0.00327525
0.00309354
0.00291426
0.00273844
0.00256693
0.00240043
0.0022395
0.00208459
0.00193603
0.00179406
0.00165882
0.00153039
0.00140878
0.00129395
0.0011858
0.00108422
0.000989023
0.000900034
0.000817039
0.000739813
0.000668115
0.000601699
0.000540313
0.000483702
0.000431611
0.000383787
0.000339982
0.000299951
0.000263456
0.000230267
0.000200161
0.000172924
0.00014835
0.000126244
0.000106417
8.86943e-05
7.29061e-05
5.88941e-05
4.65087e-05
3.56095e-05
2.60645e-05
1.7751e-05
1.05551e-05
4.36881e-06
-9.0807e-07
-5.36791e-06
-9.09603e-06
-1.21711e-05
-1.46657e-05
-1.66463e-05
-1.81741e-05
-1.93046e-05
-2.00889e-05
-2.05732e-05
-2.07993e-05
-2.08053e-05
-2.06254e-05
-2.02903e-05
-1.98276e-05
-1.92619e-05
-1.86151e-05
-1.79065e-05
-1.71532e-05
-1.63701e-05
-1.55703e-05
-1.47651e-05
-1.39641e-05
-1.31756e-05
-1.24066e-05
-1.16628e-05
-1.09488e-05
-1.02685e-05
-9.62483e-06
-9.01982e-06
-8.45504e-06
-7.93132e-06
-7.44905e-06
-7.00832e-06
-6.6097e-06
-6.25154e-06
-5.91737e-06
-5.59112e-06
-5.47399e-06
-6.1559e-06
-5.76545e-06
0.0045512
0.00480233
0.00488479
0.00488539
0.00485304
0.00479354
0.00470791
0.00459973
0.00447292
0.00433095
0.00417688
0.00401344
0.00384313
0.00366814
0.0034904
0.00331164
0.00313334
0.00295677
0.00278303
0.00261303
0.00244755
0.00228721
0.00213249
0.00198378
0.00184137
0.00170544
0.0015761
0.00145341
0.00133734
0.00122784
0.0011248
0.00102808
0.000937513
0.000852903
0.00077404
0.000700699
0.000632645
0.000569635
0.000511424
0.000457765
0.00040841
0.000363115
0.000321642
0.000283754
0.000249225
0.000217832
0.000189364
0.000163614
0.000140389
0.000119499
0.000100769
8.40274e-05
6.91162e-05
5.58839e-05
4.41885e-05
3.38963e-05
2.48835e-05
1.7036e-05
1.02428e-05
4.40091e-06
-5.83756e-07
-4.79813e-06
-8.3228e-06
-1.12321e-05
-1.35944e-05
-1.54726e-05
-1.69243e-05
-1.80021e-05
-1.8754e-05
-1.92235e-05
-1.94502e-05
-1.947e-05
-1.93149e-05
-1.9014e-05
-1.85933e-05
-1.80758e-05
-1.74822e-05
-1.68307e-05
-1.61374e-05
-1.54162e-05
-1.46795e-05
-1.39378e-05
-1.32002e-05
-1.24746e-05
-1.17673e-05
-1.10838e-05
-1.04285e-05
-9.80493e-06
-9.21588e-06
-8.66335e-06
-8.14881e-06
-7.6731e-06
-7.23686e-06
-6.84116e-06
-6.48548e-06
-6.15427e-06
-5.82733e-06
-5.70232e-06
-6.42534e-06
-6.13654e-06
0.00448742
0.00469817
0.0047881
0.00480997
0.0047953
0.00474983
0.00467631
0.00457881
0.00446136
0.00432754
0.00418055
0.00402325
0.0038582
0.00368769
0.00351375
0.00333813
0.00316239
0.00298788
0.00281572
0.0026469
0.00248221
0.00232234
0.0021678
0.00201902
0.00187631
0.0017399
0.00160992
0.00148644
0.00136948
0.001259
0.0011549
0.00105706
0.000965337
0.00087954
0.000799474
0.000724923
0.000655661
0.000591453
0.000532061
0.000477242
0.000426754
0.000380357
0.000337814
0.000298894
0.00026337
0.000231022
0.000201639
0.000175017
0.000150959
0.00012928
0.000109799
9.23489e-05
7.67681e-05
6.29052e-05
5.06167e-05
3.97664e-05
3.02296e-05
2.18973e-05
1.4653e-05
8.38951e-06
3.01281e-06
-1.56501e-06
-5.4258e-06
-8.64529e-06
-1.12932e-05
-1.34339e-05
-1.51261e-05
-1.64238e-05
-1.73762e-05
-1.80283e-05
-1.84207e-05
-1.85903e-05
-1.85705e-05
-1.83913e-05
-1.80796e-05
-1.76596e-05
-1.71527e-05
-1.6578e-05
-1.59524e-05
-1.52907e-05
-1.46059e-05
-1.39091e-05
-1.32103e-05
-1.25176e-05
-1.18383e-05
-1.11781e-05
-1.05421e-05
-9.93418e-06
-9.35759e-06
-8.81481e-06
-8.30766e-06
-7.83743e-06
-7.40509e-06
-7.01211e-06
-6.65887e-06
-6.33113e-06
-6.00453e-06
-5.86771e-06
-6.61506e-06
-6.44483e-06
0.00444816
0.00462405
0.00471952
0.00475688
0.00475468
0.00471903
0.00465401
0.00456398
0.00445306
0.00432493
0.00418288
0.00402985
0.00386848
0.0037011
0.0035298
0.00335639
0.00318245
0.00300938
0.00283834
0.00267034
0.00250623
0.0023467
0.0021923
0.00204348
0.00190058
0.00176384
0.00163343
0.00150942
0.00139185
0.00128068
0.00117585
0.00107725
0.000984722
0.000898105
0.000817205
0.000741815
0.000671715
0.000606676
0.000546463
0.000490837
0.000439562
0.000392398
0.000349111
0.000309472
0.000273255
0.000240243
0.000210223
0.000182991
0.000158354
0.000136123
0.000116119
9.81743e-05
8.21265e-05
6.7824e-05
5.51228e-05
4.38803e-05
3.39688e-05
2.53023e-05
1.77472e-05
1.11892e-05
5.5378e-06
7.05532e-07
-3.3906e-06
-6.82728e-06
-9.67524e-06
-1.19996e-05
-1.38603e-05
-1.53121e-05
-1.64051e-05
-1.71851e-05
-1.76937e-05
-1.79685e-05
-1.80436e-05
-1.79498e-05
-1.77147e-05
-1.73631e-05
-1.69172e-05
-1.63966e-05
-1.58186e-05
-1.51988e-05
-1.45505e-05
-1.38855e-05
-1.3214e-05
-1.25447e-05
-1.18851e-05
-1.12415e-05
-1.06192e-05
-1.00225e-05
-9.45483e-06
-8.91908e-06
-8.41735e-06
-7.95118e-06
-7.52178e-06
-7.13085e-06
-6.77952e-06
-6.45501e-06
-6.12916e-06
-5.97677e-06
-6.73119e-06
-6.69184e-06
0.004427
0.00457755
0.00467691
0.00472419
0.00472971
0.00470014
0.00464037
0.00455495
0.00444806
0.00432344
0.00418443
0.00403404
0.00387493
0.00370949
0.00353981
0.00336776
0.00319493
0.00302274
0.0028524
0.00268491
0.00252115
0.00236183
0.00220751
0.00205867
0.00191566
0.00177872
0.00164803
0.00152369
0.00140574
0.00129415
0.00118887
0.00108979
0.000996763
0.000909636
0.000828219
0.000752309
0.000681689
0.000616133
0.00055541
0.000499284
0.000447519
0.000399879
0.000356131
0.000316045
0.000279398
0.000245972
0.000215556
0.000187947
0.000162949
0.000140375
0.000120047
0.000101795
8.54573e-05
7.08838e-05
5.79296e-05
4.64336e-05
3.6273e-05
2.74153e-05
1.96773e-05
1.29327e-05
7.1084e-06
2.11729e-06
-2.1254e-06
-5.69725e-06
-8.66959e-06
-1.11082e-05
-1.30736e-05
-1.46212e-05
-1.58016e-05
-1.66611e-05
-1.72419e-05
-1.7582e-05
-1.77161e-05
-1.76754e-05
-1.74879e-05
-1.71789e-05
-1.67709e-05
-1.62838e-05
-1.57355e-05
-1.51417e-05
-1.45161e-05
-1.38708e-05
-1.32163e-05
-1.25615e-05
-1.19143e-05
-1.1281e-05
-1.06672e-05
-1.00774e-05
-9.51536e-06
-8.984e-06
-8.48564e-06
-8.02201e-06
-7.59443e-06
-7.20471e-06
-6.85451e-06
-6.53261e-06
-6.20745e-06
-6.03663e-06
-6.78212e-06
-6.87808e-06
0.00441883
0.0045562
0.00465764
0.00470959
0.00471865
0.00469185
0.00463448
0.00455117
0.00444612
0.0043231
0.00418548
0.00403629
0.00387821
0.00371364
0.0035447
0.00337326
0.00320094
0.00302915
0.00285911
0.00269185
0.00252824
0.002369
0.00221472
0.00206586
0.00192278
0.00178573
0.00165491
0.00153041
0.00141228
0.00130049
0.00119499
0.00109568
0.00100242
0.000915052
0.000833389
0.000757232
0.000686366
0.000620567
0.000559603
0.000503241
0.000451245
0.000403381
0.000359415
0.000319119
0.00028227
0.00024865
0.000218048
0.000190261
0.000165094
0.000142359
0.000121879
0.000103483
8.70103e-05
7.23121e-05
5.92402e-05
4.75765e-05
3.73352e-05
2.84154e-05
2.05951e-05
1.37492e-05
7.83899e-06
2.77238e-06
-1.53917e-06
-5.17427e-06
-8.20471e-06
-1.06966e-05
-1.27108e-05
-1.4303e-05
-1.55241e-05
-1.64207e-05
-1.7035e-05
-1.74055e-05
-1.7567e-05
-1.75509e-05
-1.73855e-05
-1.70962e-05
-1.67057e-05
-1.62341e-05
-1.56995e-05
-1.51177e-05
-1.45026e-05
-1.38664e-05
-1.32196e-05
-1.25715e-05
-1.19298e-05
-1.13012e-05
-1.06913e-05
-1.01046e-05
-9.54507e-06
-9.01564e-06
-8.51874e-06
-8.05617e-06
-7.62932e-06
-7.23999e-06
-6.89019e-06
-6.56982e-06
-6.24499e-06
-6.05834e-06
-6.78729e-06
-6.99037e-06
0.00441884
0.00455621
0.00465765
0.0047096
0.00471865
0.00469185
0.00463448
0.00455118
0.00444613
0.0043231
0.00418548
0.00403629
0.00387821
0.00371364
0.0035447
0.00337326
0.00320094
0.00302915
0.00285911
0.00269185
0.00252824
0.002369
0.00221472
0.00206586
0.00192277
0.00178573
0.00165491
0.00153041
0.00141227
0.00130049
0.00119499
0.00109568
0.00100242
0.000915048
0.000833386
0.000757229
0.000686363
0.000620563
0.000559599
0.000503238
0.000451242
0.000403377
0.000359411
0.000319116
0.000282266
0.000248646
0.000218044
0.000190257
0.00016509
0.000142356
0.000121875
0.000103479
8.70067e-05
7.23086e-05
5.92369e-05
4.75736e-05
3.73313e-05
2.8412e-05
2.05911e-05
1.37456e-05
7.83554e-06
2.76902e-06
-1.54246e-06
-5.1775e-06
-8.20789e-06
-1.06998e-05
-1.27139e-05
-1.4306e-05
-1.55271e-05
-1.64236e-05
-1.70378e-05
-1.74082e-05
-1.75697e-05
-1.75535e-05
-1.7388e-05
-1.70986e-05
-1.6708e-05
-1.62364e-05
-1.57017e-05
-1.51198e-05
-1.45046e-05
-1.38683e-05
-1.32215e-05
-1.25733e-05
-1.19315e-05
-1.13028e-05
-1.06928e-05
-1.01061e-05
-9.54642e-06
-9.01689e-06
-8.51987e-06
-8.05718e-06
-7.63021e-06
-7.24075e-06
-6.89081e-06
-6.57031e-06
-6.24535e-06
-6.05858e-06
-6.7874e-06
-6.99037e-06
0.00442704
0.00457758
0.00467693
0.00472421
0.00472973
0.00470015
0.00464038
0.00455496
0.00444807
0.00432344
0.00418443
0.00403404
0.00387493
0.00370948
0.00353981
0.00336775
0.00319493
0.00302274
0.00285239
0.0026849
0.00252114
0.00236182
0.00220751
0.00205866
0.00191565
0.00177871
0.00164802
0.00152368
0.00140573
0.00129414
0.00118886
0.00108978
0.000996752
0.000909626
0.000828209
0.000752298
0.000681678
0.000616122
0.000555399
0.000499273
0.000447508
0.000399868
0.000356119
0.000316034
0.000279387
0.000245961
0.000215545
0.000187936
0.000162938
0.000140364
0.000120036
0.000101784
8.54465e-05
7.08732e-05
5.79195e-05
4.64242e-05
3.62613e-05
2.74042e-05
1.96664e-05
1.29221e-05
7.09807e-06
2.10714e-06
-2.13538e-06
-5.70706e-06
-8.67924e-06
-1.11177e-05
-1.30829e-05
-1.46303e-05
-1.58105e-05
-1.66699e-05
-1.72504e-05
-1.75904e-05
-1.77243e-05
-1.76833e-05
-1.74956e-05
-1.71864e-05
-1.67781e-05
-1.62908e-05
-1.57423e-05
-1.51482e-05
-1.45224e-05
-1.38768e-05
-1.3222e-05
-1.2567e-05
-1.19195e-05
-1.12859e-05
-1.06718e-05
-1.00818e-05
-9.51946e-06
-8.98779e-06
-8.4891e-06
-8.0251e-06
-7.59714e-06
-7.20701e-06
-6.85641e-06
-6.53411e-06
-6.20857e-06
-6.03736e-06
-6.78247e-06
-6.87808e-06
0.00444822
0.0046241
0.00471956
0.00475692
0.00475471
0.00471906
0.00465403
0.00456399
0.00445307
0.00432494
0.00418288
0.00402985
0.00386848
0.0037011
0.00352979
0.00335638
0.00318244
0.00300937
0.00283833
0.00267033
0.00250622
0.00234668
0.00219228
0.00204347
0.00190057
0.00176383
0.00163341
0.0015094
0.00139183
0.00128067
0.00117584
0.00107723
0.000984704
0.000898087
0.000817187
0.000741797
0.000671697
0.000606658
0.000546444
0.000490819
0.000439543
0.000392379
0.000349093
0.000309454
0.000273237
0.000240224
0.000210204
0.000182973
0.000158335
0.000136104
0.000116101
9.81559e-05
8.21082e-05
6.78059e-05
5.5105e-05
4.38627e-05
3.39505e-05
2.52841e-05
1.77293e-05
1.11715e-05
5.52044e-06
6.88429e-07
-3.40745e-06
-6.84386e-06
-9.69155e-06
-1.20157e-05
-1.3876e-05
-1.53275e-05
-1.64203e-05
-1.72e-05
-1.77082e-05
-1.79826e-05
-1.80574e-05
-1.79632e-05
-1.77278e-05
-1.73758e-05
-1.69295e-05
-1.64084e-05
-1.58301e-05
-1.52098e-05
-1.45611e-05
-1.38957e-05
-1.32237e-05
-1.2554e-05
-1.18939e-05
-1.12499e-05
-1.06271e-05
-1.00299e-05
-9.46179e-06
-8.92553e-06
-8.42324e-06
-7.95646e-06
-7.52641e-06
-7.13478e-06
-6.78276e-06
-6.45757e-06
-6.13107e-06
-5.97804e-06
-6.73179e-06
-6.69184e-06
0.00448751
0.00469823
0.00478816
0.00481002
0.00479534
0.00474986
0.00467634
0.00457883
0.00446137
0.00432755
0.00418056
0.00402325
0.0038582
0.00368769
0.00351374
0.00333812
0.00316238
0.00298786
0.0028157
0.00264688
0.00248219
0.00232232
0.00216778
0.002019
0.00187629
0.00173987
0.00160989
0.00148642
0.00136946
0.00125897
0.00115487
0.00105704
0.000965311
0.000879515
0.000799448
0.000724897
0.000655635
0.000591427
0.000532035
0.000477215
0.000426727
0.00038033
0.000337788
0.000298868
0.000263343
0.000230996
0.000201613
0.000174991
0.000150933
0.000129253
0.000109773
9.23229e-05
7.67422e-05
6.28794e-05
5.05911e-05
3.97408e-05
3.0204e-05
2.18719e-05
1.46278e-05
8.36467e-06
2.98828e-06
-1.58921e-06
-5.44966e-06
-8.66878e-06
-1.13164e-05
-1.34566e-05
-1.51484e-05
-1.64457e-05
-1.73977e-05
-1.80493e-05
-1.84413e-05
-1.86104e-05
-1.85901e-05
-1.84104e-05
-1.80982e-05
-1.76776e-05
-1.71702e-05
-1.65949e-05
-1.59687e-05
-1.53064e-05
-1.46209e-05
-1.39236e-05
-1.32241e-05
-1.25309e-05
-1.18508e-05
-1.119e-05
-1.05534e-05
-9.94479e-06
-9.36752e-06
-8.82401e-06
-8.31608e-06
-7.845e-06
-7.41172e-06
-7.01776e-06
-6.66353e-06
-6.33482e-06
-6.00728e-06
-5.86955e-06
-6.61594e-06
-6.44485e-06
0.0045513
0.00480242
0.00488487
0.00488546
0.0048531
0.00479358
0.00470795
0.00459976
0.00447294
0.00433097
0.00417688
0.00401344
0.00384313
0.00366813
0.00349039
0.00331163
0.00313332
0.00295675
0.002783
0.00261301
0.00244753
0.00228718
0.00213246
0.00198376
0.00184134
0.00170541
0.00157607
0.00145338
0.00133731
0.00122781
0.00112477
0.00102805
0.00093748
0.00085287
0.000774007
0.000700665
0.000632611
0.000569601
0.00051139
0.000457731
0.000408376
0.000363081
0.000321608
0.00028372
0.00024919
0.000217798
0.000189329
0.00016358
0.000140355
0.000119465
0.000100735
8.39936e-05
6.90825e-05
5.58504e-05
4.41551e-05
3.3863e-05
2.48503e-05
1.70031e-05
1.02103e-05
4.3687e-06
-6.15587e-07
-4.82957e-06
-8.3538e-06
-1.12626e-05
-1.36245e-05
-1.55022e-05
-1.69534e-05
-1.80307e-05
-1.8782e-05
-1.92509e-05
-1.94771e-05
-1.94962e-05
-1.93405e-05
-1.90389e-05
-1.86175e-05
-1.80993e-05
-1.7505e-05
-1.68528e-05
-1.61587e-05
-1.54367e-05
-1.46992e-05
-1.39567e-05
-1.32183e-05
-1.24918e-05
-1.17837e-05
-1.10994e-05
-1.04432e-05
-9.81881e-06
-9.22887e-06
-8.6754e-06
-8.15985e-06
-7.68303e-06
-7.24559e-06
-6.84862e-06
-6.49164e-06
-6.15916e-06
-5.83099e-06
-5.70476e-06
-6.42652e-06
-6.13659e-06
0.00464733
0.00493921
0.00501147
0.0049849
0.00492923
0.00485101
0.00474922
0.00462677
0.00448744
0.00433454
0.00417097
0.00399932
0.00382196
0.00364096
0.00345818
0.00327523
0.00309352
0.00291424
0.00273841
0.0025669
0.0024004
0.00223947
0.00208456
0.001936
0.00179402
0.00165878
0.00153035
0.00140874
0.00129391
0.00118576
0.00108418
0.000988982
0.000899993
0.000816998
0.000739771
0.000668073
0.000601657
0.000540271
0.00048366
0.000431569
0.000383745
0.000339939
0.000299908
0.000263414
0.000230225
0.000200119
0.000172882
0.000148308
0.000126202
0.000106376
8.86525e-05
7.28644e-05
5.88525e-05
4.64673e-05
3.55681e-05
2.60234e-05
1.77101e-05
1.05145e-05
4.32864e-06
-9.47821e-07
-5.40722e-06
-9.13486e-06
-1.22095e-05
-1.47035e-05
-1.66836e-05
-1.82107e-05
-1.93407e-05
-2.01243e-05
-2.06079e-05
-2.08333e-05
-2.08386e-05
-2.06579e-05
-2.03221e-05
-1.98586e-05
-1.9292e-05
-1.86443e-05
-1.79348e-05
-1.71806e-05
-1.63965e-05
-1.55958e-05
-1.47896e-05
-1.39876e-05
-1.31982e-05
-1.24281e-05
-1.16832e-05
-1.09682e-05
-1.02869e-05
-9.64208e-06
-9.03596e-06
-8.47001e-06
-7.94504e-06
-7.46142e-06
-7.01923e-06
-6.61905e-06
-6.2593e-06
-5.92354e-06
-5.59574e-06
-5.47709e-06
-6.15741e-06
-5.76555e-06
0.00478438
0.00511112
0.00516911
0.00510944
0.00502453
0.00492247
0.00480006
0.00465939
0.00450405
0.00433716
0.00416142
0.00397927
0.00379289
0.00360425
0.00341505
0.0032268
0.00304078
0.00285811
0.0026797
0.00250633
0.0023386
0.00217702
0.00202195
0.00187367
0.00173234
0.00159807
0.00147088
0.00135074
0.00123757
0.00113123
0.00103157
0.000938391
0.000851483
0.000770612
0.00069553
0.000625983
0.000561708
0.000502439
0.000447912
0.000397863
0.00035203
0.000310158
0.000271999
0.00023731
0.000205858
0.000177418
0.000151773
0.000128719
0.000108059
8.96053e-05
7.31824e-05
5.86232e-05
4.57703e-05
3.44759e-05
2.46015e-05
1.60176e-05
8.60272e-06
2.24513e-06
-3.16026e-06
-7.71095e-06
-1.14969e-05
-1.46009e-05
-1.70993e-05
-1.90622e-05
-2.05537e-05
-2.16324e-05
-2.23518e-05
-2.27604e-05
-2.29024e-05
-2.28173e-05
-2.25412e-05
-2.21062e-05
-2.15412e-05
-2.08719e-05
-2.01212e-05
-1.93093e-05
-1.84539e-05
-1.75707e-05
-1.66733e-05
-1.57733e-05
-1.48807e-05
-1.40042e-05
-1.31508e-05
-1.23265e-05
-1.1536e-05
-1.07832e-05
-1.0071e-05
-9.40148e-06
-8.77607e-06
-8.19549e-06
-7.65992e-06
-7.169e-06
-6.72224e-06
-6.31942e-06
-5.95783e-06
-5.62035e-06
-5.29493e-06
-5.18037e-06
-5.80399e-06
-5.33145e-06
0.00497195
0.00532048
0.00535813
0.00525936
0.00513905
0.00500761
0.00485968
0.00469644
0.00452122
0.00433696
0.00414613
0.00395096
0.00375345
0.00355537
0.00335829
0.00316356
0.00297233
0.00278557
0.0026041
0.00242856
0.00225948
0.00209724
0.00194213
0.00179434
0.00165397
0.00152104
0.00139553
0.00127735
0.00116635
0.00106238
0.00096522
0.000874649
0.000790421
0.000712275
0.00063994
0.000573139
0.000511592
0.000455019
0.000403139
0.000355678
0.000312367
0.000272941
0.000237146
0.000204736
0.000175473
0.00014913
0.00012549
0.000104346
8.55013e-05
6.87705e-05
5.3978e-05
4.09584e-05
2.95566e-05
1.9627e-05
1.10334e-05
3.64905e-06
-2.64415e-06
-7.95594e-06
-1.2388e-05
-1.60344e-05
-1.89819e-05
-2.13103e-05
-2.30927e-05
-2.4396e-05
-2.52814e-05
-2.58043e-05
-2.60153e-05
-2.59601e-05
-2.56797e-05
-2.52114e-05
-2.45883e-05
-2.384e-05
-2.29931e-05
-2.2071e-05
-2.10944e-05
-2.00814e-05
-1.90477e-05
-1.80072e-05
-1.69717e-05
-1.59511e-05
-1.4954e-05
-1.39875e-05
-1.30572e-05
-1.2168e-05
-1.13233e-05
-1.0526e-05
-9.77771e-06
-9.07979e-06
-8.43263e-06
-7.83615e-06
-7.28967e-06
-6.79206e-06
-6.342e-06
-5.93842e-06
-5.57733e-06
-5.24136e-06
-4.92185e-06
-4.8092e-06
-5.36364e-06
-4.83584e-06
0.00521968
0.00556924
0.00557781
0.00543385
0.00527184
0.00510501
0.00492623
0.00473567
0.00453639
0.00433109
0.004122
0.00391111
0.00370019
0.00349081
0.00328434
0.00308194
0.0028846
0.00269312
0.00250817
0.00233026
0.00215977
0.00199699
0.00184207
0.00169512
0.00155614
0.00142508
0.00130182
0.00118621
0.00107806
0.00097713
0.000883176
0.000795927
0.000715098
0.000640396
0.00057152
0.000508169
0.00045004
0.000396833
0.000348255
0.000304017
0.000263839
0.000227448
0.000194583
0.000164993
0.000138435
0.00011468
9.35108e-05
7.47185e-05
5.81077e-05
4.34937e-05
3.07025e-05
1.95712e-05
9.94721e-06
1.68802e-06
-5.33913e-06
-1.12577e-05
-1.61822e-05
-2.02185e-05
-2.34643e-05
-2.60097e-05
-2.79375e-05
-2.93234e-05
-3.02368e-05
-3.07406e-05
-3.08919e-05
-3.07427e-05
-3.03395e-05
-2.97245e-05
-2.89355e-05
-2.8006e-05
-2.69659e-05
-2.58419e-05
-2.46574e-05
-2.34331e-05
-2.21869e-05
-2.09343e-05
-1.96889e-05
-1.84621e-05
-1.72634e-05
-1.61009e-05
-1.49812e-05
-1.39096e-05
-1.28902e-05
-1.19261e-05
-1.10194e-05
-1.01716e-05
-9.38324e-06
-8.65432e-06
-7.98425e-06
-7.37191e-06
-6.81567e-06
-6.31346e-06
-5.8631e-06
-5.46244e-06
-5.10629e-06
-4.77731e-06
-4.46955e-06
-4.35903e-06
-4.83613e-06
-4.28277e-06
0.00553665
0.0058586
0.00582611
0.00563058
0.00542041
0.00521181
0.00499636
0.00477335
0.00454548
0.00431522
0.00408452
0.00385508
0.00362841
0.00340584
0.00318848
0.00297729
0.00277302
0.0025763
0.0023876
0.00220725
0.00203549
0.00187245
0.00171815
0.00157257
0.00143561
0.0013071
0.00118685
0.00107462
0.000970136
0.000873108
0.000783226
0.00070017
0.000623609
0.000553212
0.000488643
0.000429572
0.000375671
0.000326619
0.000282105
0.000241825
0.000205486
0.000172808
0.000143521
0.000117367
9.41023e-05
7.34941e-05
5.53228e-05
3.93812e-05
2.54744e-05
1.34192e-05
3.04461e-06
-5.80948e-06
-1.3292e-05
-1.95413e-05
-2.46859e-05
-2.88447e-05
-3.21283e-05
-3.4637e-05
-3.64636e-05
-3.76933e-05
-3.84041e-05
-3.86668e-05
-3.85458e-05
-3.80992e-05
-3.73794e-05
-3.64334e-05
-3.53035e-05
-3.40274e-05
-3.26384e-05
-3.1166e-05
-2.9636e-05
-2.80714e-05
-2.64918e-05
-2.49146e-05
-2.33545e-05
-2.1824e-05
-2.03334e-05
-1.88916e-05
-1.75054e-05
-1.61806e-05
-1.49214e-05
-1.3731e-05
-1.26114e-05
-1.1564e-05
-1.05893e-05
-9.6869e-06
-8.85607e-06
-8.09544e-06
-7.40316e-06
-6.77697e-06
-6.21414e-06
-5.71164e-06
-5.26625e-06
-4.87472e-06
-4.53071e-06
-4.21732e-06
-3.93035e-06
-3.82602e-06
-4.22394e-06
-3.67936e-06
0.00593085
0.00618887
0.00609947
0.00584531
0.00558028
0.00532303
0.00506462
0.00480363
0.00454237
0.00428303
0.00402724
0.00377637
0.00353164
0.00329405
0.00306444
0.00284349
0.00263169
0.00242943
0.00223693
0.00205435
0.0018817
0.00171894
0.00156595
0.00142254
0.00128847
0.00116347
0.00104722
0.000939401
0.000839645
0.000747587
0.00066285
0.000585054
0.000513816
0.00044876
0.000389512
0.000335707
0.00028699
0.000243018
0.000203457
0.000167989
0.000136308
0.000108123
8.31558e-05
6.11451e-05
4.18418e-05
2.50121e-05
1.04358e-05
-2.09354e-06
-1.27689e-05
-2.17704e-05
-2.92658e-05
-3.54106e-05
-4.03488e-05
-4.42135e-05
-4.71275e-05
-4.92037e-05
-5.0549e-05
-5.12556e-05
-5.14103e-05
-5.10924e-05
-5.03738e-05
-4.93194e-05
-4.79876e-05
-4.64304e-05
-4.46944e-05
-4.28209e-05
-4.08466e-05
-3.88039e-05
-3.67209e-05
-3.46221e-05
-3.25281e-05
-3.04572e-05
-2.84251e-05
-2.6445e-05
-2.45277e-05
-2.26818e-05
-2.09145e-05
-1.9231e-05
-1.76353e-05
-1.61301e-05
-1.4717e-05
-1.33966e-05
-1.21687e-05
-1.10323e-05
-9.98602e-06
-9.02767e-06
-8.15477e-06
-7.3644e-06
-6.65334e-06
-6.01801e-06
-5.45458e-06
-4.9589e-06
-4.52675e-06
-4.15379e-06
-3.83275e-06
-3.54749e-06
-3.29471e-06
-3.20622e-06
-3.53205e-06
-3.03607e-06
0.00640708
0.0065588
0.00639224
0.00607115
0.0057442
0.00543098
0.0051229
0.00481811
0.00451852
0.00422593
0.00394163
0.0036666
0.00340168
0.0031475
0.00290457
0.00267321
0.00245361
0.00224584
0.00204989
0.00186562
0.00169283
0.00153126
0.0013806
0.00124048
0.00111052
0.000990281
0.000879342
0.00077725
0.000683551
0.000597789
0.000519509
0.000448265
0.000383616
0.000325134
0.000272404
0.000225024
0.000182608
0.000144786
0.000111205
8.15281e-05
5.54378e-05
3.2632e-05
1.28263e-05
-4.24684e-06
-1.88384e-05
-3.11835e-05
-4.15013e-05
-4.99963e-05
-5.68581e-05
-6.22626e-05
-6.63724e-05
-6.93373e-05
-7.12951e-05
-7.23722e-05
-7.26845e-05
-7.2334e-05
-7.14195e-05
-7.00264e-05
-6.82379e-05
-6.61256e-05
-6.37537e-05
-6.11795e-05
-5.84536e-05
-5.56206e-05
-5.272e-05
-4.9786e-05
-4.68486e-05
-4.39338e-05
-4.10639e-05
-3.82579e-05
-3.55275e-05
-3.28873e-05
-3.03484e-05
-2.79188e-05
-2.56047e-05
-2.34105e-05
-2.1339e-05
-1.93916e-05
-1.75687e-05
-1.58695e-05
-1.42925e-05
-1.28353e-05
-1.1495e-05
-1.02682e-05
-9.15105e-06
-8.13929e-06
-7.22853e-06
-6.41412e-06
-5.69127e-06
-5.05505e-06
-4.50039e-06
-4.02211e-06
-3.61504e-06
-3.27387e-06
-2.99076e-06
-2.75087e-06
-2.55106e-06
-2.49561e-06
-2.76831e-06
-2.3672e-06
0.00696417
0.00696166
0.00669182
0.0062951
0.00589992
0.00552376
0.00515946
0.00480529
0.00446273
0.00413313
0.00381734
0.00351589
0.00322918
0.00295739
0.0027006
0.00245873
0.0022316
0.00201892
0.00182033
0.00163542
0.00146371
0.00130468
0.00115781
0.00102251
0.00089822
0.000784359
0.000680345
0.000585604
0.000499568
0.000421683
0.000351411
0.000288229
0.000231635
0.000181146
0.000136298
9.66531e-05
6.17914e-05
3.13166e-05
4.85435e-06
-1.79484e-05
-3.74231e-05
-5.38807e-05
-6.7612e-05
-7.88879e-05
-8.79607e-05
-9.50648e-05
-0.000100417
-0.000104218
-0.000106652
-0.000107889
-0.000108085
-0.000107383
-0.000105913
-0.000103793
-0.000101128
-9.80243e-05
-9.45054e-05
-9.07134e-05
-8.67037e-05
-8.25445e-05
-7.82942e-05
-7.39995e-05
-6.97007e-05
-6.54327e-05
-6.12258e-05
-5.71056e-05
-5.30939e-05
-4.92098e-05
-4.54695e-05
-4.18897e-05
-3.84584e-05
-3.51938e-05
-3.21025e-05
-2.91859e-05
-2.64445e-05
-2.38775e-05
-2.14829e-05
-1.92576e-05
-1.71978e-05
-1.52987e-05
-1.35552e-05
-1.19615e-05
-1.05116e-05
-9.1991e-06
-8.01763e-06
-6.96058e-06
-6.02137e-06
-5.19343e-06
-4.47029e-06
-3.84556e-06
-3.31298e-06
-2.86637e-06
-2.49981e-06
-2.20735e-06
-1.9812e-06
-1.80853e-06
-1.68624e-06
-1.68999e-06
-1.94295e-06
-1.68982e-06
0.00762441
0.00739981
0.00699006
0.00650263
0.00602808
0.00557853
0.00514895
0.00473811
0.00434692
0.00397606
0.00362576
0.00329596
0.00298642
0.00269679
0.00242656
0.00217515
0.00194189
0.00172606
0.00152691
0.00134364
0.00117544
0.00102152
0.000881045
0.000753233
0.000637294
0.000532462
0.000437994
0.000353171
0.000277303
0.000209726
0.00014981
9.69511e-05
5.05798e-05
1.01554e-05
-2.48319e-05
-5.4862e-05
-8.03854e-05
-0.000101824
-0.000119573
-0.000133998
-0.000145444
-0.000154226
-0.000160639
-0.000164954
-0.000167422
-0.000168273
-0.000167717
-0.000165947
-0.000163138
-0.000159451
-0.000155028
-0.00015
-0.000144481
-0.000138558
-0.000132253
-0.000125619
-0.000119439
-0.000113115
-0.000106656
-0.000100209
-9.38509e-05
-8.76227e-05
-8.15559e-05
-7.56769e-05
-7.00065e-05
-6.45606e-05
-5.93518e-05
-5.4395e-05
-4.96932e-05
-4.5264e-05
-4.10649e-05
-3.71232e-05
-3.34369e-05
-3e-05
-2.6806e-05
-2.38482e-05
-2.11189e-05
-1.86098e-05
-1.63119e-05
-1.4216e-05
-1.23126e-05
-1.0592e-05
-9.04466e-06
-7.66082e-06
-6.431e-06
-5.34589e-06
-4.39645e-06
-3.57397e-06
-2.87007e-06
-2.27682e-06
-1.78669e-06
-1.39266e-06
-1.08824e-06
-8.67377e-07
-7.23195e-07
-6.46113e-07
-6.34176e-07
-7.36644e-07
-1.02519e-06
-9.94975e-07
0.00840203
0.00791394
0.00731308
0.00669476
0.0061087
0.00555926
0.00504253
0.00455719
0.00410313
0.00367999
0.00328697
0.00292304
0.00258703
0.0022777
0.00199374
0.00173379
0.00149651
0.00128053
0.00108454
0.000907226
0.000747331
0.000603635
0.000474971
0.000360219
0.000258315
0.000168247
8.90576e-05
1.98429e-05
-4.02482e-05
-9.20153e-05
-0.000136208
-0.000173527
-0.000204627
-0.000230117
-0.000250564
-0.000266493
-0.000278391
-0.000286707
-0.000291856
-0.00029422
-0.000294148
-0.000291962
-0.000287955
-0.000282395
-0.000275524
-0.000267563
-0.000258712
-0.000249151
-0.000239041
-0.000228529
-0.000217744
-0.000206802
-0.000195808
-0.000184871
-0.000174126
-0.000163608
-0.000152775
-0.00014224
-0.00013216
-0.000122493
-0.000113222
-0.000104355
-9.59025e-05
-8.78705e-05
-8.02617e-05
-7.30756e-05
-6.63093e-05
-5.99575e-05
-5.40112e-05
-4.84788e-05
-4.33177e-05
-3.8528e-05
-3.41032e-05
-3.00281e-05
-2.62867e-05
-2.28634e-05
-1.97427e-05
-1.69087e-05
-1.43458e-05
-1.20384e-05
-9.97112e-06
-8.12885e-06
-6.49695e-06
-5.06123e-06
-3.80804e-06
-2.72431e-06
-1.79765e-06
-1.01638e-06
-3.69606e-07
1.52741e-07
5.59775e-07
8.59578e-07
1.05898e-06
1.16354e-06
1.17804e-06
1.10689e-06
9.46865e-07
6.63491e-07
2.10084e-07
-1.873e-07
)
;

boundaryField
{
    inlet
    {
        type            zeroGradient;
    }
    outlet
    {
        type            totalPressure;
        rho             none;
        psi             none;
        gamma           1;
        p0              uniform 0;
        value           uniform 0;
    }
    top
    {
        type            zeroGradient;
    }
    bottom
    {
        type            zeroGradient;
    }
    obstacle
    {
        type            zeroGradient;
    }
    frontAndBack
    {
        type            empty;
    }
}


// ************************************************************************* //
