/*--------------------------------*- C++ -*----------------------------------*\
  =========                 |
  \\      /  F ield         | OpenFOAM: The Open Source CFD Toolbox
   \\    /   O peration     | Website:  https://openfoam.org
    \\  /    A nd           | Version:  12
     \\/     M anipulation  |
\*---------------------------------------------------------------------------*/
FoamFile
{
    format      ascii;
    class       volScalarField;
    location    "240";
    object      pMean;
}
// * * * * * * * * * * * * * * * * * * * * * * * * * * * * * * * * * * * * * //

dimensions      [0 2 -2 0 0 0 0];

internalField   nonuniform List<scalar> 
6750
(
0.00725229
0.00722471
0.00717787
0.00699917
0.00603217
0.00895533
0.00892841
0.00881326
0.00855985
0.0082222
0.0109072
0.0108587
0.0107405
0.0105541
0.0104158
0.0129285
0.0128453
0.0127333
0.0126039
0.0125399
0.0149234
0.0147964
0.014675
0.0145741
0.0145484
0.0168122
0.016637
0.0164957
0.0164062
0.0163993
0.0185462
0.0183216
0.0181567
0.018072
0.0180756
0.0200959
0.0198226
0.0196343
0.0195524
0.0195634
0.0214429
0.0211234
0.0209136
0.0208345
0.0208512
0.022577
0.0222153
0.0219871
0.0219111
0.0219325
0.0234953
0.0230968
0.0228539
0.0227814
0.0228063
0.0242018
0.0237728
0.0235193
0.0234505
0.0234778
0.0247068
0.0242532
0.0239941
0.0239286
0.0239573
0.0250253
0.024553
0.0242944
0.0242306
0.0242593
0.0251716
0.0246936
0.0244404
0.0243745
0.0244014
0.0251718
0.0246938
0.0244405
0.0243746
0.0244016
0.0250258
0.0245535
0.0242948
0.0242311
0.0242598
0.0247075
0.024254
0.0239949
0.0239293
0.0239581
0.0242028
0.0237738
0.0235204
0.0234515
0.0234789
0.0234966
0.0230981
0.0228552
0.0227828
0.0228077
0.0225785
0.0222169
0.0219887
0.0219127
0.0219341
0.0214447
0.0211252
0.0209154
0.0208363
0.0208531
0.0200979
0.0198247
0.0196364
0.0195545
0.0195655
0.0185484
0.0183238
0.018159
0.0180743
0.0180779
0.0168145
0.0166394
0.0164981
0.0164086
0.0164018
0.0149259
0.0147989
0.0146775
0.0145766
0.014551
0.0129311
0.0128479
0.0127359
0.0126065
0.0125426
0.0109098
0.0108613
0.0107432
0.0105568
0.0104185
0.00895796
0.00893105
0.00881592
0.00856251
0.00822478
0.00725491
0.00722735
0.00718052
0.0070018
0.00603473
0.000265855
0.000792002
0.00213401
0.00311488
0.00381843
0.00437622
0.00481602
0.00515342
0.00541518
0.00560745
0.00571631
0.0057991
0.00583487
0.00582136
0.00575663
0.00563563
0.00545328
0.00520854
0.00490053
0.00452689
0.00408515
0.00365933
0.00319875
0.00271746
0.00223251
0.00175438
0.00129135
0.000860875
0.000473212
5.70962e-06
0.00398362
0.00469614
0.00542131
0.00577242
0.00596671
0.00608565
0.00613292
0.00612092
0.00607411
0.00598389
0.00584209
0.00573158
0.0056236
0.00552217
0.00542553
0.00532419
0.00520472
0.00505413
0.00485983
0.004616
0.00433246
0.00394808
0.00353795
0.00308983
0.00261044
0.0021096
0.00159429
0.00108137
0.00061841
0.000154553
0.00642311
0.00658227
0.00686982
0.00700135
0.00706252
0.00706573
0.00700113
0.00688077
0.00672011
0.00648643
0.00620696
0.00594351
0.00566872
0.00539388
0.00512483
0.00486149
0.00460027
0.00433521
0.00405944
0.00376661
0.00345307
0.00311968
0.00276545
0.00238992
0.00199625
0.00158861
0.00116671
0.000740841
0.000392647
0.000157842
0.00790657
0.00770027
0.00782351
0.00789568
0.00790075
0.00783839
0.00770473
0.00751467
0.00727173
0.00692333
0.00654119
0.00614666
0.00572391
0.00528934
0.00485483
0.00442872
0.00401676
0.00362176
0.00324405
0.00288145
0.00253107
0.0021953
0.00186744
0.00154335
0.00122116
0.000899401
0.000570518
0.000236508
9.22467e-06
4.61684e-05
0.00906595
0.00873204
0.00878422
0.00879496
0.00872622
0.00858482
0.00837153
0.00809853
0.0077583
0.00729939
0.0068133
0.00629223
0.00573477
0.00516041
0.00458521
0.00402327
0.0034865
0.00298356
0.00251953
0.00209571
0.00171059
0.0013619
0.00104438
0.000751547
0.000477816
0.000217693
-4.22561e-05
-0.000308016
-0.000442422
-0.000151792
0.0100976
0.00973396
0.00972947
0.00966853
0.00952173
0.00930023
0.00900522
0.00864446
0.00819767
0.00763427
0.00704055
0.00639695
0.00571293
0.00501027
0.00430847
0.00362603
0.00297925
0.00238078
0.00183887
0.00135711
0.000934898
0.000568554
0.000252065
-2.25254e-05
-0.000263058
-0.000477726
-0.000684774
-0.000896341
-0.000954315
-0.000434138
0.0110336
0.0106791
0.0106221
0.0104915
0.0102716
0.00997368
0.00959955
0.00915184
0.00859469
0.00793428
0.00723284
0.00647166
0.00566757
0.00484429
0.00402447
0.00323017
0.00248115
0.00179315
0.00117683
0.000637454
0.000175213
-0.000213802
-0.000536612
-0.000802372
-0.00102046
-0.00120112
-0.00136668
-0.00153359
-0.00152466
-0.000800747
0.0118926
0.011571
0.0114675
0.0112707
0.0109809
0.0106083
0.0101567
0.00962149
0.0089547
0.00820328
0.00739447
0.0065199
0.00560113
0.00466351
0.00373242
0.0028329
0.00198751
0.00121445
0.000526321
-7.03102e-05
-0.000574597
-0.000990492
-0.00132568
-0.00159024
-0.00179469
-0.00195108
-0.00208493
-0.00221588
-0.00214834
-0.00124824
0.0126946
0.0124223
0.0122767
0.0120151
0.0116565
0.0112106
0.0106814
0.0100542
0.00928532
0.00844332
0.00752808
0.00654374
0.00551468
0.00446775
0.00343078
0.00243133
0.00149426
0.000639755
-0.000118043
-0.000771513
-0.00131929
-0.00176534
-0.00211779
-0.00238744
-0.00258565
-0.00272595
-0.00283672
-0.0029392
-0.00282028
-0.00177177
0.013455
0.0132422
0.0130572
0.0127313
0.0123043
0.0117866
0.0111784
0.0104531
0.0095918
0.00865615
0.00763627
0.00654521
0.00540921
0.00425675
0.00311789
0.00202237
0.000997003
6.36027e-05
-0.000762426
-0.00147262
-0.00206521
-0.00254414
-0.0029179
-0.00319778
-0.00339598
-0.00352704
-0.00362227
-0.00370284
-0.00353832
-0.00236677
0.0141851
0.0140381
0.0138159
0.0134252
0.0129288
0.0123399
0.0116515
0.0108251
0.00987741
0.0088454
0.00772204
0.00652621
0.00528549
0.00403006
0.00279201
0.00160296
0.000491432
-0.000519362
-0.00141297
-0.00218024
-0.00281905
-0.00333337
-0.00373192
-0.00402645
-0.00422972
-0.0043574
-0.0044434
-0.00450762
-0.00430222
-0.00302981
0.014894
0.0148173
0.0145595
0.014103
0.0135363
0.0128758
0.0121031
0.0111773
0.0101448
0.00901431
0.00778794
0.00648829
0.00514402
0.00378704
0.00245127
0.00117004
-2.66241e-05
-0.0011143
-0.00207562
-0.00290084
-0.00358755
-0.00413971
-0.00456625
-0.00487932
-0.00509214
-0.0052215
-0.00530356
-0.00535625
-0.00511396
-0.00375902
0.0155908
0.015587
0.0152952
0.0147718
0.0141347
0.0133987
0.0125347
0.0115177
0.0103963
0.00916566
0.00783617
0.00643268
0.00498502
0.0035268
0.00209365
0.000720461
-0.000561396
-0.0017264
-0.00275635
-0.00364099
-0.00437763
-0.00497024
-0.00542795
-0.00576318
-0.00598959
-0.0061251
-0.00620805
-0.00625349
-0.00597751
-0.00455454
0.016284
0.0163543
0.0160301
0.0154384
0.0147295
0.0139151
0.0129539
0.0118507
0.0106351
0.0093024
0.00786878
0.00636041
0.00480847
0.00324821
0.00171689
0.000250848
-0.00111731
-0.00236102
-0.00346135
-0.00440753
-0.00519665
-0.00583264
-0.00632479
-0.00668583
-0.00692972
-0.00707558
-0.00716387
-0.00720588
-0.00689886
-0.00541875
0.0169808
0.017129
0.0167733
0.0161115
0.015328
0.0144292
0.0133697
0.0121798
0.0108649
0.00942767
0.00788773
0.00627234
0.00461409
0.00294986
0.00131843
-0.000242494
-0.00169911
-0.00302392
-0.00419726
-0.00520787
-0.00605259
-0.00673533
-0.00726552
-0.00765609
-0.00792141
-0.00808177
-0.00817967
-0.00822189
-0.00788613
-0.00635662
0.0176888
0.0179227
0.0175369
0.016803
0.0159378
0.0149445
0.0137919
0.0125087
0.0110897
0.00954449
0.00789483
0.00616907
0.00440129
0.00262994
0.000895257
-0.000763741
-0.00231212
-0.00372145
-0.00497136
-0.00605011
-0.0069543
-0.00768777
-0.00826006
-0.00868424
-0.00897514
-0.00915429
-0.00926611
-0.00931213
-0.00894975
-0.00737592
0.0184182
0.0187483
0.0183331
0.0175225
0.0165681
0.0154713
0.0142273
0.0128423
0.0113138
0.00965591
0.0078918
0.006051
0.00416914
0.00228619
0.000443795
-0.00131774
-0.00296238
-0.00446078
-0.00579188
-0.00694347
-0.00791184
-0.00870076
-0.00931986
-0.00978234
-0.0101033
-0.0103059
-0.0104362
-0.0104898
-0.0101028
-0.0084877
0.0191862
0.0196195
0.0191763
0.018279
0.0172245
0.0160242
0.0146821
0.0131867
0.011542
0.00976515
0.00788027
0.00591824
0.00391622
0.00191569
-4.03247e-05
-0.00191025
-0.00365699
-0.00525029
-0.0066684
-0.00789858
-0.00893686
-0.00978688
-0.0104583
-0.0109645
-0.0113208
-0.0115519
-0.0117059
-0.0117713
-0.0113618
-0.00970681
0.0200146
0.0205488
0.0200792
0.0190877
0.0179192
0.0166153
0.0151631
0.0135482
0.0117795
0.00987556
0.00786177
0.0057705
0.00364046
0.00151464
-0.000562561
-0.00254835
-0.00440453
-0.00609999
-0.00761226
-0.0089281
-0.0100432
-0.0109611
-0.0116914
-0.0122477
-0.0126455
-0.0129113
-0.0130946
-0.0131766
-0.0127469
-0.0110527
0.0209236
0.0215587
0.0210615
0.019963
0.0186712
0.0172554
0.0156807
0.0139357
0.0120324
0.00999081
0.00783767
0.00560693
0.00333889
0.00107802
-0.0011299
-0.00324085
-0.0052156
-0.00702214
-0.00863732
-0.0100474
-0.0112477
-0.0122415
-0.0130386
-0.0136525
-0.0140991
-0.0144065
-0.0146261
-0.0147304
-0.0142837
-0.0125505
0.0219417
0.0226806
0.0221462
0.0209228
0.019504
0.0179599
0.0162478
0.0143591
0.0123076
0.0101148
0.00780901
0.00542584
0.00300719
0.000599031
-0.00175148
-0.00399912
-0.00610365
-0.0080322
-0.00976092
-0.0112756
-0.0125711
-0.0136508
-0.0145241
-0.0152046
-0.0157088
-0.0160665
-0.0163309
-0.0164645
-0.0160048
-0.0142332
0.0231109
0.0239427
0.0233588
0.0220021
0.0204413
0.018748
0.0168803
0.0148303
0.012613
0.0102516
0.00777622
0.00522417
0.00263902
6.82646e-05
-0.00243959
-0.00483817
-0.00708623
-0.00915011
-0.0110053
-0.0126371
-0.0140401
-0.0152174
-0.0161785
-0.0169368
-0.0175092
-0.0179275
-0.0182466
-0.0184185
-0.0179516
-0.0161435
0.0244822
0.025394
0.024745
0.023242
0.0215124
0.0196449
0.0175981
0.0153637
0.0129577
0.0104053
0.00773862
0.00499675
0.002225
-0.000527593
-0.0032112
-0.00577834
-0.00818688
-0.0104024
-0.0123999
-0.0141642
-0.0156896
-0.016979
-0.0180418
-0.0188914
-0.0195453
-0.020037
-0.0204232
-0.0206451
-0.0201793
-0.0183387
0.0261301
0.0271024
0.0263702
0.0246899
0.0227571
0.0206834
0.0184266
0.0159771
0.0133523
0.0105797
0.00769352
0.00473489
0.00175089
-0.0012079
-0.00409037
-0.00684806
-0.00943809
-0.0118255
-0.0139848
-0.0159004
-0.0175665
-0.0189857
-0.0201675
-0.0211252
-0.0218769
-0.022458
-0.0229269
-0.0232134
-0.0227613
-0.0208964
0.0281732
0.0291685
0.0283148
0.0264112
0.024231
0.0219081
0.0193992
0.0166931
0.0138092
0.0107775
0.00763466
0.00442401
0.00119453
-0.0020017
-0.00511244
-0.00808845
-0.0108863
-0.0134708
-0.0158162
-0.0179067
-0.0197363
-0.0213076
-0.02263
-0.0237168
-0.0245867
-0.0252777
-0.0258488
-0.0262187
-0.0257985
-0.0239251
0.030761
0.0317324
0.0306944
0.028504
0.0260142
0.0233819
0.0205618
0.0175417
0.014343
0.010999
0.00754916
0.00403933
0.000520378
-0.00295419
-0.0063313
-0.00956132
-0.0126008
-0.0154145
-0.0179769
-0.0202721
-0.0222943
-0.024046
-0.0255364
-0.026779
-0.027793
-0.0286189
-0.0293176
-0.0297956
-0.0294349
-0.0275812
0.0341693
0.0350097
0.0336867
0.0311165
0.0282281
0.025198
0.0219801
0.0185622
0.0149689
0.0112374
0.00741042
0.00353664
-0.000331195
-0.00413859
-0.00783228
-0.0113631
-0.0146882
-0.0177734
-0.0205935
-0.0231335
-0.0253874
-0.0273576
-0.0290533
-0.0304876
-0.0316803
-0.0326737
-0.03353
-0.0341481
-0.0338885
-0.0321055
0.0388458
0.0393401
0.0375496
0.034456
0.0310363
0.027478
0.0237356
0.0197989
0.0156969
0.0114717
0.00717012
0.00284379
-0.0014529
-0.00566519
-0.00974077
-0.0136322
-0.0172991
-0.0207092
-0.0238393
-0.0266754
-0.0292123
-0.0314527
-0.0334049
-0.0350821
-0.036504
-0.0377136
-0.0387726
-0.0395791
-0.0394982
-0.0378937
0.0456944
0.0454572
0.0429055
0.0390832
0.0349271
0.0306148
0.0261121
0.0214229
0.0165882
0.0116596
0.00669179
0.00174068
-0.00313781
-0.00789013
-0.0124672
-0.0168261
-0.0209311
-0.0247546
-0.0282761
-0.0314827
-0.0343728
-0.036955
-0.0392271
-0.041201
-0.0428959
-0.0443509
-0.045623
-0.0466267
-0.0468044
-0.045576
0.0577518
0.0557915
0.0516141
0.0464938
0.0411069
0.0355508
0.0298193
0.0239479
0.0179959
0.0120256
0.00609606
0.000262623
-0.00542444
-0.0109211
-0.01619
-0.0212009
-0.0259296
-0.0303576
-0.0344728
-0.0382677
-0.0417338
-0.0448632
-0.0476707
-0.0501607
-0.0523418
-0.0542385
-0.0558976
-0.0573032
-0.0581095
-0.0576629
0.00374665
0.00475557
0.00652478
0.00795119
0.00916634
0.0103076
0.0114056
0.0124684
0.0135054
0.0145262
0.0155394
0.0165535
0.017578
0.0186224
0.0196971
0.0208142
0.0219886
0.0232385
0.0245849
0.0260524
0.0276728
0.0294889
0.0315541
0.0339409
0.0367486
0.0401248
0.0442688
0.0494354
0.0558345
0.0642394
0.00811389
0.00915432
0.0103345
0.0113333
0.0122378
0.0131083
0.0139559
0.014785
0.0156031
0.0164182
0.0172385
0.018072
0.0189275
0.0198141
0.0207422
0.021724
0.0227743
0.0239113
0.0251565
0.0265371
0.0280885
0.0298573
0.0319053
0.0343178
0.0372145
0.0407718
0.045243
0.0509949
0.0585138
0.0686224
0.0105561
0.0114875
0.0123948
0.0132138
0.0140138
0.0148122
0.0156065
0.016398
0.0171918
0.0179939
0.0188108
0.0196495
0.0205177
0.0214242
0.022379
0.0233944
0.0244852
0.0256699
0.0269711
0.0284178
0.030048
0.0319119
0.0340773
0.0366382
0.0397281
0.0435403
0.0483606
0.0546117
0.0629462
0.0742796
0.0127022
0.013524
0.0143162
0.0150545
0.0157894
0.0165318
0.0172812
0.0180409
0.018816
0.0196125
0.0204364
0.0212945
0.0221944
0.0231447
0.0241559
0.0252405
0.0264138
0.0276949
0.0291077
0.0306829
0.0324608
0.0344946
0.0368565
0.0396462
0.0430046
0.0471346
0.0523358
0.0590445
0.0680023
0.0801575
0.0147064
0.0154335
0.0161346
0.0168004
0.0174741
0.0181665
0.0188789
0.0196144
0.0203775
0.0211736
0.0220082
0.0228879
0.0238202
0.0248139
0.0258797
0.0270306
0.0282827
0.029656
0.0311757
0.0328744
0.0347945
0.0369921
0.039543
0.0425515
0.0461642
0.0505909
0.0561406
0.0632576
0.0727652
0.08566
0.0165384
0.0171809
0.0178038
0.0184084
0.0190335
0.0196887
0.0203752
0.0210954
0.0218536
0.0226544
0.0235032
0.0244064
0.0253712
0.0264068
0.0275239
0.028736
0.0300597
0.0315158
0.0331306
0.0349382
0.0369827
0.0393226
0.0420368
0.0452332
0.049063
0.0537423
0.0595885
0.0670575
0.0770528
0.0906483
0.0181931
0.0187596
0.0193159
0.0198703
0.0204572
0.0210844
0.0217526
0.0224639
0.0232221
0.0240315
0.0248972
0.0258251
0.0268227
0.0278989
0.0290648
0.030334
0.0317237
0.0332552
0.0349558
0.0368606
0.0390151
0.0414797
0.0443355
0.0476933
0.0517082
0.0566013
0.0626981
0.0704665
0.0808761
0.0950932
0.0196646
0.0201625
0.0206616
0.0211748
0.0217315
0.0223376
0.0229932
0.0237002
0.0244617
0.0252818
0.0261651
0.0271176
0.0281465
0.0292608
0.0304716
0.031793
0.0332422
0.0348412
0.0366181
0.0386086
0.0408595
0.0434325
0.0464105
0.0499066
0.0540787
0.0591523
0.0654598
0.0734799
0.0842298
0.0989686
0.0209436
0.0213801
0.0218305
0.0223103
0.0228436
0.023434
0.0240813
0.024787
0.0255537
0.0263851
0.0272857
0.0282611
0.0293186
0.0304671
0.0317178
0.033085
0.0345862
0.0362439
0.0380864
0.0401505
0.0424836
0.0451486
0.0482296
0.0518416
0.0561449
0.0613681
0.0678496
0.0760773
0.0870996
0.102259
0.022023
0.0224056
0.0228156
0.0232692
0.0237845
0.0243635
0.0250056
0.0257118
0.0264845
0.0273268
0.0282431
0.0292389
0.0303212
0.0314992
0.032784
0.0341901
0.0357351
0.037442
0.0393394
0.0414645
0.0438656
0.0466062
0.0497716
0.0534781
0.0578878
0.0632318
0.0698533
0.0782478
0.089479
0.104975
0.0229002
0.0232371
0.0236147
0.0240482
0.0245502
0.0251212
0.0257601
0.0264678
0.0272462
0.0280983
0.0290281
0.030041
0.031144
0.0323463
0.0336591
0.0350967
0.0366773
0.0384238
0.0403653
0.0425393
0.0449946
0.0477954
0.0510276
0.0548086
0.0593018
0.0647401
0.0714708
0.0799944
0.0913783
0.107143
0.0235777
0.0238779
0.0242308
0.0246496
0.0251421
0.0257075
0.0263447
0.0270542
0.0278376
0.0286976
0.0296382
0.0306647
0.0317841
0.0330053
0.0343398
0.0358019
0.0374099
0.0391868
0.041162
0.0433734
0.0458699
0.0487163
0.051999
0.0558362
0.0603923
0.0659012
0.0727134
0.0813327
0.0928229
0.108794
0.0240636
0.0243365
0.0246719
0.0250806
0.0255667
0.0261285
0.0267648
0.0274758
0.0282631
0.0291292
0.0300778
0.0311143
0.0322455
0.0334804
0.0348305
0.0363102
0.0379379
0.0397366
0.0417359
0.0439738
0.0464997
0.0493784
0.052697
0.0565738
0.0611742
0.0667326
0.0736021
0.0822874
0.0938467
0.109969
0.0243705
0.0246256
0.0249501
0.0253526
0.0258349
0.0263945
0.0270304
0.0277427
0.0285326
0.0294027
0.0303565
0.0313994
0.0325382
0.0337819
0.035142
0.036633
0.0382731
0.0400856
0.0421003
0.044355
0.0468995
0.0497987
0.0531399
0.0570417
0.0616699
0.0672594
0.074165
0.0828904
0.094486
0.110717
0.0245148
0.0247612
0.0250805
0.0254802
0.0259607
0.0265195
0.0271553
0.0278682
0.0286595
0.0295314
0.0304878
0.0315338
0.0326763
0.0339243
0.0352892
0.0367855
0.0384316
0.0402508
0.0422727
0.0445356
0.0470889
0.0499979
0.0533498
0.0572637
0.0619051
0.0675093
0.0744322
0.083176
0.0947823
0.11108
0.0245149
0.0247614
0.0250807
0.0254804
0.0259609
0.0265197
0.0271555
0.0278684
0.0286596
0.0295316
0.030488
0.0315339
0.0326764
0.0339244
0.0352893
0.0367856
0.0384317
0.0402508
0.0422728
0.0445356
0.0470889
0.049998
0.0533499
0.0572638
0.0619052
0.0675093
0.0744322
0.083176
0.0947824
0.11108
0.024371
0.0246261
0.0249506
0.0253531
0.0258353
0.026395
0.0270309
0.0277432
0.0285331
0.0294031
0.0303569
0.0313998
0.0325386
0.0337823
0.0351424
0.0366333
0.0382734
0.0400859
0.0421005
0.0443553
0.0468997
0.0497989
0.0531401
0.057042
0.0616702
0.0672596
0.0741651
0.0828905
0.0944862
0.110717
0.0240644
0.0243373
0.0246727
0.0250814
0.0255675
0.0261292
0.0267655
0.0274766
0.0282638
0.0291299
0.0300785
0.0311149
0.0322461
0.033481
0.034831
0.0363107
0.0379383
0.039737
0.0417363
0.0439742
0.0465
0.0493788
0.0526974
0.0565743
0.0611746
0.066733
0.0736023
0.0822875
0.093847
0.109969
0.0235788
0.023879
0.0242319
0.0246507
0.0251432
0.0257086
0.0263457
0.0270552
0.0278385
0.0286986
0.0296391
0.0306656
0.0317849
0.0330061
0.0343405
0.0358026
0.0374105
0.0391874
0.0411626
0.0433739
0.0458704
0.0487168
0.0519996
0.0558368
0.0603928
0.0659017
0.0727138
0.081333
0.0928233
0.108794
0.0229016
0.0232385
0.0236161
0.0240496
0.0245516
0.0251225
0.0257614
0.0264691
0.0272474
0.0280995
0.0290292
0.030042
0.0311451
0.0323473
0.03366
0.0350976
0.0366782
0.0384246
0.040366
0.04254
0.0449953
0.047796
0.0510282
0.0548092
0.0593025
0.0647408
0.0714714
0.0799949
0.0913789
0.107143
0.0220247
0.0224073
0.0228172
0.0232708
0.0237861
0.0243651
0.0250071
0.0257133
0.0264859
0.0273282
0.0282444
0.0292401
0.0303224
0.0315003
0.0327851
0.0341911
0.0357361
0.0374429
0.0393403
0.0414653
0.0438664
0.046607
0.0497724
0.0534788
0.0578886
0.0632327
0.0698543
0.0782486
0.0894799
0.104976
0.0209455
0.021382
0.0218324
0.0223122
0.0228454
0.0234358
0.024083
0.0247887
0.0255554
0.0263867
0.0272872
0.0282626
0.0293199
0.0304684
0.0317191
0.0330862
0.0345873
0.036245
0.0380875
0.0401515
0.0424845
0.0451495
0.0482304
0.0518424
0.0561458
0.0613692
0.0678509
0.0760786
0.0871007
0.10226
0.0196667
0.0201647
0.0206637
0.0211768
0.0217335
0.0223395
0.0229951
0.023702
0.0244636
0.0252836
0.0261668
0.0271192
0.028148
0.0292622
0.030473
0.0317943
0.0332435
0.0348425
0.0366193
0.0386097
0.0408606
0.0434335
0.0464114
0.0499074
0.0540797
0.0591537
0.0654615
0.0734815
0.0842309
0.0989689
0.0181955
0.018762
0.0193182
0.0198726
0.0204594
0.0210866
0.0217547
0.022466
0.0232241
0.0240335
0.024899
0.0258269
0.0268244
0.0279005
0.0290663
0.0303355
0.0317251
0.0332566
0.0349572
0.0368619
0.0390163
0.0414808
0.0443365
0.0476943
0.0517094
0.0566031
0.0627003
0.0704684
0.0808771
0.0950935
0.0165409
0.0171834
0.0178063
0.0184109
0.0190359
0.0196911
0.0203774
0.0210976
0.0218557
0.0226565
0.0235053
0.0244083
0.0253731
0.0264086
0.0275256
0.0287377
0.0300613
0.0315173
0.0331321
0.0349396
0.036984
0.0393238
0.0420379
0.0452343
0.0490644
0.0537444
0.059591
0.0670597
0.0770539
0.0906484
0.0147089
0.0154361
0.0161371
0.0168029
0.0174766
0.018169
0.0188813
0.0196167
0.0203798
0.0211758
0.0220104
0.02289
0.0238222
0.0248158
0.0258815
0.0270324
0.0282844
0.0296577
0.0311774
0.032876
0.034796
0.0369934
0.0395443
0.0425529
0.0461659
0.0505933
0.0561433
0.0632598
0.0727662
0.0856598
0.0127048
0.0135266
0.0143188
0.0150571
0.015792
0.0165343
0.0172837
0.0180433
0.0188184
0.0196148
0.0204387
0.0212967
0.0221965
0.0231468
0.0241579
0.0252424
0.0264156
0.0276967
0.0291094
0.0306846
0.0324624
0.0344961
0.0368579
0.0396478
0.0430066
0.0471372
0.0523387
0.0590467
0.0680031
0.0801571
0.0105587
0.0114902
0.0123975
0.0132164
0.0140164
0.0148149
0.0156091
0.0164006
0.0171943
0.0179964
0.0188132
0.0196519
0.02052
0.0214264
0.0223812
0.0233965
0.0244872
0.0256718
0.026973
0.0284197
0.0300497
0.0319136
0.034079
0.0366401
0.0397303
0.043543
0.0483633
0.0546134
0.0629467
0.074279
0.00811645
0.00915699
0.0103372
0.011336
0.0122405
0.0131109
0.0139585
0.0147876
0.0156057
0.0164208
0.017241
0.0180745
0.0189299
0.0198164
0.0207444
0.0217261
0.0227764
0.0239133
0.0251585
0.026539
0.0280903
0.0298591
0.0319072
0.0343199
0.037217
0.0407744
0.0452453
0.050996
0.0585139
0.0686219
0.00374925
0.00475831
0.00652752
0.00795387
0.00916898
0.0103102
0.0114082
0.0124709
0.0135079
0.0145287
0.0155418
0.0165559
0.0175803
0.0186247
0.0196993
0.0208163
0.0219906
0.0232404
0.0245868
0.0260542
0.0276745
0.0294907
0.0315559
0.0339432
0.0367511
0.040127
0.0442703
0.0494358
0.0558342
0.0642389
0.0577516
0.0557916
0.0516139
0.0464934
0.0411064
0.0355504
0.0298188
0.0239472
0.0179951
0.0120244
0.00609453
0.000260718
-0.00542672
-0.0109237
-0.016193
-0.0212041
-0.0259332
-0.0303613
-0.0344767
-0.0382718
-0.041738
-0.0448674
-0.0476748
-0.0501649
-0.052346
-0.0542426
-0.0559016
-0.0573073
-0.0581139
-0.0576674
0.0456939
0.0454566
0.0429049
0.0390828
0.0349268
0.0306145
0.0261116
0.0214221
0.0165871
0.0116582
0.00669004
0.0017386
-0.0031402
-0.00789282
-0.0124702
-0.0168294
-0.0209346
-0.0247584
-0.02828
-0.0314868
-0.034377
-0.0369592
-0.0392314
-0.0412053
-0.0429001
-0.0443551
-0.0456271
-0.0466307
-0.0468084
-0.0455799
0.0388458
0.0393403
0.0375498
0.0344564
0.0310365
0.0274779
0.0237351
0.019798
0.0156957
0.0114701
0.00716826
0.00284164
-0.00145532
-0.00566786
-0.00974369
-0.0136354
-0.0173025
-0.0207129
-0.0238432
-0.0266795
-0.0292166
-0.0314571
-0.0334095
-0.0350867
-0.0365087
-0.0377181
-0.038777
-0.0395834
-0.0395022
-0.0378973
0.0341703
0.0350107
0.0336875
0.031117
0.0282281
0.0251976
0.0219793
0.018561
0.0149673
0.0112355
0.00740832
0.00353435
-0.000333677
-0.00414126
-0.00783515
-0.0113661
-0.0146915
-0.017777
-0.0205974
-0.0231377
-0.0253919
-0.0273624
-0.0290583
-0.0304927
-0.0316855
-0.0326789
-0.033535
-0.0341528
-0.0338926
-0.0321091
0.0307625
0.0317337
0.0306953
0.0285042
0.0260138
0.023381
0.0205604
0.0175399
0.014341
0.0109968
0.0075468
0.00403685
0.00051779
-0.00295691
-0.00633417
-0.00956438
-0.0126041
-0.0154181
-0.0179807
-0.0202763
-0.0222988
-0.0240509
-0.0255416
-0.0267843
-0.0277985
-0.0286244
-0.029323
-0.0298007
-0.0294395
-0.0275851
0.0281751
0.0291698
0.0283154
0.026411
0.0242302
0.0219067
0.0193974
0.016691
0.0138069
0.010775
0.00763206
0.00442136
0.00119182
-0.00200448
-0.00511533
-0.0080915
-0.0108896
-0.0134743
-0.01582
-0.0179108
-0.0197407
-0.0213124
-0.0226351
-0.0237221
-0.0245922
-0.0252832
-0.0258543
-0.026224
-0.0258035
-0.0239296
0.0261319
0.0271035
0.0263705
0.0246897
0.0227561
0.0206819
0.0184247
0.0159748
0.0133498
0.0105771
0.00769079
0.00473213
0.0017481
-0.00121072
-0.00409327
-0.00685109
-0.0094413
-0.0118289
-0.0139885
-0.0159044
-0.0175707
-0.0189903
-0.0201723
-0.0211302
-0.0218821
-0.0224634
-0.0229323
-0.0232188
-0.0227665
-0.0209013
0.0244835
0.0253949
0.0247453
0.0232416
0.0215114
0.0196434
0.0175962
0.0153614
0.0129552
0.0104027
0.00773587
0.00499397
0.00222221
-0.000530413
-0.00321408
-0.00578132
-0.00819
-0.0104057
-0.0124035
-0.014168
-0.0156936
-0.0169832
-0.0180462
-0.0188961
-0.0195502
-0.0200421
-0.0204283
-0.0206503
-0.0201846
-0.0183439
0.0231122
0.0239438
0.0233593
0.022002
0.0204405
0.0187467
0.0168785
0.0148281
0.0126106
0.010249
0.00777353
0.00522144
0.00263628
6.55048e-05
-0.00244239
-0.00484104
-0.00708921
-0.00915325
-0.0110086
-0.0126406
-0.0140439
-0.0152214
-0.0161826
-0.0169411
-0.0175138
-0.0179323
-0.0182515
-0.0184236
-0.0179568
-0.0161488
0.021943
0.0226816
0.0221468
0.0209228
0.0195034
0.0179587
0.0162462
0.0143571
0.0123053
0.0101123
0.00780643
0.0054232
0.00300454
0.000596378
-0.00175415
-0.00400185
-0.00610646
-0.00803513
-0.00976399
-0.0112788
-0.0125745
-0.0136544
-0.0145279
-0.0152087
-0.0157131
-0.016071
-0.0163356
-0.0164694
-0.0160099
-0.0142384
0.020925
0.0215599
0.0210622
0.0199632
0.0186708
0.0172545
0.0156793
0.0139339
0.0120303
0.00998848
0.00783521
0.00560442
0.00333637
0.00107551
-0.00113242
-0.0032434
-0.00521822
-0.00702486
-0.00864015
-0.0100503
-0.0112508
-0.0122449
-0.0130422
-0.0136563
-0.0141031
-0.0144108
-0.0146306
-0.0147352
-0.0142887
-0.0125557
0.0200162
0.0205502
0.0200801
0.019088
0.017919
0.0166146
0.0151619
0.0135466
0.0117775
0.00987337
0.00785946
0.00576813
0.0036381
0.00151229
-0.000564914
-0.00255073
-0.00440696
-0.0061025
-0.00761487
-0.00893083
-0.0100461
-0.0109642
-0.0116947
-0.0122512
-0.0126493
-0.0129153
-0.013099
-0.0131812
-0.0127518
-0.0110577
0.0191879
0.0196209
0.0191773
0.0182794
0.0172244
0.0160237
0.0146811
0.0131852
0.0115402
0.00976313
0.00787813
0.00591605
0.00391404
0.00191351
-4.25045e-05
-0.00191246
-0.00365925
-0.00525262
-0.00667082
-0.00790112
-0.00893955
-0.00978976
-0.0104614
-0.0109679
-0.0113245
-0.0115559
-0.0117102
-0.0117759
-0.0113666
-0.00971171
0.01842
0.0187499
0.0183342
0.0175231
0.0165681
0.0154708
0.0142264
0.012841
0.0113121
0.00965408
0.00788985
0.00604902
0.00416715
0.00228419
0.000441781
-0.00131979
-0.00296449
-0.00446296
-0.00579415
-0.00694586
-0.00791438
-0.0087035
-0.00932284
-0.0097856
-0.0101069
-0.0103098
-0.0104404
-0.0104943
-0.0101075
-0.00849246
0.0176907
0.0179244
0.0175382
0.0168037
0.015938
0.0149442
0.0137912
0.0125076
0.0110883
0.00954289
0.00789312
0.0061673
0.0043995
0.00262812
0.000893395
-0.00076566
-0.0023141
-0.00372351
-0.00497351
-0.00605239
-0.00695674
-0.00769041
-0.00826296
-0.00868743
-0.00897864
-0.00915811
-0.00927022
-0.0093165
-0.00895431
-0.00738056
0.0169829
0.0171308
0.0167747
0.0161124
0.0153284
0.0144291
0.0133692
0.0121789
0.0108638
0.00942633
0.00788627
0.0062708
0.00461249
0.0029482
0.00131671
-0.000244291
-0.001701
-0.0030259
-0.00419934
-0.00521008
-0.00605498
-0.00673792
-0.00726837
-0.00765922
-0.00792486
-0.00808554
-0.00818374
-0.0082262
-0.00789061
-0.00636113
0.0162861
0.0163562
0.0160316
0.0154395
0.0147301
0.0139152
0.0129536
0.0118502
0.0106342
0.00930134
0.00786758
0.0063591
0.00480706
0.00324671
0.0017153
0.000249154
-0.00111911
-0.00236293
-0.00346339
-0.00440972
-0.00519902
-0.00583522
-0.00632764
-0.00668896
-0.00693316
-0.00707932
-0.0071679
-0.00721015
-0.00690328
-0.00542316
0.0155929
0.015589
0.0152969
0.014773
0.0141355
0.0133991
0.0125348
0.0115175
0.0103958
0.00916488
0.00783522
0.00643158
0.00498379
0.00352545
0.00209217
0.000718852
-0.000563134
-0.00172827
-0.00275838
-0.00364318
-0.00438002
-0.00497285
-0.00543082
-0.00576633
-0.00599305
-0.00612884
-0.00621208
-0.00625772
-0.00598188
-0.00455887
0.0148963
0.0148194
0.0145614
0.0141044
0.0135373
0.0128765
0.0121035
0.0111774
0.0101445
0.00901381
0.00778724
0.00648741
0.00514297
0.00378583
0.0024499
0.00116852
-2.83164e-05
-0.00111616
-0.00207765
-0.00290306
-0.00358998
-0.00414237
-0.00456918
-0.00488252
-0.00509561
-0.00522526
-0.00530758
-0.00536047
-0.00511829
-0.00376331
0.0141874
0.0140404
0.0138179
0.0134268
0.0129301
0.0123408
0.0116522
0.0108254
0.00987743
0.00884517
0.00772158
0.00652554
0.00528462
0.004029
0.00279075
0.0016015
0.000489777
-0.000521217
-0.00141503
-0.00218251
-0.00282154
-0.0033361
-0.0037349
-0.0040297
-0.00423323
-0.00436117
-0.0044474
-0.00451182
-0.00430652
-0.00303407
0.0134575
0.0132445
0.0130592
0.0127331
0.0123058
0.0117878
0.0111793
0.0104537
0.00959208
0.00865617
0.00763605
0.00654475
0.00540852
0.00425583
0.00311673
0.00202098
0.000995372
6.17385e-05
-0.000764522
-0.00147495
-0.00206777
-0.00254695
-0.00292096
-0.00320112
-0.00339954
-0.0035308
-0.00362625
-0.00370703
-0.00354261
-0.00237102
0.0126971
0.0124247
0.0122789
0.012017
0.0116582
0.0112121
0.0106825
0.010055
0.00928586
0.0084436
0.00752809
0.00654348
0.00551416
0.00446696
0.00342972
0.00242998
0.00149265
0.000637871
-0.000120188
-0.000773912
-0.00132194
-0.00176823
-0.00212094
-0.00239083
-0.00258926
-0.0027298
-0.00284074
-0.00294338
-0.00282455
-0.001776
0.0118951
0.0115734
0.0114698
0.0112727
0.0109828
0.01061
0.010158
0.00962256
0.00895548
0.00820379
0.0073947
0.00651984
0.00560077
0.00466284
0.00373144
0.0028316
0.00198591
0.00121254
0.00052412
-7.27859e-05
-0.000577332
-0.000993475
-0.0013289
-0.00159369
-0.00179836
-0.00195495
-0.00208899
-0.00222006
-0.00215257
-0.00125245
0.0110362
0.0106815
0.0106245
0.0104938
0.0102736
0.00997548
0.00960109
0.00915313
0.0085957
0.00793501
0.00723328
0.00647178
0.00566736
0.00484375
0.00402358
0.00322892
0.00247955
0.00179121
0.00117457
0.000634899
0.00017239
-0.000216872
-0.00053991
-0.000805882
-0.00102418
-0.00120499
-0.00137067
-0.00153764
-0.00152884
-0.000804938
0.0101002
0.00973649
0.00973191
0.0096709
0.00952392
0.00930216
0.00900696
0.00864596
0.0081989
0.00763522
0.00704119
0.00639726
0.00571288
0.00500984
0.00430765
0.00362481
0.00297764
0.0023788
0.00183655
0.00135447
0.000931989
0.000565401
0.000248693
-2.60928e-05
-0.000266797
-0.000481614
-0.000688754
-0.000900445
-0.000958478
-0.000438278
0.00906864
0.00873459
0.00878676
0.00879741
0.00872847
0.00858692
0.00837346
0.00810022
0.00775973
0.00730053
0.00681413
0.0062927
0.00573485
0.00516009
0.00458445
0.00402208
0.00348489
0.00298155
0.00251715
0.002093
0.0017076
0.00135867
0.00104094
0.000747929
0.00047405
0.00021382
-4.61948e-05
-0.000312061
-0.000446412
-0.000155842
0.00790925
0.00770291
0.0078261
0.00789814
0.00790313
0.00784064
0.00770681
0.00751653
0.00727334
0.00692463
0.00654217
0.00614727
0.00572411
0.0052891
0.00485413
0.00442756
0.00401515
0.00361972
0.00324163
0.00287869
0.00252803
0.00219203
0.00186396
0.0015397
0.00121739
0.000895533
0.000566556
0.000232583
5.29073e-06
4.22249e-05
0.00642587
0.00658491
0.00687242
0.00700394
0.00706503
0.00706811
0.00700333
0.00688278
0.00672188
0.00648789
0.00620809
0.00594424
0.00566903
0.00539372
0.00512419
0.00486036
0.00459866
0.00433315
0.00405698
0.0037638
0.00344997
0.00311636
0.00276194
0.00238627
0.00199249
0.00158477
0.00116282
0.000736942
0.000388761
0.000154061
0.00398641
0.00469884
0.00542399
0.00577508
0.00596932
0.0060881
0.00613518
0.00612305
0.00607607
0.00598559
0.00584346
0.00573253
0.00562408
0.00552213
0.00542495
0.00532307
0.00520307
0.00505199
0.00485724
0.00461304
0.00432915
0.00394465
0.00353439
0.00308618
0.00260669
0.00210579
0.00159052
0.00107764
0.00061471
0.000150927
0.000268536
0.0007948
0.00213688
0.00311775
0.0038213
0.00437911
0.0048188
0.00515589
0.00541729
0.00560918
0.00571766
0.00580003
0.00583534
0.00582133
0.00575608
0.00563455
0.00545168
0.00520646
0.00489802
0.00452402
0.00408205
0.00365587
0.00319503
0.0027136
0.00222867
0.00175063
0.00128767
0.00085722
0.00046948
1.66165e-06
-0.059736
-0.050691
-0.0438823
-0.0382735
-0.0336338
-0.0297484
-0.026454
-0.023628
-0.0211772
-0.01903
-0.0171317
-0.0154392
-0.0139187
-0.0125431
-0.0112907
-0.0101435
-0.00908685
-0.00810856
-0.00719871
-0.00634932
-0.00555433
-0.00480958
-0.00411291
-0.00346422
-0.0028659
-0.00232455
-0.00184768
-0.00143107
-0.00106603
-0.000876594
-0.0601314
-0.050858
-0.0436954
-0.0379394
-0.033224
-0.0292959
-0.025975
-0.0231315
-0.0206686
-0.0185135
-0.0166104
-0.0149164
-0.0133978
-0.0120282
-0.0107865
-0.00965621
-0.00862421
-0.00768042
-0.00681714
-0.00602876
-0.00531138
-0.00466256
-0.00408099
-0.00356622
-0.00311869
-0.00274024
-0.00243231
-0.00217416
-0.00188056
-0.00153349
-0.0612968
-0.0520951
-0.0448688
-0.0390806
-0.0343337
-0.0303758
-0.0270269
-0.0241571
-0.0216701
-0.0194934
-0.0175716
-0.0158619
-0.0143304
-0.0129508
-0.0117015
-0.0105658
-0.00952998
-0.00858321
-0.00771697
-0.00692467
-0.00620134
-0.00554345
-0.00494867
-0.00441551
-0.00394353
-0.00353549
-0.0031996
-0.00292252
-0.00258885
-0.00207083
-0.0626553
-0.0537052
-0.0465563
-0.0407812
-0.0360023
-0.0319919
-0.0285818
-0.0256479
-0.0230973
-0.0208596
-0.0188804
-0.0171173
-0.015537
-0.0141128
-0.0128233
-0.0116514
-0.0105832
-0.00960742
-0.00871503
-0.00789887
-0.00715327
-0.00647393
-0.0058576
-0.00530172
-0.0048044
-0.00436729
-0.00399991
-0.00369226
-0.00331308
-0.00265174
-0.0638946
-0.0551524
-0.0480926
-0.0423416
-0.0375403
-0.033484
-0.0300166
-0.0270209
-0.0244079
-0.0221096
-0.0200728
-0.0182559
-0.0166259
-0.0151563
-0.0138256
-0.0126166
-0.0115151
-0.0105094
-0.00959031
-0.00875008
-0.0079826
-0.00728301
-0.0066475
-0.00607287
-0.00555643
-0.00509883
-0.00470955
-0.00438069
-0.00397588
-0.00323167
-0.0649721
-0.0563676
-0.0493893
-0.0436692
-0.038861
-0.034776
-0.031268
-0.0282257
-0.0255639
-0.0232168
-0.0211328
-0.019271
-0.0175989
-0.0160903
-0.0147238
-0.013482
-0.0123506
-0.0113178
-0.0103741
-0.00951132
-0.0087231
-0.00800411
-0.00735008
-0.00675735
-0.00622269
-0.00574593
-0.00533596
-0.0049871
-0.00456753
-0.00378961
-0.0659009
-0.0573981
-0.0504975
-0.0448127
-0.0400081
-0.0359069
-0.0323709
-0.0292938
-0.0265937
-0.024207
-0.0220837
-0.0201837
-0.0184752
-0.0169322
-0.0155335
-0.0142618
-0.0131028
-0.0120445
-0.0110772
-0.0101927
-0.00938415
-0.00864601
-0.00797366
-0.00736311
-0.00681071
-0.00631552
-0.00588533
-0.00551636
-0.00508863
-0.00431514
-0.0666845
-0.0582729
-0.0514432
-0.0457942
-0.0409987
-0.0368888
-0.0333329
-0.0302291
-0.0274983
-0.0250791
-0.0229225
-0.0209899
-0.0192497
-0.0176764
-0.016249
-0.0149504
-0.0137662
-0.0126844
-0.0116952
-0.0107902
-0.00996248
-0.00920616
-0.00851639
-0.00788894
-0.0073199
-0.00680763
-0.00635834
-0.00596981
-0.00553869
-0.00479811
-0.0673292
-0.0590009
-0.0522354
-0.0466199
-0.0418357
-0.0377217
-0.034152
-0.0310278
-0.0282728
-0.0258271
-0.0236433
-0.0216832
-0.0199162
-0.018317
-0.016865
-0.0155429
-0.0143365
-0.013234
-0.0122252
-0.0113018
-0.0104567
-0.00968384
-0.00897821
-0.00833537
-0.00775126
-0.0072236
-0.00675685
-0.0063498
-0.0059183
-0.00522935
-0.067852
-0.0595873
-0.0528815
-0.0472959
-0.0425236
-0.0384084
-0.0348293
-0.0316901
-0.0289164
-0.0264498
-0.0242441
-0.0222619
-0.0204729
-0.0188523
-0.0173797
-0.0160379
-0.0148128
-0.0136925
-0.012667
-0.0117277
-0.0108676
-0.0100803
-0.00936083
-0.00870454
-0.00810727
-0.00756625
-0.00708407
-0.00666009
-0.00622968
-0.00560181
-0.0682622
-0.0600454
-0.0533915
-0.0478315
-0.0430703
-0.0389555
-0.0353703
-0.0322202
-0.0294324
-0.02695
-0.0247273
-0.0227276
-0.0209213
-0.0192836
-0.0177944
-0.0164367
-0.0151965
-0.0140617
-0.0130224
-0.0120701
-0.0111974
-0.0103982
-0.00966719
-0.00899966
-0.00839141
-0.00783926
-0.00734408
-0.0069053
-0.00647638
-0.00591082
-0.0685688
-0.0603903
-0.0537767
-0.0482375
-0.0434858
-0.039372
-0.0357829
-0.0326251
-0.0298272
-0.027333
-0.0250976
-0.0230849
-0.0212654
-0.0196148
-0.0181129
-0.016743
-0.015491
-0.0143451
-0.0132951
-0.0123325
-0.0114501
-0.0106415
-0.00990134
-0.00922495
-0.00860803
-0.00804712
-0.0075416
-0.00709063
-0.00666291
-0.00615413
-0.0687807
-0.0606376
-0.0540483
-0.0485258
-0.0437813
-0.0396685
-0.0360769
-0.032914
-0.0301092
-0.0276068
-0.0253625
-0.0233406
-0.0215117
-0.0198519
-0.018341
-0.0169623
-0.0157019
-0.0145478
-0.0134901
-0.0125201
-0.0116306
-0.0108152
-0.0100684
-0.00938556
-0.0087623
-0.00819499
-0.0076819
-0.00722168
-0.00679459
-0.00633186
-0.0689129
-0.0607967
-0.0542181
-0.0487087
-0.0439686
-0.0398565
-0.0362635
-0.0330975
-0.0302883
-0.0277807
-0.0255309
-0.0235031
-0.0216684
-0.0200026
-0.018486
-0.0171017
-0.0158359
-0.0146767
-0.0136141
-0.0126393
-0.0117452
-0.0109254
-0.0101744
-0.00948736
-0.00886001
-0.00828859
-0.00777061
-0.00730423
-0.00687723
-0.00644629
-0.0689794
-0.0608714
-0.0542984
-0.0487967
-0.0440585
-0.0399466
-0.0363529
-0.0331853
-0.030374
-0.027864
-0.0256114
-0.0235809
-0.0217433
-0.0200747
-0.0185553
-0.0171684
-0.0159
-0.0147383
-0.0136733
-0.0126963
-0.0118
-0.010978
-0.010225
-0.0095359
-0.00890659
-0.00833318
-0.00781283
-0.00734342
-0.00691628
-0.00650106
-0.0689797
-0.0608717
-0.0542988
-0.048797
-0.0440587
-0.0399468
-0.036353
-0.0331854
-0.0303741
-0.027864
-0.0256115
-0.0235809
-0.0217434
-0.0200748
-0.0185554
-0.0171685
-0.0159001
-0.0147385
-0.0136734
-0.0126964
-0.0118002
-0.0109782
-0.0102251
-0.0095361
-0.00890678
-0.00833338
-0.00781303
-0.00734362
-0.00691648
-0.00650126
-0.0689138
-0.0607977
-0.0542192
-0.0487096
-0.0439693
-0.0398571
-0.036264
-0.0330978
-0.0302885
-0.027781
-0.0255311
-0.0235034
-0.0216686
-0.0200029
-0.0184863
-0.0171021
-0.0158363
-0.0146772
-0.0136145
-0.0126398
-0.0117458
-0.010926
-0.010175
-0.00948794
-0.0088606
-0.00828918
-0.0077712
-0.00730483
-0.00687783
-0.00644689
-0.0687822
-0.0606392
-0.0540501
-0.0485273
-0.0437824
-0.0396695
-0.0360777
-0.0329146
-0.0301097
-0.0276072
-0.0253629
-0.023341
-0.0215122
-0.0198523
-0.0183415
-0.0169629
-0.0157025
-0.0145486
-0.0134909
-0.012521
-0.0116315
-0.0108161
-0.0100694
-0.00938651
-0.00876326
-0.00819596
-0.00768288
-0.00722267
-0.00679558
-0.00633284
-0.0685711
-0.0603924
-0.0537791
-0.0482395
-0.0434874
-0.0393734
-0.035784
-0.032626
-0.029828
-0.0273337
-0.0250982
-0.0230855
-0.021266
-0.0196154
-0.0181136
-0.0167438
-0.0154919
-0.014346
-0.0132961
-0.0123337
-0.0114513
-0.0106427
-0.00990263
-0.00922626
-0.00860935
-0.00804844
-0.00754294
-0.00709198
-0.00666427
-0.00615546
-0.0682652
-0.0600479
-0.0533945
-0.0478339
-0.0430723
-0.0389574
-0.0353718
-0.0322214
-0.0294334
-0.0269508
-0.0247281
-0.0227284
-0.0209221
-0.0192845
-0.0177953
-0.0164378
-0.0151976
-0.014063
-0.0130238
-0.0120715
-0.0111989
-0.0103998
-0.00966879
-0.00900129
-0.00839306
-0.00784092
-0.00734575
-0.00690698
-0.00647807
-0.00591249
-0.0678555
-0.0595901
-0.0528848
-0.0472986
-0.0425259
-0.0384106
-0.0348313
-0.0316917
-0.0289177
-0.026451
-0.0242452
-0.0222629
-0.020474
-0.0188534
-0.0173808
-0.0160392
-0.0148143
-0.0136941
-0.0126687
-0.0117295
-0.0108694
-0.0100822
-0.00936274
-0.00870647
-0.00810923
-0.00756822
-0.00708606
-0.00666209
-0.00623168
-0.00560379
-0.0673332
-0.0590041
-0.0522389
-0.0466227
-0.0418383
-0.0377243
-0.0341543
-0.0310298
-0.0282744
-0.0258285
-0.0236446
-0.0216845
-0.0199175
-0.0183184
-0.0168664
-0.0155445
-0.0143383
-0.0132358
-0.0122272
-0.0113038
-0.0104588
-0.00968598
-0.00898039
-0.00833758
-0.0077535
-0.00722586
-0.00675912
-0.00635209
-0.00592058
-0.00523161
-0.066689
-0.0582764
-0.0514469
-0.0457972
-0.0410015
-0.0368917
-0.0333357
-0.0302314
-0.0275003
-0.0250808
-0.0229242
-0.0209914
-0.0192512
-0.017678
-0.0162508
-0.0149523
-0.0137682
-0.0126866
-0.0116974
-0.0107925
-0.00996483
-0.00920856
-0.00851883
-0.00789141
-0.0073224
-0.00681015
-0.00636089
-0.00597236
-0.00554125
-0.00480063
-0.0659058
-0.0574016
-0.0505011
-0.0448157
-0.0400111
-0.0359101
-0.032374
-0.0292965
-0.0265961
-0.0242092
-0.0220856
-0.0201856
-0.0184771
-0.0169341
-0.0155355
-0.014264
-0.013105
-0.0120469
-0.0110797
-0.0101952
-0.00938674
-0.00864865
-0.00797635
-0.00736583
-0.00681346
-0.0063183
-0.00588813
-0.00551916
-0.00509144
-0.00431792
-0.0649773
-0.0563712
-0.0493929
-0.0436722
-0.0388641
-0.0347794
-0.0312714
-0.0282288
-0.0255668
-0.0232194
-0.0211351
-0.0192733
-0.0176012
-0.0160926
-0.0147262
-0.0134844
-0.0123531
-0.0113205
-0.0103768
-0.00951409
-0.00872593
-0.00800699
-0.007353
-0.00676031
-0.00622568
-0.00574894
-0.00533899
-0.00499014
-0.00457058
-0.00379263
-0.0638999
-0.055156
-0.0480961
-0.0423445
-0.0375434
-0.0334876
-0.0300203
-0.0270244
-0.0244112
-0.0221126
-0.0200756
-0.0182586
-0.0166285
-0.0151589
-0.0138283
-0.0126194
-0.0115179
-0.0105123
-0.00959325
-0.00875308
-0.00798566
-0.00728612
-0.00665065
-0.00607606
-0.00555964
-0.00510206
-0.0047128
-0.00438395
-0.00397914
-0.00323492
-0.0626605
-0.053709
-0.0465597
-0.0407841
-0.0360054
-0.0319956
-0.0285857
-0.0256517
-0.023101
-0.0208631
-0.0188837
-0.0171205
-0.0155401
-0.0141159
-0.0128264
-0.0116545
-0.0105863
-0.00961059
-0.00871825
-0.00790212
-0.00715657
-0.00647727
-0.00586097
-0.00530512
-0.00480783
-0.00437073
-0.00400335
-0.00369571
-0.00331653
-0.00265518
-0.061302
-0.0520989
-0.0448722
-0.0390835
-0.0343368
-0.0303796
-0.0270311
-0.0241613
-0.0216742
-0.0194974
-0.0175755
-0.0158656
-0.0143341
-0.0129543
-0.0117051
-0.0105693
-0.00953349
-0.00858672
-0.0077205
-0.00692821
-0.00620491
-0.00554705
-0.00495229
-0.00441915
-0.00394717
-0.00353913
-0.00320322
-0.00292613
-0.00259245
-0.0020744
-0.0601365
-0.0508619
-0.0436989
-0.0379424
-0.0332272
-0.0292997
-0.0259794
-0.0231362
-0.0206733
-0.018518
-0.0166148
-0.0149207
-0.013402
-0.0120323
-0.0107905
-0.00966017
-0.00862813
-0.00768431
-0.00682102
-0.00603263
-0.00531525
-0.00466643
-0.00408485
-0.00357006
-0.00312252
-0.00274404
-0.00243608
-0.0021779
-0.00188425
-0.00153709
-0.0597409
-0.050695
-0.0438859
-0.0382768
-0.0336374
-0.0297525
-0.0264587
-0.0236331
-0.0211824
-0.0190352
-0.0171367
-0.0154441
-0.0139234
-0.0125478
-0.0112952
-0.0101479
-0.00909111
-0.00811275
-0.00720284
-0.00635342
-0.0055584
-0.00481363
-0.00411693
-0.00346821
-0.00286984
-0.00232843
-0.00185152
-0.00143486
-0.00106977
-0.000880237
-0.00147912
-0.00184784
-0.00226325
-0.00268675
-0.00308309
-0.00344694
-0.00378099
-0.00408668
-0.00436454
-0.00461518
-0.00483953
-0.0050387
-0.00521392
-0.00536646
-0.00549765
-0.00560882
-0.00570129
-0.00577636
-0.00583531
-0.00587935
-0.00590967
-0.00592737
-0.00593353
-0.00592915
-0.00591516
-0.00589245
-0.00586186
-0.00582414
-0.00578001
-0.00573013
-0.00567511
-0.00561552
-0.00555186
-0.00548461
-0.0054142
-0.00534103
-0.00526545
-0.00518778
-0.00510832
-0.00502734
-0.00494506
-0.0048617
-0.00477746
-0.00469249
-0.00460696
-0.00452098
-0.00443468
-0.00434816
-0.00426151
-0.00417484
-0.00408821
-0.00400149
-0.00391482
-0.00382828
-0.00374191
-0.0036557
-0.00356969
-0.00348396
-0.00339849
-0.00331328
-0.00322832
-0.00314363
-0.00305918
-0.00297499
-0.00289104
-0.00280733
-0.00272384
-0.00264058
-0.00255753
-0.00247467
-0.00239201
-0.00230953
-0.00222723
-0.00214508
-0.00206308
-0.00198123
-0.00189951
-0.00181791
-0.00173643
-0.00165505
-0.00157377
-0.00149258
-0.00141147
-0.00133044
-0.00124948
-0.00116859
-0.00108775
-0.00100696
-0.000926219
-0.000845531
-0.000764902
-0.000684313
-0.000603749
-0.000523208
-0.000442691
-0.000362186
-0.000281672
-0.000201186
-0.000120763
-4.033e-05
-0.00229472
-0.00240013
-0.0026544
-0.0029667
-0.00326435
-0.00353845
-0.00379383
-0.00403201
-0.00425264
-0.00445545
-0.00464049
-0.00480803
-0.00495844
-0.00509221
-0.0052099
-0.00531216
-0.00539967
-0.00547317
-0.00553339
-0.0055811
-0.00561707
-0.00564204
-0.00565676
-0.00566194
-0.0056583
-0.00564649
-0.00562717
-0.00560094
-0.00556839
-0.00553006
-0.00548647
-0.0054381
-0.0053854
-0.0053288
-0.00526869
-0.00520543
-0.00513935
-0.00507076
-0.00499994
-0.00492715
-0.00485264
-0.0047766
-0.00469925
-0.00462075
-0.00454127
-0.00446095
-0.00437991
-0.00429828
-0.00421614
-0.00413356
-0.00405059
-0.00396751
-0.00388426
-0.00380087
-0.0037174
-0.00363389
-0.00355041
-0.0034669
-0.00338343
-0.00330001
-0.00321668
-0.00313345
-0.00305032
-0.00296731
-0.00288442
-0.00280165
-0.00271902
-0.0026365
-0.00255412
-0.00247185
-0.00238971
-0.00230769
-0.00222578
-0.00214398
-0.00206228
-0.00198068
-0.00189919
-0.00181778
-0.00173646
-0.00165521
-0.00157404
-0.00149294
-0.0014119
-0.00133093
-0.00125001
-0.00116915
-0.00108834
-0.00100757
-0.000926833
-0.000846139
-0.000765484
-0.000684866
-0.000604283
-0.000523734
-0.000443212
-0.000362681
-0.000282123
-0.000201593
-0.000121133
-4.05777e-05
-0.00301851
-0.00291027
-0.00303018
-0.00325424
-0.00347512
-0.00367907
-0.00387253
-0.00405716
-0.00423188
-0.0043957
-0.00454806
-0.00468859
-0.00481708
-0.00493346
-0.00503778
-0.00513017
-0.00521087
-0.00528021
-0.00533855
-0.00538632
-0.00542397
-0.005452
-0.00547089
-0.00548117
-0.00548333
-0.0054779
-0.00546536
-0.00544622
-0.00542093
-0.00538997
-0.00535377
-0.00531275
-0.0052673
-0.0052178
-0.00516461
-0.00510806
-0.00504846
-0.00498609
-0.00492124
-0.00485415
-0.00478504
-0.00471415
-0.00464165
-0.00456774
-0.00449258
-0.00441631
-0.00433908
-0.004261
-0.00418219
-0.00410275
-0.00402278
-0.00394233
-0.0038615
-0.00378034
-0.00369891
-0.00361727
-0.00353546
-0.00345352
-0.0033715
-0.00328941
-0.00320729
-0.00312516
-0.00304303
-0.00296092
-0.00287884
-0.00279681
-0.00271483
-0.00263291
-0.00255105
-0.00246926
-0.00238753
-0.00230587
-0.00222429
-0.00214278
-0.00206133
-0.00197995
-0.00189864
-0.0018174
-0.00173622
-0.00165509
-0.00157402
-0.00149301
-0.00141205
-0.00133114
-0.00125027
-0.00116944
-0.00108865
-0.0010079
-0.000927184
-0.000846503
-0.000765852
-0.000685221
-0.000604622
-0.00052407
-0.000443547
-0.000363005
-0.000282427
-0.000201874
-0.000121405
-4.07893e-05
-0.00365004
-0.00339029
-0.00340648
-0.00355408
-0.00370705
-0.0038492
-0.00398788
-0.0041246
-0.00425775
-0.00438578
-0.00450762
-0.00462246
-0.0047296
-0.00482853
-0.00491886
-0.00500035
-0.00507287
-0.00513641
-0.00519101
-0.00523683
-0.00527406
-0.00530296
-0.00532382
-0.00533697
-0.00534275
-0.00534154
-0.00533369
-0.00531959
-0.00529962
-0.00527414
-0.00524353
-0.00520814
-0.00516832
-0.00512439
-0.00507667
-0.00502547
-0.00497107
-0.00491374
-0.00485374
-0.0047913
-0.00472665
-0.00466
-0.00459154
-0.00452145
-0.0044499
-0.00437704
-0.004303
-0.00422793
-0.00415193
-0.00407511
-0.00399757
-0.0039194
-0.00384068
-0.00376148
-0.00368187
-0.00360191
-0.00352164
-0.00344113
-0.0033604
-0.00327951
-0.00319847
-0.00311733
-0.0030361
-0.00295481
-0.00287347
-0.0027921
-0.00271072
-0.00262934
-0.00254797
-0.00246661
-0.00238527
-0.00230396
-0.00222268
-0.00214144
-0.00206024
-0.00197907
-0.00189794
-0.00181686
-0.00173582
-0.00165482
-0.00157385
-0.00149293
-0.00141204
-0.00133119
-0.00125037
-0.0011696
-0.00108885
-0.00100812
-0.000927424
-0.00084676
-0.000766116
-0.000685488
-0.000604887
-0.000524332
-0.000443804
-0.000363254
-0.000282665
-0.000202105
-0.000121656
-4.10036e-05
-0.00420206
-0.00383477
-0.00377108
-0.00385047
-0.0039413
-0.00402773
-0.0041172
-0.00421072
-0.00430614
-0.00440148
-0.00449525
-0.00458621
-0.00467328
-0.00475554
-0.00483228
-0.0049029
-0.00496697
-0.00502417
-0.00507431
-0.00511728
-0.00515306
-0.00518172
-0.00520335
-0.00521813
-0.00522626
-0.00522798
-0.00522354
-0.00521322
-0.00519731
-0.00517611
-0.00514991
-0.00511901
-0.00508372
-0.00504431
-0.00500107
-0.00495427
-0.00490418
-0.00485104
-0.00479509
-0.00473656
-0.00467567
-0.00461261
-0.00454758
-0.00448074
-0.00441228
-0.00434233
-0.00427105
-0.00419856
-0.00412499
-0.00405045
-0.00397504
-0.00389885
-0.00382198
-0.00374449
-0.00366647
-0.00358798
-0.00350908
-0.00342981
-0.00335024
-0.0032704
-0.00319034
-0.00311007
-0.00302965
-0.00294909
-0.00286841
-0.00278765
-0.00270682
-0.00262593
-0.002545
-0.00246404
-0.00238306
-0.00230207
-0.00222108
-0.00214009
-0.00205911
-0.00197814
-0.00189719
-0.00181625
-0.00173535
-0.00165446
-0.0015736
-0.00149277
-0.00141196
-0.00133117
-0.00125041
-0.00116967
-0.00108895
-0.00100826
-0.000927594
-0.000846946
-0.000766316
-0.0006857
-0.000605104
-0.000524544
-0.000444011
-0.000363457
-0.00028286
-0.000202304
-0.000121892
-4.12194e-05
-0.00467103
-0.00423453
-0.00410984
-0.00412913
-0.00416453
-0.00420197
-0.00424832
-0.00430385
-0.00436596
-0.0044323
-0.00450103
-0.00457054
-0.00463941
-0.00470642
-0.00477053
-0.00483089
-0.00488678
-0.00493766
-0.00498311
-0.00502283
-0.0050566
-0.00508431
-0.00510592
-0.00512147
-0.00513102
-0.0051347
-0.00513268
-0.00512514
-0.00511229
-0.00509437
-0.0050716
-0.00504425
-0.00501256
-0.00497677
-0.00493715
-0.00489393
-0.00484735
-0.00479765
-0.00474505
-0.00468975
-0.00463198
-0.00457191
-0.00450974
-0.00444564
-0.00437977
-0.00431229
-0.00424333
-0.00417304
-0.00410153
-0.00402892
-0.00395533
-0.00388084
-0.00380555
-0.00372954
-0.00365289
-0.00357566
-0.00349793
-0.00341976
-0.00334118
-0.00326226
-0.00318303
-0.00310355
-0.00302383
-0.00294391
-0.00286382
-0.00278359
-0.00270324
-0.00262279
-0.00254225
-0.00246164
-0.00238098
-0.00230028
-0.00221954
-0.00213878
-0.00205801
-0.00197722
-0.00189643
-0.00181564
-0.00173485
-0.00165407
-0.00157331
-0.00149255
-0.00141181
-0.00133109
-0.00125038
-0.00116969
-0.00108901
-0.00100835
-0.000927707
-0.000847081
-0.000766468
-0.000685867
-0.000605278
-0.000524712
-0.000444176
-0.000363625
-0.00028303
-0.000202483
-0.000122107
-4.14257e-05
-0.00505943
-0.00458665
-0.00441604
-0.00438234
-0.00436891
-0.00436394
-0.00437312
-0.00439584
-0.00442912
-0.0044703
-0.00451722
-0.00456795
-0.00462079
-0.00467425
-0.00472705
-0.00477809
-0.00482645
-0.00487138
-0.00491229
-0.00494868
-0.00498021
-0.00500662
-0.00502774
-0.00504348
-0.00505382
-0.00505878
-0.00505845
-0.00505293
-0.00504237
-0.00502695
-0.00500684
-0.00498226
-0.00495341
-0.00492051
-0.00488379
-0.00484345
-0.00479972
-0.00475281
-0.00470294
-0.00465029
-0.00459508
-0.00453748
-0.00447768
-0.00441584
-0.00435213
-0.00428669
-0.00421968
-0.00415122
-0.00408145
-0.00401047
-0.0039384
-0.00386534
-0.00379139
-0.00371663
-0.00364113
-0.00356499
-0.00348826
-0.003411
-0.00333328
-0.00325514
-0.00317664
-0.00309781
-0.0030187
-0.00293933
-0.00285975
-0.00277999
-0.00270005
-0.00261998
-0.00253979
-0.00245949
-0.00237911
-0.00229865
-0.00221814
-0.00213758
-0.00205698
-0.00197636
-0.00189571
-0.00181504
-0.00173436
-0.00165369
-0.00157301
-0.00149233
-0.00141165
-0.00133098
-0.00125032
-0.00116967
-0.00108904
-0.00100841
-0.000927786
-0.000847178
-0.000766582
-0.000685995
-0.000605414
-0.000524852
-0.000444317
-0.00036377
-0.00028318
-0.000202641
-0.000122297
-4.16191e-05
-0.00537301
-0.00489049
-0.00468573
-0.00460562
-0.0045498
-0.00450869
-0.00448634
-0.00448124
-0.00449004
-0.00450983
-0.00453815
-0.00457283
-0.00461191
-0.00465367
-0.00469663
-0.0047395
-0.00478118
-0.00482077
-0.0048575
-0.00489076
-0.00492008
-0.00494506
-0.00496545
-0.00498106
-0.00499177
-0.00499754
-0.00499837
-0.00499431
-0.00498546
-0.00497194
-0.00495388
-0.00493145
-0.00490484
-0.00487422
-0.0048398
-0.00480176
-0.00476032
-0.00471566
-0.00466799
-0.0046175
-0.00456437
-0.00450879
-0.00445092
-0.00439093
-0.00432899
-0.00426525
-0.00419983
-0.00413289
-0.00406455
-0.00399492
-0.00392412
-0.00385225
-0.00377941
-0.00370569
-0.00363116
-0.00355592
-0.00348002
-0.00340354
-0.00332653
-0.00324905
-0.00317116
-0.00309289
-0.00301428
-0.00293539
-0.00285624
-0.00277687
-0.00269729
-0.00261754
-0.00253763
-0.0024576
-0.00237746
-0.00229722
-0.0022169
-0.00213651
-0.00205607
-0.00197558
-0.00189505
-0.0018145
-0.00173392
-0.00165333
-0.00157272
-0.00149211
-0.00141149
-0.00133087
-0.00125025
-0.00116964
-0.00108904
-0.00100844
-0.000927841
-0.000847251
-0.000766669
-0.000686095
-0.000605524
-0.000524968
-0.000444438
-0.000363895
-0.000283309
-0.000202775
-0.000122461
-4.17963e-05
-0.00561911
-0.0051468
-0.0049169
-0.00479668
-0.00470482
-0.00463355
-0.00458499
-0.00455675
-0.0045452
-0.0045472
-0.00456006
-0.00458134
-0.0046089
-0.00464083
-0.00467548
-0.00471141
-0.00474738
-0.00478233
-0.00481541
-0.00484588
-0.00487315
-0.00489675
-0.00491634
-0.00493164
-0.00494248
-0.00494874
-0.00495037
-0.00494736
-0.00493978
-0.00492768
-0.00491119
-0.00489043
-0.00486555
-0.00483672
-0.00480411
-0.00476789
-0.00472826
-0.0046854
-0.00463949
-0.00459072
-0.00453926
-0.0044853
-0.00442899
-0.0043705
-0.00430999
-0.00424761
-0.0041835
-0.00411779
-0.00405061
-0.00398208
-0.00391232
-0.00384142
-0.00376949
-0.00369661
-0.00362288
-0.00354838
-0.00347317
-0.00339732
-0.0033209
-0.00324397
-0.00316657
-0.00308875
-0.00301057
-0.00293208
-0.00285329
-0.00277424
-0.00269496
-0.00261547
-0.00253582
-0.002456
-0.00237606
-0.002296
-0.00221584
-0.00213559
-0.00205528
-0.0019749
-0.00189448
-0.00181402
-0.00173352
-0.001653
-0.00157246
-0.0014919
-0.00141133
-0.00133076
-0.00125018
-0.0011696
-0.00108902
-0.00100845
-0.000927875
-0.000847306
-0.000766741
-0.000686177
-0.000605613
-0.000525062
-0.000444536
-0.000363998
-0.000283418
-0.000202889
-0.000122599
-4.19551e-05
-0.00580623
-0.00535746
-0.00510906
-0.00495496
-0.00483329
-0.00473746
-0.00466764
-0.00462063
-0.0045926
-0.0045802
-0.00458051
-0.00459092
-0.00460911
-0.00463303
-0.00466088
-0.0046911
-0.00472234
-0.00475344
-0.00478344
-0.00481153
-0.00483702
-0.00485939
-0.00487821
-0.00489315
-0.00490397
-0.00491052
-0.00491269
-0.00491044
-0.00490378
-0.00489275
-0.00487744
-0.00485795
-0.00483441
-0.00480695
-0.00477574
-0.00474095
-0.00470273
-0.00466127
-0.00461674
-0.00456932
-0.00451918
-0.00446649
-0.00441142
-0.00435412
-0.00429475
-0.00423345
-0.00417037
-0.00410564
-0.00403939
-0.00397174
-0.0039028
-0.00383267
-0.00376147
-0.00368928
-0.00361618
-0.00354227
-0.00346761
-0.00339228
-0.00331633
-0.00323983
-0.00316284
-0.0030854
-0.00300757
-0.00292938
-0.00285087
-0.00277208
-0.00269304
-0.00261377
-0.00253431
-0.00245468
-0.0023749
-0.00229498
-0.00221496
-0.00213483
-0.00205462
-0.00197435
-0.00189401
-0.00181362
-0.00173319
-0.00165273
-0.00157224
-0.00149173
-0.0014112
-0.00133066
-0.00125011
-0.00116956
-0.00108901
-0.00100845
-0.0009279
-0.000847347
-0.000766796
-0.000686241
-0.000605684
-0.000525139
-0.000444617
-0.000364084
-0.000283505
-0.000202977
-0.00012271
-4.20942e-05
-0.00594329
-0.00552501
-0.00526298
-0.00508114
-0.00493568
-0.00482053
-0.00473398
-0.00467225
-0.00463129
-0.0046076
-0.00459808
-0.00459996
-0.00461079
-0.0046284
-0.00465089
-0.00467658
-0.00470406
-0.00473209
-0.00475961
-0.00478576
-0.0048098
-0.00483113
-0.00484928
-0.00486387
-0.00487461
-0.00488132
-0.00488385
-0.00488213
-0.00487614
-0.0048659
-0.00485147
-0.00483293
-0.00481039
-0.00478397
-0.00475383
-0.0047201
-0.00468297
-0.00464258
-0.00459911
-0.00455272
-0.00450359
-0.00445189
-0.00439776
-0.00434137
-0.00428287
-0.00422242
-0.00416013
-0.00409616
-0.00403063
-0.00396366
-0.00389536
-0.00382584
-0.0037552
-0.00368353
-0.00361094
-0.00353748
-0.00346325
-0.00338832
-0.00331274
-0.00323658
-0.00315991
-0.00308276
-0.00300519
-0.00292725
-0.00284896
-0.00277038
-0.00269152
-0.00261243
-0.00253312
-0.00245363
-0.00237398
-0.00229418
-0.00221426
-0.00213423
-0.0020541
-0.00197389
-0.00189362
-0.0018133
-0.00173292
-0.00165251
-0.00157206
-0.00149158
-0.00141109
-0.00133058
-0.00125006
-0.00116953
-0.00108899
-0.00100846
-0.000927919
-0.000847379
-0.000766837
-0.00068629
-0.00060574
-0.0005252
-0.000444679
-0.000364149
-0.000283578
-0.000203051
-0.000122795
-4.22124e-05
-0.00603897
-0.00565245
-0.00538033
-0.00517683
-0.0050133
-0.00488361
-0.00478451
-0.00471171
-0.00466107
-0.00462892
-0.00461203
-0.00460752
-0.00461283
-0.0046257
-0.00464414
-0.00466643
-0.00469107
-0.00471675
-0.0047424
-0.00476706
-0.00478997
-0.00481048
-0.00482809
-0.00484238
-0.00485304
-0.00485983
-0.0048626
-0.00486125
-0.00485573
-0.00484605
-0.00483225
-0.0048144
-0.00479258
-0.00476693
-0.00473756
-0.00470463
-0.00466828
-0.00462868
-0.00458599
-0.00454037
-0.00449199
-0.004441
-0.00438758
-0.00433187
-0.00427402
-0.00421418
-0.00415249
-0.00408908
-0.00402408
-0.00395762
-0.00388979
-0.00382072
-0.0037505
-0.00367923
-0.003607
-0.00353389
-0.00345998
-0.00338534
-0.00331004
-0.00323414
-0.0031577
-0.00308077
-0.00300341
-0.00292564
-0.00284753
-0.0027691
-0.00269038
-0.00261141
-0.00253223
-0.00245284
-0.00237328
-0.00229357
-0.00221373
-0.00213377
-0.0020537
-0.00197355
-0.00189333
-0.00181305
-0.00173272
-0.00165234
-0.00157192
-0.00149148
-0.001411
-0.00133052
-0.00125001
-0.0011695
-0.00108898
-0.00100846
-0.000927934
-0.000847406
-0.00076687
-0.000686328
-0.000605786
-0.00052525
-0.00044473
-0.0003642
-0.00028363
-0.000203101
-0.000122854
-4.23105e-05
-0.00610126
-0.00574295
-0.00546348
-0.00524425
-0.00506797
-0.0049281
-0.00482017
-0.00473962
-0.0046822
-0.00464414
-0.00462211
-0.00461312
-0.00461457
-0.00462412
-0.00463973
-0.00465962
-0.00468226
-0.0047063
-0.00473061
-0.00475422
-0.00477632
-0.00479625
-0.00481347
-0.00482753
-0.00483811
-0.00484494
-0.00484787
-0.00484676
-0.00484157
-0.00483227
-0.0048189
-0.00480152
-0.0047802
-0.00475507
-0.00472624
-0.00469385
-0.00465805
-0.00461899
-0.00457684
-0.00453175
-0.00448389
-0.00443341
-0.00438047
-0.00432523
-0.00426783
-0.00420843
-0.00414715
-0.00408413
-0.00401951
-0.00395339
-0.0038859
-0.00381714
-0.00374722
-0.00367622
-0.00360425
-0.00353138
-0.00345769
-0.00338326
-0.00330815
-0.00323243
-0.00315616
-0.00307938
-0.00300215
-0.00292452
-0.00284652
-0.0027682
-0.00268958
-0.0026107
-0.0025316
-0.00245229
-0.00237279
-0.00229314
-0.00221336
-0.00213344
-0.00205342
-0.00197331
-0.00189313
-0.00181288
-0.00173257
-0.00165222
-0.00157183
-0.0014914
-0.00141094
-0.00133047
-0.00124998
-0.00116948
-0.00108897
-0.00100846
-0.000927948
-0.000847424
-0.000766894
-0.00068636
-0.000605824
-0.00052529
-0.000444767
-0.000364237
-0.000283673
-0.000203138
-0.000122884
-4.23845e-05
-0.00613709
-0.00579967
-0.00551524
-0.00528597
-0.00510178
-0.0049556
-0.00484221
-0.00475687
-0.00469526
-0.00465355
-0.00462833
-0.00461659
-0.00461565
-0.00462314
-0.004637
-0.00465542
-0.00467681
-0.00469984
-0.00472332
-0.00474627
-0.00476788
-0.00478745
-0.00480442
-0.00481834
-0.00482887
-0.00483573
-0.00483875
-0.00483779
-0.00483279
-0.00482373
-0.00481063
-0.00479353
-0.00477253
-0.00474772
-0.00471922
-0.00468717
-0.00465171
-0.00461299
-0.00457117
-0.00452641
-0.00447887
-0.0044287
-0.00437607
-0.00432112
-0.004264
-0.00420486
-0.00414384
-0.00408107
-0.00401667
-0.00395077
-0.00388348
-0.00381493
-0.00374518
-0.00367436
-0.00360254
-0.00352983
-0.00345627
-0.00338197
-0.00330698
-0.00323137
-0.0031552
-0.00307852
-0.00300138
-0.00292382
-0.0028459
-0.00276764
-0.00268908
-0.00261026
-0.00253121
-0.00245194
-0.00237249
-0.00229288
-0.00221312
-0.00213324
-0.00205325
-0.00197317
-0.001893
-0.00181277
-0.00173248
-0.00165215
-0.00157177
-0.00149135
-0.00141091
-0.00133044
-0.00124997
-0.00116947
-0.00108897
-0.00100846
-0.000927958
-0.000847449
-0.000766921
-0.000686379
-0.000605845
-0.000525319
-0.000444792
-0.000364254
-0.000283688
-0.000203153
-0.000122904
-4.24473e-05
-0.00615227
-0.00582585
-0.00553887
-0.00530489
-0.00511707
-0.00496801
-0.00485212
-0.00476458
-0.00470106
-0.00465768
-0.00463101
-0.004618
-0.00461597
-0.00462253
-0.00463559
-0.00465333
-0.00467417
-0.00469673
-0.00471983
-0.0047425
-0.00476388
-0.00478328
-0.00480015
-0.00481401
-0.00482452
-0.0048314
-0.00483447
-0.00483358
-0.00482868
-0.00481973
-0.00480676
-0.0047898
-0.00476894
-0.00474429
-0.00471594
-0.00468405
-0.00464875
-0.00461019
-0.00456853
-0.00452392
-0.00447653
-0.00442651
-0.00437402
-0.0043192
-0.00426222
-0.0042032
-0.0041423
-0.00407964
-0.00401535
-0.00394955
-0.00388237
-0.0038139
-0.00374424
-0.0036735
-0.00360176
-0.00352911
-0.00345562
-0.00338137
-0.00330644
-0.00323088
-0.00315476
-0.00307812
-0.00300102
-0.0029235
-0.00284561
-0.00276738
-0.00268886
-0.00261006
-0.00253103
-0.00245179
-0.00237236
-0.00229276
-0.00221302
-0.00213315
-0.00205318
-0.0019731
-0.00189295
-0.00181273
-0.00173245
-0.00165212
-0.00157175
-0.00149134
-0.00141089
-0.00133043
-0.00124996
-0.00116947
-0.00108897
-0.00100847
-0.000927958
-0.000847443
-0.00076692
-0.000686395
-0.000605869
-0.000525346
-0.000444821
-0.000364278
-0.000283708
-0.00020316
-0.000122898
-4.24785e-05
-0.00615247
-0.00582604
-0.00553905
-0.00530505
-0.00511723
-0.00496816
-0.00485227
-0.00476472
-0.00470119
-0.0046578
-0.00463113
-0.00461812
-0.00461608
-0.00462263
-0.00463569
-0.00465343
-0.00467426
-0.00469681
-0.00471991
-0.00474257
-0.00476395
-0.00478335
-0.00480021
-0.00481407
-0.00482458
-0.00483146
-0.00483452
-0.00483363
-0.00482873
-0.00481978
-0.0048068
-0.00478984
-0.00476898
-0.00474432
-0.00471598
-0.00468409
-0.00464878
-0.00461022
-0.00456856
-0.00452395
-0.00447656
-0.00442654
-0.00437404
-0.00431923
-0.00426224
-0.00420323
-0.00414232
-0.00407966
-0.00401537
-0.00394957
-0.00388239
-0.00381392
-0.00374426
-0.00367351
-0.00360177
-0.00352912
-0.00345563
-0.00338138
-0.00330645
-0.0032309
-0.00315477
-0.00307813
-0.00300103
-0.00292351
-0.00284562
-0.00276739
-0.00268887
-0.00261007
-0.00253104
-0.0024518
-0.00237236
-0.00229277
-0.00221303
-0.00213316
-0.00205318
-0.00197311
-0.00189296
-0.00181274
-0.00173246
-0.00165213
-0.00157175
-0.00149134
-0.0014109
-0.00133044
-0.00124997
-0.00116948
-0.00108897
-0.00100847
-0.000927957
-0.000847441
-0.000766923
-0.0006864
-0.000605876
-0.000525355
-0.000444832
-0.000364289
-0.000283713
-0.000203163
-0.000122902
-4.24807e-05
-0.00613767
-0.00580022
-0.00551576
-0.00528647
-0.00510225
-0.00495605
-0.00484264
-0.00475728
-0.00469565
-0.00465392
-0.00462869
-0.00461693
-0.00461597
-0.00462345
-0.00463729
-0.0046557
-0.00467708
-0.00470009
-0.00472356
-0.0047465
-0.0047681
-0.00478765
-0.00480461
-0.00481853
-0.00482904
-0.0048359
-0.00483891
-0.00483794
-0.00483294
-0.00482387
-0.00481076
-0.00479366
-0.00477265
-0.00474783
-0.00471933
-0.00468727
-0.00465181
-0.00461308
-0.00457126
-0.0045265
-0.00447895
-0.00442878
-0.00437614
-0.00432119
-0.00426407
-0.00420492
-0.0041439
-0.00408113
-0.00401673
-0.00395082
-0.00388353
-0.00381497
-0.00374523
-0.0036744
-0.00360259
-0.00352987
-0.00345631
-0.00338201
-0.00330702
-0.00323141
-0.00315523
-0.00307855
-0.00300141
-0.00292385
-0.00284592
-0.00276766
-0.00268911
-0.00261029
-0.00253123
-0.00245197
-0.00237251
-0.0022929
-0.00221314
-0.00213326
-0.00205327
-0.00197319
-0.00189302
-0.00181279
-0.00173251
-0.00165217
-0.00157179
-0.00149137
-0.00141093
-0.00133046
-0.00124998
-0.00116948
-0.00108898
-0.00100847
-0.00092796
-0.000847441
-0.000766926
-0.000686402
-0.000605869
-0.000525346
-0.000444824
-0.000364289
-0.00028372
-0.000203169
-0.000122901
-4.24407e-05
-0.00610221
-0.00574386
-0.00546434
-0.00524507
-0.00506875
-0.00492884
-0.00482088
-0.0047403
-0.00468284
-0.00464475
-0.00462269
-0.00461368
-0.0046151
-0.00462462
-0.00464021
-0.00466008
-0.00468269
-0.00470671
-0.004731
-0.00475459
-0.00477668
-0.00479659
-0.00481379
-0.00482784
-0.0048384
-0.00484522
-0.00484813
-0.00484701
-0.00484181
-0.0048325
-0.00481912
-0.00480172
-0.0047804
-0.00475526
-0.00472642
-0.00469402
-0.00465821
-0.00461915
-0.00457699
-0.00453189
-0.00448402
-0.00443354
-0.00438059
-0.00432535
-0.00426795
-0.00420853
-0.00414725
-0.00408423
-0.0040196
-0.00395348
-0.00388598
-0.00381722
-0.00374729
-0.00367629
-0.00360432
-0.00353145
-0.00345776
-0.00338332
-0.00330821
-0.00323249
-0.00315621
-0.00307943
-0.0030022
-0.00292457
-0.00284657
-0.00276824
-0.00268962
-0.00261075
-0.00253164
-0.00245233
-0.00237283
-0.00229318
-0.00221339
-0.00213347
-0.00205346
-0.00197335
-0.00189316
-0.00181291
-0.00173261
-0.00165225
-0.00157186
-0.00149143
-0.00141098
-0.0013305
-0.00125001
-0.0011695
-0.00108899
-0.00100848
-0.000927966
-0.000847437
-0.000766911
-0.000686389
-0.000605861
-0.000525333
-0.000444809
-0.000364276
-0.000283708
-0.000203161
-0.000122889
-4.23803e-05
-0.00604028
-0.0056537
-0.0053815
-0.00517795
-0.00501436
-0.00488463
-0.00478547
-0.00471263
-0.00466194
-0.00462975
-0.00461283
-0.00460828
-0.00461355
-0.00462638
-0.00464479
-0.00466705
-0.00469166
-0.00471732
-0.00474293
-0.00476757
-0.00479045
-0.00481095
-0.00482853
-0.0048428
-0.00485344
-0.00486021
-0.00486296
-0.00486159
-0.00485606
-0.00484637
-0.00483255
-0.00481468
-0.00479286
-0.00476719
-0.00473781
-0.00470486
-0.0046685
-0.00462889
-0.00458619
-0.00454056
-0.00449217
-0.00444118
-0.00438775
-0.00433203
-0.00427417
-0.00421433
-0.00415263
-0.00408922
-0.00402421
-0.00395774
-0.00388991
-0.00382083
-0.00375061
-0.00367933
-0.0036071
-0.00353399
-0.00346008
-0.00338543
-0.00331013
-0.00323422
-0.00315778
-0.00308085
-0.00300348
-0.00292571
-0.00284759
-0.00276916
-0.00269044
-0.00261148
-0.00253229
-0.0024529
-0.00237334
-0.00229362
-0.00221377
-0.00213381
-0.00205375
-0.0019736
-0.00189338
-0.0018131
-0.00173276
-0.00165238
-0.00157197
-0.00149152
-0.00141105
-0.00133056
-0.00125006
-0.00116954
-0.00108901
-0.00100849
-0.000927965
-0.000847436
-0.000766905
-0.000686372
-0.000605838
-0.000525303
-0.000444776
-0.000364244
-0.000283677
-0.000203132
-0.000122855
-4.23013e-05
-0.00594492
-0.00552657
-0.00526445
-0.00508254
-0.00493701
-0.00482179
-0.00473519
-0.00467339
-0.00463238
-0.00460864
-0.00459907
-0.0046009
-0.00461169
-0.00462926
-0.0046517
-0.00467736
-0.0047048
-0.00473279
-0.00476028
-0.0047864
-0.00481041
-0.00483171
-0.00484983
-0.00486439
-0.00487511
-0.00488179
-0.0048843
-0.00488256
-0.00487655
-0.0048663
-0.00485184
-0.00483328
-0.00481073
-0.00478429
-0.00475413
-0.0047204
-0.00468325
-0.00464285
-0.00459936
-0.00455297
-0.00450383
-0.00445211
-0.00439797
-0.00434157
-0.00428307
-0.0042226
-0.00416031
-0.00409633
-0.00403079
-0.00396381
-0.00389551
-0.00382598
-0.00375533
-0.00368366
-0.00361106
-0.00353761
-0.00346337
-0.00338843
-0.00331285
-0.00323669
-0.00316001
-0.00308286
-0.00300528
-0.00292733
-0.00284905
-0.00277046
-0.0026916
-0.00261251
-0.0025332
-0.0024537
-0.00237405
-0.00229425
-0.00221432
-0.00213429
-0.00205416
-0.00197396
-0.00189368
-0.00181336
-0.00173298
-0.00165257
-0.00157212
-0.00149165
-0.00141115
-0.00133064
-0.00125011
-0.00116958
-0.00108905
-0.00100851
-0.000927969
-0.00084743
-0.000766888
-0.000686343
-0.000605797
-0.000525256
-0.000444729
-0.000364197
-0.000283627
-0.000203085
-0.000122798
-4.22034e-05
-0.00580816
-0.0053593
-0.00511081
-0.00495662
-0.00483486
-0.00473896
-0.00466906
-0.00462199
-0.00459389
-0.00458143
-0.00458168
-0.00459203
-0.00461017
-0.00463404
-0.00466184
-0.00469201
-0.00472321
-0.00475427
-0.00478423
-0.00481228
-0.00483774
-0.00486008
-0.00487886
-0.00489377
-0.00490457
-0.00491108
-0.00491322
-0.00491095
-0.00490427
-0.00489322
-0.00487789
-0.00485838
-0.00483481
-0.00480734
-0.00477611
-0.0047413
-0.00470307
-0.00466159
-0.00461705
-0.00456962
-0.00451946
-0.00446676
-0.00441167
-0.00435436
-0.00429498
-0.00423367
-0.00417058
-0.00410584
-0.00403958
-0.00397192
-0.00390298
-0.00383285
-0.00376164
-0.00368944
-0.00361634
-0.00354242
-0.00346775
-0.00339241
-0.00331646
-0.00323996
-0.00316297
-0.00308552
-0.00300768
-0.00292949
-0.00285098
-0.00277218
-0.00269314
-0.00261387
-0.00253441
-0.00245477
-0.00237498
-0.00229507
-0.00221504
-0.00213491
-0.0020547
-0.00197442
-0.00189408
-0.0018137
-0.00173327
-0.0016528
-0.00157231
-0.0014918
-0.00141127
-0.00133073
-0.00125018
-0.00116963
-0.00108908
-0.00100852
-0.000927967
-0.000847414
-0.000766861
-0.000686306
-0.000605748
-0.0005252
-0.000444672
-0.000364134
-0.00028355
-0.000203009
-0.00012272
-4.20914e-05
-0.00562131
-0.00514891
-0.0049189
-0.00479858
-0.00470663
-0.00463526
-0.00458662
-0.0045583
-0.00454668
-0.00454861
-0.00456139
-0.00458261
-0.00461011
-0.00464199
-0.00467658
-0.00471245
-0.00474837
-0.00478328
-0.00481631
-0.00484674
-0.00487397
-0.00489754
-0.00491709
-0.00493236
-0.00494316
-0.00494938
-0.00495098
-0.00494795
-0.00494034
-0.00492822
-0.0049117
-0.00489092
-0.00486602
-0.00483716
-0.00480453
-0.0047683
-0.00472865
-0.00468577
-0.00463984
-0.00459106
-0.00453958
-0.0044856
-0.00442928
-0.00437078
-0.00431026
-0.00424787
-0.00418375
-0.00411803
-0.00405084
-0.0039823
-0.00391253
-0.00384162
-0.00376968
-0.0036968
-0.00362307
-0.00354855
-0.00347333
-0.00339748
-0.00332106
-0.00324412
-0.00316671
-0.0030889
-0.00301072
-0.00293221
-0.00285341
-0.00277435
-0.00269507
-0.00261558
-0.00253592
-0.00245611
-0.00237616
-0.0022961
-0.00221594
-0.00213569
-0.00205538
-0.001975
-0.00189458
-0.00181411
-0.00173361
-0.00165309
-0.00157255
-0.00149199
-0.00141142
-0.00133084
-0.00125026
-0.00116969
-0.00108911
-0.00100853
-0.000927957
-0.000847388
-0.000766821
-0.000686254
-0.000605686
-0.000525131
-0.000444599
-0.000364056
-0.000283472
-0.000202924
-0.000122604
-4.19479e-05
-0.00537546
-0.00489284
-0.00468797
-0.00460774
-0.00455181
-0.0045106
-0.00448817
-0.00448297
-0.00449168
-0.00451139
-0.00453964
-0.00457425
-0.00461326
-0.00465496
-0.00469786
-0.00474067
-0.00478229
-0.00482183
-0.00485851
-0.00489173
-0.00492099
-0.00494594
-0.00496629
-0.00498186
-0.00499253
-0.00499826
-0.00499906
-0.00499497
-0.00498609
-0.00497254
-0.00495445
-0.004932
-0.00490536
-0.00487472
-0.00484027
-0.00480222
-0.00476075
-0.00471608
-0.00466839
-0.00461788
-0.00456473
-0.00450913
-0.00445125
-0.00439125
-0.0043293
-0.00426554
-0.00420011
-0.00413316
-0.00406481
-0.00399517
-0.00392436
-0.00385248
-0.00377963
-0.0037059
-0.00363137
-0.00355611
-0.00348021
-0.00340372
-0.00332671
-0.00324923
-0.00317132
-0.00309305
-0.00301444
-0.00293554
-0.00285639
-0.002777
-0.00269742
-0.00261767
-0.00253776
-0.00245773
-0.00237758
-0.00229734
-0.00221702
-0.00213663
-0.00205618
-0.00197569
-0.00189516
-0.0018146
-0.00173402
-0.00165342
-0.00157282
-0.0014922
-0.00141159
-0.00133097
-0.00125035
-0.00116974
-0.00108913
-0.00100853
-0.00092793
-0.000847344
-0.000766765
-0.000686186
-0.000605606
-0.000525043
-0.000444506
-0.000363954
-0.000283355
-0.000202804
-0.000122471
-4.17951e-05
-0.00506212
-0.00458924
-0.0044185
-0.00438467
-0.00437113
-0.00436604
-0.00437511
-0.00439774
-0.00443093
-0.00447202
-0.00451886
-0.00456951
-0.00462228
-0.00467567
-0.0047284
-0.00477937
-0.00482767
-0.00487255
-0.0049134
-0.00494975
-0.00498123
-0.00500759
-0.00502867
-0.00504436
-0.00505466
-0.00505958
-0.00505921
-0.00505366
-0.00504307
-0.00502761
-0.00500748
-0.00498287
-0.00495399
-0.00492107
-0.00488432
-0.00484396
-0.0048002
-0.00475328
-0.00470338
-0.00465072
-0.00459549
-0.00453787
-0.00447805
-0.0044162
-0.00435247
-0.00428702
-0.00421999
-0.00415152
-0.00408174
-0.00401075
-0.00393867
-0.0038656
-0.00379164
-0.00371686
-0.00364136
-0.00356521
-0.00348847
-0.00341121
-0.00333348
-0.00325533
-0.00317682
-0.00309799
-0.00301887
-0.0029395
-0.00285992
-0.00278015
-0.00270021
-0.00262013
-0.00253993
-0.00245963
-0.00237925
-0.00229879
-0.00221828
-0.00213771
-0.00205711
-0.00197648
-0.00189583
-0.00181516
-0.00173448
-0.0016538
-0.00157311
-0.00149243
-0.00141176
-0.00133109
-0.00125043
-0.00116978
-0.00108914
-0.00100851
-0.00092789
-0.000847282
-0.000766687
-0.000686095
-0.000605503
-0.000524931
-0.000444388
-0.00036383
-0.000283226
-0.000202669
-0.000122309
-4.16199e-05
-0.00467395
-0.00423733
-0.00411251
-0.00413166
-0.00416693
-0.00420425
-0.00425049
-0.00430591
-0.00436791
-0.00443417
-0.00450281
-0.00457223
-0.00464102
-0.00470796
-0.004772
-0.00483228
-0.00488811
-0.00493893
-0.00498433
-0.00502398
-0.0050577
-0.00508536
-0.00510693
-0.00512243
-0.00513193
-0.00513558
-0.00513351
-0.00512593
-0.00511305
-0.00509509
-0.0050723
-0.00504492
-0.00501319
-0.00497738
-0.00493773
-0.00489449
-0.00484789
-0.00479816
-0.00474553
-0.00469022
-0.00463242
-0.00457234
-0.00451015
-0.00444603
-0.00438015
-0.00431265
-0.00424368
-0.00417337
-0.00410185
-0.00402923
-0.00395562
-0.00388112
-0.00380582
-0.0037298
-0.00365314
-0.00357591
-0.00349817
-0.00341998
-0.0033414
-0.00326247
-0.00318324
-0.00310374
-0.00302402
-0.0029441
-0.002864
-0.00278377
-0.00270341
-0.00262296
-0.00254241
-0.00246181
-0.00238114
-0.00230043
-0.00221969
-0.00213893
-0.00205815
-0.00197736
-0.00189656
-0.00181577
-0.00173498
-0.0016542
-0.00157343
-0.00149267
-0.00141193
-0.00133121
-0.0012505
-0.0011698
-0.00108913
-0.00100847
-0.000927824
-0.000847192
-0.000766575
-0.000685968
-0.000605369
-0.000524792
-0.000444245
-0.000363683
-0.000283077
-0.000202513
-0.000122118
-4.1426e-05
-0.0042052
-0.00383778
-0.00377394
-0.00385317
-0.00394386
-0.00403016
-0.00411951
-0.00421292
-0.00430823
-0.00440347
-0.00449715
-0.00458802
-0.004675
-0.00475719
-0.00483385
-0.0049044
-0.0049684
-0.00502553
-0.00507561
-0.00511852
-0.00515425
-0.00518285
-0.00520443
-0.00521917
-0.00522725
-0.00522892
-0.00522444
-0.00521408
-0.00519814
-0.0051769
-0.00515066
-0.00511974
-0.00508441
-0.00504497
-0.0050017
-0.00495488
-0.00490476
-0.00485159
-0.00479562
-0.00473707
-0.00467616
-0.00461308
-0.00454802
-0.00448117
-0.00441269
-0.00434273
-0.00427143
-0.00419892
-0.00412534
-0.00405078
-0.00397536
-0.00389916
-0.00382227
-0.00374478
-0.00366675
-0.00358825
-0.00350934
-0.00343006
-0.00335048
-0.00327064
-0.00319056
-0.00311029
-0.00302986
-0.0029493
-0.00286862
-0.00278785
-0.00270701
-0.00262611
-0.00254518
-0.00246421
-0.00238323
-0.00230224
-0.00222124
-0.00214025
-0.00205926
-0.00197829
-0.00189734
-0.0018164
-0.00173549
-0.0016546
-0.00157373
-0.00149289
-0.00141208
-0.00133129
-0.00125053
-0.00116979
-0.00108909
-0.0010084
-0.000927717
-0.000847059
-0.000766427
-0.000685812
-0.000605205
-0.000524619
-0.000444065
-0.000363503
-0.0002829
-0.000202333
-0.000121906
-4.12212e-05
-0.00365337
-0.00339349
-0.0034095
-0.00355693
-0.00370975
-0.00385176
-0.00399032
-0.00412692
-0.00425995
-0.00438788
-0.00450963
-0.00462437
-0.00473142
-0.00483027
-0.00492052
-0.00500194
-0.00507439
-0.00513785
-0.00519239
-0.00523815
-0.00527532
-0.00530417
-0.00532498
-0.00533807
-0.00534381
-0.00534254
-0.00533465
-0.00532051
-0.0053005
-0.00527499
-0.00524434
-0.00520892
-0.00516906
-0.0051251
-0.00507735
-0.00502612
-0.00497169
-0.00491433
-0.00485431
-0.00479185
-0.00472718
-0.0046605
-0.00459202
-0.00452192
-0.00445034
-0.00437746
-0.00430341
-0.00422832
-0.0041523
-0.00407547
-0.00399792
-0.00391974
-0.00384101
-0.0037618
-0.00368217
-0.0036022
-0.00352192
-0.0034414
-0.00336067
-0.00327976
-0.00319872
-0.00311757
-0.00303633
-0.00295503
-0.00287369
-0.00279232
-0.00271093
-0.00262954
-0.00254816
-0.0024668
-0.00238546
-0.00230415
-0.00222286
-0.00214162
-0.00206041
-0.00197924
-0.00189811
-0.00181702
-0.00173597
-0.00165496
-0.001574
-0.00149307
-0.00141218
-0.00133133
-0.0012505
-0.00116972
-0.00108898
-0.00100826
-0.000927555
-0.000846879
-0.000766232
-0.000685606
-0.000604994
-0.000524406
-0.000443855
-0.000363298
-0.000282704
-0.000202133
-0.000121667
-4.10039e-05
-0.00302199
-0.00291359
-0.00303332
-0.0032572
-0.00347793
-0.00368173
-0.00387507
-0.00405957
-0.00423417
-0.00439789
-0.00455015
-0.00469058
-0.00481899
-0.00493528
-0.00503951
-0.00513183
-0.00521246
-0.00528173
-0.00534
-0.00538771
-0.0054253
-0.00545327
-0.00547211
-0.00548233
-0.00548444
-0.00547896
-0.00546638
-0.00544719
-0.00542187
-0.00539087
-0.00535463
-0.00531357
-0.00526809
-0.00521856
-0.00516533
-0.00510875
-0.00504912
-0.00498673
-0.00492185
-0.00485473
-0.0047856
-0.00471468
-0.00464217
-0.00456824
-0.00449305
-0.00441677
-0.00433951
-0.00426142
-0.00418259
-0.00410314
-0.00402315
-0.00394269
-0.00386184
-0.00378067
-0.00369923
-0.00361758
-0.00353576
-0.00345382
-0.00337178
-0.00328969
-0.00320756
-0.00312542
-0.00304328
-0.00296116
-0.00287908
-0.00279704
-0.00271506
-0.00263313
-0.00255126
-0.00246946
-0.00238773
-0.00230607
-0.00222448
-0.00214297
-0.00206152
-0.00198014
-0.00189882
-0.00181757
-0.00173638
-0.00165525
-0.00157418
-0.00149316
-0.0014122
-0.00133128
-0.00125041
-0.00116958
-0.0010888
-0.00100804
-0.000927321
-0.000846632
-0.000765973
-0.000685337
-0.000604721
-0.000524138
-0.000443592
-0.000363042
-0.00028246
-0.000201898
-0.000121416
-4.07903e-05
-0.00229821
-0.00240349
-0.00265758
-0.00296971
-0.0032672
-0.00354117
-0.00379642
-0.00403448
-0.00425499
-0.00445769
-0.00464263
-0.00481007
-0.0049604
-0.00509408
-0.0052117
-0.00531388
-0.00540132
-0.00547474
-0.00553489
-0.00558254
-0.00561845
-0.00564336
-0.00565802
-0.00566315
-0.00565946
-0.0056476
-0.00562823
-0.00560196
-0.00556936
-0.00553099
-0.00548736
-0.00543895
-0.00538623
-0.00532959
-0.00526945
-0.00520615
-0.00514004
-0.00507142
-0.00500058
-0.00492777
-0.00485323
-0.00477717
-0.00469979
-0.00462128
-0.00454177
-0.00446143
-0.00438038
-0.00429872
-0.00421657
-0.00413398
-0.00405101
-0.00396789
-0.00388463
-0.00380123
-0.00371774
-0.00363423
-0.00355073
-0.00346722
-0.00338373
-0.00330031
-0.00321697
-0.00313372
-0.00305059
-0.00296757
-0.00288467
-0.0028019
-0.00271926
-0.00263674
-0.00255435
-0.00247208
-0.00238993
-0.0023079
-0.00222599
-0.00214418
-0.00206248
-0.00198088
-0.00189938
-0.00181796
-0.00173662
-0.00165537
-0.0015742
-0.0014931
-0.00141207
-0.00133109
-0.00125017
-0.00116931
-0.00108849
-0.00100771
-0.000926975
-0.000846277
-0.000765616
-0.000684978
-0.000604365
-0.000523789
-0.000443254
-0.000362718
-0.000282156
-0.000201616
-0.000121141
-4.05767e-05
-0.00148249
-0.00185108
-0.00226636
-0.00268972
-0.00308593
-0.00344964
-0.00378357
-0.00408915
-0.0043669
-0.00461744
-0.00484169
-0.00504077
-0.0052159
-0.00536836
-0.00549947
-0.00561056
-0.00570296
-0.00577796
-0.00583684
-0.00588082
-0.00591108
-0.00592872
-0.00593483
-0.00593039
-0.00591635
-0.0058936
-0.00586295
-0.00582519
-0.00578102
-0.0057311
-0.00567604
-0.00561641
-0.00555271
-0.00548543
-0.00541499
-0.00534178
-0.00526617
-0.00518848
-0.00510899
-0.00502798
-0.00494568
-0.0048623
-0.00477803
-0.00469304
-0.00460748
-0.00452149
-0.00443517
-0.00434863
-0.00426196
-0.00417526
-0.0040886
-0.00400189
-0.00391522
-0.00382867
-0.00374228
-0.00365607
-0.00357004
-0.0034843
-0.00339881
-0.00331359
-0.00322863
-0.00314393
-0.00305947
-0.00297527
-0.00289131
-0.0028076
-0.00272411
-0.00264084
-0.00255778
-0.00247492
-0.00239225
-0.00230977
-0.00222746
-0.0021453
-0.0020633
-0.00198144
-0.00189972
-0.00181811
-0.00173662
-0.00165523
-0.00157395
-0.00149275
-0.00141165
-0.00133062
-0.00124966
-0.00116876
-0.00108791
-0.00100712
-0.000926385
-0.00084569
-0.000765024
-0.000684389
-0.000603804
-0.000523265
-0.000442745
-0.000362223
-0.000281696
-0.000201203
-0.000120772
-4.03318e-05
)
;

boundaryField
{
    inlet
    {
        type            calculated;
        value           nonuniform List<scalar> 
30
(
0.00725229
0.00895533
0.0109072
0.0129285
0.0149234
0.0168122
0.0185462
0.0200959
0.0214429
0.022577
0.0234953
0.0242018
0.0247068
0.0250253
0.0251716
0.0251718
0.0250258
0.0247075
0.0242028
0.0234966
0.0225785
0.0214447
0.0200979
0.0185484
0.0168145
0.0149259
0.0129311
0.0109098
0.00895796
0.00725491
)
;
    }
    outlet
    {
        type            calculated;
        value           uniform 0;
    }
    top
    {
        type            calculated;
        value           nonuniform List<scalar> 
135
(
0.00725491
0.00722735
0.00718052
0.0070018
0.00603473
0.000268536
0.0007948
0.00213688
0.00311775
0.0038213
0.00437911
0.0048188
0.00515589
0.00541729
0.00560918
0.00571766
0.00580003
0.00583534
0.00582133
0.00575608
0.00563455
0.00545168
0.00520646
0.00489802
0.00452402
0.00408205
0.00365587
0.00319503
0.0027136
0.00222867
0.00175063
0.00128767
0.00085722
0.00046948
1.66165e-06
-0.00148249
-0.00185108
-0.00226636
-0.00268972
-0.00308593
-0.00344964
-0.00378357
-0.00408915
-0.0043669
-0.00461744
-0.00484169
-0.00504077
-0.0052159
-0.00536836
-0.00549947
-0.00561056
-0.00570296
-0.00577796
-0.00583684
-0.00588082
-0.00591108
-0.00592872
-0.00593483
-0.00593039
-0.00591635
-0.0058936
-0.00586295
-0.00582519
-0.00578102
-0.0057311
-0.00567604
-0.00561641
-0.00555271
-0.00548543
-0.00541499
-0.00534178
-0.00526617
-0.00518848
-0.00510899
-0.00502798
-0.00494568
-0.0048623
-0.00477803
-0.00469304
-0.00460748
-0.00452149
-0.00443517
-0.00434863
-0.00426196
-0.00417526
-0.0040886
-0.00400189
-0.00391522
-0.00382867
-0.00374228
-0.00365607
-0.00357004
-0.0034843
-0.00339881
-0.00331359
-0.00322863
-0.00314393
-0.00305947
-0.00297527
-0.00289131
-0.0028076
-0.00272411
-0.00264084
-0.00255778
-0.00247492
-0.00239225
-0.00230977
-0.00222746
-0.0021453
-0.0020633
-0.00198144
-0.00189972
-0.00181811
-0.00173662
-0.00165523
-0.00157395
-0.00149275
-0.00141165
-0.00133062
-0.00124966
-0.00116876
-0.00108791
-0.00100712
-0.000926385
-0.00084569
-0.000765024
-0.000684389
-0.000603804
-0.000523265
-0.000442745
-0.000362223
-0.000281696
-0.000201203
-0.000120772
-4.03318e-05
)
;
    }
    bottom
    {
        type            calculated;
        value           nonuniform List<scalar> 
135
(
0.00725229
0.00722471
0.00717787
0.00699917
0.00603217
0.000265855
0.000792002
0.00213401
0.00311488
0.00381843
0.00437622
0.00481602
0.00515342
0.00541518
0.00560745
0.00571631
0.0057991
0.00583487
0.00582136
0.00575663
0.00563563
0.00545328
0.00520854
0.00490053
0.00452689
0.00408515
0.00365933
0.00319875
0.00271746
0.00223251
0.00175438
0.00129135
0.000860875
0.000473212
5.70962e-06
-0.00147912
-0.00184784
-0.00226325
-0.00268675
-0.00308309
-0.00344694
-0.00378099
-0.00408668
-0.00436454
-0.00461518
-0.00483953
-0.0050387
-0.00521392
-0.00536646
-0.00549765
-0.00560882
-0.00570129
-0.00577636
-0.00583531
-0.00587935
-0.00590967
-0.00592737
-0.00593353
-0.00592915
-0.00591516
-0.00589245
-0.00586186
-0.00582414
-0.00578001
-0.00573013
-0.00567511
-0.00561552
-0.00555186
-0.00548461
-0.0054142
-0.00534103
-0.00526545
-0.00518778
-0.00510832
-0.00502734
-0.00494506
-0.0048617
-0.00477746
-0.00469249
-0.00460696
-0.00452098
-0.00443468
-0.00434816
-0.00426151
-0.00417484
-0.00408821
-0.00400149
-0.00391482
-0.00382828
-0.00374191
-0.0036557
-0.00356969
-0.00348396
-0.00339849
-0.00331328
-0.00322832
-0.00314363
-0.00305918
-0.00297499
-0.00289104
-0.00280733
-0.00272384
-0.00264058
-0.00255753
-0.00247467
-0.00239201
-0.00230953
-0.00222723
-0.00214508
-0.00206308
-0.00198123
-0.00189951
-0.00181791
-0.00173643
-0.00165505
-0.00157377
-0.00149258
-0.00141147
-0.00133044
-0.00124948
-0.00116859
-0.00108775
-0.00100696
-0.000926219
-0.000845531
-0.000764902
-0.000684313
-0.000603749
-0.000523208
-0.000442691
-0.000362186
-0.000281672
-0.000201186
-0.000120763
-4.033e-05
)
;
    }
    obstacle
    {
        type            calculated;
        value           nonuniform List<scalar> 
120
(
0.0577518
0.0557915
0.0516141
0.0464938
0.0411069
0.0355508
0.0298193
0.0239479
0.0179959
0.0120256
0.00609606
0.000262623
-0.00542444
-0.0109211
-0.01619
-0.0212009
-0.0259296
-0.0303576
-0.0344728
-0.0382677
-0.0417338
-0.0448632
-0.0476707
-0.0501607
-0.0523418
-0.0542385
-0.0558976
-0.0573032
-0.0581095
-0.0576629
-0.059736
-0.0601314
-0.0612968
-0.0626553
-0.0638946
-0.0649721
-0.0659009
-0.0666845
-0.0673292
-0.067852
-0.0682622
-0.0685688
-0.0687807
-0.0689129
-0.0689794
-0.0689797
-0.0689138
-0.0687822
-0.0685711
-0.0682652
-0.0678555
-0.0673332
-0.066689
-0.0659058
-0.0649773
-0.0638999
-0.0626605
-0.061302
-0.0601365
-0.0597409
0.0577516
0.0557916
0.0516139
0.0464934
0.0411064
0.0355504
0.0298188
0.0239472
0.0179951
0.0120244
0.00609453
0.000260718
-0.00542672
-0.0109237
-0.016193
-0.0212041
-0.0259332
-0.0303613
-0.0344767
-0.0382718
-0.041738
-0.0448674
-0.0476748
-0.0501649
-0.052346
-0.0542426
-0.0559016
-0.0573073
-0.0581139
-0.0576674
0.0642394
0.0686224
0.0742796
0.0801575
0.08566
0.0906483
0.0950932
0.0989686
0.102259
0.104975
0.107143
0.108794
0.109969
0.110717
0.11108
0.11108
0.110717
0.109969
0.108794
0.107143
0.104976
0.10226
0.0989689
0.0950935
0.0906484
0.0856598
0.0801571
0.074279
0.0686219
0.0642389
)
;
    }
    frontAndBack
    {
        type            empty;
    }
}


// ************************************************************************* //
