/*--------------------------------*- C++ -*----------------------------------*\
  =========                 |
  \\      /  F ield         | OpenFOAM: The Open Source CFD Toolbox
   \\    /   O peration     | Website:  https://openfoam.org
    \\  /    A nd           | Version:  12
     \\/     M anipulation  |
\*---------------------------------------------------------------------------*/
FoamFile
{
    format      ascii;
    class       volScalarField;
    location    "240";
    object      pPrime2Mean;
}
// * * * * * * * * * * * * * * * * * * * * * * * * * * * * * * * * * * * * * //

dimensions      [0 4 -4 0 0 0 0];

internalField   nonuniform List<scalar> 
6750
(
0.00542634
0.00541833
0.00540814
0.00539911
0.00538948
0.00542933
0.00541826
0.00540088
0.00538026
0.00535866
0.00545586
0.00544213
0.00541959
0.00539071
0.0053597
0.00550488
0.00549025
0.00546598
0.00543437
0.00540051
0.00557347
0.00556007
0.00553776
0.00550839
0.00547693
0.00565682
0.00564653
0.00562924
0.00560598
0.00558097
0.00574885
0.00574308
0.0057331
0.00571883
0.00570333
0.00584314
0.0058428
0.00584159
0.00583823
0.00583437
0.00593368
0.00593917
0.0059474
0.00595582
0.0059647
0.00601544
0.00602667
0.0060442
0.00606433
0.006086
0.00608461
0.00610107
0.00612709
0.00615798
0.00619153
0.00613875
0.00615959
0.00619274
0.00623274
0.00627642
0.00617668
0.00620086
0.00623941
0.00628634
0.00633782
0.00619839
0.00622473
0.00626676
0.00631819
0.00637481
0.00620476
0.00623206
0.00627565
0.00632913
0.00638812
0.00619723
0.00622439
0.00626776
0.00632099
0.00637971
0.0061758
0.00620169
0.00624307
0.00629374
0.00634952
0.00613914
0.00616258
0.00620005
0.00624571
0.00629581
0.0060866
0.00610647
0.00613815
0.00617642
0.00621821
0.00601844
0.00603373
0.00605796
0.00608676
0.00611799
0.00593605
0.00594596
0.00596148
0.00597925
0.00599831
0.00584206
0.00584616
0.00585225
0.00585817
0.00586428
0.00574046
0.00573871
0.00573533
0.00572944
0.00572277
0.00563642
0.00562926
0.00561715
0.00560042
0.00558217
0.00553604
0.00552441
0.00550508
0.00547946
0.00545184
0.00544579
0.00543113
0.00540689
0.00537529
0.00534141
0.00537181
0.00535599
0.00532992
0.00529623
0.00526015
0.00531892
0.00530408
0.00527985
0.00524902
0.00521597
0.00529005
0.00527797
0.00525904
0.00523659
0.00521311
0.00528612
0.00527729
0.00526584
0.00525538
0.0052445
0.00535644
0.00531509
0.00523604
0.00512431
0.00498187
0.00481022
0.00460992
0.00438153
0.00412726
0.0038505
0.00355445
0.00324645
0.00293312
0.00262213
0.00232115
0.00203705
0.00177532
0.00153972
0.00133202
0.00115198
0.00099789
0.000869372
0.000762134
0.000673291
0.000600202
0.000540342
0.000491618
0.000452093
0.000420375
0.000400195
0.00536204
0.00529356
0.00519267
0.00506283
0.00490521
0.00472079
0.00451081
0.00427717
0.00402287
0.00375129
0.00346514
0.00317181
0.00287641
0.00258514
0.00230403
0.00203835
0.00179238
0.00156905
0.00136994
0.00119548
0.00104529
0.000916042
0.00080731
0.000716284
0.000640567
0.000578097
0.00052694
0.000485117
0.000450504
0.000423764
0.00534332
0.00525333
0.00513529
0.00499246
0.00482464
0.00463274
0.00441816
0.00418316
0.00393112
0.00366493
0.00338827
0.00310772
0.00282748
0.00255269
0.0022881
0.00203781
0.00180509
0.00159228
0.0014007
0.00123075
0.00108204
0.000953593
0.000843883
0.000751018
0.000673053
0.000608109
0.000554401
0.000510062
0.000473558
0.000445541
0.00531258
0.00520848
0.00507825
0.00492626
0.00475238
0.00455692
0.00434114
0.00410746
0.00385922
0.00359856
0.00333048
0.00306015
0.0027914
0.00252869
0.00227605
0.00203689
0.00181392
0.00160909
0.00142358
0.0012578
0.0011115
0.000984064
0.00087423
0.000780464
0.000701087
0.000634345
0.000578376
0.000531426
0.000492555
0.000465119
0.00527796
0.005164
0.00502457
0.00486558
0.00468776
0.00449081
0.00427581
0.00404499
0.00380129
0.00354646
0.00328607
0.00302409
0.00276424
0.00251059
0.00226673
0.00203578
0.00182016
0.00162166
0.00144133
0.00127955
0.00113613
0.00101041
0.000901335
0.000807544
0.000727492
0.000659499
0.000601707
0.000552239
0.000511251
0.000484373
0.00524493
0.00512345
0.00497718
0.00481285
0.00463214
0.00443492
0.0042217
0.00399441
0.00375535
0.00350623
0.00325241
0.00299713
0.00274406
0.00249702
0.00225949
0.00203447
0.00182433
0.00163078
0.00145483
0.00129677
0.00115635
0.00103282
0.000925128
0.000831927
0.000751724
0.000682924
0.000623656
0.000572151
0.000529418
0.000503246
0.00521684
0.00508953
0.0049379
0.00476967
0.00458692
0.00438996
0.00417893
0.00395528
0.00372044
0.0034765
0.00322805
0.00297793
0.00272977
0.00248732
0.00225407
0.00203309
0.00182683
0.00163703
0.00146464
0.0013099
0.00117239
0.00105126
0.000945283
0.00085306
0.000773086
0.000703837
0.000643503
0.000590439
0.000546336
0.00052102
0.0051965
0.00506455
0.00490861
0.00473725
0.0045533
0.00435667
0.00414784
0.00392747
0.00369615
0.00345658
0.00321217
0.00296568
0.00272072
0.00248106
0.00225031
0.00203174
0.00182795
0.00164077
0.00147115
0.00131923
0.00118443
0.00106569
0.000961601
0.000870616
0.000791214
0.000721778
0.000660744
0.000606624
0.000561491
0.000537014
0.00518643
0.00505065
0.00489089
0.00471679
0.00453191
0.00433568
0.0041287
0.00391096
0.0036824
0.00344606
0.00320428
0.00295988
0.00271647
0.00247792
0.00224809
0.00203046
0.00182786
0.00164226
0.00147461
0.00132495
0.00119255
0.00107609
0.000973939
0.00088439
0.000805847
0.000736625
0.000675281
0.000620388
0.000574475
0.00055068
0.00518912
0.00504993
0.00488643
0.00470954
0.00452363
0.00432781
0.00412202
0.00390589
0.00367926
0.00344476
0.00320414
0.00296025
0.00271676
0.00247774
0.00224731
0.00202926
0.00182666
0.00164163
0.00147514
0.00132717
0.00119676
0.00108239
0.000982182
0.000894229
0.000816746
0.000748132
0.000686816
0.000631396
0.000584882
0.000561535
0.0052071
0.00506454
0.00489698
0.00471684
0.00452938
0.00433356
0.00412831
0.0039127
0.00368693
0.00345277
0.00321175
0.00296673
0.00272152
0.00248044
0.00224793
0.00202814
0.00182439
0.00163893
0.00147281
0.00132588
0.00119705
0.00108454
0.000986218
0.000899968
0.000823816
0.000756099
0.000695049
0.000639312
0.000592339
0.000569168
0.00524319
0.00509686
0.00492456
0.0047403
0.00455055
0.00435396
0.00414826
0.00393205
0.00370582
0.0034704
0.00322729
0.00297944
0.0027308
0.00248602
0.00224996
0.00202709
0.00182102
0.00163416
0.00146758
0.00132107
0.00119336
0.00108245
0.000985956
0.000901505
0.000826872
0.000760301
0.000699676
0.000643799
0.000596524
0.000573268
0.0053006
0.00514972
0.00497169
0.00478218
0.00458919
0.00439039
0.0041829
0.00396491
0.00373661
0.00349817
0.00325116
0.00299861
0.00274473
0.00249457
0.00225341
0.0020261
0.00181653
0.00162726
0.0014594
0.00131267
0.00118563
0.00107605
0.000981296
0.000898687
0.00082569
0.000760309
0.000700365
0.000644566
0.000597187
0.000573628
0.00538327
0.00522651
0.00504142
0.00484509
0.00464727
0.00444474
0.00423389
0.00401257
0.00378029
0.00353688
0.00328392
0.00302463
0.00276357
0.00250622
0.00225834
0.00202517
0.00181086
0.00161813
0.00144816
0.00130058
0.00117378
0.00106527
0.000972139
0.000891342
0.000820093
0.000756013
0.000696905
0.000641439
0.000594218
0.000570196
0.0054959
0.00533157
0.00513766
0.00493249
0.00472797
0.00451972
0.00430343
0.00407681
0.0038383
0.0035876
0.00332637
0.00305805
0.00278765
0.00252117
0.00226485
0.00202429
0.00180393
0.00160667
0.00143372
0.00128467
0.00115769
0.00105001
0.000958356
0.000879357
0.000809875
0.000747224
0.000689188
0.000634384
0.000587677
0.000563152
0.00564445
0.00547047
0.00526566
0.00504924
0.00483557
0.00461898
0.0043948
0.00416016
0.00391258
0.00365177
0.00337949
0.00309953
0.0028174
0.00253966
0.00227301
0.00202343
0.00179566
0.00159276
0.00141598
0.0012648
0.0011372
0.00103006
0.000939744
0.000862529
0.000794878
0.000733863
0.000677242
0.000623566
0.000577886
0.000553027
0.00583672
0.00565064
0.00543251
0.00520177
0.00497583
0.00474762
0.00451237
0.00426596
0.00400567
0.0037312
0.00344453
0.00314987
0.00285333
0.00256196
0.00228291
0.00202256
0.00178595
0.00157628
0.0013948
0.00124084
0.00111213
0.00100522
0.000916073
0.000840611
0.000775015
0.000716006
0.000661332
0.00060948
0.000565599
0.000540893
0.00608326
0.00588214
0.00564773
0.00539858
0.00515626
0.00491228
0.00466134
0.0043984
0.00412075
0.00382817
0.00352303
0.0032101
0.00289601
0.00258831
0.0022946
0.00202163
0.00177469
0.0015571
0.00137003
0.00121262
0.00108231
0.000975315
0.000887237
0.00081362
0.000750374
0.000694007
0.000642126
0.000593183
0.000552303
0.000528712
0.00639854
0.00617844
0.00592383
0.00565084
0.0053867
0.00512127
0.00484832
0.00456269
0.00426172
0.0039455
0.00361693
0.00328139
0.00294605
0.00261896
0.00230811
0.00202056
0.00176178
0.00153509
0.00134152
0.00117998
0.00104761
0.000940324
0.000853363
0.000781891
0.00072157
0.000668789
0.000621074
0.000576762
0.000540722
0.000519875
0.00680256
0.00655791
0.00627758
0.00597325
0.00567975
0.00538474
0.00508167
0.00476526
0.00443335
0.00408654
0.00372841
0.003365
0.00300407
0.00265412
0.00232344
0.0020193
0.00174713
0.00151015
0.00130916
0.00114285
0.00100808
0.000900495
0.000815007
0.000746444
0.000690199
0.000642542
0.000601109
0.000564182
0.00053581
0.000520277
0.0073233
0.00704617
0.0067322
0.00638591
0.00605194
0.00571622
0.00537192
0.00501419
0.00464148
0.00425523
0.0038599
0.0034623
0.00307073
0.00269402
0.00234062
0.00201775
0.00173064
0.00148219
0.00127295
0.00110134
0.000964047
0.000856494
0.000773355
0.000709183
0.000659106
0.000619352
0.000587634
0.000562622
0.000546383
0.00054032
0.00800006
0.00767829
0.00731955
0.0069159
0.00652582
0.00613379
0.00573304
0.00531966
0.00489315
0.00445616
0.0040142
0.00357483
0.00314675
0.00273893
0.00235968
0.00201583
0.00171217
0.00145117
0.001233
0.00105585
0.000916294
0.000809677
0.000730604
0.000673497
0.000633317
0.000606311
0.000590359
0.00058468
0.000587781
0.000598275
0.00888591
0.00850216
0.00808332
0.00759993
0.00713161
0.00666133
0.00618273
0.00569421
0.00519684
0.00469477
0.00419457
0.00370437
0.00323301
0.00278915
0.00238055
0.00201334
0.00169157
0.00141709
0.00118964
0.00100717
0.000866268
0.000762443
0.000690538
0.000645156
0.000621339
0.000615448
0.000625523
0.00065168
0.00068542
0.000724314
0.0100477
0.00958004
0.00907968
0.00848612
0.00790861
0.0073288
0.00674303
0.00615321
0.00556274
0.00497744
0.00440476
0.00385293
0.00333035
0.00284485
0.00240307
0.00200999
0.00166862
0.00138001
0.0011434
0.000956596
0.000816367
0.000718756
0.000659369
0.000633615
0.000637146
0.000666517
0.000719814
0.000797656
0.00087869
0.000963039
0.0115634
0.0109844
0.0103775
0.00963445
0.00890539
0.00817235
0.00743987
0.00671444
0.00600248
0.00531137
0.00464882
0.00402247
0.00343943
0.00290589
0.0024267
0.00200513
0.00164278
0.00133973
0.00109477
0.00090574
0.000769939
0.000684501
0.000646602
0.000653434
0.000702134
0.000789714
0.00091303
0.00107149
0.00122193
0.00137225
0.0135132
0.0127896
0.0120445
0.011102
0.0101651
0.00922478
0.0082967
0.0073941
0.00652683
0.00570331
0.00493067
0.00421487
0.00356073
0.00297183
0.00245038
0.00199729
0.00161243
0.00129483
0.001043
0.000855255
0.000730099
0.000666619
0.000664635
0.000724333
0.000845303
0.0010249
0.00125671
0.0015341
0.00178044
0.00202029
0.0159399
0.015029
0.0140985
0.0129002
0.011698
0.0104981
0.00932755
0.00820779
0.00715166
0.00616807
0.00526287
0.00443972
0.00370048
0.00304548
0.00247379
0.00198369
0.00157317
0.00124036
0.000983897
0.000803251
0.000699015
0.000673166
0.000728977
0.000870173
0.00109892
0.00141215
0.00179794
0.00223839
0.00261848
0.00297691
0.0190116
0.0177876
0.0165551
0.0150566
0.0135613
0.0120786
0.0106404
0.00927256
0.00799151
0.00680877
0.0057315
0.00476319
0.00390437
0.00315332
0.00250693
0.00196162
0.0015142
0.00116251
0.000905899
0.000745347
0.000683408
0.000723891
0.000871115
0.00112853
0.00149669
0.00197007
0.00253392
0.00316832
0.00376156
0.00433207
0.0237814
0.0222022
0.0206064
0.0187572
0.016893
0.0150113
0.0131559
0.011369
0.0096834
0.00812498
0.00671072
0.00544957
0.00434393
0.00339184
0.00258912
0.00193139
0.00141554
0.00104057
0.000808085
0.000721686
0.000785311
0.00100127
0.00136853
0.00187947
0.00251863
0.00326059
0.00407296
0.00493555
0.00569123
0.00644152
0.0386549
0.0358227
0.0326062
0.0293356
0.0260738
0.0228204
0.0196482
0.0166268
0.0138133
0.0112524
0.00897244
0.00698605
0.00529345
0.0038876
0.00275916
0.00190094
0.00131089
0.00099377
0.000959882
0.00122259
0.0017945
0.00268212
0.00387983
0.00536697
0.00710651
0.00904537
0.0111173
0.0133052
0.0155495
0.017577
0.0053694
0.00534139
0.0053172
0.00529427
0.00527387
0.00525748
0.00524703
0.0052446
0.00525242
0.00527287
0.00530852
0.00536231
0.00543766
0.00553872
0.00567053
0.00583946
0.00605378
0.00632471
0.0066679
0.00710539
0.00766844
0.00840109
0.00936283
0.0106269
0.012277
0.014404
0.0171059
0.0206755
0.0260826
0.0418205
0.0053383
0.00531785
0.0053005
0.00528629
0.00527757
0.00527535
0.00528092
0.00529585
0.00532201
0.00536165
0.00541739
0.00549238
0.0055904
0.00571605
0.00587502
0.0060745
0.00632394
0.00663606
0.00702841
0.00752537
0.0081612
0.00898355
0.010056
0.0114558
0.0132706
0.015606
0.0186327
0.0227027
0.0285793
0.0452223
0.00534169
0.00533715
0.00533499
0.00533548
0.0053412
0.00535362
0.00537442
0.00540547
0.00544886
0.00550696
0.00558257
0.00567903
0.00580039
0.0059516
0.00613885
0.0063701
0.00665586
0.00701026
0.0074526
0.00800942
0.00871765
0.00962822
0.0108083
0.0123381
0.0143072
0.0168354
0.020159
0.0246859
0.0308934
0.048996
0.00538846
0.00540004
0.00541375
0.00542987
0.00545133
0.00547989
0.00551747
0.00556612
0.00562814
0.00570613
0.00580313
0.00592272
0.00606926
0.00624807
0.00646586
0.00673124
0.00705563
0.00745425
0.00794757
0.00856342
0.00934002
0.0103294
0.0115991
0.0132272
0.0152988
0.0179456
0.0214919
0.0264864
0.0329232
0.0530491
0.00547253
0.00549876
0.00552774
0.00555943
0.00559695
0.00564241
0.0056979
0.00576564
0.00584807
0.00594798
0.00606863
0.00621386
0.00638837
0.00659785
0.00684953
0.0071527
0.00751961
0.00796634
0.00851423
0.0091918
0.0100376
0.0111034
0.0124548
0.0141643
0.0163085
0.0190294
0.0227587
0.0282659
0.0347621
0.0573362
0.00558532
0.00562446
0.00566762
0.00571448
0.00576809
0.00583074
0.00590474
0.00599247
0.00609652
0.00621983
0.00636587
0.0065387
0.00674328
0.00698571
0.00727363
0.00761695
0.00802851
0.00852509
0.00912841
0.00986703
0.0107789
0.0119141
0.0133342
0.0151034
0.0172869
0.020037
0.0239184
0.0300455
0.036422
0.0620171
0.00571721
0.00576759
0.00582366
0.00588498
0.00595437
0.00603416
0.00612682
0.00623485
0.00636102
0.00650842
0.00668067
0.00688206
0.00711773
0.00739409
0.00771918
0.00810333
0.00855984
0.00910573
0.00976279
0.010559
0.0115311
0.0127263
0.0142009
0.0160086
0.0182003
0.0209378
0.0249445
0.0318626
0.0379486
0.0673169
0.00585828
0.00591835
0.00598594
0.00606072
0.00614518
0.00624163
0.00635255
0.00648058
0.0066286
0.00679985
0.00699809
0.00722776
0.00749418
0.00780397
0.00816547
0.00858928
0.00908889
0.00968135
0.0103881
0.0112364
0.012261
0.0135061
0.0150222
0.0168503
0.0190244
0.0217139
0.0258162
0.0337523
0.0394048
0.0734769
0.00599875
0.00606711
0.00614483
0.00623181
0.00633025
0.00644236
0.0065706
0.00671764
0.00688644
0.00708037
0.00730327
0.00755972
0.00785516
0.00819635
0.00859182
0.0090523
0.00959126
0.0102256
0.0109762
0.0118693
0.0129381
0.0142237
0.0157705
0.0176058
0.0197434
0.0223567
0.0265181
0.0357395
0.0408674
0.0806915
0.00612977
0.00620514
0.00629158
0.00638932
0.00650029
0.00662658
0.00677058
0.00693497
0.00712273
0.00733726
0.00758249
0.00786307
0.00818457
0.00855382
0.00897941
0.00947203
0.010045
0.010715
0.0115025
0.0124326
0.013537
0.0148546
0.0164244
0.0182587
0.020348
0.0228675
0.0270448
0.0378289
0.0424155
0.0890137
0.00624409
0.00632524
0.00641897
0.00652584
0.00664757
0.00678613
0.00694382
0.00712326
0.00732742
0.00755972
0.00782413
0.00812532
0.00846896
0.00886191
0.00931269
0.00983193
0.0104328
0.0111316
0.0119484
0.0129075
0.0140395
0.0153817
0.0169691
0.0187988
0.0208347
0.0232543
0.0274032
0.0399935
0.0441056
0.0982411
0.0063364
0.0064221
0.00652166
0.0066359
0.00676639
0.00691495
0.00708381
0.0072755
0.00749296
0.00773961
0.00801945
0.00833718
0.00869845
0.00911012
0.00958064
0.0101205
0.0107427
0.0114634
0.012302
0.0132825
0.0144346
0.015795
0.0173962
0.0192207
0.0212041
0.0235291
0.0276129
0.0421603
0.0459363
0.107804
0.00640347
0.00649254
0.00659642
0.00671619
0.00685324
0.0070093
0.0071865
0.00738731
0.00761466
0.00787196
0.00816321
0.0084931
0.00886724
0.00929245
0.00977712
0.0103316
0.0109689
0.0117048
0.0125585
0.0135535
0.0147191
0.016092
0.0177036
0.0195239
0.0214603
0.0237047
0.0277029
0.0442058
0.0478191
0.116793
0.00644419
0.00653543
0.00664215
0.00676555
0.00690689
0.00706784
0.00725044
0.00745715
0.0076909
0.00795508
0.00825366
0.00859132
0.00897363
0.00940736
0.00990087
0.0104645
0.0111111
0.0118563
0.0127191
0.0137226
0.014896
0.0162765
0.0178954
0.0197129
0.021612
0.0237965
0.027707
0.0459236
0.0495317
0.124083
0.00645925
0.00655154
0.00665964
0.00678479
0.00692819
0.00709146
0.00727661
0.00748611
0.00772288
0.0079903
0.00829233
0.0086336
0.00901965
0.00945729
0.00995486
0.0105227
0.0111736
0.0119231
0.0127901
0.0137975
0.0149746
0.0163588
0.0179818
0.0197988
0.0216777
0.0238303
0.027674
0.0469109
0.0506124
0.128237
0.0064507
0.00654303
0.00665117
0.00677635
0.00691974
0.00708296
0.00726805
0.00747747
0.00771414
0.00798144
0.0082833
0.00862435
0.00901016
0.00944757
0.00994496
0.0105127
0.0111636
0.0119133
0.0127805
0.0137883
0.0149658
0.0163508
0.0179748
0.0197927
0.0216723
0.023826
0.0276644
0.046893
0.0505995
0.128396
0.0064185
0.00650987
0.00661672
0.00674022
0.00688158
0.00704245
0.00722491
0.00743142
0.00766489
0.00792872
0.00822683
0.00856388
0.00894551
0.0093786
0.00987163
0.010435
0.0110817
0.0118273
0.0126908
0.0136954
0.0148705
0.0162532
0.0178749
0.0196951
0.0215965
0.0237838
0.02768
0.045876
0.0494979
0.124539
0.0063608
0.00645009
0.00655425
0.00667428
0.00681148
0.00696756
0.00714464
0.00734522
0.0075722
0.00782898
0.00811951
0.00844849
0.00882165
0.00924592
0.00972988
0.0102841
0.0109216
0.0116582
0.0125132
0.0135101
0.0146784
0.0160551
0.0176712
0.0194957
0.0214358
0.0236848
0.0276643
0.0441444
0.0477767
0.117487
0.0062773
0.00636335
0.00646335
0.00657809
0.00670896
0.00685775
0.00702665
0.00721818
0.00743528
0.00768133
0.00796032
0.00827698
0.00863707
0.00904763
0.00951733
0.0100569
0.0106795
0.0114012
0.0122418
0.013225
0.014381
0.0157464
0.0173532
0.0191831
0.0211722
0.0235039
0.027571
0.0421041
0.0458983
0.10867
0.0061695
0.00625114
0.00634551
0.00645314
0.00657555
0.00671463
0.00687263
0.00705212
0.00725603
0.00748777
0.00775131
0.00805139
0.00839379
0.00878559
0.00923554
0.00975451
0.0103559
0.0110561
0.0118753
0.012838
0.0139747
0.0153227
0.0169164
0.0187524
0.0207965
0.0232264
0.0273676
0.0399588
0.0440826
0.0992204
0.00604096
0.00611701
0.00620432
0.0063031
0.00641506
0.00654221
0.00668686
0.0068516
0.00703935
0.00725351
0.00749801
0.00777755
0.00809786
0.00846603
0.00889087
0.00938332
0.00995698
0.0106286
0.0114189
0.0123531
0.0134627
0.0147863
0.0163625
0.018204
0.0203045
0.02284
0.0270247
0.0378273
0.0424162
0.0900544
0.00589725
0.00596656
0.00604543
0.00613377
0.00623355
0.00634687
0.00647612
0.00662388
0.00679304
0.00698691
0.00720935
0.00746497
0.00775941
0.00809967
0.00849449
0.00895491
0.00949462
0.0101307
0.0108842
0.0117815
0.0128554
0.0141467
0.0156997
0.0175431
0.0196959
0.022333
0.0265211
0.0357769
0.0408987
0.0817541
0.00574579
0.00580717
0.00587628
0.0059528
0.00603896
0.006137
0.00624933
0.00637849
0.0065273
0.00669893
0.00689711
0.00712632
0.00739202
0.00770102
0.00806197
0.00848575
0.0089861
0.00958028
0.0102898
0.0111419
0.012171
0.0134211
0.0149429
0.0167804
0.0189746
0.0216977
0.025847
0.0338293
0.0394731
0.0745355
0.00559545
0.00564762
0.00570567
0.00576916
0.00584065
0.00592244
0.0060169
0.00612651
0.00625394
0.00640223
0.00657492
0.00677628
0.00701153
0.00728725
0.00761177
0.00799579
0.0084529
0.00900026
0.00965968
0.0104591
0.0114347
0.0126338
0.0141138
0.0159326
0.0181498
0.0209324
0.0250046
0.0319767
0.0380601
0.0683595
0.00545595
0.00549745
0.00554311
0.0055926
0.00564872
0.00571374
0.00578994
0.00587965
0.00598542
0.0061101
0.00625705
0.00643024
0.00663466
0.00687651
0.00716378
0.00750678
0.00791866
0.00841634
0.00902146
0.00976236
0.0106768
0.0118149
0.0132403
0.0150229
0.0172381
0.0200444
0.0240065
0.0301931
0.0365836
0.0630444
0.00533719
0.00536636
0.00539834
0.00543305
0.00547341
0.0055215
0.00557946
0.00564945
0.00573389
0.00583547
0.00595732
0.00610317
0.00627762
0.00648654
0.00673746
0.00704009
0.00740703
0.00785451
0.00840367
0.00908277
0.00993027
0.0109985
0.0123557
0.0140813
0.0162633
0.0190509
0.0228721
0.0284439
0.0349812
0.0583591
0.00524867
0.00526375
0.00528087
0.00530025
0.00532464
0.00535588
0.0053959
0.00544678
0.00551077
0.0055904
0.00568858
0.00580876
0.00595523
0.00613342
0.00635033
0.00661506
0.00693934
0.00733852
0.0078328
0.00844978
0.00922782
0.01022
0.011497
0.0131447
0.0152597
0.0179815
0.0216273
0.0266933
0.0332071
0.0540852
0.0051989
0.00519837
0.00519989
0.00520359
0.00521199
0.0052267
0.0052495
0.00528228
0.00532712
0.00538635
0.00546269
0.00555941
0.00568049
0.00583099
0.00601739
0.00624803
0.00653376
0.0068888
0.00733219
0.00789042
0.00860085
0.0095158
0.0107061
0.0122598
0.0142775
0.0168862
0.0203138
0.0249219
0.0312488
0.0500645
0.00519392
0.0051779
0.00516415
0.00515268
0.00514591
0.0051451
0.00515168
0.00516729
0.00519386
0.00523362
0.00528921
0.00536379
0.00546118
0.00558608
0.00574441
0.00594363
0.00619342
0.00650664
0.00690076
0.00740032
0.00804028
0.00886987
0.00995629
0.0113843
0.0132507
0.0156671
0.0187973
0.0229586
0.0289909
0.0463183
0.00522623
0.00520216
0.00518029
0.00515878
0.00513907
0.00512279
0.00511194
0.00510871
0.00511545
0.00513464
0.00516894
0.0052214
0.00529557
0.00539577
0.00552721
0.00569634
0.00591154
0.00618418
0.00653026
0.00697219
0.00754188
0.00828496
0.00926423
0.0105597
0.0122616
0.0144665
0.0172689
0.0209403
0.0265297
0.0429367
0.0397583
0.036877
0.033566
0.0301746
0.0267873
0.0234148
0.0201343
0.0170186
0.0141256
0.0115001
0.00916972
0.00714563
0.0054265
0.00400374
0.00286672
0.00200717
0.00142231
0.00111652
0.00109983
0.00138529
0.00198499
0.00290442
0.0041361
0.00565659
0.00742525
0.00938481
0.0114653
0.0136477
0.0158708
0.0178737
0.0242486
0.0226815
0.021067
0.0191666
0.0172421
0.0153018
0.013394
0.0115631
0.00984277
0.00825802
0.0068247
0.00555038
0.00443619
0.00347912
0.00267411
0.00201604
0.00150119
0.00112784
0.000897024
0.000811821
0.000875712
0.00109062
0.00145519
0.00196149
0.00259378
0.00332615
0.0041264
0.00497565
0.00570963
0.00644925
0.0192887
0.018085
0.0168552
0.0153364
0.0138094
0.0122922
0.0108211
0.00942449
0.00812003
0.0069193
0.00582887
0.00485138
0.00398644
0.00323152
0.00258275
0.00203582
0.00158679
0.00123261
0.000971718
0.000804178
0.00073181
0.00075803
0.000887237
0.00112347
0.00146834
0.00191776
0.00245901
0.00307487
0.00365096
0.00421663
0.0161044
0.015205
0.0142762
0.0130655
0.0118461
0.0106289
0.00944273
0.00830984
0.00724332
0.00625191
0.00534115
0.00451428
0.00377275
0.00311646
0.0025441
0.00205346
0.00164192
0.00130685
0.00104598
0.000857948
0.000742829
0.000702687
0.000741628
0.000864798
0.00107594
0.00137323
0.00174553
0.00217551
0.00255019
0.0029088
0.0135765
0.0128576
0.0121107
0.0111619
0.0102203
0.0092783
0.00835054
0.00744931
0.00658369
0.00576172
0.00499042
0.00427576
0.00362265
0.00303468
0.00251396
0.0020612
0.00167581
0.00135621
0.00110017
0.000905388
0.000770146
0.000693985
0.000677959
0.000724019
0.000833452
0.00100462
0.00123101
0.0015049
0.00175057
0.00199023
0.0115509
0.0109735
0.0103643
0.00962024
0.00889471
0.00817011
0.00744826
0.00673379
0.00603173
0.00534877
0.00469251
0.0040708
0.00349113
0.00295997
0.00248231
0.00206134
0.00169837
0.00139303
0.00114365
0.000947781
0.000802823
0.000706578
0.000657427
0.000654032
0.000694796
0.000777394
0.00089849
0.00105639
0.00120782
0.0013584
0.009984
0.00951809
0.00901737
0.00842695
0.00785749
0.00729049
0.00672004
0.00614597
0.00557002
0.00499697
0.00443393
0.00388931
0.0033719
0.00288993
0.0024503
0.00205798
0.00171583
0.00142464
0.0011835
0.000990277
0.0008421
0.000735756
0.000667823
0.00063467
0.000632653
0.000658651
0.000710652
0.000788813
0.000871872
0.000958344
0.00878983
0.00840926
0.00799233
0.0075146
0.00705609
0.00659995
0.00613799
0.00566693
0.00518617
0.00469862
0.00421027
0.0037292
0.00326452
0.00282531
0.00241957
0.00205347
0.00173102
0.001454
0.00122225
0.00103406
0.000886554
0.000775969
0.000697855
0.000647355
0.000619767
0.00061149
0.000620491
0.000646796
0.000682404
0.000723919
0.00788444
0.00756642
0.00721108
0.00681415
0.00643435
0.00605639
0.00567217
0.00527648
0.0048673
0.00444602
0.00401734
0.00358854
0.00316848
0.00276642
0.00239088
0.00204876
0.00174485
0.0014817
0.00125978
0.00107778
0.000932926
0.000821239
0.000737835
0.000677391
0.000634849
0.000606269
0.000589383
0.000583375
0.000587345
0.000599545
0.00719496
0.00692141
0.00661148
0.00627271
0.00594879
0.00562655
0.00529814
0.00495771
0.0046024
0.00423243
0.00385134
0.00346545
0.00308306
0.00271319
0.00236447
0.00204414
0.00175746
0.00150751
0.00129526
0.00111974
0.000978336
0.000867101
0.000781097
0.000714965
0.000663647
0.000623039
0.000590579
0.000564776
0.000548298
0.000542623
0.00666546
0.00642386
0.00614769
0.00585072
0.00556711
0.00528493
0.00499702
0.00469733
0.00438261
0.0040523
0.00370901
0.00335822
0.00300749
0.0026654
0.00234037
0.00203965
0.00176874
0.00153105
0.0013279
0.00115861
0.00102079
0.000910667
0.000823464
0.000754007
0.000697401
0.000649479
0.000607465
0.000569452
0.000539973
0.000523707
0.00625509
0.00603725
0.00578667
0.00552077
0.00526627
0.00501301
0.00475455
0.00448499
0.00420079
0.00390099
0.00358759
0.00326533
0.00294109
0.00262282
0.00231851
0.00203525
0.00177856
0.00155201
0.00135714
0.00119355
0.00105908
0.000950214
0.000862466
0.000790935
0.000730934
0.000678358
0.000630195
0.000584633
0.00054691
0.000524528
0.00593524
0.00573532
0.00550457
0.00526215
0.00502906
0.00479703
0.00456
0.00431254
0.00405109
0.00377458
0.00348463
0.00318546
0.00288322
0.0025852
0.00229885
0.00203092
0.00178683
0.00157018
0.00138267
0.00122409
0.00109256
0.000984819
0.000896724
0.000823695
0.000761262
0.000705394
0.000653238
0.000603021
0.000560171
0.000534566
0.00568566
0.0054996
0.00528466
0.00506038
0.00484338
0.00462671
0.00440502
0.00417343
0.00392864
0.00366971
0.00339806
0.00311743
0.00283333
0.00255234
0.00228133
0.00202667
0.00179355
0.00158554
0.00140441
0.00125011
0.00112099
0.00101408
0.000925534
0.000851128
0.000786656
0.000728377
0.000673608
0.000620604
0.000574749
0.000547863
0.0054916
0.0053167
0.00511471
0.00490451
0.00469948
0.00449388
0.00428277
0.00406223
0.00382939
0.00358355
0.00332606
0.00306021
0.00279088
0.00252402
0.00226592
0.00202254
0.00179881
0.00159819
0.00142246
0.0012717
0.00114444
0.00103796
0.000948721
0.000872864
0.000806513
0.000746373
0.000689853
0.000635304
0.000587934
0.000561041
0.00534237
0.00517662
0.00498528
0.00478602
0.00458972
0.00439176
0.00418763
0.00397442
0.00374998
0.00351378
0.0032671
0.00301285
0.00275537
0.00250002
0.00225259
0.00201862
0.00180276
0.00160832
0.00143704
0.00128908
0.00116311
0.00105664
0.000966425
0.000888966
0.000820856
0.000759178
0.000701465
0.000646191
0.000598299
0.000572165
0.00523007
0.00507169
0.00488891
0.00469803
0.00450783
0.00431473
0.00411512
0.00390645
0.0036877
0.00345844
0.00321981
0.00297445
0.00272626
0.0024801
0.00224131
0.00201502
0.00180559
0.00161617
0.00144843
0.00130253
0.00117728
0.00107041
0.000978977
0.000899838
0.000830035
0.000767027
0.000708488
0.000652998
0.000605181
0.000580105
0.00514849
0.00499591
0.00481982
0.00463512
0.00444898
0.00425876
0.00406174
0.00385571
0.00364051
0.00341594
0.00318304
0.00294422
0.00270306
0.00246403
0.00223202
0.00201182
0.00180749
0.00162198
0.00145686
0.00131232
0.00118725
0.00107962
0.00098678
0.000905962
0.000834519
0.000770331
0.000711187
0.000655763
0.000608319
0.000584233
0.00509264
0.00494449
0.00477361
0.00459334
0.00440966
0.00422087
0.00402502
0.00382026
0.0036068
0.003385
0.00315578
0.00292143
0.00268532
0.00245156
0.00222468
0.0020091
0.0018086
0.00162594
0.00146258
0.00131869
0.0011933
0.00108456
0.000990162
0.000907647
0.000834699
0.000769464
0.000709823
0.000654612
0.000607671
0.000584305
0.00505838
0.00491365
0.00474688
0.00456986
0.00438751
0.00419905
0.00400317
0.00379864
0.00358537
0.00336461
0.00313725
0.00290553
0.00267266
0.00244249
0.00221921
0.00200689
0.00180903
0.00162819
0.00146573
0.00132183
0.00119561
0.00108547
0.00098938
0.000905186
0.000830831
0.000764553
0.000704633
0.000649742
0.000603354
0.000580367
0.0050423
0.00490043
0.00473704
0.00456252
0.00438088
0.00419196
0.00399511
0.00378972
0.00357535
0.00335402
0.00312687
0.00289609
0.00266481
0.00243668
0.00221555
0.0020052
0.00180884
0.00162882
0.00146642
0.00132184
0.00119433
0.0010825
0.000984592
0.000898731
0.000823109
0.000756017
0.000695915
0.000641427
0.000595627
0.000572642
0.00504147
0.00490243
0.0047421
0.00456971
0.00438854
0.00419861
0.00400002
0.00379269
0.00357613
0.00335274
0.00312426
0.00289285
0.00266161
0.00243402
0.00221368
0.00200403
0.00180804
0.00162786
0.00146471
0.00131879
0.00118951
0.00107572
0.000975897
0.000888412
0.000811692
0.000744001
0.000683905
0.000629977
0.000584829
0.000561503
0.00505322
0.00491747
0.00476028
0.00458999
0.00440932
0.00421833
0.0040173
0.00380697
0.00358732
0.00336048
0.00312924
0.00289573
0.00266303
0.00243452
0.00221356
0.00200334
0.00180658
0.00162527
0.00146054
0.00131265
0.00118118
0.00106518
0.000963378
0.000874362
0.000796651
0.000728687
0.000668908
0.000615713
0.000571358
0.000547397
0.0050749
0.00494338
0.00478995
0.00462217
0.0044422
0.00425015
0.00404638
0.00383224
0.00360868
0.00337722
0.00314188
0.00290485
0.0026692
0.00243826
0.00221524
0.0020031
0.00180438
0.00162092
0.00145381
0.00130336
0.00116931
0.00105091
0.000947132
0.000856704
0.000778229
0.000710297
0.00065108
0.000598984
0.000555644
0.000530848
0.00510383
0.00497792
0.00482946
0.00466504
0.00448645
0.00429338
0.00408676
0.00386834
0.0036401
0.0034032
0.0031625
0.00292055
0.00268042
0.00244545
0.00221877
0.00200324
0.00180125
0.00161458
0.00144428
0.00129074
0.00115382
0.00103297
0.000927303
0.000835669
0.000756733
0.000689022
0.000630776
0.00058017
0.000538126
0.000512474
0.00513713
0.00501871
0.0048769
0.00471737
0.00454072
0.00434719
0.00413792
0.00391518
0.00368174
0.00343889
0.0031917
0.0029435
0.00269725
0.00245644
0.00222429
0.00200365
0.00179691
0.00160586
0.00143158
0.0012745
0.00113458
0.00101139
0.000904111
0.000811595
0.000732518
0.000665367
0.0006084
0.000559725
0.000519349
0.000493
0.00517141
0.00506317
0.00493031
0.00477716
0.00460372
0.00441065
0.00419952
0.00397294
0.00373429
0.00348537
0.00323072
0.00297484
0.00272064
0.00247186
0.00223202
0.00200419
0.00179096
0.00159422
0.00141516
0.00125423
0.00111137
0.000986258
0.000877903
0.000785044
0.000706283
0.000640064
0.000584612
0.000538227
0.000500097
0.000473219
0.00520155
0.00510791
0.00498713
0.0048422
0.00467372
0.00448291
0.00427164
0.00404251
0.00379929
0.00354469
0.00328192
0.00301679
0.00275242
0.00249299
0.0022426
0.0020049
0.00178291
0.00157889
0.00139417
0.00122922
0.00108385
0.000957432
0.000848793
0.000756374
0.000678584
0.000613785
0.000560288
0.000516356
0.000480475
0.000453226
0.00522016
0.0051485
0.00504433
0.00491134
0.00475148
0.00456649
0.00435818
0.00412896
0.0038826
0.00362261
0.0033511
0.0030745
0.00279666
0.00252255
0.00225728
0.00200559
0.00177141
0.00155758
0.0013657
0.00119635
0.00104937
0.000921804
0.000813644
0.000722527
0.000646513
0.000583785
0.000532514
0.00049092
0.000456884
0.000430981
0.00521717
0.00517184
0.00508777
0.0049709
0.00482417
0.00464966
0.0044492
0.00422443
0.00397796
0.00371339
0.00343315
0.00314338
0.00284933
0.00255719
0.00227356
0.00200464
0.00175555
0.00152997
0.00132972
0.00115484
0.0010039
0.000876867
0.000769905
0.000680616
0.000606722
0.00054609
0.000496915
0.000457368
0.000426044
0.000406684
0.0199988
0.00765769
0.00514521
0.00351709
0.00239017
0.00162608
0.00112887
0.000824871
0.000652727
0.000562576
0.000519459
0.000502014
0.00049802
0.000500514
0.000505446
0.000510439
0.000514139
0.000515826
0.000515194
0.0005122
0.000506945
0.000499629
0.00049051
0.000479881
0.000468044
0.000455294
0.000441877
0.000427719
0.000412813
0.000400864
0.0227458
0.00892984
0.00602375
0.00412653
0.00281245
0.0019287
0.00134269
0.000971368
0.000749391
0.000623906
0.000556829
0.0005238
0.000510137
0.000507072
0.000509297
0.00051355
0.000517846
0.000520991
0.000522289
0.000521401
0.000518223
0.000512818
0.000505348
0.000496032
0.000485123
0.000472903
0.000459669
0.00044572
0.000431799
0.000419205
0.026083
0.0101395
0.00692782
0.00475282
0.00326184
0.00226546
0.00159368
0.00115352
0.000877052
0.000709767
0.000611523
0.000555732
0.000525681
0.000510988
0.000505162
0.000504095
0.000505167
0.000506708
0.000507648
0.000507338
0.000505439
0.000501826
0.000496507
0.00048958
0.000481191
0.000471522
0.000460757
0.000449156
0.000437583
0.00042715
0.0300259
0.0111885
0.00779787
0.00530534
0.00367269
0.00259929
0.00186334
0.0013643
0.00103556
0.000824347
0.000690757
0.000607368
0.000556208
0.000525624
0.00050805
0.000498525
0.000493752
0.000491521
0.000490333
0.000489189
0.000487454
0.000484759
0.00048092
0.000475876
0.00046965
0.000462298
0.000453868
0.000444514
0.000435217
0.000427515
0.0346474
0.0121327
0.00869855
0.00583648
0.00408669
0.00295532
0.00216453
0.00161063
0.00122985
0.000972533
0.000800087
0.000685039
0.000608678
0.000558377
0.000525606
0.000504576
0.000491303
0.000483005
0.000477722
0.000474065
0.000471065
0.00046807
0.00046466
0.000460581
0.000455699
0.000449939
0.000443231
0.000435644
0.000428171
0.000422611
0.0401596
0.0129681
0.00965287
0.0063268
0.00448799
0.00331925
0.00248465
0.00188286
0.00145363
0.00115109
0.000938783
0.00078988
0.000685508
0.000612468
0.0005615
0.000526111
0.000501697
0.00048494
0.000473419
0.000465351
0.000459423
0.000454679
0.000450437
0.000446226
0.000441732
0.00043674
0.000431072
0.000424701
0.000418511
0.000414364
0.0468206
0.013722
0.0106989
0.00676384
0.00486926
0.00368132
0.0028122
0.00216974
0.00169699
0.0013521
0.00110107
0.000918149
0.000784681
0.000687249
0.000616133
0.000564295
0.000526624
0.000499353
0.000479652
0.000465372
0.000454874
0.000446908
0.000440529
0.000435038
0.000429932
0.000424846
0.000419483
0.000413705
0.000408209
0.000404734
0.0548858
0.0144435
0.011878
0.00713727
0.00522626
0.00403155
0.00313428
0.0024577
0.00194693
0.00156392
0.00127714
0.001062
0.000900229
0.000778416
0.000686592
0.00061736
0.000565231
0.000526093
0.000496795
0.000474892
0.000458461
0.000445994
0.000436306
0.000428482
0.000421828
0.000415822
0.000410042
0.000404227
0.000398847
0.000395385
0.0645237
0.0152005
0.0132272
0.00743951
0.00555617
0.00435893
0.00343728
0.00273251
0.00218929
0.00177324
0.00145503
0.00121104
0.00102342
0.000878806
0.000767148
0.000680836
0.000614142
0.000562704
0.000523152
0.000492827
0.000469595
0.00045174
0.000437878
0.000426905
0.000417955
0.000410349
0.000403538
0.000397141
0.000391386
0.000387421
0.0757205
0.0160747
0.0147678
0.00766834
0.00585692
0.00465231
0.00370859
0.00298107
0.00241092
0.00196732
0.00162279
0.0013544
0.00114454
0.000979945
0.000850516
0.000748575
0.000668246
0.000605025
0.0005554
0.000516576
0.000486288
0.000462675
0.000444204
0.000429622
0.000417911
0.000408259
0.000399997
0.000392628
0.00038615
0.000381344
0.0881089
0.0171385
0.0164902
0.00782759
0.00612538
0.00490171
0.0039382
0.00319307
0.00260128
0.00213573
0.00177034
0.00148247
0.00125463
0.00107359
0.000929287
0.000813992
0.000721792
0.000648107
0.00058935
0.000542656
0.000505685
0.000476494
0.000453456
0.000435206
0.000420615
0.000408755
0.000398859
0.000390325
0.000382948
0.000377154
0.100867
0.0184178
0.0183353
0.00792627
0.00635607
0.00509979
0.00411969
0.00336174
0.00275336
0.00227134
0.00189045
0.00158804
0.00134661
0.00115298
0.000997074
0.0008712
0.000769428
0.000687167
0.000620802
0.000567438
0.000524702
0.000490616
0.000463498
0.000441917
0.000424662
0.000410722
0.000399249
0.000389563
0.000381288
0.000374533
0.112763
0.0198538
0.0201842
0.0079764
0.0065412
0.00524297
0.00425048
0.00348402
0.00286387
0.00237049
0.00197908
0.00166674
0.00141591
0.00121343
0.00104928
0.000915767
0.000806987
0.000718357
0.000646268
0.000587819
0.000540633
0.000502715
0.000472362
0.000448106
0.000428688
0.00041304
0.000400262
0.000389613
0.000380589
0.000373044
0.122316
0.0212553
0.0218236
0.007991
0.00667239
0.00533202
0.00433162
0.00356032
0.00293286
0.00243271
0.00203513
0.00171692
0.00146046
0.0012526
0.00108336
0.000945084
0.000831884
0.000739195
0.00066342
0.00060167
0.000551566
0.000511111
0.000478594
0.000452531
0.000431643
0.000414834
0.00040117
0.000389873
0.000380354
0.000372286
0.127659
0.0221933
0.0228244
0.00798975
0.00674018
0.00537196
0.0043678
0.00359419
0.00296333
0.00246025
0.00206006
0.00173935
0.00148045
0.00127024
0.00109875
0.000958359
0.000843187
0.00074868
0.000671248
0.000608003
0.000556569
0.000514945
0.000481419
0.000454512
0.000432942
0.000415602
0.000401546
0.000389978
0.000380265
0.000371986
0.127709
0.0222101
0.0228631
0.00799621
0.00673539
0.0053689
0.00436436
0.00359031
0.00295945
0.00245657
0.00205665
0.00173622
0.0014776
0.00126767
0.00109645
0.000956318
0.000841406
0.00074715
0.000669954
0.000606919
0.000555661
0.000514177
0.000480764
0.000453957
0.000432482
0.000415241
0.000401288
0.000389823
0.000380213
0.000372033
0.122459
0.0213011
0.0219291
0.00801051
0.00665966
0.00532338
0.00432181
0.00354909
0.00292154
0.00242195
0.00202515
0.00170777
0.00145214
0.00124509
0.00107665
0.000939157
0.000826723
0.000734771
0.000659678
0.000598531
0.000548928
0.000508876
0.000476687
0.000450916
0.000430315
0.0004138
0.00040044
0.000389451
0.000380238
0.00037246
0.112983
0.019918
0.0203293
0.00800809
0.00652461
0.00523022
0.00423564
0.0034666
0.00284601
0.00235338
0.00196319
0.00165221
0.00140275
0.00120162
0.00103878
0.000906551
0.000799008
0.000711542
0.000640508
0.000582974
0.000536544
0.000499238
0.000469399
0.000445615
0.000426664
0.000411496
0.00039921
0.00038906
0.000380531
0.000373457
0.101142
0.0184905
0.0184901
0.00796756
0.00634022
0.00508483
0.00410146
0.00333963
0.00273015
0.00224888
0.00186959
0.00156904
0.00132952
0.00113776
0.000983684
0.000859566
0.000759449
0.000678702
0.00061367
0.000561427
0.000519609
0.00048628
0.000459825
0.000438872
0.000422247
0.000408951
0.000398138
0.000389117
0.000381501
0.00037537
0.0884196
0.017214
0.0166297
0.00787406
0.00611403
0.00488658
0.00391827
0.0031679
0.00257412
0.00210915
0.00174562
0.00146008
0.00123468
0.00105605
0.000914066
0.000800959
0.000710766
0.000638854
0.000581597
0.000536126
0.000500152
0.000471807
0.000449542
0.000432048
0.000418221
0.000407142
0.00039804
0.000390306
0.000383716
0.000378662
0.0760513
0.0161511
0.0148754
0.0077139
0.00585206
0.00463887
0.00368855
0.00295451
0.00238144
0.00193811
0.0015956
0.00132993
0.001123
0.00096131
0.000834645
0.000735249
0.000657178
0.00059587
0.000547793
0.000510204
0.00048093
0.000458211
0.00044059
0.000426856
0.00041601
0.00040724
0.000399873
0.000393398
0.000387792
0.0003838
0.064864
0.0152783
0.0132952
0.00747754
0.00555745
0.00434845
0.00341852
0.00270622
0.00215931
0.0017432
0.00142705
0.00118608
0.00100178
0.000860454
0.000751874
0.000668326
0.000603988
0.000554453
0.000516389
0.000487241
0.000465006
0.000448065
0.000435099
0.000425034
0.000417013
0.000410356
0.000404502
0.000399054
0.000394215
0.000391092
0.0552297
0.0145239
0.0119065
0.00716186
0.00523104
0.00402425
0.00311783
0.00243328
0.00191839
0.00153507
0.00125034
0.00103835
0.000880115
0.000761769
0.000673129
0.000606662
0.000556785
0.00051939
0.000491435
0.000470618
0.000455147
0.000443596
0.000434827
0.000427943
0.000422254
0.000417229
0.000412431
0.000407584
0.000403127
0.000400497
0.0471643
0.0138054
0.0106928
0.00677067
0.00487332
0.00367617
0.00279855
0.00214855
0.00167178
0.00132651
0.00107745
0.000897653
0.00076766
0.000673594
0.000605487
0.000556152
0.000520435
0.000494642
0.000476097
0.000462801
0.00045322
0.000446163
0.000440712
0.000436173
0.000432038
0.000427933
0.000423546
0.000418721
0.000414123
0.00041144
0.0405001
0.0130531
0.00961883
0.00631344
0.00448659
0.00331426
0.00247375
0.00186594
0.00143333
0.00113053
0.000920064
0.00077403
0.000672788
0.000602702
0.00055428
0.00052092
0.000498044
0.000482466
0.000471919
0.000464742
0.000459695
0.000455852
0.000452534
0.000449263
0.000445716
0.000441672
0.000436939
0.000431478
0.000426139
0.00042272
0.0349808
0.0122163
0.00864286
0.00580251
0.00407599
0.00294831
0.0021559
0.00159848
0.00121544
0.000958099
0.000787285
0.000674642
0.000600813
0.000552811
0.000521941
0.00050238
0.00049023
0.000482848
0.000478395
0.000475563
0.000473421
0.000471314
0.000468805
0.000465623
0.000461626
0.000456737
0.000450885
0.000444135
0.000437443
0.000432536
0.0303476
0.0112661
0.00772529
0.00525236
0.00365091
0.00258873
0.00185636
0.00135688
0.00102718
0.00081618
0.000683898
0.000602308
0.000552958
0.000523949
0.000507639
0.000499102
0.000495143
0.000493652
0.000493208
0.000492852
0.000491946
0.000490096
0.00048709
0.000482852
0.000477398
0.000470793
0.000463092
0.00045446
0.000445855
0.000438729
0.0263885
0.0102059
0.0068422
0.00468516
0.00323012
0.00225105
0.00158774
0.00115014
0.000873922
0.000706962
0.000609617
0.000555012
0.000526118
0.00051242
0.000507431
0.000507093
0.00050885
0.000511076
0.000512729
0.000513165
0.000512019
0.00050913
0.000504492
0.000498196
0.000490389
0.00048127
0.000471044
0.000460002
0.000448999
0.000439069
0.0230345
0.00897678
0.00592516
0.00405183
0.00277643
0.00191257
0.00133776
0.000970966
0.000749988
0.000624768
0.000558195
0.000525889
0.000512987
0.000510658
0.000513622
0.000518649
0.000523724
0.000527623
0.000529638
0.000529397
0.000526783
0.000521853
0.00051477
0.000505764
0.000495108
0.000483113
0.000470124
0.000456492
0.000442972
0.000430804
0.0202828
0.00768047
0.00503435
0.00344419
0.00235598
0.00161027
0.00112442
0.000825696
0.000654914
0.000565046
0.000522325
0.000505515
0.00050229
0.000505644
0.000511523
0.000517536
0.000522236
0.000524805
0.000524863
0.000522328
0.000517316
0.000510061
0.000500855
0.000490025
0.000477918
0.000464877
0.000451211
0.000436936
0.000422122
0.00041053
0.000395794
0.000383759
0.00036838
0.00035312
0.000338726
0.000325173
0.000312395
0.000300367
0.000289053
0.000278406
0.000268372
0.0002589
0.000249941
0.000241452
0.000233392
0.000225724
0.000218416
0.000211437
0.00020476
0.000198361
0.000192218
0.00018631
0.000180619
0.000175129
0.000169825
0.000164692
0.00015972
0.000154896
0.00015021
0.000145654
0.000141218
0.000136897
0.000132682
0.000128568
0.000124549
0.000120622
0.00011678
0.000113021
0.000109341
0.000105737
0.000102207
9.87475e-05
9.53571e-05
9.20339e-05
8.87763e-05
8.55829e-05
8.24527e-05
7.93844e-05
7.63774e-05
7.34305e-05
7.05432e-05
6.77166e-05
6.49493e-05
6.22406e-05
5.95903e-05
5.69983e-05
5.44642e-05
5.19877e-05
4.95686e-05
4.72071e-05
4.4903e-05
4.26565e-05
4.04676e-05
3.83361e-05
3.62622e-05
3.42458e-05
3.22868e-05
3.03854e-05
2.85415e-05
2.67552e-05
2.50267e-05
2.33559e-05
2.17427e-05
2.01873e-05
1.86897e-05
1.72498e-05
1.58676e-05
1.45432e-05
1.32765e-05
1.20676e-05
1.09165e-05
9.82314e-06
8.7876e-06
7.80977e-06
6.88964e-06
6.02726e-06
5.22264e-06
4.47575e-06
3.78658e-06
3.15493e-06
2.58074e-06
2.06398e-06
1.60476e-06
1.20355e-06
8.60201e-07
5.74002e-07
3.44864e-07
1.73649e-07
6.06577e-08
6.548e-09
0.000400983
0.0003864
0.000371336
0.00035654
0.000342537
0.000329355
0.000316911
0.000305147
0.000294024
0.000283495
0.000273516
0.000264043
0.000255038
0.000246463
0.000238285
0.000230474
0.000223002
0.000215843
0.000208976
0.000202379
0.000196032
0.000189919
0.000184024
0.000178331
0.000172827
0.0001675
0.000162339
0.000157333
0.000152473
0.000147749
0.000143154
0.000138682
0.000134324
0.000130075
0.00012593
0.000121883
0.000117931
0.000114068
0.000110292
0.000106599
0.000102986
9.94503e-05
9.59897e-05
9.2602e-05
8.92854e-05
8.60381e-05
8.28586e-05
7.97458e-05
7.66984e-05
7.37157e-05
7.07971e-05
6.79399e-05
6.51446e-05
6.24108e-05
5.9738e-05
5.71255e-05
5.45729e-05
5.20804e-05
4.96475e-05
4.72739e-05
4.49593e-05
4.27036e-05
4.05065e-05
3.83681e-05
3.62881e-05
3.42665e-05
3.23032e-05
3.0398e-05
2.8551e-05
2.67622e-05
2.50314e-05
2.33587e-05
2.17441e-05
2.01875e-05
1.86889e-05
1.72483e-05
1.58656e-05
1.45408e-05
1.32738e-05
1.20647e-05
1.09136e-05
9.82033e-06
8.78486e-06
7.80712e-06
6.88715e-06
6.0249e-06
5.22038e-06
4.47355e-06
3.78439e-06
3.15293e-06
2.5791e-06
2.06283e-06
1.60411e-06
1.20297e-06
8.59538e-07
5.73436e-07
3.44494e-07
1.73453e-07
6.06083e-08
6.53714e-09
0.000405079
0.000389329
0.000373688
0.000358627
0.000344618
0.000331589
0.000319358
0.000307813
0.000296882
0.000286508
0.000276642
0.000267241
0.000258269
0.000249694
0.000241485
0.000233619
0.000226071
0.00021882
0.000211847
0.000205134
0.000198665
0.000192425
0.000186399
0.000180575
0.00017494
0.000169484
0.000164196
0.000159067
0.000154087
0.000149249
0.000144544
0.000139966
0.000135509
0.000131165
0.000126931
0.000122801
0.000118769
0.000114833
0.000110989
0.000107232
0.000103559
9.99688e-05
9.64575e-05
9.30231e-05
8.96635e-05
8.63768e-05
8.31612e-05
8.00154e-05
7.69378e-05
7.39273e-05
7.09829e-05
6.81035e-05
6.52884e-05
6.25368e-05
5.9848e-05
5.72214e-05
5.46564e-05
5.21525e-05
4.97095e-05
4.73268e-05
4.50042e-05
4.27414e-05
4.05382e-05
3.83943e-05
3.63096e-05
3.4284e-05
3.23172e-05
3.04091e-05
2.85596e-05
2.67685e-05
2.50359e-05
2.33617e-05
2.17458e-05
2.01883e-05
1.86889e-05
1.72476e-05
1.58644e-05
1.45392e-05
1.3272e-05
1.20627e-05
1.09114e-05
9.81803e-06
8.78259e-06
7.80492e-06
6.88497e-06
6.02271e-06
5.21823e-06
4.47156e-06
3.78254e-06
3.15114e-06
2.57746e-06
2.06152e-06
1.60313e-06
1.20214e-06
8.58781e-07
5.7284e-07
3.4412e-07
1.73252e-07
6.05224e-08
6.51848e-09
0.000405119
0.000389509
0.000373963
0.000359054
0.000345299
0.000332577
0.00032066
0.000309405
0.000298726
0.000288561
0.000278859
0.00026958
0.000260689
0.00025216
0.000243967
0.000236089
0.000228508
0.000221206
0.000214167
0.000207376
0.00020082
0.000194487
0.000188364
0.00018244
0.000176704
0.000171146
0.000165758
0.000160529
0.000155453
0.000150522
0.000145727
0.000141063
0.000136523
0.000132101
0.000127793
0.000123592
0.000119495
0.000115497
0.000111594
0.000107783
0.00010406
0.000100423
9.68684e-05
9.3394e-05
8.99975e-05
8.66769e-05
8.34302e-05
8.02559e-05
7.71523e-05
7.41182e-05
7.11522e-05
6.82533e-05
6.54205e-05
6.26529e-05
5.99497e-05
5.731e-05
5.47334e-05
5.22192e-05
4.97669e-05
4.7376e-05
4.50462e-05
4.27769e-05
4.0568e-05
3.84192e-05
3.63302e-05
3.43008e-05
3.23308e-05
3.04199e-05
2.8568e-05
2.67749e-05
2.50406e-05
2.3365e-05
2.17479e-05
2.01893e-05
1.8689e-05
1.72471e-05
1.58634e-05
1.45378e-05
1.32703e-05
1.20608e-05
1.09092e-05
9.81575e-06
8.78028e-06
7.80275e-06
6.88279e-06
6.02035e-06
5.21589e-06
4.46935e-06
3.78045e-06
3.1492e-06
2.57568e-06
2.05995e-06
1.60177e-06
1.201e-06
8.57837e-07
5.72111e-07
3.43636e-07
1.72986e-07
6.04143e-08
6.49723e-09
0.000401354
0.000386868
0.000372143
0.000357925
0.000344778
0.000332585
0.000321119
0.000310247
0.000299886
0.000289978
0.000280479
0.000271354
0.000262575
0.000254119
0.000245967
0.000238104
0.000230515
0.000223185
0.000216104
0.000209259
0.000202639
0.000196234
0.000190034
0.00018403
0.000178212
0.000172571
0.0001671
0.000161789
0.000156633
0.000151622
0.000146752
0.000142015
0.000137405
0.000132916
0.000128544
0.000124283
0.000120129
0.000116078
0.000112125
0.000108267
0.000104501
0.000100823
9.72311e-05
9.37218e-05
9.02931e-05
8.69429e-05
8.3669e-05
8.04697e-05
7.73433e-05
7.42884e-05
7.13035e-05
6.83873e-05
6.55389e-05
6.27571e-05
6.00411e-05
5.739e-05
5.4803e-05
5.22796e-05
4.9819e-05
4.74208e-05
4.50844e-05
4.28094e-05
4.05954e-05
3.84421e-05
3.63493e-05
3.43164e-05
3.23432e-05
3.04296e-05
2.85756e-05
2.67808e-05
2.5045e-05
2.3368e-05
2.17498e-05
2.01903e-05
1.86892e-05
1.72465e-05
1.58623e-05
1.45363e-05
1.32685e-05
1.20588e-05
1.09071e-05
9.81334e-06
8.77771e-06
7.80003e-06
6.88014e-06
6.01797e-06
5.21358e-06
4.467e-06
3.77814e-06
3.14699e-06
2.57362e-06
2.05803e-06
1.60007e-06
1.19959e-06
8.56708e-07
5.71254e-07
3.43066e-07
1.7267e-07
6.02908e-08
6.47448e-09
0.000395118
0.000382271
0.000368817
0.000355647
0.000343351
0.000331842
0.000320929
0.000310505
0.000300506
0.000290887
0.000281615
0.000272664
0.000264014
0.000255649
0.000247556
0.000239724
0.000232143
0.000224804
0.000217698
0.000210816
0.00020415
0.000197691
0.000191432
0.000185364
0.000179481
0.000173773
0.000168234
0.000162856
0.000157633
0.000152558
0.000147624
0.000142826
0.000138157
0.000133612
0.000129187
0.000124875
0.000120674
0.000116577
0.000112582
0.000108684
0.000104881
0.000101168
9.75442e-05
9.40051e-05
9.0549e-05
8.71733e-05
8.38761e-05
8.06554e-05
7.75093e-05
7.44364e-05
7.14351e-05
6.85041e-05
6.56421e-05
6.28481e-05
6.0121e-05
5.74599e-05
5.4864e-05
5.23325e-05
4.98647e-05
4.74601e-05
4.51181e-05
4.2838e-05
4.06196e-05
3.84624e-05
3.63659e-05
3.43298e-05
3.23539e-05
3.04382e-05
2.85822e-05
2.67857e-05
2.50485e-05
2.33704e-05
2.17512e-05
2.01908e-05
1.8689e-05
1.72458e-05
1.5861e-05
1.45346e-05
1.32665e-05
1.20566e-05
1.09047e-05
9.81088e-06
8.77509e-06
7.79726e-06
6.87727e-06
6.01514e-06
5.21085e-06
4.46435e-06
3.77558e-06
3.14454e-06
2.57128e-06
2.0558e-06
1.59808e-06
1.19797e-06
8.55421e-07
5.70292e-07
3.42443e-07
1.72331e-07
6.0159e-08
6.45065e-09
0.000387897
0.000376767
0.000364734
0.000352754
0.000341408
0.000330644
0.000320322
0.00031037
0.000300747
0.000291427
0.000282388
0.000273617
0.000265101
0.000256834
0.000248808
0.000241017
0.000233455
0.000226118
0.000218999
0.000212093
0.000205394
0.000198895
0.00019259
0.000186472
0.000180536
0.000174774
0.000169181
0.000163748
0.000158471
0.000153342
0.000148356
0.000143507
0.00013879
0.000134199
0.000129729
0.000125375
0.000121133
0.000116999
0.000112968
0.000109037
0.000105203
0.000101461
9.781e-05
9.42459e-05
9.07665e-05
8.73694e-05
8.40524e-05
8.08135e-05
7.76508e-05
7.45627e-05
7.15475e-05
6.86038e-05
6.57303e-05
6.29258e-05
6.01893e-05
5.75196e-05
5.49161e-05
5.23777e-05
4.99038e-05
4.74937e-05
4.51468e-05
4.28625e-05
4.06403e-05
3.84795e-05
3.63799e-05
3.43412e-05
3.23631e-05
3.04453e-05
2.85876e-05
2.67896e-05
2.50512e-05
2.3372e-05
2.1752e-05
2.01909e-05
1.86886e-05
1.72449e-05
1.58597e-05
1.45328e-05
1.32643e-05
1.20541e-05
1.09021e-05
9.80818e-06
8.77229e-06
7.79437e-06
6.87433e-06
6.01215e-06
5.20786e-06
4.46144e-06
3.77278e-06
3.14185e-06
2.5687e-06
2.05339e-06
1.59593e-06
1.19615e-06
8.5397e-07
5.69233e-07
3.41778e-07
1.71986e-07
6.00305e-08
6.42765e-09
0.000380923
0.000371277
0.000360569
0.000349739
0.000339311
0.000329266
0.000319514
0.000310016
0.000300754
0.00029172
0.000282905
0.000274306
0.000265922
0.000257751
0.000249792
0.000242044
0.000234507
0.000227178
0.000220054
0.000213132
0.000206409
0.00019988
0.000193539
0.000187383
0.000181405
0.0001756
0.000169962
0.000164485
0.000159164
0.000153992
0.000148963
0.000144073
0.000139316
0.000134686
0.00013018
0.000125791
0.000121516
0.000117351
0.000113291
0.000109332
0.000105472
0.000101706
9.80321e-05
9.44471e-05
9.09484e-05
8.75334e-05
8.42e-05
8.09459e-05
7.77694e-05
7.46685e-05
7.16416e-05
6.86873e-05
6.58042e-05
6.2991e-05
6.02465e-05
5.75697e-05
5.49597e-05
5.24155e-05
4.99365e-05
4.75218e-05
4.51708e-05
4.2883e-05
4.06574e-05
3.84937e-05
3.63914e-05
3.43505e-05
3.23705e-05
3.0451e-05
2.85918e-05
2.67926e-05
2.50531e-05
2.3373e-05
2.17522e-05
2.01905e-05
1.86877e-05
1.72436e-05
1.58579e-05
1.45307e-05
1.3262e-05
1.20516e-05
1.08994e-05
9.80534e-06
8.76938e-06
7.79138e-06
6.87128e-06
6.00906e-06
5.20476e-06
4.45834e-06
3.76975e-06
3.13895e-06
2.56596e-06
2.05085e-06
1.59367e-06
1.19424e-06
8.52458e-07
5.68154e-07
3.41115e-07
1.71654e-07
5.99144e-08
6.40682e-09
0.000375011
0.000366432
0.000356804
0.000346959
0.000337331
0.000327918
0.000318671
0.000309577
0.000300639
0.000291861
0.000283248
0.000274806
0.000266541
0.000258459
0.000250563
0.000242857
0.000235345
0.000228026
0.000220902
0.00021397
0.00020723
0.000200677
0.00019431
0.000188123
0.000182113
0.000176273
0.0001706
0.000165087
0.00015973
0.000154522
0.00014946
0.000144536
0.000139746
0.000135086
0.000130549
0.000126132
0.00012183
0.000117639
0.000113555
0.000109574
0.000105692
0.000101907
9.82146e-05
9.46126e-05
9.1098e-05
8.76684e-05
8.43214e-05
8.10549e-05
7.78669e-05
7.47555e-05
7.17191e-05
6.87561e-05
6.5865e-05
6.30445e-05
6.02935e-05
5.76109e-05
5.49955e-05
5.24466e-05
4.99632e-05
4.75447e-05
4.51904e-05
4.29e-05
4.0672e-05
3.85054e-05
3.64005e-05
3.43576e-05
3.23761e-05
3.04553e-05
2.85949e-05
2.67948e-05
2.50544e-05
2.33735e-05
2.1752e-05
2.01897e-05
1.86865e-05
1.7242e-05
1.5856e-05
1.45286e-05
1.32596e-05
1.2049e-05
1.08966e-05
9.80248e-06
8.76643e-06
7.78837e-06
6.86822e-06
6.00599e-06
5.20166e-06
4.45524e-06
3.76671e-06
3.13603e-06
2.56318e-06
2.04827e-06
1.59139e-06
1.19234e-06
8.50991e-07
5.67134e-07
3.40512e-07
1.71367e-07
5.98224e-08
6.38969e-09
0.000370521
0.000362551
0.0003537
0.00034462
0.000335629
0.00032673
0.000317901
0.000309147
0.000300483
0.000291923
0.000283483
0.000275175
0.000267012
0.000259006
0.000251165
0.000243497
0.000236007
0.0002287
0.000221576
0.000214638
0.000207885
0.000201315
0.000194927
0.000188716
0.000182679
0.000176813
0.000171111
0.00016557
0.000160185
0.000154949
0.000149859
0.000144908
0.000140093
0.000135407
0.000130846
0.000126407
0.000122083
0.000117872
0.000113768
0.000109769
0.00010587
0.000102069
9.83619e-05
9.4746e-05
9.12187e-05
8.77772e-05
8.44193e-05
8.11428e-05
7.79456e-05
7.48258e-05
7.17816e-05
6.88115e-05
6.59141e-05
6.30878e-05
6.03315e-05
5.76441e-05
5.50244e-05
5.24715e-05
4.99846e-05
4.75631e-05
4.52061e-05
4.29127e-05
4.06822e-05
3.85141e-05
3.64081e-05
3.43638e-05
3.23809e-05
3.0459e-05
2.85976e-05
2.67965e-05
2.50553e-05
2.33737e-05
2.17515e-05
2.01887e-05
1.86851e-05
1.72403e-05
1.58541e-05
1.45265e-05
1.32573e-05
1.20465e-05
1.0894e-05
9.79979e-06
8.76364e-06
7.78551e-06
6.86535e-06
6.00309e-06
5.19873e-06
4.45229e-06
3.76378e-06
3.13319e-06
2.5605e-06
2.04581e-06
1.58923e-06
1.19057e-06
8.49656e-07
5.66248e-07
3.4002e-07
1.7115e-07
5.97605e-08
6.37679e-09
0.000367444
0.00035969
0.000351331
0.000342798
0.000334279
0.000325773
0.000317269
0.000308784
0.000300338
0.000291954
0.000283653
0.000275454
0.000267375
0.000259431
0.000251636
0.000243998
0.000236527
0.000229228
0.000222106
0.000215164
0.000208401
0.000201817
0.000195412
0.000189183
0.000183126
0.000177238
0.000171514
0.000165951
0.000160543
0.000155285
0.000150173
0.000145201
0.000140365
0.00013566
0.000131081
0.000126623
0.000122282
0.000118055
0.000113936
0.000109922
0.00010601
0.000102197
9.8478e-05
9.48513e-05
9.13139e-05
8.78632e-05
8.44967e-05
8.12123e-05
7.80078e-05
7.48813e-05
7.1831e-05
6.88554e-05
6.59528e-05
6.3122e-05
6.03615e-05
5.76703e-05
5.50473e-05
5.24914e-05
5.00018e-05
4.75777e-05
4.52183e-05
4.29228e-05
4.06906e-05
3.85211e-05
3.64139e-05
3.43686e-05
3.23846e-05
3.04617e-05
2.85995e-05
2.67976e-05
2.50557e-05
2.33735e-05
2.17509e-05
2.01878e-05
1.86838e-05
1.72387e-05
1.58524e-05
1.45246e-05
1.32553e-05
1.20443e-05
1.08917e-05
9.79736e-06
8.76115e-06
7.78297e-06
6.86276e-06
6.00049e-06
5.19613e-06
4.44968e-06
3.76117e-06
3.13061e-06
2.55806e-06
2.0436e-06
1.58732e-06
1.18905e-06
8.48552e-07
5.65543e-07
3.39639e-07
1.70991e-07
5.97259e-08
6.36821e-09
0.00036554
0.000357741
0.000349658
0.000341486
0.000333296
0.00032507
0.000316806
0.000308521
0.00030024
0.000291989
0.000283793
0.000275677
0.000267661
0.000259764
0.000252002
0.000244387
0.00023693
0.000229637
0.000222516
0.000215569
0.000208798
0.000202204
0.000195786
0.000189542
0.000183469
0.000177564
0.000171823
0.000166243
0.000160817
0.000155543
0.000150414
0.000145426
0.000140574
0.000135854
0.00013126
0.000126789
0.000122435
0.000118195
0.000114065
0.00011004
0.000106118
0.000102295
9.85669e-05
9.4932e-05
9.13869e-05
8.7929e-05
8.4556e-05
8.12655e-05
7.80555e-05
7.49239e-05
7.1869e-05
6.88891e-05
6.59827e-05
6.31483e-05
6.03847e-05
5.76906e-05
5.50649e-05
5.25067e-05
5.0015e-05
4.75889e-05
4.52278e-05
4.29308e-05
4.06972e-05
3.85266e-05
3.64184e-05
3.43722e-05
3.23875e-05
3.04638e-05
2.86009e-05
2.67983e-05
2.50559e-05
2.33733e-05
2.17505e-05
2.0187e-05
1.86828e-05
1.72375e-05
1.5851e-05
1.45231e-05
1.32536e-05
1.20425e-05
1.08898e-05
9.79534e-06
8.75907e-06
7.78083e-06
6.86058e-06
5.99837e-06
5.19407e-06
4.44761e-06
3.75901e-06
3.12838e-06
2.55598e-06
2.04178e-06
1.58573e-06
1.1878e-06
8.47699e-07
5.65026e-07
3.3938e-07
1.70897e-07
5.97124e-08
6.36236e-09
0.000364489
0.000356527
0.000348582
0.000340634
0.000332658
0.000324621
0.00031652
0.000308374
0.000300207
0.000292048
0.000283925
0.000275866
0.000267893
0.000260027
0.000252287
0.000244686
0.000237237
0.000229948
0.000222825
0.000215873
0.000209095
0.000202492
0.000196064
0.000189808
0.000183723
0.000177805
0.000172052
0.000166458
0.000161019
0.000155732
0.000150591
0.000145591
0.000140727
0.000135996
0.000131392
0.00012691
0.000122547
0.000118298
0.000114159
0.000110126
0.000106197
0.000102366
9.86321e-05
9.49911e-05
9.14404e-05
8.79774e-05
8.45996e-05
8.13047e-05
7.80906e-05
7.49553e-05
7.18971e-05
6.89141e-05
6.60048e-05
6.31678e-05
6.04018e-05
5.77056e-05
5.50781e-05
5.25181e-05
5.00249e-05
4.75974e-05
4.5235e-05
4.29369e-05
4.07023e-05
3.85309e-05
3.64219e-05
3.4375e-05
3.23897e-05
3.04654e-05
2.86019e-05
2.67988e-05
2.5056e-05
2.33733e-05
2.17502e-05
2.01866e-05
1.86821e-05
1.72366e-05
1.58499e-05
1.45218e-05
1.32523e-05
1.20411e-05
1.08883e-05
9.79378e-06
8.75747e-06
7.77921e-06
6.85895e-06
5.99679e-06
5.19252e-06
4.44613e-06
3.75753e-06
3.1267e-06
2.55431e-06
2.04031e-06
1.5845e-06
1.18687e-06
8.47087e-07
5.64658e-07
3.39196e-07
1.70836e-07
5.9716e-08
6.35963e-09
0.000363996
0.000355879
0.000347999
0.000340181
0.000332332
0.000324409
0.000316408
0.000308344
0.000300246
0.000292141
0.000284062
0.000276034
0.000268085
0.000260236
0.000252507
0.000244912
0.000237465
0.000230175
0.000223048
0.000216092
0.000209307
0.000202696
0.000196259
0.000189994
0.0001839
0.000177973
0.00017221
0.000166606
0.000161159
0.000155862
0.000150712
0.000145704
0.000140832
0.000136093
0.000131481
0.000126993
0.000122623
0.000118368
0.000114223
0.000110185
0.00010625
0.000102415
9.86766e-05
9.50315e-05
9.1477e-05
8.80105e-05
8.46294e-05
8.13315e-05
7.81147e-05
7.4977e-05
7.19164e-05
6.89313e-05
6.60201e-05
6.31814e-05
6.04138e-05
5.77162e-05
5.50873e-05
5.25262e-05
5.00319e-05
4.76035e-05
4.52402e-05
4.29413e-05
4.07062e-05
3.85341e-05
3.64246e-05
3.43772e-05
3.23914e-05
3.04667e-05
2.86028e-05
2.67994e-05
2.50564e-05
2.33735e-05
2.17502e-05
2.01864e-05
1.86817e-05
1.7236e-05
1.58492e-05
1.4521e-05
1.32514e-05
1.20401e-05
1.08873e-05
9.79274e-06
8.7564e-06
7.77804e-06
6.85765e-06
5.99541e-06
5.1912e-06
4.44479e-06
3.75632e-06
3.12597e-06
2.55372e-06
2.03938e-06
1.58351e-06
1.18625e-06
8.46756e-07
5.64436e-07
3.39043e-07
1.70782e-07
5.97351e-08
6.36065e-09
0.000363857
0.000355668
0.000347826
0.000340071
0.000332283
0.000324413
0.000316455
0.000308428
0.000300357
0.000292273
0.000284208
0.000276191
0.000268248
0.000260402
0.000252672
0.000245076
0.000237625
0.00023033
0.000223198
0.000216236
0.000209445
0.000202827
0.000196383
0.000190111
0.00018401
0.000178076
0.000172306
0.000166697
0.000161243
0.000155941
0.000150785
0.000145771
0.000140895
0.000136151
0.000131534
0.000127042
0.000122668
0.000118409
0.000114261
0.000110219
0.000106282
0.000102444
9.87027e-05
9.50553e-05
9.14986e-05
8.803e-05
8.46471e-05
8.13475e-05
7.81291e-05
7.499e-05
7.1928e-05
6.89417e-05
6.60295e-05
6.31898e-05
6.04213e-05
5.77227e-05
5.50932e-05
5.25314e-05
5.00365e-05
4.76075e-05
4.52437e-05
4.29444e-05
4.07088e-05
3.85364e-05
3.64265e-05
3.43787e-05
3.23926e-05
3.04677e-05
2.86036e-05
2.68001e-05
2.50569e-05
2.33738e-05
2.17504e-05
2.01864e-05
1.86816e-05
1.72358e-05
1.58489e-05
1.45206e-05
1.32509e-05
1.20396e-05
1.08867e-05
9.79207e-06
8.7557e-06
7.77733e-06
6.85685e-06
5.99453e-06
5.19026e-06
4.44383e-06
3.7554e-06
3.1251e-06
2.55295e-06
2.03897e-06
1.58342e-06
1.18628e-06
8.46745e-07
5.6425e-07
3.38892e-07
1.70765e-07
5.9756e-08
6.36189e-09
0.000363975
0.000355823
0.000348003
0.000340261
0.000332478
0.000324607
0.000316646
0.000308612
0.000300532
0.000292439
0.000284363
0.000276336
0.000268382
0.000260527
0.000252788
0.000245182
0.000237723
0.00023042
0.000223282
0.000216312
0.000209515
0.000202891
0.000196442
0.000190165
0.000184059
0.000178121
0.000172348
0.000166735
0.000161278
0.000155972
0.000150814
0.000145798
0.000140919
0.000136173
0.000131555
0.00012706
0.000122685
0.000118424
0.000114275
0.000110232
0.000106293
0.000102455
9.87125e-05
9.50644e-05
9.1507e-05
8.80376e-05
8.46539e-05
8.13536e-05
7.81347e-05
7.49953e-05
7.19329e-05
6.89461e-05
6.60336e-05
6.31935e-05
6.04247e-05
5.77259e-05
5.5096e-05
5.2534e-05
5.00389e-05
4.76097e-05
4.52457e-05
4.29462e-05
4.07104e-05
3.85378e-05
3.64278e-05
3.43798e-05
3.23935e-05
3.04685e-05
2.86043e-05
2.68007e-05
2.50575e-05
2.33743e-05
2.17508e-05
2.01866e-05
1.86817e-05
1.72359e-05
1.58489e-05
1.45206e-05
1.32508e-05
1.20394e-05
1.08865e-05
9.79178e-06
8.75528e-06
7.77688e-06
6.85651e-06
5.99423e-06
5.18992e-06
4.44348e-06
3.75507e-06
3.12475e-06
2.55261e-06
2.03882e-06
1.58337e-06
1.1862e-06
8.46702e-07
5.64278e-07
3.38922e-07
1.70778e-07
5.9761e-08
6.36228e-09
0.00036438
0.000356367
0.000348548
0.000340763
0.000332926
0.000325
0.000316984
0.000308898
0.000300772
0.000292638
0.000284527
0.000276469
0.000268489
0.00026061
0.000252853
0.000245231
0.000237759
0.000230445
0.000223297
0.00021632
0.000209516
0.000202888
0.000196435
0.000190155
0.000184047
0.000178108
0.000172333
0.000166719
0.000161262
0.000155956
0.000150798
0.000145782
0.000140904
0.000136159
0.000131541
0.000127047
0.000122673
0.000118413
0.000114265
0.000110223
0.000106285
0.000102447
9.87056e-05
9.50581e-05
9.15014e-05
8.80329e-05
8.46499e-05
8.13498e-05
7.81314e-05
7.49925e-05
7.19307e-05
6.89444e-05
6.60322e-05
6.31925e-05
6.04239e-05
5.77253e-05
5.50956e-05
5.25338e-05
5.00389e-05
4.76098e-05
4.5246e-05
4.29465e-05
4.07109e-05
3.85383e-05
3.64283e-05
3.43804e-05
3.23941e-05
3.0469e-05
2.86048e-05
2.68013e-05
2.50581e-05
2.33749e-05
2.17513e-05
2.01871e-05
1.86822e-05
1.72363e-05
1.58492e-05
1.45209e-05
1.3251e-05
1.20396e-05
1.08866e-05
9.79188e-06
8.75533e-06
7.77692e-06
6.8566e-06
5.99438e-06
5.19006e-06
4.44356e-06
3.75508e-06
3.12472e-06
2.55264e-06
2.03891e-06
1.58343e-06
1.18616e-06
8.46711e-07
5.64443e-07
3.39077e-07
1.70813e-07
5.97394e-08
6.36027e-09
0.000365229
0.000357414
0.00034955
0.000341641
0.000333673
0.000325622
0.000317491
0.000309302
0.000301087
0.000292876
0.000284699
0.000276587
0.000268562
0.000260646
0.000252858
0.000245213
0.000237721
0.000230393
0.000223234
0.000216248
0.000209439
0.000202807
0.000196352
0.000190072
0.000183964
0.000178026
0.000172253
0.000166642
0.000161188
0.000155886
0.000150731
0.000145719
0.000140844
0.000136102
0.000131489
0.000126999
0.000122628
0.000118372
0.000114226
0.000110188
0.000106253
0.000102418
9.86791e-05
9.5034e-05
9.14796e-05
8.80132e-05
8.46322e-05
8.13344e-05
7.81178e-05
7.49803e-05
7.192e-05
6.89352e-05
6.60242e-05
6.31856e-05
6.04179e-05
5.77201e-05
5.50912e-05
5.25302e-05
5.00359e-05
4.76074e-05
4.52441e-05
4.29451e-05
4.07098e-05
3.85375e-05
3.64278e-05
3.43802e-05
3.2394e-05
3.0469e-05
2.86049e-05
2.68015e-05
2.50584e-05
2.33753e-05
2.17518e-05
2.01877e-05
1.86828e-05
1.72369e-05
1.58498e-05
1.45214e-05
1.32515e-05
1.20402e-05
1.08871e-05
9.79237e-06
8.75582e-06
7.77738e-06
6.85707e-06
5.99485e-06
5.1905e-06
4.44412e-06
3.75556e-06
3.1249e-06
2.55286e-06
2.03923e-06
1.58377e-06
1.18644e-06
8.46894e-07
5.64607e-07
3.39192e-07
1.70845e-07
5.97218e-08
6.36006e-09
0.000366782
0.000359132
0.000351121
0.00034297
0.000334767
0.000326504
0.000318183
0.00030983
0.000301475
0.000293146
0.000284872
0.000276679
0.000268588
0.000260621
0.000252791
0.000245113
0.000237597
0.00023025
0.000223077
0.000216083
0.000209269
0.000202635
0.00019618
0.000189902
0.000183798
0.000177864
0.000172097
0.000166493
0.000161046
0.000155751
0.000150604
0.000145599
0.000140732
0.000135998
0.000131391
0.000126908
0.000122544
0.000118294
0.000114155
0.000110123
0.000106193
0.000102363
9.86296e-05
9.49892e-05
9.14391e-05
8.79767e-05
8.45995e-05
8.13051e-05
7.80916e-05
7.49569e-05
7.18993e-05
6.8917e-05
6.60084e-05
6.31717e-05
6.04057e-05
5.77096e-05
5.50821e-05
5.25224e-05
5.00294e-05
4.7602e-05
4.52396e-05
4.29415e-05
4.07069e-05
3.85352e-05
3.6426e-05
3.43788e-05
3.2393e-05
3.04684e-05
2.86046e-05
2.68015e-05
2.50586e-05
2.33757e-05
2.17524e-05
2.01883e-05
1.86834e-05
1.72376e-05
1.58506e-05
1.45222e-05
1.32524e-05
1.2041e-05
1.0888e-05
9.79325e-06
8.75668e-06
7.77823e-06
6.85784e-06
5.99552e-06
5.19116e-06
4.4447e-06
3.75617e-06
3.12574e-06
2.55365e-06
2.03989e-06
1.58439e-06
1.18698e-06
8.47285e-07
5.64852e-07
3.39321e-07
1.7088e-07
5.97066e-08
6.36106e-09
0.000369381
0.000361727
0.00035339
0.00034483
0.000336255
0.000327669
0.000319072
0.000310484
0.000301931
0.000293439
0.000285032
0.00027673
0.000268553
0.000260517
0.000252634
0.000244915
0.000237368
0.000229999
0.000222812
0.000215809
0.000208991
0.000202357
0.000195905
0.000189632
0.000183536
0.000177612
0.000171855
0.000166261
0.000160826
0.000155543
0.000150408
0.000145415
0.00014056
0.000135837
0.000131242
0.00012677
0.000122416
0.000118176
0.000114047
0.000110023
0.000106102
0.00010228
9.85543e-05
9.49209e-05
9.13773e-05
8.7921e-05
8.45494e-05
8.12603e-05
7.80516e-05
7.49213e-05
7.18675e-05
6.88888e-05
6.59839e-05
6.31504e-05
6.03867e-05
5.76929e-05
5.50678e-05
5.25101e-05
5.00188e-05
4.7593e-05
4.5232e-05
4.29354e-05
4.07021e-05
3.85314e-05
3.64229e-05
3.43762e-05
3.23911e-05
3.04671e-05
2.86039e-05
2.68011e-05
2.50585e-05
2.33759e-05
2.17528e-05
2.01889e-05
1.86843e-05
1.72385e-05
1.58516e-05
1.45233e-05
1.32536e-05
1.20423e-05
1.08893e-05
9.79453e-06
8.75797e-06
7.77951e-06
6.85911e-06
5.99669e-06
5.1922e-06
4.44568e-06
3.75722e-06
3.12686e-06
2.55477e-06
2.04095e-06
1.58533e-06
1.18774e-06
8.47815e-07
5.65181e-07
3.39483e-07
1.70929e-07
5.97006e-08
6.3643e-09
0.000373373
0.000365395
0.000356471
0.000347284
0.000338166
0.000329129
0.000320154
0.000311252
0.000302441
0.000293739
0.000285161
0.000276722
0.000268437
0.000260315
0.000252366
0.000244598
0.000237015
0.000229621
0.000222419
0.000215408
0.000208588
0.000201957
0.000195512
0.000189249
0.000183165
0.000177255
0.000171514
0.000165937
0.000160518
0.000155253
0.000150135
0.000145159
0.000140321
0.000135614
0.000131035
0.000126578
0.000122239
0.000118013
0.000113897
0.000109886
0.000105977
0.000102166
9.84504e-05
9.48267e-05
9.12921e-05
8.78442e-05
8.44803e-05
8.11984e-05
7.79962e-05
7.48719e-05
7.18237e-05
6.88499e-05
6.5949e-05
6.31196e-05
6.03603e-05
5.76702e-05
5.50481e-05
5.24932e-05
5.00043e-05
4.75805e-05
4.52216e-05
4.29267e-05
4.06949e-05
3.85255e-05
3.64182e-05
3.43726e-05
3.23884e-05
3.04652e-05
2.86026e-05
2.68004e-05
2.50583e-05
2.3376e-05
2.17532e-05
2.01896e-05
1.86852e-05
1.72397e-05
1.58529e-05
1.45247e-05
1.32551e-05
1.20438e-05
1.08909e-05
9.79627e-06
8.75971e-06
7.78125e-06
6.86084e-06
5.99838e-06
5.19384e-06
4.4473e-06
3.75882e-06
3.12846e-06
2.55625e-06
2.04227e-06
1.58651e-06
1.18867e-06
8.48471e-07
5.65593e-07
3.39699e-07
1.7101e-07
5.97101e-08
6.37035e-09
0.00037899
0.000370243
0.000360406
0.00035034
0.000340491
0.000330861
0.000321403
0.000312107
0.000302975
0.000294014
0.000285229
0.000276626
0.00026821
0.000259988
0.000251963
0.000244138
0.000236515
0.000229096
0.000221878
0.000214861
0.000208042
0.000201418
0.000194984
0.000188737
0.000182672
0.000176782
0.000171062
0.000165508
0.000160112
0.00015487
0.000149775
0.000144823
0.000140007
0.000135322
0.000130764
0.000126327
0.000122008
0.0001178
0.000113702
0.000109707
0.000105813
0.000102017
9.83149e-05
9.47038e-05
9.11811e-05
8.7744e-05
8.43903e-05
8.11177e-05
7.79241e-05
7.48076e-05
7.17666e-05
6.87993e-05
6.59043e-05
6.30802e-05
6.03259e-05
5.76403e-05
5.50224e-05
5.24708e-05
4.99849e-05
4.75643e-05
4.52081e-05
4.29152e-05
4.06853e-05
3.85177e-05
3.6412e-05
3.43678e-05
3.23847e-05
3.04625e-05
2.86009e-05
2.67994e-05
2.50579e-05
2.33761e-05
2.17537e-05
2.01906e-05
1.86864e-05
1.72411e-05
1.58545e-05
1.45265e-05
1.3257e-05
1.20459e-05
1.0893e-05
9.79843e-06
8.76193e-06
7.78348e-06
6.86306e-06
6.0006e-06
5.19605e-06
4.44947e-06
3.76096e-06
3.13051e-06
2.55816e-06
2.04396e-06
1.58794e-06
1.1898e-06
8.49289e-07
5.66124e-07
3.3999e-07
1.71131e-07
5.97366e-08
6.37907e-09
0.000386208
0.000376189
0.0003651
0.000353908
0.000343146
0.000332791
0.000322752
0.000312987
0.000303479
0.000294217
0.000285192
0.000276399
0.000267836
0.000259501
0.000251391
0.000243505
0.00023584
0.000228394
0.000221163
0.000214143
0.00020733
0.000200718
0.000194303
0.000188078
0.000182037
0.000176175
0.000170485
0.00016496
0.000159595
0.000154383
0.000149319
0.000144396
0.000139609
0.000134953
0.000130422
0.000126011
0.000121716
0.000117532
0.000113455
0.000109482
0.000105608
0.00010183
9.81447e-05
9.45496e-05
9.10417e-05
8.76184e-05
8.42774e-05
8.10165e-05
7.78337e-05
7.47271e-05
7.1695e-05
6.8736e-05
6.58485e-05
6.30312e-05
6.02831e-05
5.7603e-05
5.49899e-05
5.24429e-05
4.99611e-05
4.7544e-05
4.51908e-05
4.29008e-05
4.06733e-05
3.85079e-05
3.64041e-05
3.43616e-05
3.23801e-05
3.04592e-05
2.85986e-05
2.6798e-05
2.50573e-05
2.33762e-05
2.17544e-05
2.01916e-05
1.86878e-05
1.72428e-05
1.58564e-05
1.45286e-05
1.32593e-05
1.20483e-05
1.08956e-05
9.80105e-06
8.7646e-06
7.78619e-06
6.86576e-06
6.00327e-06
5.19871e-06
4.45211e-06
3.76353e-06
3.13297e-06
2.56043e-06
2.04597e-06
1.58963e-06
1.19114e-06
8.5028e-07
5.66779e-07
3.40354e-07
1.71297e-07
5.97915e-08
6.39288e-09
0.000394607
0.00038287
0.000370257
0.000357757
0.000345948
0.000334771
0.000324079
0.000313793
0.000303868
0.000294273
0.000284984
0.000275985
0.000267262
0.000258805
0.000250606
0.000242656
0.00023495
0.00022748
0.00022024
0.000213224
0.000206423
0.000199832
0.000193442
0.000187248
0.000181242
0.000175416
0.000169763
0.000164278
0.000158952
0.000153779
0.000148753
0.000143868
0.000139117
0.000134496
0.000129999
0.00012562
0.000121356
0.000117201
0.000113152
0.000109205
0.000105355
0.0001016
9.7936e-05
9.43607e-05
9.08711e-05
8.74648e-05
8.41394e-05
8.08929e-05
7.77232e-05
7.46288e-05
7.16078e-05
6.86588e-05
6.57804e-05
6.29715e-05
6.02309e-05
5.75575e-05
5.49505e-05
5.24089e-05
4.99321e-05
4.75192e-05
4.51698e-05
4.28831e-05
4.06587e-05
3.8496e-05
3.63946e-05
3.43542e-05
3.23744e-05
3.0455e-05
2.85957e-05
2.67963e-05
2.50565e-05
2.33761e-05
2.1755e-05
2.01928e-05
1.86894e-05
1.72447e-05
1.58586e-05
1.45311e-05
1.3262e-05
1.20511e-05
1.08985e-05
9.80404e-06
8.76766e-06
7.78929e-06
6.86886e-06
6.00636e-06
5.20176e-06
4.4551e-06
3.76641e-06
3.13569e-06
2.56295e-06
2.04824e-06
1.59157e-06
1.19269e-06
8.51437e-07
5.67562e-07
3.4081e-07
1.71517e-07
5.98702e-08
6.41017e-09
0.000403287
0.00038958
0.00037534
0.000361484
0.000348595
0.000336569
0.000325202
0.000314375
0.000304017
0.000294077
0.000284516
0.000275304
0.000266417
0.000257837
0.000249549
0.00024154
0.000233798
0.000226311
0.00021907
0.000212066
0.000205288
0.000198727
0.000192374
0.000186222
0.00018026
0.000174482
0.000168878
0.000163442
0.000158165
0.000153041
0.000148063
0.000143225
0.00013852
0.000133942
0.000129486
0.000125148
0.000120921
0.000116802
0.000112787
0.000108871
0.000105051
0.000101323
9.7685e-05
9.41336e-05
9.06662e-05
8.72803e-05
8.39738e-05
8.07446e-05
7.75909e-05
7.4511e-05
7.15033e-05
6.85664e-05
6.5699e-05
6.29001e-05
6.01684e-05
5.75032e-05
5.49034e-05
5.23684e-05
4.98973e-05
4.74896e-05
4.51447e-05
4.28621e-05
4.06413e-05
3.84818e-05
3.63832e-05
3.43451e-05
3.23674e-05
3.04498e-05
2.85921e-05
2.6794e-05
2.50553e-05
2.33758e-05
2.17554e-05
2.01938e-05
1.8691e-05
1.72468e-05
1.5861e-05
1.45337e-05
1.32648e-05
1.20542e-05
1.09017e-05
9.80723e-06
8.77087e-06
7.79254e-06
6.87217e-06
6.00965e-06
5.20499e-06
4.45826e-06
3.76947e-06
3.13859e-06
2.56564e-06
2.05068e-06
1.59368e-06
1.1944e-06
8.52739e-07
5.68466e-07
3.41352e-07
1.7179e-07
5.99715e-08
6.43022e-09
0.000410895
0.000395305
0.000379596
0.000364539
0.000350679
0.000337873
0.000325877
0.000314539
0.000303767
0.000293494
0.000283669
0.000274251
0.000265208
0.000256514
0.000248148
0.000240089
0.000232322
0.000224831
0.000217602
0.000210623
0.000203881
0.000197365
0.000191063
0.000184966
0.000179064
0.000173346
0.000167804
0.00016243
0.000157215
0.000152152
0.000147234
0.000142453
0.000137803
0.000133278
0.000128874
0.000124583
0.000120402
0.000116326
0.000112351
0.000108473
0.000104689
0.000100995
9.73874e-05
9.38646e-05
9.04236e-05
8.70621e-05
8.37781e-05
8.05695e-05
7.74347e-05
7.4372e-05
7.13801e-05
6.84575e-05
6.56032e-05
6.2816e-05
6.00949e-05
5.74392e-05
5.4848e-05
5.23206e-05
4.98564e-05
4.74548e-05
4.51153e-05
4.28374e-05
4.06207e-05
3.84649e-05
3.63695e-05
3.43344e-05
3.23591e-05
3.04436e-05
2.85877e-05
2.67911e-05
2.50536e-05
2.33752e-05
2.17556e-05
2.01947e-05
1.86925e-05
1.72488e-05
1.58635e-05
1.45365e-05
1.32678e-05
1.20573e-05
1.09049e-05
9.81053e-06
8.77416e-06
7.79586e-06
6.8756e-06
6.01304e-06
5.20815e-06
4.46131e-06
3.77253e-06
3.14157e-06
2.56841e-06
2.05314e-06
1.5958e-06
1.19617e-06
8.54117e-07
5.69443e-07
3.41959e-07
1.72107e-07
6.00915e-08
6.4527e-09
0.00041578
0.000398867
0.00038218
0.000366314
0.000351756
0.000338349
0.00032584
0.000314068
0.000302936
0.000292369
0.000282309
0.000272709
0.000263531
0.000254742
0.000246316
0.000238226
0.000230453
0.000222977
0.000215779
0.000208845
0.000202158
0.000195705
0.000189472
0.000183449
0.000177622
0.000171982
0.000166518
0.000161222
0.000156083
0.000151095
0.000146248
0.000141537
0.000136955
0.000132494
0.00012815
0.000123918
0.000119792
0.000115767
0.000111841
0.000108008
0.000104266
0.000100611
9.70398e-05
9.35507e-05
9.01408e-05
8.68081e-05
8.35504e-05
8.0366e-05
7.72533e-05
7.42108e-05
7.12372e-05
6.83313e-05
6.54921e-05
6.27185e-05
6.00098e-05
5.73652e-05
5.47839e-05
5.22654e-05
4.98091e-05
4.74145e-05
4.50812e-05
4.28088e-05
4.05969e-05
3.84453e-05
3.63537e-05
3.43217e-05
3.23493e-05
3.04362e-05
2.85822e-05
2.67874e-05
2.50514e-05
2.33741e-05
2.17555e-05
2.01954e-05
1.86938e-05
1.72506e-05
1.58657e-05
1.45391e-05
1.32706e-05
1.20603e-05
1.0908e-05
9.81371e-06
8.77742e-06
7.79913e-06
6.87887e-06
6.01626e-06
5.21123e-06
4.46432e-06
3.77547e-06
3.14438e-06
2.57103e-06
2.05551e-06
1.59788e-06
1.19791e-06
8.55498e-07
5.7045e-07
3.42599e-07
1.72446e-07
6.02195e-08
6.47564e-09
0.000416358
0.000399235
0.000382398
0.000366336
0.000351483
0.000337729
0.000324869
0.000312773
0.000301356
0.000290552
0.000280303
0.000270561
0.000261282
0.000252431
0.000243974
0.000235882
0.000228131
0.000220695
0.000213554
0.000206689
0.000200081
0.000193714
0.000187573
0.000181644
0.000175914
0.000170371
0.000165004
0.000159802
0.000154756
0.000149858
0.000145099
0.000140471
0.000135969
0.000131584
0.000127313
0.000123149
0.000119087
0.000115123
0.000111253
0.000107473
0.00010378
0.00010017
9.66417e-05
9.31917e-05
8.98179e-05
8.65183e-05
8.3291e-05
8.01344e-05
7.70471e-05
7.40277e-05
7.10751e-05
6.81883e-05
6.53663e-05
6.26083e-05
5.99137e-05
5.72817e-05
5.47117e-05
5.22032e-05
4.97559e-05
4.73692e-05
4.50429e-05
4.27766e-05
4.05702e-05
3.84233e-05
3.63358e-05
3.43074e-05
3.23381e-05
3.04276e-05
2.85759e-05
2.67829e-05
2.50485e-05
2.33725e-05
2.1755e-05
2.01958e-05
1.86948e-05
1.72521e-05
1.58677e-05
1.45415e-05
1.32733e-05
1.20632e-05
1.0911e-05
9.81675e-06
8.78046e-06
7.80213e-06
6.88169e-06
6.01904e-06
5.21417e-06
4.46722e-06
3.77815e-06
3.14685e-06
2.57331e-06
2.05762e-06
1.59975e-06
1.19949e-06
8.56763e-07
5.71371e-07
3.43184e-07
1.72761e-07
6.0345e-08
6.49896e-09
0.0004121
0.000396353
0.000380208
0.000364467
0.000349638
0.000335729
0.000322641
0.000310309
0.000298681
0.000287704
0.000277325
0.000267495
0.00025817
0.000249307
0.00024087
0.000232825
0.000225141
0.000217791
0.000210749
0.000203993
0.000197503
0.000191259
0.000185244
0.000179442
0.000173839
0.000168422
0.000163179
0.000158098
0.000153169
0.000148383
0.000143732
0.000139208
0.000134803
0.000130512
0.000126328
0.000122246
0.000118262
0.000114371
0.000110568
0.000106851
0.000103217
9.96612e-05
9.61828e-05
9.27788e-05
8.94474e-05
8.61867e-05
8.2995e-05
7.9871e-05
7.68134e-05
7.38214e-05
7.08941e-05
6.80292e-05
6.52268e-05
6.24864e-05
5.98074e-05
5.71893e-05
5.46316e-05
5.21342e-05
4.96968e-05
4.7319e-05
4.50005e-05
4.27411e-05
4.05407e-05
3.83991e-05
3.63161e-05
3.42917e-05
3.23257e-05
3.04181e-05
2.85688e-05
2.67779e-05
2.50451e-05
2.33706e-05
2.17542e-05
2.01959e-05
1.86957e-05
1.72535e-05
1.58695e-05
1.45438e-05
1.32759e-05
1.20659e-05
1.09138e-05
9.81946e-06
8.78318e-06
7.80484e-06
6.88431e-06
6.02156e-06
5.21664e-06
4.46958e-06
3.78035e-06
3.14889e-06
2.57522e-06
2.05937e-06
1.6013e-06
1.20083e-06
8.57853e-07
5.72141e-07
3.43639e-07
1.73001e-07
6.0445e-08
6.51927e-09
0.000405981
0.000393387
0.000377194
0.000361095
0.000345915
0.000331644
0.000318222
0.000305618
0.000293792
0.000282688
0.000272246
0.00026241
0.000253125
0.000244342
0.000236018
0.000228112
0.000220588
0.000213414
0.00020656
0.0002
0.000193711
0.00018767
0.000181858
0.000176257
0.000170852
0.000165628
0.000160572
0.000155672
0.000150917
0.000146298
0.000141805
0.000137431
0.000133169
0.000129012
0.000124954
0.000120991
0.000117117
0.000113329
0.000109622
0.000105994
0.000102441
9.89621e-05
9.55536e-05
9.22139e-05
8.89413e-05
8.57343e-05
8.25916e-05
7.9512e-05
7.64946e-05
7.35383e-05
7.06425e-05
6.78077e-05
6.50331e-05
6.23177e-05
5.96612e-05
5.70634e-05
5.4524e-05
5.20426e-05
4.9619e-05
4.72532e-05
4.49452e-05
4.2695e-05
4.05026e-05
3.83679e-05
3.62908e-05
3.42715e-05
3.23099e-05
3.0406e-05
2.85599e-05
2.67715e-05
2.50409e-05
2.33681e-05
2.17532e-05
2.0196e-05
1.86967e-05
1.72553e-05
1.58718e-05
1.45464e-05
1.32787e-05
1.20688e-05
1.09167e-05
9.82243e-06
8.78604e-06
7.80756e-06
6.88692e-06
6.02407e-06
5.21903e-06
4.47175e-06
3.78224e-06
3.1506e-06
2.57687e-06
2.06095e-06
1.60263e-06
1.20193e-06
8.58787e-07
5.72735e-07
3.43973e-07
1.73195e-07
6.04952e-08
6.53027e-09
)
;

boundaryField
{
    inlet
    {
        type            calculated;
        value           nonuniform List<scalar> 
30
(
0.00542634
0.00542933
0.00545586
0.00550488
0.00557347
0.00565682
0.00574885
0.00584314
0.00593368
0.00601544
0.00608461
0.00613875
0.00617668
0.00619839
0.00620476
0.00619723
0.0061758
0.00613914
0.0060866
0.00601844
0.00593605
0.00584206
0.00574046
0.00563642
0.00553604
0.00544579
0.00537181
0.00531892
0.00529005
0.00528612
)
;
    }
    outlet
    {
        type            calculated;
        value           uniform 0;
    }
    top
    {
        type            calculated;
        value           nonuniform List<scalar> 
135
(
0.00528612
0.00527729
0.00526584
0.00525538
0.0052445
0.00521717
0.00517184
0.00508777
0.0049709
0.00482417
0.00464966
0.0044492
0.00422443
0.00397796
0.00371339
0.00343315
0.00314338
0.00284933
0.00255719
0.00227356
0.00200464
0.00175555
0.00152997
0.00132972
0.00115484
0.0010039
0.000876867
0.000769905
0.000680616
0.000606722
0.00054609
0.000496915
0.000457368
0.000426044
0.000406684
0.000405981
0.000393387
0.000377194
0.000361095
0.000345915
0.000331644
0.000318222
0.000305618
0.000293792
0.000282688
0.000272246
0.00026241
0.000253125
0.000244342
0.000236018
0.000228112
0.000220588
0.000213414
0.00020656
0.0002
0.000193711
0.00018767
0.000181858
0.000176257
0.000170852
0.000165628
0.000160572
0.000155672
0.000150917
0.000146298
0.000141805
0.000137431
0.000133169
0.000129012
0.000124954
0.000120991
0.000117117
0.000113329
0.000109622
0.000105994
0.000102441
9.89621e-05
9.55536e-05
9.22139e-05
8.89413e-05
8.57343e-05
8.25916e-05
7.9512e-05
7.64946e-05
7.35383e-05
7.06425e-05
6.78077e-05
6.50331e-05
6.23177e-05
5.96612e-05
5.70634e-05
5.4524e-05
5.20426e-05
4.9619e-05
4.72532e-05
4.49452e-05
4.2695e-05
4.05026e-05
3.83679e-05
3.62908e-05
3.42715e-05
3.23099e-05
3.0406e-05
2.85599e-05
2.67715e-05
2.50409e-05
2.33681e-05
2.17532e-05
2.0196e-05
1.86967e-05
1.72553e-05
1.58718e-05
1.45464e-05
1.32787e-05
1.20688e-05
1.09167e-05
9.82243e-06
8.78604e-06
7.80756e-06
6.88692e-06
6.02407e-06
5.21903e-06
4.47175e-06
3.78224e-06
3.1506e-06
2.57687e-06
2.06095e-06
1.60263e-06
1.20193e-06
8.58787e-07
5.72735e-07
3.43973e-07
1.73195e-07
6.04952e-08
6.53027e-09
)
;
    }
    bottom
    {
        type            calculated;
        value           nonuniform List<scalar> 
135
(
0.00542634
0.00541833
0.00540814
0.00539911
0.00538948
0.00535644
0.00531509
0.00523604
0.00512431
0.00498187
0.00481022
0.00460992
0.00438153
0.00412726
0.0038505
0.00355445
0.00324645
0.00293312
0.00262213
0.00232115
0.00203705
0.00177532
0.00153972
0.00133202
0.00115198
0.00099789
0.000869372
0.000762134
0.000673291
0.000600202
0.000540342
0.000491618
0.000452093
0.000420375
0.000400195
0.000395794
0.000383759
0.00036838
0.00035312
0.000338726
0.000325173
0.000312395
0.000300367
0.000289053
0.000278406
0.000268372
0.0002589
0.000249941
0.000241452
0.000233392
0.000225724
0.000218416
0.000211437
0.00020476
0.000198361
0.000192218
0.00018631
0.000180619
0.000175129
0.000169825
0.000164692
0.00015972
0.000154896
0.00015021
0.000145654
0.000141218
0.000136897
0.000132682
0.000128568
0.000124549
0.000120622
0.00011678
0.000113021
0.000109341
0.000105737
0.000102207
9.87475e-05
9.53571e-05
9.20339e-05
8.87763e-05
8.55829e-05
8.24527e-05
7.93844e-05
7.63774e-05
7.34305e-05
7.05432e-05
6.77166e-05
6.49493e-05
6.22406e-05
5.95903e-05
5.69983e-05
5.44642e-05
5.19877e-05
4.95686e-05
4.72071e-05
4.4903e-05
4.26565e-05
4.04676e-05
3.83361e-05
3.62622e-05
3.42458e-05
3.22868e-05
3.03854e-05
2.85415e-05
2.67552e-05
2.50267e-05
2.33559e-05
2.17427e-05
2.01873e-05
1.86897e-05
1.72498e-05
1.58676e-05
1.45432e-05
1.32765e-05
1.20676e-05
1.09165e-05
9.82314e-06
8.7876e-06
7.80977e-06
6.88964e-06
6.02726e-06
5.22264e-06
4.47575e-06
3.78658e-06
3.15493e-06
2.58074e-06
2.06398e-06
1.60476e-06
1.20355e-06
8.60201e-07
5.74002e-07
3.44864e-07
1.73649e-07
6.06577e-08
6.548e-09
)
;
    }
    obstacle
    {
        type            calculated;
        value           nonuniform List<scalar> 
120
(
0.0386549
0.0358227
0.0326062
0.0293356
0.0260738
0.0228204
0.0196482
0.0166268
0.0138133
0.0112524
0.00897244
0.00698605
0.00529345
0.0038876
0.00275916
0.00190094
0.00131089
0.00099377
0.000959882
0.00122259
0.0017945
0.00268212
0.00387983
0.00536697
0.00710651
0.00904537
0.0111173
0.0133052
0.0155495
0.017577
0.0199988
0.0227458
0.026083
0.0300259
0.0346474
0.0401596
0.0468206
0.0548858
0.0645237
0.0757205
0.0881089
0.100867
0.112763
0.122316
0.127659
0.127709
0.122459
0.112983
0.101142
0.0884196
0.0760513
0.064864
0.0552297
0.0471643
0.0405001
0.0349808
0.0303476
0.0263885
0.0230345
0.0202828
0.0397583
0.036877
0.033566
0.0301746
0.0267873
0.0234148
0.0201343
0.0170186
0.0141256
0.0115001
0.00916972
0.00714563
0.0054265
0.00400374
0.00286672
0.00200717
0.00142231
0.00111652
0.00109983
0.00138529
0.00198499
0.00290442
0.0041361
0.00565659
0.00742525
0.00938481
0.0114653
0.0136477
0.0158708
0.0178737
0.0418205
0.0452223
0.048996
0.0530491
0.0573362
0.0620171
0.0673169
0.0734769
0.0806915
0.0890137
0.0982411
0.107804
0.116793
0.124083
0.128237
0.128396
0.124539
0.117487
0.10867
0.0992204
0.0900544
0.0817541
0.0745355
0.0683595
0.0630444
0.0583591
0.0540852
0.0500645
0.0463183
0.0429367
)
;
    }
    frontAndBack
    {
        type            empty;
    }
}


// ************************************************************************* //
