/*--------------------------------*- C++ -*----------------------------------*\
  =========                 |
  \\      /  F ield         | OpenFOAM: The Open Source CFD Toolbox
   \\    /   O peration     | Website:  https://openfoam.org
    \\  /    A nd           | Version:  12
     \\/     M anipulation  |
\*---------------------------------------------------------------------------*/
FoamFile
{
    format      ascii;
    class       volScalarField;
    location    "20";
    object      p;
}
// * * * * * * * * * * * * * * * * * * * * * * * * * * * * * * * * * * * * * //

dimensions      [0 2 -2 0 0 0 0];

internalField   nonuniform List<scalar> 
6750
(
-0.0531124
-0.0531814
-0.0533308
-0.0536033
-0.0543205
-0.0505928
-0.050596
-0.0506835
-0.0509116
-0.0511799
-0.0479097
-0.0479321
-0.0480252
-0.0481933
-0.0482964
-0.0452256
-0.0452842
-0.0453734
-0.0454874
-0.0455242
-0.0426144
-0.0427162
-0.0428115
-0.0428922
-0.0428882
-0.0401569
-0.0403047
-0.0404136
-0.0404731
-0.0404408
-0.0379059
-0.0380999
-0.0382241
-0.0382659
-0.03821
-0.0358945
-0.0361333
-0.0362715
-0.0362963
-0.0362182
-0.0341442
-0.034425
-0.034575
-0.0345825
-0.0344833
-0.0326667
-0.0329856
-0.0331446
-0.033135
-0.0330163
-0.0314648
-0.0318169
-0.031982
-0.0319564
-0.0318205
-0.0305333
-0.0309127
-0.031081
-0.0310411
-0.0308913
-0.0298592
-0.0302603
-0.0304286
-0.030377
-0.0302167
-0.0294235
-0.0298414
-0.030005
-0.0299458
-0.0297792
-0.0292074
-0.02963
-0.0297857
-0.0297252
-0.0295567
-0.0291797
-0.0296016
-0.0297564
-0.0296948
-0.0295254
-0.0293391
-0.0297551
-0.0299159
-0.0298535
-0.0296842
-0.0297159
-0.0301141
-0.0302779
-0.0302212
-0.0300565
-0.0303298
-0.0307053
-0.0308676
-0.0308207
-0.0306649
-0.0312005
-0.0315477
-0.0317054
-0.031671
-0.0315277
-0.0323416
-0.0326549
-0.0328051
-0.0327851
-0.0326575
-0.0337598
-0.0340341
-0.034174
-0.0341695
-0.03406
-0.0354534
-0.0356849
-0.0358118
-0.0358231
-0.0357336
-0.0374121
-0.0375983
-0.0377101
-0.0377373
-0.037669
-0.0396162
-0.0397558
-0.0398518
-0.0398959
-0.0398506
-0.0420341
-0.0421278
-0.0422101
-0.0422754
-0.0422585
-0.0446141
-0.0446654
-0.0447424
-0.044842
-0.0448669
-0.0472759
-0.0472925
-0.0473757
-0.0475319
-0.0476259
-0.049945
-0.0499447
-0.0500262
-0.0502477
-0.0505132
-0.0524581
-0.0525249
-0.052672
-0.0529458
-0.0536739
-0.0581907
-0.0578643
-0.0569857
-0.0563861
-0.0559741
-0.0556324
-0.0553241
-0.0550249
-0.0547078
-0.0543486
-0.0539282
-0.0534335
-0.0528576
-0.0522
-0.0514659
-0.0506645
-0.0498073
-0.0489061
-0.047971
-0.0470126
-0.0460409
-0.0450667
-0.0441013
-0.0431562
-0.0422428
-0.0413738
-0.040557
-0.039768
-0.0389968
-0.0386666
-0.0552865
-0.0548628
-0.0543861
-0.054177
-0.0540521
-0.0539403
-0.0538331
-0.0537195
-0.0535813
-0.0533987
-0.0531518
-0.0528231
-0.0524
-0.0518776
-0.0512596
-0.0505574
-0.0497883
-0.0489721
-0.0481322
-0.0472833
-0.0464404
-0.0456148
-0.0448149
-0.0440471
-0.0433159
-0.0426263
-0.041983
-0.0413616
-0.0406772
-0.0401223
-0.0530217
-0.0528977
-0.0526572
-0.0525494
-0.0524691
-0.0523943
-0.05233
-0.0522714
-0.0522079
-0.0521265
-0.0520127
-0.051852
-0.0516315
-0.0513421
-0.0509794
-0.0505439
-0.0500406
-0.0494776
-0.0488622
-0.0482068
-0.0475214
-0.0468164
-0.0461019
-0.0453881
-0.0446842
-0.0439998
-0.0433466
-0.042719
-0.0420453
-0.0414543
-0.0513614
-0.0514233
-0.0512559
-0.0511588
-0.05109
-0.0510389
-0.0510093
-0.0509993
-0.0510037
-0.0510147
-0.0510223
-0.0510141
-0.0509773
-0.0508993
-0.0507687
-0.0505766
-0.0503164
-0.0499843
-0.0495786
-0.0491025
-0.0485616
-0.0479645
-0.0473229
-0.0466503
-0.0459606
-0.0452677
-0.0445863
-0.0439196
-0.0432202
-0.0426071
-0.0499019
-0.0500115
-0.0498706
-0.0497954
-0.04976
-0.0497526
-0.0497764
-0.0498329
-0.0499208
-0.0500352
-0.0501682
-0.0503082
-0.0504412
-0.0505513
-0.0506224
-0.0506385
-0.0505854
-0.0504515
-0.0502282
-0.0499128
-0.0495069
-0.0490177
-0.0484566
-0.0478389
-0.0471812
-0.0465001
-0.0458119
-0.0451218
-0.0443952
-0.0437526
-0.0485014
-0.0486119
-0.0484981
-0.0484583
-0.0484666
-0.0485116
-0.0485988
-0.0487326
-0.0489135
-0.0491386
-0.0494004
-0.049687
-0.049983
-0.0502695
-0.0505262
-0.0507321
-0.0508672
-0.0509143
-0.0508584
-0.0506933
-0.0504173
-0.0500355
-0.0495588
-0.0490031
-0.0483864
-0.0477277
-0.0470446
-0.0463436
-0.0456005
-0.0449456
-0.0471373
-0.0472436
-0.0471627
-0.0471631
-0.0472186
-0.0473207
-0.0474773
-0.0476945
-0.0479739
-0.0483131
-0.0487047
-0.0491361
-0.04959
-0.050045
-0.0504772
-0.0508613
-0.0511727
-0.0513907
-0.0514921
-0.0514702
-0.0513193
-0.0510427
-0.0506506
-0.0501589
-0.0495867
-0.0489547
-0.0482821
-0.0475768
-0.0468249
-0.046177
-0.0458016
-0.0459093
-0.0458653
-0.0459089
-0.0460157
-0.0461803
-0.0464119
-0.0467176
-0.0470996
-0.0475555
-0.0480772
-0.0486513
-0.0492586
-0.0498755
-0.0504748
-0.0510278
-0.0515056
-0.0518808
-0.0521367
-0.0522526
-0.052223
-0.0520494
-0.0517414
-0.0513146
-0.0507891
-0.050187
-0.049529
-0.0488238
-0.0480664
-0.0474344
-0.0444863
-0.0446046
-0.044601
-0.0446914
-0.0448544
-0.0450869
-0.0453989
-0.0457979
-0.0462863
-0.0468609
-0.0475132
-0.0482282
-0.0489852
-0.0497584
-0.0505181
-0.0512327
-0.0518701
-0.0524005
-0.0528001
-0.0530491
-0.0531378
-0.0530658
-0.0528415
-0.0524806
-0.0520036
-0.051434
-0.0507938
-0.0500923
-0.0493296
-0.0487104
-0.0431868
-0.0433255
-0.0433654
-0.0435062
-0.0437304
-0.0440361
-0.0444336
-0.0449304
-0.0455284
-0.0462239
-0.047007
-0.0478616
-0.0487655
-0.049691
-0.0506061
-0.0514764
-0.0522678
-0.0529477
-0.0534882
-0.0538677
-0.0540735
-0.0541028
-0.0539628
-0.0536689
-0.0532421
-0.0527068
-0.0520871
-0.0513921
-0.0506217
-0.050001
-0.0419011
-0.0420679
-0.0421535
-0.0423485
-0.0426389
-0.0430229
-0.0435107
-0.0441094
-0.0448202
-0.0456384
-0.046553
-0.0475463
-0.0485945
-0.0496685
-0.0507352
-0.0517579
-0.0526999
-0.0535261
-0.0542058
-0.0547151
-0.0550384
-0.0551705
-0.0551169
-0.0548921
-0.0545173
-0.0540183
-0.0534211
-0.0527349
-0.0519524
-0.0513053
-0.0406292
-0.0408267
-0.0409593
-0.0412126
-0.041574
-0.0420414
-0.0426241
-0.0433287
-0.0441554
-0.0450984
-0.0461453
-0.047277
-0.0484683
-0.0496886
-0.0509034
-0.0520754
-0.053166
-0.0541379
-0.0549578
-0.0555983
-0.0560412
-0.0562791
-0.0563153
-0.0561628
-0.0558428
-0.0553823
-0.0548099
-0.0541346
-0.0533339
-0.0526269
-0.0393706
-0.0395958
-0.0397759
-0.0400918
-0.0405293
-0.0410847
-0.0417669
-0.0425814
-0.0435272
-0.0445971
-0.0457774
-0.0470477
-0.0483815
-0.0497469
-0.0511085
-0.052428
-0.0536659
-0.0547839
-0.055746
-0.0565219
-0.0570896
-0.0574386
-0.0575696
-0.0574942
-0.0572329
-0.0568138
-0.056269
-0.0556069
-0.054781
-0.0539749
-0.0381247
-0.0383679
-0.0385948
-0.0389784
-0.0394971
-0.0401454
-0.0409313
-0.0418594
-0.0429274
-0.0441268
-0.0454422
-0.0468519
-0.0483282
-0.0498384
-0.0513459
-0.0528123
-0.0541981
-0.0554637
-0.0565718
-0.0574886
-0.0581885
-0.0586567
-0.0588905
-0.0588992
-0.0587021
-0.0583287
-0.057815
-0.0571693
-0.0563112
-0.0553643
-0.0368889
-0.0371339
-0.0374061
-0.037863
-0.0384685
-0.039214
-0.0401078
-0.0411533
-0.042347
-0.0436786
-0.0451314
-0.0466822
-0.048302
-0.0499571
-0.0516108
-0.0532247
-0.0547598
-0.0561767
-0.057436
-0.0585015
-0.0593429
-0.0599407
-0.0602877
-0.0603898
-0.0602649
-0.0599434
-0.0594664
-0.0588416
-0.0579451
-0.0568172
-0.0356578
-0.0358822
-0.0361974
-0.0367337
-0.0374318
-0.0382794
-0.0392851
-0.040452
-0.041775
-0.0432424
-0.0448358
-0.0465303
-0.0482956
-0.050097
-0.0518978
-0.0536608
-0.0553482
-0.0569209
-0.0583385
-0.0595616
-0.0605557
-0.0612958
-0.0617692
-0.0619774
-0.0619358
-0.0616756
-0.0612436
-0.0606467
-0.0597078
-0.0583637
-0.0344212
-0.0345975
-0.0349524
-0.0355749
-0.036372
-0.0373268
-0.0384493
-0.0397421
-0.0411991
-0.0428068
-0.0445451
-0.0463871
-0.0483009
-0.050251
-0.0522014
-0.0541164
-0.0559598
-0.0576935
-0.0592767
-0.0606676
-0.0618271
-0.0627243
-0.0633404
-0.0636714
-0.0637287
-0.0635438
-0.06317
-0.0626122
-0.0616307
-0.060044
-0.0331609
-0.0332581
-0.0336488
-0.0343655
-0.0352694
-0.0363378
-0.0375829
-0.0390078
-0.0406049
-0.042359
-0.0442479
-0.0462426
-0.0483094
-0.0504123
-0.0525161
-0.0545868
-0.0565903
-0.0584901
-0.0602459
-0.0618145
-0.063153
-0.0642244
-0.0650032
-0.0654784
-0.0656564
-0.0655681
-0.0652727
-0.0647721
-0.0637551
-0.0619116
-0.0318474
-0.0318331
-0.0322569
-0.0330779
-0.0340989
-0.0352893
-0.036665
-0.0382301
-0.0399757
-0.0418847
-0.0439322
-0.0460868
-0.048313
-0.0505744
-0.0528365
-0.055067
-0.0572343
-0.0593042
-0.0612383
-0.0629936
-0.0645247
-0.0657892
-0.0667541
-0.0674006
-0.0677287
-0.0677679
-0.0675827
-0.0671695
-0.0661361
-0.0640397
-0.0304345
-0.0302798
-0.0307369
-0.0316764
-0.0328281
-0.0341522
-0.0356698
-0.0373867
-0.0392929
-0.0413685
-0.0435857
-0.0459101
-0.0483044
-0.0507315
-0.0531574
-0.0555516
-0.0578852
-0.0601275
-0.0622439
-0.0641932
-0.0659297
-0.0674067
-0.0685839
-0.0694341
-0.0699505
-0.0701601
-0.0701324
-0.0698557
-0.0688457
-0.0665277
-0.0288559
-0.028541
-0.0290374
-0.030115
-0.031416
-0.0328906
-0.0345665
-0.0364522
-0.0385359
-0.0407945
-0.0431963
-0.0457038
-0.0482772
-0.0508787
-0.0534746
-0.056036
-0.0585372
-0.0609525
-0.0632525
-0.0654007
-0.067353
-0.0690609
-0.0704781
-0.0715694
-0.0723208
-0.0727575
-0.0729531
-0.0728865
-0.0719708
-0.0695033
-0.0270255
-0.0265457
-0.027095
-0.0283353
-0.0298103
-0.031459
-0.0333179
-0.0353975
-0.0376832
-0.0401472
-0.0427534
-0.0454604
-0.0482265
-0.0510129
-0.053786
-0.0565187
-0.0591888
-0.0617761
-0.0642583
-0.0666062
-0.0687812
-0.070736
-0.0724214
-0.0737955
-0.0748372
-0.0755697
-0.0760711
-0.0763111
-0.0755936
-0.0731015
-0.0248516
-0.0242163
-0.0248342
-0.0262637
-0.0279433
-0.0298004
-0.0318788
-0.0341894
-0.0367118
-0.0394115
-0.0422471
-0.0451745
-0.0481501
-0.0511349
-0.0540954
-0.0570059
-0.0598473
-0.0626052
-0.065266
-0.0678107
-0.0702109
-0.0724265
-0.0744097
-0.0761141
-0.0775105
-0.0786163
-0.0795108
-0.0801541
-0.0797459
-0.0773877
-0.0222639
-0.0214705
-0.0221578
-0.0237993
-0.0257235
-0.0278399
-0.0301935
-0.0327886
-0.0355949
-0.0385697
-0.0416673
-0.044842
-0.0480503
-0.0512533
-0.0544179
-0.0575189
-0.0605393
-0.0634702
-0.0663072
-0.0690453
-0.0716721
-0.0741625
-0.0764778
-0.0785699
-0.0803978
-0.0819613
-0.083324
-0.0844227
-0.0843621
-0.0822246
-0.0191608
-0.018153
-0.0188846
-0.0207719
-0.0230086
-0.0254684
-0.0281818
-0.0311376
-0.0342921
-0.0375956
-0.0410005
-0.0444626
-0.0479406
-0.0513968
-0.0547979
-0.0581182
-0.0613416
-0.0644633
-0.0674888
-0.0704297
-0.0732956
-0.0760856
-0.0787792
-0.0813325
-0.0836886
-0.0858094
-0.0877051
-0.0892438
-0.0894093
-0.0873369
-0.0150344
-0.0137805
-0.0146051
-0.0168614
-0.0195606
-0.0225123
-0.0257169
-0.0291437
-0.0327386
-0.0364503
-0.0402349
-0.0440533
-0.0478685
-0.0516447
-0.0553489
-0.0589543
-0.062445
-0.0658198
-0.0690934
-0.0722944
-0.0754574
-0.0786108
-0.0817611
-0.0848783
-0.0878928
-0.0907173
-0.0932702
-0.0952817
-0.0955599
-0.093265
-0.00848216
-0.00738293
-0.00874788
-0.0117142
-0.015161
-0.0188295
-0.0226999
-0.0267378
-0.0308936
-0.0351243
-0.0393957
-0.0436769
-0.0479365
-0.0521417
-0.0562611
-0.060269
-0.0641511
-0.0679097
-0.0715666
-0.0751627
-0.0787514
-0.082386
-0.0861003
-0.0898879
-0.0936885
-0.0973999
-0.100874
-0.103699
-0.104714
-0.102671
0.000768305
0.000691666
-0.00204965
-0.00610431
-0.0104962
-0.0149743
-0.0195488
-0.0242218
-0.0289672
-0.0337585
-0.0385714
-0.0433799
-0.0481543
-0.0528625
-0.0574736
-0.0619625
-0.0663149
-0.070532
-0.0746353
-0.0786604
-0.0826576
-0.0866819
-0.0907789
-0.094968
-0.0992334
-0.103552
-0.107846
-0.111754
-0.114841
-0.114738
0.00716336
0.00580236
0.0019784
-0.00270384
-0.00753227
-0.0123537
-0.0172387
-0.0222309
-0.0273222
-0.0324886
-0.0376976
-0.0429092
-0.0480774
-0.0531543
-0.0580936
-0.0628544
-0.0674009
-0.0717079
-0.0758009
-0.0796565
-0.0832844
-0.0867103
-0.0899662
-0.0930904
-0.0961331
-0.0992057
-0.102415
-0.10565
-0.109184
-0.110383
0.0100834
0.00850211
0.00472438
9.60091e-05
-0.00470792
-0.00960733
-0.0146651
-0.0198911
-0.0252569
-0.0307187
-0.0362226
-0.0417062
-0.0471008
-0.0523346
-0.0573351
-0.0620324
-0.0663649
-0.0702767
-0.0736739
-0.0765548
-0.0789072
-0.0807329
-0.0820624
-0.0829548
-0.0834982
-0.0838267
-0.0841088
-0.0843237
-0.0841711
-0.0825904
-0.0556178
-0.0542639
-0.0523661
-0.0507282
-0.0492439
-0.0478138
-0.0464192
-0.0450557
-0.0437146
-0.0423847
-0.0410533
-0.0397063
-0.0383284
-0.036903
-0.0354124
-0.0338378
-0.0321578
-0.030346
-0.0283678
-0.0261756
-0.0237049
-0.0208757
-0.0176125
-0.0138839
-0.00965492
-0.00444336
0.00323145
0.0134306
0.0190221
0.0162815
-0.0510408
-0.0496794
-0.0482241
-0.0469275
-0.0457003
-0.0444889
-0.0432827
-0.0420763
-0.0408617
-0.039631
-0.0383765
-0.0370908
-0.0357663
-0.0343944
-0.0329653
-0.0314661
-0.0298787
-0.0281767
-0.0263211
-0.0242564
-0.0219075
-0.0191821
-0.0159895
-0.0122741
-0.00795468
-0.00247973
0.00567952
0.0164746
0.0223984
0.0194513
-0.0479861
-0.0467438
-0.0455214
-0.0443815
-0.04325
-0.0421057
-0.0409486
-0.0397761
-0.0385824
-0.0373611
-0.0361055
-0.0348087
-0.0334631
-0.0320602
-0.0305899
-0.0290385
-0.0273867
-0.0256059
-0.0236547
-0.021475
-0.0189882
-0.0160968
-0.0127026
-0.00874389
-0.00413547
0.00171365
0.0104648
0.0220205
0.0278982
0.0233253
-0.0452086
-0.0440818
-0.042975
-0.0419194
-0.0408577
-0.0397737
-0.0386658
-0.0375294
-0.0363582
-0.0351452
-0.0338835
-0.0325656
-0.0311833
-0.0297271
-0.0281855
-0.0265432
-0.0247786
-0.0228608
-0.0207463
-0.0183757
-0.015669
-0.0125262
-0.0088469
-0.0045763
0.000353227
0.00658896
0.0160888
0.0288101
0.0344831
0.0266987
-0.0425871
-0.0415669
-0.04056
-0.0395836
-0.0385876
-0.0375568
-0.036488
-0.0353762
-0.0342153
-0.0329986
-0.031719
-0.0303689
-0.0289395
-0.0274207
-0.0258
-0.0240606
-0.0221792
-0.0201235
-0.0178495
-0.0152982
-0.0123902
-0.00902586
-0.0051076
-0.000594512
0.004561
0.0111
0.0214089
0.0355761
0.0409629
0.0288261
-0.040163
-0.0392421
-0.0383247
-0.0374169
-0.0364738
-0.0354822
-0.0344389
-0.0333395
-0.0321779
-0.0309475
-0.0296411
-0.0282509
-0.0267678
-0.0251813
-0.023478
-0.0216403
-0.019644
-0.0174568
-0.0150357
-0.012324
-0.00924594
-0.00570598
-0.00161405
0.00304932
0.0083075
0.0150335
0.0261967
0.0421341
0.0471971
0.0295034
-0.0379545
-0.037124
-0.0362846
-0.0354337
-0.034532
-0.0335687
-0.0325411
-0.0314449
-0.0302744
-0.0290231
-0.027684
-0.0262488
-0.0247086
-0.0230522
-0.0212658
-0.0193313
-0.0172243
-0.014913
-0.0123566
-0.00950214
-0.00627904
-0.00259854
0.00161717
0.00635657
0.0116062
0.018397
0.0304486
0.0485145
0.0532537
0.0286959
-0.0359772
-0.035228
-0.0344555
-0.0336509
-0.0327809
-0.0318371
-0.0308172
-0.0297175
-0.0285324
-0.0272558
-0.0258806
-0.0243988
-0.0228012
-0.0210764
-0.0192104
-0.0171846
-0.0149747
-0.0125502
-0.00987259
-0.00689288
-0.00354609
0.000248992
0.00455456
0.00931622
0.0144595
0.0211811
0.0341248
0.0546901
0.0591703
0.0264433
-0.0342475
-0.03357
-0.0328536
-0.0320855
-0.0312387
-0.0303072
-0.0292892
-0.0281811
-0.026978
-0.025674
-0.0242624
-0.0227352
-0.0210831
-0.0192949
-0.0173559
-0.0152476
-0.0129464
-0.0104226
-0.00764017
-0.00455335
-0.00110181
0.0027892
0.00716482
0.0119151
0.0168703
0.0233786
0.0371749
0.0605939
0.0649572
0.0228871
-0.0327774
-0.0321617
-0.031491
-0.0307506
-0.02992
-0.0289952
-0.0279749
-0.0268559
-0.0256336
-0.0243026
-0.0228564
-0.0212875
-0.0195865
-0.017742
-0.0157394
-0.0135602
-0.0111813
-0.00857416
-0.00570434
-0.00252852
0.00101084
0.00498457
0.00942207
0.0141474
0.0188561
0.0250107
0.0395764
0.0661428
0.0705957
0.0182949
-0.0315727
-0.0310085
-0.0303736
-0.0296535
-0.0288336
-0.0279117
-0.0268867
-0.0257559
-0.0245152
-0.0231596
-0.021683
-0.0200779
-0.0183352
-0.0164434
-0.0143881
-0.0121509
-0.00970908
-0.00703507
-0.00409538
-0.000848129
0.00276334
0.00680944
0.0113077
0.0160108
0.0204437
0.026129
0.0413471
0.0712414
0.0760181
0.0130674
-0.0306321
-0.0301089
-0.0295009
-0.028795
-0.0279817
-0.0270602
-0.0260298
-0.0248881
-0.0236314
-0.0222551
-0.0207535
-0.0191192
-0.0173432
-0.0154142
-0.0133177
-0.0110358
-0.00854589
-0.00582084
-0.00282792
0.000474132
0.00414264
0.00825089
0.01281
0.0175033
0.0216617
0.0268092
0.0425461
0.0757722
0.0810823
0.00773253
-0.0299468
-0.029454
-0.028865
-0.0281686
-0.0273594
-0.0264374
-0.0254021
-0.0242516
-0.0229826
-0.0215906
-0.0200702
-0.0184143
-0.016614
-0.0146581
-0.0125321
-0.0102181
-0.00769379
-0.00493226
-0.0019012
0.00144049
0.00515163
0.00931056
0.0139274
0.0186243
0.0225361
0.0271415
0.043268
0.0796001
0.08557
0.00288306
-0.0295014
-0.029029
-0.0284523
-0.027762
-0.0269552
-0.0260328
-0.0249944
-0.0238381
-0.022561
-0.0211588
-0.0196264
-0.0179566
-0.0161408
-0.0141678
-0.0120231
-0.00968869
-0.00714229
-0.00435709
-0.001301
0.00206706
0.00580761
0.0100045
0.0146703
0.0193798
0.0230961
0.0272291
0.0436203
0.0825317
0.0891737
-0.000901401
-0.0292756
-0.0288141
-0.0282443
-0.0275576
-0.0267527
-0.0258307
-0.0247913
-0.0236327
-0.0223521
-0.0209454
-0.0194074
-0.0177314
-0.0159085
-0.0139276
-0.0117739
-0.00942945
-0.00687173
-0.00407396
-0.00100409
0.00237905
0.00613706
0.0103575
0.0150559
0.0197812
0.0233902
0.0272277
0.0437217
0.0841521
0.0913092
-0.00295877
-0.0292449
-0.0287855
-0.0282179
-0.0275332
-0.0267302
-0.0258098
-0.0247718
-0.0236146
-0.0223351
-0.0209294
-0.0193923
-0.0177172
-0.015895
-0.0139145
-0.0117609
-0.00941578
-0.00685652
-0.00405616
-0.000982528
0.00240573
0.00617042
0.0103991
0.0151063
0.0198378
0.0234465
0.0272768
0.0437624
0.0842007
0.0913787
-0.00293948
-0.0294083
-0.0289425
-0.0283725
-0.0276882
-0.026887
-0.0259695
-0.0249356
-0.0237832
-0.0225096
-0.0211106
-0.0195809
-0.0179139
-0.0161004
-0.0141288
-0.0119843
-0.00964796
-0.00709707
-0.00430429
-0.00123711
0.0021461
0.00590638
0.0101274
0.0148186
0.0195458
0.0232612
0.0273746
0.0437438
0.0826787
0.0893764
-0.000844354
-0.0297898
-0.0293082
-0.0287305
-0.0280444
-0.0272445
-0.026331
-0.0253034
-0.0241596
-0.0228966
-0.0215101
-0.0199948
-0.0183436
-0.0165473
-0.014594
-0.0124684
-0.0101517
-0.00762032
-0.0048467
-0.0017977
0.00156857
0.00531159
0.00950886
0.014165
0.0188886
0.0228001
0.0273807
0.0434807
0.0798504
0.085893
0.00297692
-0.0304104
-0.0299031
-0.029311
-0.0286199
-0.02782
-0.0269106
-0.0258911
-0.0247592
-0.0235114
-0.0221433
-0.0206492
-0.0190219
-0.0172519
-0.015327
-0.0132316
-0.0109463
-0.00844738
-0.00570637
-0.00268947
0.000645684
0.00435684
0.00851528
0.0131242
0.0178512
0.0220137
0.0271432
0.0428629
0.0761378
0.0815157
0.00786558
-0.031286
-0.0307423
-0.0301282
-0.0294273
-0.0286249
-0.0277189
-0.0267083
-0.0255906
-0.024362
-0.0230176
-0.0215515
-0.0199561
-0.0182218
-0.0163359
-0.0142826
-0.012042
-0.00958982
-0.00689689
-0.0039283
-0.000640948
0.00302184
0.00712708
0.0116826
0.0164259
0.0208741
0.0265635
0.0417895
0.0717398
0.0765581
0.0132472
-0.0324261
-0.0318353
-0.0311899
-0.030473
-0.0296641
-0.0287591
-0.0277569
-0.0266545
-0.0254477
-0.0241313
-0.022699
-0.0211428
-0.019453
-0.0176167
-0.0156176
-0.0134356
-0.0110459
-0.00841819
-0.0055164
-0.00229589
0.00130039
0.0053388
0.00983868
0.0146123
0.0193566
0.025553
0.0401657
0.0667913
0.0712426
0.0185339
-0.033833
-0.0331844
-0.0324974
-0.0317568
-0.0309354
-0.0300273
-0.0290311
-0.0279432
-0.0267591
-0.0254732
-0.0240787
-0.0225677
-0.02093
-0.0191527
-0.0172196
-0.01511
-0.0127987
-0.0102546
-0.00743977
-0.00430712
-0.000797107
0.00316035
0.00760201
0.0124125
0.0174333
0.0240344
0.0379263
0.0614044
0.0657142
0.0232029
-0.0355024
-0.0347853
-0.0340455
-0.0332717
-0.0324303
-0.0315131
-0.0305181
-0.0294418
-0.0282788
-0.0270234
-0.0256687
-0.0242064
-0.0226263
-0.0209156
-0.0190583
-0.0170339
-0.0148168
-0.0123747
-0.00966764
-0.00664523
-0.00324316
0.000616249
0.00499065
0.00982845
0.0150761
0.0219504
0.0350426
0.0556659
0.0600416
0.0268586
-0.037424
-0.036628
-0.0358237
-0.0350058
-0.034135
-0.0332004
-0.0322
-0.0311295
-0.0299836
-0.0287561
-0.0274399
-0.0260269
-0.024507
-0.0228678
-0.0210937
-0.0191648
-0.0170554
-0.0147323
-0.0121531
-0.00926372
-0.00599349
-0.00225472
0.00203166
0.00686629
0.0122642
0.0192703
0.0315228
0.0496478
0.0542434
0.0292378
-0.0395839
-0.0386987
-0.0378177
-0.0369438
-0.0360324
-0.0350705
-0.0340555
-0.0329829
-0.0318472
-0.0306419
-0.0293601
-0.0279937
-0.026533
-0.0249665
-0.0232793
-0.0214525
-0.0194606
-0.0172699
-0.0148364
-0.0121019
-0.00898958
-0.00540136
-0.00123893
0.00353874
0.008989
0.0159895
0.0274021
0.0434066
0.0483083
0.0302032
-0.0419687
-0.0409843
-0.0400136
-0.0390707
-0.0381059
-0.0371043
-0.0360633
-0.0349782
-0.0338431
-0.0326516
-0.0313967
-0.0300708
-0.0286649
-0.0271684
-0.0255676
-0.0238447
-0.0219755
-0.0199266
-0.0176532
-0.0150946
-0.012169
-0.00877032
-0.0047855
-0.000143557
0.00524075
0.0121042
0.0227053
0.0369593
0.0421976
0.0297177
-0.0445627
-0.0434702
-0.0423979
-0.041374
-0.0403416
-0.0392852
-0.0382034
-0.0370922
-0.0359452
-0.0347559
-0.0335175
-0.0322229
-0.030864
-0.0294313
-0.0279128
-0.0262926
-0.0245482
-0.0226481
-0.0205483
-0.0181878
-0.0154828
-0.012323
-0.00858657
-0.00418181
0.000999191
0.00759378
0.0174232
0.0302686
0.0358444
0.0278217
-0.047327
-0.0461162
-0.0449251
-0.0438138
-0.0427088
-0.0415892
-0.0404553
-0.0393049
-0.0381323
-0.0369316
-0.0356965
-0.0344207
-0.0330972
-0.0317179
-0.0302729
-0.0287483
-0.0271243
-0.0253718
-0.0234491
-0.0212969
-0.0188315
-0.0159428
-0.0125068
-0.0084208
-0.00355793
0.00266333
0.0117757
0.0235178
0.0293951
0.024722
-0.0503874
-0.0490523
-0.0476242
-0.0463527
-0.0451481
-0.0439571
-0.0427695
-0.0415802
-0.0403818
-0.0391668
-0.0379284
-0.0366599
-0.0353547
-0.0340052
-0.0326022
-0.031133
-0.0295792
-0.0279141
-0.0260984
-0.0240755
-0.0217651
-0.0190613
-0.015847
-0.0120262
-0.00747714
-0.00164783
0.00689473
0.0179634
0.0240226
0.0211346
-0.0549967
-0.0536638
-0.0517885
-0.050169
-0.0486998
-0.0472826
-0.0458992
-0.0445458
-0.0432142
-0.0418938
-0.0405726
-0.0392376
-0.0378743
-0.0364676
-0.035001
-0.0334562
-0.031812
-0.0300417
-0.0281101
-0.0259682
-0.0235466
-0.0207531
-0.017488
-0.0136845
-0.00926898
-0.00374082
0.00434739
0.0149504
0.0208563
0.0183605
0.0127253
0.0118006
0.00874018
0.00474153
0.000493437
-0.00392103
-0.00856925
-0.0134583
-0.0185539
-0.0238041
-0.0291454
-0.0345048
-0.0398038
-0.0449616
-0.0498984
-0.0545386
-0.0588173
-0.0626777
-0.066028
-0.0688734
-0.0712124
-0.0730614
-0.0744694
-0.0755162
-0.0763106
-0.0770061
-0.0777823
-0.0786323
-0.0792755
-0.0784609
0.00941342
0.00864741
0.00549945
0.00145273
-0.00279219
-0.00708573
-0.0115142
-0.0161232
-0.0209022
-0.0258212
-0.0308392
-0.035907
-0.0409702
-0.0459735
-0.0508649
-0.0555994
-0.0601383
-0.0644557
-0.0685775
-0.0724825
-0.0761856
-0.0797207
-0.0831309
-0.0864675
-0.0897945
-0.0932368
-0.0969081
-0.100702
-0.104917
-0.106747
0.00256168
0.00302801
0.000929832
-0.00250082
-0.00630701
-0.0102454
-0.0143384
-0.0185923
-0.0229825
-0.0274811
-0.0320597
-0.0366867
-0.0413265
-0.0459421
-0.0504987
-0.0549691
-0.0593387
-0.0636105
-0.0678087
-0.0719722
-0.0761542
-0.0804109
-0.0847867
-0.0892975
-0.0939218
-0.0986315
-0.103342
-0.107688
-0.111264
-0.111581
-0.00721163
-0.00562856
-0.00639628
-0.00876482
-0.0116301
-0.0147454
-0.0181031
-0.0216777
-0.0254267
-0.0293109
-0.0332969
-0.0373517
-0.0414401
-0.0455256
-0.0495738
-0.0535582
-0.057466
-0.0613043
-0.0651011
-0.0689046
-0.0727728
-0.0767578
-0.0808843
-0.0851268
-0.0893982
-0.0935659
-0.0974526
-0.100624
-0.10196
-0.10014
-0.014237
-0.0125891
-0.0128981
-0.0146042
-0.0167376
-0.0191268
-0.0217896
-0.0247101
-0.0278474
-0.0311593
-0.0346075
-0.0381545
-0.041762
-0.0453919
-0.0490091
-0.0525864
-0.0561102
-0.0595844
-0.0630313
-0.0664875
-0.0699923
-0.0735724
-0.077222
-0.0808861
-0.0844593
-0.0878113
-0.0908155
-0.0931607
-0.0936843
-0.0915091
-0.0186911
-0.0173875
-0.017703
-0.0191081
-0.0208182
-0.02273
-0.0248952
-0.0273225
-0.0299858
-0.0328499
-0.0358774
-0.0390301
-0.0422689
-0.045556
-0.0488577
-0.0521485
-0.0554143
-0.0586545
-0.0618798
-0.0651068
-0.0683465
-0.0715926
-0.0748105
-0.0779319
-0.0808653
-0.0835326
-0.0859017
-0.0877978
-0.0882142
-0.0862678
-0.0219764
-0.0209509
-0.0213053
-0.022538
-0.0239978
-0.0256119
-0.0274443
-0.0295201
-0.0318291
-0.0343472
-0.0370435
-0.0398831
-0.0428291
-0.0458459
-0.0489022
-0.0519738
-0.0550453
-0.0581097
-0.0611645
-0.064204
-0.0672114
-0.0701515
-0.0729692
-0.0755941
-0.0779585
-0.0800336
-0.0818539
-0.0833271
-0.0835504
-0.0815919
-0.0246374
-0.0238098
-0.0241566
-0.0252453
-0.0265302
-0.027947
-0.0295531
-0.0313771
-0.0334187
-0.0356642
-0.038091
-0.0406702
-0.0433693
-0.046156
-0.0490014
-0.0518817
-0.0547789
-0.0576785
-0.0605647
-0.0634129
-0.0661843
-0.068824
-0.071266
-0.0734439
-0.0753097
-0.0768644
-0.0781731
-0.0791838
-0.0790825
-0.0769521
-0.026818
-0.0261772
-0.0265037
-0.027463
-0.028609
-0.0298812
-0.0313234
-0.03296
-0.0347946
-0.0368204
-0.0390225
-0.0413785
-0.0438614
-0.0464426
-0.0490952
-0.0517948
-0.0545201
-0.057249
-0.059954
-0.0625964
-0.0651232
-0.0674691
-0.0695657
-0.0713534
-0.0727983
-0.0739159
-0.0747812
-0.0753639
-0.0749549
-0.0727118
-0.0286214
-0.0281738
-0.028488
-0.0293357
-0.0303647
-0.0315207
-0.0328341
-0.0343229
-0.0359909
-0.0378354
-0.0398467
-0.0420083
-0.0442983
-0.0466918
-0.0491632
-0.0516872
-0.0542384
-0.0567881
-0.0592996
-0.0617247
-0.064003
-0.0660665
-0.0678503
-0.069304
-0.0704042
-0.0711737
-0.0716888
-0.0719341
-0.0713122
-0.06909
-0.0301596
-0.0298981
-0.0302075
-0.0309602
-0.0318874
-0.0329428
-0.034147
-0.0355116
-0.0370398
-0.0387302
-0.0405766
-0.0425668
-0.044683
-0.0469032
-0.0492027
-0.0515549
-0.0539305
-0.0562951
-0.0586057
-0.0608085
-0.0628408
-0.0646373
-0.0661404
-0.06731
-0.0681326
-0.0686351
-0.0688915
-0.0688972
-0.0681593
-0.0660708
-0.0315299
-0.0314313
-0.0317366
-0.0324061
-0.0332418
-0.0342058
-0.0353114
-0.0365662
-0.0379719
-0.0395274
-0.0412285
-0.0430656
-0.0450238
-0.0470829
-0.0492186
-0.0514028
-0.0536031
-0.0557806
-0.0578882
-0.05987
-0.0616647
-0.0632127
-0.0644658
-0.0653945
-0.0659943
-0.0662951
-0.066366
-0.0662097
-0.0654256
-0.0635403
-0.0328037
-0.0328353
-0.0331317
-0.0337255
-0.0344765
-0.0353543
-0.0363675
-0.0375211
-0.0388155
-0.0402496
-0.0418196
-0.0435176
-0.0453301
-0.0472381
-0.0492172
-0.051238
-0.0532652
-0.0552571
-0.0571644
-0.0589316
-0.060501
-0.0618207
-0.0628524
-0.0635769
-0.063997
-0.0641443
-0.0640814
-0.0638151
-0.0630261
-0.0613758
-0.0340287
-0.0341547
-0.034435
-0.0349581
-0.035629
-0.0364238
-0.0373482
-0.0384055
-0.0395955
-0.0409168
-0.0423655
-0.0439343
-0.0456103
-0.0473749
-0.0492035
-0.0510655
-0.0529237
-0.0547344
-0.0564477
-0.0580099
-0.059369
-0.0604812
-0.0613176
-0.061868
-0.062141
-0.0621685
-0.0620058
-0.0616612
-0.0608875
-0.0594768
-0.0352353
-0.0354212
-0.0356779
-0.0361342
-0.0367284
-0.0374422
-0.0382796
-0.0392432
-0.0403327
-0.0415462
-0.0428796
-0.0443254
-0.045871
-0.0474978
-0.0491809
-0.0508885
-0.0525824
-0.0542178
-0.0557456
-0.057115
-0.0582798
-0.0592045
-0.0598687
-0.0602693
-0.0604192
-0.0603496
-0.0601085
-0.0597044
-0.0589531
-0.0577686
-0.0364421
-0.0366572
-0.0368836
-0.0372764
-0.037797
-0.0384311
-0.0391824
-0.0400536
-0.0410442
-0.0421522
-0.0433732
-0.0446994
-0.0461181
-0.0476107
-0.0491518
-0.050709
-0.0522434
-0.0537102
-0.0550616
-0.0562508
-0.0572374
-0.0579931
-0.0585048
-0.0587747
-0.0588189
-0.0586673
-0.0583614
-0.0579093
-0.057181
-0.0561967
-0.037659
-0.0378785
-0.0380694
-0.0384019
-0.0388514
-0.0394071
-0.0400729
-0.0408519
-0.0417441
-0.0427472
-0.0438568
-0.0450646
-0.046358
-0.0477181
-0.0491194
-0.0505292
-0.0519084
-0.0532129
-0.054397
-0.0554178
-0.0562407
-0.0568436
-0.0572191
-0.0573734
-0.0573245
-0.0571013
-0.0567395
-0.0562474
-0.0555395
-0.0547215
-0.0388908
-0.0390968
-0.0392484
-0.0395234
-0.0399044
-0.0403832
-0.0409642
-0.0416512
-0.0424447
-0.0433427
-0.0443405
-0.0454297
-0.0465976
-0.0478254
-0.0490876
-0.0503518
-0.0515791
-0.0527267
-0.0537513
-0.0546141
-0.0552857
-0.0557493
-0.0560018
-0.0560522
-0.0559199
-0.0556324
-0.0552217
-0.0546959
-0.0540042
-0.0533143
-0.0401389
-0.0403206
-0.0404306
-0.0406508
-0.0409661
-0.0413697
-0.041867
-0.0424626
-0.0431573
-0.0439495
-0.0448344
-0.0458038
-0.0468449
-0.0479391
-0.0490616
-0.0501805
-0.0512578
-0.0522521
-0.0531233
-0.0538364
-0.0543669
-0.0547022
-0.0548421
-0.0547979
-0.0545897
-0.0542442
-0.0537899
-0.0532357
-0.0525553
-0.0519537
-0.041403
-0.0415567
-0.0416241
-0.0417924
-0.0420447
-0.0423755
-0.0427909
-0.0432958
-0.0438918
-0.0445774
-0.045348
-0.0461957
-0.0471079
-0.0480667
-0.0490479
-0.0500202
-0.0509471
-0.0517901
-0.0525121
-0.0530823
-0.0534796
-0.0536944
-0.0537294
-0.0535977
-0.0533198
-0.0529213
-0.0524284
-0.0518501
-0.0511757
-0.0506247
-0.0426824
-0.0428107
-0.0428359
-0.0429549
-0.0431476
-0.0434084
-0.043744
-0.0441598
-0.0446574
-0.0452357
-0.0458905
-0.0466141
-0.0473945
-0.0482147
-0.0490508
-0.0498734
-0.0506488
-0.0513411
-0.0519165
-0.0523477
-0.0526165
-0.0527165
-0.0526527
-0.0524393
-0.0520969
-0.05165
-0.0511225
-0.0505239
-0.0498509
-0.0493179
-0.043977
-0.0440871
-0.0440718
-0.0441444
-0.044281
-0.0444751
-0.0447338
-0.0450622
-0.0454622
-0.0459328
-0.04647
-0.0470667
-0.0477114
-0.048388
-0.0490746
-0.0497441
-0.050365
-0.0509047
-0.0513333
-0.0516265
-0.0517697
-0.0517591
-0.0516012
-0.0513109
-0.0509084
-0.050417
-0.049859
-0.0492434
-0.0485682
-0.0480289
-0.0452877
-0.0453897
-0.0453368
-0.0453659
-0.0454503
-0.0455817
-0.0457668
-0.0460104
-0.046314
-0.0466767
-0.0470947
-0.0475612
-0.0480659
-0.0485938
-0.0491251
-0.0496354
-0.0500966
-0.0504796
-0.050759
-0.0509135
-0.0509321
-0.0508131
-0.0505642
-0.0502007
-0.0497421
-0.0492103
-0.0486257
-0.0479971
-0.0473178
-0.046758
-0.0466191
-0.0467227
-0.0466355
-0.046624
-0.0466602
-0.0467334
-0.0468489
-0.0470108
-0.04722
-0.047475
-0.0477722
-0.0481051
-0.0484644
-0.0488369
-0.0492054
-0.0495488
-0.0498432
-0.0500641
-0.0501889
-0.0502021
-0.0500952
-0.0498686
-0.0495309
-0.0490972
-0.0485864
-0.0480185
-0.0474121
-0.046775
-0.0460921
-0.0455088
-0.0479789
-0.0480904
-0.0479729
-0.0479234
-0.0479149
-0.0479343
-0.0479849
-0.0480691
-0.0481864
-0.0483345
-0.0485094
-0.0487048
-0.0489127
-0.0491218
-0.0493183
-0.0494851
-0.0496032
-0.0496531
-0.0496178
-0.0494854
-0.0492508
-0.0489163
-0.0484914
-0.0479906
-0.0474317
-0.0468325
-0.0462098
-0.0455695
-0.0448867
-0.0442882
-0.0493753
-0.0494903
-0.0493483
-0.0492654
-0.0492154
-0.0491852
-0.0491761
-0.0491876
-0.0492169
-0.04926
-0.0493118
-0.049366
-0.0494156
-0.0494521
-0.0494654
-0.0494438
-0.0493739
-0.0492427
-0.0490389
-0.0487553
-0.04839
-0.0479473
-0.0474371
-0.0468731
-0.046271
-0.0456465
-0.0450141
-0.0443782
-0.0437037
-0.0431088
-0.0508311
-0.0509035
-0.0507377
-0.050635
-0.0505538
-0.0504826
-0.0504233
-0.0503717
-0.0503212
-0.0502647
-0.0501948
-0.0501044
-0.0499872
-0.0498378
-0.0496511
-0.0494221
-0.0491455
-0.0488166
-0.0484307
-0.0479871
-0.0474875
-0.0469379
-0.0463479
-0.0457292
-0.0450946
-0.0444562
-0.0438272
-0.0432095
-0.0425546
-0.04198
-0.0524884
-0.0523805
-0.052145
-0.0520344
-0.0519443
-0.0518519
-0.0517604
-0.0516626
-0.0515464
-0.0513993
-0.0512098
-0.0509681
-0.0506683
-0.0503083
-0.04989
-0.0494182
-0.0488994
-0.0483408
-0.0477468
-0.047126
-0.0464845
-0.0458294
-0.0451688
-0.0445108
-0.0438627
-0.043232
-0.0426287
-0.0420456
-0.0414095
-0.0408468
-0.0547505
-0.0543493
-0.053883
-0.0536752
-0.0535436
-0.0534164
-0.0532833
-0.0531313
-0.0529409
-0.0526926
-0.0523694
-0.0519589
-0.0514555
-0.0508617
-0.0501878
-0.0494498
-0.0486667
-0.0478572
-0.047042
-0.0462316
-0.0454366
-0.044665
-0.0439226
-0.0432133
-0.0425397
-0.0419041
-0.0413092
-0.0407284
-0.0400745
-0.0395365
-0.0576444
-0.0573539
-0.0564951
-0.0559026
-0.055487
-0.0551316
-0.054798
-0.0544601
-0.0540895
-0.0536625
-0.0531632
-0.0525837
-0.0519243
-0.0511926
-0.0504011
-0.049564
-0.0486949
-0.0478043
-0.0468988
-0.0459844
-0.0450662
-0.044151
-0.0432473
-0.0423641
-0.0415106
-0.0406968
-0.0399281
-0.0391772
-0.0384297
-0.038101
-0.0831912
-0.117451
-0.124008
-0.112126
-0.102415
-0.0961383
-0.0905258
-0.0850232
-0.0799926
-0.0756254
-0.0718722
-0.0686068
-0.0657142
-0.0631126
-0.0607483
-0.0585856
-0.0565993
-0.0547698
-0.0530796
-0.0515121
-0.0500512
-0.0486816
-0.0473888
-0.0461596
-0.0449837
-0.0438573
-0.042778
-0.0417078
-0.0406013
-0.0398306
-0.0799901
-0.116654
-0.124173
-0.11231
-0.102144
-0.0955647
-0.0899644
-0.0846524
-0.0798515
-0.075706
-0.0721717
-0.0691322
-0.0664738
-0.0641073
-0.0619674
-0.0600073
-0.0581927
-0.0564985
-0.0549058
-0.0534
-0.0519701
-0.0506083
-0.0493087
-0.0480678
-0.0468841
-0.0457592
-0.0446952
-0.0436732
-0.0426336
-0.0416559
-0.0758145
-0.117815
-0.126623
-0.114084
-0.103428
-0.0967844
-0.0913048
-0.086157
-0.0814951
-0.0774346
-0.073932
-0.0708871
-0.0682029
-0.0658022
-0.0636264
-0.0616321
-0.0597866
-0.0580652
-0.0564489
-0.0549232
-0.0534763
-0.0520994
-0.050786
-0.0495318
-0.0483344
-0.0471951
-0.0461192
-0.0450977
-0.044057
-0.0429585
-0.0702893
-0.120851
-0.130886
-0.116395
-0.104851
-0.0982735
-0.0930591
-0.0881319
-0.083612
-0.0796122
-0.0760987
-0.0729913
-0.0702158
-0.0677122
-0.0654337
-0.0633436
-0.0614131
-0.0596189
-0.0579423
-0.056368
-0.0548833
-0.0534781
-0.052144
-0.0508746
-0.0496653
-0.0485147
-0.0474263
-0.0463922
-0.0453343
-0.0441589
-0.0627448
-0.124376
-0.135633
-0.118318
-0.105603
-0.0991967
-0.0943985
-0.0897927
-0.0854784
-0.081587
-0.078103
-0.0749679
-0.0721293
-0.0695452
-0.0671807
-0.0650066
-0.0629981
-0.0611343
-0.059397
-0.0577711
-0.0562435
-0.054803
-0.0534405
-0.0521483
-0.05092
-0.0497524
-0.0486476
-0.0475975
-0.0465232
-0.0452982
-0.0530311
-0.128447
-0.140896
-0.119819
-0.105644
-0.0995153
-0.0952708
-0.0910729
-0.0870199
-0.0832819
-0.0798695
-0.0767463
-0.0738798
-0.0712447
-0.0688175
-0.0665767
-0.0645023
-0.0625761
-0.0607817
-0.0591047
-0.0575322
-0.056053
-0.0546574
-0.0533369
-0.052084
-0.0508943
-0.0497686
-0.0486995
-0.0476102
-0.0463564
-0.0411828
-0.133237
-0.146776
-0.120979
-0.105124
-0.0994105
-0.0958311
-0.0920806
-0.0883005
-0.0847273
-0.0814048
-0.0783168
-0.0754476
-0.0727851
-0.0703159
-0.068025
-0.0658969
-0.0639168
-0.0620706
-0.060345
-0.0587282
-0.0572092
-0.0557783
-0.0544266
-0.0531462
-0.0519316
-0.0507825
-0.0496921
-0.0485893
-0.0473233
-0.0273539
-0.138859
-0.153258
-0.121799
-0.10415
-0.099039
-0.0962139
-0.0929032
-0.0893661
-0.0859397
-0.0827057
-0.0796641
-0.0768098
-0.0741396
-0.0716474
-0.0693232
-0.0671554
-0.0651321
-0.0632418
-0.0614729
-0.0598146
-0.058257
-0.0567907
-0.0554069
-0.0540977
-0.0528567
-0.0516829
-0.0505701
-0.0494549
-0.0481905
-0.011883
-0.145369
-0.160246
-0.122247
-0.102811
-0.0985288
-0.0965228
-0.0936061
-0.0902528
-0.0869362
-0.0837767
-0.080783
-0.0779544
-0.0752916
-0.0727923
-0.07045
-0.0682562
-0.0662013
-0.0642758
-0.0624703
-0.0607755
-0.0591823
-0.0576822
-0.0562672
-0.0549293
-0.0536621
-0.0524633
-0.0513276
-0.050201
-0.0489494
0.00466062
-0.15272
-0.16757
-0.122313
-0.101208
-0.0979881
-0.0968292
-0.0942314
-0.0909883
-0.087737
-0.084632
-0.0816819
-0.0788833
-0.0762368
-0.0737416
-0.0713932
-0.0691848
-0.0671088
-0.0651573
-0.0633226
-0.0615969
-0.0599726
-0.0584421
-0.0569981
-0.0556333
-0.0543411
-0.0531185
-0.0519603
-0.0508234
-0.0495923
0.0214476
-0.16072
-0.174993
-0.122035
-0.0994659
-0.0974939
-0.0971621
-0.094792
-0.0915869
-0.0883605
-0.0852907
-0.0823763
-0.079607
-0.0769806
-0.0744958
-0.0721489
-0.0699343
-0.0678455
-0.0658761
-0.0640194
-0.0622691
-0.060619
-0.0590625
-0.0575932
-0.0562044
-0.0548899
-0.0536456
-0.0524669
-0.0513206
-0.0501141
0.0373745
-0.168973
-0.18219
-0.121509
-0.0977222
-0.0970841
-0.0975074
-0.0952749
-0.0920518
-0.0888216
-0.085772
-0.0828851
-0.0801411
-0.0775341
-0.0750617
-0.0727202
-0.0705045
-0.068409
-0.0664279
-0.0645558
-0.0627872
-0.061117
-0.0595398
-0.0580498
-0.0566411
-0.0553078
-0.0540454
-0.0528491
-0.0516947
-0.0505131
0.0511924
-0.176881
-0.188758
-0.120873
-0.0961155
-0.0967595
-0.0978212
-0.0956538
-0.0923814
-0.0891333
-0.0860944
-0.0832274
-0.0805028
-0.0779117
-0.0754505
-0.0731153
-0.070901
-0.0688025
-0.0668147
-0.0649326
-0.0631516
-0.0614673
-0.0598749
-0.0583695
-0.0569457
-0.055598
-0.0543216
-0.0531116
-0.051951
-0.0507912
0.0616751
-0.183618
-0.194133
-0.120265
-0.0947916
-0.0965082
-0.098052
-0.0959028
-0.0925758
-0.0893084
-0.0862752
-0.0834212
-0.0807096
-0.0781293
-0.0756762
-0.0733461
-0.071134
-0.0690348
-0.0670437
-0.0651562
-0.063368
-0.0616751
-0.0600733
-0.058558
-0.0571243
-0.0557671
-0.0544814
-0.0532625
-0.0520977
-0.0509541
0.0673486
-0.187706
-0.197212
-0.119828
-0.094014
-0.0963638
-0.0981554
-0.0959975
-0.0926358
-0.0893586
-0.0863293
-0.0834822
-0.0807771
-0.0782023
-0.0757534
-0.0734262
-0.0712158
-0.0691172
-0.0671255
-0.0652365
-0.0634459
-0.0617497
-0.0601438
-0.0586241
-0.0571859
-0.0558243
-0.0545345
-0.0533115
-0.0521453
-0.0510105
0.0674436
-0.187637
-0.197247
-0.119882
-0.094022
-0.0963247
-0.0980896
-0.0959259
-0.0925677
-0.0892952
-0.086269
-0.0834236
-0.0807192
-0.0781446
-0.0756962
-0.0733697
-0.0711605
-0.0690634
-0.0670737
-0.0651866
-0.0633979
-0.0617032
-0.0600986
-0.0585798
-0.0571423
-0.0557814
-0.0544924
-0.0532704
-0.0521052
-0.0509718
0.0619542
-0.183413
-0.194222
-0.120411
-0.0948129
-0.0963972
-0.0978627
-0.0956934
-0.0923746
-0.0891202
-0.0860961
-0.0832469
-0.0805374
-0.0779584
-0.0755067
-0.0731789
-0.0709702
-0.0688755
-0.0668897
-0.0650079
-0.063225
-0.0615365
-0.059938
-0.0584251
-0.0569935
-0.0556383
-0.0543549
-0.0531386
-0.0519771
-0.0508374
0.0516387
-0.176537
-0.188847
-0.121063
-0.0961379
-0.0965913
-0.0975297
-0.0953223
-0.092056
-0.0888257
-0.0858012
-0.0829427
-0.0802223
-0.0776339
-0.0751755
-0.0728443
-0.0706357
-0.0685444
-0.0665648
-0.0646911
-0.0629178
-0.0612397
-0.059652
-0.0581501
-0.0567294
-0.0553846
-0.0541115
-0.0529055
-0.0517496
-0.0505959
0.0379713
-0.168478
-0.182206
-0.12167
-0.0977216
-0.0968732
-0.0971399
-0.0948422
-0.091615
-0.0884028
-0.0853716
-0.0824973
-0.0797607
-0.0771589
-0.0746917
-0.0723566
-0.070149
-0.0680631
-0.0660923
-0.0642302
-0.0624704
-0.060807
-0.0592349
-0.0577488
-0.0563434
-0.0550135
-0.0537549
-0.0525631
-0.0514146
-0.0502405
0.0221863
-0.160054
-0.174856
-0.122083
-0.0994065
-0.0972476
-0.0967439
-0.0942819
-0.0910554
-0.0878418
-0.0847922
-0.0818946
-0.0791372
-0.0765199
-0.0740438
-0.0717064
-0.0695027
-0.0674258
-0.065468
-0.0636217
-0.0618798
-0.0602358
-0.0586838
-0.0572179
-0.0558321
-0.0545206
-0.0532801
-0.0521059
-0.0509656
-0.0497672
0.00553961
-0.15186
-0.1672
-0.122162
-0.101045
-0.0977035
-0.0963806
-0.0936691
-0.0903834
-0.0871347
-0.0840489
-0.0811188
-0.078337
-0.0757048
-0.0732228
-0.0708879
-0.0686934
-0.0666309
-0.0646914
-0.0628661
-0.0611471
-0.0595273
-0.0579998
-0.056558
-0.0551951
-0.0539051
-0.0526853
-0.051531
-0.0503994
-0.0491759
-0.0108561
-0.144292
-0.159579
-0.121824
-0.102495
-0.098192
-0.0960566
-0.0930168
-0.089601
-0.0862731
-0.0831277
-0.0801554
-0.0773479
-0.0747045
-0.0722234
-0.0698988
-0.0677215
-0.0656809
-0.0637663
-0.0619681
-0.0602776
-0.0586866
-0.0571876
-0.055773
-0.0544354
-0.0531689
-0.0519715
-0.0508381
-0.0497155
-0.0484702
-0.0261605
-0.137544
-0.152249
-0.121049
-0.103639
-0.0986292
-0.0957362
-0.0923107
-0.0886971
-0.0852442
-0.0820154
-0.0789929
-0.076162
-0.0735154
-0.0710457
-0.0687423
-0.0665923
-0.0645824
-0.0627007
-0.0609363
-0.0592797
-0.057722
-0.0562546
-0.0548693
-0.0535585
-0.0523164
-0.0511421
-0.0500297
-0.0489163
-0.0476564
-0.0397934
-0.131665
-0.145403
-0.119874
-0.104383
-0.0989064
-0.0953431
-0.0915061
-0.0876455
-0.0840316
-0.0807021
-0.077627
-0.0747797
-0.0721419
-0.0696972
-0.067428
-0.0653168
-0.0633476
-0.0615068
-0.0597829
-0.0581652
-0.056644
-0.0552101
-0.0538551
-0.0525716
-0.0513541
-0.0502025
-0.0491104
-0.0480068
-0.0467429
-0.051407
-0.126603
-0.139159
-0.118355
-0.104657
-0.0989007
-0.094772
-0.0905343
-0.086408
-0.0826184
-0.0791851
-0.0760641
-0.0732133
-0.0705999
-0.0681953
-0.0659737
-0.0639126
-0.0619933
-0.060201
-0.0585229
-0.0569475
-0.0554645
-0.0540647
-0.0527399
-0.0514828
-0.050289
-0.0491591
-0.0480859
-0.0469932
-0.0457387
-0.0608423
-0.122253
-0.133553
-0.116517
-0.104373
-0.0984653
-0.093889
-0.0893032
-0.0849338
-0.0809846
-0.0774653
-0.0743185
-0.0714848
-0.0689142
-0.0665655
-0.0644042
-0.0624032
-0.0605416
-0.058803
-0.0571737
-0.0556418
-0.0541967
-0.0528297
-0.051533
-0.0503003
-0.0491279
-0.0480177
-0.0469616
-0.0458811
-0.0446524
-0.068061
-0.118449
-0.128502
-0.114303
-0.1034
-0.0974287
-0.0925395
-0.0876993
-0.0831509
-0.0790928
-0.0755311
-0.0723964
-0.0696111
-0.0671084
-0.0648345
-0.0627475
-0.0608167
-0.0590193
-0.057338
-0.0557585
-0.0542689
-0.0528592
-0.0515211
-0.050248
-0.0490347
-0.0478794
-0.0467852
-0.0457436
-0.0446772
-0.0434948
-0.0732166
-0.11514
-0.123991
-0.111767
-0.101793
-0.0958327
-0.0907701
-0.0857794
-0.0811234
-0.0770107
-0.0734509
-0.0703638
-0.0676542
-0.0652389
-0.0630532
-0.0610496
-0.0591945
-0.0574637
-0.0558392
-0.0543065
-0.0528544
-0.0514737
-0.0501576
-0.048901
-0.047701
-0.0465579
-0.0454764
-0.0444468
-0.0433959
-0.0422872
-0.077023
-0.113753
-0.121393
-0.109888
-0.100413
-0.0945458
-0.0894169
-0.0843163
-0.0795552
-0.0753698
-0.0717759
-0.0686844
-0.0659871
-0.0635913
-0.0614271
-0.0594453
-0.0576116
-0.0559015
-0.0542962
-0.0527815
-0.0513458
-0.0499808
-0.0486799
-0.0474389
-0.0462551
-0.0451292
-0.0440617
-0.0430328
-0.0419828
-0.0409932
-0.0797319
-0.114275
-0.1211
-0.109673
-0.100657
-0.0950814
-0.0899537
-0.0846913
-0.0797253
-0.0753318
-0.0715236
-0.0682036
-0.0652652
-0.062625
-0.0602269
-0.058034
-0.0560217
-0.054171
-0.0524648
-0.0508864
-0.0494193
-0.0480474
-0.0467553
-0.0455293
-0.0443583
-0.0432376
-0.0421636
-0.0410961
-0.039986
-0.0392045
-0.0404398
-0.0404646
-0.0402658
-0.0400399
-0.0398052
-0.039552
-0.0392793
-0.0389898
-0.0386858
-0.0383688
-0.0380401
-0.0377006
-0.0373514
-0.0369934
-0.0366275
-0.0362545
-0.0358751
-0.03549
-0.0350997
-0.0347048
-0.0343058
-0.0339031
-0.0334972
-0.0330884
-0.0326769
-0.0322632
-0.0318474
-0.0314297
-0.0310104
-0.0305897
-0.0301676
-0.0297443
-0.0293199
-0.0288946
-0.0284684
-0.0280414
-0.0276137
-0.0271854
-0.0267564
-0.0263269
-0.0258969
-0.0254665
-0.0250356
-0.0246043
-0.0241727
-0.0237407
-0.0233084
-0.0228758
-0.022443
-0.0220098
-0.0215765
-0.0211428
-0.020709
-0.020275
-0.0198407
-0.0194063
-0.0189717
-0.0185369
-0.018102
-0.0176669
-0.0172317
-0.0167963
-0.0163608
-0.0159252
-0.0154894
-0.0150536
-0.0146176
-0.0141815
-0.0137453
-0.0133091
-0.0128727
-0.0124363
-0.0119998
-0.0115632
-0.0111266
-0.0106899
-0.0102532
-0.00981644
-0.00937965
-0.00894283
-0.008506
-0.00806917
-0.00763234
-0.00719552
-0.00675873
-0.00632198
-0.00588528
-0.00544865
-0.00501209
-0.00457564
-0.00413929
-0.00370308
-0.00326703
-0.00283115
-0.00239548
-0.00196003
-0.00152483
-0.00108981
-0.000655305
-0.000218938
-0.0416496
-0.0413824
-0.0411316
-0.0408667
-0.0405751
-0.0402603
-0.039928
-0.0395823
-0.0392255
-0.0388594
-0.0384853
-0.0381042
-0.0377171
-0.0373247
-0.0369275
-0.0365262
-0.0361213
-0.035713
-0.0353019
-0.0348882
-0.0344723
-0.0340543
-0.0336346
-0.0332133
-0.0327905
-0.0323666
-0.0319415
-0.0315155
-0.0310886
-0.030661
-0.0302326
-0.0298037
-0.0293741
-0.0289441
-0.0285137
-0.0280828
-0.0276515
-0.02722
-0.0267881
-0.0263559
-0.0259235
-0.0254908
-0.0250578
-0.0246247
-0.0241914
-0.0237578
-0.0233241
-0.0228902
-0.0224561
-0.0220219
-0.0215875
-0.021153
-0.0207183
-0.0202835
-0.0198486
-0.0194135
-0.0189783
-0.018543
-0.0181076
-0.017672
-0.0172364
-0.0168006
-0.0163647
-0.0159288
-0.0154927
-0.0150566
-0.0146204
-0.0141841
-0.0137477
-0.0133112
-0.0128747
-0.0124381
-0.0120014
-0.0115647
-0.011128
-0.0106912
-0.0102543
-0.00981746
-0.00938057
-0.00894366
-0.00850674
-0.00806983
-0.00763292
-0.00719603
-0.00675917
-0.00632236
-0.00588559
-0.0054489
-0.00501228
-0.00457577
-0.00413937
-0.0037031
-0.003267
-0.00283107
-0.00239536
-0.00195988
-0.00152467
-0.00108967
-0.00065516
-0.000218867
-0.0428723
-0.0423845
-0.0420027
-0.041646
-0.0412742
-0.0408876
-0.040492
-0.0400902
-0.0396832
-0.0392719
-0.0388572
-0.0384397
-0.0380197
-0.0375976
-0.0371739
-0.0367487
-0.0363222
-0.0358946
-0.0354661
-0.0350367
-0.0346067
-0.0341761
-0.0337449
-0.0333133
-0.0328813
-0.032449
-0.0320164
-0.0315836
-0.0311505
-0.0307173
-0.0302839
-0.0298504
-0.0294167
-0.028983
-0.0285491
-0.0281151
-0.0276811
-0.027247
-0.0268128
-0.0263785
-0.0259441
-0.0255096
-0.0250751
-0.0246405
-0.0242059
-0.0237711
-0.0233363
-0.0229014
-0.0224664
-0.0220313
-0.0215961
-0.0211609
-0.0207256
-0.0202902
-0.0198547
-0.0194191
-0.0189835
-0.0185477
-0.0181119
-0.017676
-0.0172401
-0.016804
-0.0163679
-0.0159316
-0.0154954
-0.015059
-0.0146226
-0.0141861
-0.0137495
-0.0133129
-0.0128762
-0.0124395
-0.0120027
-0.0115659
-0.011129
-0.0106921
-0.0102552
-0.00981819
-0.00938121
-0.00894421
-0.00850721
-0.00807021
-0.00763322
-0.00719625
-0.00675931
-0.00632241
-0.00588557
-0.0054488
-0.00501211
-0.00457552
-0.00413904
-0.00370271
-0.00326654
-0.00283057
-0.00239482
-0.00195934
-0.00152416
-0.00108925
-0.000654881
-0.00021877
-0.0440265
-0.0433731
-0.0428661
-0.042413
-0.0419587
-0.0414995
-0.0410399
-0.0405816
-0.0401244
-0.0396684
-0.0392138
-0.0387604
-0.0383084
-0.0378576
-0.0374081
-0.0369598
-0.0365125
-0.0360663
-0.0356211
-0.0351768
-0.0347333
-0.0342905
-0.0338485
-0.0334071
-0.0329663
-0.0325261
-0.0320863
-0.0316471
-0.0312082
-0.0307697
-0.0303316
-0.0298938
-0.0294562
-0.0290189
-0.0285819
-0.0281451
-0.0277084
-0.0272719
-0.0268355
-0.0263993
-0.0259631
-0.025527
-0.025091
-0.0246551
-0.0242192
-0.0237833
-0.0233475
-0.0229116
-0.0224758
-0.0220399
-0.0216041
-0.0211682
-0.0207323
-0.0202963
-0.0198603
-0.0194243
-0.0189883
-0.0185521
-0.018116
-0.0176797
-0.0172435
-0.0168071
-0.0163707
-0.0159343
-0.0154978
-0.0150612
-0.0146246
-0.014188
-0.0137512
-0.0133145
-0.0128776
-0.0124408
-0.0120039
-0.0115669
-0.0111299
-0.0106929
-0.0102559
-0.0098188
-0.00938171
-0.00894461
-0.00850751
-0.00807041
-0.00763333
-0.00719626
-0.00675923
-0.00632223
-0.0058853
-0.00544843
-0.00501164
-0.00457495
-0.00413839
-0.00370197
-0.00326573
-0.00282971
-0.00239394
-0.00195848
-0.00152338
-0.00108862
-0.000654483
-0.000218636
-0.0451017
-0.0443139
-0.0436967
-0.0431519
-0.0426173
-0.0420871
-0.0415649
-0.0410511
-0.0405448
-0.0400452
-0.0395517
-0.0390637
-0.0385807
-0.0381024
-0.0376282
-0.0371578
-0.0366909
-0.036227
-0.0357659
-0.0353074
-0.0348512
-0.034397
-0.0339447
-0.0334941
-0.0330451
-0.0325974
-0.0321509
-0.0317056
-0.0312613
-0.030818
-0.0303754
-0.0299336
-0.0294925
-0.0290519
-0.0286119
-0.0281724
-0.0277333
-0.0272947
-0.0268563
-0.0264182
-0.0259804
-0.0255429
-0.0251055
-0.0246684
-0.0242313
-0.0237944
-0.0233577
-0.022921
-0.0224844
-0.0220478
-0.0216113
-0.0211748
-0.0207384
-0.0203019
-0.0198655
-0.0194291
-0.0189926
-0.0185561
-0.0181196
-0.0176831
-0.0172466
-0.01681
-0.0163734
-0.0159367
-0.0155
-0.0150633
-0.0146265
-0.0141896
-0.0137528
-0.0133159
-0.0128789
-0.0124419
-0.0120049
-0.0115678
-0.0111307
-0.0106936
-0.0102564
-0.00981925
-0.00938206
-0.00894486
-0.00850765
-0.00807045
-0.00763325
-0.00719608
-0.00675893
-0.00632182
-0.00588477
-0.00544778
-0.00501088
-0.00457408
-0.00413741
-0.0037009
-0.00326458
-0.00282851
-0.00239273
-0.00195733
-0.00152237
-0.00108783
-0.000653984
-0.000218469
-0.046078
-0.0451809
-0.0444676
-0.0438378
-0.0432278
-0.0426309
-0.0420499
-0.0414841
-0.0409317
-0.0403912
-0.0398614
-0.0393411
-0.0388295
-0.0383255
-0.0378285
-0.0373378
-0.0368526
-0.0363725
-0.0358969
-0.0354254
-0.0349575
-0.0344929
-0.0340313
-0.0335723
-0.0331158
-0.0326613
-0.0322088
-0.0317581
-0.0313089
-0.0308611
-0.0304145
-0.0299691
-0.0295248
-0.0290813
-0.0286386
-0.0281967
-0.0277555
-0.0273148
-0.0268747
-0.026435
-0.0259958
-0.0255569
-0.0251183
-0.0246801
-0.0242421
-0.0238043
-0.0233667
-0.0229292
-0.0224919
-0.0220547
-0.0216177
-0.0211807
-0.0207437
-0.0203068
-0.01987
-0.0194332
-0.0189964
-0.0185596
-0.0181229
-0.0176861
-0.0172493
-0.0168125
-0.0163757
-0.0159388
-0.0155019
-0.015065
-0.0146281
-0.0141911
-0.0137541
-0.013317
-0.01288
-0.0124428
-0.0120057
-0.0115685
-0.0111313
-0.0106941
-0.0102568
-0.00981954
-0.00938224
-0.00894493
-0.00850761
-0.00807029
-0.00763298
-0.00719569
-0.00675841
-0.00632118
-0.00588399
-0.00544687
-0.00500984
-0.00457291
-0.00413611
-0.0036995
-0.0032631
-0.00282698
-0.00239123
-0.00195592
-0.00152115
-0.00108689
-0.000653405
-0.000218275
-0.0469451
-0.0459604
-0.0451634
-0.044456
-0.043777
-0.0431194
-0.0424849
-0.0418718
-0.0412775
-0.0407
-0.0401373
-0.0395879
-0.0390503
-0.0385233
-0.0380058
-0.0374968
-0.0369954
-0.0365008
-0.0360122
-0.0355291
-0.0350509
-0.0345771
-0.0341072
-0.0336408
-0.0331776
-0.0327172
-0.0322593
-0.0318037
-0.0313502
-0.0308985
-0.0304485
-0.0299999
-0.0295527
-0.0291067
-0.0286617
-0.0282177
-0.0277746
-0.0273322
-0.0268906
-0.0264495
-0.026009
-0.0255689
-0.0251293
-0.0246901
-0.0242512
-0.0238127
-0.0233743
-0.0229363
-0.0224984
-0.0220606
-0.0216231
-0.0211856
-0.0207483
-0.020311
-0.0198739
-0.0194367
-0.0189997
-0.0185626
-0.0181256
-0.0176886
-0.0172516
-0.0168146
-0.0163776
-0.0159406
-0.0155035
-0.0150665
-0.0146294
-0.0141923
-0.0137552
-0.013318
-0.0128808
-0.0124436
-0.0120063
-0.0115691
-0.0111317
-0.0106944
-0.010257
-0.00981966
-0.00938226
-0.00894484
-0.00850741
-0.00806997
-0.00763254
-0.00719511
-0.0067577
-0.00632033
-0.005883
-0.00544573
-0.00500854
-0.00457146
-0.00413454
-0.0036978
-0.00326133
-0.00282519
-0.00238948
-0.00195432
-0.00151979
-0.00108587
-0.000652786
-0.000218067
-0.0476968
-0.0466443
-0.0457752
-0.0449981
-0.0442573
-0.0435459
-0.0428641
-0.0422092
-0.0415781
-0.0409679
-0.0403763
-0.0398013
-0.0392411
-0.038694
-0.0381586
-0.0376337
-0.0371181
-0.0366109
-0.0361111
-0.035618
-0.0351308
-0.034649
-0.0341719
-0.0336991
-0.0332301
-0.0327646
-0.0323022
-0.0318424
-0.0313852
-0.0309302
-0.0304772
-0.0300259
-0.0295763
-0.0291281
-0.0286811
-0.0282354
-0.0277906
-0.0273468
-0.0269038
-0.0264616
-0.02602
-0.025579
-0.0251385
-0.0246985
-0.0242589
-0.0238196
-0.0233807
-0.0229421
-0.0225037
-0.0220655
-0.0216276
-0.0211897
-0.020752
-0.0203145
-0.019877
-0.0194396
-0.0190023
-0.018565
-0.0181278
-0.0176906
-0.0172534
-0.0168163
-0.0163791
-0.015942
-0.0155048
-0.0150676
-0.0146304
-0.0141932
-0.013756
-0.0133187
-0.0128814
-0.0124441
-0.0120068
-0.0115694
-0.011132
-0.0106946
-0.0102571
-0.00981962
-0.00938212
-0.00894459
-0.00850705
-0.0080695
-0.00763194
-0.00719438
-0.00675684
-0.00631931
-0.00588183
-0.00544439
-0.00500705
-0.00456981
-0.00413275
-0.0036959
-0.00325935
-0.00282321
-0.0023876
-0.00195263
-0.00151841
-0.00108486
-0.00065218
-0.00021786
-0.0483302
-0.0472278
-0.0462976
-0.0454593
-0.0446648
-0.0439071
-0.0431847
-0.0424941
-0.0418314
-0.0411934
-0.0405773
-0.0399806
-0.0394011
-0.0388369
-0.0382864
-0.037748
-0.0372204
-0.0367026
-0.0361933
-0.0356917
-0.0351971
-0.0347085
-0.0342254
-0.0337473
-0.0332735
-0.0328037
-0.0323374
-0.0318743
-0.031414
-0.0309562
-0.0305007
-0.0300472
-0.0295955
-0.0291455
-0.0286969
-0.0282497
-0.0278036
-0.0273586
-0.0269146
-0.0264713
-0.0260289
-0.0255871
-0.0251459
-0.0247052
-0.024265
-0.0238252
-0.0233858
-0.0229467
-0.022508
-0.0220694
-0.0216311
-0.021193
-0.020755
-0.0203172
-0.0198795
-0.0194419
-0.0190044
-0.0185669
-0.0181295
-0.0176922
-0.0172549
-0.0168176
-0.0163803
-0.015943
-0.0155057
-0.0150684
-0.0146312
-0.0141939
-0.0137565
-0.0133192
-0.0128818
-0.0124444
-0.012007
-0.0115695
-0.0111321
-0.0106946
-0.010257
-0.00981944
-0.00938185
-0.00894423
-0.00850658
-0.00806892
-0.00763124
-0.00719355
-0.00675587
-0.0063182
-0.00588055
-0.00544296
-0.00500545
-0.00456806
-0.00413085
-0.0036939
-0.0032573
-0.0028212
-0.00238573
-0.00195101
-0.00151712
-0.00108395
-0.000651638
-0.000217673
-0.0488454
-0.0477094
-0.0467288
-0.0458383
-0.0449987
-0.0442024
-0.0434465
-0.0427263
-0.0420377
-0.0413768
-0.0407404
-0.0401258
-0.0395305
-0.0389524
-0.0383895
-0.0378401
-0.0373028
-0.0367763
-0.0362593
-0.0357509
-0.0352501
-0.0347561
-0.0342682
-0.0337857
-0.033308
-0.0328348
-0.0323654
-0.0318994
-0.0314366
-0.0309766
-0.0305191
-0.0300638
-0.0296106
-0.0291591
-0.0287093
-0.0282609
-0.0278137
-0.0273678
-0.0269229
-0.0264789
-0.0260357
-0.0255933
-0.0251515
-0.0247103
-0.0242697
-0.0238295
-0.0233897
-0.0229503
-0.0225112
-0.0220723
-0.0216338
-0.0211954
-0.0207572
-0.0203192
-0.0198813
-0.0194435
-0.0190059
-0.0185683
-0.0181308
-0.0176933
-0.0172559
-0.0168185
-0.0163811
-0.0159437
-0.0155064
-0.015069
-0.0146316
-0.0141943
-0.0137569
-0.0133195
-0.012882
-0.0124446
-0.0120071
-0.0115695
-0.011132
-0.0106944
-0.0102568
-0.00981916
-0.00938148
-0.00894378
-0.00850604
-0.00806827
-0.00763048
-0.00719268
-0.00675486
-0.00631705
-0.00587926
-0.00544151
-0.00500385
-0.00456631
-0.00412898
-0.00369194
-0.00325534
-0.00281932
-0.00238403
-0.0019496
-0.00151603
-0.0010832
-0.00065119
-0.000217513
-0.0492466
-0.0480902
-0.0470696
-0.0461365
-0.0452605
-0.0444336
-0.043651
-0.0429075
-0.0421983
-0.0415193
-0.040867
-0.0402384
-0.0396307
-0.0390416
-0.038469
-0.0379111
-0.0373661
-0.0368328
-0.0363099
-0.0357961
-0.0352905
-0.0347923
-0.0343006
-0.0338148
-0.0333342
-0.0328582
-0.0323864
-0.0319184
-0.0314536
-0.0309919
-0.0305329
-0.0300762
-0.0296218
-0.0291692
-0.0287183
-0.0282691
-0.0278211
-0.0273745
-0.0269289
-0.0264843
-0.0260407
-0.0255978
-0.0251556
-0.024714
-0.024273
-0.0238325
-0.0233924
-0.0229527
-0.0225134
-0.0220744
-0.0216356
-0.0211971
-0.0207587
-0.0203206
-0.0198825
-0.0194447
-0.0190069
-0.0185692
-0.0181316
-0.017694
-0.0172565
-0.016819
-0.0163816
-0.0159442
-0.0155067
-0.0150693
-0.0146319
-0.0141945
-0.013757
-0.0133195
-0.0128821
-0.0124445
-0.012007
-0.0115694
-0.0111318
-0.0106942
-0.0102565
-0.00981881
-0.00938107
-0.00894328
-0.00850547
-0.00806762
-0.00762973
-0.00719182
-0.00675389
-0.00631596
-0.00587803
-0.00544015
-0.00500235
-0.00456468
-0.00412725
-0.00369017
-0.0032536
-0.0028177
-0.00238263
-0.00194846
-0.00151519
-0.00108263
-0.000650839
-0.000217383
-0.0495403
-0.0483741
-0.047323
-0.0463571
-0.0454537
-0.0446037
-0.0438012
-0.0430403
-0.0423158
-0.0416234
-0.0409593
-0.0403203
-0.0397034
-0.0391062
-0.0385264
-0.0379621
-0.0374116
-0.0368734
-0.036346
-0.0358283
-0.0353193
-0.034818
-0.0343235
-0.0338353
-0.0333525
-0.0328746
-0.032401
-0.0319315
-0.0314654
-0.0310024
-0.0305423
-0.0300847
-0.0296293
-0.029176
-0.0287244
-0.0282745
-0.0278261
-0.0273789
-0.0269329
-0.0264879
-0.0260439
-0.0256006
-0.0251582
-0.0247163
-0.0242751
-0.0238344
-0.0233941
-0.0229543
-0.0225148
-0.0220756
-0.0216367
-0.0211981
-0.0207596
-0.0203214
-0.0198833
-0.0194453
-0.0190074
-0.0185697
-0.018132
-0.0176944
-0.0172568
-0.0168193
-0.0163818
-0.0159443
-0.0155069
-0.0150694
-0.0146319
-0.0141945
-0.013757
-0.0133195
-0.012882
-0.0124444
-0.0120068
-0.0115692
-0.0111316
-0.0106939
-0.0102562
-0.00981842
-0.00938062
-0.00894279
-0.00850491
-0.00806698
-0.00762902
-0.00719103
-0.00675301
-0.00631497
-0.00587694
-0.00543894
-0.00500103
-0.00456327
-0.00412578
-0.00368869
-0.00325218
-0.00281642
-0.00238156
-0.00194762
-0.00151457
-0.00108221
-0.000650572
-0.000217278
-0.0497355
-0.0485666
-0.0474943
-0.0465053
-0.0455829
-0.0447171
-0.043901
-0.0431282
-0.0423933
-0.0416918
-0.0410197
-0.0403737
-0.0397507
-0.039148
-0.0385635
-0.037995
-0.0374407
-0.0368991
-0.0363688
-0.0358486
-0.0353373
-0.0348339
-0.0343377
-0.0338478
-0.0333636
-0.0328845
-0.0324098
-0.0319393
-0.0314723
-0.0310086
-0.0305478
-0.0300895
-0.0296336
-0.0291798
-0.0287278
-0.0282775
-0.0278287
-0.0273812
-0.026935
-0.0264898
-0.0260455
-0.0256021
-0.0251594
-0.0247175
-0.0242761
-0.0238353
-0.0233949
-0.0229549
-0.0225154
-0.0220761
-0.0216372
-0.0211984
-0.0207599
-0.0203216
-0.0198835
-0.0194455
-0.0190076
-0.0185698
-0.0181321
-0.0176944
-0.0172568
-0.0168193
-0.0163818
-0.0159443
-0.0155068
-0.0150693
-0.0146318
-0.0141943
-0.0137568
-0.0133193
-0.0128817
-0.0124442
-0.0120066
-0.0115689
-0.0111313
-0.0106936
-0.0102558
-0.00981802
-0.00938018
-0.0089423
-0.00850438
-0.00806641
-0.00762839
-0.00719033
-0.00675223
-0.00631412
-0.005876
-0.00543792
-0.00499993
-0.00456212
-0.00412459
-0.00368753
-0.0032511
-0.00281548
-0.00238079
-0.00194703
-0.00151414
-0.00108192
-0.000650373
-0.000217195
-0.0498424
-0.0486749
-0.0475899
-0.0465871
-0.0456536
-0.0447787
-0.0439548
-0.0431752
-0.0424344
-0.0417278
-0.0410513
-0.0404013
-0.0397749
-0.0391692
-0.0385821
-0.0380112
-0.037455
-0.0369116
-0.0363797
-0.0358581
-0.0353456
-0.0348412
-0.034344
-0.0338533
-0.0333683
-0.0328886
-0.0324134
-0.0319423
-0.0314749
-0.0310108
-0.0305497
-0.0300911
-0.029635
-0.0291809
-0.0287288
-0.0282783
-0.0278294
-0.0273818
-0.0269354
-0.0264901
-0.0260457
-0.0256022
-0.0251595
-0.0247175
-0.0242761
-0.0238352
-0.0233948
-0.0229549
-0.0225153
-0.022076
-0.021637
-0.0211983
-0.0207598
-0.0203214
-0.0198833
-0.0194453
-0.0190074
-0.0185696
-0.0181319
-0.0176942
-0.0172566
-0.0168191
-0.0163815
-0.015944
-0.0155065
-0.015069
-0.0146315
-0.014194
-0.0137565
-0.013319
-0.0128814
-0.0124439
-0.0120062
-0.0115686
-0.0111309
-0.0106932
-0.0102554
-0.00981761
-0.00937976
-0.00894185
-0.0085039
-0.00806589
-0.00762783
-0.00718973
-0.00675159
-0.00631342
-0.00587525
-0.00543711
-0.00499907
-0.00456122
-0.0041237
-0.00368667
-0.00325032
-0.00281482
-0.00238026
-0.00194664
-0.00151386
-0.00108173
-0.00065023
-0.00021713
-0.0498718
-0.0487072
-0.0476175
-0.0466095
-0.045672
-0.0447941
-0.0439675
-0.0431857
-0.0424431
-0.0417349
-0.0410571
-0.040406
-0.0397786
-0.0391721
-0.0385842
-0.0380128
-0.037456
-0.0369122
-0.03638
-0.035858
-0.0353453
-0.0348406
-0.0343433
-0.0338524
-0.0333674
-0.0328875
-0.0324122
-0.0319411
-0.0314737
-0.0310096
-0.0305484
-0.0300899
-0.0296337
-0.0291797
-0.0287276
-0.0282771
-0.0278282
-0.0273806
-0.0269343
-0.026489
-0.0260447
-0.0256013
-0.0251586
-0.0247166
-0.0242752
-0.0238344
-0.023394
-0.0229541
-0.0225145
-0.0220753
-0.0216363
-0.0211976
-0.0207591
-0.0203208
-0.0198827
-0.0194447
-0.0190068
-0.0185691
-0.0181314
-0.0176937
-0.0172561
-0.0168186
-0.0163811
-0.0159436
-0.0155061
-0.0150686
-0.0146311
-0.0141937
-0.0137561
-0.0133186
-0.0128811
-0.0124435
-0.0120059
-0.0115682
-0.0111305
-0.0106928
-0.010255
-0.00981722
-0.00937935
-0.00894143
-0.00850346
-0.00806544
-0.00762736
-0.00718923
-0.00675106
-0.00631286
-0.00587466
-0.0054365
-0.00499843
-0.00456058
-0.00412307
-0.00368608
-0.00324981
-0.0028144
-0.00237993
-0.0019464
-0.00151369
-0.00108162
-0.000650144
-0.000217087
-0.0498353
-0.0486734
-0.0475862
-0.0465806
-0.0456452
-0.0447693
-0.0439446
-0.0431646
-0.0424237
-0.041717
-0.0410405
-0.0403907
-0.0397644
-0.039159
-0.0385721
-0.0380015
-0.0374456
-0.0369025
-0.036371
-0.0358496
-0.0353374
-0.0348333
-0.0343365
-0.0338461
-0.0333614
-0.0328819
-0.032407
-0.0319362
-0.0314691
-0.0310053
-0.0305444
-0.0300861
-0.0296302
-0.0291764
-0.0287245
-0.0282742
-0.0278255
-0.0273781
-0.0269319
-0.0264868
-0.0260426
-0.0255993
-0.0251567
-0.0247148
-0.0242736
-0.0238328
-0.0233926
-0.0229527
-0.0225132
-0.0220741
-0.0216352
-0.0211965
-0.0207581
-0.0203199
-0.0198818
-0.0194439
-0.019006
-0.0185683
-0.0181306
-0.017693
-0.0172555
-0.016818
-0.0163805
-0.015943
-0.0155055
-0.0150681
-0.0146306
-0.0141932
-0.0137557
-0.0133181
-0.0128806
-0.012443
-0.0120054
-0.0115678
-0.0111301
-0.0106924
-0.0102546
-0.00981682
-0.00937895
-0.00894104
-0.00850307
-0.00806504
-0.00762696
-0.00718883
-0.00675065
-0.00631244
-0.00587423
-0.00543606
-0.00499799
-0.00456015
-0.00412267
-0.00368572
-0.00324951
-0.00281417
-0.00237976
-0.00194628
-0.00151362
-0.00108158
-0.000650124
-0.000217079
-0.0497322
-0.0485728
-0.0474955
-0.0464998
-0.0455729
-0.0447042
-0.0438859
-0.0431116
-0.0423758
-0.0416737
-0.0410013
-0.0403551
-0.0397322
-0.0391297
-0.0385454
-0.0379773
-0.0374234
-0.0368823
-0.0363525
-0.0358327
-0.0353219
-0.0348191
-0.0343234
-0.0338341
-0.0333504
-0.0328717
-0.0323976
-0.0319276
-0.0314611
-0.0309979
-0.0305376
-0.0300798
-0.0296243
-0.029171
-0.0287194
-0.0282695
-0.0278211
-0.027374
-0.0269281
-0.0264833
-0.0260393
-0.0255962
-0.0251539
-0.0247122
-0.0242711
-0.0238305
-0.0233904
-0.0229507
-0.0225114
-0.0220723
-0.0216335
-0.021195
-0.0207567
-0.0203185
-0.0198805
-0.0194427
-0.0190049
-0.0185672
-0.0181296
-0.0176921
-0.0172546
-0.0168171
-0.0163797
-0.0159423
-0.0155048
-0.0150674
-0.01463
-0.0141925
-0.0137551
-0.0133176
-0.0128801
-0.0124425
-0.0120049
-0.0115673
-0.0111297
-0.010692
-0.0102542
-0.00981642
-0.00937857
-0.00894067
-0.00850271
-0.0080647
-0.00762663
-0.0071885
-0.00675034
-0.00631214
-0.00587394
-0.00543578
-0.00499773
-0.00455991
-0.00412247
-0.00368557
-0.0032494
-0.0028141
-0.00237974
-0.00194628
-0.00151364
-0.0010816
-0.000650162
-0.000217102
-0.0495511
-0.0483959
-0.0473366
-0.0463596
-0.0454482
-0.0445928
-0.0437861
-0.0430221
-0.0422954
-0.0416014
-0.0409363
-0.0402965
-0.0396793
-0.039082
-0.0385022
-0.0379382
-0.037388
-0.0368501
-0.0363232
-0.0358061
-0.0352977
-0.034797
-0.0343032
-0.0338156
-0.0333335
-0.0328563
-0.0323835
-0.0319146
-0.0314492
-0.030987
-0.0305275
-0.0300705
-0.0296158
-0.0291631
-0.0287122
-0.0282628
-0.0278149
-0.0273683
-0.0269228
-0.0264784
-0.0260348
-0.025592
-0.02515
-0.0247086
-0.0242678
-0.0238274
-0.0233875
-0.022948
-0.0225088
-0.02207
-0.0216314
-0.021193
-0.0207548
-0.0203167
-0.0198789
-0.0194411
-0.0190034
-0.0185659
-0.0181283
-0.0176909
-0.0172535
-0.0168161
-0.0163787
-0.0159413
-0.015504
-0.0150666
-0.0146292
-0.0141918
-0.0137544
-0.0133169
-0.0128794
-0.0124419
-0.0120044
-0.0115668
-0.0111292
-0.0106915
-0.0102538
-0.00981601
-0.00937819
-0.00894032
-0.00850239
-0.0080644
-0.00762636
-0.00718827
-0.00675013
-0.00631196
-0.00587379
-0.00543566
-0.00499765
-0.00455987
-0.00412246
-0.0036856
-0.00324947
-0.0028142
-0.00237984
-0.00194638
-0.00151372
-0.00108166
-0.000650232
-0.00021714
-0.0492824
-0.0481357
-0.047103
-0.046154
-0.0452661
-0.0444305
-0.0436412
-0.0428925
-0.0421793
-0.0414973
-0.0408428
-0.0402125
-0.0396037
-0.0390138
-0.0384408
-0.0378827
-0.0373378
-0.0368047
-0.0362821
-0.0357688
-0.0352638
-0.0347662
-0.0342752
-0.0337901
-0.0333103
-0.0328351
-0.0323641
-0.0318969
-0.031433
-0.0309721
-0.0305139
-0.0300581
-0.0296044
-0.0291526
-0.0287025
-0.0282539
-0.0278068
-0.0273608
-0.0269159
-0.0264719
-0.0260289
-0.0255866
-0.0251449
-0.0247039
-0.0242634
-0.0238234
-0.0233838
-0.0229446
-0.0225056
-0.022067
-0.0216286
-0.0211904
-0.0207524
-0.0203145
-0.0198768
-0.0194392
-0.0190016
-0.0185642
-0.0181268
-0.0176894
-0.0172521
-0.0168148
-0.0163775
-0.0159402
-0.0155029
-0.0150656
-0.0146283
-0.0141909
-0.0137536
-0.0133162
-0.0128787
-0.0124413
-0.0120038
-0.0115662
-0.0111286
-0.010691
-0.0102533
-0.00981561
-0.00937783
-0.00894
-0.00850211
-0.00806417
-0.00762618
-0.00718813
-0.00675004
-0.00631192
-0.0058738
-0.00543573
-0.00499777
-0.00456004
-0.00412268
-0.00368585
-0.00324974
-0.00281447
-0.00238009
-0.00194659
-0.00151387
-0.00108177
-0.000650326
-0.000217187
-0.0489178
-0.0477865
-0.0467893
-0.0458778
-0.0450217
-0.0442131
-0.0434473
-0.0427193
-0.0420244
-0.0413585
-0.0407183
-0.0401008
-0.0395033
-0.0389235
-0.0383594
-0.0378093
-0.0372715
-0.0367448
-0.0362279
-0.0357198
-0.0352194
-0.0347259
-0.0342386
-0.0337568
-0.03328
-0.0328075
-0.032339
-0.031874
-0.0314121
-0.030953
-0.0304964
-0.0300421
-0.0295897
-0.0291392
-0.0286902
-0.0282426
-0.0277964
-0.0273512
-0.0269071
-0.0264639
-0.0260214
-0.0255797
-0.0251386
-0.0246981
-0.024258
-0.0238184
-0.0233792
-0.0229403
-0.0225017
-0.0220633
-0.0216252
-0.0211872
-0.0207495
-0.0203118
-0.0198743
-0.0194368
-0.0189995
-0.0185621
-0.0181249
-0.0176877
-0.0172504
-0.0168133
-0.0163761
-0.0159389
-0.0155017
-0.0150644
-0.0146272
-0.0141899
-0.0137526
-0.0133153
-0.012878
-0.0124405
-0.0120031
-0.0115656
-0.0111281
-0.0106905
-0.0102529
-0.00981522
-0.00937749
-0.00893972
-0.00850189
-0.00806401
-0.00762608
-0.00718811
-0.00675009
-0.00631205
-0.005874
-0.00543601
-0.00499812
-0.00456046
-0.00412315
-0.00368637
-0.00325027
-0.00281496
-0.00238052
-0.00194694
-0.00151414
-0.00108195
-0.000650456
-0.000217245
-0.0484499
-0.0473438
-0.0463916
-0.0455271
-0.0447113
-0.0439369
-0.0432011
-0.0424995
-0.0418279
-0.0411826
-0.0405607
-0.0399593
-0.0393762
-0.0388092
-0.0382565
-0.0377166
-0.0371879
-0.0366694
-0.0361597
-0.0356581
-0.0351635
-0.0346753
-0.0341927
-0.0337152
-0.0332421
-0.0327731
-0.0323077
-0.0318455
-0.0313861
-0.0309293
-0.0304748
-0.0300223
-0.0295716
-0.0291226
-0.028675
-0.0282287
-0.0277836
-0.0273395
-0.0268963
-0.026454
-0.0260123
-0.0255713
-0.0251309
-0.024691
-0.0242515
-0.0238124
-0.0233736
-0.0229351
-0.0224969
-0.0220589
-0.0216211
-0.0211835
-0.020746
-0.0203086
-0.0198713
-0.0194341
-0.0189969
-0.0185598
-0.0181227
-0.0176856
-0.0172485
-0.0168115
-0.0163744
-0.0159373
-0.0155003
-0.0150631
-0.014626
-0.0141888
-0.0137516
-0.0133144
-0.0128771
-0.0124398
-0.0120024
-0.011565
-0.0111275
-0.01069
-0.0102524
-0.00981485
-0.00937719
-0.00893949
-0.00850174
-0.00806394
-0.0076261
-0.00718821
-0.00675029
-0.00631234
-0.00587441
-0.00543652
-0.00499874
-0.00456117
-0.00412394
-0.0036872
-0.00325109
-0.00281573
-0.00238119
-0.00194748
-0.00151454
-0.00108223
-0.000650643
-0.000217323
-0.0478735
-0.0468055
-0.0459078
-0.0450993
-0.0443322
-0.0435996
-0.0429003
-0.0422309
-0.0415878
-0.0409677
-0.0403681
-0.0397865
-0.039221
-0.0386697
-0.038131
-0.0376035
-0.037086
-0.0365773
-0.0360766
-0.0355829
-0.0350955
-0.0346137
-0.0341369
-0.0336646
-0.0331962
-0.0327314
-0.0322697
-0.0318109
-0.0313546
-0.0309006
-0.0304486
-0.0299984
-0.0295498
-0.0291027
-0.0286568
-0.0282121
-0.0277684
-0.0273255
-0.0268835
-0.0264422
-0.0260015
-0.0255614
-0.0251218
-0.0246826
-0.0242438
-0.0238053
-0.0233671
-0.0229291
-0.0224914
-0.0220538
-0.0216164
-0.0211791
-0.0207419
-0.0203048
-0.0198678
-0.0194308
-0.0189939
-0.018557
-0.0181201
-0.0176833
-0.0172464
-0.0168095
-0.0163726
-0.0159356
-0.0154987
-0.0150617
-0.0146246
-0.0141876
-0.0137505
-0.0133133
-0.0128761
-0.0124389
-0.0120016
-0.0115643
-0.0111269
-0.0106895
-0.010252
-0.0098145
-0.00937693
-0.00893932
-0.00850166
-0.00806396
-0.00762622
-0.00718844
-0.00675064
-0.00631282
-0.00587502
-0.00543727
-0.00499962
-0.00456218
-0.00412504
-0.00368835
-0.00325223
-0.00281679
-0.00238212
-0.00194824
-0.00151513
-0.00108263
-0.000650905
-0.000217427
-0.047186
-0.0461713
-0.0453381
-0.0445941
-0.0438836
-0.0432
-0.0425438
-0.0419124
-0.0413029
-0.0407127
-0.0401395
-0.0395814
-0.0390367
-0.038504
-0.0379819
-0.0374692
-0.0369649
-0.0364681
-0.035978
-0.0354938
-0.0350149
-0.0345407
-0.0340708
-0.0336046
-0.0331418
-0.032682
-0.0322249
-0.0317701
-0.0313175
-0.0308668
-0.0304178
-0.0299703
-0.0295242
-0.0290793
-0.0286354
-0.0281925
-0.0277504
-0.0273091
-0.0268685
-0.0264284
-0.0259889
-0.0255498
-0.0251111
-0.0246728
-0.0242348
-0.023797
-0.0233595
-0.0229221
-0.0224849
-0.0220479
-0.0216109
-0.0211741
-0.0207373
-0.0203005
-0.0198639
-0.0194272
-0.0189905
-0.0185539
-0.0181173
-0.0176806
-0.0172439
-0.0168072
-0.0163705
-0.0159337
-0.0154969
-0.0150601
-0.0146232
-0.0141862
-0.0137492
-0.0133122
-0.0128751
-0.012438
-0.0120008
-0.0115636
-0.0111263
-0.010689
-0.0102516
-0.00981417
-0.0093767
-0.00893919
-0.00850164
-0.00806406
-0.00762644
-0.00718879
-0.00675113
-0.00631347
-0.00587582
-0.00543823
-0.00500075
-0.00456344
-0.00412642
-0.00368978
-0.00325365
-0.00281813
-0.00238331
-0.00194923
-0.0015159
-0.00108318
-0.00065125
-0.000217557
-0.046388
-0.0454436
-0.0446851
-0.0440133
-0.0433669
-0.0427392
-0.0421323
-0.0415445
-0.0409737
-0.0404177
-0.0398749
-0.0393439
-0.0388234
-0.0383121
-0.0378092
-0.0373136
-0.0368246
-0.0363415
-0.0358637
-0.0353905
-0.0349215
-0.0344562
-0.0339942
-0.0335352
-0.0330788
-0.0326248
-0.0321729
-0.0317229
-0.0312746
-0.0308277
-0.0303822
-0.0299379
-0.0294946
-0.0290523
-0.0286108
-0.02817
-0.0277298
-0.0272903
-0.0268513
-0.0264126
-0.0259744
-0.0255366
-0.025099
-0.0246616
-0.0242245
-0.0237876
-0.0233508
-0.0229141
-0.0224776
-0.0220411
-0.0216047
-0.0211683
-0.020732
-0.0202957
-0.0198594
-0.0194231
-0.0189868
-0.0185504
-0.018114
-0.0176776
-0.0172412
-0.0168047
-0.0163682
-0.0159316
-0.015495
-0.0150583
-0.0146215
-0.0141847
-0.0137479
-0.013311
-0.012874
-0.012437
-0.0119999
-0.0115628
-0.0111256
-0.0106884
-0.0102512
-0.00981385
-0.00937649
-0.0089391
-0.00850167
-0.00806421
-0.00762673
-0.00718923
-0.00675172
-0.00631423
-0.00587676
-0.00543935
-0.00500204
-0.00456489
-0.00412798
-0.00369141
-0.00325528
-0.00281969
-0.00238472
-0.00195043
-0.00151684
-0.00108386
-0.000651672
-0.000217712
-0.045483
-0.0446277
-0.0439546
-0.043362
-0.0427863
-0.0422209
-0.0416689
-0.0411299
-0.0406023
-0.0400847
-0.0395761
-0.0390754
-0.038582
-0.0380949
-0.0376136
-0.0371373
-0.0366656
-0.036198
-0.0357341
-0.0352733
-0.0348155
-0.0343603
-0.0339073
-0.0334565
-0.0330074
-0.03256
-0.0321141
-0.0316694
-0.0312259
-0.0307835
-0.0303419
-0.0299012
-0.0294611
-0.0290217
-0.0285829
-0.0281445
-0.0277066
-0.027269
-0.0268318
-0.0263948
-0.0259581
-0.0255216
-0.0250853
-0.0246491
-0.024213
-0.023777
-0.0233411
-0.0229052
-0.0224694
-0.0220336
-0.0215978
-0.021162
-0.0207261
-0.0202903
-0.0198544
-0.0194185
-0.0189826
-0.0185465
-0.0181105
-0.0176744
-0.0172382
-0.0168019
-0.0163656
-0.0159293
-0.0154928
-0.0150563
-0.0146197
-0.0141831
-0.0137464
-0.0133096
-0.0128728
-0.0124359
-0.011999
-0.011562
-0.0111249
-0.0106878
-0.0102507
-0.00981351
-0.00937627
-0.00893901
-0.00850171
-0.00806439
-0.00762705
-0.0071897
-0.00675235
-0.00631503
-0.00587774
-0.00544051
-0.00500338
-0.0045664
-0.00412962
-0.00369313
-0.00325701
-0.00282136
-0.00238625
-0.00195175
-0.0015179
-0.00108463
-0.000652171
-0.000217894
-0.0444774
-0.043732
-0.0431559
-0.0426492
-0.0421497
-0.041652
-0.0411598
-0.0406738
-0.0401933
-0.0397176
-0.0392463
-0.0387789
-0.0383152
-0.0378547
-0.0373971
-0.0369421
-0.0364895
-0.036039
-0.0355903
-0.0351434
-0.0346979
-0.0342538
-0.0338109
-0.0333691
-0.0329281
-0.0324881
-0.0320487
-0.03161
-0.0311719
-0.0307343
-0.0302972
-0.0298604
-0.029424
-0.0289878
-0.0285519
-0.0281163
-0.0276808
-0.0272454
-0.0268102
-0.0263751
-0.0259401
-0.0255051
-0.0250701
-0.0246352
-0.0242003
-0.0237653
-0.0233304
-0.0228954
-0.0224603
-0.0220253
-0.0215901
-0.021155
-0.0207197
-0.0202844
-0.019849
-0.0194135
-0.0189779
-0.0185423
-0.0181066
-0.0176708
-0.0172349
-0.0167989
-0.0163629
-0.0159267
-0.0154905
-0.0150542
-0.0146178
-0.0141813
-0.0137448
-0.0133082
-0.0128715
-0.0124348
-0.011998
-0.0115611
-0.0111242
-0.0106872
-0.0102502
-0.00981312
-0.00937601
-0.00893887
-0.00850171
-0.00806452
-0.00762733
-0.00719013
-0.00675294
-0.00631579
-0.00587867
-0.00544162
-0.00500466
-0.00456784
-0.0041312
-0.0036948
-0.00325872
-0.00282303
-0.00238782
-0.00195314
-0.00151902
-0.00108547
-0.00065273
-0.0002181
-0.0433821
-0.0427708
-0.0423047
-0.0418897
-0.0414708
-0.0410444
-0.0406153
-0.0401853
-0.0397546
-0.0393232
-0.0388915
-0.0384596
-0.0380275
-0.0375953
-0.0371632
-0.036731
-0.0362989
-0.0358667
-0.0354346
-0.0350026
-0.0345705
-0.0341384
-0.0337063
-0.0332742
-0.0328421
-0.0324099
-0.0319777
-0.0315455
-0.0311132
-0.0306809
-0.0302485
-0.0298161
-0.0293836
-0.028951
-0.0285183
-0.0280856
-0.0276527
-0.0272198
-0.0267868
-0.0263537
-0.0259204
-0.0254871
-0.0250537
-0.0246201
-0.0241864
-0.0237526
-0.0233187
-0.0228847
-0.0224506
-0.0220163
-0.0215819
-0.0211474
-0.0207127
-0.020278
-0.0198431
-0.0194081
-0.018973
-0.0185378
-0.0181024
-0.0176669
-0.0172314
-0.0167957
-0.0163599
-0.015924
-0.015488
-0.0150519
-0.0146157
-0.0141795
-0.0137431
-0.0133067
-0.0128701
-0.0124335
-0.0119969
-0.0115601
-0.0111233
-0.0106865
-0.0102496
-0.00981265
-0.00937566
-0.00893865
-0.00850161
-0.00806456
-0.0076275
-0.00719045
-0.00675341
-0.00631641
-0.00587945
-0.00544256
-0.00500577
-0.0045691
-0.00413259
-0.0036963
-0.00326027
-0.00282459
-0.00238932
-0.00195452
-0.00152023
-0.00108639
-0.00065324
-0.00021825
-0.0422181
-0.0417705
-0.0414284
-0.0411088
-0.0407718
-0.0404177
-0.0400526
-0.0396794
-0.0392992
-0.038913
-0.0385218
-0.0381262
-0.0377267
-0.0373239
-0.0369181
-0.0365096
-0.0360988
-0.0356858
-0.035271
-0.0348544
-0.0344363
-0.0340168
-0.033596
-0.0331742
-0.0327513
-0.0323274
-0.0319028
-0.0314773
-0.0310512
-0.0306244
-0.0301971
-0.0297692
-0.0293408
-0.028912
-0.0284827
-0.0280531
-0.027623
-0.0271927
-0.026762
-0.026331
-0.0258997
-0.0254681
-0.0250362
-0.0246041
-0.0241718
-0.0237392
-0.0233064
-0.0228734
-0.0224402
-0.0220068
-0.0215732
-0.0211394
-0.0207054
-0.0202712
-0.0198369
-0.0194024
-0.0189678
-0.018533
-0.018098
-0.0176629
-0.0172276
-0.0167923
-0.0163568
-0.0159211
-0.0154854
-0.0150495
-0.0146135
-0.0141775
-0.0137413
-0.013305
-0.0128686
-0.0124322
-0.0119957
-0.0115591
-0.0111224
-0.0106857
-0.0102489
-0.00981207
-0.0093752
-0.00893831
-0.00850139
-0.00806445
-0.00762752
-0.00719059
-0.00675368
-0.00631681
-0.00587999
-0.00544324
-0.00500659
-0.00457005
-0.00413367
-0.00369748
-0.00326153
-0.00282587
-0.00239058
-0.0019557
-0.00152126
-0.00108719
-0.000653717
-0.000218405
-0.0409985
-0.0407664
-0.040552
-0.040322
-0.0400639
-0.0397808
-0.0394788
-0.0391617
-0.0388318
-0.0384911
-0.0381408
-0.037782
-0.0374158
-0.037043
-0.0366642
-0.0362801
-0.0358912
-0.035498
-0.0351009
-0.0347004
-0.0342967
-0.0338902
-0.0334812
-0.0330699
-0.0326566
-0.0322414
-0.0318245
-0.0314061
-0.0309863
-0.0305654
-0.0301432
-0.0297201
-0.029296
-0.0288711
-0.0284454
-0.028019
-0.0275919
-0.0271642
-0.0267359
-0.0263071
-0.0258778
-0.0254481
-0.0250179
-0.0245874
-0.0241564
-0.0237252
-0.0232935
-0.0228616
-0.0224294
-0.0219968
-0.021564
-0.021131
-0.0206977
-0.0202642
-0.0198304
-0.0193965
-0.0189623
-0.0185279
-0.0180934
-0.0176587
-0.0172238
-0.0167887
-0.0163535
-0.0159181
-0.0154826
-0.015047
-0.0146112
-0.0141754
-0.0137394
-0.0133033
-0.012867
-0.0124307
-0.0119944
-0.0115579
-0.0111213
-0.0106847
-0.0102481
-0.00981136
-0.0093746
-0.0089378
-0.00850098
-0.00806415
-0.00762731
-0.00719049
-0.00675368
-0.00631691
-0.0058802
-0.00544355
-0.00500701
-0.00457058
-0.00413429
-0.0036982
-0.00326232
-0.00282672
-0.00239145
-0.00195654
-0.00152201
-0.00108777
-0.000654089
-0.000218533
-0.0398062
-0.039854
-0.0396858
-0.0394924
-0.03929
-0.0390681
-0.0388255
-0.0385646
-0.0382877
-0.0379962
-0.0376914
-0.0373745
-0.0370464
-0.0367083
-0.036361
-0.0360053
-0.0356422
-0.0352722
-0.0348962
-0.0345146
-0.034128
-0.033737
-0.0333419
-0.0329432
-0.0325413
-0.0321364
-0.0317289
-0.031319
-0.0309069
-0.0304929
-0.0300771
-0.0296597
-0.0292409
-0.0288207
-0.0283993
-0.0279769
-0.0275534
-0.027129
-0.0267037
-0.0262776
-0.0258508
-0.0254234
-0.0249953
-0.0245667
-0.0241375
-0.0237078
-0.0232776
-0.022847
-0.022416
-0.0219846
-0.0215528
-0.0211207
-0.0206882
-0.0202555
-0.0198225
-0.0193892
-0.0189556
-0.0185218
-0.0180878
-0.0176535
-0.0172191
-0.0167844
-0.0163495
-0.0159145
-0.0154793
-0.015044
-0.0146085
-0.0141728
-0.013737
-0.0133011
-0.0128651
-0.012429
-0.0119927
-0.0115564
-0.01112
-0.0106835
-0.010247
-0.00981036
-0.0093737
-0.008937
-0.00850027
-0.00806353
-0.00762677
-0.00719002
-0.00675329
-0.0063166
-0.00587996
-0.00544338
-0.00500691
-0.00457055
-0.00413433
-0.0036983
-0.00326249
-0.00282695
-0.00239171
-0.00195682
-0.00152228
-0.001088
-0.000654282
-0.000218618
)
;

boundaryField
{
    inlet
    {
        type            zeroGradient;
    }
    outlet
    {
        type            totalPressure;
        rho             none;
        psi             none;
        gamma           1;
        p0              uniform 0;
        value           uniform 0;
    }
    top
    {
        type            zeroGradient;
    }
    bottom
    {
        type            zeroGradient;
    }
    obstacle
    {
        type            zeroGradient;
    }
    frontAndBack
    {
        type            empty;
    }
}


// ************************************************************************* //
