/*--------------------------------*- C++ -*----------------------------------*\
  =========                 |
  \\      /  F ield         | OpenFOAM: The Open Source CFD Toolbox
   \\    /   O peration     | Website:  https://openfoam.org
    \\  /    A nd           | Version:  12
     \\/     M anipulation  |
\*---------------------------------------------------------------------------*/
FoamFile
{
    format      ascii;
    class       volScalarField;
    location    "20";
    object      pMean;
}
// * * * * * * * * * * * * * * * * * * * * * * * * * * * * * * * * * * * * * //

dimensions      [0 2 -2 0 0 0 0];

internalField   nonuniform List<scalar> 
6750
(
-0.0186721
-0.018745
-0.018923
-0.0192107
-0.0196838
-0.0158375
-0.0158038
-0.0158424
-0.0160136
-0.016203
-0.0129328
-0.0129038
-0.012935
-0.0130442
-0.0130963
-0.0100618
-0.0100562
-0.0100747
-0.0101285
-0.0101165
-0.00728524
-0.00731025
-0.00732474
-0.00733889
-0.007281
-0.00468156
-0.00474071
-0.00475777
-0.0047409
-0.0046451
-0.00230405
-0.00239851
-0.00241996
-0.00237483
-0.00224434
-0.000187038
-0.00031643
-0.000342059
-0.000269672
-0.000106207
0.00164751
0.00148478
0.00145589
0.00155452
0.00174885
0.00318815
0.00299478
0.00296379
0.00308685
0.00330895
0.0044332
0.0042129
0.00418094
0.00432566
0.00457142
0.00538988
0.00514701
0.00511525
0.00527803
0.00554262
0.00607322
0.00581215
0.00578205
0.00595868
0.00623688
0.0065044
0.00622924
0.00620318
0.00638855
0.00667488
0.00670574
0.00642556
0.00640529
0.00659273
0.0068817
0.00670793
0.00642777
0.00640757
0.00659504
0.00688402
0.00651099
0.0062359
0.00620995
0.00639543
0.00668181
0.00608418
0.00582323
0.0057933
0.0059701
0.00624839
0.00540515
0.00516242
0.00513089
0.00529391
0.00555862
0.00445268
0.00423255
0.00420086
0.00434587
0.00459175
0.00321171
0.00301855
0.00298786
0.00311123
0.00333344
0.00167501
0.0015125
0.00148395
0.0015829
0.00177737
-0.000155786
-0.000284934
-0.00031017
-0.000237359
-7.36235e-05
-0.00226932
-0.00236351
-0.00238451
-0.00233885
-0.00220804
-0.00464371
-0.00470259
-0.00471918
-0.00470177
-0.00460577
-0.00724467
-0.0072694
-0.0072834
-0.00729704
-0.00723911
-0.0100189
-0.0100131
-0.0100311
-0.0100845
-0.0100726
-0.0128881
-0.0128589
-0.0128897
-0.0129986
-0.0130512
-0.0157914
-0.0157575
-0.0157958
-0.0159669
-0.0161571
-0.0186248
-0.0186976
-0.0188753
-0.019163
-0.0196368
-0.0221587
-0.0223046
-0.0221495
-0.0221578
-0.0222661
-0.0224051
-0.0225512
-0.0226853
-0.0227869
-0.0228361
-0.022815
-0.0227097
-0.0225116
-0.0222187
-0.0218371
-0.0213799
-0.0208663
-0.0203188
-0.01976
-0.0192112
-0.0186901
-0.0182103
-0.017781
-0.0174072
-0.0170909
-0.0168316
-0.0166277
-0.0164558
-0.0162988
-0.0164362
-0.0201483
-0.0201796
-0.0201633
-0.0203231
-0.0205408
-0.020772
-0.0210114
-0.0212511
-0.021476
-0.0216686
-0.021811
-0.0218864
-0.021882
-0.0217911
-0.0216148
-0.021362
-0.0210479
-0.0206933
-0.0203184
-0.0199422
-0.0195804
-0.0192441
-0.0189401
-0.0186716
-0.0184395
-0.018245
-0.0180887
-0.01795
-0.0177658
-0.0176913
-0.0182437
-0.0183689
-0.0184246
-0.0186025
-0.0188177
-0.0190541
-0.0193161
-0.0196011
-0.0199013
-0.0202064
-0.0205039
-0.0207798
-0.0210198
-0.0212112
-0.0213442
-0.0214131
-0.0214171
-0.0213589
-0.0212464
-0.0210893
-0.0208982
-0.0206841
-0.0204568
-0.0202251
-0.0199961
-0.0197765
-0.019575
-0.0193853
-0.0191527
-0.0190025
-0.0166291
-0.0168149
-0.0168837
-0.017048
-0.0172576
-0.0175043
-0.0177947
-0.0181305
-0.0185093
-0.0189259
-0.0193713
-0.0198326
-0.0202937
-0.0207362
-0.0211412
-0.0214913
-0.0217724
-0.0219748
-0.0220948
-0.0221338
-0.0220982
-0.0219977
-0.0218444
-0.0216512
-0.0214303
-0.0211937
-0.0209535
-0.0207123
-0.020432
-0.0202367
-0.0151038
-0.0152921
-0.0153598
-0.0155261
-0.0157492
-0.0160259
-0.0163639
-0.0167685
-0.0172411
-0.0177793
-0.0183754
-0.019016
-0.0196824
-0.0203511
-0.0209962
-0.0215914
-0.0221132
-0.0225431
-0.0228693
-0.0230873
-0.0231996
-0.0232147
-0.0231452
-0.023006
-0.0228129
-0.0225811
-0.0223251
-0.022052
-0.0217338
-0.0215004
-0.0135785
-0.0137587
-0.0138312
-0.0140122
-0.0142634
-0.0145819
-0.0149804
-0.0154665
-0.0160439
-0.0167116
-0.017462
-0.0182806
-0.0191454
-0.0200284
-0.0208973
-0.021719
-0.0224625
-0.0231024
-0.0236207
-0.0240082
-0.0242643
-0.0243962
-0.0244162
-0.0243406
-0.0241872
-0.0239736
-0.0237175
-0.0234259
-0.0230847
-0.0228342
-0.0120422
-0.0122201
-0.0123102
-0.0125135
-0.012802
-0.0131724
-0.0136409
-0.0142178
-0.0149078
-0.0157105
-0.0166178
-0.0176134
-0.0186721
-0.0197613
-0.0208435
-0.0218794
-0.0228319
-0.0236697
-0.0243698
-0.0249193
-0.025315
-0.0255625
-0.0256742
-0.0256672
-0.0255605
-0.0253737
-0.0251282
-0.024829
-0.0244745
-0.0242358
-0.0104893
-0.0106832
-0.010796
-0.0110301
-0.0113627
-0.0117955
-0.0123432
-0.0130193
-0.0138289
-0.0147715
-0.0158381
-0.0170102
-0.0182595
-0.0195491
-0.0208365
-0.0220772
-0.0232286
-0.0242547
-0.0251283
-0.0258332
-0.0263642
-0.0267257
-0.02693
-0.0269947
-0.0269395
-0.0267877
-0.0265585
-0.026262
-0.0259048
-0.0256989
-0.00891252
-0.00913931
-0.00928314
-0.00955688
-0.00994261
-0.0104465
-0.0110824
-0.0118653
-0.012801
-0.0138885
-0.0151174
-0.0164667
-0.0179049
-0.0193911
-0.0208782
-0.0223169
-0.02366
-0.0248672
-0.0259079
-0.0267632
-0.027426
-0.0278999
-0.0281971
-0.0283354
-0.0283358
-0.0282236
-0.0280164
-0.0277268
-0.0273759
-0.0272203
-0.00730547
-0.00758379
-0.00777046
-0.00808834
-0.00853494
-0.00911777
-0.0098514
-0.010749
-0.0118177
-0.0130555
-0.0144504
-0.0159788
-0.017606
-0.0192872
-0.020971
-0.0226036
-0.0241337
-0.0255174
-0.0267209
-0.027723
-0.0285151
-0.0291002
-0.0294903
-0.0297036
-0.0297634
-0.0296939
-0.029515
-0.0292374
-0.0288972
-0.0288
-0.005663
-0.00600934
-0.00624618
-0.00661688
-0.00713362
-0.00780431
-0.00864355
-0.00966411
-0.010873
-0.0122671
-0.0138327
-0.0155435
-0.0173615
-0.0192381
-0.0211178
-0.0229427
-0.0246577
-0.0262153
-0.0275792
-0.0287262
-0.0296465
-0.0303422
-0.0308255
-0.0311153
-0.0312357
-0.031212
-0.0310652
-0.0308031
-0.0304765
-0.0304402
-0.00397942
-0.00440846
-0.00470396
-0.00513427
-0.00573061
-0.00649879
-0.00745248
-0.00860436
-0.0099612
-0.0115187
-0.0132609
-0.0151589
-0.0171711
-0.0192454
-0.0213222
-0.02334
-0.0252398
-0.0269711
-0.0284951
-0.0297867
-0.030835
-0.0316419
-0.0322192
-0.0325865
-0.0327692
-0.0327936
-0.0326801
-0.0324369
-0.0321263
-0.0321454
-0.00224768
-0.00277137
-0.00313441
-0.0036347
-0.00431929
-0.00519338
-0.00627072
-0.00756338
-0.00907709
-0.0108061
-0.0127322
-0.0148235
-0.0170352
-0.0193113
-0.0215887
-0.0238018
-0.0258885
-0.0277952
-0.0294808
-0.0309186
-0.0320965
-0.0330159
-0.0336889
-0.0341356
-0.0343822
-0.0344562
-0.0343786
-0.0341577
-0.0338622
-0.0339239
-0.00046105
-0.00108711
-0.0015261
-0.00210615
-0.00288853
-0.00387914
-0.00509052
-0.00653468
-0.00821541
-0.0101255
-0.0122441
-0.0145366
-0.0169547
-0.0194387
-0.0219218
-0.0243349
-0.0266126
-0.0286986
-0.0305493
-0.0321365
-0.0334471
-0.0344821
-0.0352538
-0.0357828
-0.0360957
-0.0362215
-0.0361826
-0.0359867
-0.0357034
-0.0357874
0.00138861
0.000657396
0.000134715
-0.000536188
-0.00142809
-0.00254718
-0.00390486
-0.00551171
-0.00737085
-0.00947284
-0.0117944
-0.0142976
-0.0169308
-0.0196307
-0.0223267
-0.0249465
-0.0274214
-0.0296924
-0.0317139
-0.0334558
-0.0349042
-0.0360595
-0.036934
-0.0375489
-0.0379319
-0.0381129
-0.0381159
-0.0379482
-0.0376729
-0.0377525
0.00331114
0.00247738
0.00186317
0.00108881
7.39817e-05
-0.00118712
-0.00270452
-0.00448697
-0.00653758
-0.00884418
-0.0113806
-0.0141059
-0.0169648
-0.0198905
-0.0228089
-0.0256441
-0.0283246
-0.0307888
-0.0329888
-0.034893
-0.0364862
-0.0377686
-0.0387521
-0.0394581
-0.0399163
-0.040157
-0.0402061
-0.0400705
-0.0397984
-0.0398409
0.00531876
0.00439108
0.00367771
0.00278533
0.00163202
0.000213573
-0.0014777
-0.00345171
-0.00570893
-0.00823473
-0.0110001
-0.0139608
-0.0170581
-0.0202217
-0.0233739
-0.0264357
-0.0293326
-0.0320005
-0.0343893
-0.0364658
-0.0382135
-0.039632
-0.0407332
-0.0415386
-0.0420778
-0.0423846
-0.0424868
-0.0423879
-0.0421131
-0.0420809
0.00742671
0.00642115
0.00560222
0.00457412
0.00326431
0.00167103
-0.000212417
-0.00239571
-0.00487677
-0.00763859
-0.0106491
-0.0138609
-0.0172116
-0.0206274
-0.0240274
-0.0273294
-0.0304563
-0.0333411
-0.0359319
-0.0381934
-0.0401083
-0.0416748
-0.042905
-0.0438204
-0.0444507
-0.0448321
-0.0449963
-0.044942
-0.0446585
-0.0445094
0.00965526
0.00859516
0.00766407
0.00648046
0.00499382
0.00320528
0.00110798
-0.00130547
-0.00403055
-0.00704793
-0.0103226
-0.0138035
-0.0174252
-0.0211104
-0.024775
-0.0283339
-0.0317072
-0.0348254
-0.0376344
-0.0400973
-0.0421951
-0.0439254
-0.0452995
-0.0463395
-0.0470746
-0.0475431
-0.0477802
-0.0477805
-0.047481
-0.0471727
0.0120333
0.0109494
0.00989939
0.00853696
0.00684717
0.00483852
0.00250432
-0.00016362
-0.00315635
-0.00645208
-0.0100128
-0.0137844
-0.0176979
-0.0216728
-0.0256221
-0.0294578
-0.0330974
-0.0364692
-0.0395167
-0.0422013
-0.0445022
-0.0464159
-0.0479531
-0.0491357
-0.0499923
-0.0505641
-0.0508904
-0.05096
-0.0506425
-0.0501315
0.0146018
0.0135327
0.0123587
0.0107888
0.00886191
0.00660305
0.00400261
0.00105283
-0.00223502
-0.00583598
-0.00970893
-0.0137964
-0.0180264
-0.0223153
-0.0265734
-0.0307101
-0.0346404
-0.0382903
-0.0416013
-0.0445327
-0.047062
-0.0491842
-0.050909
-0.0522576
-0.0532588
-0.053957
-0.0543992
-0.0545536
-0.0542153
-0.0534629
0.0174188
0.0164077
0.0150994
0.0132866
0.0110864
0.00854246
0.00564142
0.00237607
-0.00123991
-0.00517821
-0.00939453
-0.0138283
-0.0184044
-0.0230367
-0.0276328
-0.0320998
-0.0363505
-0.0403089
-0.0439142
-0.0471237
-0.0499129
-0.0522752
-0.0542189
-0.0557641
-0.0569395
-0.0577917
-0.0583756
-0.0586434
-0.05829
-0.0572644
0.0205711
0.0196666
0.0182113
0.0161071
0.0135892
0.0107184
0.00747358
0.00385115
-0.000133122
-0.00444783
-0.00904547
-0.0138625
-0.0188212
-0.0238328
-0.0288029
-0.0336364
-0.0382444
-0.0425487
-0.0464866
-0.0500133
-0.0531021
-0.0557445
-0.057947
-0.0597286
-0.0611182
-0.0621611
-0.0629241
-0.0633437
-0.0629886
-0.061666
0.0241888
0.0234407
0.0218111
0.0193584
0.0164654
0.0132127
0.00957262
0.00554234
0.00113995
-0.00359977
-0.00862613
-0.0138728
-0.0192595
-0.0246955
-0.0300845
-0.03533
-0.0403413
-0.0450387
-0.0493574
-0.0532504
-0.056689
-0.0596622
-0.0621745
-0.0642428
-0.0658953
-0.0671801
-0.0681718
-0.0687888
-0.0684619
-0.0668364
0.0284573
0.0278972
0.0260632
0.0231964
0.0198557
0.0161485
0.0120472
0.00754412
0.00265958
-0.00256773
-0.00808383
-0.0138197
-0.019693
-0.0256113
-0.031477
-0.0371925
-0.042666
-0.0478165
-0.0525775
-0.0568997
-0.0607521
-0.0641213
-0.0670092
-0.0694299
-0.0714107
-0.0730059
-0.0742902
-0.0751613
-0.0749048
-0.0729986
0.0337044
0.0333417
0.0312371
0.0278603
0.0239659
0.0197134
0.0150619
0.00999804
0.00454524
-0.00125361
-0.00734119
-0.013646
-0.0200837
-0.0265608
-0.0329789
-0.0392403
-0.0452527
-0.0509343
-0.0562172
-0.0610501
-0.0653997
-0.0692496
-0.0725988
-0.0754581
-0.077853
-0.0798433
-0.0815157
-0.082724
-0.0826115
-0.0804781
0.040401
0.0401877
0.0377119
0.0336904
0.0291185
0.0241956
0.0188683
0.0131194
0.00697623
0.000486908
-0.00628715
-0.0132715
-0.0203805
-0.02752
-0.0345923
-0.0415005
-0.0481534
-0.0544692
-0.0603798
-0.0658324
-0.0707909
-0.0752356
-0.0791614
-0.0825746
-0.0854977
-0.0879938
-0.0901578
-0.0918155
-0.0919512
-0.0897041
0.0496598
0.0493515
0.04624
0.0413483
0.0358848
0.0300788
0.0238697
0.0172387
0.010218
0.00286119
-0.00476631
-0.0125877
-0.0205165
-0.0284598
-0.0363224
-0.0440107
-0.0514368
-0.0585226
-0.0652009
-0.0714187
-0.0771384
-0.0823374
-0.0870065
-0.0911477
-0.0947797
-0.097966
-0.100804
-0.103103
-0.103741
-0.101677
0.0626385
0.0617507
0.0576739
0.0517139
0.045147
0.0382052
0.0308278
0.023012
0.0148065
0.00627831
-0.00249673
-0.0114353
-0.0204487
-0.0294455
-0.0383351
-0.0470294
-0.0554478
-0.063523
-0.0711889
-0.0783906
-0.0850869
-0.0912488
-0.096858
-0.101906
-0.106401
-0.110395
-0.113979
-0.116979
-0.118333
-0.116932
0.0868031
0.0837902
0.0772776
0.0692288
0.0606518
0.0516613
0.0422272
0.0323947
0.0222457
0.0118673
0.00134335
-0.00924315
-0.0198123
-0.0302894
-0.0406062
-0.0507016
-0.060518
-0.0699959
-0.0790918
-0.0877656
-0.0959787
-0.103696
-0.110888
-0.117529
-0.123602
-0.129125
-0.134165
-0.138668
-0.141845
-0.142166
-0.0202007
-0.0188466
-0.0171498
-0.0155941
-0.0141059
-0.0126238
-0.011139
-0.00964877
-0.00814598
-0.00662068
-0.00506083
-0.00345178
-0.00177613
-1.34469e-05
0.00186042
0.00387377
0.00605986
0.00845802
0.0111154
0.014089
0.0174494
0.0212844
0.0257068
0.0308614
0.0369432
0.0442333
0.0530768
0.0641615
0.0774346
0.0962625
-0.0159237
-0.0145566
-0.0131136
-0.0117665
-0.0104379
-0.00908713
-0.0077063
-0.00628984
-0.00482932
-0.00331514
-0.00173689
-8.29904e-05
0.00165977
0.00350659
0.00547541
0.00758736
0.00986794
0.0123484
0.0150677
0.0180755
0.0214358
0.0252328
0.0295798
0.03463
0.0406002
0.0478101
0.0567032
0.0681119
0.0824385
0.102996
-0.0126976
-0.0114155
-0.0101252
-0.00888288
-0.0076208
-0.00631646
-0.00496685
-0.00356678
-0.00210785
-0.000580362
0.00102637
0.00272435
0.0045272
0.00645049
0.00851222
0.0107335
0.0131399
0.0157622
0.0186393
0.0218206
0.0253703
0.0293737
0.0339462
0.0392479
0.0455074
0.0530625
0.0624018
0.0744099
0.0896964
0.111601
-0.00970904
-0.00851223
-0.00730815
-0.00612996
-0.00491967
-0.00365796
-0.00234003
-0.00095896
0.000494609
0.002031
0.00366147
0.0053986
0.00725665
0.00925199
0.0114037
0.0137342
0.0162709
0.019047
0.0221043
0.0254956
0.0292892
0.0335756
0.0384763
0.044159
0.0508609
0.0589276
0.0688601
0.0815313
0.0976268
0.120405
-0.00688117
-0.00576812
-0.00464242
-0.00352502
-0.00236281
-0.00113704
0.00015817
0.00153025
0.0029886
0.00454358
0.00620656
0.00799037
0.00990963
0.0119813
0.0142252
0.0166651
0.0193297
0.0222545
0.0254838
0.0290734
0.0330955
0.0376449
0.0428489
0.0488813
0.0559856
0.0645128
0.074969
0.0882137
0.105002
0.128549
-0.00425928
-0.0032277
-0.00217471
-0.00111084
1.25171e-05
0.00121239
0.00249462
0.00386661
0.00533759
0.00691784
0.0086188
0.0104534
0.0124366
0.0145857
0.0169212
0.0194677
0.0222552
0.0253205
0.0287095
0.0324802
0.0367073
0.0414886
0.0469547
0.0532836
0.0607228
0.069627
0.0805076
0.0942196
0.111592
0.135867
-0.0018715
-0.000917132
7.02199e-05
0.00108861
0.00218125
0.00336278
0.00463869
0.00601617
0.00750421
0.00911293
0.0108537
0.0127396
0.0147856
0.0170095
0.0194322
0.0220792
0.0249812
0.0281761
0.0317111
0.0356454
0.0400554
0.0450406
0.0507339
0.0573156
0.0650356
0.074251
0.0854784
0.0995728
0.117428
0.142337
0.000259377
0.00114197
0.0020711
0.00305155
0.00412027
0.00528926
0.00656356
0.00795004
0.00945735
0.0110954
0.0128753
0.0148103
0.0169155
0.0192088
0.0217118
0.0244503
0.0274559
0.0307671
0.034432
0.0385107
0.0430806
0.0482425
0.0541304
0.0609259
0.0688804
0.0783522
0.0898631
0.104269
0.122535
0.147917
0.00211409
0.00293132
0.00381006
0.00475967
0.00581021
0.00697111
0.00824693
0.00964418
0.0111711
0.0128373
0.0146539
0.0166339
0.0187925
0.0211481
0.0237223
0.0265416
0.0296379
0.0330504
0.0368275
0.0410302
0.0457364
0.0510475
0.0570982
0.0640707
0.072217
0.0818958
0.0936337
0.108288
0.126923
0.152579
0.00367979
0.0044393
0.0052758
0.00620102
0.0072381
0.00839413
0.00967323
0.0110815
0.0126269
0.0143187
0.0161678
0.0181872
0.0203922
0.0228013
0.0254366
0.0283246
0.0314977
0.0349953
0.0388664
0.0431723
0.0479912
0.0534248
0.0596082
0.0667236
0.0750228
0.0848639
0.0967786
0.111623
0.130563
0.156383
0.00495175
0.0056623
0.00646477
0.00737136
0.00839876
0.0095521
0.0108351
0.0122537
0.0138152
0.0155288
0.0174053
0.0194575
0.021701
0.0241543
0.0268396
0.0297837
0.0330191
0.0365857
0.0405325
0.0449211
0.0498299
0.0553609
0.0616489
0.0688761
0.0772936
0.0872579
0.0993061
0.114284
0.133466
0.159414
0.00593385
0.00660503
0.0073815
0.00827448
0.00929517
0.0104472
0.011734
0.0131612
0.0147359
0.016467
0.0183651
0.0204432
0.0227167
0.0252044
0.0279285
0.0309161
0.0341997
0.0378192
0.0418241
0.046276
0.0512534
0.0568583
0.0632254
0.0705366
0.079042
0.089096
0.101242
0.116304
0.135691
0.161704
0.0066381
0.00728001
0.00803801
0.00892169
0.00993797
0.0110894
0.0123794
0.0138131
0.0153976
0.0171415
0.0190554
0.0211523
0.0234477
0.0259602
0.0287123
0.031731
0.0350491
0.0387067
0.042753
0.04725
0.0522762
0.0579337
0.064357
0.0717274
0.0802942
0.0904097
0.102625
0.117732
0.137308
0.163293
0.00708339
0.00770622
0.00845265
0.00933066
0.0103444
0.0114956
0.0127878
0.0142258
0.0158166
0.0175688
0.0194929
0.0216017
0.023911
0.0264393
0.0292092
0.0322477
0.0355877
0.0392693
0.0433419
0.0478675
0.0529247
0.0586155
0.0650744
0.0724823
0.0810875
0.0912408
0.103501
0.118623
0.138338
0.164289
0.00729367
0.00790727
0.00864823
0.00952363
0.0105362
0.0116874
0.0129806
0.0144207
0.0160146
0.0177706
0.0196995
0.0218141
0.0241299
0.0266657
0.029444
0.0324919
0.0358423
0.0395353
0.0436204
0.0481597
0.0532317
0.0589384
0.0654145
0.0728405
0.081464
0.0916349
0.103918
0.11904
0.138816
0.164779
0.007296
0.00790961
0.00865054
0.00952591
0.0105384
0.0116896
0.0129828
0.0144229
0.0160166
0.0177726
0.0197014
0.0218159
0.0241316
0.0266673
0.0294455
0.0324933
0.0358436
0.0395365
0.0436216
0.0481607
0.0532328
0.0589396
0.0654159
0.072842
0.0814655
0.0916361
0.103919
0.119041
0.138817
0.164781
0.00709038
0.00771322
0.00845956
0.00933746
0.010351
0.0115022
0.0127942
0.0142321
0.0158227
0.0175747
0.0194985
0.0216072
0.0239161
0.0264442
0.0292137
0.032252
0.0355917
0.039273
0.0433455
0.0478709
0.0529282
0.0586192
0.0650785
0.0724868
0.0810919
0.0912444
0.103504
0.118626
0.138342
0.164294
0.0066497
0.00729162
0.00804948
0.00893296
0.00994905
0.0111003
0.01239
0.0138235
0.0154077
0.0171512
0.0190648
0.0211612
0.0234561
0.0259682
0.0287198
0.0317381
0.0350558
0.0387129
0.042759
0.0472558
0.0522822
0.0579399
0.0643637
0.0717346
0.0803013
0.0904159
0.10263
0.117738
0.137315
0.163302
0.00594995
0.00662114
0.0073974
0.00829009
0.00931049
0.0104622
0.0117487
0.0131755
0.0147498
0.0164803
0.0183779
0.0204554
0.0227283
0.0252154
0.0279389
0.0309259
0.034209
0.0378281
0.0418326
0.0462843
0.0512618
0.056867
0.0632346
0.0705462
0.0790516
0.0891051
0.10125
0.116314
0.135701
0.161716
0.00497218
0.00568272
0.00648494
0.00739116
0.00841816
0.00957108
0.0108537
0.0122717
0.0138327
0.0155457
0.0174214
0.0194729
0.0217156
0.0241681
0.0268527
0.0297962
0.0330311
0.0365972
0.0405436
0.0449321
0.0498409
0.055372
0.0616602
0.0688877
0.0773055
0.0872702
0.0993185
0.114298
0.13348
0.159428
0.0037044
0.0044639
0.00530007
0.00622481
0.00726138
0.00841689
0.00969544
0.0111032
0.0126479
0.0143388
0.016187
0.0182055
0.0204096
0.0228179
0.0254524
0.0283398
0.0315123
0.0350095
0.0388802
0.0431859
0.0480046
0.0534381
0.0596213
0.0667368
0.0750368
0.0848797
0.0967962
0.111642
0.130581
0.156398
0.00214279
0.00296
0.00383826
0.00478725
0.00583716
0.00699744
0.0082726
0.00966913
0.0111953
0.0128606
0.0146762
0.0166551
0.0188127
0.0211673
0.0237408
0.0265594
0.0296552
0.0330672
0.036844
0.0410464
0.0457522
0.0510628
0.057113
0.0640855
0.0722333
0.0819157
0.0936572
0.108313
0.126945
0.152595
0.000292196
0.00117462
0.00210306
0.00308272
0.00415068
0.00531894
0.00659247
0.00797814
0.00948458
0.0111216
0.0129005
0.0148344
0.0169384
0.0192307
0.0217328
0.0244707
0.0274757
0.0307866
0.0344511
0.0385294
0.0430987
0.0482598
0.0541468
0.0609424
0.0688993
0.0783766
0.0898928
0.104299
0.122559
0.147935
-0.00183505
-0.000880956
0.00010559
0.00112307
0.00221486
0.00339556
0.00467062
0.00604722
0.00753433
0.00914205
0.0108817
0.0127664
0.0148113
0.017034
0.0194558
0.022102
0.0250035
0.0281981
0.0317327
0.0356665
0.0400756
0.0450597
0.0507521
0.0573341
0.0650576
0.0742802
0.0855141
0.0996081
0.117454
0.142355
-0.0042199
-0.00318859
-0.00213641
-0.00107347
4.90175e-05
0.00124802
0.00252936
0.00390041
0.00537043
0.00694967
0.00864955
0.010483
0.012465
0.0146128
0.0169473
0.019493
0.0222799
0.0253448
0.0287334
0.0325035
0.0367296
0.0415096
0.0469749
0.0533047
0.0607483
0.069661
0.0805485
0.0942588
0.111618
0.135885
-0.00683938
-0.00572657
-0.00460165
-0.00348513
-0.00232376
-0.00109884
0.00019548
0.00156662
0.003024
0.00457798
0.00623992
0.0080226
0.00994065
0.0120111
0.0142538
0.0166927
0.0193567
0.0222811
0.0255099
0.0290988
0.0331198
0.0376681
0.0428715
0.0489055
0.056015
0.0645512
0.0750138
0.088255
0.105029
0.128565
-0.00966542
-0.0084688
-0.00726537
-0.00608795
-0.00487841
-0.00361748
-0.00230041
-0.000920243
0.000532387
0.00206781
0.00369729
0.00543336
0.00729024
0.00928434
0.0114348
0.0137643
0.0163002
0.0190758
0.0221325
0.025523
0.0293157
0.033601
0.0385017
0.0441867
0.050894
0.0589694
0.0689069
0.0815723
0.0976523
0.12042
-0.0126528
-0.0113707
-0.0100807
-0.00883903
-0.00757763
-0.00627403
-0.0049252
-0.00352596
-0.00206789
-0.000541285
0.00106453
0.00276155
0.00456331
0.0064854
0.00854592
0.0107662
0.0131716
0.0157932
0.0186697
0.0218501
0.0253989
0.0294015
0.0339745
0.0392794
0.0455438
0.053106
0.0624474
0.074447
0.0897193
0.111615
-0.0158783
-0.0145104
-0.0130676
-0.0117211
-0.0103932
-0.0090432
-0.00766309
-0.00624737
-0.0047876
-0.00327419
-0.00169676
-4.37449e-05
0.00169803
0.00354377
0.00551145
0.00762228
0.00990181
0.0123813
0.0150996
0.0181064
0.0214658
0.0252625
0.0296103
0.0346646
0.0406389
0.0478521
0.0567434
0.0681415
0.0824575
0.103011
-0.0201527
-0.0187974
-0.0171015
-0.0155473
-0.0140601
-0.012579
-0.0110951
-0.00960572
-0.00810384
-0.00657945
-0.00502052
-0.00341237
-0.00173768
2.40255e-05
0.00189679
0.00390888
0.00609354
0.00849023
0.0111462
0.0141188
0.0174785
0.0213136
0.0257371
0.0308973
0.0369814
0.04427
0.0531083
0.0641827
0.0774508
0.096281
0.0868264
0.0838181
0.0773045
0.0692545
0.0606777
0.0516881
0.0422536
0.0324193
0.0222675
0.0118852
0.00135684
-0.00923436
-0.0198082
-0.0302898
-0.0406105
-0.0507093
-0.0605291
-0.0700091
-0.0791074
-0.0877832
-0.0959975
-0.103716
-0.110908
-0.117549
-0.123622
-0.129146
-0.134187
-0.138693
-0.141875
-0.1422
0.062655
0.061768
0.0576951
0.0517396
0.0451749
0.0382335
0.0308543
0.0230356
0.0148264
0.00629411
-0.00248509
-0.0114278
-0.0204451
-0.0294457
-0.0383389
-0.0470368
-0.0554582
-0.0635369
-0.0712053
-0.0784093
-0.0851075
-0.0912708
-0.0968811
-0.10193
-0.106425
-0.11042
-0.114004
-0.117005
-0.11836
-0.116963
0.0496788
0.0493755
0.0462691
0.0413801
0.0359162
0.0301081
0.0238955
0.0172605
0.0102358
0.0028752
-0.00475589
-0.0125806
-0.0205126
-0.028459
-0.0363248
-0.0440163
-0.0514458
-0.0585352
-0.0652171
-0.0714385
-0.0771616
-0.0823637
-0.0870354
-0.0911784
-0.0948114
-0.097998
-0.100836
-0.103133
-0.103771
-0.101705
0.0404284
0.0402184
0.0377439
0.0337212
0.0291459
0.024219
0.0188876
0.0131349
0.00698853
0.000496535
-0.0062798
-0.0132663
-0.0203773
-0.0275191
-0.034594
-0.0415052
-0.0481616
-0.0544813
-0.0603963
-0.0658535
-0.0708168
-0.0752662
-0.0791962
-0.0826129
-0.0855384
-0.0880354
-0.0901987
-0.0918537
-0.0919858
-0.0897341
0.0337362
0.0333729
0.0312667
0.0278845
0.0239849
0.0197283
0.015073
0.0100062
0.00455118
-0.00124915
-0.00733776
-0.0136434
-0.0200821
-0.0265607
-0.0329808
-0.0392448
-0.0452606
-0.0509462
-0.0562337
-0.0610718
-0.0654268
-0.0692822
-0.0726367
-0.0755007
-0.0778994
-0.079892
-0.0815647
-0.0827715
-0.0826545
-0.0805149
0.0284914
0.0279265
0.0260864
0.0232127
0.0198673
0.0161558
0.0120512
0.00754576
0.00265985
-0.00256804
-0.00808425
-0.0138201
-0.0196937
-0.0256127
-0.0314798
-0.0371976
-0.0426742
-0.0478286
-0.0525941
-0.0569214
-0.0607793
-0.064154
-0.0670474
-0.0694731
-0.0714582
-0.0730564
-0.0743426
-0.0752138
-0.0749546
-0.0730438
0.024221
0.023466
0.0218294
0.0193721
0.0164729
0.0132157
0.00957259
0.00554023
0.00113672
-0.00360329
-0.0086294
-0.0138756
-0.0192621
-0.0246984
-0.0300885
-0.0353358
-0.0403499
-0.0450508
-0.0493738
-0.0532715
-0.0567151
-0.0596935
-0.062211
-0.0642841
-0.065941
-0.0672296
-0.0682242
-0.0688426
-0.0685155
-0.0668886
0.0205978
0.0196889
0.0182285
0.0161183
0.013595
0.0107202
0.00747234
0.00384768
-0.000137844
-0.00445294
-0.00905034
-0.0138669
-0.0188251
-0.0238368
-0.0288076
-0.0336427
-0.0382531
-0.0425605
-0.0465022
-0.050033
-0.0531264
-0.0557733
-0.0579805
-0.0597667
-0.0611606
-0.0622074
-0.0629738
-0.0633961
-0.0630432
-0.0617218
0.0174453
0.0164309
0.0151183
0.0132989
0.0110927
0.00854464
0.00564048
0.00237268
-0.00124484
-0.00518378
-0.00940003
-0.0138333
-0.018409
-0.0230412
-0.0276378
-0.032106
-0.0363587
-0.0403198
-0.0439284
-0.0471415
-0.0499348
-0.0523012
-0.0542493
-0.0557988
-0.0569785
-0.0578349
-0.0584225
-0.0586936
-0.0583441
-0.0573213
0.0146279
0.0135559
0.0123771
0.0108028
0.00886986
0.0066064
0.0040025
0.00105005
-0.00223962
-0.00584145
-0.00971452
-0.0138017
-0.0180311
-0.0223198
-0.0265781
-0.0307157
-0.0346476
-0.0382999
-0.0416137
-0.0445483
-0.0470813
-0.0492073
-0.0509363
-0.0522891
-0.0532947
-0.0539971
-0.0544429
-0.0546021
-0.054268
-0.0535187
0.0120603
0.0109737
0.0099189
0.00855161
0.00685721
0.00484329
0.00250512
-0.000165715
-0.00316046
-0.00645721
-0.0100182
-0.0137894
-0.0177023
-0.0216768
-0.0256261
-0.0294625
-0.0331035
-0.0364772
-0.0395272
-0.0422147
-0.044519
-0.0464364
-0.0479777
-0.0491646
-0.0500257
-0.0506024
-0.0509329
-0.0510068
-0.0506934
-0.0501857
0.00968356
0.00862122
0.0076854
0.00649619
0.00500535
0.00321155
0.00111021
-0.00130676
-0.00403406
-0.00705253
-0.0103274
-0.0138079
-0.0174289
-0.0211136
-0.0247782
-0.0283376
-0.031712
-0.0348319
-0.0376432
-0.0401088
-0.0422097
-0.0439436
-0.0453218
-0.0463663
-0.0471058
-0.0475782
-0.0478208
-0.0478259
-0.0475307
-0.0472252
0.00745651
0.0064488
0.00562512
0.00459154
0.00327664
0.00167927
-0.000209196
-0.00239612
-0.00487938
-0.00764234
-0.0106531
-0.0138643
-0.0172143
-0.0206296
-0.0240295
-0.0273321
-0.0304601
-0.0333465
-0.0359392
-0.0382033
-0.0401212
-0.0416913
-0.0429256
-0.0438455
-0.0444805
-0.0448669
-0.0450361
-0.0449864
-0.044707
-0.0445601
0.00535018
0.00442011
0.0037019
0.00280381
0.00164522
0.000222367
-0.00147319
-0.0034508
-0.0057102
-0.00823713
-0.0110027
-0.0139629
-0.0170596
-0.0202228
-0.0233751
-0.0264374
-0.0293355
-0.0320049
-0.0343956
-0.0364745
-0.0382253
-0.0396473
-0.0407527
-0.0415627
-0.042107
-0.0424189
-0.0425256
-0.042431
-0.0421599
-0.0421298
0.00334419
0.00250789
0.00188883
0.00110896
8.86612e-05
-0.00117742
-0.00269807
-0.00448402
-0.00653693
-0.00884469
-0.0113814
-0.0141064
-0.016965
-0.0198906
-0.0228092
-0.0256452
-0.0283269
-0.0307926
-0.0329945
-0.0349011
-0.0364974
-0.0377833
-0.038771
-0.0394817
-0.0399448
-0.0401904
-0.0402442
-0.0401127
-0.0398439
-0.0398882
0.001423
0.000689462
0.000162156
-0.000514015
-0.00141115
-0.00253497
-0.00389655
-0.00550625
-0.00736773
-0.00947101
-0.011793
-0.0142963
-0.0169296
-0.0196297
-0.0223263
-0.024947
-0.0274233
-0.0296959
-0.0317194
-0.0334638
-0.0349151
-0.036074
-0.0369527
-0.0375721
-0.0379601
-0.0381459
-0.0381535
-0.0379897
-0.0377174
-0.0377982
-0.00042542
-0.00105343
-0.00149672
-0.00208175
-0.0028691
-0.00386409
-0.00507955
-0.00652639
-0.00820947
-0.010121
-0.0122405
-0.0145335
-0.0169521
-0.0194368
-0.0219207
-0.024335
-0.0266143
-0.028702
-0.0305549
-0.0321447
-0.0334584
-0.034497
-0.0352728
-0.0358063
-0.0361239
-0.0362544
-0.03622
-0.0360279
-0.0357472
-0.0358317
-0.00221085
-0.00273607
-0.00310306
-0.00360793
-0.00429722
-0.00517523
-0.00625622
-0.00755195
-0.00906813
-0.0107989
-0.0127262
-0.0148185
-0.0170312
-0.0193084
-0.021587
-0.0238016
-0.0258901
-0.0277989
-0.0294869
-0.0309274
-0.0321084
-0.0330315
-0.0337086
-0.0341595
-0.0344108
-0.0344892
-0.034416
-0.0341985
-0.0339054
-0.0339672
-0.00394121
-0.00437149
-0.00467054
-0.00510539
-0.00570624
-0.00647769
-0.00743464
-0.00858975
-0.00994917
-0.0115087
-0.0132526
-0.015152
-0.0171656
-0.0192414
-0.0213199
-0.0233395
-0.0252415
-0.0269752
-0.0285017
-0.0297963
-0.0308479
-0.0316584
-0.0322397
-0.0326113
-0.0327982
-0.032827
-0.0327175
-0.0324775
-0.032169
-0.032188
-0.00562377
-0.00597097
-0.00621082
-0.00658557
-0.00710612
-0.00778018
-0.00862258
-0.00964638
-0.0108579
-0.0122544
-0.0138219
-0.0155346
-0.0173545
-0.019233
-0.0211148
-0.0229421
-0.0246596
-0.0262199
-0.0275867
-0.0287368
-0.0296605
-0.0303599
-0.0308471
-0.0311409
-0.0312653
-0.0312455
-0.0311024
-0.0308435
-0.0305189
-0.0304824
-0.00726489
-0.00754411
-0.00773355
-0.00805481
-0.00850385
-0.00909059
-0.00982731
-0.0107282
-0.0117997
-0.01304
-0.0144372
-0.0159679
-0.0175974
-0.019281
-0.0209674
-0.0226027
-0.0241359
-0.0255226
-0.0267293
-0.0277347
-0.0285304
-0.0291192
-0.0295131
-0.0297305
-0.0297937
-0.0297275
-0.029552
-0.0292777
-0.0289393
-0.028842
-0.00887078
-0.0090985
-0.00924464
-0.0095213
-0.00990934
-0.0104164
-0.0110557
-0.0118415
-0.0127801
-0.0138703
-0.0151018
-0.0164538
-0.0178947
-0.0193838
-0.020874
-0.0223159
-0.0236624
-0.0248731
-0.0259174
-0.0267762
-0.0274426
-0.0279202
-0.028221
-0.0283631
-0.0283669
-0.0282583
-0.0280538
-0.027767
-0.0274177
-0.0272621
-0.0104465
-0.0106413
-0.0107562
-0.0109928
-0.0113275
-0.0117627
-0.012314
-0.0129927
-0.0138051
-0.0147506
-0.0158201
-0.0169953
-0.0182477
-0.0195407
-0.0208317
-0.0220761
-0.0232314
-0.0242614
-0.0251388
-0.0258475
-0.0263822
-0.0267473
-0.0269552
-0.0270232
-0.0269714
-0.0268227
-0.0265965
-0.0263021
-0.025946
-0.0257403
-0.0119984
-0.0121772
-0.0122687
-0.0124735
-0.0127645
-0.0131375
-0.0136089
-0.0141884
-0.0148813
-0.015687
-0.0165975
-0.0175964
-0.0186587
-0.0197518
-0.0208381
-0.0218782
-0.0228351
-0.0236771
-0.0243814
-0.0249349
-0.0253343
-0.0255854
-0.0257005
-0.0256967
-0.0255931
-0.0254088
-0.0251652
-0.0248674
-0.024515
-0.0242769
-0.013534
-0.0137148
-0.0137884
-0.0139703
-0.0142236
-0.014545
-0.0149458
-0.0154345
-0.0160148
-0.0166856
-0.0174394
-0.0182617
-0.0191305
-0.0200178
-0.0208913
-0.0217177
-0.0224661
-0.0231106
-0.0236333
-0.024025
-0.024285
-0.0244203
-0.0244435
-0.0243709
-0.0242201
-0.0240089
-0.0237545
-0.0234649
-0.0231249
-0.0228746
-0.0150577
-0.0152474
-0.0153154
-0.0154828
-0.0157082
-0.0159866
-0.0163268
-0.0167339
-0.0172095
-0.0177509
-0.0183506
-0.0189952
-0.019666
-0.0203396
-0.0209897
-0.0215901
-0.0221171
-0.022552
-0.0228829
-0.0231052
-0.0232214
-0.0232399
-0.0231735
-0.023037
-0.0228462
-0.0226163
-0.0223615
-0.0220903
-0.0217719
-0.0215397
-0.0165824
-0.0167684
-0.0168381
-0.017004
-0.0172146
-0.0174628
-0.0177553
-0.0180937
-0.0184755
-0.0188954
-0.0193446
-0.0198102
-0.0202761
-0.0207237
-0.0211342
-0.0214899
-0.0217766
-0.0219843
-0.0221091
-0.0221526
-0.0221208
-0.0220237
-0.0218733
-0.0216825
-0.0214637
-0.0212288
-0.0209902
-0.0207491
-0.0204694
-0.0202746
-0.0181952
-0.018322
-0.0183782
-0.0185564
-0.0187726
-0.0190106
-0.0192747
-0.0195621
-0.0198653
-0.0201738
-0.0204753
-0.0207558
-0.021001
-0.021198
-0.0213368
-0.0214115
-0.0214214
-0.0213688
-0.0212614
-0.0211088
-0.0209217
-0.0207107
-0.0204861
-0.0202565
-0.0200294
-0.0198113
-0.0196109
-0.0194217
-0.0191894
-0.0190384
-0.0200982
-0.0201309
-0.0201151
-0.0202754
-0.0204939
-0.0207271
-0.0209689
-0.0212103
-0.0214373
-0.021633
-0.0217794
-0.0218599
-0.0218612
-0.0217766
-0.0216067
-0.0213605
-0.0210528
-0.0207043
-0.020335
-0.0199636
-0.0196057
-0.0192721
-0.0189699
-0.0187029
-0.0184724
-0.0182792
-0.0181228
-0.0179842
-0.0178
-0.0177249
-0.0221084
-0.0222533
-0.0220979
-0.0221066
-0.0222154
-0.0223545
-0.0225021
-0.0226403
-0.0227465
-0.0228001
-0.0227838
-0.0226837
-0.0224911
-0.0222042
-0.0218288
-0.021378
-0.0208707
-0.020329
-0.0197756
-0.0192316
-0.0187147
-0.0182385
-0.0178123
-0.0174406
-0.0171243
-0.0168643
-0.0166601
-0.016488
-0.0163322
-0.0164739
-0.147722
-0.127827
-0.11321
-0.100492
-0.0900105
-0.0811568
-0.0736331
-0.0671868
-0.0616237
-0.0567893
-0.0525614
-0.0488421
-0.0455517
-0.0426243
-0.040005
-0.037647
-0.03551
-0.0335594
-0.031765
-0.0301013
-0.0285466
-0.0270831
-0.0256969
-0.0243773
-0.0231185
-0.0219202
-0.0207809
-0.0196698
-0.0185453
-0.0176983
-0.150451
-0.129683
-0.114433
-0.101641
-0.0912733
-0.082644
-0.0753805
-0.0691988
-0.0638835
-0.059268
-0.0552226
-0.0516456
-0.0484563
-0.0455897
-0.0429935
-0.0406251
-0.0384496
-0.0364384
-0.0345683
-0.0328204
-0.0311798
-0.0296347
-0.0281761
-0.0267974
-0.0254948
-0.0242682
-0.0231194
-0.0220311
-0.0209416
-0.0199207
-0.154756
-0.133517
-0.117892
-0.104909
-0.0944085
-0.0856921
-0.0783588
-0.072112
-0.0667304
-0.0620451
-0.0579257
-0.0542714
-0.0510027
-0.0480563
-0.0453816
-0.0429374
-0.0406904
-0.0386132
-0.0366834
-0.0348826
-0.0331958
-0.031611
-0.0301187
-0.0287115
-0.0273841
-0.0261349
-0.0249669
-0.0238699
-0.0227787
-0.0216775
-0.159333
-0.138006
-0.122183
-0.108978
-0.0982341
-0.0892873
-0.0817377
-0.0752896
-0.069722
-0.064866
-0.0605914
-0.0567968
-0.0534023
-0.0503439
-0.0475703
-0.0450395
-0.0427174
-0.0405757
-0.0385911
-0.0367444
-0.0350197
-0.0334037
-0.0318861
-0.0304581
-0.029113
-0.0278475
-0.0266625
-0.025549
-0.0244427
-0.0232906
-0.163526
-0.142104
-0.126146
-0.112761
-0.101804
-0.0926501
-0.0849036
-0.078272
-0.0725355
-0.0675255
-0.0631115
-0.0591914
-0.0556843
-0.0525253
-0.0496621
-0.0470519
-0.0446596
-0.0424562
-0.0404177
-0.038524
-0.0367587
-0.0351079
-0.0335602
-0.0321063
-0.0307387
-0.0294526
-0.0282477
-0.0271149
-0.0259917
-0.0248045
-0.167238
-0.145658
-0.129603
-0.116087
-0.104971
-0.0956593
-0.0877603
-0.0809833
-0.0751102
-0.0699731
-0.0654421
-0.0614146
-0.0578097
-0.0545619
-0.0516183
-0.0489356
-0.0464781
-0.0442165
-0.0421261
-0.0401865
-0.0383805
-0.0366939
-0.0351146
-0.0336326
-0.0322398
-0.0309305
-0.0297033
-0.0285494
-0.0274097
-0.0261999
-0.170456
-0.148756
-0.13262
-0.11901
-0.107773
-0.0983388
-0.0903183
-0.0834221
-0.0774343
-0.0721888
-0.0675563
-0.0634348
-0.0597433
-0.0564163
-0.0534005
-0.0506523
-0.0481357
-0.0458208
-0.0436826
-0.0417002
-0.039856
-0.0381353
-0.0365255
-0.0350161
-0.0335984
-0.0322658
-0.0310161
-0.029841
-0.0286866
-0.0274646
-0.173129
-0.151477
-0.135232
-0.121555
-0.110223
-0.10069
-0.0925705
-0.0855751
-0.0794904
-0.074152
-0.0694319
-0.0652287
-0.0614616
-0.0580651
-0.0549859
-0.05218
-0.049611
-0.0472487
-0.0450677
-0.0430468
-0.041168
-0.0394161
-0.0377781
-0.0362433
-0.0348022
-0.0334477
-0.0321766
-0.0309813
-0.0298145
-0.0285896
-0.175272
-0.15381
-0.137448
-0.123721
-0.112316
-0.102704
-0.0945055
-0.0874288
-0.0812635
-0.0758472
-0.071053
-0.0667804
-0.0629489
-0.0594931
-0.0563594
-0.0535039
-0.0508897
-0.0484864
-0.0462683
-0.0442138
-0.0423045
-0.040525
-0.038862
-0.0373043
-0.0358422
-0.0344679
-0.0331774
-0.0319637
-0.030787
-0.0295671
-0.177013
-0.155712
-0.139276
-0.125515
-0.114055
-0.104381
-0.0961198
-0.088978
-0.0827471
-0.077267
-0.0724118
-0.0680819
-0.064197
-0.0606918
-0.0575129
-0.0546159
-0.051964
-0.0495263
-0.0472769
-0.045194
-0.0432589
-0.0414558
-0.0397714
-0.038194
-0.0367137
-0.0353225
-0.0340151
-0.0327852
-0.0316006
-0.0303919
-0.178367
-0.157223
-0.140729
-0.12695
-0.115449
-0.105727
-0.0974187
-0.090226
-0.0839435
-0.0784127
-0.073509
-0.0691332
-0.0652054
-0.0616607
-0.0584453
-0.055515
-0.0528326
-0.0503671
-0.0480924
-0.0459864
-0.0440302
-0.0422079
-0.0405059
-0.0389123
-0.0374171
-0.0360118
-0.0346905
-0.0334469
-0.0322563
-0.0310622
-0.179343
-0.158401
-0.141829
-0.128045
-0.116516
-0.106758
-0.0984149
-0.091184
-0.0848624
-0.0792929
-0.0743521
-0.0699412
-0.0659806
-0.0624055
-0.0591622
-0.0562062
-0.0535004
-0.0510136
-0.0487194
-0.0465955
-0.0446231
-0.0427859
-0.0410701
-0.039464
-0.0379571
-0.0365409
-0.0352086
-0.0339542
-0.0327591
-0.0315804
-0.179948
-0.159312
-0.142597
-0.128827
-0.117279
-0.107495
-0.0991272
-0.0918692
-0.0855196
-0.0799226
-0.0749552
-0.0705192
-0.0665351
-0.0629382
-0.0596748
-0.0567005
-0.053978
-0.0514759
-0.0491677
-0.047031
-0.0450469
-0.0431989
-0.0414733
-0.0398581
-0.0383428
-0.0369186
-0.0355785
-0.034316
-0.0331176
-0.0319527
-0.180266
-0.159962
-0.143058
-0.129327
-0.117764
-0.107962
-0.099579
-0.0923036
-0.085936
-0.0803214
-0.0753371
-0.070885
-0.0668859
-0.063275
-0.0599989
-0.0570129
-0.0542797
-0.0517679
-0.0494509
-0.0473062
-0.0453146
-0.0434598
-0.0417279
-0.0401068
-0.0385862
-0.037157
-0.0358118
-0.0345441
-0.0333436
-0.0321887
-0.18042
-0.160284
-0.143266
-0.12957
-0.117996
-0.108185
-0.0997943
-0.0925102
-0.0861338
-0.0805107
-0.0755182
-0.0710582
-0.0670518
-0.0634342
-0.0601519
-0.0571604
-0.0544222
-0.0519058
-0.0495847
-0.0474362
-0.0454411
-0.0435831
-0.0418482
-0.0402244
-0.0387012
-0.0372696
-0.035922
-0.0346519
-0.0334503
-0.0323005
-0.180423
-0.160287
-0.143269
-0.129574
-0.117999
-0.108187
-0.0997955
-0.092511
-0.0861346
-0.0805114
-0.0755188
-0.0710589
-0.0670526
-0.063435
-0.0601529
-0.0571615
-0.0544235
-0.0519073
-0.0495863
-0.047438
-0.045443
-0.0435851
-0.0418503
-0.0402265
-0.0387033
-0.0372717
-0.0359241
-0.034654
-0.0334524
-0.0323026
-0.180274
-0.159973
-0.143068
-0.129339
-0.117773
-0.107968
-0.0995827
-0.0923062
-0.0859381
-0.0803234
-0.075339
-0.0708869
-0.0668879
-0.0632772
-0.0600014
-0.0570159
-0.0542833
-0.0517721
-0.0494557
-0.0473115
-0.0453203
-0.0434657
-0.041734
-0.0401129
-0.0385923
-0.0371631
-0.0358179
-0.0345503
-0.0333498
-0.0321949
-0.179961
-0.159329
-0.142614
-0.128846
-0.117294
-0.107505
-0.0991339
-0.091874
-0.0855233
-0.079926
-0.0749585
-0.0705225
-0.0665385
-0.0629419
-0.0596791
-0.0567056
-0.053984
-0.0514829
-0.0491757
-0.0470398
-0.0450562
-0.0432086
-0.0414832
-0.039868
-0.0383528
-0.0369287
-0.0355886
-0.0343262
-0.0331278
-0.0319628
-0.179362
-0.158422
-0.141852
-0.12807
-0.116537
-0.106773
-0.0984252
-0.0911915
-0.0848682
-0.079298
-0.0743569
-0.0699459
-0.0659856
-0.0624109
-0.0591684
-0.0562136
-0.0535091
-0.0510236
-0.0487305
-0.0466076
-0.0446358
-0.042799
-0.0410835
-0.0394775
-0.0379708
-0.0365546
-0.0352224
-0.033968
-0.032773
-0.0315942
-0.178393
-0.157249
-0.140757
-0.126979
-0.115474
-0.105746
-0.0974331
-0.0902367
-0.0839519
-0.0784198
-0.0735154
-0.0691395
-0.0652121
-0.061668
-0.0584537
-0.0555248
-0.0528439
-0.05038
-0.0481066
-0.0460015
-0.0440461
-0.0422242
-0.0405225
-0.0389291
-0.037434
-0.0360288
-0.0347076
-0.0334641
-0.0322736
-0.0310793
-0.177044
-0.155741
-0.139307
-0.125547
-0.114084
-0.104405
-0.0961387
-0.0889925
-0.0827585
-0.0772765
-0.0724204
-0.0680902
-0.0642056
-0.0607013
-0.0575237
-0.0546284
-0.0519782
-0.0495421
-0.0472941
-0.0452121
-0.0432777
-0.0414751
-0.0397909
-0.0382138
-0.0367337
-0.0353425
-0.0340353
-0.0328055
-0.0316209
-0.0304119
-0.175308
-0.153842
-0.137481
-0.123754
-0.112348
-0.102732
-0.0945292
-0.0874477
-0.0812784
-0.0758596
-0.0710641
-0.066791
-0.0629598
-0.059505
-0.0563729
-0.0535191
-0.0509068
-0.0485051
-0.0462882
-0.0442346
-0.0423259
-0.0405468
-0.0388842
-0.0373267
-0.0358648
-0.0344908
-0.0332004
-0.0319868
-0.03081
-0.0295899
-0.17317
-0.151511
-0.135264
-0.121587
-0.110256
-0.100722
-0.0925988
-0.0855985
-0.0795094
-0.074168
-0.0694461
-0.0652422
-0.0614754
-0.0580799
-0.0550022
-0.0521981
-0.0496309
-0.04727
-0.0450901
-0.04307
-0.0411918
-0.0394403
-0.0378027
-0.0362681
-0.0348273
-0.033473
-0.0322021
-0.031007
-0.0298401
-0.0286149
-0.170502
-0.14879
-0.132652
-0.119042
-0.107807
-0.0983735
-0.0903508
-0.0834501
-0.0774578
-0.0722089
-0.0675743
-0.0634519
-0.0597604
-0.0564343
-0.05342
-0.0506734
-0.0481583
-0.0458446
-0.0437073
-0.0417256
-0.039882
-0.0381617
-0.0365523
-0.0350433
-0.0336258
-0.0322935
-0.031044
-0.0298691
-0.0287146
-0.0274922
-0.167285
-0.145691
-0.129633
-0.116116
-0.105004
-0.0956961
-0.0877966
-0.081016
-0.0751386
-0.069998
-0.0654645
-0.0614359
-0.0578308
-0.0545836
-0.0516411
-0.0489596
-0.0465033
-0.0442426
-0.042153
-0.040214
-0.0384086
-0.0367224
-0.0351435
-0.0336619
-0.0322694
-0.0309603
-0.0297333
-0.0285797
-0.02744
-0.0262299
-0.163575
-0.142137
-0.126175
-0.112788
-0.101837
-0.0926883
-0.0849431
-0.0783092
-0.072569
-0.0675556
-0.0631392
-0.0592176
-0.05571
-0.0525513
-0.0496887
-0.0470791
-0.0446875
-0.0424847
-0.0404468
-0.0385537
-0.0367889
-0.0351385
-0.0335912
-0.0321377
-0.0307703
-0.0294844
-0.0282797
-0.0271472
-0.026024
-0.0248366
-0.159381
-0.138039
-0.12221
-0.109003
-0.0982659
-0.0893263
-0.08178
-0.0753312
-0.0697609
-0.0649019
-0.060625
-0.0568288
-0.0534334
-0.0503747
-0.047601
-0.0450704
-0.0427484
-0.040607
-0.0386228
-0.0367765
-0.0350521
-0.0334366
-0.0319192
-0.0304915
-0.0291466
-0.0278812
-0.0266963
-0.025583
-0.0244767
-0.0233245
-0.154801
-0.13355
-0.117918
-0.104932
-0.0944392
-0.0857316
-0.0784036
-0.0721579
-0.0667749
-0.0620872
-0.0579657
-0.0543097
-0.0510398
-0.0480925
-0.0454171
-0.0429725
-0.0407252
-0.0386479
-0.0367182
-0.0349175
-0.0332309
-0.0316463
-0.0301541
-0.028747
-0.0274197
-0.0261705
-0.0250024
-0.0239053
-0.0228139
-0.0217126
-0.150494
-0.129715
-0.11446
-0.101664
-0.0913035
-0.0826836
-0.0754274
-0.069249
-0.0639339
-0.0593169
-0.0552695
-0.0516908
-0.0484999
-0.0456319
-0.0430346
-0.0406651
-0.0384888
-0.0364771
-0.0346067
-0.0328587
-0.0312179
-0.0296727
-0.0282139
-0.026835
-0.0255322
-0.0243053
-0.0231563
-0.0220677
-0.0209777
-0.0199559
-0.147761
-0.127859
-0.113237
-0.100519
-0.0900422
-0.0811975
-0.0736823
-0.0672411
-0.0616797
-0.0568448
-0.0526151
-0.0488939
-0.0456015
-0.0426723
-0.0400513
-0.0376916
-0.0355532
-0.0336015
-0.0318063
-0.0301421
-0.028587
-0.0271232
-0.0257365
-0.0244165
-0.0231571
-0.0219581
-0.0208181
-0.0197064
-0.0185813
-0.0177335
-0.0181245
-0.0182993
-0.0183313
-0.0183286
-0.0183132
-0.0182836
-0.0182395
-0.0181819
-0.0181119
-0.0180303
-0.0179378
-0.017835
-0.0177226
-0.0176013
-0.0174717
-0.0173345
-0.0171903
-0.0170396
-0.0168831
-0.0167211
-0.0165543
-0.016383
-0.0162077
-0.0160287
-0.0158463
-0.015661
-0.0154728
-0.0152822
-0.0150894
-0.0148945
-0.0146978
-0.0144994
-0.0142995
-0.0140982
-0.0138957
-0.0136921
-0.0134875
-0.0132821
-0.0130757
-0.0128687
-0.012661
-0.0124527
-0.0122438
-0.0120345
-0.0118247
-0.0116146
-0.0114041
-0.0111932
-0.0109821
-0.0107708
-0.0105591
-0.0103473
-0.0101353
-0.00992317
-0.00971085
-0.0094984
-0.00928583
-0.00907316
-0.00886038
-0.00864753
-0.00843459
-0.00822159
-0.00800853
-0.00779542
-0.00758225
-0.00736904
-0.0071558
-0.00694254
-0.00672923
-0.00651589
-0.00630254
-0.00608917
-0.00587579
-0.00566236
-0.00544889
-0.00523544
-0.005022
-0.00480854
-0.00459502
-0.00438148
-0.00416792
-0.00395435
-0.00374078
-0.00352721
-0.00331362
-0.00309999
-0.00288636
-0.0026727
-0.00245899
-0.00224538
-0.00203199
-0.00181864
-0.00160517
-0.00139159
-0.00117795
-0.000964119
-0.000749852
-0.000535455
-0.000321203
-0.00010704
-0.0198585
-0.0197937
-0.0197428
-0.0196598
-0.019551
-0.0194258
-0.019289
-0.0191432
-0.0189901
-0.0188309
-0.0186664
-0.0184973
-0.018324
-0.018147
-0.0179666
-0.0177831
-0.0175968
-0.0174079
-0.0172166
-0.0170232
-0.0168278
-0.0166306
-0.0164318
-0.0162316
-0.01603
-0.0158272
-0.0156233
-0.0154184
-0.0152126
-0.015006
-0.0147987
-0.0145907
-0.0143821
-0.014173
-0.0139634
-0.0137533
-0.0135429
-0.0133321
-0.0131211
-0.0129097
-0.0126981
-0.0124862
-0.0122742
-0.0120619
-0.0118496
-0.011637
-0.0114244
-0.0112116
-0.0109987
-0.0107857
-0.0105727
-0.0103596
-0.0101464
-0.00993317
-0.00971989
-0.00950657
-0.00929322
-0.00907983
-0.00886642
-0.00865298
-0.00843952
-0.00822604
-0.00801255
-0.00779904
-0.00758553
-0.007372
-0.00715848
-0.00694495
-0.00673142
-0.00651787
-0.00630431
-0.00609077
-0.00587723
-0.00566369
-0.00545012
-0.00523653
-0.00502296
-0.00480941
-0.00459584
-0.00438223
-0.00416861
-0.00395496
-0.0037413
-0.00352766
-0.00331405
-0.00310044
-0.00288681
-0.00267315
-0.00245945
-0.00224576
-0.0020321
-0.0018185
-0.00160498
-0.00139153
-0.00117811
-0.000964333
-0.000749986
-0.000535553
-0.000321292
-0.000107079
-0.0215058
-0.0212208
-0.0210151
-0.020812
-0.0205973
-0.0203764
-0.0201532
-0.019929
-0.0197045
-0.01948
-0.0192559
-0.0190323
-0.0188095
-0.0185873
-0.0183658
-0.0181449
-0.0179246
-0.0177049
-0.0174856
-0.0172668
-0.0170484
-0.0168304
-0.0166127
-0.0163953
-0.0161782
-0.0159614
-0.0157447
-0.0155283
-0.0153121
-0.015096
-0.0148802
-0.0146644
-0.0144488
-0.0142334
-0.014018
-0.0138028
-0.0135876
-0.0133726
-0.0131577
-0.0129428
-0.012728
-0.0125133
-0.0122987
-0.0120841
-0.0118696
-0.0116551
-0.0114407
-0.0112264
-0.0110121
-0.0107979
-0.0105836
-0.0103695
-0.0101554
-0.00994126
-0.00972721
-0.00951318
-0.00929919
-0.00908523
-0.00887129
-0.00865739
-0.0084435
-0.00822964
-0.0080158
-0.00780197
-0.00758817
-0.00737439
-0.00716062
-0.0069469
-0.00673319
-0.00651948
-0.00630578
-0.00609208
-0.00587841
-0.00566475
-0.00545108
-0.00523741
-0.00502375
-0.00481011
-0.00459647
-0.00438281
-0.00416914
-0.00395548
-0.00374183
-0.00352817
-0.00331448
-0.00310082
-0.00288716
-0.00267345
-0.00245972
-0.00224605
-0.00203237
-0.00181861
-0.00160493
-0.00139153
-0.00117823
-0.000964516
-0.000750191
-0.000535686
-0.000321286
-0.000107044
-0.0230339
-0.02258
-0.0222327
-0.0219122
-0.0215943
-0.0212805
-0.0209734
-0.0206734
-0.02038
-0.020093
-0.0198121
-0.0195369
-0.019267
-0.0190021
-0.0187418
-0.0184856
-0.0182333
-0.0179845
-0.0177389
-0.0174962
-0.0172562
-0.0170185
-0.016783
-0.0165495
-0.0163178
-0.0160877
-0.0158591
-0.0156318
-0.0154058
-0.0151808
-0.0149569
-0.0147339
-0.0145117
-0.0142902
-0.0140695
-0.0138493
-0.0136298
-0.0134107
-0.0131921
-0.012974
-0.0127562
-0.0125388
-0.0123218
-0.012105
-0.0118885
-0.0116722
-0.0114562
-0.0112404
-0.0110247
-0.0108093
-0.010594
-0.0103788
-0.0101638
-0.00994888
-0.00973409
-0.00951941
-0.00930482
-0.00909031
-0.00887589
-0.00866154
-0.00844726
-0.00823304
-0.00801886
-0.00780474
-0.00759066
-0.00737664
-0.00716266
-0.00694873
-0.00673485
-0.00652099
-0.00630715
-0.00609332
-0.00587952
-0.00566575
-0.00545198
-0.00523822
-0.00502448
-0.00481077
-0.00459709
-0.00438338
-0.00416967
-0.00395598
-0.00374227
-0.00352853
-0.00331483
-0.00310123
-0.00288755
-0.00267377
-0.00246003
-0.00224635
-0.00203263
-0.0018188
-0.00160505
-0.00139162
-0.0011783
-0.000964578
-0.000750246
-0.00053574
-0.000321344
-0.000107075
-0.0244559
-0.0238583
-0.0233833
-0.0229518
-0.0225348
-0.0221318
-0.0217443
-0.0213717
-0.0210126
-0.0206662
-0.0203315
-0.0200075
-0.0196935
-0.0193885
-0.0190918
-0.0188027
-0.0185205
-0.0182446
-0.0179744
-0.0177095
-0.0174492
-0.0171933
-0.0169413
-0.0166928
-0.0164475
-0.0162051
-0.0159654
-0.015728
-0.0154928
-0.0152596
-0.0150282
-0.0147984
-0.0145701
-0.0143431
-0.0141173
-0.0138926
-0.0136689
-0.0134461
-0.0132242
-0.013003
-0.0127824
-0.0125625
-0.0123432
-0.0121244
-0.011906
-0.0116881
-0.0114705
-0.0112533
-0.0110364
-0.0108199
-0.0106035
-0.0103875
-0.0101716
-0.00995595
-0.00974048
-0.00952518
-0.00931004
-0.00909503
-0.00888015
-0.00866539
-0.00845074
-0.00823619
-0.00802172
-0.00780732
-0.00759298
-0.00737872
-0.00716454
-0.00695042
-0.00673636
-0.00652236
-0.0063084
-0.00609448
-0.00588058
-0.0056667
-0.00545284
-0.00523901
-0.00502519
-0.00481139
-0.00459762
-0.00438387
-0.00417015
-0.00395645
-0.00374274
-0.00352902
-0.00331528
-0.00310153
-0.00288781
-0.00267409
-0.00246037
-0.00224664
-0.00203289
-0.00181907
-0.00160528
-0.00139173
-0.00117833
-0.000964567
-0.000750196
-0.00053572
-0.000321416
-0.000107137
-0.025754
-0.025031
-0.0244405
-0.023906
-0.0233967
-0.0229107
-0.0224485
-0.0220085
-0.0215888
-0.0211876
-0.0208033
-0.0204346
-0.0200801
-0.0197385
-0.0194087
-0.0190896
-0.0187802
-0.0184797
-0.0181873
-0.0179022
-0.0176237
-0.0173512
-0.0170842
-0.0168222
-0.0165646
-0.0163111
-0.0160613
-0.0158149
-0.0155714
-0.0153307
-0.0150926
-0.0148566
-0.0146228
-0.0143908
-0.0141604
-0.0139316
-0.0137042
-0.0134781
-0.0132531
-0.0130291
-0.0128061
-0.0125839
-0.0123626
-0.0121419
-0.0119218
-0.0117024
-0.0114835
-0.011265
-0.011047
-0.0108294
-0.0106122
-0.0103953
-0.0101787
-0.00996234
-0.00974626
-0.0095304
-0.00931475
-0.00909929
-0.008884
-0.00866887
-0.00845388
-0.00823903
-0.00802427
-0.00780961
-0.00759507
-0.00738063
-0.00716627
-0.00695199
-0.00673779
-0.00652364
-0.00630955
-0.0060955
-0.0058815
-0.00566755
-0.00545363
-0.00523973
-0.00502585
-0.00481201
-0.00459817
-0.00438435
-0.0041706
-0.00395685
-0.00374309
-0.00352934
-0.00331563
-0.00310192
-0.00288818
-0.00267441
-0.00246067
-0.00224693
-0.00203318
-0.00181938
-0.00160554
-0.00139183
-0.00117832
-0.000964559
-0.000750206
-0.000535767
-0.000321479
-0.000107168
-0.026916
-0.0260843
-0.02539
-0.0247614
-0.0241679
-0.0236065
-0.0230765
-0.0225757
-0.0221012
-0.0216508
-0.0212221
-0.0208133
-0.0204226
-0.0200484
-0.0196891
-0.0193433
-0.0190098
-0.0186875
-0.0183754
-0.0180724
-0.0177778
-0.0174907
-0.0172104
-0.0169364
-0.016668
-0.0164047
-0.016146
-0.0158915
-0.0156408
-0.0153935
-0.0151494
-0.014908
-0.0146693
-0.0144328
-0.0141985
-0.0139661
-0.0137354
-0.0135063
-0.0132786
-0.0130522
-0.012827
-0.0126028
-0.0123796
-0.0121573
-0.0119358
-0.011715
-0.0114949
-0.0112754
-0.0110564
-0.0108379
-0.0106198
-0.0104022
-0.0101849
-0.00996798
-0.00975135
-0.00953501
-0.00931891
-0.00910305
-0.00888739
-0.00867193
-0.00845663
-0.0082415
-0.0080265
-0.00781164
-0.00759693
-0.00738233
-0.00716782
-0.0069534
-0.00673905
-0.00652478
-0.00631057
-0.00609643
-0.00588234
-0.0056683
-0.00545431
-0.00524035
-0.0050264
-0.00481249
-0.00459862
-0.00438481
-0.00417102
-0.00395724
-0.00374345
-0.00352968
-0.00331595
-0.00310224
-0.00288851
-0.00267477
-0.002461
-0.00224722
-0.00203345
-0.00181965
-0.00160577
-0.00139198
-0.00117841
-0.000964628
-0.00075029
-0.000535849
-0.000321534
-0.000107188
-0.0279344
-0.02701
-0.0262237
-0.0255107
-0.024842
-0.0242137
-0.0236238
-0.0230693
-0.0225467
-0.0220529
-0.0215853
-0.0211415
-0.0207193
-0.0203166
-0.0199316
-0.0195626
-0.0192083
-0.0188671
-0.0185378
-0.0182194
-0.0179108
-0.017611
-0.0173194
-0.017035
-0.0167572
-0.0164854
-0.0162191
-0.0159576
-0.0157006
-0.0154477
-0.0151984
-0.0149524
-0.0147094
-0.0144691
-0.0142314
-0.0139958
-0.0137623
-0.0135306
-0.0133006
-0.0130721
-0.012845
-0.0126191
-0.0123944
-0.0121707
-0.0119479
-0.0117259
-0.0115048
-0.0112843
-0.0110644
-0.0108452
-0.0106264
-0.0104081
-0.0101903
-0.00997285
-0.00975576
-0.00953899
-0.00932251
-0.0091063
-0.00889034
-0.00867458
-0.00845902
-0.00824364
-0.00802844
-0.00781341
-0.00759855
-0.00738381
-0.00716916
-0.0069546
-0.00674015
-0.00652577
-0.00631147
-0.00609723
-0.00588306
-0.00566895
-0.00545488
-0.00524086
-0.00502689
-0.00481296
-0.00459906
-0.00438521
-0.0041714
-0.00395758
-0.00374378
-0.00353
-0.00331625
-0.00310253
-0.0028888
-0.00267507
-0.00246131
-0.00224753
-0.00203372
-0.00181989
-0.001606
-0.00139217
-0.00117855
-0.000964743
-0.000750398
-0.000535926
-0.000321574
-0.000107199
-0.0288048
-0.0278037
-0.0269377
-0.0261507
-0.0254165
-0.0247303
-0.0240888
-0.0234881
-0.0229242
-0.0223934
-0.0218926
-0.021419
-0.0209699
-0.020543
-0.0201363
-0.0197477
-0.0193756
-0.0190184
-0.0186747
-0.0183432
-0.0180228
-0.0177124
-0.0174111
-0.017118
-0.0168323
-0.0165534
-0.0162806
-0.0160133
-0.015751
-0.0154933
-0.0152396
-0.0149897
-0.0147432
-0.0144997
-0.014259
-0.0140209
-0.013785
-0.0135511
-0.0133192
-0.0130889
-0.0128602
-0.0126329
-0.0124068
-0.0121819
-0.011958
-0.0117351
-0.0115131
-0.0112918
-0.0110712
-0.0108513
-0.010632
-0.0104132
-0.0101949
-0.00997697
-0.00975948
-0.00954236
-0.00932556
-0.00910907
-0.00889283
-0.00867684
-0.00846102
-0.00824537
-0.00802995
-0.00781486
-0.00759996
-0.00738512
-0.00717036
-0.0069557
-0.00674114
-0.00652667
-0.00631227
-0.00609794
-0.0058837
-0.00566951
-0.00545537
-0.0052413
-0.00502732
-0.00481336
-0.00459943
-0.00438555
-0.00417173
-0.0039579
-0.00374407
-0.00353028
-0.00331653
-0.00310279
-0.00288905
-0.00267531
-0.00246157
-0.00224781
-0.00203402
-0.00182017
-0.00160623
-0.00139235
-0.00117868
-0.00096485
-0.000750516
-0.000536026
-0.00032162
-0.000107208
-0.0295265
-0.0284646
-0.0275315
-0.0266814
-0.025892
-0.0251571
-0.0244725
-0.0238334
-0.023235
-0.0226736
-0.0221453
-0.021647
-0.0211757
-0.0207289
-0.0203042
-0.0198995
-0.0195128
-0.0191425
-0.018787
-0.0184448
-0.0181147
-0.0177955
-0.0174863
-0.017186
-0.0168939
-0.0166091
-0.016331
-0.0160589
-0.0157923
-0.0155306
-0.0152735
-0.0150203
-0.0147709
-0.0145248
-0.0142817
-0.0140414
-0.0138035
-0.0135679
-0.0133344
-0.0131027
-0.0128726
-0.0126441
-0.012417
-0.0121911
-0.0119664
-0.0117427
-0.0115199
-0.011298
-0.0110768
-0.0108564
-0.0106366
-0.0104173
-0.0101986
-0.00998035
-0.00976255
-0.00954513
-0.00932808
-0.00911135
-0.0088949
-0.00867869
-0.00846269
-0.00824695
-0.00803145
-0.00781616
-0.00760105
-0.00738608
-0.00717123
-0.00695649
-0.00674187
-0.00652734
-0.00631289
-0.00609852
-0.00588424
-0.00567001
-0.00545584
-0.00524173
-0.00502768
-0.00481369
-0.00459975
-0.00438585
-0.00417199
-0.00395814
-0.00374431
-0.00353052
-0.00331676
-0.00310301
-0.00288927
-0.00267555
-0.00246182
-0.00224808
-0.00203429
-0.00182042
-0.00160645
-0.00139254
-0.00117884
-0.000964972
-0.000750596
-0.000536081
-0.000321653
-0.000107213
-0.0301032
-0.0289952
-0.0280075
-0.0271059
-0.0262715
-0.0254974
-0.0247781
-0.024108
-0.0234822
-0.0228961
-0.0223459
-0.0218279
-0.021339
-0.0208764
-0.0204374
-0.0200198
-0.0196216
-0.0192408
-0.0188759
-0.0185252
-0.0181874
-0.0178614
-0.0175459
-0.01724
-0.0169427
-0.0166533
-0.016371
-0.0160951
-0.015825
-0.0155603
-0.0153003
-0.0150446
-0.0147929
-0.0145447
-0.0142997
-0.0140577
-0.0138183
-0.0135813
-0.0133465
-0.0131136
-0.0128825
-0.0126531
-0.0124251
-0.0121985
-0.011973
-0.0117487
-0.0115253
-0.0113029
-0.0110813
-0.0108604
-0.0106402
-0.0104206
-0.0102016
-0.00998305
-0.00976499
-0.00954734
-0.00933007
-0.00911314
-0.00889652
-0.00868018
-0.00846407
-0.00824822
-0.0080326
-0.00781719
-0.00760197
-0.00738691
-0.00717198
-0.00695718
-0.00674249
-0.00652789
-0.0063134
-0.00609901
-0.0058847
-0.00567043
-0.00545621
-0.00524204
-0.00502796
-0.00481398
-0.00460004
-0.00438611
-0.00417221
-0.00395835
-0.0037445
-0.00353071
-0.00331696
-0.00310321
-0.00288948
-0.00267576
-0.00246205
-0.00224831
-0.00203451
-0.00182061
-0.00160664
-0.00139271
-0.00117894
-0.000965053
-0.000750728
-0.000536205
-0.000321694
-0.000107208
-0.0305419
-0.0294011
-0.0283712
-0.0274294
-0.0265604
-0.0257561
-0.0250102
-0.0243165
-0.0236697
-0.0230649
-0.0224979
-0.021965
-0.0214627
-0.020988
-0.0205382
-0.020111
-0.019704
-0.0193153
-0.0189432
-0.0185861
-0.0182425
-0.0179112
-0.017591
-0.0172808
-0.0169797
-0.0166867
-0.0164013
-0.0161225
-0.0158499
-0.0155827
-0.0153206
-0.015063
-0.0148095
-0.0145598
-0.0143134
-0.0140701
-0.0138295
-0.0135914
-0.0133556
-0.0131219
-0.0128901
-0.0126599
-0.0124313
-0.012204
-0.0119781
-0.0117533
-0.0115295
-0.0113067
-0.0110847
-0.0108635
-0.010643
-0.0104231
-0.0102039
-0.00998512
-0.00976686
-0.00954904
-0.0093316
-0.00911453
-0.00889779
-0.00868133
-0.00846513
-0.00824919
-0.00803348
-0.00781799
-0.00760268
-0.00738755
-0.00717256
-0.0069577
-0.00674297
-0.00652834
-0.00631382
-0.00609939
-0.00588504
-0.00567074
-0.00545649
-0.0052423
-0.00502821
-0.0048142
-0.00460023
-0.00438629
-0.0041724
-0.00395853
-0.00374469
-0.00353089
-0.00331713
-0.00310337
-0.00288961
-0.00267591
-0.00246225
-0.00224854
-0.00203472
-0.0018208
-0.00160684
-0.0013929
-0.00117909
-0.00096515
-0.000750793
-0.000536249
-0.000321711
-0.000107202
-0.0308525
-0.0296901
-0.0286298
-0.0276591
-0.0267653
-0.0259396
-0.0251747
-0.0244642
-0.0238024
-0.0231844
-0.0226056
-0.022062
-0.0215502
-0.021067
-0.0206096
-0.0201755
-0.0197623
-0.019368
-0.0189909
-0.0186293
-0.0182816
-0.0179466
-0.017623
-0.0173097
-0.0170059
-0.0167105
-0.0164228
-0.016142
-0.0158675
-0.0155987
-0.0153351
-0.0150761
-0.0148214
-0.0145705
-0.0143231
-0.0140789
-0.0138375
-0.0135987
-0.0133622
-0.0131279
-0.0128954
-0.0126648
-0.0124357
-0.012208
-0.0119817
-0.0117566
-0.0115325
-0.0113094
-0.0110871
-0.0108657
-0.010645
-0.010425
-0.0102055
-0.00998662
-0.00976822
-0.00955026
-0.00933272
-0.00911554
-0.0088987
-0.00868217
-0.00846591
-0.0082499
-0.00803412
-0.00781857
-0.00760321
-0.00738803
-0.00717299
-0.00695809
-0.00674334
-0.00652868
-0.00631412
-0.00609967
-0.0058853
-0.00567098
-0.0054567
-0.0052425
-0.00502839
-0.00481437
-0.00460039
-0.00438645
-0.00417255
-0.00395867
-0.00374481
-0.003531
-0.00331724
-0.00310346
-0.00288971
-0.00267609
-0.00246245
-0.0022487
-0.00203487
-0.00182099
-0.00160706
-0.0013931
-0.00117922
-0.000965238
-0.000750916
-0.000536327
-0.000321652
-0.000107139
-0.031047
-0.0298721
-0.0287924
-0.0278034
-0.026894
-0.0260547
-0.0252779
-0.0245569
-0.0238858
-0.0232594
-0.0226732
-0.022123
-0.0216053
-0.0211167
-0.0206545
-0.020216
-0.019799
-0.0194012
-0.019021
-0.0186565
-0.0183062
-0.0179689
-0.0176432
-0.017328
-0.0170224
-0.0167255
-0.0164364
-0.0161543
-0.0158787
-0.0156088
-0.0153443
-0.0150845
-0.014829
-0.0145774
-0.0143293
-0.0140845
-0.0138426
-0.0136033
-0.0133664
-0.0131317
-0.0128989
-0.0126679
-0.0124385
-0.0122106
-0.0119841
-0.0117587
-0.0115344
-0.0113111
-0.0110887
-0.0108671
-0.0106463
-0.0104261
-0.0102066
-0.0099876
-0.00976911
-0.00955107
-0.00933345
-0.00911621
-0.00889931
-0.00868273
-0.00846642
-0.00825037
-0.00803456
-0.00781896
-0.00760356
-0.00738834
-0.00717328
-0.00695837
-0.0067436
-0.00652893
-0.00631434
-0.00609985
-0.00588545
-0.00567112
-0.00545686
-0.00524267
-0.00502852
-0.00481447
-0.0046005
-0.00438657
-0.00417267
-0.00395878
-0.00374489
-0.00353109
-0.00331738
-0.00310361
-0.00288981
-0.00267613
-0.00246257
-0.00224895
-0.00203511
-0.0018211
-0.00160716
-0.00139327
-0.00117931
-0.000965207
-0.000750852
-0.000536316
-0.00032171
-0.000107174
-0.0311383
-0.0299579
-0.0288691
-0.0278715
-0.0269548
-0.0261092
-0.0253268
-0.0246008
-0.0239254
-0.0232951
-0.0227053
-0.022152
-0.0216315
-0.0211405
-0.020676
-0.0202355
-0.0198166
-0.0194172
-0.0190354
-0.0186696
-0.0183181
-0.0179796
-0.017653
-0.0173369
-0.0170305
-0.0167328
-0.016443
-0.0161604
-0.0158842
-0.0156138
-0.0153488
-0.0150886
-0.0148327
-0.0145808
-0.0143324
-0.0140873
-0.0138451
-0.0136056
-0.0133685
-0.0131336
-0.0129007
-0.0126695
-0.01244
-0.012212
-0.0119853
-0.0117598
-0.0115354
-0.011312
-0.0110896
-0.0108679
-0.010647
-0.0104268
-0.0102072
-0.00998812
-0.00976959
-0.00955151
-0.00933385
-0.00911658
-0.00889965
-0.00868304
-0.0084667
-0.00825064
-0.00803481
-0.00781919
-0.00760377
-0.00738853
-0.00717345
-0.00695852
-0.00674374
-0.00652907
-0.00631447
-0.00609996
-0.00588555
-0.00567122
-0.00545695
-0.00524275
-0.00502861
-0.00481458
-0.0046006
-0.00438666
-0.00417277
-0.00395888
-0.00374497
-0.00353114
-0.00331743
-0.00310368
-0.00288992
-0.00267622
-0.00246256
-0.00224884
-0.00203505
-0.00182122
-0.00160736
-0.0013935
-0.00117957
-0.000965383
-0.000750962
-0.000536333
-0.000321617
-0.000107116
-0.0311403
-0.0299599
-0.0288709
-0.0278733
-0.0269564
-0.0261108
-0.0253283
-0.0246023
-0.0239267
-0.0232964
-0.0227066
-0.0221532
-0.0216326
-0.0211416
-0.020677
-0.0202365
-0.0198175
-0.0194181
-0.0190363
-0.0186704
-0.0183189
-0.0179804
-0.0176537
-0.0173376
-0.0170312
-0.0167334
-0.0164436
-0.0161609
-0.0158847
-0.0156143
-0.0153493
-0.015089
-0.0148331
-0.0145812
-0.0143328
-0.0140877
-0.0138455
-0.0136059
-0.0133688
-0.0131339
-0.0129009
-0.0126698
-0.0124403
-0.0122122
-0.0119855
-0.01176
-0.0115356
-0.0113122
-0.0110897
-0.0108681
-0.0106471
-0.0104269
-0.0102073
-0.00998825
-0.00976971
-0.00955163
-0.00933397
-0.00911669
-0.00889976
-0.00868314
-0.0084668
-0.00825072
-0.00803488
-0.00781926
-0.00760384
-0.0073886
-0.00717352
-0.0069586
-0.00674381
-0.00652912
-0.00631451
-0.0061
-0.00588561
-0.00567129
-0.00545701
-0.0052428
-0.00502867
-0.00481464
-0.00460067
-0.00438672
-0.00417281
-0.00395893
-0.00374506
-0.00353123
-0.00331746
-0.00310369
-0.00288994
-0.00267624
-0.00246253
-0.0022488
-0.00203506
-0.00182126
-0.00160743
-0.0013936
-0.00117969
-0.000965506
-0.000751019
-0.000536358
-0.00032167
-0.000107142
-0.031053
-0.0298778
-0.0287978
-0.0278086
-0.0268989
-0.0260594
-0.0252824
-0.0245612
-0.0238899
-0.0232633
-0.0226769
-0.0221266
-0.0216087
-0.02112
-0.0206576
-0.020219
-0.0198018
-0.0194039
-0.0190235
-0.0186589
-0.0183085
-0.0179711
-0.0176453
-0.01733
-0.0170243
-0.0167273
-0.0164381
-0.016156
-0.0158802
-0.0156103
-0.0153457
-0.0150858
-0.0148302
-0.0145786
-0.0143305
-0.0140856
-0.0138436
-0.0136043
-0.0133673
-0.0131325
-0.0128997
-0.0126687
-0.0124393
-0.0122113
-0.0119847
-0.0117593
-0.011535
-0.0113117
-0.0110893
-0.0108676
-0.0106468
-0.0104266
-0.010207
-0.00998799
-0.00976948
-0.00955144
-0.0093338
-0.00911654
-0.00889963
-0.00868302
-0.0084667
-0.00825064
-0.00803482
-0.0078192
-0.00760379
-0.00738855
-0.00717348
-0.00695858
-0.00674381
-0.00652912
-0.0063145
-0.00609998
-0.00588559
-0.00567128
-0.00545702
-0.00524281
-0.00502868
-0.00481465
-0.00460069
-0.00438675
-0.00417284
-0.00395896
-0.0037451
-0.00353127
-0.00331746
-0.00310365
-0.00288989
-0.00267623
-0.00246253
-0.0022488
-0.00203512
-0.00182132
-0.00160741
-0.00139356
-0.00117968
-0.000965615
-0.000751219
-0.000536496
-0.000321669
-0.000107096
-0.0308623
-0.0296995
-0.0286387
-0.0276676
-0.0267734
-0.0259472
-0.025182
-0.0244712
-0.0238091
-0.0231908
-0.0226117
-0.0220678
-0.0215558
-0.0210723
-0.0206147
-0.0201803
-0.0197669
-0.0193724
-0.0189951
-0.0186332
-0.0182854
-0.0179502
-0.0176264
-0.017313
-0.017009
-0.0167134
-0.0164256
-0.0161446
-0.01587
-0.0156011
-0.0153374
-0.0150783
-0.0148235
-0.0145725
-0.014325
-0.0140806
-0.0138391
-0.0136002
-0.0133637
-0.0131293
-0.0128968
-0.012666
-0.0124369
-0.0122092
-0.0119828
-0.0117576
-0.0115335
-0.0113103
-0.011088
-0.0108665
-0.0106458
-0.0104257
-0.0102062
-0.00998726
-0.00976884
-0.00955088
-0.00933331
-0.00911609
-0.00889921
-0.00868265
-0.00846637
-0.00825035
-0.00803456
-0.00781897
-0.00760359
-0.00738838
-0.00717333
-0.00695846
-0.00674371
-0.00652904
-0.00631442
-0.0060999
-0.00588551
-0.00567122
-0.00545697
-0.00524278
-0.00502866
-0.00481463
-0.00460066
-0.00438673
-0.00417283
-0.00395897
-0.00374511
-0.00353127
-0.00331744
-0.00310362
-0.00288988
-0.00267625
-0.00246255
-0.00224875
-0.00203499
-0.00182125
-0.00160743
-0.00139356
-0.00117968
-0.000965667
-0.000751317
-0.000536586
-0.000321702
-0.000107089
-0.0305552
-0.0294139
-0.0283833
-0.0274409
-0.0265713
-0.0257666
-0.0250201
-0.024326
-0.0236788
-0.0230736
-0.0225062
-0.0219729
-0.0214702
-0.0209952
-0.0205451
-0.0201175
-0.0197102
-0.0193212
-0.0189489
-0.0185915
-0.0182477
-0.0179161
-0.0175957
-0.0172852
-0.0169839
-0.0166908
-0.0164051
-0.0161261
-0.0158533
-0.015586
-0.0153237
-0.015066
-0.0148124
-0.0145625
-0.0143159
-0.0140725
-0.0138318
-0.0135936
-0.0133577
-0.0131239
-0.0128919
-0.0126616
-0.0124329
-0.0122056
-0.0119796
-0.0117547
-0.0115308
-0.011308
-0.0110859
-0.0108647
-0.0106441
-0.0104241
-0.0102048
-0.00998601
-0.00976774
-0.0095499
-0.00933243
-0.00911531
-0.00889851
-0.00868201
-0.00846579
-0.00824983
-0.00803409
-0.00781856
-0.00760324
-0.00738809
-0.00717307
-0.0069582
-0.00674346
-0.00652882
-0.00631425
-0.00609978
-0.0058854
-0.0056711
-0.00545686
-0.00524269
-0.00502859
-0.00481456
-0.0046006
-0.00438667
-0.00417279
-0.00395893
-0.00374509
-0.00353127
-0.00331747
-0.00310367
-0.00288989
-0.00267617
-0.00246247
-0.00224876
-0.002035
-0.00182121
-0.00160735
-0.00139345
-0.00117958
-0.000965635
-0.000751323
-0.000536602
-0.000321713
-0.000107091
-0.0301198
-0.0290111
-0.0280226
-0.0271202
-0.0262851
-0.0255104
-0.0247904
-0.0241198
-0.0234934
-0.0229069
-0.0223561
-0.0218377
-0.0213483
-0.0208853
-0.0204459
-0.0200279
-0.0196293
-0.0192482
-0.0188829
-0.0185319
-0.0181938
-0.0178674
-0.0175517
-0.0172455
-0.0169479
-0.0166583
-0.0163757
-0.0160996
-0.0158293
-0.0155644
-0.0153042
-0.0150483
-0.0147964
-0.014548
-0.0143029
-0.0140607
-0.0138211
-0.013584
-0.013349
-0.013116
-0.0128848
-0.0126553
-0.0124272
-0.0122004
-0.0119749
-0.0117505
-0.011527
-0.0113045
-0.0110828
-0.0108619
-0.0106416
-0.0104219
-0.0102027
-0.00998415
-0.00976613
-0.00954847
-0.00933114
-0.00911414
-0.00889746
-0.00868109
-0.00846498
-0.00824908
-0.00803339
-0.00781792
-0.00760267
-0.00738759
-0.00717266
-0.00695784
-0.00674311
-0.00652848
-0.00631396
-0.00609954
-0.0058852
-0.00567093
-0.0054567
-0.00524255
-0.00502847
-0.00481446
-0.0046005
-0.00438659
-0.00417272
-0.00395887
-0.00374503
-0.00353122
-0.00331744
-0.00310367
-0.00288993
-0.00267619
-0.00246246
-0.00224873
-0.00203495
-0.00182109
-0.00160718
-0.00139327
-0.00117946
-0.000965564
-0.000751273
-0.000536573
-0.000321713
-0.0001071
-0.029546
-0.0284833
-0.0275492
-0.0266983
-0.025908
-0.0251724
-0.0244871
-0.0238472
-0.0232483
-0.0226862
-0.0221573
-0.0216585
-0.0211867
-0.0207394
-0.0203142
-0.019909
-0.0195219
-0.0191512
-0.0187952
-0.0184527
-0.0181222
-0.0178027
-0.0174931
-0.0171925
-0.0169001
-0.016615
-0.0163366
-0.0160643
-0.0157974
-0.0155355
-0.0152781
-0.0150247
-0.0147751
-0.0145288
-0.0142855
-0.014045
-0.0138069
-0.0135712
-0.0133374
-0.0131056
-0.0128754
-0.0126467
-0.0124195
-0.0121935
-0.0119686
-0.0117448
-0.0115219
-0.0112999
-0.0110787
-0.0108581
-0.0106382
-0.0104189
-0.0102001
-0.0099818
-0.00976394
-0.00954645
-0.00932933
-0.00911251
-0.008896
-0.0086798
-0.00846382
-0.00824802
-0.00803244
-0.00781709
-0.00760193
-0.00738692
-0.00717204
-0.00695728
-0.00674263
-0.00652806
-0.00631359
-0.0060992
-0.0058849
-0.00567067
-0.00545649
-0.00524237
-0.00502833
-0.00481434
-0.00460037
-0.00438644
-0.00417258
-0.00395876
-0.00374494
-0.00353113
-0.00331736
-0.00310361
-0.00288988
-0.00267614
-0.0024624
-0.00224865
-0.00203486
-0.001821
-0.00160703
-0.00139312
-0.00117937
-0.000965482
-0.000751085
-0.000536427
-0.000321759
-0.000107178
-0.0288269
-0.0278249
-0.0269579
-0.0261699
-0.0254348
-0.0247476
-0.0241054
-0.0235039
-0.0229392
-0.0224078
-0.0219063
-0.0214321
-0.0209824
-0.020555
-0.0201477
-0.0197586
-0.019386
-0.0190283
-0.0186841
-0.0183522
-0.0180314
-0.0177206
-0.0174189
-0.0171254
-0.0168394
-0.0165601
-0.016287
-0.0160194
-0.0157568
-0.0154988
-0.0152449
-0.0149947
-0.014748
-0.0145043
-0.0142633
-0.014025
-0.0137888
-0.0135548
-0.0133227
-0.0130922
-0.0128634
-0.0126359
-0.0124097
-0.0121846
-0.0119606
-0.0117376
-0.0115154
-0.011294
-0.0110734
-0.0108534
-0.0106339
-0.010415
-0.0101966
-0.00997868
-0.00976112
-0.0095439
-0.00932701
-0.00911046
-0.00889419
-0.00867812
-0.00846227
-0.00824666
-0.00803126
-0.00781604
-0.00760097
-0.00738605
-0.00717126
-0.00695658
-0.00674199
-0.00652749
-0.00631309
-0.00609877
-0.00588452
-0.00567033
-0.0054562
-0.00524212
-0.0050281
-0.00481413
-0.0046002
-0.00438629
-0.00417242
-0.00395861
-0.00374482
-0.00353102
-0.00331725
-0.00310351
-0.00288977
-0.00267603
-0.00246229
-0.00224853
-0.00203474
-0.00182086
-0.00160689
-0.00139299
-0.00117929
-0.000965431
-0.000751082
-0.000536399
-0.000321651
-0.000107118
-0.027959
-0.0270335
-0.0262462
-0.025532
-0.0248623
-0.024233
-0.0236423
-0.0230869
-0.0225634
-0.0220689
-0.0216006
-0.0211561
-0.0207332
-0.0203299
-0.0199443
-0.0195747
-0.0192198
-0.0188781
-0.0185483
-0.0182294
-0.0179203
-0.0176202
-0.0173281
-0.0170433
-0.0167651
-0.0164929
-0.0162262
-0.0159644
-0.0157071
-0.0154539
-0.0152043
-0.014958
-0.0147147
-0.0144742
-0.0142362
-0.0140004
-0.0137667
-0.0135348
-0.0133046
-0.0130759
-0.0128486
-0.0126225
-0.0123976
-0.0121737
-0.0119508
-0.0117287
-0.0115074
-0.0112868
-0.0110669
-0.0108475
-0.0106286
-0.0104103
-0.0101923
-0.00997479
-0.0097576
-0.00954075
-0.0093242
-0.00910792
-0.00889189
-0.00867607
-0.00846044
-0.00824501
-0.00802977
-0.0078147
-0.00759977
-0.00738497
-0.00717029
-0.00695573
-0.00674124
-0.00652682
-0.00631248
-0.00609823
-0.00588405
-0.00566992
-0.00545584
-0.0052418
-0.00502779
-0.00481384
-0.00459993
-0.00438605
-0.0041722
-0.00395839
-0.00374463
-0.00353087
-0.00331712
-0.00310338
-0.00288963
-0.00267587
-0.00246209
-0.00224834
-0.00203459
-0.00182072
-0.00160674
-0.00139286
-0.00117919
-0.000965304
-0.000750842
-0.000536208
-0.000321661
-0.000107179
-0.0269429
-0.0261101
-0.0254146
-0.0247848
-0.0241901
-0.0236277
-0.0230967
-0.022595
-0.0221196
-0.0216683
-0.0212388
-0.0208293
-0.0204379
-0.020063
-0.019703
-0.0193566
-0.0190225
-0.0186996
-0.0183869
-0.0180834
-0.0177883
-0.0175007
-0.01722
-0.0169455
-0.0166767
-0.016413
-0.0161539
-0.015899
-0.015648
-0.0154004
-0.0151559
-0.0149142
-0.0146752
-0.0144385
-0.0142039
-0.0139712
-0.0137403
-0.0135109
-0.013283
-0.0130564
-0.012831
-0.0126066
-0.0123833
-0.0121608
-0.0119391
-0.0117182
-0.0114979
-0.0112782
-0.0110591
-0.0108405
-0.0106223
-0.0104045
-0.0101872
-0.00997014
-0.00975342
-0.00953698
-0.0093208
-0.00910486
-0.00888913
-0.00867359
-0.00845823
-0.00824304
-0.00802801
-0.00781311
-0.00759834
-0.00738369
-0.00716914
-0.00695467
-0.00674029
-0.00652597
-0.00631174
-0.00609759
-0.00588348
-0.00566941
-0.00545538
-0.00524137
-0.00502741
-0.00481351
-0.00459964
-0.00438579
-0.00417194
-0.00395814
-0.00374438
-0.00353066
-0.00331692
-0.00310318
-0.00288944
-0.00267569
-0.00246192
-0.00224817
-0.00203441
-0.00182056
-0.00160657
-0.0013927
-0.00117905
-0.000965185
-0.000750723
-0.00053611
-0.00032163
-0.000107188
-0.0257831
-0.025059
-0.0244672
-0.0239313
-0.0234208
-0.0229336
-0.0224703
-0.0220293
-0.0216087
-0.0212066
-0.0208215
-0.0204519
-0.0200966
-0.0197543
-0.0194237
-0.019104
-0.018794
-0.0184929
-0.0181999
-0.0179142
-0.0176351
-0.0173622
-0.0170947
-0.0168321
-0.0165741
-0.0163202
-0.0160699
-0.0158231
-0.0155793
-0.0153382
-0.0150997
-0.0148634
-0.0146292
-0.0143969
-0.0141663
-0.0139372
-0.0137096
-0.0134832
-0.0132579
-0.0130337
-0.0128105
-0.0125881
-0.0123665
-0.0121457
-0.0119255
-0.0117058
-0.0114868
-0.0112682
-0.01105
-0.0108323
-0.0106149
-0.0103979
-0.0101812
-0.00996473
-0.00974854
-0.00953258
-0.00931684
-0.00910129
-0.00888592
-0.00867071
-0.00845565
-0.00824072
-0.00802593
-0.00781124
-0.00759665
-0.00738215
-0.00716775
-0.00695343
-0.00673919
-0.00652501
-0.00631089
-0.00609681
-0.00588279
-0.0056688
-0.00545485
-0.00524091
-0.00502699
-0.00481311
-0.00459927
-0.00438545
-0.00417165
-0.00395787
-0.00374412
-0.00353041
-0.00331669
-0.00310293
-0.0028892
-0.00267548
-0.00246174
-0.00224795
-0.00203415
-0.0018203
-0.00160637
-0.00139254
-0.00117894
-0.000965089
-0.000750641
-0.00053604
-0.000321567
-0.000107161
-0.0244872
-0.0238883
-0.0234119
-0.0229789
-0.0225606
-0.0221563
-0.0217677
-0.0213939
-0.0210339
-0.0206865
-0.0203509
-0.0200261
-0.0197112
-0.0194054
-0.0191079
-0.0188181
-0.0185352
-0.0182587
-0.0179879
-0.0177224
-0.0174616
-0.0172051
-0.0169525
-0.0167035
-0.0164577
-0.0162149
-0.0159747
-0.0157369
-0.0155013
-0.0152677
-0.0150359
-0.0148057
-0.0145771
-0.0143497
-0.0141236
-0.0138987
-0.0136747
-0.0134516
-0.0132294
-0.013008
-0.0127872
-0.0125671
-0.0123475
-0.0121285
-0.01191
-0.0116918
-0.0114741
-0.0112568
-0.0110397
-0.010823
-0.0106065
-0.0103903
-0.0101743
-0.00995856
-0.00974298
-0.00952758
-0.00931233
-0.00909723
-0.00888226
-0.00866742
-0.00845269
-0.00823806
-0.00802354
-0.0078091
-0.00759473
-0.00738042
-0.00716619
-0.00695203
-0.00673793
-0.00652387
-0.00630986
-0.00609591
-0.005882
-0.00566809
-0.00545421
-0.00524034
-0.00502648
-0.00481265
-0.00459886
-0.00438508
-0.00417131
-0.00395756
-0.00374382
-0.00353009
-0.00331634
-0.00310265
-0.00288905
-0.00267535
-0.00246152
-0.00224768
-0.00203392
-0.00182013
-0.00160623
-0.00139239
-0.00117877
-0.000964952
-0.000750545
-0.000535977
-0.000321529
-0.000107147
-0.0230671
-0.0226119
-0.0222629
-0.0219408
-0.0216215
-0.0213064
-0.0209981
-0.0206969
-0.0204025
-0.0201145
-0.0198326
-0.0195565
-0.0192858
-0.01902
-0.0187589
-0.018502
-0.018249
-0.0179995
-0.0177533
-0.0175099
-0.0172693
-0.017031
-0.016795
-0.016561
-0.0163287
-0.0160981
-0.0158691
-0.0156413
-0.0154149
-0.0151895
-0.0149652
-0.0147418
-0.0145192
-0.0142974
-0.0140763
-0.0138559
-0.013636
-0.0134167
-0.0131978
-0.0129794
-0.0127614
-0.0125437
-0.0123264
-0.0121094
-0.0118927
-0.0116763
-0.0114601
-0.0112441
-0.0110283
-0.0108126
-0.0105972
-0.0103819
-0.0101667
-0.00995171
-0.00973681
-0.00952201
-0.00930731
-0.00909271
-0.00887819
-0.00866375
-0.00844939
-0.00823509
-0.00802086
-0.00780669
-0.00759257
-0.00737849
-0.00716446
-0.00695047
-0.00673653
-0.00652262
-0.00630875
-0.00609491
-0.00588108
-0.00566728
-0.00545349
-0.0052397
-0.00502591
-0.00481213
-0.00459837
-0.00438464
-0.00417093
-0.00395725
-0.00374355
-0.0035298
-0.00331603
-0.00310237
-0.00288881
-0.00267511
-0.00246127
-0.00224746
-0.00203372
-0.00181994
-0.00160607
-0.00139227
-0.0011787
-0.000964925
-0.000750578
-0.000535979
-0.000321425
-0.000107067
-0.0215404
-0.021254
-0.0210466
-0.0208418
-0.0206256
-0.0204034
-0.020179
-0.0199536
-0.0197279
-0.0195024
-0.0192773
-0.0190528
-0.0188291
-0.0186061
-0.0183837
-0.0181621
-0.0179411
-0.0177206
-0.0175007
-0.0172812
-0.0170622
-0.0168436
-0.0166253
-0.0164074
-0.0161897
-0.0159724
-0.0157552
-0.0155383
-0.0153217
-0.0151052
-0.0148889
-0.0146728
-0.0144568
-0.014241
-0.0140253
-0.0138097
-0.0135942
-0.0133789
-0.0131637
-0.0129485
-0.0127335
-0.0125185
-0.0123037
-0.0120889
-0.0118741
-0.0116595
-0.0114449
-0.0112304
-0.0110159
-0.0108015
-0.0105871
-0.0103728
-0.0101585
-0.00994431
-0.00973013
-0.00951599
-0.00930188
-0.00908782
-0.00887378
-0.00865978
-0.00844582
-0.00823188
-0.00801797
-0.00780408
-0.00759022
-0.00737638
-0.00716257
-0.00694878
-0.00673502
-0.00652127
-0.00630754
-0.00609382
-0.00588011
-0.00566641
-0.00545272
-0.00523903
-0.00502532
-0.0048116
-0.00459788
-0.00438416
-0.00417048
-0.00395683
-0.00374318
-0.00352952
-0.00331584
-0.00310216
-0.00288849
-0.00267479
-0.00246103
-0.00224728
-0.00203354
-0.00181973
-0.00160587
-0.00139212
-0.00117857
-0.000964793
-0.000750454
-0.000535885
-0.000321368
-0.000107044
-0.0198934
-0.0198274
-0.0197749
-0.0196902
-0.01958
-0.0194534
-0.0193154
-0.0191684
-0.0190142
-0.018854
-0.0186885
-0.0185184
-0.0183442
-0.0181664
-0.0179852
-0.0178009
-0.0176138
-0.0174242
-0.0172322
-0.0170381
-0.0168421
-0.0166443
-0.0164449
-0.0162441
-0.016042
-0.0158386
-0.0156342
-0.0154288
-0.0152226
-0.0150155
-0.0148078
-0.0145994
-0.0143904
-0.0141809
-0.013971
-0.0137606
-0.0135498
-0.0133388
-0.0131274
-0.0129157
-0.0127038
-0.0124917
-0.0122794
-0.012067
-0.0118544
-0.0116416
-0.0114287
-0.0112158
-0.0110027
-0.0107896
-0.0105764
-0.0103631
-0.0101498
-0.00993642
-0.00972301
-0.00950957
-0.00929609
-0.0090826
-0.00886908
-0.00865555
-0.008442
-0.00822844
-0.00801488
-0.0078013
-0.00758772
-0.00737414
-0.00716056
-0.00694698
-0.00673341
-0.00651983
-0.00630626
-0.00609267
-0.00587908
-0.00566549
-0.00545189
-0.00523828
-0.00502464
-0.00481097
-0.0045973
-0.00438366
-0.00417004
-0.00395644
-0.00374284
-0.00352922
-0.00331558
-0.00310193
-0.00288828
-0.00267457
-0.00246081
-0.0022471
-0.00203339
-0.00181959
-0.00160572
-0.00139197
-0.00117843
-0.000964623
-0.000750257
-0.000535741
-0.000321333
-0.000107056
-0.0181583
-0.0183323
-0.018363
-0.018359
-0.0183422
-0.0183114
-0.0182661
-0.0182074
-0.0181363
-0.0180537
-0.0179602
-0.0178564
-0.0177431
-0.017621
-0.0174906
-0.0173526
-0.0172076
-0.0170563
-0.016899
-0.0167364
-0.016569
-0.0163971
-0.0162211
-0.0160415
-0.0158586
-0.0156727
-0.0154841
-0.015293
-0.0150997
-0.0149043
-0.0147072
-0.0145084
-0.0143081
-0.0141065
-0.0139036
-0.0136997
-0.0134948
-0.0132889
-0.0130823
-0.012875
-0.012667
-0.0124584
-0.0122494
-0.0120398
-0.0118298
-0.0116194
-0.0114087
-0.0111977
-0.0109864
-0.0107748
-0.010563
-0.0103511
-0.0101389
-0.00992662
-0.00971417
-0.00950159
-0.00928891
-0.00907612
-0.00886324
-0.00865029
-0.00843726
-0.00822418
-0.00801103
-0.00779784
-0.00758461
-0.00737135
-0.00715806
-0.00694474
-0.0067314
-0.00651803
-0.00630464
-0.00609123
-0.00587779
-0.00566434
-0.00545087
-0.00523738
-0.00502384
-0.00481027
-0.00459668
-0.00438309
-0.00416951
-0.00395596
-0.00374243
-0.00352889
-0.00331529
-0.00310163
-0.00288794
-0.00267427
-0.00246064
-0.00224698
-0.00203316
-0.00181928
-0.00160558
-0.00139205
-0.0011784
-0.0009644
-0.000750012
-0.000535566
-0.000321255
-0.000107047
)
;

boundaryField
{
    inlet
    {
        type            calculated;
        value           nonuniform List<scalar> 
30
(
-0.0186721
-0.0158375
-0.0129328
-0.0100618
-0.00728524
-0.00468156
-0.00230405
-0.000187038
0.00164751
0.00318815
0.0044332
0.00538988
0.00607322
0.0065044
0.00670574
0.00670793
0.00651099
0.00608418
0.00540515
0.00445268
0.00321171
0.00167501
-0.000155786
-0.00226932
-0.00464371
-0.00724467
-0.0100189
-0.0128881
-0.0157914
-0.0186248
)
;
    }
    outlet
    {
        type            calculated;
        value           uniform 0;
    }
    top
    {
        type            calculated;
        value           nonuniform List<scalar> 
135
(
-0.0186248
-0.0186976
-0.0188753
-0.019163
-0.0196368
-0.0221084
-0.0222533
-0.0220979
-0.0221066
-0.0222154
-0.0223545
-0.0225021
-0.0226403
-0.0227465
-0.0228001
-0.0227838
-0.0226837
-0.0224911
-0.0222042
-0.0218288
-0.021378
-0.0208707
-0.020329
-0.0197756
-0.0192316
-0.0187147
-0.0182385
-0.0178123
-0.0174406
-0.0171243
-0.0168643
-0.0166601
-0.016488
-0.0163322
-0.0164739
-0.0181583
-0.0183323
-0.018363
-0.018359
-0.0183422
-0.0183114
-0.0182661
-0.0182074
-0.0181363
-0.0180537
-0.0179602
-0.0178564
-0.0177431
-0.017621
-0.0174906
-0.0173526
-0.0172076
-0.0170563
-0.016899
-0.0167364
-0.016569
-0.0163971
-0.0162211
-0.0160415
-0.0158586
-0.0156727
-0.0154841
-0.015293
-0.0150997
-0.0149043
-0.0147072
-0.0145084
-0.0143081
-0.0141065
-0.0139036
-0.0136997
-0.0134948
-0.0132889
-0.0130823
-0.012875
-0.012667
-0.0124584
-0.0122494
-0.0120398
-0.0118298
-0.0116194
-0.0114087
-0.0111977
-0.0109864
-0.0107748
-0.010563
-0.0103511
-0.0101389
-0.00992662
-0.00971417
-0.00950159
-0.00928891
-0.00907612
-0.00886324
-0.00865029
-0.00843726
-0.00822418
-0.00801103
-0.00779784
-0.00758461
-0.00737135
-0.00715806
-0.00694474
-0.0067314
-0.00651803
-0.00630464
-0.00609123
-0.00587779
-0.00566434
-0.00545087
-0.00523738
-0.00502384
-0.00481027
-0.00459668
-0.00438309
-0.00416951
-0.00395596
-0.00374243
-0.00352889
-0.00331529
-0.00310163
-0.00288794
-0.00267427
-0.00246064
-0.00224698
-0.00203316
-0.00181928
-0.00160558
-0.00139205
-0.0011784
-0.0009644
-0.000750012
-0.000535566
-0.000321255
-0.000107047
)
;
    }
    bottom
    {
        type            calculated;
        value           nonuniform List<scalar> 
135
(
-0.0186721
-0.018745
-0.018923
-0.0192107
-0.0196838
-0.0221587
-0.0223046
-0.0221495
-0.0221578
-0.0222661
-0.0224051
-0.0225512
-0.0226853
-0.0227869
-0.0228361
-0.022815
-0.0227097
-0.0225116
-0.0222187
-0.0218371
-0.0213799
-0.0208663
-0.0203188
-0.01976
-0.0192112
-0.0186901
-0.0182103
-0.017781
-0.0174072
-0.0170909
-0.0168316
-0.0166277
-0.0164558
-0.0162988
-0.0164362
-0.0181245
-0.0182993
-0.0183313
-0.0183286
-0.0183132
-0.0182836
-0.0182395
-0.0181819
-0.0181119
-0.0180303
-0.0179378
-0.017835
-0.0177226
-0.0176013
-0.0174717
-0.0173345
-0.0171903
-0.0170396
-0.0168831
-0.0167211
-0.0165543
-0.016383
-0.0162077
-0.0160287
-0.0158463
-0.015661
-0.0154728
-0.0152822
-0.0150894
-0.0148945
-0.0146978
-0.0144994
-0.0142995
-0.0140982
-0.0138957
-0.0136921
-0.0134875
-0.0132821
-0.0130757
-0.0128687
-0.012661
-0.0124527
-0.0122438
-0.0120345
-0.0118247
-0.0116146
-0.0114041
-0.0111932
-0.0109821
-0.0107708
-0.0105591
-0.0103473
-0.0101353
-0.00992317
-0.00971085
-0.0094984
-0.00928583
-0.00907316
-0.00886038
-0.00864753
-0.00843459
-0.00822159
-0.00800853
-0.00779542
-0.00758225
-0.00736904
-0.0071558
-0.00694254
-0.00672923
-0.00651589
-0.00630254
-0.00608917
-0.00587579
-0.00566236
-0.00544889
-0.00523544
-0.005022
-0.00480854
-0.00459502
-0.00438148
-0.00416792
-0.00395435
-0.00374078
-0.00352721
-0.00331362
-0.00309999
-0.00288636
-0.0026727
-0.00245899
-0.00224538
-0.00203199
-0.00181864
-0.00160517
-0.00139159
-0.00117795
-0.000964119
-0.000749852
-0.000535455
-0.000321203
-0.00010704
)
;
    }
    obstacle
    {
        type            calculated;
        value           nonuniform List<scalar> 
120
(
0.0868031
0.0837902
0.0772776
0.0692288
0.0606518
0.0516613
0.0422272
0.0323947
0.0222457
0.0118673
0.00134335
-0.00924315
-0.0198123
-0.0302894
-0.0406062
-0.0507016
-0.060518
-0.0699959
-0.0790918
-0.0877656
-0.0959787
-0.103696
-0.110888
-0.117529
-0.123602
-0.129125
-0.134165
-0.138668
-0.141845
-0.142166
-0.147722
-0.150451
-0.154756
-0.159333
-0.163526
-0.167238
-0.170456
-0.173129
-0.175272
-0.177013
-0.178367
-0.179343
-0.179948
-0.180266
-0.18042
-0.180423
-0.180274
-0.179961
-0.179362
-0.178393
-0.177044
-0.175308
-0.17317
-0.170502
-0.167285
-0.163575
-0.159381
-0.154801
-0.150494
-0.147761
0.0868264
0.0838181
0.0773045
0.0692545
0.0606777
0.0516881
0.0422536
0.0324193
0.0222675
0.0118852
0.00135684
-0.00923436
-0.0198082
-0.0302898
-0.0406105
-0.0507093
-0.0605291
-0.0700091
-0.0791074
-0.0877832
-0.0959975
-0.103716
-0.110908
-0.117549
-0.123622
-0.129146
-0.134187
-0.138693
-0.141875
-0.1422
0.0962625
0.102996
0.111601
0.120405
0.128549
0.135867
0.142337
0.147917
0.152579
0.156383
0.159414
0.161704
0.163293
0.164289
0.164779
0.164781
0.164294
0.163302
0.161716
0.159428
0.156398
0.152595
0.147935
0.142355
0.135885
0.128565
0.12042
0.111615
0.103011
0.096281
)
;
    }
    frontAndBack
    {
        type            empty;
    }
}


// ************************************************************************* //
