/*--------------------------------*- C++ -*----------------------------------*\
  =========                 |
  \\      /  F ield         | OpenFOAM: The Open Source CFD Toolbox
   \\    /   O peration     | Website:  https://openfoam.org
    \\  /    A nd           | Version:  12
     \\/     M anipulation  |
\*---------------------------------------------------------------------------*/
FoamFile
{
    format      ascii;
    class       volScalarField;
    location    "20";
    object      pPrime2Mean;
}
// * * * * * * * * * * * * * * * * * * * * * * * * * * * * * * * * * * * * * //

dimensions      [0 4 -4 0 0 0 0];

internalField   nonuniform List<scalar> 
6750
(
0.0583226
0.0582222
0.0580854
0.0579647
0.0579038
0.0585203
0.0583963
0.0581993
0.0579639
0.0577246
0.0589743
0.0588189
0.0585597
0.0582241
0.0578657
0.0596789
0.0595122
0.0592314
0.0588621
0.0584675
0.0606045
0.0604522
0.0601947
0.0598521
0.059486
0.0616945
0.0615791
0.0613819
0.0611132
0.0608249
0.0628764
0.0628149
0.0627055
0.0625455
0.0623721
0.0640737
0.0640771
0.0640732
0.0640448
0.0640119
0.0652151
0.0652881
0.0653976
0.0655114
0.0656322
0.0662407
0.0663823
0.0666036
0.0668586
0.0671336
0.0671058
0.0673099
0.0676332
0.0680179
0.0684359
0.0677817
0.0680383
0.0684473
0.0689415
0.0694816
0.0682554
0.0685518
0.0690257
0.0696033
0.0702373
0.0685273
0.0688496
0.0693653
0.0699972
0.0706928
0.068609
0.0689429
0.0694771
0.0701338
0.070858
0.0685187
0.0688507
0.0693824
0.070036
0.0707569
0.068256
0.068573
0.0690807
0.0697034
0.0703891
0.0678044
0.0680921
0.0685529
0.0691153
0.0697325
0.0671553
0.0674002
0.0677915
0.068265
0.0687822
0.066311
0.066501
0.0668029
0.0671623
0.0675524
0.0652871
0.0654129
0.06561
0.0658366
0.0660801
0.0641146
0.0641709
0.0642547
0.0643384
0.0644258
0.0628404
0.0628268
0.0627968
0.062738
0.0626713
0.061526
0.0614478
0.0613128
0.0611231
0.0609167
0.0602439
0.0601123
0.0598906
0.0595935
0.0592738
0.0590712
0.0589036
0.0586229
0.0582536
0.0578583
0.0580809
0.0578999
0.0575974
0.0572031
0.0567818
0.05733
0.0571613
0.0568817
0.0565226
0.0561397
0.0568481
0.0567119
0.0564964
0.056239
0.055977
0.0566393
0.0565291
0.0563772
0.0562393
0.0561634
0.0578535
0.0573095
0.0562642
0.0548431
0.0530716
0.0509642
0.0485302
0.0457811
0.0427419
0.0394526
0.0359696
0.0323658
0.0287268
0.0251443
0.0217081
0.0184975
0.0155743
0.0129783
0.0107259
0.00881303
0.00721916
0.00591304
0.00485811
0.00401713
0.0033553
0.00284082
0.00244808
0.0021562
0.00194961
0.00183045
0.0577689
0.0568829
0.0556159
0.0540233
0.0521121
0.0498922
0.0473804
0.044602
0.0415882
0.0383808
0.0350332
0.0316097
0.0281818
0.0248236
0.0216056
0.0185895
0.0158242
0.0133416
0.0111578
0.00927274
0.00767368
0.00633842
0.00523924
0.00434629
0.0036304
0.00306571
0.00262854
0.00229707
0.00205182
0.00188085
0.0575157
0.0564217
0.0549901
0.0532664
0.0512514
0.0489581
0.0464052
0.0436204
0.0406389
0.0375048
0.0342705
0.0309945
0.0277383
0.0245626
0.0215235
0.0186692
0.0160373
0.0136539
0.0115331
0.00967766
0.00808038
0.00672629
0.00559496
0.00466287
0.00390542
0.00329882
0.00282086
0.00244898
0.00216251
0.00194496
0.0571866
0.0559598
0.054401
0.0525782
0.0505002
0.0481732
0.0456133
0.0428475
0.0399117
0.0368498
0.0337118
0.0305514
0.0274232
0.0243795
0.0214681
0.0187294
0.0161952
0.0138876
0.0118196
0.00999473
0.00840847
0.00704968
0.00590213
0.00494621
0.00416035
0.00352221
0.00300921
0.0025999
0.00227215
0.0020226
0.0568344
0.0555063
0.053847
0.0519484
0.0498316
0.047494
0.0449488
0.0422195
0.0393393
0.0363496
0.0332967
0.03023
0.0271994
0.0242524
0.0214323
0.0187763
0.0163132
0.014064
0.0120403
0.0102458
0.0086768
0.00732341
0.00617121
0.00520249
0.00439726
0.00373412
0.00319096
0.00274574
0.00238407
0.00210768
0.0565133
0.0551026
0.0533679
0.0514127
0.049268
0.0469327
0.0444122
0.0417264
0.0389037
0.0359809
0.0330003
0.0300075
0.0270489
0.02417
0.0214126
0.0188129
0.0163997
0.0141935
0.0122058
0.0104396
0.00889075
0.00754905
0.00640005
0.0054263
0.00460837
0.00392582
0.00335666
0.00288099
0.00249059
0.00219187
0.0562617
0.0547825
0.0529882
0.0509921
0.0488278
0.0464992
0.0440067
0.0413638
0.0385942
0.0357293
0.0328068
0.0298688
0.02696
0.024125
0.0214063
0.0188413
0.01646
0.0142834
0.0123232
0.0105817
0.00905336
0.00772662
0.00658567
0.00561221
0.00478676
0.00408965
0.00349976
0.00299937
0.00258492
0.00226734
0.0561108
0.0545725
0.0527292
0.0507
0.0485248
0.0462024
0.043736
0.0411309
0.0384058
0.0355866
0.0327064
0.0298047
0.0269251
0.0241128
0.0214121
0.0188629
0.0164973
0.014338
0.0123968
0.0106751
0.00916576
0.007855
0.00672486
0.00575553
0.00492724
0.00421917
0.0036135
0.00309455
0.00266037
0.00232668
0.0560887
0.0544967
0.052609
0.0505499
0.0483659
0.0460492
0.0436036
0.0410286
0.0383366
0.0355486
0.032694
0.0298098
0.0269396
0.0241302
0.0214287
0.0188783
0.016514
0.0143601
0.012429
0.0107214
0.00922807
0.0079327
0.00681478
0.00585251
0.00502536
0.00431161
0.00369529
0.00316148
0.00271093
0.00236315
0.0562232
0.0545794
0.0526466
0.0505567
0.0483613
0.0460489
0.0436155
0.0410597
0.0383873
0.0356145
0.0327673
0.0298815
0.0270011
0.0241756
0.0214556
0.018888
0.0165111
0.0143511
0.0124212
0.0107211
0.00923978
0.00795814
0.00685294
0.0059002
0.00507699
0.00436276
0.0037401
0.00319456
0.00273031
0.00237036
0.0565432
0.0548459
0.0528634
0.0507358
0.0485223
0.0462081
0.0437785
0.041229
0.0385608
0.0357858
0.032927
0.0300196
0.0271093
0.0242487
0.0214926
0.0188922
0.0164891
0.0143117
0.0123736
0.0106741
0.00919997
0.00792969
0.0068371
0.00589554
0.00507994
0.00436903
0.00374317
0.00318855
0.00271287
0.00234257
0.057081
0.0553243
0.053283
0.0511069
0.0488653
0.0465391
0.0441013
0.0415439
0.0388629
0.0360664
0.0331756
0.0302259
0.027265
0.0243498
0.02154
0.018891
0.016448
0.0142414
0.0122858
0.0105794
0.00910743
0.00784571
0.00676521
0.00583629
0.00503084
0.00432651
0.00369965
0.00313809
0.00265339
0.00227488
0.0578738
0.0560482
0.0539357
0.0516966
0.0494145
0.0470588
0.0445977
0.0420154
0.0393024
0.0364633
0.0335183
0.0305038
0.0274706
0.0244805
0.0215984
0.0188845
0.0163874
0.0141397
0.0121566
0.0104359
0.00896076
0.00770454
0.00663519
0.00571956
0.00492584
0.00422882
0.00360414
0.00303823
0.00254751
0.0021634
0.0589676
0.0570586
0.0548583
0.0525363
0.0501939
0.0477901
0.0452873
0.0426591
0.0398918
0.0369864
0.0339625
0.0308585
0.0277295
0.0246427
0.0216688
0.0188728
0.0163067
0.0140053
0.0119847
0.010242
0.0087584
0.00750455
0.00644493
0.00554219
0.00476157
0.00407326
0.00345262
0.0028853
0.00239238
0.0020058
0.0604182
0.0584069
0.0560976
0.053668
0.0512417
0.0487659
0.046196
0.0434971
0.0406487
0.0376492
0.0345181
0.0312969
0.0280461
0.0248392
0.0217526
0.018856
0.016205
0.0138368
0.0117681
0.00999565
0.00849841
0.00724365
0.00619188
0.00530174
0.0045343
0.00385615
0.00324225
0.00267728
0.00218711
0.0018022
0.0622968
0.0601598
0.0577162
0.0551488
0.0526096
0.0500314
0.0473625
0.0445605
0.0415971
0.0384692
0.0351975
0.0318275
0.0284261
0.0250733
0.0218511
0.0188341
0.0160814
0.0136326
0.0115052
0.00969473
0.00817817
0.0069187
0.00587257
0.00499452
0.00424073
0.00357496
0.00297166
0.00241434
0.00193369
0.00155666
0.0646964
0.0624059
0.0597992
0.0570568
0.0543669
0.0516474
0.0488395
0.04589
0.0427678
0.0394688
0.0360162
0.0324608
0.0288762
0.0253487
0.0219658
0.0188069
0.0159349
0.0133915
0.0111941
0.00933712
0.00779464
0.00652605
0.00548299
0.00461607
0.00387818
0.00322879
0.00264197
0.00210031
0.00163903
0.00127931
0.0677424
0.0652661
0.0624608
0.0594945
0.0566048
0.0536929
0.0506902
0.0475366
0.0441996
0.040676
0.0369935
0.0332094
0.0294038
0.025669
0.0220977
0.018774
0.0157642
0.0131115
0.0108329
0.00892032
0.007345
0.0060626
0.00502053
0.00416496
0.00344573
0.00281968
0.00225881
0.00174523
0.00131825
0.000990509
0.0716071
0.068903
0.065852
0.062596
0.0594421
0.0562677
0.052995
0.0495633
0.0459401
0.0421254
0.0381533
0.0340883
0.0300171
0.0260376
0.0222477
0.018735
0.0155684
0.0127912
0.0104191
0.00844164
0.00682684
0.00552679
0.004485
0.00364318
0.00294836
0.00235595
0.00183661
0.00137104
0.00100093
0.000727178
0.0765308
0.0735372
0.0701745
0.0665381
0.0630296
0.0594944
0.055855
0.0520484
0.0480474
0.0438581
0.0395228
0.0351137
0.0307244
0.0264581
0.0224165
0.0186897
0.0153465
0.0124292
0.00995109
0.00789946
0.00623939
0.00492
0.00388112
0.00306061
0.00240254
0.00186083
0.00140705
0.0010214
0.000742147
0.000555275
0.0828502
0.0794737
0.0757062
0.0715641
0.0675653
0.0635366
0.0593976
0.0550896
0.0505926
0.0459227
0.0411325
0.0363032
0.0315347
0.0269342
0.0226054
0.0186377
0.0150978
0.0120245
0.00942851
0.00729441
0.00558533
0.00424835
0.00322064
0.00243708
0.00183875
0.001379
0.00102973
0.000777008
0.000642218
0.000593564
0.0910361
0.0871353
0.0828305
0.0779973
0.0733203
0.0686117
0.063791
0.0588103
0.0536618
0.0483759
0.0430176
0.0376769
0.0324585
0.0274708
0.0228158
0.0185788
0.0148212
0.0115769
0.00885243
0.00663025
0.00487247
0.00352581
0.00252693
0.00180947
0.00131277
0.00099045
0.00081578
0.000782495
0.000877849
0.00105331
0.101726
0.0970958
0.0920716
0.0862779
0.0806583
0.0750077
0.0692494
0.0633626
0.0573584
0.0512848
0.0452193
0.0392584
0.0335081
0.0280733
0.0230491
0.0185124
0.014516
0.0110867
0.00822647
0.00591544
0.00411633
0.00277839
0.0018416
0.00124218
0.000920653
0.000832365
0.000951638
0.00128397
0.00174341
0.00228545
0.115723
0.110102
0.104102
0.0969839
0.0900519
0.0830851
0.0760384
0.0689328
0.0618071
0.0547288
0.0477854
0.0410747
0.0346968
0.0287465
0.0233056
0.0184369
0.0141811
0.0105558
0.0075573
0.00516469
0.00334365
0.00205035
0.00123457
0.000842635
0.000822754
0.00113266
0.00174665
0.00267764
0.00369758
0.00481018
0.13396
0.127022
0.119747
0.110834
0.102084
0.0932786
0.0844711
0.075737
0.0671504
0.0587975
0.0507685
0.0431533
0.0360366
0.0294931
0.0235829
0.0183483
0.0138131
0.00998387
0.00685184
0.0043971
0.00259268
0.0014086
0.000814176
0.000777736
0.00126565
0.00224086
0.00366317
0.00553284
0.00737377
0.00930113
0.157399
0.14874
0.139814
0.128511
0.11727
0.105982
0.0948305
0.0839721
0.0735214
0.0635767
0.0542206
0.0455225
0.0375394
0.030314
0.0238743
0.0182348
0.013398
0.00935815
0.0061039
0.00362168
0.00189991
0.000932968
0.000722787
0.00127434
0.00258395
0.00461838
0.00729745
0.0105536
0.0135248
0.0165465
0.186542
0.175647
0.164507
0.150146
0.135733
0.121339
0.107287
0.0938284
0.0811152
0.0692499
0.0582996
0.0483056
0.0392885
0.0312518
0.0241855
0.0180718
0.0128909
0.0086264
0.00526883
0.00281914
0.0012917
0.000716584
0.00113833
0.00260538
0.00514569
0.00872084
0.0131842
0.0183372
0.0228776
0.0273327
0.223379
0.208743
0.194001
0.17606
0.158152
0.140383
0.123135
0.106713
0.0913103
0.0770607
0.0640462
0.0523053
0.041842
0.0326345
0.0246462
0.0178364
0.0121708
0.00762944
0.0042114
0.00193632
0.000842873
0.000984263
0.00241877
0.00519308
0.00931699
0.0147235
0.0212311
0.02862
0.0356433
0.0426182
0.280558
0.261668
0.242593
0.220477
0.198172
0.175646
0.153419
0.131993
0.111756
0.0930127
0.0759626
0.060708
0.0472746
0.0356365
0.0257436
0.0175444
0.0110054
0.00611952
0.00291269
0.00143535
0.0017449
0.00388181
0.0078396
0.0135358
0.0207924
0.0293074
0.0386899
0.0487175
0.0576093
0.0666911
0.458666
0.424767
0.386317
0.347228
0.308233
0.269322
0.231362
0.195182
0.16146
0.130724
0.10331
0.0793631
0.0588826
0.0417807
0.0279439
0.0172854
0.00978206
0.0054942
0.00455042
0.0071184
0.0133558
0.0233461
0.0370366
0.0541916
0.0743786
0.0969708
0.121179
0.146811
0.173257
0.197427
0.0578572
0.0575857
0.0573189
0.0570856
0.0568956
0.0567588
0.0566957
0.0567305
0.0568893
0.0572006
0.0576955
0.0584099
0.0593854
0.0606723
0.0623321
0.0644417
0.0671004
0.0704429
0.0746565
0.0800051
0.0868628
0.0957558
0.107395
0.122654
0.142533
0.168109
0.200531
0.243275
0.308006
0.496456
0.0575299
0.0573425
0.0571837
0.0570681
0.0570239
0.0570618
0.0571966
0.0574471
0.0578355
0.0583884
0.0591369
0.0601185
0.0613781
0.0629705
0.0649637
0.0674435
0.0705226
0.0743533
0.0791453
0.0851906
0.0928993
0.102841
0.115778
0.132633
0.154453
0.182495
0.218779
0.267494
0.337831
0.53709
0.0576834
0.0576827
0.0577115
0.057774
0.0579015
0.0581122
0.0584267
0.0588671
0.0594583
0.0602288
0.0612118
0.0624472
0.0639828
0.0658782
0.0682069
0.0710638
0.0745746
0.0789077
0.084294
0.091051
0.09962
0.11061
0.124825
0.143224
0.166875
0.197205
0.237019
0.291171
0.365433
0.582135
0.0583525
0.0585425
0.0587596
0.0590065
0.0593193
0.0597202
0.0602319
0.0608793
0.0616897
0.0626942
0.0639292
0.0654373
0.0672705
0.0694923
0.0721829
0.075445
0.0794147
0.0842741
0.0902674
0.0977275
0.107111
0.11904
0.13432
0.153886
0.178751
0.21048
0.25293
0.31264
0.389602
0.630521
0.05946
0.0598222
0.060219
0.0606493
0.0611516
0.0617516
0.0624748
0.0633476
0.0643992
0.0656631
0.067178
0.06899
0.0711549
0.073741
0.0768343
0.0805457
0.0850213
0.0904534
0.0970966
0.105292
0.115499
0.128337
0.144587
0.165117
0.190835
0.223431
0.268041
0.333847
0.411478
0.68172
0.0609019
0.0614151
0.0619785
0.0625874
0.0632795
0.0640826
0.0650247
0.0661341
0.067442
0.0689835
0.0707999
0.0729397
0.0754624
0.0784404
0.0819651
0.0861545
0.091162
0.0971877
0.104491
0.113413
0.124406
0.138067
0.155132
0.176365
0.202539
0.235461
0.281862
0.355051
0.431208
0.737659
0.0625621
0.0632064
0.0639211
0.0647004
0.0655787
0.0665847
0.0677478
0.069098
0.0706685
0.0724962
0.0746244
0.0771041
0.0799969
0.0833791
0.0873466
0.0920225
0.0975655
0.104179
0.112122
0.121729
0.133437
0.147811
0.16552
0.187202
0.213459
0.246212
0.294082
0.376704
0.449346
0.801038
0.0643212
0.0650782
0.065928
0.0668659
0.0679225
0.0691258
0.0705056
0.0720934
0.0739236
0.0760351
0.0784727
0.0812894
0.0845486
0.0883292
0.0927306
0.0978792
0.103936
0.111104
0.119639
0.129865
0.142197
0.157162
0.175359
0.197274
0.223308
0.255466
0.304454
0.399232
0.466646
0.874755
0.0660622
0.0669157
0.0678841
0.068966
0.0701881
0.0715772
0.0731626
0.0749765
0.0770541
0.0794356
0.0821671
0.085303
0.0889081
0.0930632
0.0978697
0.103455
0.109981
0.117647
0.126704
0.137464
0.150319
0.165762
0.18432
0.206312
0.231896
0.263128
0.312799
0.422937
0.48403
0.961144
0.0676794
0.0686145
0.0696853
0.0708942
0.0722648
0.0738222
0.0755951
0.0776155
0.0799188
0.0825459
0.0855436
0.0889672
0.0928831
0.0973728
0.102538
0.108507
0.115439
0.12353
0.133025
0.144224
0.157502
0.173322
0.192148
0.21412
0.239116
0.269213
0.319052
0.447877
0.502452
1.06084
0.0690868
0.070089
0.0712454
0.0725623
0.0740606
0.0757638
0.0776996
0.0798991
0.0823979
0.0852368
0.0884631
0.0921327
0.0963127
0.101085
0.106551
0.112837
0.120101
0.128535
0.138378
0.149922
0.163526
0.179636
0.198667
0.220577
0.244926
0.273818
0.323298
0.473732
0.522591
1.1714
0.070221
0.0712764
0.0725012
0.0739054
0.0755075
0.0773298
0.0793984
0.0817439
0.0844013
0.0874114
0.0908218
0.0946886
0.099079
0.104075
0.109776
0.116308
0.123826
0.13252
0.142624
0.15442
0.168262
0.184587
0.203777
0.22562
0.249334
0.277086
0.325773
0.499629
0.544432
1.286
0.0710447
0.0721391
0.0734148
0.0748845
0.0765646
0.078476
0.080644
0.0830982
0.0858736
0.0890107
0.0925572
0.096569
0.101113
0.10627
0.11214
0.118847
0.126544
0.13542
0.145702
0.15767
0.171671
0.188143
0.207455
0.229242
0.25239
0.279175
0.326825
0.524088
0.566913
1.39374
0.0715448
0.0726647
0.0739738
0.0754864
0.0772175
0.0791871
0.0814194
0.083944
0.0867956
0.0900148
0.0936489
0.0977535
0.102395
0.107654
0.113629
0.120445
0.128252
0.137238
0.147629
0.159697
0.173791
0.190352
0.209748
0.231499
0.254199
0.280264
0.326856
0.544637
0.587376
1.48113
0.0717309
0.0728631
0.0741884
0.0757218
0.0774774
0.0794746
0.0817373
0.0842951
0.0871827
0.0904406
0.0941158
0.0982634
0.102949
0.108255
0.114279
0.121144
0.129003
0.138041
0.148481
0.160596
0.174733
0.191336
0.210781
0.232525
0.254981
0.280664
0.326453
0.556449
0.600295
1.53092
0.0716282
0.0727608
0.0740867
0.0756204
0.0773759
0.0793725
0.0816346
0.0841914
0.0870778
0.0903342
0.0940073
0.0981523
0.102835
0.108138
0.11416
0.121024
0.128883
0.137922
0.148365
0.160484
0.174627
0.19124
0.210696
0.232451
0.254916
0.280611
0.326337
0.556232
0.600138
1.53283
0.0712362
0.0723577
0.0736684
0.0751823
0.0769136
0.0788823
0.0811129
0.083635
0.0864834
0.0896983
0.0933267
0.0974239
0.102057
0.107308
0.113278
0.120091
0.127899
0.13689
0.147289
0.15937
0.173484
0.190071
0.209501
0.231285
0.254011
0.280109
0.32653
0.54406
0.586966
1.4866
0.070532
0.0716293
0.0729083
0.0743812
0.0760631
0.0779748
0.0801414
0.0825927
0.0853637
0.0884945
0.0920324
0.0960334
0.100565
0.105711
0.111573
0.118276
0.125976
0.13486
0.145158
0.157148
0.171182
0.187698
0.207063
0.228901
0.252094
0.278933
0.326357
0.523344
0.566397
1.40207
0.0695111
0.0705707
0.0718009
0.073211
0.0748178
0.0766428
0.078712
0.0810557
0.0837087
0.0867116
0.0901117
0.0939657
0.0983419
0.103324
0.109016
0.115544
0.123066
0.131773
0.141899
0.153728
0.167617
0.184
0.203258
0.225164
0.248947
0.27678
0.325265
0.498944
0.543966
1.2964
0.0681907
0.0691989
0.0703631
0.0716891
0.0731956
0.0749051
0.0768446
0.0790448
0.0815407
0.0843728
0.0875888
0.0912449
0.09541
0.100169
0.105625
0.111908
0.119177
0.127628
0.1375
0.149085
0.162746
0.178925
0.198031
0.220015
0.244462
0.273477
0.322863
0.473302
0.522303
1.18315
0.0666126
0.0675559
0.0686372
0.0698587
0.0712413
0.0728091
0.0745897
0.0766143
0.0789177
0.0815403
0.0845291
0.0879402
0.0918419
0.0963185
0.101475
0.107442
0.114381
0.122492
0.13202
0.143267
0.156607
0.172499
0.191401
0.213458
0.238588
0.268875
0.318801
0.447842
0.502446
1.07333
0.064843
0.0657079
0.0666902
0.0677886
0.0690268
0.0704305
0.0720281
0.0738506
0.0759326
0.0783134
0.0810393
0.0841653
0.0877584
0.0919022
0.0967009
0.102286
0.10882
0.116507
0.125599
0.136408
0.149324
0.164835
0.183466
0.205554
0.231319
0.262836
0.312823
0.423367
0.484391
0.973897
0.06297
0.0637429
0.0646109
0.0655697
0.0666469
0.0678694
0.069266
0.0708675
0.0727072
0.0748233
0.0772602
0.0800713
0.0833218
0.087093
0.0914878
0.0966359
0.102701
0.10989
0.118457
0.128728
0.141114
0.156138
0.174402
0.19643
0.222702
0.255263
0.304811
0.400137
0.46745
0.887459
0.0610995
0.0617654
0.062504
0.0633093
0.0642131
0.0652431
0.0664279
0.067797
0.0693827
0.0712211
0.0733546
0.075834
0.0787217
0.0820963
0.0860568
0.0907311
0.0962812
0.102912
0.110883
0.120527
0.132278
0.146697
0.164469
0.186284
0.212846
0.246136
0.294787
0.378052
0.450667
0.813548
0.0593479
0.0598897
0.0604832
0.0611236
0.061846
0.0626776
0.0636461
0.0647794
0.0661079
0.0676658
0.0694931
0.0716375
0.0741581
0.0771291
0.080646
0.0848315
0.0898427
0.0958815
0.103206
0.112155
0.123178
0.136874
0.154001
0.175393
0.201945
0.23554
0.282904
0.3568
0.43313
0.749984
0.0578343
0.058232
0.058665
0.0591315
0.0596679
0.0602998
0.0610525
0.0619524
0.0630282
0.0643121
0.0658414
0.0676608
0.0698251
0.0724044
0.0754885
0.0791933
0.0836694
0.0891103
0.0957686
0.103982
0.114209
0.127075
0.143395
0.164117
0.190287
0.223678
0.269385
0.335961
0.414088
0.69399
0.0566738
0.0569058
0.0571639
0.0574498
0.057798
0.058231
0.0587721
0.0594463
0.0602803
0.0613045
0.0625536
0.0640688
0.0659011
0.0681155
0.0707956
0.0740497
0.0780183
0.0828842
0.088889
0.0963626
0.105763
0.117725
0.133093
0.152892
0.178276
0.2109
0.254539
0.315102
0.39299
0.642947
0.0559687
0.0560162
0.0560893
0.0561902
0.05635
0.0565882
0.0569266
0.0573878
0.0579966
0.0587806
0.0597724
0.0610107
0.0625431
0.0644298
0.0667483
0.0695979
0.0731084
0.0774493
0.0828482
0.089622
0.0982173
0.10926
0.123597
0.142281
0.166514
0.197806
0.238862
0.293983
0.369678
0.594947
0.0557963
0.0556622
0.0555468
0.055464
0.0554433
0.055498
0.0556449
0.0559036
0.0562968
0.0568511
0.0575978
0.0585744
0.0598264
0.0614098
0.0633953
0.0658719
0.0689554
0.0727993
0.0776126
0.0836893
0.0914475
0.101477
0.114581
0.131774
0.15421
0.183221
0.220742
0.270547
0.342749
0.550229
0.0561387
0.0559145
0.0556756
0.0554593
0.0552776
0.055142
0.0550741
0.0550992
0.0552449
0.055541
0.0560197
0.056718
0.0576793
0.0589559
0.0606112
0.0627233
0.0653926
0.0687557
0.0730041
0.0784061
0.0853437
0.0943619
0.106211
0.121847
0.142347
0.168853
0.202477
0.246435
0.31335
0.509835
0.471887
0.437394
0.397802
0.357257
0.316751
0.276404
0.23714
0.199822
0.165142
0.133627
0.105604
0.0812013
0.0603992
0.0430912
0.0291479
0.0184697
0.0110242
0.0068674
0.00612442
0.00895915
0.0155234
0.0258887
0.0399808
0.0575312
0.0780651
0.100906
0.125222
0.150797
0.177001
0.200892
0.28614
0.267391
0.248085
0.225349
0.202317
0.179083
0.156223
0.134266
0.113608
0.0945469
0.0772659
0.0618515
0.0483141
0.0366152
0.0266939
0.0184902
0.0119629
0.00709643
0.00391
0.002448
0.00276238
0.00488918
0.00881819
0.0144634
0.0216435
0.0300505
0.039296
0.0491721
0.0578144
0.0667755
0.226685
0.212288
0.197572
0.179382
0.161088
0.142902
0.125255
0.108485
0.0927986
0.0783309
0.0651566
0.0533041
0.0427664
0.0335119
0.0254949
0.0186661
0.0129823
0.00841292
0.00494621
0.00259106
0.00137743
0.00135387
0.0025795
0.0051078
0.00896096
0.0140882
0.0203323
0.0275048
0.0343274
0.0412465
0.188505
0.177744
0.166618
0.152103
0.137478
0.122872
0.108628
0.0950088
0.0821675
0.0702056
0.0591863
0.0491457
0.0400996
0.0320466
0.0249719
0.018852
0.0136599
0.0093701
0.00596255
0.00342828
0.00177552
0.00103534
0.00126192
0.00252021
0.0048564
0.00824666
0.0125532
0.0175841
0.0220618
0.02652
0.158153
0.149546
0.140595
0.129212
0.11791
0.106596
0.0954442
0.0845978
0.0741631
0.0642335
0.0548905
0.0462039
0.0382313
0.0310157
0.0245844
0.0189489
0.0141067
0.0100447
0.0067429
0.00418032
0.00234267
0.00122959
0.000857402
0.00125165
0.00242842
0.00436614
0.00698339
0.0101997
0.0131643
0.0161849
0.133806
0.126885
0.11958
0.110652
0.101939
0.0932305
0.0845462
0.0759391
0.0674673
0.0592084
0.0512516
0.0436896
0.0366113
0.0300951
0.0242027
0.0189755
0.014434
0.0105794
0.00739741
0.00486467
0.0029553
0.001647
0.000923085
0.000769039
0.001166
0.00208464
0.00348245
0.00534667
0.00720054
0.00913203
0.114956
0.109355
0.103349
0.096265
0.0894261
0.0826091
0.0757421
0.0688215
0.0618659
0.0549309
0.0481
0.041473
0.0351551
0.029246
0.0238303
0.0189712
0.0147073
0.0110533
0.00800374
0.005538
0.00362613
0.00223279
0.00131901
0.000842292
0.000759032
0.00103076
0.00163072
0.0025665
0.00361134
0.00474979
0.100572
0.0959785
0.0909754
0.0852471
0.0797424
0.0742582
0.068696
0.0630151
0.0572065
0.0513037
0.0453772
0.0395231
0.033851
0.0284708
0.0234804
0.0189576
0.0149544
0.011497
0.00858837
0.00621235
0.00433811
0.00292308
0.00191549
0.00125773
0.000893335
0.000778106
0.000885608
0.00122044
0.0017026
0.00227618
0.0896476
0.0857908
0.0815252
0.0767707
0.0722148
0.0676724
0.0630471
0.0582754
0.0533315
0.048231
0.043029
0.0378127
0.0326885
0.0277688
0.0231581
0.0189424
0.0151831
0.0119152
0.0091487
0.0068717
0.00505398
0.00364988
0.00260201
0.00184692
0.00132367
0.000983697
0.000798673
0.000761982
0.000867962
0.00106389
0.0813089
0.0779748
0.0742545
0.070201
0.0663209
0.0624517
0.0585009
0.0543978
0.0501067
0.0456293
0.0410071
0.036316
0.0316559
0.0271364
0.0228634
0.0189267
0.0153933
0.0123042
0.00967475
0.00749673
0.00574142
0.00436312
0.00330346
0.00249828
0.00188644
0.00141738
0.00105987
0.000798023
0.000660561
0.000616577
0.0748844
0.0719267
0.0686131
0.0650638
0.0616722
0.0582893
0.0548297
0.0512214
0.047424
0.0434302
0.0392705
0.0350107
0.0307421
0.0265692
0.022595
0.0189098
0.0155829
0.0126591
0.0101574
0.00807272
0.00637863
0.00503115
0.00397367
0.00314395
0.00248263
0.00193845
0.0014782
0.00107985
0.000787526
0.000591869
0.0698844
0.0672069
0.0642035
0.0610315
0.0579921
0.0549621
0.0518616
0.0486207
0.0451964
0.0415765
0.0377842
0.0338767
0.0299372
0.0260626
0.022351
0.0188903
0.0157498
0.0129759
0.0105903
0.00859053
0.00695277
0.00563577
0.00458618
0.00374486
0.00305478
0.00246546
0.00194108
0.00146078
0.00107066
0.00077853
0.0659648
0.0635026
0.0607405
0.0578541
0.0550741
0.0523043
0.0494669
0.0464972
0.0433528
0.04002
0.036518
0.0328972
0.0292327
0.0256131
0.02213
0.0188672
0.0158925
0.0132526
0.0109704
0.00904574
0.0074576
0.00616792
0.00512698
0.00427947
0.00357071
0.00295111
0.00238725
0.00185866
0.00140823
0.00105639
0.0628822
0.0605918
0.0580227
0.055357
0.0527735
0.0501915
0.047545
0.0447719
0.041834
0.0387197
0.0354458
0.0320572
0.0286208
0.0252171
0.0219305
0.0188401
0.0160109
0.0134887
0.0112971
0.00943755
0.00789167
0.00662446
0.00558969
0.00473624
0.00401241
0.00337218
0.00278452
0.0022293
0.00174453
0.00135871
0.0604611
0.0583129
0.0559028
0.0534093
0.050973
0.0485257
0.0460126
0.0433785
0.0405906
0.0376409
0.0345453
0.0313434
0.0280946
0.0248715
0.0217519
0.0188094
0.0161059
0.0136856
0.011572
0.00976784
0.00825666
0.00700618
0.00597392
0.00511284
0.00437513
0.00372021
0.00311838
0.00255082
0.00205009
0.0016487
0.0585745
0.0565459
0.0542671
0.0519077
0.0495795
0.0472264
0.0448016
0.0422624
0.0395817
0.0367549
0.0337973
0.0307437
0.0276471
0.0245731
0.0215932
0.0187758
0.0161793
0.0138458
0.0117982
0.0100399
0.00855588
0.00731654
0.00628276
0.00541165
0.00466108
0.0039949
0.0033851
0.0028147
0.0023105
0.00190637
0.0571278
0.0551992
0.0530263
0.0507694
0.0485176
0.0462265
0.0438577
0.0413804
0.0387745
0.0360379
0.0331849
0.030247
0.0272716
0.0243186
0.0214536
0.0187403
0.0162332
0.0139723
0.0119793
0.0102575
0.00879355
0.00756006
0.00652139
0.00563901
0.00487608
0.00420088
0.00358727
0.00301985
0.00251997
0.00212085
0.0560472
0.0542011
0.0521115
0.0499298
0.0477293
0.0454761
0.04314
0.0407003
0.0381438
0.0354702
0.0326936
0.0298429
0.0269617
0.0241047
0.0213323
0.0187037
0.0162698
0.0140679
0.0121184
0.0104246
0.0089739
0.00774162
0.00669574
0.00580198
0.00502717
0.00434468
0.00372977
0.00316854
0.00267722
0.00228691
0.0552732
0.0534945
0.05147
0.0493416
0.0471723
0.0449392
0.042619
0.0401984
0.0376699
0.035036
0.032311
0.0295227
0.0267115
0.0239281
0.0212283
0.0186668
0.0162909
0.0141351
0.0122187
0.0105444
0.00910078
0.00786571
0.0068107
0.00590531
0.00512032
0.0044322
0.0038173
0.00326391
0.00278339
0.00240367
0.0547574
0.053034
0.0510608
0.0489704
0.0468177
0.0445915
0.0422739
0.0398568
0.037338
0.0347229
0.0320273
0.0292788
0.026516
0.0237861
0.0211405
0.0186298
0.0162976
0.0141759
0.0122823
0.0106195
0.00917729
0.00793589
0.0068703
0.00595368
0.00515985
0.00446637
0.00385421
0.00330987
0.00284138
0.0024734
0.0544604
0.0527843
0.0508527
0.048791
0.0466466
0.0444166
0.04209
0.0396626
0.0371367
0.0345214
0.0318351
0.029106
0.0263716
0.0236764
0.0210679
0.0185927
0.0162906
0.0141912
0.0123107
0.0106518
0.00920549
0.00795466
0.00687735
0.00594991
0.00514923
0.00445341
0.00384547
0.00331123
0.00285571
0.0025002
0.0543483
0.0527172
0.0508224
0.0487837
0.0466441
0.0444025
0.0420571
0.0396067
0.0370582
0.0344251
0.0317293
0.0290005
0.0262759
0.0235976
0.0210098
0.0185551
0.0162701
0.0141817
0.0123047
0.0106422
0.0091868
0.00792371
0.00683395
0.00589664
0.00509152
0.00439627
0.00379507
0.00327298
0.00283175
0.00248969
0.0543907
0.0528068
0.0509485
0.0489318
0.0467958
0.0445408
0.0421676
0.0396825
0.0370971
0.0344301
0.0317073
0.0289608
0.0262279
0.0235491
0.0209656
0.0185166
0.0162355
0.0141468
0.0122643
0.0105913
0.00912213
0.00784446
0.00674205
0.00579651
0.00498866
0.00429837
0.00370789
0.00320019
0.00277549
0.00244807
0.0545578
0.0530282
0.0512121
0.0492212
0.0470902
0.0448202
0.0424144
0.0398853
0.0372508
0.0345351
0.0317693
0.0289878
0.0262287
0.0235315
0.0209353
0.0184764
0.0161855
0.0140852
0.0121884
0.0104987
0.00901195
0.00771832
0.00660387
0.00565213
0.0048448
0.00416363
0.0035873
0.00309869
0.00269349
0.00238222
0.0548197
0.0533558
0.0515948
0.0496383
0.0475189
0.0452331
0.0427915
0.0402118
0.0375186
0.0347421
0.0319183
0.029085
0.0262813
0.0235467
0.0209193
0.0184334
0.016118
0.0139943
0.0120746
0.0103629
0.00885628
0.00754685
0.00642233
0.00546754
0.00466498
0.00399563
0.00343888
0.00297411
0.00259211
0.00229971
0.055144
0.0537626
0.0520746
0.0501695
0.0480665
0.0457698
0.0432931
0.0406604
0.037903
0.0350564
0.0321615
0.0292597
0.0263918
0.0235986
0.0209187
0.0183863
0.0160297
0.0138698
0.0119189
0.0101811
0.00865421
0.0073314
0.00620086
0.00524761
0.00445424
0.00380136
0.00326826
0.00283265
0.00247851
0.00220852
0.0554923
0.054216
0.0526256
0.0507887
0.048716
0.0464175
0.0439131
0.0412321
0.0384111
0.0354896
0.0325124
0.0295249
0.0265707
0.0236938
0.0209356
0.0183328
0.0159153
0.0137048
0.0117144
0.00994794
0.00840311
0.00707233
0.00594271
0.00499786
0.00421954
0.00358785
0.00308119
0.00267883
0.0023601
0.00211732
0.0558143
0.0546767
0.0532122
0.0514632
0.0494402
0.0471599
0.0446464
0.0419319
0.0390558
0.0360603
0.0329922
0.0299008
0.0268344
0.0238428
0.0209738
0.0182702
0.015767
0.0134891
0.0114507
0.00965539
0.00809839
0.00676883
0.00565056
0.00472401
0.00396884
0.00336413
0.00288887
0.00252202
0.00224314
0.00203494
0.0560664
0.0551423
0.0538359
0.0522056
0.0502675
0.0480406
0.0455486
0.042823
0.0399042
0.0368354
0.0336631
0.0304397
0.027222
0.0240691
0.0210409
0.0181924
0.0155685
0.0132
0.0111029
0.00927927
0.00771908
0.00640418
0.00531211
0.0044183
0.00369903
0.00313141
0.00269306
0.00236449
0.00212629
0.00196546
0.0561823
0.0555908
0.0544853
0.0530028
0.0511797
0.049038
0.0466019
0.0438958
0.0409497
0.0378061
0.0345122
0.0311267
0.0277185
0.0243618
0.0211335
0.0181047
0.0153332
0.0128574
0.0106946
0.00884375
0.00728793
0.00599982
0.0049484
0.00410229
0.00343106
0.00290756
0.00250958
0.00221759
0.00201579
0.00190638
0.225705
0.0801831
0.0513684
0.0330004
0.0203581
0.0118823
0.00647526
0.00328822
0.00160848
0.000855969
0.000624546
0.000667398
0.000844696
0.00107785
0.00132187
0.00155098
0.00175103
0.00191507
0.00204088
0.00212925
0.00218263
0.00220464
0.00219968
0.0021726
0.00212837
0.00207189
0.00200772
0.00193933
0.00187123
0.00181514
0.258107
0.0951728
0.0617336
0.0401696
0.0252923
0.0153752
0.0088908
0.0048808
0.00258639
0.0013921
0.00085475
0.000692127
0.000735501
0.000885319
0.00108223
0.00129056
0.00148928
0.00166634
0.00181525
0.00193345
0.00202096
0.0020795
0.00211181
0.00212108
0.0021107
0.00208411
0.00204488
0.00199653
0.00194405
0.00188833
0.297332
0.109203
0.0722022
0.0473802
0.0304296
0.0191938
0.0117046
0.00688778
0.00395569
0.00227372
0.00137457
0.000949672
0.000806213
0.000825439
0.00093393
0.00108587
0.00125257
0.00141622
0.00156575
0.00169483
0.00180059
0.00188248
0.00194137
0.00197904
0.00199771
0.00199997
0.00198867
0.0019663
0.00193576
0.00189568
0.343719
0.121221
0.0821631
0.0536314
0.0350491
0.0229386
0.0147182
0.00922682
0.00569403
0.00350729
0.00220295
0.00146295
0.00107984
0.000919953
0.000897226
0.000955828
0.0010591
0.00118285
0.001311
0.00143306
0.0015427
0.00163654
0.0017132
0.00177263
0.00181563
0.00184346
0.00185773
0.00185992
0.00185225
0.00183338
0.398202
0.132005
0.0924979
0.0596369
0.0397139
0.026955
0.0181139
0.0119944
0.00786229
0.00514318
0.00339004
0.00228477
0.00161152
0.00122531
0.00102884
0.000956557
0.000963775
0.00101959
0.00110251
0.00119747
0.00129423
0.00138607
0.00146885
0.00154028
0.00159927
0.00164561
0.00167971
0.00170229
0.001715
0.00171616
0.463319
0.141532
0.103502
0.0651817
0.0442476
0.0310818
0.0217483
0.0150812
0.01039
0.00714713
0.00493152
0.00343343
0.00243541
0.00178598
0.00137932
0.00114164
0.00102097
0.00098014
0.000992192
0.00103747
0.00110164
0.00117441
0.00124858
0.00131926
0.00138331
0.00143884
0.00148502
0.00152172
0.00154969
0.00156672
0.542148
0.150121
0.115626
0.0701168
0.0485628
0.0352037
0.025486
0.0183554
0.0131625
0.00942863
0.00676301
0.00486912
0.00353259
0.00259952
0.00195878
0.00153026
0.00125604
0.00109367
0.0010114
0.000985259
0.000997083
0.0010331
0.00108302
0.00113929
0.00119652
0.00125105
0.00130062
0.00134398
0.00138074
0.00140819
0.637747
0.15835
0.129364
0.0743205
0.0526101
0.0392034
0.0291752
0.0216573
0.0160264
0.0118508
0.00876948
0.00650025
0.00483379
0.0036164
0.00273422
0.00210296
0.00166032
0.00135979
0.00116591
0.00105119
0.000994145
0.000977961
0.000989516
0.00101872
0.00105795
0.00110169
0.00114607
0.00118853
0.00122747
0.00125971
0.752123
0.167034
0.14516
0.0777055
0.0563587
0.0429517
0.0326556
0.0248187
0.0188148
0.0142563
0.0108095
0.00820415
0.00623597
0.00475229
0.00363832
0.00280743
0.0021945
0.00175018
0.00143642
0.00122324
0.0010867
0.00100752
0.000970241
0.000962558
0.000974816
0.000999625
0.00103152
0.00106656
0.00110189
0.00113389
0.885091
0.177159
0.16327
0.0802478
0.0597856
0.0463178
0.0357781
0.0276847
0.0213713
0.016494
0.0127414
0.00985175
0.00762405
0.00590676
0.00458489
0.00357099
0.00279833
0.00221589
0.00178398
0.0014711
0.00125172
0.00110491
0.00101344
0.000963244
0.000942929
0.000943461
0.000957849
0.000980801
0.00100831
0.00103629
1.03229
0.189584
0.183583
0.0819937
0.0628547
0.0491834
0.0384239
0.0301325
0.0235709
0.01844
0.0144452
0.0113287
0.00889119
0.00698178
0.00548576
0.00431537
0.00340344
0.00269813
0.00215893
0.00175348
0.00145545
0.00124294
0.0010976
0.00100409
0.000949676
0.00092397
0.000918672
0.00092728
0.000944745
0.000966511
1.18394
0.204613
0.205394
0.0830507
0.0655009
0.0514608
0.0405164
0.0320815
0.0253298
0.0200086
0.0158344
0.0125489
0.00995293
0.00789635
0.0062646
0.00497018
0.00394589
0.00313978
0.00251106
0.00202706
0.00166107
0.00139078
0.00119724
0.0010643
0.000978303
0.000927845
0.000903595
0.000898065
0.000905323
0.000920367
1.32539
0.221537
0.227291
0.0835611
0.067631
0.053107
0.0420242
0.0334947
0.0266081
0.0211562
0.0168603
0.0134596
0.0107542
0.00859436
0.0068661
0.00548214
0.00437555
0.00349455
0.00279842
0.00225449
0.00183598
0.00152043
0.00128862
0.00112399
0.00101231
0.000941531
0.000901587
0.000884256
0.000882926
0.000892202
1.439
0.238088
0.246736
0.0836778
0.069144
0.0541293
0.0429585
0.0343756
0.0274055
0.0218759
0.0175089
0.0140404
0.0112696
0.00904701
0.00725926
0.0058195
0.00466102
0.00373228
0.00299275
0.00240989
0.00195693
0.00161139
0.00135397
0.00116793
0.0010388
0.000954188
0.000903598
0.000878322
0.00087128
0.000876769
1.50256
0.249185
0.258617
0.0836344
0.0699267
0.0545863
0.0433739
0.0347657
0.0277567
0.0221936
0.0177968
0.0142994
0.0115005
0.00925055
0.00743661
0.00597207
0.00479046
0.00384036
0.00308133
0.00248086
0.0020122
0.00165285
0.0013835
0.00118746
0.00105023
0.000959297
0.000903997
0.000875377
0.0008661
0.000870284
1.50315
0.249387
0.259081
0.0837113
0.0698689
0.0545492
0.0433325
0.034719
0.0277102
0.0221496
0.0177559
0.014262
0.0114663
0.0092197
0.00740895
0.00594755
0.00476905
0.00382194
0.00306572
0.00246776
0.00200121
0.00164353
0.00137553
0.00118067
0.00104459
0.000954847
0.00090077
0.000873398
0.000865359
0.000870717
1.4407
0.23864
0.248
0.0839099
0.0689902
0.0540244
0.0428403
0.0342407
0.0272697
0.0217469
0.0173892
0.0139306
0.0111698
0.00895699
0.00717876
0.00574833
0.00459898
0.00367902
0.00294763
0.00237195
0.00192498
0.00158424
0.00133074
0.0011482
0.0010225
0.000941413
0.000894459
0.000872883
0.000869509
0.000878492
1.32797
0.22231
0.229031
0.0839381
0.0674302
0.052952
0.0418452
0.0332854
0.0263937
0.0209509
0.0166697
0.0132853
0.0105964
0.00845269
0.00674012
0.00537144
0.0042796
0.00341247
0.00272893
0.0021959
0.0017864
0.00147816
0.0012525
0.00109351
0.00098743
0.00092239
0.000888346
0.000877002
0.00088161
0.000896547
1.18717
0.205489
0.207252
0.0835423
0.0653082
0.0512787
0.0402964
0.0318158
0.0250512
0.0197392
0.0155841
0.012321
0.0097479
0.00771376
0.00610383
0.00483036
0.0038258
0.00303775
0.0024249
0.00195427
0.00159923
0.00133798
0.00115237
0.00102695
0.000948493
0.000905761
0.000889407
0.000891859
0.000907019
0.00092958
1.03594
0.190495
0.185261
0.0825473
0.0627151
0.0489987
0.0381829
0.0298297
0.0232448
0.018121
0.0141486
0.0110601
0.00865173
0.00677116
0.00530288
0.0041586
0.00327061
0.00258644
0.00206511
0.00167426
0.00138811
0.00118571
0.00104962
0.000965145
0.000919887
0.000903544
0.000907775
0.000925974
0.000952881
0.000983562
0.888985
0.17808
0.164569
0.0807909
0.0597232
0.046153
0.0355354
0.0273647
0.0210171
0.0161433
0.012415
0.00955802
0.00736542
0.00568288
0.00439402
0.00341049
0.00266476
0.00210513
0.00169169
0.00139354
0.00118627
0.00105014
0.000968833
0.000928788
0.000918825
0.00092994
0.00095506
0.000988747
0.00102674
0.0010645
0.756129
0.167971
0.145987
0.0781597
0.0563696
0.0428221
0.0324279
0.0245017
0.0184542
0.0138954
0.0104734
0.00790433
0.00597592
0.00453154
0.00345436
0.00265644
0.00207164
0.00165001
0.00135399
0.00115488
0.00103023
0.000961986
0.000935433
0.000938619
0.000962016
0.000998199
0.00104157
0.00108801
0.00113435
0.00117649
0.641796
0.159317
0.12972
0.0746151
0.0526633
0.0391117
0.0289749
0.0213623
0.0156828
0.0115038
0.0084472
0.00621592
0.00459172
0.00341581
0.00257167
0.00197342
0.00155764
0.00127793
0.00110006
0.000998309
0.000952738
0.000947523
0.000970082
0.00101055
0.00106135
0.00111684
0.00117303
0.00122711
0.00127714
0.0013194
0.546194
0.151121
0.115568
0.0702003
0.0486078
0.035138
0.0253191
0.0180988
0.0128583
0.00912028
0.00647851
0.00462213
0.00332723
0.00243442
0.00182966
0.00143103
0.00118015
0.00103542
0.000966958
0.000952579
0.000975371
0.00102228
0.00108331
0.00115098
0.00121987
0.00128617
0.00134746
0.00140228
0.00144985
0.00148683
0.467325
0.14255
0.103109
0.0650252
0.0442282
0.0310185
0.0216143
0.0148754
0.0101443
0.0068986
0.00470531
0.00324167
0.00228119
0.00166713
0.00129091
0.00107749
0.000975206
0.000948457
0.000972156
0.0010281
0.00110282
0.00118638
0.00127163
0.00135359
0.00142902
0.00149592
0.00155335
0.00160098
0.0016392
0.001665
0.402123
0.133004
0.0918462
0.0592348
0.0395842
0.0268678
0.0180071
0.0118456
0.00768666
0.00496765
0.00323425
0.0021579
0.00151503
0.00115639
0.00098269
0.000927998
0.000948671
0.00101545
0.00110829
0.00121315
0.00132019
0.00142268
0.00151627
0.00159848
0.00166811
0.00172493
0.00176933
0.00180197
0.00182411
0.00183314
0.3475
0.122145
0.0813083
0.0530027
0.0347878
0.0228094
0.0146312
0.00913434
0.0055903
0.00340637
0.00211787
0.00139955
0.0010382
0.000897239
0.000889701
0.000960172
0.00107323
0.00120588
0.00134294
0.00147447
0.00159408
0.00169806
0.00178474
0.00185389
0.00190618
0.001943
0.00196607
0.00197698
0.00197764
0.00196572
0.300918
0.109992
0.07119
0.0465761
0.0300499
0.0190189
0.0116298
0.00684347
0.0039145
0.0022366
0.00134838
0.0009378
0.000808306
0.000839548
0.000958146
0.0011189
0.00129387
0.00146577
0.00162389
0.00176197
0.00187679
0.00196741
0.00203452
0.00207982
0.00210553
0.00211445
0.00210969
0.00209409
0.00207045
0.00203646
0.261489
0.095728
0.0605652
0.0392808
0.024861
0.0151796
0.00882806
0.0048719
0.00258948
0.00139851
0.000867345
0.000713514
0.000766134
0.000924883
0.00113077
0.00134847
0.00155662
0.00174279
0.00190036
0.0020264
0.00212073
0.00218506
0.00222208
0.00223516
0.0022279
0.00220409
0.00216789
0.00212343
0.00207584
0.00202535
0.229028
0.0804491
0.0500522
0.0321316
0.019948
0.0116902
0.00641823
0.00329384
0.00163042
0.000881443
0.000654933
0.000705553
0.000892234
0.00113583
0.00139135
0.00163281
0.00184495
0.00201967
0.00215384
0.0022478
0.00230416
0.00232699
0.00232108
0.00229169
0.00224433
0.00218446
0.00211742
0.00204773
0.00198085
0.00192913
0.00176903
0.00169067
0.00160987
0.00153227
0.00145924
0.00139148
0.0013291
0.00127186
0.00121931
0.00117096
0.00112629
0.00108486
0.00104625
0.0010101
0.000976096
0.000943967
0.000913483
0.00088445
0.0008567
0.000830092
0.000804505
0.000779839
0.000756005
0.00073293
0.000710552
0.000688817
0.000667678
0.000647096
0.000627038
0.000607475
0.00058838
0.000569733
0.000551515
0.000533708
0.000516298
0.000499273
0.00048262
0.000466331
0.000450395
0.000434805
0.000419553
0.000404633
0.000390039
0.000375764
0.000361805
0.000348155
0.000334811
0.000321769
0.000309024
0.000296574
0.000284413
0.00027254
0.000260951
0.000249643
0.000238613
0.000227859
0.000217377
0.000207166
0.000197223
0.000187545
0.000178131
0.000168978
0.000160084
0.000151448
0.000143066
0.000134938
0.00012706
0.000119431
0.000112049
0.000104913
9.80231e-05
9.13771e-05
8.49733e-05
7.88105e-05
7.28878e-05
6.72036e-05
6.1756e-05
5.65439e-05
5.15672e-05
4.68251e-05
4.23163e-05
3.80402e-05
3.39959e-05
3.01818e-05
2.65972e-05
2.32422e-05
2.01162e-05
1.72185e-05
1.45487e-05
1.21034e-05
9.88157e-06
7.88298e-06
6.10914e-06
4.56518e-06
3.24906e-06
2.15215e-06
1.27329e-06
6.22148e-07
2.01925e-07
2.02218e-08
0.00180078
0.00169386
0.00159962
0.00151687
0.00144247
0.00137518
0.00131412
0.00125849
0.00120759
0.0011608
0.00111757
0.00107741
0.00103991
0.00100472
0.000971548
0.000940132
0.000910258
0.000881744
0.000854436
0.000828202
0.000802933
0.000778535
0.000754927
0.000732043
0.000709825
0.000688224
0.000667197
0.000646709
0.000626729
0.00060723
0.000588189
0.000569586
0.000551403
0.000533625
0.000516239
0.000499232
0.000482595
0.000466317
0.00045039
0.000434806
0.00041956
0.000404643
0.000390051
0.000375778
0.000361819
0.00034817
0.000334825
0.000321783
0.000309037
0.000296585
0.000284424
0.000272549
0.000260959
0.00024965
0.000238619
0.000227863
0.000217381
0.000207169
0.000197225
0.000187546
0.000178131
0.000168977
0.000160082
0.000151445
0.000143063
0.000134934
0.000127056
0.000119427
0.000112045
0.00010491
9.80195e-05
9.13731e-05
8.49694e-05
7.88065e-05
7.28834e-05
6.71991e-05
6.17517e-05
5.65399e-05
5.15629e-05
4.68201e-05
4.23115e-05
3.80367e-05
3.39927e-05
3.01786e-05
2.65943e-05
2.32388e-05
2.01119e-05
1.72128e-05
1.45408e-05
1.20958e-05
9.8768e-06
7.88245e-06
6.1124e-06
4.56713e-06
3.24778e-06
2.1503e-06
1.27236e-06
6.22027e-07
2.02504e-07
2.03478e-08
0.00180308
0.00167999
0.00157675
0.0014904
0.00141564
0.00134975
0.00129091
0.00123783
0.00118949
0.00114511
0.00110408
0.00106587
0.00103009
0.00099639
0.000964497
0.000934177
0.000905238
0.000877518
0.000850883
0.000825219
0.00080043
0.000776437
0.000753171
0.000730575
0.000708598
0.000687199
0.000666342
0.000645996
0.000626135
0.000606735
0.000587777
0.000569242
0.000551117
0.000533386
0.000516039
0.000499065
0.000482454
0.000466198
0.00045029
0.000434721
0.000419486
0.00040458
0.000389996
0.000375729
0.000361775
0.00034813
0.000334789
0.000321749
0.000309006
0.000296556
0.000284396
0.000272523
0.000260934
0.000249625
0.000238595
0.00022784
0.000217358
0.000207147
0.000197203
0.000187525
0.00017811
0.000168957
0.000160062
0.000151425
0.000143043
0.000134915
0.000127038
0.00011941
0.000112028
0.000104893
9.80032e-05
9.13569e-05
8.49533e-05
7.87912e-05
7.28692e-05
6.71854e-05
6.17385e-05
5.65274e-05
5.15508e-05
4.68082e-05
4.22998e-05
3.80246e-05
3.39812e-05
3.01678e-05
2.65834e-05
2.32273e-05
2.00999e-05
1.72017e-05
1.45302e-05
1.20847e-05
9.8661e-06
7.87482e-06
6.10787e-06
4.56295e-06
3.24309e-06
2.14636e-06
1.2701e-06
6.2108e-07
2.02375e-07
2.03539e-08
0.00175129
0.00162977
0.00152912
0.00144625
0.00137561
0.00131409
0.00125958
0.00121058
0.00116599
0.00112497
0.00108688
0.00105125
0.0010177
0.000985909
0.000955648
0.000926718
0.000898958
0.000872237
0.000846445
0.000821493
0.000797304
0.000773815
0.000750972
0.000728731
0.000707053
0.000685904
0.000665256
0.000645086
0.000625371
0.000606093
0.000587237
0.000568788
0.000550733
0.000533062
0.000515764
0.000498831
0.000482254
0.000466026
0.00045014
0.000434591
0.000419372
0.000404479
0.000389906
0.000375648
0.000361702
0.000348063
0.000334728
0.000321692
0.000308952
0.000296505
0.000284348
0.000272477
0.00026089
0.000249583
0.000238555
0.000227801
0.000217321
0.00020711
0.000197168
0.000187491
0.000178078
0.000168925
0.000160031
0.000151394
0.000143013
0.000134885
0.000127008
0.000119381
0.000112002
0.000104868
9.79785e-05
9.13333e-05
8.49305e-05
7.87689e-05
7.28472e-05
6.71641e-05
6.17183e-05
5.65079e-05
5.15319e-05
4.67898e-05
4.22813e-05
3.80057e-05
3.39631e-05
3.01523e-05
2.65678e-05
2.3209e-05
2.00816e-05
1.71844e-05
1.45137e-05
1.2069e-05
9.85172e-06
7.86216e-06
6.09685e-06
4.5536e-06
3.23531e-06
2.14031e-06
1.26621e-06
6.1917e-07
2.01864e-07
2.03146e-08
0.00165282
0.00154665
0.00145859
0.001386
0.00132406
0.00127003
0.001222
0.00117859
0.00113881
0.00110193
0.00106739
0.00103479
0.00100381
0.00097421
0.000945802
0.000918439
0.000892001
0.000866394
0.00084154
0.000817377
0.00079385
0.000770917
0.000748541
0.000726691
0.00070534
0.000684465
0.000664047
0.000644068
0.000624513
0.000605369
0.000586625
0.000568269
0.000550292
0.000532685
0.000515441
0.000498553
0.000482013
0.000465817
0.000449957
0.00043443
0.000419229
0.00040435
0.00038979
0.000375543
0.000361606
0.000347974
0.000334645
0.000321615
0.00030888
0.000296437
0.000284283
0.000272416
0.000260831
0.000249527
0.000238501
0.00022775
0.000217271
0.000207062
0.000197122
0.000187447
0.000178034
0.000168883
0.000159989
0.000151354
0.000142976
0.000134848
0.00012697
0.000119343
0.000111965
0.000104834
9.79469e-05
9.13029e-05
8.49016e-05
7.87411e-05
7.28196e-05
6.71363e-05
6.16905e-05
5.64812e-05
5.15072e-05
4.67666e-05
4.22576e-05
3.79811e-05
3.39377e-05
3.01257e-05
2.65428e-05
2.31878e-05
2.00612e-05
1.7163e-05
1.44922e-05
1.20484e-05
9.83221e-06
7.84367e-06
6.08042e-06
4.54023e-06
3.22472e-06
2.13236e-06
1.2611e-06
6.16547e-07
2.01101e-07
2.02507e-08
0.00152543
0.00144278
0.00137342
0.00131551
0.00126538
0.00122099
0.0011809
0.00114411
0.00110986
0.00107761
0.00104696
0.00101763
0.0009894
0.000962114
0.000935652
0.000909923
0.000884858
0.000860404
0.000836517
0.000813163
0.000790316
0.000767951
0.000746051
0.000724599
0.000703581
0.000682985
0.000662799
0.000643015
0.000623622
0.000604614
0.000585983
0.000567721
0.000549823
0.000532282
0.000515093
0.000498251
0.00048175
0.000465585
0.000449752
0.000434247
0.000419065
0.000404202
0.000389655
0.000375419
0.000361492
0.000347869
0.000334547
0.000321522
0.000308793
0.000296354
0.000284205
0.000272341
0.00026076
0.000249459
0.000238435
0.000227687
0.000217211
0.000207004
0.000197066
0.000187393
0.000177983
0.000168833
0.000159943
0.00015131
0.00014293
0.000134801
0.000126924
0.000119299
0.000111922
0.000104793
9.79077e-05
9.12662e-05
8.48666e-05
7.8707e-05
7.27867e-05
6.71044e-05
6.16591e-05
5.64499e-05
5.14765e-05
4.67367e-05
4.22287e-05
3.79529e-05
3.39094e-05
3.00965e-05
2.65129e-05
2.31584e-05
2.00332e-05
1.71362e-05
1.44662e-05
1.20233e-05
9.80805e-06
7.82036e-06
6.05962e-06
4.52363e-06
3.21174e-06
2.12276e-06
1.25504e-06
6.1345e-07
2.00172e-07
2.01692e-08
0.00138833
0.00133199
0.00128349
0.00124191
0.00120479
0.00117087
0.0011393
0.00110949
0.00108099
0.0010535
0.00102682
0.00100078
0.000975307
0.000950321
0.000925782
0.000901661
0.000877941
0.00085461
0.000831663
0.000809096
0.000786905
0.00076509
0.000743648
0.000722579
0.000701881
0.000681552
0.000661589
0.000641991
0.000622754
0.000603875
0.000585352
0.00056718
0.000549358
0.00053188
0.000514743
0.000497945
0.00048148
0.000465346
0.000449539
0.000434056
0.000418892
0.000404045
0.000389511
0.000375287
0.000361368
0.000347754
0.000334439
0.000321421
0.000308696
0.000296263
0.000284118
0.000272258
0.000260681
0.000249383
0.000238363
0.000227617
0.000217143
0.00020694
0.000197004
0.000187333
0.000177926
0.00016878
0.000159891
0.000151257
0.000142877
0.00013475
0.000126875
0.000119251
0.000111875
0.000104747
9.78641e-05
9.12241e-05
8.4826e-05
7.86685e-05
7.27501e-05
6.70695e-05
6.16253e-05
5.64162e-05
5.14417e-05
4.67014e-05
4.21945e-05
3.79198e-05
3.38766e-05
3.00638e-05
2.64802e-05
2.31257e-05
2.00005e-05
1.71043e-05
1.44358e-05
1.19942e-05
9.78001e-06
7.79395e-06
6.03611e-06
4.50398e-06
3.19618e-06
2.11155e-06
1.24818e-06
6.10108e-07
1.99206e-07
2.0086e-08
0.0012577
0.00122605
0.0011974
0.00117149
0.00114692
0.00112314
0.00109983
0.00107675
0.0010538
0.00103088
0.00100798
0.000985079
0.000962208
0.000939389
0.000916654
0.000894037
0.000871569
0.000849284
0.000827207
0.000805366
0.000783781
0.00076247
0.00074145
0.000720732
0.000700326
0.00068024
0.00066048
0.000641051
0.000621955
0.000603194
0.000584769
0.000566679
0.000548924
0.000531503
0.000514414
0.000497655
0.000481224
0.000465118
0.000449334
0.00043387
0.000418724
0.000403891
0.000389368
0.000375154
0.000361245
0.000347638
0.00033433
0.000321318
0.000308599
0.00029617
0.000284029
0.000272173
0.000260599
0.000249305
0.000238287
0.000227545
0.000217074
0.000206873
0.000196939
0.000187271
0.000177867
0.000168724
0.000159837
0.000151203
0.000142823
0.000134697
0.000126824
0.000119202
0.000111827
0.000104701
9.78192e-05
9.11805e-05
8.47836e-05
7.86277e-05
7.27112e-05
6.70316e-05
6.15874e-05
5.63785e-05
5.14046e-05
4.66647e-05
4.2158e-05
3.78839e-05
3.38412e-05
3.00285e-05
2.64449e-05
2.30905e-05
1.99654e-05
1.70694e-05
1.44016e-05
1.19615e-05
9.74925e-06
7.76545e-06
6.01072e-06
4.4826e-06
3.17942e-06
2.09975e-06
1.24111e-06
6.06788e-07
1.98313e-07
2.00132e-08
0.00114449
0.0011331
0.00112116
0.00110874
0.00109516
0.00108038
0.00106443
0.00104743
0.00102947
0.00101068
0.000991193
0.000971125
0.000950599
0.000929726
0.000908606
0.000887331
0.00086598
0.000844621
0.000823316
0.000802116
0.000781064
0.000760197
0.000739545
0.000719133
0.000698982
0.000679108
0.000659524
0.000640241
0.000621267
0.000602607
0.000584266
0.000566246
0.000548549
0.000531176
0.000514128
0.000497402
0.000480999
0.000464917
0.000449153
0.000433706
0.000418573
0.000403752
0.00038924
0.000375034
0.000361132
0.000347532
0.000334229
0.000321222
0.000308508
0.000296083
0.000283946
0.000272093
0.000260523
0.000249231
0.000238216
0.000227476
0.000217007
0.000206808
0.000196876
0.000187211
0.00017781
0.000168675
0.000159793
0.000151155
0.000142768
0.000134642
0.000126772
0.000119152
0.00011178
0.000104656
9.77756e-05
9.11377e-05
8.47414e-05
7.85868e-05
7.26716e-05
6.69928e-05
6.15491e-05
5.63407e-05
5.13673e-05
4.66277e-05
4.21211e-05
3.78472e-05
3.38047e-05
2.99921e-05
2.64088e-05
2.30546e-05
1.99296e-05
1.70337e-05
1.43666e-05
1.19279e-05
9.71723e-06
7.73574e-06
5.98455e-06
4.46097e-06
3.16287e-06
2.08843e-06
1.23458e-06
6.03866e-07
1.97621e-07
1.99667e-08
0.00105399
0.00105724
0.00105797
0.00105615
0.00105146
0.0010441
0.00103435
0.00102248
0.00100878
0.000993529
0.000976966
0.000959325
0.000940809
0.000921602
0.000901864
0.000881733
0.000861329
0.000840757
0.000820104
0.000799444
0.000778839
0.000758343
0.000737998
0.000717841
0.0006979
0.000678201
0.000658761
0.000639598
0.000620722
0.000602144
0.00058387
0.000565906
0.000548255
0.000530921
0.000513904
0.000497205
0.000480823
0.000464759
0.00044901
0.000433575
0.000418453
0.000403641
0.000389136
0.000374937
0.000361041
0.000347445
0.000334146
0.000321143
0.000308432
0.000296011
0.000283876
0.000272026
0.000260457
0.000249168
0.000238155
0.000227416
0.000216949
0.000206751
0.000196821
0.000187158
0.00017776
0.00016862
0.000159735
0.000151103
0.000142726
0.000134603
0.000126733
0.000119114
0.000111742
0.000104618
9.7737e-05
9.1099e-05
8.47026e-05
7.85476e-05
7.26323e-05
6.69548e-05
6.15131e-05
5.63054e-05
5.13319e-05
4.65925e-05
4.20863e-05
3.78125e-05
3.37698e-05
2.99573e-05
2.63743e-05
2.30203e-05
1.98952e-05
1.69992e-05
1.43324e-05
1.18947e-05
9.68589e-06
7.70705e-06
5.95947e-06
4.44051e-06
3.1476e-06
2.07847e-06
1.22925e-06
6.01705e-07
1.97212e-07
1.99512e-08
0.000986694
0.000999238
0.00100868
0.00101457
0.00101661
0.00101501
0.00101014
0.00100239
0.000992135
0.000979748
0.000965569
0.000949904
0.000933026
0.000915173
0.000896555
0.000877349
0.000857711
0.00083777
0.000817638
0.000797408
0.000777158
0.000756954
0.00073685
0.000716891
0.000697114
0.000677548
0.000658219
0.000639146
0.000620344
0.000601826
0.000583602
0.000565678
0.000548061
0.000530753
0.000513758
0.000497076
0.000480709
0.000464657
0.000448917
0.00043349
0.000418374
0.000403567
0.000389067
0.000374872
0.000360979
0.000347385
0.000334089
0.000321087
0.000308378
0.000295958
0.000283825
0.000271976
0.000260409
0.00024912
0.000238108
0.000227371
0.000216905
0.000206709
0.00019678
0.000187117
0.000177717
0.000168576
0.000159691
0.000151063
0.000142689
0.000134569
0.0001267
0.00011908
0.000111709
0.000104583
9.77024e-05
9.10641e-05
8.46683e-05
7.8514e-05
7.25991e-05
6.69223e-05
6.14815e-05
5.62744e-05
5.13009e-05
4.65612e-05
4.20549e-05
3.77811e-05
3.37385e-05
2.9926e-05
2.6343e-05
2.29892e-05
1.98642e-05
1.69682e-05
1.43015e-05
1.18643e-05
9.65717e-06
7.68116e-06
5.93717e-06
4.42274e-06
3.13494e-06
2.07055e-06
1.22506e-06
6.00078e-07
1.97045e-07
1.99685e-08
0.000940022
0.000957689
0.00097262
0.000983734
0.000990541
0.000993163
0.000991938
0.000987287
0.000979648
0.000969451
0.000957095
0.000942943
0.000927315
0.000910495
0.000892727
0.000874222
0.000855158
0.00083569
0.000815945
0.000796032
0.000776042
0.00075605
0.000736119
0.000716301
0.000696638
0.000677165
0.000657911
0.000638898
0.000620145
0.000601666
0.000583472
0.000565573
0.000547975
0.000530682
0.000513698
0.000497026
0.000480666
0.000464618
0.000448882
0.000433458
0.000418344
0.000403538
0.000389039
0.000374844
0.000360951
0.000347358
0.000334062
0.00032106
0.00030835
0.00029593
0.000283797
0.000271948
0.00026038
0.000249092
0.00023808
0.000227343
0.000216877
0.000206681
0.000196752
0.000187088
0.000177687
0.000168546
0.000159663
0.000151035
0.000142663
0.000134543
0.000126675
0.000119055
0.000111682
0.000104556
9.76744e-05
9.10369e-05
8.4642e-05
7.8488e-05
7.25736e-05
6.68965e-05
6.14551e-05
5.62487e-05
5.12754e-05
4.65352e-05
4.20287e-05
3.77548e-05
3.37122e-05
2.98995e-05
2.63164e-05
2.29637e-05
1.98397e-05
1.69437e-05
1.42758e-05
1.18376e-05
9.63241e-06
7.65959e-06
5.91835e-06
4.40802e-06
3.12505e-06
2.06471e-06
1.22228e-06
5.99177e-07
1.97065e-07
1.99984e-08
0.000910083
0.000930193
0.000948314
0.000962742
0.000972724
0.000978223
0.000979523
0.000977039
0.000971236
0.000962577
0.0009515
0.000938405
0.000923648
0.000907543
0.000890359
0.00087233
0.000853655
0.000834502
0.000815012
0.000795306
0.000775482
0.000755623
0.000735799
0.000716065
0.000696469
0.000677049
0.000657835
0.000638854
0.000620124
0.000601662
0.000583481
0.000565591
0.000547998
0.000530709
0.000513727
0.000497055
0.000480694
0.000464645
0.000448907
0.00043348
0.000418364
0.000403555
0.000389053
0.000374856
0.00036096
0.000347364
0.000334066
0.000321062
0.00030835
0.000295928
0.000283793
0.000271943
0.000260374
0.000249084
0.000238071
0.000227333
0.000216866
0.000206669
0.000196739
0.000187075
0.000177673
0.000168531
0.000159647
0.00015102
0.000142647
0.000134528
0.000126659
0.000119038
0.000111665
0.000104537
9.76551e-05
9.10183e-05
8.4624e-05
7.84703e-05
7.25553e-05
6.68776e-05
6.14359e-05
5.62289e-05
5.12558e-05
4.65156e-05
4.20086e-05
3.77345e-05
3.36921e-05
2.98794e-05
2.62965e-05
2.29447e-05
1.98212e-05
1.69258e-05
1.42579e-05
1.18176e-05
9.61256e-06
7.64209e-06
5.90361e-06
4.39704e-06
3.11789e-06
2.06052e-06
1.22023e-06
5.98574e-07
1.97246e-07
2.00532e-08
0.000893084
0.000914271
0.000934131
0.000950499
0.000962395
0.000969653
0.0009725
0.000971345
0.000966662
0.000958935
0.000948627
0.00093616
0.000921913
0.00090622
0.000889368
0.000871604
0.000853139
0.000834152
0.000814794
0.000795188
0.000775442
0.000755643
0.000735862
0.00071616
0.000696586
0.00067718
0.000657975
0.000638997
0.000620268
0.000601804
0.000583619
0.000565723
0.000548124
0.000530827
0.000513837
0.000497157
0.000480788
0.000464732
0.000448987
0.000433553
0.00041843
0.000403615
0.000389107
0.000374904
0.000361004
0.000347403
0.000334099
0.000321091
0.000308376
0.000295951
0.000283813
0.00027196
0.000260388
0.000249096
0.000238081
0.00022734
0.000216872
0.000206673
0.000196742
0.000187076
0.000177672
0.00016853
0.000159645
0.000151017
0.000142644
0.000134523
0.000126652
0.000119031
0.000111655
0.000104527
9.76458e-05
9.10093e-05
8.46145e-05
7.846e-05
7.25442e-05
6.68656e-05
6.14236e-05
5.62163e-05
5.12426e-05
4.65022e-05
4.1995e-05
3.77209e-05
3.36785e-05
2.98649e-05
2.62804e-05
2.29277e-05
1.98052e-05
1.69099e-05
1.42433e-05
1.18084e-05
9.60509e-06
7.63098e-06
5.89183e-06
4.38947e-06
3.11401e-06
2.0581e-06
1.21862e-06
5.98027e-07
1.97502e-07
2.01206e-08
0.000886119
0.000907884
0.000928614
0.000945927
0.000958737
0.000966813
0.000970362
0.000969791
0.000965584
0.000958239
0.000948231
0.000935999
0.000921932
0.000906374
0.00088962
0.000871927
0.00085351
0.000834554
0.000815211
0.000795612
0.000775863
0.000756056
0.000736262
0.000716545
0.000696953
0.000677527
0.000658302
0.000639304
0.000620555
0.000602071
0.000583867
0.000565952
0.000548335
0.000531022
0.000514017
0.000497322
0.000480939
0.00046487
0.000449113
0.000433669
0.000418535
0.000403711
0.000389194
0.000374984
0.000361077
0.000347469
0.000334159
0.000321145
0.000308424
0.000295995
0.000283853
0.000271996
0.000260421
0.000249126
0.000238107
0.000227363
0.000216892
0.000206691
0.000196758
0.00018709
0.000177685
0.00016854
0.000159654
0.000151025
0.00014265
0.000134527
0.000126655
0.000119032
0.000111656
0.000104527
9.76452e-05
9.10081e-05
8.46121e-05
7.84562e-05
7.25395e-05
6.68605e-05
6.14179e-05
5.62098e-05
5.12353e-05
4.64946e-05
4.19871e-05
3.77121e-05
3.36696e-05
2.98561e-05
2.62705e-05
2.29169e-05
1.97937e-05
1.68982e-05
1.42325e-05
1.17984e-05
9.59614e-06
7.62588e-06
5.8905e-06
4.38956e-06
3.11361e-06
2.05575e-06
1.21679e-06
5.97834e-07
1.97794e-07
2.01791e-08
0.000887421
0.000909636
0.000930641
0.00094811
0.000960989
0.000969069
0.000972574
0.000971925
0.000967618
0.000960162
0.000950037
0.000937685
0.000923501
0.000907828
0.000890966
0.000873169
0.000854655
0.000835607
0.000816179
0.000796501
0.000776679
0.000756804
0.000736948
0.000717173
0.000697528
0.000678054
0.000658784
0.000639744
0.000620957
0.000602439
0.000584203
0.000566259
0.000548616
0.000531278
0.000514251
0.000497536
0.000481135
0.000465048
0.000449276
0.000433818
0.000418671
0.000403835
0.000389308
0.000375089
0.000361174
0.000347556
0.000334237
0.000321216
0.000308489
0.000296057
0.00028391
0.000272048
0.000260468
0.000249169
0.000238146
0.000227399
0.000216925
0.000206721
0.000196785
0.000187115
0.000177707
0.000168561
0.000159673
0.000151041
0.000142664
0.000134539
0.000126665
0.000119041
0.000111664
0.000104535
9.76525e-05
9.10139e-05
8.46164e-05
7.84591e-05
7.25412e-05
6.68611e-05
6.14175e-05
5.62088e-05
5.12338e-05
4.64924e-05
4.19843e-05
3.77083e-05
3.36641e-05
2.98503e-05
2.62663e-05
2.29131e-05
1.97894e-05
1.68938e-05
1.42286e-05
1.17943e-05
9.59207e-06
7.62389e-06
5.88973e-06
4.38845e-06
3.11291e-06
2.05594e-06
1.2171e-06
5.97981e-07
1.97834e-07
2.01807e-08
0.000897345
0.000919796
0.000940414
0.000957196
0.000969258
0.000976495
0.000979187
0.000977781
0.000972789
0.000964718
0.00095405
0.00094122
0.000926617
0.000910578
0.000893396
0.00087532
0.000856563
0.000837301
0.000817687
0.000797844
0.000777879
0.000757876
0.000737908
0.000718033
0.000698301
0.000678748
0.000659409
0.000640308
0.000621466
0.000602898
0.000584618
0.000566635
0.000548956
0.000531587
0.000514532
0.000497791
0.000481368
0.00046526
0.00044947
0.000433994
0.000418833
0.000403983
0.000389444
0.000375212
0.000361285
0.000347663
0.000334337
0.000321303
0.000308568
0.00029613
0.000283978
0.000272112
0.000260528
0.000249224
0.000238197
0.000227445
0.000216967
0.000206761
0.000196822
0.000187149
0.000177738
0.000168589
0.000159699
0.000151065
0.000142686
0.00013456
0.000126683
0.000119056
0.000111678
0.000104548
9.76645e-05
9.10247e-05
8.46263e-05
7.84681e-05
7.2549e-05
6.68677e-05
6.14229e-05
5.6213e-05
5.12371e-05
4.64951e-05
4.19864e-05
3.77096e-05
3.36645e-05
2.98506e-05
2.62673e-05
2.29149e-05
1.97911e-05
1.68946e-05
1.42285e-05
1.17936e-05
9.59201e-06
7.62474e-06
5.8903e-06
4.38788e-06
3.11292e-06
2.05768e-06
1.21868e-06
5.9828e-07
1.97572e-07
2.01272e-08
0.000918378
0.000940285
0.000959427
0.000974358
0.000984474
0.000989833
0.000990794
0.000987839
0.00098148
0.000972219
0.000960522
0.000946809
0.000931447
0.000914759
0.000897021
0.00087847
0.000859304
0.000839693
0.000819778
0.000799676
0.000779487
0.000759292
0.000739157
0.000719137
0.000699278
0.000679616
0.00066018
0.000640995
0.000622079
0.000603447
0.00058511
0.000567077
0.000549354
0.000531946
0.000514855
0.000498084
0.000481632
0.000465501
0.000449688
0.000434194
0.000419015
0.00040415
0.000389596
0.000375352
0.000361413
0.000347778
0.000334442
0.000321405
0.000308664
0.000296215
0.000284057
0.000272187
0.000260598
0.000249289
0.000238256
0.000227499
0.000217017
0.000206808
0.000196866
0.00018719
0.000177777
0.000168625
0.000159732
0.000151096
0.000142714
0.000134586
0.000126707
0.000119078
0.000111697
0.000104566
9.76814e-05
9.10409e-05
8.46415e-05
7.84821e-05
7.25618e-05
6.68793e-05
6.14333e-05
5.62222e-05
5.12455e-05
4.65029e-05
4.19933e-05
3.7716e-05
3.36705e-05
2.9856e-05
2.62728e-05
2.29205e-05
1.9796e-05
1.69008e-05
1.42337e-05
1.17956e-05
9.59455e-06
7.62836e-06
5.89399e-06
4.39092e-06
3.11485e-06
2.05937e-06
1.21979e-06
5.98504e-07
1.97298e-07
2.00665e-08
0.000954125
0.000973638
0.000989485
0.00100091
0.00100761
0.00100981
0.00100795
0.00100253
0.000994029
0.000982932
0.000969668
0.000954622
0.000938129
0.000920482
0.000901931
0.000882689
0.000862938
0.000842829
0.00082249
0.000802028
0.00078153
0.00076107
0.000740709
0.000720495
0.000700468
0.000680662
0.000661102
0.000641808
0.000622799
0.000604085
0.000585677
0.000567582
0.000549806
0.00053235
0.000515218
0.000498411
0.000481927
0.000465768
0.00044993
0.000434414
0.000419215
0.000404333
0.000389764
0.000375505
0.000361554
0.000347908
0.000334563
0.000321516
0.000308766
0.00029631
0.000284146
0.000272269
0.000260677
0.000249362
0.000238322
0.000227561
0.000217074
0.00020686
0.000196916
0.000187238
0.000177822
0.000168668
0.000159773
0.000151133
0.000142748
0.000134617
0.000126736
0.000119105
0.000111723
0.00010459
9.77037e-05
9.10617e-05
8.46614e-05
7.85006e-05
7.25786e-05
6.6895e-05
6.14482e-05
5.62365e-05
5.12591e-05
4.65157e-05
4.20054e-05
3.77273e-05
3.36812e-05
2.98662e-05
2.62817e-05
2.29279e-05
1.98034e-05
1.69074e-05
1.42407e-05
1.1805e-05
9.60343e-06
7.63576e-06
5.90107e-06
4.39718e-06
3.11927e-06
2.06199e-06
1.22106e-06
5.98742e-07
1.96997e-07
1.99994e-08
0.00100894
0.00102275
0.00103253
0.00103817
0.00103958
0.00103709
0.00103114
0.0010222
0.00101071
0.000997069
0.000981656
0.000964796
0.000946775
0.00092784
0.000908203
0.000888046
0.000867522
0.000846759
0.000825867
0.000804934
0.000784038
0.000763239
0.000742588
0.000722127
0.000701889
0.000681902
0.000662186
0.00064276
0.000623635
0.000604822
0.000586329
0.00056816
0.000550319
0.000532807
0.000515627
0.000498777
0.000482257
0.000466065
0.000450199
0.000434657
0.000419437
0.000404535
0.000389949
0.000375675
0.00036171
0.000348052
0.000334696
0.000321641
0.000308882
0.000296417
0.000284244
0.00027236
0.000260766
0.000249447
0.000238397
0.000227628
0.000217139
0.000206922
0.000196974
0.00018729
0.000177872
0.000168717
0.000159822
0.000151179
0.00014279
0.000134654
0.000126771
0.000119138
0.000111756
0.000104621
9.77322e-05
9.10882e-05
8.46858e-05
7.8524e-05
7.26011e-05
6.6916e-05
6.14681e-05
5.62555e-05
5.12775e-05
4.65335e-05
4.20226e-05
3.77441e-05
3.36974e-05
2.98818e-05
2.62967e-05
2.29413e-05
1.98149e-05
1.69183e-05
1.42523e-05
1.18176e-05
9.6161e-06
7.64788e-06
5.91198e-06
4.40586e-06
3.12524e-06
2.06553e-06
1.22265e-06
5.9908e-07
1.96738e-07
1.9938e-08
0.00108702
0.00109026
0.00109019
0.00108717
0.00108104
0.00107208
0.00106064
0.00104706
0.00103165
0.00101473
0.000996569
0.000977401
0.000957445
0.000936887
0.000915887
0.000894584
0.000873094
0.000851518
0.000829939
0.000808427
0.000787039
0.000765823
0.000744818
0.000724055
0.000703561
0.000683355
0.000663452
0.000643865
0.000624603
0.000605672
0.000587077
0.000568821
0.000550905
0.000533328
0.000516091
0.000499192
0.000482629
0.0004664
0.000450502
0.000434932
0.000419687
0.000404763
0.000390158
0.000375867
0.000361887
0.000348215
0.000334848
0.000321782
0.000309013
0.00029654
0.000284358
0.000272465
0.000260857
0.000249531
0.000238484
0.000227714
0.000217219
0.000206998
0.000197044
0.000187355
0.000177933
0.000168776
0.000159876
0.000151231
0.000142839
0.000134701
0.000126815
0.000119181
0.000111795
0.000104658
9.77673e-05
9.1121e-05
8.47169e-05
7.85534e-05
7.26293e-05
6.69434e-05
6.14939e-05
5.628e-05
5.1301e-05
4.65564e-05
4.20455e-05
3.77666e-05
3.37191e-05
2.99028e-05
2.63171e-05
2.29608e-05
1.98337e-05
1.69367e-05
1.42705e-05
1.18357e-05
9.63296e-06
7.66291e-06
5.92538e-06
4.41648e-06
3.13244e-06
2.06991e-06
1.2249e-06
5.99778e-07
1.96567e-07
1.9881e-08
0.00119086
0.00117755
0.00116319
0.00114821
0.00113208
0.00111477
0.00109638
0.001077
0.00105679
0.00103586
0.00101435
0.000992397
0.000970112
0.000947605
0.000924972
0.000902299
0.000879658
0.000857113
0.000834717
0.000812515
0.000790544
0.000768835
0.000747412
0.000726294
0.000705497
0.000685034
0.000664912
0.000645138
0.000625716
0.000606648
0.000587935
0.000569577
0.000551574
0.000533922
0.000516621
0.000499665
0.000483054
0.000466783
0.000450848
0.000435245
0.000419972
0.000405024
0.000390396
0.000376086
0.00036209
0.000348403
0.000335022
0.000321944
0.000309165
0.000296681
0.00028449
0.000272588
0.000260972
0.000249638
0.000238584
0.000227811
0.000217313
0.000207083
0.000197122
0.000187433
0.000178009
0.000168845
0.000159939
0.000151291
0.000142897
0.000134756
0.000126868
0.000119231
0.000111844
0.000104704
9.78104e-05
9.11618e-05
8.47559e-05
7.85906e-05
7.26645e-05
6.69765e-05
6.15256e-05
5.63107e-05
5.13309e-05
4.65856e-05
4.20739e-05
3.77945e-05
3.37465e-05
2.99296e-05
2.63432e-05
2.29864e-05
1.98589e-05
1.69614e-05
1.42947e-05
1.1859e-05
9.6545e-06
7.68196e-06
5.9414e-06
4.429e-06
3.14135e-06
2.07548e-06
1.22773e-06
6.0077e-07
1.96579e-07
1.98533e-08
0.00131958
0.00128357
0.00125045
0.00122031
0.00119182
0.00116441
0.00113773
0.00111155
0.0010857
0.00106012
0.00103475
0.00100958
0.000984615
0.000959869
0.000935361
0.000911115
0.000887153
0.000863497
0.000840165
0.000817173
0.000794534
0.00077226
0.000750358
0.000728835
0.000707694
0.000686937
0.000666565
0.000646578
0.000626974
0.00060775
0.000588904
0.000570432
0.00055233
0.000534593
0.000517218
0.0005002
0.000483534
0.000467215
0.000451238
0.0004356
0.000420295
0.000405319
0.000390667
0.000376336
0.00036232
0.000348616
0.00033522
0.000322128
0.000309337
0.000296843
0.000284641
0.00027273
0.000261106
0.000249765
0.000238705
0.000227923
0.000217417
0.000207183
0.000197217
0.000187521
0.000178092
0.000168924
0.000160014
0.000151361
0.000142964
0.00013482
0.00012693
0.00011929
0.0001119
0.000104757
9.78617e-05
9.12106e-05
8.48021e-05
7.86342e-05
7.27055e-05
6.70154e-05
6.15631e-05
5.63473e-05
5.13668e-05
4.66205e-05
4.21078e-05
3.78277e-05
3.37792e-05
2.99616e-05
2.63744e-05
2.3017e-05
1.98891e-05
1.69912e-05
1.43238e-05
1.18868e-05
9.68002e-06
7.70446e-06
5.96029e-06
4.44383e-06
3.15209e-06
2.08242e-06
1.23148e-06
6.02285e-07
1.968e-07
1.98506e-08
0.00146716
0.00140364
0.00134832
0.00130061
0.00125805
0.00121928
0.00118336
0.00114962
0.00111757
0.00108686
0.00105724
0.00102854
0.00100062
0.000973407
0.000946833
0.000920852
0.000895432
0.000870548
0.000846181
0.000822316
0.000798939
0.00077604
0.00075361
0.000731637
0.000710115
0.000689034
0.000668386
0.000648164
0.000628359
0.000608964
0.00058997
0.000571372
0.000553162
0.000535332
0.000517877
0.000500789
0.000484062
0.000467691
0.000451669
0.000435992
0.000420652
0.000405645
0.000390967
0.000376612
0.000362575
0.000348853
0.00033544
0.000322333
0.000309529
0.000297022
0.00028481
0.000272888
0.000261255
0.000249905
0.000238838
0.000228049
0.000217535
0.000207295
0.000197324
0.000187622
0.000178185
0.000169011
0.000160097
0.000151441
0.000143041
0.000134893
0.000126999
0.000119356
0.000111962
0.000104817
9.79185e-05
9.12645e-05
8.48532e-05
7.8683e-05
7.27522e-05
6.70598e-05
6.16055e-05
5.63883e-05
5.14067e-05
4.66595e-05
4.21459e-05
3.78651e-05
3.3816e-05
2.99978e-05
2.64098e-05
2.30518e-05
1.99233e-05
1.70245e-05
1.43558e-05
1.1917e-05
9.70795e-06
7.72955e-06
5.98167e-06
4.46082e-06
3.16456e-06
2.09065e-06
1.23605e-06
6.04255e-07
1.97235e-07
1.98774e-08
0.00162161
0.00152879
0.00145012
0.00138413
0.001327
0.00127652
0.00123108
0.00118955
0.00115108
0.00111504
0.001081
0.00104859
0.00101758
0.000987773
0.000959018
0.000931203
0.000904238
0.000878051
0.000852584
0.000827789
0.000803627
0.000780063
0.000757068
0.000734618
0.000712689
0.000691263
0.000670321
0.000649848
0.000629829
0.000610251
0.000591102
0.000572369
0.000554044
0.000536115
0.000518574
0.000501413
0.000484622
0.000468196
0.000452126
0.000436406
0.00042103
0.000405991
0.000391284
0.000376904
0.000362845
0.000349103
0.000335673
0.000322551
0.000309732
0.000297212
0.000284988
0.000273056
0.000261413
0.000250055
0.000238979
0.000228182
0.000217661
0.000207414
0.000197437
0.000187728
0.000178285
0.000169106
0.000160187
0.000151527
0.000143122
0.000134971
0.000127073
0.000119426
0.000112029
0.000104881
9.79788e-05
9.13214e-05
8.49068e-05
7.87337e-05
7.2801e-05
6.71073e-05
6.16515e-05
5.6432e-05
5.14492e-05
4.67011e-05
4.21858e-05
3.79035e-05
3.38533e-05
3.00345e-05
2.64466e-05
2.3088e-05
1.99585e-05
1.70588e-05
1.43889e-05
1.19484e-05
9.73733e-06
7.75621e-06
6.00463e-06
4.47923e-06
3.17836e-06
2.10001e-06
1.24142e-06
6.06721e-07
1.97874e-07
1.99256e-08
0.00176535
0.00164608
0.00154636
0.00146385
0.00139349
0.00133224
0.00127793
0.00122904
0.00118442
0.00114324
0.00110486
0.00106881
0.00103473
0.00100233
0.000971384
0.00094172
0.000913192
0.000885684
0.0008591
0.00083336
0.000808397
0.000784155
0.000760585
0.000737647
0.000715304
0.000693525
0.000672283
0.000651554
0.000631317
0.000611553
0.000592244
0.000573375
0.000554932
0.000536903
0.000519275
0.000502039
0.000485184
0.000468701
0.000452583
0.000436821
0.000421407
0.000406336
0.000391601
0.000377196
0.000363115
0.000349353
0.000335905
0.000322767
0.000309934
0.000297401
0.000285166
0.000273223
0.00026157
0.000250203
0.000239119
0.000228314
0.000217786
0.000207532
0.000197549
0.000187834
0.000178385
0.0001692
0.000160276
0.000151611
0.000143203
0.000135049
0.000127147
0.000119497
0.000112097
0.000104945
9.80397e-05
9.1379e-05
8.49612e-05
7.87848e-05
7.28495e-05
6.71541e-05
6.16965e-05
5.64756e-05
5.14905e-05
4.67409e-05
4.2225e-05
3.79414e-05
3.38895e-05
3.00704e-05
2.64833e-05
2.31237e-05
1.99909e-05
1.709e-05
1.44207e-05
1.19799e-05
9.76663e-06
7.78211e-06
6.02689e-06
4.49772e-06
3.19269e-06
2.10998e-06
1.24737e-06
6.09558e-07
1.9865e-07
1.99883e-08
0.00187716
0.00174017
0.001626
0.0015318
0.00145167
0.00138205
0.00132055
0.00126546
0.00121551
0.00116974
0.00112744
0.00108803
0.00105109
0.00101625
0.000983238
0.000951815
0.000921796
0.000893023
0.000865366
0.000838716
0.000812982
0.000788085
0.00076396
0.00074055
0.000717806
0.000695687
0.000674155
0.000653179
0.000632732
0.000612787
0.000593325
0.000574324
0.000555769
0.000537643
0.000519933
0.000502625
0.000485708
0.000469172
0.000453008
0.000437205
0.000421757
0.000406655
0.000391893
0.000377464
0.000363363
0.000349582
0.000336118
0.000322965
0.000310119
0.000297575
0.000285328
0.000273376
0.000261714
0.000250339
0.000239247
0.000228435
0.0002179
0.00020764
0.000197651
0.000187931
0.000178477
0.000169287
0.000160359
0.00015169
0.000143277
0.00013512
0.000127216
0.000119562
0.000112159
0.000105004
9.80955e-05
9.14315e-05
8.50108e-05
7.88319e-05
7.28937e-05
6.71959e-05
6.17369e-05
5.65147e-05
5.15283e-05
4.6777e-05
4.22594e-05
3.79746e-05
3.39224e-05
3.01027e-05
2.65154e-05
2.31549e-05
2.00205e-05
1.71191e-05
1.44496e-05
1.20076e-05
9.7926e-06
7.80574e-06
6.04767e-06
4.51509e-06
3.20639e-06
2.11979e-06
1.25334e-06
6.12475e-07
1.99478e-07
2.00568e-08
0.00193634
0.00179694
0.00167952
0.00158131
0.00149658
0.00142212
0.00135584
0.00129625
0.00124218
0.00119273
0.00114717
0.00110493
0.00106553
0.00102858
0.000993753
0.000960783
0.000929444
0.000899548
0.000870936
0.000843475
0.000817051
0.000791569
0.000766947
0.000743115
0.000720012
0.000697588
0.000675797
0.0006546
0.000633965
0.00061386
0.000594261
0.000575144
0.000556488
0.000538277
0.000520493
0.000503122
0.000486151
0.000469569
0.000453364
0.000437526
0.000422048
0.00040692
0.000392135
0.000377686
0.000363567
0.000349771
0.000336293
0.000323128
0.000310271
0.000297716
0.000285461
0.000273501
0.000261832
0.00025045
0.000239351
0.000228534
0.000217994
0.000207729
0.000197735
0.000188011
0.000178553
0.000169359
0.000160427
0.000151754
0.000143339
0.000135179
0.000127271
0.000119616
0.00011221
0.000105052
9.81408e-05
9.14741e-05
8.50507e-05
7.88698e-05
7.29296e-05
6.72288e-05
6.17677e-05
5.65452e-05
5.15588e-05
4.68071e-05
4.22884e-05
3.80022e-05
3.39489e-05
3.0128e-05
2.65381e-05
2.31775e-05
2.0046e-05
1.71447e-05
1.44732e-05
1.20293e-05
9.81299e-06
7.82508e-06
6.06502e-06
4.52979e-06
3.21815e-06
2.12824e-06
1.25851e-06
6.14999e-07
2.00199e-07
2.01196e-08
0.00193213
0.00181139
0.00170435
0.00161042
0.00152625
0.00145036
0.0013817
0.00131934
0.00126249
0.0012104
0.00116245
0.00111807
0.00107679
0.00103821
0.00100198
0.000967797
0.000935424
0.000904645
0.000875281
0.00084718
0.000820212
0.000794267
0.000769252
0.000745086
0.0007217
0.000699035
0.000677039
0.000655669
0.000634885
0.000614655
0.000594949
0.000575741
0.000557008
0.00053873
0.00052089
0.000503471
0.00048646
0.000469842
0.000453607
0.000437744
0.000422244
0.000407097
0.000392295
0.000377832
0.000363701
0.000349894
0.000336407
0.000323233
0.000310369
0.000297808
0.000285547
0.000273582
0.000261908
0.000250521
0.000239419
0.000228598
0.000218055
0.000207787
0.00019779
0.000188063
0.000178602
0.000169406
0.000160472
0.000151797
0.00014338
0.000135218
0.000127309
0.000119651
0.000112243
0.000105083
9.817e-05
9.15019e-05
8.50774e-05
7.88949e-05
7.29529e-05
6.72504e-05
6.17883e-05
5.65661e-05
5.15797e-05
4.68266e-05
4.23062e-05
3.80188e-05
3.39652e-05
3.01441e-05
2.65535e-05
2.31926e-05
2.00613e-05
1.71599e-05
1.44877e-05
1.20433e-05
9.82658e-06
7.83805e-06
6.07696e-06
4.54037e-06
3.22689e-06
2.13427e-06
1.26175e-06
6.16428e-07
2.00514e-07
2.0136e-08
0.00188935
0.0018044
0.00171398
0.00162647
0.00154414
0.0014679
0.0013979
0.00133385
0.00127524
0.00122148
0.001172
0.00112626
0.00108379
0.00104418
0.00100705
0.000972104
0.000939074
0.000907734
0.000877891
0.000849382
0.000822068
0.000795829
0.000770564
0.000746187
0.000722622
0.000699805
0.000677682
0.000656204
0.00063533
0.000615024
0.000595254
0.000575992
0.000557215
0.000538901
0.00052103
0.000503586
0.000486553
0.000469918
0.000453669
0.000437795
0.000422285
0.000407131
0.000392324
0.000377856
0.00036372
0.000349911
0.000336422
0.000323247
0.000310381
0.00029782
0.000285558
0.000273592
0.000261918
0.000250531
0.000239429
0.000228608
0.000218065
0.000207796
0.0001978
0.000188073
0.000178612
0.000169416
0.000160482
0.000151807
0.00014339
0.000135227
0.000127318
0.000119661
0.000112252
0.000105092
9.81779e-05
9.15093e-05
8.50844e-05
7.89014e-05
7.29592e-05
6.72568e-05
6.17948e-05
5.65722e-05
5.15848e-05
4.68312e-05
4.23111e-05
3.80236e-05
3.39693e-05
3.01477e-05
2.65573e-05
2.31973e-05
2.00668e-05
1.71649e-05
1.44912e-05
1.20467e-05
9.83183e-06
7.8449e-06
6.08243e-06
4.54474e-06
3.23123e-06
2.13646e-06
1.26235e-06
6.16577e-07
1.99937e-07
2.00068e-08
)
;

boundaryField
{
    inlet
    {
        type            calculated;
        value           nonuniform List<scalar> 
30
(
0.0583226
0.0585203
0.0589743
0.0596789
0.0606045
0.0616945
0.0628764
0.0640737
0.0652151
0.0662407
0.0671058
0.0677817
0.0682554
0.0685273
0.068609
0.0685187
0.068256
0.0678044
0.0671553
0.066311
0.0652871
0.0641146
0.0628404
0.061526
0.0602439
0.0590712
0.0580809
0.05733
0.0568481
0.0566393
)
;
    }
    outlet
    {
        type            calculated;
        value           uniform 0;
    }
    top
    {
        type            calculated;
        value           nonuniform List<scalar> 
135
(
0.0566393
0.0565291
0.0563772
0.0562393
0.0561634
0.0561823
0.0555908
0.0544853
0.0530028
0.0511797
0.049038
0.0466019
0.0438958
0.0409497
0.0378061
0.0345122
0.0311267
0.0277185
0.0243618
0.0211335
0.0181047
0.0153332
0.0128574
0.0106946
0.00884375
0.00728793
0.00599982
0.0049484
0.00410229
0.00343106
0.00290756
0.00250958
0.00221759
0.00201579
0.00190638
0.00188935
0.0018044
0.00171398
0.00162647
0.00154414
0.0014679
0.0013979
0.00133385
0.00127524
0.00122148
0.001172
0.00112626
0.00108379
0.00104418
0.00100705
0.000972104
0.000939074
0.000907734
0.000877891
0.000849382
0.000822068
0.000795829
0.000770564
0.000746187
0.000722622
0.000699805
0.000677682
0.000656204
0.00063533
0.000615024
0.000595254
0.000575992
0.000557215
0.000538901
0.00052103
0.000503586
0.000486553
0.000469918
0.000453669
0.000437795
0.000422285
0.000407131
0.000392324
0.000377856
0.00036372
0.000349911
0.000336422
0.000323247
0.000310381
0.00029782
0.000285558
0.000273592
0.000261918
0.000250531
0.000239429
0.000228608
0.000218065
0.000207796
0.0001978
0.000188073
0.000178612
0.000169416
0.000160482
0.000151807
0.00014339
0.000135227
0.000127318
0.000119661
0.000112252
0.000105092
9.81779e-05
9.15093e-05
8.50844e-05
7.89014e-05
7.29592e-05
6.72568e-05
6.17948e-05
5.65722e-05
5.15848e-05
4.68312e-05
4.23111e-05
3.80236e-05
3.39693e-05
3.01477e-05
2.65573e-05
2.31973e-05
2.00668e-05
1.71649e-05
1.44912e-05
1.20467e-05
9.83183e-06
7.8449e-06
6.08243e-06
4.54474e-06
3.23123e-06
2.13646e-06
1.26235e-06
6.16577e-07
1.99937e-07
2.00068e-08
)
;
    }
    bottom
    {
        type            calculated;
        value           nonuniform List<scalar> 
135
(
0.0583226
0.0582222
0.0580854
0.0579647
0.0579038
0.0578535
0.0573095
0.0562642
0.0548431
0.0530716
0.0509642
0.0485302
0.0457811
0.0427419
0.0394526
0.0359696
0.0323658
0.0287268
0.0251443
0.0217081
0.0184975
0.0155743
0.0129783
0.0107259
0.00881303
0.00721916
0.00591304
0.00485811
0.00401713
0.0033553
0.00284082
0.00244808
0.0021562
0.00194961
0.00183045
0.00176903
0.00169067
0.00160987
0.00153227
0.00145924
0.00139148
0.0013291
0.00127186
0.00121931
0.00117096
0.00112629
0.00108486
0.00104625
0.0010101
0.000976096
0.000943967
0.000913483
0.00088445
0.0008567
0.000830092
0.000804505
0.000779839
0.000756005
0.00073293
0.000710552
0.000688817
0.000667678
0.000647096
0.000627038
0.000607475
0.00058838
0.000569733
0.000551515
0.000533708
0.000516298
0.000499273
0.00048262
0.000466331
0.000450395
0.000434805
0.000419553
0.000404633
0.000390039
0.000375764
0.000361805
0.000348155
0.000334811
0.000321769
0.000309024
0.000296574
0.000284413
0.00027254
0.000260951
0.000249643
0.000238613
0.000227859
0.000217377
0.000207166
0.000197223
0.000187545
0.000178131
0.000168978
0.000160084
0.000151448
0.000143066
0.000134938
0.00012706
0.000119431
0.000112049
0.000104913
9.80231e-05
9.13771e-05
8.49733e-05
7.88105e-05
7.28878e-05
6.72036e-05
6.1756e-05
5.65439e-05
5.15672e-05
4.68251e-05
4.23163e-05
3.80402e-05
3.39959e-05
3.01818e-05
2.65972e-05
2.32422e-05
2.01162e-05
1.72185e-05
1.45487e-05
1.21034e-05
9.88157e-06
7.88298e-06
6.10914e-06
4.56518e-06
3.24906e-06
2.15215e-06
1.27329e-06
6.22148e-07
2.01925e-07
2.02218e-08
)
;
    }
    obstacle
    {
        type            calculated;
        value           nonuniform List<scalar> 
120
(
0.458666
0.424767
0.386317
0.347228
0.308233
0.269322
0.231362
0.195182
0.16146
0.130724
0.10331
0.0793631
0.0588826
0.0417807
0.0279439
0.0172854
0.00978206
0.0054942
0.00455042
0.0071184
0.0133558
0.0233461
0.0370366
0.0541916
0.0743786
0.0969708
0.121179
0.146811
0.173257
0.197427
0.225705
0.258107
0.297332
0.343719
0.398202
0.463319
0.542148
0.637747
0.752123
0.885091
1.03229
1.18394
1.32539
1.439
1.50256
1.50315
1.4407
1.32797
1.18717
1.03594
0.888985
0.756129
0.641796
0.546194
0.467325
0.402123
0.3475
0.300918
0.261489
0.229028
0.471887
0.437394
0.397802
0.357257
0.316751
0.276404
0.23714
0.199822
0.165142
0.133627
0.105604
0.0812013
0.0603992
0.0430912
0.0291479
0.0184697
0.0110242
0.0068674
0.00612442
0.00895915
0.0155234
0.0258887
0.0399808
0.0575312
0.0780651
0.100906
0.125222
0.150797
0.177001
0.200892
0.496456
0.53709
0.582135
0.630521
0.68172
0.737659
0.801038
0.874755
0.961144
1.06084
1.1714
1.286
1.39374
1.48113
1.53092
1.53283
1.4866
1.40207
1.2964
1.18315
1.07333
0.973897
0.887459
0.813548
0.749984
0.69399
0.642947
0.594947
0.550229
0.509835
)
;
    }
    frontAndBack
    {
        type            empty;
    }
}


// ************************************************************************* //
