/*--------------------------------*- C++ -*----------------------------------*\
  =========                 |
  \\      /  F ield         | OpenFOAM: The Open Source CFD Toolbox
   \\    /   O peration     | Website:  https://openfoam.org
    \\  /    A nd           | Version:  12
     \\/     M anipulation  |
\*---------------------------------------------------------------------------*/
FoamFile
{
    format      ascii;
    class       volScalarField;
    location    "140";
    object      p;
}
// * * * * * * * * * * * * * * * * * * * * * * * * * * * * * * * * * * * * * //

dimensions      [0 2 -2 0 0 0 0];

internalField   nonuniform List<scalar> 
6750
(
0.0216251
0.0216031
0.0215738
0.0214103
0.0203811
0.0231421
0.0231055
0.0229779
0.0227118
0.0223522
0.0249338
0.0248744
0.0247437
0.0245454
0.0243922
0.0268135
0.0267194
0.026595
0.0264545
0.0263774
0.0286798
0.0285418
0.0284076
0.0282948
0.028256
0.030453
0.0302665
0.0301115
0.0300087
0.0299872
0.0320846
0.0318483
0.0316686
0.0315687
0.0315556
0.0335453
0.03326
0.0330556
0.0329564
0.0329485
0.0348166
0.0344847
0.0342577
0.0341592
0.034155
0.0358882
0.0355137
0.0352671
0.03517
0.0351685
0.0367567
0.036345
0.0360828
0.0359876
0.0359879
0.0374252
0.0369827
0.0367092
0.0366164
0.0366177
0.0379032
0.037436
0.0371563
0.0370659
0.0370675
0.0382047
0.0377186
0.0374392
0.0373499
0.0373508
0.0383429
0.0378511
0.037577
0.0374852
0.037484
0.0383428
0.037851
0.0375768
0.0374851
0.0374839
0.0382044
0.0377182
0.0374388
0.0373495
0.0373504
0.0379026
0.0374354
0.0371557
0.0370652
0.0370669
0.0374243
0.0369818
0.0367083
0.0366155
0.0366168
0.0367555
0.0363439
0.0360816
0.0359864
0.0359867
0.0358867
0.0355123
0.0352657
0.0351686
0.035167
0.0348149
0.034483
0.0342559
0.0341574
0.0341532
0.0335432
0.0332579
0.0330535
0.0329543
0.0329464
0.0320822
0.0318459
0.0316662
0.0315662
0.0315532
0.0304503
0.0302638
0.0301087
0.0300059
0.0299844
0.0286767
0.0285387
0.0284045
0.0282917
0.0282529
0.02681
0.0267159
0.0265916
0.026451
0.026374
0.0249299
0.0248706
0.0247398
0.0245416
0.0243884
0.0231379
0.0231013
0.0229737
0.0227076
0.0223479
0.0216206
0.0215986
0.0215692
0.0214058
0.0203765
0.0141975
0.0147907
0.0162601
0.0173458
0.0181326
0.0187577
0.0192471
0.0196123
0.019881
0.0200637
0.0201235
0.0201345
0.0200686
0.0199221
0.0196938
0.0193799
0.0189778
0.0184905
0.0179211
0.0172682
0.0165226
0.0158074
0.0150511
0.0142707
0.0134877
0.0127156
0.0119638
0.0112465
0.0105734
0.00989737
0.0181093
0.0189056
0.0197057
0.0201066
0.0203351
0.0204759
0.0205309
0.0205092
0.0204398
0.0203196
0.0201078
0.0199182
0.01971
0.0194861
0.0192452
0.0189783
0.018673
0.0183183
0.0179037
0.0174266
0.0169092
0.0162682
0.0156026
0.0148974
0.0141601
0.0134028
0.0126335
0.0118663
0.0111403
0.0104378
0.0205904
0.0207739
0.0210887
0.0212423
0.0213175
0.021325
0.0212526
0.0211111
0.020922
0.0206491
0.0202977
0.0199603
0.0195947
0.0192119
0.018818
0.0184129
0.0179934
0.0175543
0.0170899
0.0165956
0.0160707
0.0155139
0.0149331
0.0143268
0.0136996
0.0130576
0.0124022
0.0117441
0.0111696
0.0107559
0.0220329
0.0218082
0.0219367
0.0220191
0.0220276
0.0219595
0.0218096
0.021595
0.0213243
0.0209282
0.0204804
0.020019
0.0195153
0.0189861
0.0184432
0.0178943
0.0173451
0.0167985
0.0162554
0.0157144
0.0151738
0.0146385
0.0141047
0.0135692
0.0130317
0.0124926
0.0119451
0.0113916
0.0109616
0.0108842
0.0231227
0.02275
0.0227961
0.0228078
0.0227328
0.0225772
0.0223414
0.0220407
0.021673
0.0211616
0.0206179
0.0200365
0.0194076
0.0187512
0.0180828
0.0174155
0.0167605
0.0161261
0.0155176
0.0149366
0.0143825
0.0138549
0.0133506
0.0128645
0.0123929
0.011932
0.0114682
0.0109948
0.0106734
0.0109011
0.024069
0.0236572
0.0236385
0.0235699
0.023409
0.0231669
0.0228448
0.0224546
0.0219796
0.0213632
0.0207196
0.0200227
0.0192772
0.0185051
0.0177248
0.0169537
0.0162068
0.015496
0.0148293
0.0142103
0.013639
0.013113
0.0126279
0.0121775
0.0117556
0.0113558
0.0109593
0.0105519
0.010321
0.0108222
0.024906
0.0245004
0.0244236
0.0242783
0.0240384
0.0237155
0.0233117
0.0228352
0.0222476
0.0215376
0.020794
0.0199874
0.0191323
0.0182523
0.0173685
0.0165015
0.0156696
0.0148874
0.0141647
0.0135066
0.0129136
0.0123827
0.0119084
0.0114829
0.0110988
0.0107474
0.0104058
0.0100545
0.00990374
0.0106475
0.0256542
0.0252849
0.0251576
0.0249406
0.0246266
0.0242259
0.0237444
0.0231834
0.0224827
0.0216892
0.0208457
0.0199343
0.0189753
0.0179937
0.0170129
0.0160563
0.0151445
0.0142942
0.0135171
0.012819
0.012201
0.0116598
0.0111889
0.0107797
0.0104234
0.0101098
0.00981209
0.00950765
0.00942793
0.0103805
0.0263356
0.0260241
0.0258527
0.0255668
0.0251809
0.0247054
0.0241481
0.0234982
0.0226936
0.0218191
0.0208767
0.0198647
0.0188068
0.0177286
0.0166562
0.0156148
0.0146273
0.0137119
0.0128816
0.012143
0.0114975
0.0109416
0.0104683
0.010068
0.0097312
0.00944621
0.00918293
0.00891708
0.00890033
0.0100273
0.0269673
0.0267282
0.0265172
0.0261639
0.0257078
0.0251608
0.0245275
0.0237807
0.0228867
0.0219278
0.020889
0.0197802
0.0186271
0.0174565
0.0162963
0.0151739
0.0141137
0.0131352
0.0122524
0.0114727
0.0107976
0.0102234
0.00974272
0.00934543
0.00902116
0.00875707
0.00852005
0.00828573
0.00832516
0.00959401
0.0275615
0.027405
0.027158
0.0267378
0.0262119
0.0255953
0.0248856
0.0240381
0.0230648
0.0220184
0.0208852
0.0196824
0.0184366
0.0171764
0.0159314
0.0147304
0.0135993
0.0125589
0.0116238
0.010802
0.0100952
0.00949964
0.00900739
0.00860796
0.00829041
0.00804068
0.00782301
0.00761424
0.00770416
0.0090857
0.0281287
0.0280617
0.0277817
0.0272941
0.0266983
0.0260144
0.0252249
0.0242782
0.0232299
0.0220941
0.0208676
0.0195723
0.0182357
0.0168876
0.0155592
0.014281
0.0130799
0.0119779
0.0109901
0.010125
0.00938437
0.00876438
0.00825684
0.00785083
0.00753494
0.00729395
0.0070897
0.00690139
0.00703693
0.00850607
0.0286784
0.0287057
0.0283953
0.0278407
0.0271764
0.0264208
0.0255441
0.0245104
0.0233838
0.0221571
0.020838
0.0194509
0.018024
0.0165887
0.0151776
0.0138224
0.0125514
0.0113872
0.0103456
0.00943546
0.00865867
0.00801133
0.00748496
0.00706834
0.00674961
0.00651241
0.0063164
0.00614411
0.00632107
0.00785699
0.0292205
0.0293436
0.0290056
0.0283837
0.0276505
0.0268217
0.025851
0.0247391
0.0235284
0.0222098
0.0207981
0.0193188
0.0178013
0.0162783
0.014784
0.0133513
0.0120093
0.0107815
0.00968434
0.00872695
0.00791135
0.00723356
0.00668488
0.00625379
0.00592804
0.0056901
0.00549766
0.00533747
0.00555216
0.0071382
0.0297621
0.0299847
0.0296207
0.028931
0.0281282
0.0272211
0.0261547
0.024967
0.0236674
0.0222552
0.0207494
0.0191764
0.0175669
0.0159549
0.0143758
0.0128637
0.0114487
0.0101551
0.00899994
0.00799249
0.00713498
0.00642336
0.00584873
0.00539932
0.00506252
0.00481954
0.00462631
0.00447458
0.00472369
0.00634707
0.0303107
0.0306405
0.0302531
0.0294951
0.0286157
0.0276194
0.0264666
0.0251972
0.0238042
0.0222957
0.0206933
0.0190241
0.0173198
0.0156161
0.0139495
0.0123552
0.0108644
0.00950191
0.00828531
0.00722433
0.00632125
0.00557199
0.00496748
0.00449575
0.00414378
0.00389151
0.00369325
0.00354645
0.00382697
0.00547825
0.0308762
0.0313234
0.0309141
0.0300845
0.0291222
0.0280269
0.0267932
0.0254333
0.0239423
0.022334
0.020631
0.0188615
0.0170587
0.0152593
0.0135013
0.0118209
0.0102501
0.00881458
0.0075324
0.00641361
0.00546064
0.00466939
0.00403064
0.00353222
0.00316075
0.00289478
0.00268716
0.00254172
0.00285079
0.00452338
0.0314758
0.0320468
0.0316174
0.0307065
0.0296512
0.0284591
0.0271394
0.0256806
0.0240859
0.0223723
0.0205634
0.0186882
0.0167814
0.0148811
0.0130264
0.0112545
0.00959852
0.00808474
0.00673178
0.00555001
0.00454204
0.00370374
0.00302577
0.00249582
0.00210008
0.00181566
0.00159408
0.00144618
0.00178097
0.00347058
0.0321331
0.0328207
0.0323735
0.0313757
0.030213
0.0289274
0.02751
0.0259443
0.0242391
0.0224132
0.020491
0.018503
0.0164851
0.0144769
0.0125186
0.0106486
0.00890076
0.00730224
0.00587213
0.00462117
0.00355213
0.00266087
0.00193796
0.00137093
0.00094554
0.000637387
0.000396768
0.000242136
0.000599692
0.00230373
0.0328667
0.0336645
0.0332002
0.0321049
0.0308254
0.0294406
0.0279137
0.0262316
0.0244067
0.022459
0.020414
0.0183038
0.0161657
0.0140406
0.01197
0.00999349
0.0081457
0.0064545
0.00493957
0.00361196
0.00247463
0.00152346
0.000748902
0.000138356
-0.000322878
-0.000660815
-0.000926275
-0.00109256
-0.000715564
0.00100145
0.0337024
0.0346114
0.0341189
0.0329059
0.0315111
0.0300121
0.0283618
0.026551
0.0245939
0.0225118
0.0203317
0.0180873
0.0158174
0.0135642
0.0113705
0.00927691
0.0073191
0.00552559
0.00391654
0.00250337
0.00128918
0.000269844
-0.000564271
-0.0012259
-0.00173026
-0.00210506
-0.00240215
-0.00258597
-0.00219352
-0.00046447
0.034681
0.0356832
0.0351497
0.0338139
0.0322917
0.030658
0.0288672
0.0269113
0.0248057
0.022573
0.0202421
0.0178482
0.0154316
0.0130361
0.0107059
0.0084824
0.00640229
0.00449473
0.00278038
0.00127093
-3.03863e-05
-0.00112772
-0.0020308
-0.00275253
-0.00330868
-0.00372876
-0.00406558
-0.00427415
-0.00387133
-0.00213144
0.0358492
0.0369248
0.0363333
0.034866
0.033191
0.0313988
0.0294458
0.0273233
0.0250475
0.0226432
0.020141
0.0175779
0.014996
0.0124405
0.00995678
0.00758752
0.00537005
0.00333417
0.00150093
-0.000117734
-0.00151853
-0.00270568
-0.00368904
-0.0044817
-0.00510009
-0.00557562
-0.00596201
-0.0062043
-0.00579803
-0.00404973
0.0372747
0.0383966
0.0377299
0.0361032
0.0342424
0.0322616
0.0301171
0.0277988
0.0253245
0.0227209
0.0200208
0.0172632
0.014492
0.0117539
0.00909567
0.00656083
0.00418741
0.00200569
3.69703e-05
-0.00170669
-0.00322201
-0.00451334
-0.00559075
-0.00646755
-0.00716091
-0.0077043
-0.00815232
-0.00843971
-0.0080397
-0.00628824
0.0390702
0.0401923
0.0394112
0.0375803
0.0354919
0.0332819
0.0309057
0.0283522
0.0256408
0.0228009
0.0198677
0.0168825
0.0138911
0.0109416
0.00808208
0.00535681
0.00280426
0.000454923
-0.00166982
-0.00355796
-0.00520638
-0.00661964
-0.00780808
-0.00878532
-0.00956941
-0.010196
-0.0107205
-0.0110677
-0.0106883
-0.00894444
0.0413631
0.0424356
0.0414772
0.0393807
0.037006
0.0345089
0.0318443
0.0290003
0.0259987
0.0228719
0.0196581
0.016401
0.0131483
0.00994997
0.00685462
0.00390713
0.00114598
-0.00139851
-0.00370524
-0.00576249
-0.00756744
-0.00912497
-0.0104457
-0.0115438
-0.0124381
-0.0131665
-0.0137857
-0.0142111
-0.0138738
-0.0121587
0.0444089
0.0453204
0.0440836
0.0416317
0.0388839
0.0360143
0.0329777
0.0297629
0.0263947
0.0229095
0.0193488
0.0157592
0.0121904
0.00869327
0.0053169
0.00210578
-0.000902342
-0.00367803
-0.00620098
-0.00846018
-0.0104532
-0.0121853
-0.0136673
-0.0149137
-0.0159442
-0.0167987
-0.0175346
-0.0180616
-0.0177996
-0.0161541
0.0485897
0.0491287
0.0474382
0.0444938
0.041247
0.0378811
0.0343525
0.0306524
0.02681
0.0228667
0.0188681
0.0148637
0.0109052
0.00704389
0.00332809
-0.000199352
-0.0035028
-0.00655496
-0.00933733
-0.0118401
-0.0140622
-0.016009
-0.0176915
-0.0191243
-0.0203278
-0.0213425
-0.0222256
-0.0228874
-0.0227593
-0.0212687
0.0547774
0.0545694
0.0521341
0.0484892
0.0445371
0.0404502
0.0361973
0.0317835
0.0272496
0.0226467
0.0180275
0.0134462
0.00895567
0.00460621
0.000442958
-0.00349548
-0.00717803
-0.0105815
-0.0136902
-0.0164946
-0.0189968
-0.0212157
-0.0231468
-0.0248049
-0.026211
-0.0274033
-0.0284348
-0.029231
-0.0292997
-0.0281304
0.06558
0.0636857
0.0596962
0.0548213
0.0497057
0.0444458
0.0390382
0.0335183
0.027944
0.0223757
0.0168706
0.0114819
0.00625735
0.00123825
-0.00354109
-0.00805331
-0.0122776
-0.0161995
-0.0198106
-0.0231085
-0.0260894
-0.0287416
-0.0310902
-0.0331439
-0.0349136
-0.036425
-0.0377232
-0.0387974
-0.0393522
-0.0388329
0.0178662
0.0188031
0.0205505
0.0219317
0.0230848
0.0241564
0.0251802
0.0261654
0.0271218
0.0280588
0.0289847
0.0299072
0.0308346
0.0317752
0.0327375
0.033732
0.0347713
0.0358719
0.0370526
0.0383348
0.0397461
0.0413259
0.043122
0.0452
0.047649
0.050604
0.0542502
0.0588005
0.0644819
0.0718154
0.0221863
0.0231609
0.0242847
0.0252193
0.0260517
0.0268437
0.0276071
0.0283459
0.0290675
0.02978
0.0304913
0.0312094
0.0319427
0.0327001
0.0334912
0.0343276
0.0352233
0.0361952
0.0372634
0.0384528
0.0397956
0.0413351
0.0431278
0.0452519
0.0478169
0.0509854
0.0549919
0.0601581
0.0669711
0.0760189
0.0244926
0.0253605
0.0262018
0.0269517
0.0276785
0.0283987
0.0291092
0.0298109
0.0305088
0.0312086
0.0319165
0.032639
0.0333835
0.0341582
0.0349725
0.035838
0.0367687
0.0377818
0.0388986
0.0401462
0.0415597
0.0431861
0.0450883
0.0473537
0.0501061
0.0535246
0.0578756
0.0635373
0.0711605
0.0814365
0.0265035
0.0272626
0.0279889
0.0286593
0.0293224
0.0299881
0.0306554
0.031327
0.0320081
0.032704
0.0334203
0.0341634
0.0349403
0.0357591
0.0366293
0.0375626
0.0385734
0.0396794
0.0409031
0.0422728
0.0438262
0.0456129
0.0477003
0.0501813
0.0531875
0.056908
0.0616235
0.0677293
0.075967
0.0870741
0.0283799
0.0290464
0.0296834
0.030283
0.0308864
0.0315035
0.0321351
0.0327838
0.0334539
0.0341502
0.0348777
0.0356425
0.0364514
0.0373127
0.0382361
0.0392337
0.0403205
0.0415151
0.042841
0.0443285
0.0460172
0.0479595
0.0502263
0.0529152
0.0561634
0.0601677
0.0652187
0.0717227
0.0805051
0.0923608
0.0300932
0.0306779
0.0312392
0.0317794
0.0323358
0.0329171
0.0335238
0.0341582
0.034824
0.0355253
0.0362669
0.0370546
0.0378951
0.0387967
0.0397694
0.0408256
0.0419806
0.043254
0.0446702
0.046261
0.0480677
0.0501451
0.0525671
0.0554352
0.0588913
0.0631389
0.0684781
0.0753284
0.0845965
0.09716
0.0316406
0.0321522
0.0326494
0.0331414
0.033661
0.0342155
0.034805
0.0354312
0.0360973
0.0368072
0.0375652
0.038377
0.039249
0.0401896
0.0412089
0.0423195
0.0435373
0.0448822
0.0463796
0.0480624
0.0499734
0.0521691
0.0547259
0.0577483
0.0613822
0.0658367
0.0714208
0.0785674
0.0882497
0.101441
0.0330173
0.0334633
0.0339056
0.0343582
0.0348491
0.0353835
0.0359611
0.0365834
0.037253
0.0379733
0.0387486
0.039584
0.0404861
0.0414631
0.0425253
0.0436854
0.0449597
0.0463686
0.0479382
0.0497021
0.0517045
0.0540032
0.0566766
0.0598313
0.0636169
0.0682467
0.0740376
0.0814347
0.0914563
0.10518
0.0342149
0.0346021
0.0349979
0.0354186
0.0358872
0.0364068
0.0369767
0.0375979
0.0382727
0.0390042
0.0397961
0.0406535
0.041583
0.0425926
0.0436927
0.0448963
0.0462199
0.0476843
0.049316
0.0511497
0.0532299
0.0556162
0.058388
0.0616541
0.0655664
0.0703422
0.0763048
0.0839093
0.0941993
0.108361
0.0352265
0.035562
0.0359192
0.0363149
0.0367665
0.0372753
0.0378404
0.0384624
0.039143
0.039885
0.0406921
0.041569
0.0425223
0.04356
0.0446925
0.045933
0.047298
0.0488088
0.0504925
0.0523839
0.0545287
0.056987
0.0598395
0.0631965
0.0672121
0.0721062
0.0782075
0.0859798
0.0964737
0.11099
0.0360492
0.0363407
0.0366671
0.0370437
0.0374827
0.037984
0.0385462
0.0391697
0.039856
0.0406074
0.0414274
0.0423208
0.0432938
0.0443546
0.0455136
0.046784
0.0481827
0.049731
0.0514563
0.053394
0.0555902
0.0581058
0.0610222
0.0644511
0.0685478
0.0735347
0.0797446
0.0876485
0.09829
0.113089
0.0366849
0.0369412
0.037244
0.0376067
0.0380367
0.0385327
0.0390934
0.0397187
0.0404099
0.041169
0.0419994
0.0429058
0.0438943
0.0449732
0.0461527
0.0474463
0.0488708
0.0504479
0.0522051
0.0541781
0.0564135
0.0589725
0.0619374
0.0654204
0.0695783
0.0746349
0.0809262
0.0889289
0.0996701
0.114689
0.037141
0.0373709
0.0376571
0.0380103
0.0384342
0.0389269
0.0394868
0.0401137
0.0408086
0.0415736
0.0424117
0.0433276
0.0443274
0.0454193
0.0466136
0.0479239
0.0493669
0.0509646
0.0527446
0.0547428
0.0570059
0.0595958
0.062595
0.0661163
0.0703174
0.0754228
0.0817713
0.0898437
0.100645
0.115831
0.0374291
0.0376419
0.0379176
0.038265
0.0386852
0.039176
0.0397356
0.0403637
0.0410612
0.04183
0.0426731
0.0435952
0.0446022
0.0457025
0.0469063
0.0482271
0.049682
0.0512927
0.0530872
0.0551013
0.0573821
0.0599915
0.0630123
0.0665578
0.070786
0.0759221
0.0823065
0.0904227
0.101252
0.11656
0.0375644
0.0377689
0.0380397
0.0383843
0.0388029
0.0392929
0.0398524
0.0404812
0.04118
0.0419507
0.0427963
0.0437213
0.0447318
0.0458361
0.0470445
0.0483704
0.0498309
0.0514479
0.0532493
0.0552711
0.0575603
0.060179
0.0632101
0.0667671
0.0710083
0.0761589
0.0825604
0.0906972
0.101533
0.116912
0.0375643
0.0377688
0.0380395
0.0383842
0.0388028
0.0392928
0.0398523
0.0404811
0.0411799
0.0419506
0.0427962
0.0437212
0.0447318
0.045836
0.0470444
0.0483703
0.0498309
0.0514478
0.0532492
0.055271
0.0575602
0.0601789
0.06321
0.066767
0.0710082
0.0761588
0.0825603
0.0906971
0.101533
0.116912
0.0374288
0.0376416
0.0379173
0.0382646
0.0386849
0.0391757
0.0397353
0.0403634
0.041061
0.0418297
0.0426729
0.0435949
0.044602
0.0457022
0.046906
0.0482269
0.0496817
0.0512925
0.0530869
0.0551011
0.0573819
0.0599912
0.063012
0.0665575
0.0707857
0.0759218
0.0823061
0.0904223
0.101251
0.116559
0.0371404
0.0373703
0.0376565
0.0380097
0.0384336
0.0389263
0.0394862
0.0401132
0.0408082
0.0415731
0.0424113
0.0433271
0.044327
0.0454188
0.0466132
0.0479234
0.0493665
0.0509641
0.0527441
0.0547423
0.0570055
0.0595953
0.0625945
0.0661158
0.0703169
0.0754223
0.0817707
0.0898431
0.100644
0.11583
0.036684
0.0369403
0.0372432
0.0376059
0.0380359
0.038532
0.0390927
0.039718
0.0404092
0.0411683
0.0419988
0.0429052
0.0438937
0.0449725
0.0461521
0.0474456
0.0488702
0.0504472
0.0522045
0.0541775
0.0564128
0.0589718
0.0619367
0.0654197
0.0695776
0.0746341
0.0809253
0.088928
0.0996691
0.114688
0.036048
0.0363396
0.036666
0.0370427
0.0374817
0.037983
0.0385452
0.0391688
0.0398551
0.0406065
0.0414265
0.0423199
0.043293
0.0443538
0.0455128
0.0467832
0.0481819
0.0497302
0.0514555
0.0533932
0.0555894
0.0581049
0.0610213
0.0644501
0.0685469
0.0735337
0.0797436
0.0876473
0.0982887
0.113087
0.0352251
0.0355606
0.0359179
0.0363136
0.0367652
0.0372741
0.0378392
0.0384612
0.0391419
0.0398839
0.040691
0.041568
0.0425212
0.043559
0.0446915
0.0459319
0.047297
0.0488078
0.0504915
0.0523829
0.0545276
0.0569859
0.0598384
0.0631954
0.0672109
0.0721049
0.0782062
0.0859784
0.0964721
0.110988
0.0342132
0.0346004
0.0349963
0.0354171
0.0358857
0.0364053
0.0369752
0.0375965
0.0382714
0.0390028
0.0397948
0.0406522
0.0415817
0.0425914
0.0436915
0.0448951
0.0462187
0.047683
0.0493148
0.0511484
0.0532287
0.0556149
0.0583866
0.0616527
0.065565
0.0703407
0.0763032
0.0839076
0.0941974
0.108359
0.0330152
0.0334613
0.0339037
0.0343563
0.0348473
0.0353817
0.0359594
0.0365818
0.0372514
0.0379718
0.0387471
0.0395825
0.0404847
0.0414617
0.0425239
0.043684
0.0449583
0.0463672
0.0479368
0.0497007
0.051703
0.0540017
0.056675
0.0598297
0.0636152
0.068245
0.0740358
0.0814327
0.0914541
0.105177
0.0316382
0.0321499
0.0326472
0.0331392
0.033659
0.0342136
0.0348031
0.0354293
0.0360955
0.0368054
0.0375635
0.0383753
0.0392474
0.040188
0.0412073
0.0423179
0.0435357
0.0448806
0.046378
0.0480608
0.0499717
0.0521674
0.0547242
0.0577465
0.0613803
0.0658347
0.0714187
0.0785651
0.0882472
0.101438
0.0300905
0.0306753
0.0312367
0.031777
0.0323335
0.0329148
0.0335217
0.0341562
0.034822
0.0355233
0.036265
0.0370527
0.0378933
0.0387949
0.0397676
0.0408238
0.0419789
0.0432522
0.0446684
0.0462592
0.0480658
0.0501433
0.0525652
0.0554332
0.0588892
0.0631367
0.0684758
0.0753259
0.0845937
0.0971568
0.0283769
0.0290435
0.0296806
0.0302803
0.0308838
0.031501
0.0321326
0.0327814
0.0334517
0.034148
0.0348756
0.0356404
0.0364494
0.0373107
0.0382341
0.0392318
0.0403186
0.0415132
0.0428391
0.0443266
0.0460152
0.0479575
0.0502242
0.052913
0.0561611
0.0601653
0.0652162
0.07172
0.080502
0.0923572
0.0265001
0.0272593
0.0279858
0.0286563
0.0293195
0.0299853
0.0306527
0.0313244
0.0320056
0.0327016
0.033418
0.0341612
0.0349381
0.0357569
0.0366271
0.0375605
0.0385713
0.0396773
0.040901
0.0422707
0.043824
0.0456108
0.047698
0.050179
0.0531851
0.0569055
0.0616208
0.0677264
0.0759637
0.0870702
0.0244888
0.0253568
0.0261984
0.0269484
0.0276753
0.0283956
0.0291063
0.0298081
0.0305061
0.031206
0.0319139
0.0326365
0.0333811
0.0341558
0.0349702
0.0358357
0.0367664
0.0377795
0.0388964
0.0401439
0.0415574
0.0431838
0.0450859
0.0473513
0.0501035
0.0535219
0.0578727
0.0635341
0.0711569
0.0814323
0.022182
0.0231568
0.0242809
0.0252157
0.0260482
0.0268404
0.0276039
0.0283428
0.0290646
0.0297772
0.0304886
0.0312068
0.0319401
0.0326976
0.0334887
0.0343252
0.0352209
0.0361928
0.037261
0.0384504
0.0397932
0.0413327
0.0431253
0.0452493
0.0478142
0.0509826
0.0549889
0.0601548
0.0669674
0.0760145
0.0178613
0.0187983
0.0205461
0.0219275
0.0230808
0.0241525
0.0251766
0.0261619
0.0271184
0.0280556
0.0289816
0.0299042
0.0308317
0.0317724
0.0327348
0.0337293
0.0347687
0.0358694
0.0370501
0.0383323
0.0397436
0.0413234
0.0431194
0.0451974
0.0476463
0.0506012
0.0542472
0.0587972
0.0644781
0.0718108
0.0655752
0.0636808
0.0596913
0.0548162
0.0497005
0.0444405
0.0390328
0.0335129
0.0279385
0.0223701
0.0168651
0.0114764
0.00625191
0.00123289
-0.00354634
-0.00805843
-0.0122826
-0.0162043
-0.0198152
-0.023113
-0.0260937
-0.0287457
-0.0310942
-0.0331476
-0.0349171
-0.0364283
-0.0377263
-0.0388004
-0.039355
-0.0388356
0.0547732
0.0545652
0.0521299
0.0484848
0.0445326
0.0404456
0.0361925
0.0317786
0.0272448
0.0226417
0.0180226
0.0134413
0.00895081
0.00460141
0.000438241
-0.00350009
-0.00718252
-0.0105859
-0.0136944
-0.0164986
-0.0190007
-0.0212194
-0.0231504
-0.0248083
-0.0262142
-0.0274064
-0.0284376
-0.0292337
-0.0293023
-0.028133
0.048586
0.0491249
0.0474344
0.0444898
0.0412429
0.0378769
0.0343482
0.0306481
0.0268056
0.0228622
0.0188636
0.0148592
0.0109007
0.00703952
0.00332379
-0.000203573
-0.00350692
-0.00655896
-0.0093412
-0.0118439
-0.0140658
-0.0160125
-0.0176948
-0.0191274
-0.0203308
-0.0213453
-0.0222283
-0.02289
-0.0227617
-0.021271
0.0444054
0.0453169
0.0440801
0.0416281
0.0388802
0.0360104
0.0329738
0.0297589
0.0263906
0.0229054
0.0193447
0.0157551
0.0121863
0.0086892
0.00531289
0.00210184
-0.000906186
-0.00368176
-0.00620461
-0.00846368
-0.0104566
-0.0121885
-0.0136704
-0.0149166
-0.015947
-0.0168013
-0.0175371
-0.018064
-0.0178019
-0.0161563
0.0413599
0.0424324
0.0414739
0.0393773
0.0370025
0.0345054
0.0318407
0.0289966
0.0259949
0.022868
0.0196542
0.0163971
0.0131445
0.00994614
0.00685084
0.00390342
0.00114235
-0.00140205
-0.00370867
-0.0057658
-0.00757063
-0.00912804
-0.0104487
-0.0115466
-0.0124408
-0.0131691
-0.0137881
-0.0142134
-0.013876
-0.0121609
0.0390671
0.0401893
0.0394081
0.0375771
0.0354886
0.0332785
0.0309023
0.0283487
0.0256372
0.0227972
0.0198641
0.0168788
0.0138874
0.010938
0.00807848
0.00535326
0.00280079
0.000451541
-0.0016731
-0.00356114
-0.00520945
-0.0066226
-0.00781092
-0.00878804
-0.00957201
-0.0101985
-0.0107229
-0.01107
-0.0106904
-0.00894651
0.0372718
0.0383937
0.0377269
0.0361001
0.0342392
0.0322583
0.0301138
0.0277955
0.025321
0.0227174
0.0200173
0.0172597
0.0144885
0.0117504
0.0090922
0.00655742
0.00418407
0.00200242
3.37963e-05
-0.00170976
-0.00322498
-0.00451621
-0.00559351
-0.00647019
-0.00716345
-0.00770673
-0.00815465
-0.00844195
-0.00804184
-0.00629026
0.0358464
0.0369219
0.0363304
0.034863
0.033188
0.0313957
0.0294426
0.02732
0.0250442
0.0226398
0.0201376
0.0175745
0.0149926
0.0124371
0.00995341
0.00758421
0.0053668
0.00333099
0.00149784
-0.000120734
-0.00152144
-0.00270848
-0.00369175
-0.0044843
-0.00510259
-0.00557802
-0.00596432
-0.00620652
-0.00580014
-0.00405171
0.0346783
0.0356805
0.0351469
0.033811
0.0322887
0.0306549
0.0288641
0.0269081
0.0248024
0.0225697
0.0202388
0.0178448
0.0154283
0.0130328
0.0107026
0.00847916
0.00639911
0.00449162
0.00277735
0.00126799
-3.32406e-05
-0.00113048
-0.00203347
-0.0027551
-0.00331115
-0.00373114
-0.00406788
-0.00427636
-0.00387345
-0.00213341
0.0336997
0.0346087
0.0341161
0.0329031
0.0315082
0.0300091
0.0283587
0.0265478
0.0245907
0.0225085
0.0203285
0.018084
0.0158141
0.0135609
0.0113673
0.00927373
0.00731597
0.00552252
0.00391355
0.00250047
0.00128636
0.00026711
-0.000566916
-0.00122846
-0.00173273
-0.00210744
-0.00240444
-0.00258819
-0.00219564
-0.000466438
0.0328641
0.0336618
0.0331975
0.032102
0.0308225
0.0294377
0.0279107
0.0262285
0.0244036
0.0224558
0.0204108
0.0183006
0.0161625
0.0140374
0.0119669
0.00999035
0.00814261
0.00645147
0.00493661
0.00360908
0.00247183
0.00152074
0.000746265
0.000135803
-0.000325347
-0.000663201
-0.000928584
-0.0010948
-0.000717705
0.000999477
0.0321305
0.032818
0.0323707
0.0313729
0.0302101
0.0289244
0.027507
0.0259412
0.024236
0.0224101
0.0204879
0.0184998
0.0164819
0.0144737
0.0125154
0.0106455
0.0088977
0.00729923
0.00586919
0.0046183
0.00354933
0.00265815
0.00193532
0.00136837
0.000943061
0.000634987
0.000394442
0.00023988
0.000597528
0.00230174
0.0314732
0.0320441
0.0316147
0.0307037
0.0296483
0.0284561
0.0271364
0.0256775
0.0240828
0.0223692
0.0205602
0.0186851
0.0167783
0.0148779
0.0130232
0.0112514
0.00959547
0.00808175
0.00672884
0.00554714
0.00453924
0.00370102
0.00302313
0.00249325
0.00209758
0.00181324
0.00159173
0.00144389
0.00177878
0.00346857
0.0308736
0.0313207
0.0309113
0.0300817
0.0291193
0.0280239
0.0267902
0.0254302
0.0239392
0.0223308
0.0206279
0.0188584
0.0170555
0.0152562
0.0134982
0.0118178
0.0102471
0.00881158
0.00752947
0.00641073
0.00545784
0.00466666
0.00402798
0.00352963
0.00315823
0.00289233
0.00268479
0.00253941
0.00284857
0.00452135
0.030308
0.0306377
0.0302503
0.0294922
0.0286128
0.0276164
0.0264636
0.0251941
0.0238011
0.0222926
0.0206902
0.0190209
0.0173167
0.015613
0.0139464
0.0123522
0.0108613
0.0094989
0.00828237
0.00722144
0.00631843
0.00556924
0.0049648
0.00449314
0.00414124
0.00388904
0.00369085
0.00354411
0.00382472
0.00547618
0.0297594
0.0299819
0.0296178
0.028928
0.0281253
0.0272181
0.0261516
0.0249639
0.0236643
0.022252
0.0207462
0.0191733
0.0175637
0.0159517
0.0143726
0.0128606
0.0114457
0.0101521
0.00899698
0.00798959
0.00713215
0.00642059
0.00584602
0.00539668
0.00505995
0.00481704
0.00462388
0.0044722
0.0047214
0.00634497
0.0292177
0.0293407
0.0290027
0.0283807
0.0276475
0.0268186
0.0258479
0.024736
0.0235253
0.0222066
0.0207949
0.0193156
0.0177981
0.0162752
0.0147809
0.0133482
0.0120062
0.0107784
0.00968136
0.00872403
0.00790849
0.00723076
0.00668215
0.00625112
0.00592544
0.00568757
0.00549519
0.00533506
0.00554983
0.00713607
0.0286756
0.0287028
0.0283923
0.0278376
0.0271733
0.0264177
0.025541
0.0245073
0.0233806
0.0221539
0.0208348
0.0194477
0.0180208
0.0165855
0.0151744
0.0138193
0.0125483
0.0113841
0.0103426
0.00943251
0.00865578
0.00800851
0.0074822
0.00706565
0.00674698
0.00650984
0.00631389
0.00614166
0.00631871
0.00785481
0.0281257
0.0280587
0.0277786
0.0272909
0.0266952
0.0260112
0.0252217
0.024275
0.0232267
0.0220909
0.0208644
0.0195691
0.0182324
0.0168843
0.015556
0.0142778
0.0130768
0.0119748
0.0109871
0.010122
0.00938145
0.00876153
0.00825404
0.0078481
0.00753227
0.00729135
0.00708716
0.00689891
0.00703453
0.00850385
0.0275585
0.0274019
0.0271548
0.0267346
0.0262087
0.0255921
0.0248824
0.0240348
0.0230615
0.0220152
0.020882
0.0196791
0.0184334
0.0171732
0.0159281
0.0147272
0.0135961
0.0125558
0.0116208
0.010799
0.0100923
0.00949676
0.00900456
0.0086052
0.0082877
0.00803804
0.00782043
0.00761172
0.00770172
0.00908343
0.0269641
0.026725
0.0265139
0.0261606
0.0257045
0.0251575
0.0245242
0.0237773
0.0228833
0.0219244
0.0208857
0.0197769
0.0186237
0.0174532
0.0162931
0.0151707
0.0141105
0.0131321
0.0122493
0.0114697
0.0107946
0.0102205
0.00973986
0.00934262
0.00901843
0.0087544
0.00851743
0.00828317
0.00832268
0.00959169
0.0263323
0.0260208
0.0258493
0.0255634
0.0251775
0.024702
0.0241447
0.0234948
0.0226902
0.0218158
0.0208734
0.0198613
0.0188034
0.0177253
0.0166529
0.0156115
0.0146241
0.0137088
0.0128784
0.0121399
0.0114945
0.0109387
0.0104654
0.0100652
0.00972842
0.0094435
0.00918027
0.00891448
0.0088978
0.010025
0.0256507
0.0252814
0.0251541
0.0249371
0.0246231
0.0242224
0.0237409
0.0231799
0.0224792
0.0216858
0.0208422
0.0199308
0.0189719
0.0179903
0.0170096
0.0160529
0.0151412
0.014291
0.0135139
0.0128159
0.012198
0.0116568
0.011186
0.0107768
0.0104205
0.010107
0.00980939
0.00950501
0.00942536
0.0103781
0.0249024
0.0244968
0.0244199
0.0242746
0.0240348
0.0237119
0.0233081
0.0228316
0.022244
0.0215341
0.0207905
0.019984
0.0191289
0.0182488
0.0173651
0.0164982
0.0156663
0.0148841
0.0141615
0.0135034
0.0129105
0.0123797
0.0119054
0.01148
0.0110959
0.0107446
0.0104031
0.0100518
0.00990113
0.010645
0.0240652
0.0236534
0.0236347
0.0235662
0.0234053
0.0231632
0.0228411
0.0224509
0.021976
0.0213596
0.020716
0.0200191
0.0192737
0.0185016
0.0177214
0.0169503
0.0162034
0.0154927
0.014826
0.0142071
0.0136359
0.0131099
0.0126249
0.0121745
0.0117527
0.0113529
0.0109565
0.0105492
0.0103183
0.0108196
0.0231187
0.022746
0.0227922
0.0228039
0.0227289
0.0225734
0.0223376
0.022037
0.0216693
0.0211579
0.0206142
0.0200328
0.019404
0.0187477
0.0180793
0.017412
0.0167571
0.0161228
0.0155143
0.0149333
0.0143793
0.0138518
0.0133475
0.0128615
0.01239
0.0119291
0.0114654
0.010992
0.0106707
0.0108985
0.0220287
0.021804
0.0219326
0.022015
0.0220236
0.0219555
0.0218057
0.0215911
0.0213205
0.0209244
0.0204767
0.0200153
0.0195117
0.0189825
0.0184396
0.0178908
0.0173417
0.0167951
0.0162521
0.0157111
0.0151706
0.0146353
0.0141016
0.0135661
0.0130287
0.0124897
0.0119422
0.0113888
0.0109588
0.0108815
0.020586
0.0207695
0.0210844
0.021238
0.0213133
0.0213208
0.0212485
0.0211071
0.020918
0.0206452
0.0202938
0.0199565
0.0195909
0.0192082
0.0188144
0.0184094
0.0179899
0.0175509
0.0170865
0.0165923
0.0160674
0.0155107
0.0149299
0.0143237
0.0136965
0.0130546
0.0123993
0.0117412
0.0111668
0.0107532
0.0181045
0.0189009
0.0197011
0.0201021
0.0203307
0.0204716
0.0205266
0.0205051
0.0204357
0.0203156
0.0201038
0.0199143
0.0197062
0.0194824
0.0192416
0.0189747
0.0186694
0.0183148
0.0179002
0.0174232
0.0169058
0.016265
0.0155994
0.0148942
0.014157
0.0133997
0.0126304
0.0118633
0.0111374
0.0104349
0.0141921
0.0147854
0.0162551
0.017341
0.018128
0.0187531
0.0192427
0.019608
0.0198768
0.0200596
0.0201195
0.0201305
0.0200648
0.0199184
0.0196901
0.0193763
0.0189742
0.0184869
0.0179175
0.0172647
0.0165192
0.015804
0.0150477
0.0142673
0.0134844
0.0127122
0.0119605
0.0112432
0.01057
0.00989413
-0.0405114
-0.0325735
-0.0265791
-0.0217113
-0.0176933
-0.0143484
-0.0115269
-0.00911935
-0.00704267
-0.00523362
-0.00364355
-0.00223449
-0.000976416
0.000154739
0.00117848
0.00211079
0.00296481
0.00375134
0.00447913
0.00515502
0.00578393
0.00636879
0.0069104
0.00740735
0.00785559
0.00824677
0.00857076
0.00882443
0.0090087
0.0090553
-0.0406634
-0.0325974
-0.0263076
-0.0213092
-0.0172146
-0.0138137
-0.0109454
-0.00849511
-0.00637802
-0.00453058
-0.00290443
-0.0014623
-0.000175221
0.00097948
0.00201955
0.00295884
0.00380799
0.00457502
0.00526577
0.00588422
0.0064328
0.0069127
0.00732416
0.00766676
0.00793935
0.00813975
0.00826623
0.00833981
0.00845301
0.00864905
-0.0414881
-0.0335705
-0.0272643
-0.0222604
-0.0181521
-0.0147327
-0.0118441
-0.00937332
-0.007237
-0.00537252
-0.00373213
-0.00227886
-0.000983812
0.000175828
0.00121815
0.00215753
0.00300536
0.00377058
0.00446012
0.00507918
0.00563148
0.00611947
0.00654457
0.00690746
0.00720795
0.00744248
0.00760168
0.00769992
0.00786611
0.00825499
-0.0424903
-0.0348739
-0.0286821
-0.0237205
-0.0196058
-0.0161555
-0.0132244
-0.010706
-0.00852082
-0.00660858
-0.00492272
-0.00342698
-0.00209278
-0.000897375
0.000177411
0.00114617
0.00202063
0.00281016
0.00352219
0.00416253
0.00473563
0.00524476
0.00569222
0.00607983
0.00640883
0.00667673
0.00687224
0.00700595
0.00722587
0.00777863
-0.0433993
-0.0360356
-0.0299641
-0.0250523
-0.0209387
-0.0174627
-0.0144918
-0.0119269
-0.00969279
-0.00773169
-0.00599862
-0.00445821
-0.00308234
-0.00184852
-0.000738586
0.000262141
0.00116557
0.00198136
0.00271729
0.0033796
0.0039732
0.00450191
0.00496859
0.00537568
0.00572526
0.00601582
0.00623592
0.00639363
0.00664272
0.00728763
-0.0441799
-0.036998
-0.0310343
-0.0261746
-0.0220736
-0.0185858
-0.015589
-0.0129904
-0.0107189
-0.00871907
-0.00694764
-0.00537019
-0.0039592
-0.00269248
-0.00155203
-0.000523152
0.000406152
0.00124571
0.00200357
0.00268627
0.0032991
0.00384629
0.00433117
0.00475662
0.00512526
0.00543641
0.00567921
0.00585913
0.00612438
0.00680483
-0.0448479
-0.0378044
-0.0319415
-0.0271341
-0.0230531
-0.0195637
-0.0165515
-0.0139293
-0.0116295
-0.00959913
-0.00779639
-0.0061879
-0.00474681
-0.00345131
-0.00228363
-0.00122917
-0.000275903
0.000586069
0.00136494
0.00206746
0.00269918
0.00326462
0.00376745
0.00421088
0.00459788
0.00492861
0.00519342
0.00539557
0.00566939
0.00634175
-0.0454126
-0.0384793
-0.032711
-0.0279531
-0.0238949
-0.0204091
-0.0173881
-0.014749
-0.0124273
-0.0103723
-0.00854363
-0.00690885
-0.00544178
-0.00412104
-0.00292912
-0.00185156
-0.000876395
6.31739e-06
0.000804843
0.00152607
0.00217571
0.00275853
0.00327842
0.00373881
0.00414295
0.00449171
0.00477719
0.00500091
0.00527801
0.00591025
-0.0458799
-0.0390337
-0.0333519
-0.0286385
-0.0246028
-0.0211236
-0.018098
-0.0154469
-0.0131086
-0.0110341
-0.00918429
-0.00752775
-0.00603886
-0.00469665
-0.00348387
-0.00238621
-0.00139179
-0.000490687
0.000325417
0.00106349
0.00172937
0.00232796
0.00286337
0.00333918
0.00375878
0.00412368
0.004428
0.00467211
0.00494924
0.00552093
-0.0462571
-0.0394775
-0.0338725
-0.029197
-0.0251823
-0.0217106
-0.0186833
-0.0160241
-0.0136734
-0.0115838
-0.00971743
-0.00804345
-0.00653682
-0.00517696
-0.00394686
-0.00283237
-0.00182169
-0.000904921
-7.3746e-05
0.000678855
0.00135881
0.00197114
0.00252009
0.00300935
0.00344239
0.00382129
0.00414219
0.00440491
0.00468053
0.00518195
-0.0465531
-0.0398216
-0.0342822
-0.0296377
-0.0256411
-0.022177
-0.0191495
-0.016485
-0.0141254
-0.0120246
-0.0101455
-0.00845798
-0.00693744
-0.0055636
-0.00431965
-0.00319161
-0.00216775
-0.0012382
-0.000394665
0.000369917
0.00106153
0.00168527
0.00224547
0.00274595
0.0031902
0.00358071
0.00391555
0.00419449
0.00446827
0.00489891
-0.0467771
-0.0400769
-0.0345914
-0.0299707
-0.0259887
-0.0225311
-0.0195044
-0.0168365
-0.0144707
-0.0123618
-0.0104733
-0.00877574
-0.00724474
-0.00586031
-0.00460582
-0.00346739
-0.00243337
-0.00149395
-0.000640796
0.000133135
0.000833869
0.00146656
0.00203562
0.00254493
0.00299801
0.00339764
0.00374354
0.00403581
0.00430812
0.00467485
-0.0469377
-0.0402538
-0.0348104
-0.0302066
-0.0262353
-0.0227828
-0.019757
-0.017087
-0.0147171
-0.0126026
-0.0107077
-0.00900304
-0.00746467
-0.00607274
-0.00481075
-0.0036649
-0.00262359
-0.00167705
-0.000816959
-3.62611e-05
0.00067109
0.00131028
0.0018858
0.00240154
0.00286106
0.00326733
0.00362133
0.00392369
0.00419522
0.00451039
-0.0470427
-0.0403624
-0.0349491
-0.0303558
-0.0263916
-0.0229424
-0.0199173
-0.0172461
-0.0148736
-0.0127557
-0.0108567
-0.00914764
-0.00760463
-0.00620795
-0.0049412
-0.00379063
-0.00274468
-0.00179359
-0.00092907
-0.000144041
0.000567552
0.00121092
0.00179058
0.00231046
0.00277412
0.00318465
0.00354386
0.00385292
0.0041243
0.004404
-0.0470959
-0.0404122
-0.0350157
-0.0304274
-0.0264665
-0.023019
-0.0199941
-0.0173223
-0.0149486
-0.0128291
-0.0109281
-0.00921695
-0.00767171
-0.00627276
-0.00500372
-0.00385089
-0.00280272
-0.00184945
-0.0009828
-0.000195692
0.000517937
0.00116331
0.00174495
0.00226683
0.00273248
0.00314505
0.00350677
0.00381914
0.00409064
0.00435282
-0.047096
-0.0404123
-0.0350157
-0.0304275
-0.0264665
-0.023019
-0.0199942
-0.0173224
-0.0149487
-0.0128291
-0.0109282
-0.00921701
-0.00767177
-0.00627282
-0.00500378
-0.00385095
-0.00280278
-0.00184952
-0.000982867
-0.00019576
0.000517867
0.00116324
0.00174488
0.00226675
0.0027324
0.00314498
0.00350669
0.00381906
0.00409056
0.00435274
-0.0470429
-0.0403626
-0.0349493
-0.030356
-0.0263917
-0.0229426
-0.0199174
-0.0172463
-0.0148738
-0.0127559
-0.0108569
-0.00914782
-0.00760481
-0.00620813
-0.00494138
-0.00379082
-0.00274488
-0.00179379
-0.000929274
-0.000144249
0.000567339
0.0012107
0.00179035
0.00231024
0.00277389
0.00318442
0.00354362
0.00385268
0.00412405
0.00440376
-0.046938
-0.0402541
-0.0348107
-0.0302069
-0.0262356
-0.0227831
-0.0197573
-0.0170873
-0.0147174
-0.0126029
-0.010708
-0.00900334
-0.00746498
-0.00607306
-0.00481107
-0.00366522
-0.00262392
-0.00167739
-0.000817305
-3.66151e-05
0.000670728
0.00130992
0.00188542
0.00240116
0.00286067
0.00326693
0.00362092
0.00392328
0.00419481
0.00450998
-0.0467775
-0.0400773
-0.0345919
-0.0299712
-0.0259891
-0.0225316
-0.0195048
-0.0168369
-0.0144711
-0.0123622
-0.0104738
-0.00877617
-0.00724518
-0.00586076
-0.00460628
-0.00346786
-0.00243385
-0.00149443
-0.00064129
0.00013263
0.000833353
0.00146603
0.00203509
0.00254438
0.00299745
0.00339707
0.00374297
0.00403523
0.00430754
0.00467426
-0.0465538
-0.0398222
-0.0342828
-0.0296383
-0.0256416
-0.0221775
-0.0191501
-0.0164855
-0.014126
-0.0120252
-0.0101461
-0.00845855
-0.00693802
-0.00556418
-0.00432025
-0.00319222
-0.00216837
-0.00123884
-0.000395313
0.000369255
0.00106085
0.00168458
0.00224477
0.00274523
0.00318947
0.00357997
0.0039148
0.00419373
0.0044675
0.00489813
-0.0462579
-0.0394783
-0.0338732
-0.0291977
-0.025183
-0.0217113
-0.018684
-0.0160248
-0.0136741
-0.0115845
-0.00971813
-0.00804415
-0.00653754
-0.00517769
-0.0039476
-0.00283312
-0.00182246
-0.00090571
-7.45518e-05
0.000678032
0.00135797
0.00197029
0.00251921
0.00300846
0.00344149
0.00382037
0.00414126
0.00440397
0.00467958
0.00518099
-0.0458809
-0.0390346
-0.0333528
-0.0286393
-0.0246037
-0.0211244
-0.0180988
-0.0154478
-0.0131094
-0.0110349
-0.00918512
-0.0075286
-0.00603972
-0.00469752
-0.00348476
-0.00238712
-0.00139272
-0.000491634
0.00032445
0.0010625
0.00172836
0.00232694
0.00286233
0.00333812
0.0037577
0.00412259
0.00442689
0.00467099
0.00494811
0.00551979
-0.0454138
-0.0384803
-0.032712
-0.0279541
-0.0238958
-0.0204101
-0.0173891
-0.01475
-0.0124283
-0.0103733
-0.0085446
-0.00690984
-0.00544278
-0.00412206
-0.00293016
-0.00185262
-0.000877479
5.2104e-06
0.000803713
0.00152491
0.00217454
0.00275733
0.0032772
0.00373757
0.00414169
0.00449043
0.0047759
0.00499961
0.00527669
0.00590891
-0.0448493
-0.0378056
-0.0319427
-0.0271353
-0.0230543
-0.0195648
-0.0165526
-0.0139304
-0.0116306
-0.00960024
-0.0077975
-0.00618903
-0.00474796
-0.00345248
-0.00228482
-0.00123038
-0.000277146
0.000584801
0.00136364
0.00206614
0.00269783
0.00326325
0.00376606
0.00420946
0.00459644
0.00492715
0.00519195
0.00539408
0.00566789
0.00634023
-0.0441814
-0.0369995
-0.0310357
-0.0261759
-0.0220749
-0.0185871
-0.0155903
-0.0129917
-0.0107201
-0.00872032
-0.0069489
-0.00537147
-0.0039605
-0.0026938
-0.00155337
-0.000524526
0.000404751
0.00124428
0.00200211
0.00268478
0.00329759
0.00384475
0.0043296
0.00475503
0.00512364
0.00543477
0.00567756
0.00585747
0.0061227
0.00680313
-0.0434011
-0.0360372
-0.0299656
-0.0250537
-0.0209401
-0.0174641
-0.0144932
-0.0119283
-0.00969417
-0.00773308
-0.00600002
-0.00445963
-0.00308379
-0.00184999
-0.000740084
0.000260613
0.00116401
0.00197977
0.00271567
0.00337794
0.00397152
0.00450019
0.00496685
0.00537392
0.00572347
0.006014
0.00623409
0.00639178
0.00664085
0.00728574
-0.0424923
-0.0348756
-0.0286838
-0.0237221
-0.0196074
-0.0161571
-0.0132259
-0.0107075
-0.00852234
-0.0066101
-0.00492426
-0.00342854
-0.00209437
-0.00089899
0.000175765
0.0011445
0.00201892
0.00280841
0.0035204
0.00416072
0.00473379
0.00524288
0.00569031
0.00607789
0.00640687
0.00667474
0.00687023
0.00700393
0.00722383
0.00777656
-0.0414902
-0.0335724
-0.0272661
-0.0222621
-0.0181538
-0.0147343
-0.0118457
-0.00937496
-0.00723864
-0.00537418
-0.0037338
-0.00228056
-0.000985534
0.000174074
0.00121636
0.00215571
0.0030035
0.00376869
0.00445819
0.00507721
0.00562947
0.00611743
0.00654249
0.00690536
0.00720581
0.00744032
0.0075995
0.00769772
0.00786389
0.00825275
-0.0406658
-0.0325995
-0.0263096
-0.0213111
-0.0172164
-0.0138155
-0.0109472
-0.00849688
-0.0063798
-0.00453238
-0.00290625
-0.00146415
-0.0001771
0.000977568
0.00201761
0.00295685
0.00380596
0.00457296
0.00526367
0.00588208
0.00643062
0.00691049
0.00732192
0.00766448
0.00793704
0.00813742
0.00826388
0.00833744
0.00845061
0.00864664
-0.0405139
-0.0325757
-0.0265812
-0.0217133
-0.0176952
-0.0143504
-0.0115288
-0.00912131
-0.00704465
-0.00523564
-0.00364561
-0.0022366
-0.000978567
0.000152543
0.00117624
0.00210851
0.00296248
0.00374898
0.00447674
0.00515259
0.00578147
0.0063663
0.00690788
0.00740481
0.00785302
0.00824416
0.00856813
0.00882175
0.00900595
0.00905259
0.00843077
0.00795209
0.00735547
0.00674248
0.00616296
0.00562087
0.00511227
0.00463591
0.0041917
0.00377925
0.00339775
0.0030461
0.00272309
0.0024274
0.00215764
0.00191238
0.00169017
0.00148958
0.00130916
0.00114753
0.0010033
0.00087517
0.000761858
0.000662147
0.000574873
0.000498931
0.000433276
0.000376922
0.000328943
0.000288471
0.000254697
0.00022687
0.000204295
0.000186327
0.000172378
0.000161907
0.000154421
0.000149472
0.000146657
0.00014561
0.000146007
0.000147555
0.000149998
0.000153109
0.000156687
0.000160558
0.000164574
0.000168603
0.000172522
0.000176201
0.000179581
0.000182992
0.000186291
0.000189072
0.000191339
0.000193135
0.000194471
0.000195348
0.000195771
0.000195744
0.000195283
0.000194431
0.000193177
0.000191505
0.000189476
0.0001871
0.000184391
0.00018137
0.000178054
0.000174462
0.000170613
0.000166524
0.000162213
0.000157694
0.000152984
0.000148098
0.00014305
0.000137852
0.000132516
0.000127055
0.000121479
0.000115799
0.000110022
0.000104159
9.82161e-05
9.22016e-05
8.61221e-05
7.99835e-05
7.37916e-05
6.75512e-05
6.12669e-05
5.49427e-05
4.8582e-05
4.21875e-05
3.57617e-05
2.93068e-05
2.28225e-05
1.62985e-05
9.72005e-06
3.1582e-06
0.00766047
0.00744305
0.00704079
0.00656114
0.00609478
0.00565365
0.00523282
0.00483117
0.00444966
0.00408901
0.00374943
0.00343085
0.00313302
0.00285552
0.00259782
0.00235927
0.00213915
0.00193668
0.001751
0.00158127
0.00142661
0.00128611
0.00115889
0.00104408
0.000940816
0.000848249
0.000765566
0.000691982
0.000626742
0.000569127
0.000518454
0.000474074
0.000435378
0.000401796
0.000372792
0.00034787
0.00032657
0.000308465
0.000293165
0.000280312
0.00026958
0.000260672
0.00025332
0.000247283
0.000242347
0.00023832
0.000235032
0.000232338
0.000230121
0.000228314
0.000226843
0.000225216
0.000223474
0.00022189
0.00022034
0.000218726
0.000216995
0.00021512
0.000213075
0.000210847
0.000208427
0.000205797
0.000202927
0.000199861
0.000196592
0.000193117
0.00018944
0.000185567
0.000181504
0.000177261
0.000172845
0.000168264
0.000163527
0.000158644
0.000153623
0.000148472
0.000143199
0.000137814
0.000132324
0.000126736
0.000121057
0.000115294
0.000109455
0.000103544
9.7567e-05
9.15302e-05
8.54381e-05
7.92954e-05
7.31064e-05
6.6875e-05
6.06048e-05
5.42993e-05
4.79614e-05
4.15939e-05
3.51997e-05
2.87825e-05
2.23437e-05
1.58679e-05
9.33213e-06
2.89872e-06
0.00701115
0.00701369
0.00675162
0.00636297
0.00597631
0.0056088
0.00525332
0.00490825
0.00457511
0.00425529
0.00394961
0.00365864
0.00338272
0.00312206
0.00287666
0.00264643
0.00243113
0.00223044
0.00204394
0.00187115
0.00171154
0.00156454
0.00142952
0.00130588
0.00119296
0.00109013
0.00099674
0.00091216
0.000835765
0.000766952
0.000705135
0.000649749
0.000600255
0.000556141
0.000516918
0.000482129
0.000451341
0.000424153
0.000400187
0.000379097
0.00036056
0.000344281
0.000329986
0.00031743
0.000306385
0.000296648
0.000288034
0.000280377
0.000273531
0.000267368
0.000261774
0.000256648
0.000251885
0.000247423
0.000243182
0.000239093
0.000235103
0.000231171
0.000227261
0.000223343
0.000219393
0.000215383
0.000211275
0.000207116
0.000202867
0.000198516
0.000194058
0.000189492
0.000184818
0.000180034
0.000175143
0.000170146
0.000165046
0.000159846
0.000154551
0.000149163
0.000143688
0.000138129
0.000132492
0.00012678
0.000120998
0.00011515
0.00010924
0.000103273
9.72522e-05
9.11815e-05
8.50645e-05
7.89045e-05
7.27049e-05
6.64687e-05
6.01987e-05
5.38979e-05
4.75687e-05
4.12136e-05
3.48359e-05
2.84399e-05
2.20273e-05
1.55737e-05
9.03868e-06
2.66948e-06
0.00646476
0.00661976
0.00646059
0.00614788
0.00582939
0.00552468
0.00522526
0.00492935
0.00463885
0.0043556
0.00408087
0.00381566
0.00356079
0.0033169
0.00308445
0.00286374
0.00265494
0.00245809
0.00227312
0.00209985
0.00193803
0.00178737
0.00164747
0.00151794
0.00139831
0.00128812
0.00118688
0.00109409
0.00100925
0.000931838
0.000861376
0.000797371
0.000739349
0.000686854
0.000639443
0.000596698
0.000558216
0.00052362
0.000492552
0.000464677
0.000439681
0.000417274
0.000397186
0.000379167
0.000362986
0.000348435
0.000335321
0.000323469
0.000312719
0.00030293
0.000293972
0.000285735
0.000278113
0.000271008
0.000264335
0.000258022
0.000252003
0.000246224
0.000240633
0.00023519
0.000229857
0.0002246
0.000219391
0.000214218
0.000209057
0.000203891
0.000198706
0.000193492
0.000188242
0.000182947
0.000177604
0.000172208
0.000166757
0.00016125
0.000155685
0.000150064
0.000144386
0.000138652
0.000132864
0.000127023
0.000121131
0.000115191
0.000109204
0.000103173
9.71e-05
9.09872e-05
8.48369e-05
7.86515e-05
7.24331e-05
6.61839e-05
5.99062e-05
5.3602e-05
4.72734e-05
4.09226e-05
3.45524e-05
2.81679e-05
2.17704e-05
1.53255e-05
8.77222e-06
2.44251e-06
0.00599817
0.00625895
0.00617625
0.00593036
0.00567368
0.00542476
0.00517478
0.00492236
0.00466984
0.00441938
0.00417264
0.00393099
0.00369564
0.00346759
0.00324767
0.00303652
0.00283464
0.00264238
0.00245993
0.0022874
0.00212478
0.00197198
0.00182884
0.00169512
0.00157053
0.00145476
0.00134745
0.00124822
0.00115665
0.00107235
0.000994902
0.00092388
0.000858872
0.000799474
0.000745286
0.000695924
0.000651017
0.00061021
0.000573164
0.000539558
0.00050909
0.000481474
0.000456443
0.000433749
0.000413162
0.000394466
0.000377464
0.000361976
0.000347835
0.000334889
0.000322999
0.000312038
0.000301894
0.000292461
0.000283648
0.000275369
0.000267551
0.000260125
0.000253034
0.000246224
0.00023965
0.000233269
0.000227047
0.000220955
0.000214966
0.000209055
0.000203202
0.000197391
0.000191607
0.000185837
0.000180072
0.000174302
0.00016852
0.000162721
0.000156901
0.000151055
0.000145181
0.000139277
0.000133341
0.000127373
0.000121372
0.000115339
0.000109274
0.000103176
9.7048e-05
9.08896e-05
8.47024e-05
7.84873e-05
7.22458e-05
6.59792e-05
5.96889e-05
5.33764e-05
4.70432e-05
4.06909e-05
3.43219e-05
2.79415e-05
2.15511e-05
1.51065e-05
8.52356e-06
2.21596e-06
0.00561248
0.00593704
0.00591104
0.00572356
0.00552152
0.00532099
0.00511368
0.00489891
0.00467938
0.00445756
0.00423541
0.00401463
0.00379673
0.00358304
0.00337467
0.00317256
0.00297745
0.00278995
0.0026105
0.00243942
0.0022769
0.00212304
0.00197783
0.0018412
0.00171302
0.00159307
0.00148112
0.00137688
0.00128004
0.00119028
0.00110724
0.00103057
0.000959913
0.000894898
0.000835171
0.000780378
0.000730176
0.000684233
0.000642226
0.00060385
0.000568811
0.000536832
0.000507651
0.000481021
0.000456711
0.000434505
0.000414204
0.00039562
0.000378583
0.000362935
0.000348528
0.00033523
0.000322918
0.000311481
0.000300818
0.000290837
0.000281454
0.000272595
0.000264192
0.000256186
0.000248521
0.00024115
0.00023403
0.000227125
0.0002204
0.000213826
0.000207377
0.000201031
0.000194768
0.00018857
0.000182422
0.000176312
0.00017023
0.000164164
0.000158108
0.000152055
0.000146
0.000139937
0.000133863
0.000127775
0.000121671
0.000115549
0.000109408
0.000103246
9.70631e-05
9.08593e-05
8.46343e-05
7.83884e-05
7.21221e-05
6.58358e-05
5.95303e-05
5.32064e-05
4.68652e-05
4.05074e-05
3.41351e-05
2.77538e-05
2.13647e-05
1.49151e-05
8.29674e-06
1.99635e-06
0.00530303
0.00565539
0.0056704
0.00553425
0.00538008
0.00522104
0.00505008
0.00486741
0.00467607
0.00447878
0.00427777
0.00407503
0.00387234
0.00367126
0.00347317
0.00327922
0.00309039
0.00290748
0.00273112
0.0025618
0.0023999
0.00224564
0.00209919
0.00196058
0.00182979
0.00170673
0.00159125
0.00148315
0.0013822
0.00128813
0.00120066
0.00111948
0.00104428
0.000974728
0.000910511
0.000851299
0.000796774
0.000746623
0.000700542
0.000658235
0.000619421
0.000583829
0.000551201
0.000521295
0.00049388
0.000468741
0.000445675
0.000424494
0.000405021
0.000387094
0.000370561
0.000355285
0.000341136
0.000327997
0.00031576
0.000304327
0.000293607
0.00028352
0.000273992
0.000264956
0.000256352
0.000248126
0.000240228
0.000232617
0.000225253
0.000218102
0.000211133
0.000204318
0.000197634
0.000191059
0.000184575
0.000178165
0.000171815
0.000165512
0.000159246
0.000153008
0.00014679
0.000140584
0.000134385
0.000128188
0.00012199
0.000115786
0.000109574
0.000103353
9.71187e-05
9.08718e-05
8.46107e-05
7.83348e-05
7.20437e-05
6.57373e-05
5.94157e-05
5.30791e-05
4.6728e-05
4.03625e-05
3.39842e-05
2.75985e-05
2.12072e-05
1.47503e-05
8.09497e-06
1.78915e-06
0.00506196
0.00541368
0.00545776
0.00536655
0.00525379
0.00512983
0.00498941
0.00483371
0.00466606
0.0044894
0.00430621
0.00411873
0.00392896
0.00373868
0.00354945
0.00336263
0.00317937
0.00300062
0.00282718
0.00265968
0.00249863
0.00234439
0.00219722
0.00205727
0.00192461
0.00179923
0.00168107
0.00157
0.00146584
0.0013684
0.00127742
0.00119266
0.00111384
0.00104066
0.00097283
0.000910054
0.000852032
0.000798467
0.00074907
0.000703559
0.00066166
0.000623108
0.000587653
0.000555053
0.000525081
0.000497521
0.00047217
0.000448836
0.000427343
0.000407523
0.000389222
0.000372296
0.000356613
0.00034205
0.000328495
0.000315844
0.000304002
0.000292881
0.000282405
0.0002725
0.000263101
0.000254149
0.000245592
0.000237381
0.000229473
0.000221829
0.000214415
0.000207199
0.000200154
0.000193256
0.000186481
0.000179812
0.000173231
0.000166723
0.000160275
0.000153876
0.000147515
0.000141184
0.000134875
0.000128583
0.0001223
0.000116024
0.00010975
0.000103474
9.71944e-05
9.09083e-05
8.46141e-05
7.83104e-05
7.19962e-05
6.56707e-05
5.93334e-05
5.2984e-05
4.66224e-05
4.02484e-05
3.38627e-05
2.74709e-05
2.10754e-05
1.4611e-05
7.92041e-06
1.59842e-06
0.00488022
0.00521063
0.00527505
0.00522268
0.00514503
0.00505017
0.00493496
0.0048015
0.00465338
0.00449372
0.00432523
0.00415037
0.00397131
0.00379003
0.00360824
0.00342744
0.00324893
0.0030738
0.00290296
0.00273717
0.00257703
0.00242301
0.00227546
0.0021346
0.0020006
0.00187351
0.00175332
0.00163998
0.00153335
0.00143327
0.00133956
0.00125198
0.00117029
0.00109424
0.00102354
0.000957923
0.000897105
0.000840807
0.00078875
0.000740661
0.000696276
0.000655337
0.000617596
0.000582816
0.00055077
0.000521243
0.000494033
0.000468947
0.000445806
0.00042444
0.000404692
0.000386416
0.000369476
0.000353745
0.000339106
0.000325453
0.000312685
0.000300713
0.000289453
0.000278829
0.000268772
0.000259219
0.000250114
0.000241404
0.000233043
0.000224988
0.000217203
0.000209652
0.000202304
0.000195134
0.000188116
0.000181229
0.000174453
0.000167772
0.00016117
0.000154634
0.000148152
0.000141715
0.000135313
0.000128938
0.000122584
0.000116246
0.000109918
0.000103595
9.72756e-05
9.09553e-05
8.46321e-05
7.83039e-05
7.19691e-05
6.56263e-05
5.92746e-05
5.29132e-05
4.65416e-05
4.01591e-05
3.37659e-05
2.73673e-05
2.09668e-05
1.44961e-05
7.77425e-06
1.42696e-06
0.00474814
0.0050442
0.00512288
0.00510336
0.00505468
0.0049834
0.00488853
0.00477299
0.00464058
0.00449459
0.00433793
0.00417322
0.00400282
0.00382882
0.00365307
0.0034772
0.00330261
0.0031305
0.00296187
0.00279758
0.0026383
0.00248458
0.00233684
0.00219538
0.00206042
0.00193207
0.00181036
0.00169529
0.00158677
0.00148468
0.00138885
0.00129909
0.00121518
0.00113688
0.00106394
0.000996097
0.000933085
0.000874636
0.000820483
0.000770361
0.000724011
0.000681182
0.000641629
0.000605118
0.000571425
0.000540335
0.000511644
0.000485161
0.000460704
0.000438103
0.000417199
0.000397841
0.000379893
0.000363226
0.000347718
0.000333259
0.000319747
0.000307088
0.000295196
0.000283992
0.000273404
0.000263365
0.000253816
0.000244702
0.000235973
0.000227585
0.000219497
0.000211673
0.00020408
0.000196689
0.000189472
0.000182406
0.000175471
0.000168648
0.000161919
0.000155271
0.00014869
0.000142165
0.000135685
0.000129243
0.00012283
0.00011644
0.000110067
0.000103706
9.73526e-05
9.10037e-05
8.4656e-05
7.83069e-05
7.19545e-05
6.55969e-05
5.92327e-05
5.28608e-05
4.64802e-05
4.009e-05
3.36899e-05
2.72847e-05
2.08792e-05
1.44042e-05
7.65666e-06
1.27642e-06
0.00465619
0.00491198
0.00500082
0.00500823
0.00498263
0.00492982
0.00485087
0.00474934
0.00462918
0.00449384
0.0043464
0.00418961
0.00402596
0.00385766
0.00368666
0.00351468
0.00334319
0.00317349
0.00300665
0.00284358
0.00268504
0.00253163
0.00238382
0.00224196
0.00210632
0.00197705
0.00185423
0.00173788
0.00162794
0.00152433
0.0014269
0.00133549
0.00124989
0.00116988
0.00109522
0.00102568
0.000960988
0.00090089
0.000845128
0.000793443
0.000745581
0.000701296
0.000660346
0.000622499
0.000587532
0.000555232
0.000525395
0.00049783
0.000472353
0.000448794
0.000426991
0.000406792
0.00038806
0.000370664
0.000354479
0.000339392
0.000325299
0.000312105
0.000299719
0.000288062
0.000277057
0.000266638
0.000256741
0.00024731
0.000238293
0.000229643
0.000221318
0.000213279
0.000205492
0.000197926
0.000190552
0.000183346
0.000176285
0.000169349
0.000162521
0.000155784
0.000149124
0.000142529
0.000135988
0.000129492
0.000123032
0.000116601
0.000110191
0.000103799
9.74193e-05
9.10473e-05
8.46798e-05
7.83139e-05
7.19472e-05
6.55774e-05
5.9203e-05
5.28224e-05
4.64344e-05
4.00376e-05
3.36315e-05
2.72204e-05
2.08106e-05
1.43336e-05
7.56696e-06
1.1475e-06
0.00459557
0.00481139
0.00490767
0.00493616
0.00492805
0.00488909
0.00482206
0.00473102
0.00462001
0.00449261
0.00435204
0.00420116
0.00404255
0.00387851
0.00371107
0.003542
0.00337286
0.00320498
0.0030395
0.00287738
0.00271943
0.00256628
0.00241845
0.00227633
0.00214022
0.0020103
0.00188668
0.0017694
0.00165844
0.00155372
0.00145512
0.0013625
0.00127566
0.00119439
0.00111848
0.00104768
0.000981752
0.000920438
0.000863486
0.000810645
0.000761664
0.0007163
0.000674315
0.000635477
0.000599565
0.000566366
0.000535678
0.000507308
0.000481072
0.000456799
0.000434326
0.000413499
0.000394182
0.000376244
0.000359554
0.000343998
0.000329472
0.000315876
0.000303121
0.000291124
0.000279808
0.000269103
0.000258946
0.000249277
0.000240043
0.000231197
0.000222693
0.000214493
0.000206561
0.000198863
0.000191371
0.000184059
0.000176904
0.000169883
0.000162979
0.000156174
0.000149455
0.000142808
0.00013622
0.000129683
0.000123187
0.000116725
0.000110288
0.000103873
9.74721e-05
9.10825e-05
8.47e-05
7.83213e-05
7.19435e-05
6.55645e-05
5.91821e-05
5.27947e-05
4.64009e-05
3.99991e-05
3.35883e-05
2.71724e-05
2.0759e-05
1.42826e-05
7.50375e-06
1.04026e-06
0.00455856
0.00473987
0.00484166
0.0048855
0.00488971
0.00486044
0.00480176
0.00471804
0.00461341
0.00449155
0.00435576
0.00420899
0.0040539
0.00389284
0.00372787
0.00356085
0.00339334
0.00322675
0.00306223
0.00290079
0.00274326
0.0025903
0.00244248
0.00230019
0.00216376
0.0020334
0.00190923
0.00179132
0.00167965
0.00157417
0.00147477
0.00138131
0.00129361
0.00121148
0.00113469
0.00106303
0.000996237
0.000934078
0.0008763
0.000822656
0.000772897
0.000726783
0.000684076
0.000644548
0.000607978
0.000574153
0.000542872
0.00051394
0.000487175
0.000462405
0.000439465
0.000418195
0.000398465
0.000380155
0.000363113
0.000347229
0.000332398
0.000318522
0.000305509
0.000293274
0.00028174
0.000270835
0.000260495
0.000250659
0.000241273
0.000232289
0.00022366
0.000215347
0.000207312
0.000199523
0.000191948
0.000184562
0.000177339
0.000170259
0.000163302
0.00015645
0.000149689
0.000143004
0.000136384
0.000129819
0.000123297
0.000116813
0.000110357
0.000103925
9.75098e-05
9.11078e-05
8.47146e-05
7.83268e-05
7.19413e-05
6.55556e-05
5.91676e-05
5.27754e-05
4.63775e-05
3.99721e-05
3.3558e-05
2.71385e-05
2.07224e-05
1.42489e-05
7.46508e-06
9.54259e-07
0.0045388
0.004695
0.00480066
0.00485432
0.00486617
0.00484288
0.00478936
0.00471017
0.00460947
0.00449102
0.00435818
0.00421395
0.00406102
0.00390178
0.00373835
0.00357257
0.00340608
0.00324027
0.00307635
0.00291532
0.00275805
0.00260522
0.00245739
0.002315
0.00217837
0.00204773
0.00192323
0.00180492
0.00169282
0.00158686
0.00148697
0.00139299
0.00130476
0.00122208
0.00114476
0.00107255
0.00100523
0.000942545
0.000884255
0.000830112
0.00077987
0.00073329
0.000690136
0.00065018
0.000613201
0.000578988
0.000547338
0.000518058
0.000490965
0.000465888
0.000442661
0.000421098
0.000401109
0.000382588
0.000365325
0.000349235
0.000334215
0.000320164
0.00030699
0.000294607
0.000282937
0.000271909
0.000261455
0.000251515
0.000242036
0.000232966
0.000224259
0.000215876
0.000207777
0.000199931
0.000192304
0.000184872
0.000177608
0.000170491
0.000163501
0.00015662
0.000149833
0.000143125
0.000136485
0.000129901
0.000123364
0.000116866
0.000110399
0.000103956
9.75321e-05
9.11225e-05
8.47227e-05
7.83293e-05
7.1939e-05
6.55493e-05
5.91579e-05
5.27628e-05
4.63624e-05
3.99549e-05
3.35387e-05
2.71168e-05
2.06991e-05
1.42306e-05
7.44819e-06
8.89406e-07
0.00453126
0.00467438
0.00478212
0.00484041
0.00485575
0.00483519
0.00478404
0.00470692
0.00460801
0.00449112
0.00435961
0.00421654
0.00406459
0.00390618
0.00374344
0.00357823
0.00341219
0.00324674
0.00308307
0.00292223
0.00276506
0.00261228
0.00246444
0.00232199
0.00218526
0.00205449
0.00192981
0.00181132
0.001699
0.00159282
0.00149269
0.00139846
0.00130998
0.00122705
0.00114947
0.00107701
0.00100943
0.000946502
0.00088797
0.000833592
0.000783123
0.000736324
0.00069296
0.000652802
0.000615632
0.000581236
0.000549414
0.000519971
0.000492726
0.00046751
0.000444154
0.000422402
0.000402322
0.000383737
0.000366357
0.000350163
0.000335053
0.000320921
0.000307672
0.000295221
0.000283488
0.000272401
0.000261895
0.000251907
0.000242384
0.000233274
0.000224532
0.000216116
0.000207988
0.000200115
0.000192465
0.000185011
0.000177728
0.000170594
0.000163589
0.000156694
0.000149895
0.000143177
0.000136528
0.000129936
0.000123392
0.000116888
0.000110415
0.000103968
9.75401e-05
9.1127e-05
8.47244e-05
7.83285e-05
7.19362e-05
6.55448e-05
5.91519e-05
5.27556e-05
4.63542e-05
3.99458e-05
3.35289e-05
2.71059e-05
2.06875e-05
1.42238e-05
7.44653e-06
8.50296e-07
0.00453118
0.00467431
0.00478205
0.00484034
0.00485568
0.00483513
0.00478398
0.00470686
0.00460796
0.00449107
0.00435956
0.00421649
0.00406454
0.00390614
0.00374339
0.00357819
0.00341215
0.0032467
0.00308304
0.00292219
0.00276503
0.00261224
0.00246441
0.00232196
0.00218523
0.00205446
0.00192979
0.00181129
0.00169897
0.0015928
0.00149266
0.00139843
0.00130995
0.00122703
0.00114945
0.00107699
0.00100941
0.00094648
0.000887949
0.000833571
0.000783103
0.000736304
0.000692941
0.000652784
0.000615614
0.000581219
0.000549397
0.000519954
0.00049271
0.000467494
0.000444138
0.000422388
0.000402308
0.000383722
0.000366343
0.000350149
0.00033504
0.000320908
0.00030766
0.000295209
0.000283476
0.00027239
0.000261884
0.000251897
0.000242374
0.000233264
0.000224523
0.000216107
0.00020798
0.000200107
0.000192457
0.000185003
0.000177721
0.000170587
0.000163582
0.000156688
0.000149889
0.000143172
0.000136523
0.000129931
0.000123388
0.000116883
0.000110411
0.000103964
9.75364e-05
9.11236e-05
8.47212e-05
7.83256e-05
7.19335e-05
6.55424e-05
5.91497e-05
5.27536e-05
4.63524e-05
3.99444e-05
3.35277e-05
2.71049e-05
2.06867e-05
1.42233e-05
7.44618e-06
8.50163e-07
0.00453856
0.00469477
0.00480044
0.00485411
0.00486596
0.00484269
0.00478918
0.00471
0.00460931
0.00449086
0.00435803
0.0042138
0.00406088
0.00390165
0.00373822
0.00357245
0.00340596
0.00324016
0.00307624
0.00291522
0.00275795
0.00260512
0.00245729
0.00231491
0.00217828
0.00204765
0.00192314
0.00180484
0.00169273
0.00158678
0.00148689
0.00139291
0.00130468
0.00122201
0.00114469
0.00107248
0.00100516
0.00094248
0.000884191
0.000830049
0.000779809
0.00073323
0.000690078
0.000650123
0.000613145
0.000578933
0.000547285
0.000518006
0.000490915
0.000465839
0.000442613
0.000421052
0.000401064
0.000382544
0.000365282
0.000349193
0.000334174
0.000320125
0.000306952
0.00029457
0.000282902
0.000271874
0.000261422
0.000251483
0.000242005
0.000232936
0.000224231
0.000215848
0.000207751
0.000199905
0.00019228
0.000184849
0.000177586
0.00017047
0.000163481
0.000156601
0.000149814
0.000143108
0.000136469
0.000129886
0.00012335
0.000116852
0.000110386
0.000103944
9.75208e-05
9.1112e-05
8.4713e-05
7.83203e-05
7.19309e-05
6.55419e-05
5.91512e-05
5.27568e-05
4.63571e-05
3.99503e-05
3.35349e-05
2.71137e-05
2.06967e-05
1.42288e-05
7.44712e-06
8.88997e-07
0.00455815
0.00473948
0.00484129
0.00488514
0.00488937
0.00486011
0.00480145
0.00471774
0.00461312
0.00449128
0.0043555
0.00420874
0.00405366
0.00389261
0.00372765
0.00356063
0.00339314
0.00322655
0.00306204
0.00290061
0.00274308
0.00259013
0.00244231
0.00230003
0.00216361
0.00203325
0.00190908
0.00179117
0.00167951
0.00157404
0.00147464
0.00138118
0.00129349
0.00121136
0.00113457
0.00106291
0.000996123
0.000933967
0.000876192
0.000822549
0.000772793
0.000726681
0.000683977
0.000644451
0.000607883
0.000574061
0.000542781
0.000513852
0.000487089
0.000462321
0.000439383
0.000418115
0.000398388
0.000380079
0.000363039
0.000347157
0.000332329
0.000318455
0.000305444
0.000293211
0.000281679
0.000270776
0.000260438
0.000250604
0.000241221
0.000232238
0.000223612
0.0002153
0.000207267
0.00019948
0.000191907
0.000184522
0.000177301
0.000170223
0.000163267
0.000156417
0.000149658
0.000142975
0.000136357
0.000129792
0.000123273
0.000116789
0.000110335
0.000103904
9.74906e-05
9.10899e-05
8.46981e-05
7.83115e-05
7.19273e-05
6.55429e-05
5.91562e-05
5.27652e-05
4.63685e-05
3.99644e-05
3.35514e-05
2.71331e-05
2.07182e-05
1.4246e-05
7.46324e-06
9.53565e-07
0.00459498
0.00481083
0.00490714
0.00493565
0.00492757
0.00488863
0.00482162
0.00473059
0.0046196
0.00449222
0.00435166
0.0042008
0.00404221
0.00387818
0.00371075
0.0035417
0.00337256
0.00320469
0.00303923
0.00287712
0.00271917
0.00256603
0.00241821
0.0022761
0.00214
0.00201008
0.00188647
0.00176919
0.00165824
0.00155352
0.00145493
0.00136231
0.00127548
0.00119422
0.00111831
0.00104752
0.000981589
0.000920278
0.00086333
0.000810492
0.000761515
0.000716155
0.000674172
0.000635338
0.000599429
0.000566234
0.000535549
0.000507181
0.000480949
0.000456679
0.000434209
0.000413385
0.000394071
0.000376136
0.000359449
0.000343896
0.000329373
0.00031578
0.000303028
0.000291034
0.000279721
0.000269019
0.000258865
0.000249198
0.000239968
0.000231124
0.000222623
0.000214426
0.000206496
0.000198801
0.000191312
0.000184003
0.00017685
0.000169831
0.00016293
0.000156128
0.000149411
0.000142766
0.000136181
0.000129646
0.000123152
0.000116691
0.000110257
0.000103843
9.74447e-05
9.1057e-05
8.46763e-05
7.82995e-05
7.19236e-05
6.55463e-05
5.91657e-05
5.27801e-05
4.6388e-05
3.9988e-05
3.35789e-05
2.71647e-05
2.0753e-05
1.42783e-05
7.50112e-06
1.03927e-06
0.00465543
0.00491125
0.00500013
0.00500757
0.00498199
0.00492921
0.00485029
0.00474879
0.00462865
0.00449333
0.00434591
0.00418914
0.00402551
0.00385723
0.00368625
0.00351428
0.00334281
0.00317312
0.00300629
0.00284324
0.00268471
0.0025313
0.0023835
0.00224166
0.00210603
0.00197676
0.00185395
0.00173761
0.00162768
0.00152407
0.00142665
0.00133525
0.00124965
0.00116965
0.001095
0.00102546
0.000960773
0.00090068
0.000844922
0.000793242
0.000745385
0.000701104
0.000660158
0.000622316
0.000587353
0.000555057
0.000525225
0.000497663
0.000472191
0.000448635
0.000426836
0.000406642
0.000387914
0.000370521
0.00035434
0.000339258
0.000325169
0.000311978
0.000299597
0.000287943
0.000276943
0.000266527
0.000256634
0.000247207
0.000238193
0.000229547
0.000221226
0.000213191
0.000205407
0.000197845
0.000190475
0.000183272
0.000176214
0.000169282
0.000162456
0.000155722
0.000149066
0.000142474
0.000135936
0.000129442
0.000122985
0.000116556
0.00011015
0.000103761
9.73831e-05
9.10136e-05
8.46487e-05
7.82853e-05
7.19209e-05
6.55535e-05
5.91814e-05
5.28031e-05
4.64175e-05
4.0023e-05
3.36192e-05
2.72104e-05
2.08028e-05
1.4328e-05
7.5635e-06
1.14621e-06
0.00474719
0.0050433
0.00512202
0.00510253
0.00505389
0.00498264
0.0048878
0.0047723
0.00463992
0.00449396
0.00433732
0.00417264
0.00400226
0.00382828
0.00365256
0.00347671
0.00330214
0.00313004
0.00296143
0.00279715
0.00263788
0.00248417
0.00233645
0.002195
0.00206005
0.00193171
0.00181002
0.00169496
0.00158645
0.00148436
0.00138854
0.00129879
0.00121488
0.00113659
0.00106366
0.00099582
0.000932815
0.000874373
0.000820225
0.000770109
0.000723765
0.000680942
0.000641394
0.000604889
0.000571201
0.000540115
0.00051143
0.000484952
0.000460501
0.000437905
0.000417005
0.000397653
0.00037971
0.000363047
0.000347544
0.00033309
0.000319583
0.000306929
0.000295043
0.000283844
0.00027326
0.000263226
0.000253682
0.000244573
0.000235849
0.000227465
0.000219382
0.000211563
0.000203974
0.000196587
0.000189375
0.000182313
0.000175382
0.000168563
0.000161839
0.000155194
0.000148617
0.000142096
0.00013562
0.000129181
0.000122772
0.000116385
0.000110015
0.000103657
9.73074e-05
9.09617e-05
8.46171e-05
7.82711e-05
7.19217e-05
6.5567e-05
5.92058e-05
5.28368e-05
4.64591e-05
4.00718e-05
3.36745e-05
2.72721e-05
2.08694e-05
1.43972e-05
7.65234e-06
1.27482e-06
0.0048791
0.00520955
0.00527402
0.00522169
0.00514409
0.00504927
0.0049341
0.00480068
0.00465259
0.00449296
0.00432451
0.00414967
0.00397064
0.00378938
0.00360762
0.00342684
0.00324835
0.00307324
0.00290242
0.00273665
0.00257653
0.00242253
0.00227498
0.00213415
0.00200016
0.00187308
0.00175291
0.00163957
0.00153295
0.00143289
0.00133918
0.00125161
0.00116994
0.00109389
0.0010232
0.000957588
0.000896779
0.000840488
0.000788438
0.000740357
0.000695978
0.000655046
0.000617311
0.000582537
0.000550498
0.000520978
0.000493774
0.000468694
0.000445559
0.000424199
0.000404457
0.000386188
0.000369253
0.000353528
0.000338896
0.000325249
0.000312487
0.000300521
0.000289267
0.000278649
0.000268598
0.000259051
0.000249952
0.000241248
0.000232892
0.000224844
0.000217063
0.000209518
0.000202176
0.000195011
0.000187999
0.000181117
0.000174346
0.000167669
0.000161072
0.000154541
0.000148064
0.000141631
0.000135233
0.000128863
0.000122514
0.000116179
0.000109855
0.000103537
9.7221e-05
9.09046e-05
8.45852e-05
7.82606e-05
7.19294e-05
6.55902e-05
5.92421e-05
5.28842e-05
4.65161e-05
4.0137e-05
3.37473e-05
2.73521e-05
2.0955e-05
1.44876e-05
7.76904e-06
1.42506e-06
0.00506066
0.00541243
0.00545656
0.00536541
0.0052527
0.00512878
0.0049884
0.00483274
0.00466513
0.00448851
0.00430536
0.00411791
0.00392817
0.00373792
0.00354873
0.00336194
0.00317869
0.00299997
0.00282655
0.00265907
0.00249804
0.00234382
0.00219666
0.00205673
0.00192408
0.00179872
0.00168058
0.00156952
0.00146537
0.00136794
0.00127698
0.00119223
0.00111341
0.00104024
0.000972426
0.000909659
0.000851646
0.00079809
0.000748702
0.000703199
0.000661307
0.000622764
0.000587317
0.000554725
0.00052476
0.000497207
0.000471863
0.000448537
0.000427051
0.000407238
0.000388944
0.000372025
0.000356349
0.000341794
0.000328246
0.000315602
0.000303767
0.000292654
0.000282185
0.000272287
0.000262895
0.000253951
0.0002454
0.000237196
0.000229295
0.000221658
0.000214251
0.000207041
0.000200003
0.000193111
0.000186342
0.000179679
0.000173104
0.000166602
0.00016016
0.000153766
0.000147411
0.000141085
0.000134782
0.000128494
0.000122217
0.000115946
0.000109676
0.000103405
9.71301e-05
9.08485e-05
8.45588e-05
7.82595e-05
7.19496e-05
6.56283e-05
5.92952e-05
5.29499e-05
4.65924e-05
4.02224e-05
3.38409e-05
2.7453e-05
2.10615e-05
1.46011e-05
7.91432e-06
1.59622e-06
0.00530156
0.00565397
0.00566904
0.00553295
0.00537883
0.00521984
0.00504893
0.00486631
0.00467501
0.00447777
0.0042768
0.00407409
0.00387144
0.0036704
0.00347234
0.00327842
0.00308962
0.00290673
0.00273039
0.0025611
0.00239921
0.00224498
0.00209855
0.00195996
0.00182919
0.00170614
0.00159068
0.00148259
0.00138165
0.0012876
0.00120014
0.00111897
0.00104378
0.000974248
0.000910041
0.000850841
0.000796327
0.000746186
0.000700114
0.000657817
0.000619012
0.000583429
0.00055081
0.000520913
0.000493507
0.000468376
0.000445319
0.000424146
0.000404681
0.000386762
0.000370238
0.00035497
0.000340829
0.000327699
0.00031547
0.000304045
0.000293334
0.000283256
0.000273736
0.000264709
0.000256113
0.000247895
0.000240006
0.000232403
0.000225047
0.000217904
0.000210942
0.000204135
0.000197458
0.000190891
0.000184414
0.000178011
0.000171668
0.000165372
0.000159113
0.000152881
0.000146669
0.00014047
0.000134277
0.000128086
0.000121894
0.000115695
0.000109489
0.000103273
9.70444e-05
9.08027e-05
8.45467e-05
7.82759e-05
7.19898e-05
6.56883e-05
5.93716e-05
5.30398e-05
4.66933e-05
4.03326e-05
3.39589e-05
2.75779e-05
2.11911e-05
1.47388e-05
8.08797e-06
1.78666e-06
0.00561083
0.00593545
0.00590952
0.0057221
0.00552012
0.00531965
0.00511239
0.00489767
0.00467819
0.00445642
0.00423431
0.00401357
0.00379571
0.00358206
0.00337373
0.00317164
0.00297657
0.0027891
0.00260968
0.00243862
0.00227613
0.00212228
0.0019771
0.00184049
0.00171233
0.0015924
0.00148046
0.00137624
0.00127942
0.00118967
0.00110665
0.00103
0.000959351
0.000894349
0.000834634
0.000779854
0.000729664
0.000683732
0.000641737
0.000603371
0.000568343
0.000536375
0.000507203
0.000480583
0.000456283
0.000434087
0.000413795
0.000395221
0.000378194
0.000362554
0.000348157
0.000334868
0.000322566
0.000311139
0.000300486
0.000290514
0.000281141
0.000272292
0.000263899
0.000255902
0.000248247
0.000240885
0.000233775
0.000226879
0.000220164
0.000213599
0.000207159
0.000200822
0.000194567
0.000188377
0.000182238
0.000176137
0.000170062
0.000164004
0.000157956
0.000151911
0.000145862
0.000139807
0.00013374
0.000127659
0.000121561
0.000115446
0.000109311
0.000103155
9.69785e-05
9.07806e-05
8.45615e-05
7.83214e-05
7.20607e-05
6.578e-05
5.948e-05
5.31617e-05
4.68258e-05
4.04734e-05
3.41064e-05
2.77303e-05
2.13464e-05
1.49021e-05
8.28882e-06
1.99358e-06
0.00599635
0.00625719
0.00617457
0.00592875
0.00567214
0.00542328
0.00517336
0.004921
0.00466852
0.00441811
0.00417142
0.00392982
0.00369451
0.0034665
0.00324661
0.0030355
0.00283366
0.00264142
0.002459
0.0022865
0.00212391
0.00197114
0.00182802
0.00169432
0.00156976
0.00145401
0.00134672
0.0012475
0.00115595
0.00107167
0.000994236
0.000923229
0.000858237
0.000798853
0.000744679
0.000695331
0.000650437
0.000609643
0.00057261
0.000539017
0.00050856
0.000480955
0.000455936
0.000433254
0.000412677
0.000393992
0.000377001
0.000361524
0.000347393
0.000334457
0.000322578
0.000311628
0.000301494
0.000292073
0.00028327
0.000275003
0.000267196
0.000259781
0.000252701
0.000245902
0.000239339
0.00023297
0.000226759
0.000220677
0.000214698
0.000208798
0.000202955
0.000197154
0.00019138
0.00018562
0.000179864
0.000174103
0.000168331
0.000162541
0.000156729
0.000150892
0.000145026
0.00013913
0.000133202
0.000127242
0.000121249
0.000115223
0.000109164
0.000103074
9.69527e-05
9.08011e-05
8.46205e-05
7.8412e-05
7.21769e-05
6.59165e-05
5.96324e-05
5.33261e-05
4.6999e-05
4.06527e-05
3.42896e-05
2.79152e-05
2.15306e-05
1.50918e-05
8.51473e-06
2.21294e-06
0.00646278
0.00661784
0.00645877
0.00614613
0.00582771
0.00552307
0.00522371
0.00492786
0.00463742
0.00435421
0.00407953
0.00381437
0.00355954
0.00331569
0.00308328
0.00286261
0.00265385
0.00245703
0.00227209
0.00209885
0.00193707
0.00178642
0.00164656
0.00151704
0.00139744
0.00128728
0.00118606
0.00109329
0.00100846
0.000931075
0.00086063
0.000796643
0.000738638
0.000686159
0.000638765
0.000596034
0.000557568
0.000522986
0.000491931
0.00046407
0.000439088
0.000416694
0.000396618
0.000378611
0.000362443
0.000347904
0.000334801
0.00032296
0.000312223
0.000302445
0.000293499
0.000285274
0.000277663
0.00027057
0.00026391
0.00025761
0.000251604
0.000245837
0.000240259
0.000234828
0.000229508
0.000224264
0.000219068
0.000213907
0.000208758
0.000203603
0.00019843
0.000193228
0.000187988
0.000182704
0.000177372
0.000171986
0.000166546
0.000161049
0.000155494
0.000149882
0.000144213
0.000138488
0.000132708
0.000126876
0.000120993
0.000115061
0.000109082
0.000103059
9.69939e-05
9.08887e-05
8.47458e-05
7.85676e-05
7.23564e-05
6.61142e-05
5.98434e-05
5.35461e-05
4.72243e-05
4.08802e-05
3.45166e-05
2.81386e-05
2.17477e-05
1.53093e-05
8.76248e-06
2.43923e-06
0.00700901
0.00701164
0.00674968
0.0063611
0.00597452
0.00560707
0.00525165
0.00490665
0.00457356
0.00425379
0.00394816
0.00365724
0.00338137
0.00312074
0.00287539
0.00264519
0.00242993
0.00222928
0.00204281
0.00187005
0.00171048
0.0015635
0.00142851
0.00130489
0.001192
0.0010892
0.00099583
0.000911271
0.000834899
0.000766107
0.000704309
0.000648942
0.000599467
0.000555371
0.000516165
0.000481393
0.000450621
0.000423449
0.000399499
0.000378423
0.000359901
0.000343635
0.000329355
0.000316811
0.00030578
0.000296056
0.000287455
0.000279811
0.000272978
0.000266827
0.000261248
0.000256135
0.000251383
0.000246933
0.000242707
0.000238632
0.000234657
0.000230739
0.000226844
0.00022294
0.000219004
0.00021501
0.000210915
0.00020677
0.000202534
0.000198196
0.000193752
0.000189199
0.000184537
0.000179765
0.000174886
0.0001699
0.000164812
0.000159623
0.000154339
0.000148962
0.000143497
0.000137948
0.000132321
0.000126618
0.000120845
0.000115007
0.000109106
0.000103147
9.71352e-05
9.10729e-05
8.4964e-05
7.88121e-05
7.26204e-05
6.63919e-05
6.01297e-05
5.38363e-05
4.75146e-05
4.11669e-05
3.47965e-05
2.84078e-05
2.20024e-05
1.55559e-05
9.02805e-06
2.66596e-06
0.00765821
0.0074409
0.00703874
0.00655917
0.00609288
0.00565181
0.00523104
0.00482945
0.004448
0.0040874
0.00374787
0.00342934
0.00313155
0.00285409
0.00259643
0.00235793
0.00213785
0.0019354
0.00174977
0.00158007
0.00142544
0.00128497
0.00115778
0.001043
0.000939762
0.000847221
0.000764563
0.000691004
0.000625788
0.000568195
0.000517543
0.000473184
0.000434509
0.000400946
0.000371961
0.000347058
0.000325775
0.000307687
0.000292404
0.000279567
0.00026885
0.000259957
0.00025262
0.000246598
0.000241676
0.000237662
0.000234388
0.000231707
0.000229501
0.000227701
0.000226236
0.000224665
0.000222926
0.000221349
0.000219814
0.000218215
0.000216501
0.000214641
0.000212613
0.000210401
0.000207997
0.000205383
0.00020253
0.000199479
0.000196225
0.000192765
0.000189102
0.000185243
0.000181195
0.000176965
0.000172562
0.000167994
0.00016327
0.000158399
0.00015339
0.00014825
0.00014299
0.000137616
0.000132136
0.000126558
0.00012089
0.000115137
0.000109307
0.000103406
9.74389e-05
9.14112e-05
8.53282e-05
7.91943e-05
7.3014e-05
6.67911e-05
6.05293e-05
5.4232e-05
4.79023e-05
4.15428e-05
3.51567e-05
2.87475e-05
2.23165e-05
1.58486e-05
9.3206e-06
2.89496e-06
0.00842849
0.00794997
0.00735339
0.00674044
0.00616097
0.00561894
0.00511039
0.00463407
0.00418991
0.00377751
0.00339605
0.00304445
0.00272148
0.00242584
0.00215612
0.0019109
0.00168873
0.00148818
0.0013078
0.0011462
0.00100201
0.00087391
0.00076063
0.000660949
0.000573705
0.000497791
0.000432164
0.000375836
0.000327882
0.000287435
0.000253685
0.000225881
0.000203327
0.000185381
0.000171453
0.000161002
0.000153535
0.000148605
0.000145808
0.000144779
0.000145193
0.000146758
0.000149218
0.000152344
0.000155937
0.000159824
0.000163855
0.000167899
0.000171834
0.000175534
0.000178931
0.000182317
0.000185642
0.00018845
0.000190739
0.000192556
0.000193911
0.000194808
0.00019525
0.000195243
0.0001948
0.000193966
0.000192732
0.000191078
0.000189066
0.000186707
0.000184016
0.00018101
0.00017771
0.000174134
0.0001703
0.000166225
0.000161928
0.000157423
0.000152727
0.000147854
0.000142818
0.000137632
0.000132309
0.00012686
0.000121295
0.000115626
0.00010986
0.000104007
9.80749e-05
9.20706e-05
8.6001e-05
7.98722e-05
7.36898e-05
6.74589e-05
6.11839e-05
5.48688e-05
4.8517e-05
4.21314e-05
3.57144e-05
2.92683e-05
2.27926e-05
1.62772e-05
9.70737e-06
3.15404e-06
)
;

boundaryField
{
    inlet
    {
        type            zeroGradient;
    }
    outlet
    {
        type            totalPressure;
        rho             none;
        psi             none;
        gamma           1;
        p0              uniform 0;
        value           uniform 0;
    }
    top
    {
        type            zeroGradient;
    }
    bottom
    {
        type            zeroGradient;
    }
    obstacle
    {
        type            zeroGradient;
    }
    frontAndBack
    {
        type            empty;
    }
}


// ************************************************************************* //
