/*--------------------------------*- C++ -*----------------------------------*\
  =========                 |
  \\      /  F ield         | OpenFOAM: The Open Source CFD Toolbox
   \\    /   O peration     | Website:  https://openfoam.org
    \\  /    A nd           | Version:  12
     \\/     M anipulation  |
\*---------------------------------------------------------------------------*/
FoamFile
{
    format      ascii;
    class       volScalarField;
    location    "140";
    object      pMean;
}
// * * * * * * * * * * * * * * * * * * * * * * * * * * * * * * * * * * * * * //

dimensions      [0 2 -2 0 0 0 0];

internalField   nonuniform List<scalar> 
6750
(
-0.0029926
-0.00302415
-0.00308344
-0.00327301
-0.00419604
-0.00115744
-0.00117751
-0.0012839
-0.00152838
-0.00185052
0.000908169
0.000867297
0.000758108
0.000580049
0.000452246
0.00303024
0.00295464
0.00285135
0.00272982
0.00267512
0.00511647
0.00499722
0.00488492
0.00479232
0.00477608
0.0070875
0.00692028
0.0067887
0.00670859
0.00671216
0.00889434
0.00867796
0.00852363
0.00844966
0.00846512
0.0105074
0.0102426
0.0100657
0.00999606
0.0100204
0.0119082
0.0115975
0.0113999
0.0113345
0.0113661
0.0130867
0.0127342
0.0125189
0.0124579
0.0124956
0.0140405
0.0136514
0.0134221
0.0133657
0.0134081
0.014774
0.0143545
0.0141152
0.0140634
0.0141092
0.0152981
0.0148543
0.0146097
0.0145618
0.0146098
0.0156287
0.0151662
0.0149223
0.0148767
0.0149251
0.0157808
0.0153125
0.0150741
0.0150266
0.0150735
0.0157811
0.0153128
0.0150744
0.0150269
0.0150738
0.0156296
0.0151671
0.0149232
0.0148776
0.014926
0.0152996
0.0148557
0.0146112
0.0145633
0.0146113
0.014776
0.0143565
0.0141173
0.0140655
0.0141113
0.014043
0.0136539
0.0134247
0.0133684
0.0134108
0.0130898
0.0127372
0.012522
0.0124611
0.0124987
0.0119117
0.0116011
0.0114035
0.0113381
0.0113698
0.0105114
0.0102467
0.0100698
0.0100002
0.0100246
0.00889875
0.0086824
0.00852814
0.00845424
0.00846975
0.00709227
0.00692509
0.00679357
0.00671354
0.00671714
0.00512154
0.00500233
0.0048901
0.00479758
0.00478134
0.00303555
0.00296
0.00285677
0.0027353
0.00268059
0.000913666
0.00087283
0.0007637
0.000585684
0.000457817
-0.00115182
-0.00117187
-0.00127821
-0.00152267
-0.00184492
-0.00298691
-0.00301845
-0.00307771
-0.0032673
-0.00419038
-0.00966708
-0.00918848
-0.00793675
-0.00703028
-0.00638594
-0.00587607
-0.00547188
-0.00515472
-0.00489864
-0.00470051
-0.00455781
-0.00442527
-0.00431876
-0.00423935
-0.00418947
-0.00417511
-0.00420294
-0.00427685
-0.0044006
-0.00457807
-0.00480908
-0.00502677
-0.00527648
-0.00554518
-0.00581819
-0.00608672
-0.00634339
-0.00656864
-0.00675189
-0.00706627
-0.00608663
-0.00543356
-0.00476165
-0.00444604
-0.00427636
-0.0041733
-0.00413203
-0.00413781
-0.00416927
-0.00423924
-0.00433217
-0.00438759
-0.00442555
-0.00444121
-0.00443658
-0.00442147
-0.00441
-0.00441656
-0.00445516
-0.00453368
-0.00464872
-0.00485404
-0.00508205
-0.00534656
-0.00564173
-0.00595893
-0.00629197
-0.00662221
-0.0068965
-0.0071883
-0.00367649
-0.00353475
-0.00326671
-0.0031511
-0.00310024
-0.00310044
-0.00316006
-0.003266
-0.00340709
-0.00361395
-0.00384302
-0.00405488
-0.00426613
-0.00446528
-0.00464666
-0.00481023
-0.00495982
-0.00510196
-0.00524432
-0.00539444
-0.00555785
-0.00573257
-0.00592505
-0.00613556
-0.00636207
-0.00660176
-0.00685585
-0.00711446
-0.00729955
-0.00740471
-0.00216393
-0.00235741
-0.00223811
-0.00217347
-0.00217115
-0.00222981
-0.00235245
-0.00252558
-0.00274949
-0.00306487
-0.00340097
-0.00374886
-0.00411496
-0.00448314
-0.00484145
-0.00518114
-0.0054963
-0.00578417
-0.00604484
-0.00628105
-0.00649656
-0.0066902
-0.00687099
-0.00704382
-0.00721179
-0.00737767
-0.00754935
-0.00772523
-0.00780591
-0.0076849
-0.000955257
-0.00126182
-0.00120557
-0.00119573
-0.00126036
-0.00139207
-0.00158975
-0.00184365
-0.00216504
-0.00258734
-0.00303299
-0.00351197
-0.00401946
-0.00453628
-0.00504594
-0.00553366
-0.00598702
-0.00639706
-0.00675874
-0.00707106
-0.00733618
-0.00755747
-0.00774157
-0.00789612
-0.00802801
-0.00814398
-0.00825729
-0.00837339
-0.00837236
-0.00803406
0.000136944
-0.000192731
-0.00018734
-0.000243071
-0.000380161
-0.000587401
-0.000863528
-0.00120389
-0.0016313
-0.00215757
-0.00271635
-0.00332273
-0.00396373
-0.00461768
-0.00526433
-0.00588428
-0.0064604
-0.00697945
-0.00743289
-0.00781719
-0.00813339
-0.00838595
-0.008582
-0.00873067
-0.0088411
-0.00892274
-0.00899345
-0.00906384
-0.00899643
-0.00845958
0.00114309
0.000824659
0.000781709
0.000661324
0.000455227
0.000174712
-0.000178674
-0.000606352
-0.00114254
-0.00176816
-0.0024401
-0.0031696
-0.00393801
-0.00472146
-0.00549634
-0.00623945
-0.00692995
-0.00755125
-0.00809212
-0.00854711
-0.00891628
-0.00920411
-0.00941858
-0.00956995
-0.00966885
-0.00972678
-0.00976559
-0.00979955
-0.00967467
-0.00896138
0.00208061
0.00179286
0.0017062
0.00152344
0.00125061
0.000897595
0.000467074
-5.02819e-05
-0.000693648
-0.00141551
-0.00220008
-0.00304895
-0.00393968
-0.00484644
-0.00574265
-0.00660195
-0.00740045
-0.00811886
-0.00874379
-0.00926828
-0.00969154
-0.010018
-0.0102561
-0.010417
-0.0105123
-0.0105557
-0.0105715
-0.0105774
-0.0104028
-0.00953615
0.00296816
0.00272378
0.00259648
0.00235185
0.00201243
0.00158735
0.00107767
0.000466171
-0.000277773
-0.00109695
-0.0019933
-0.00295837
-0.00396731
-0.00499246
-0.00600458
-0.00697455
-0.00787599
-0.00868741
-0.00939365
-0.00998654
-0.0104646
-0.0108322
-0.0110981
-0.0112741
-0.0113727
-0.0114089
-0.0114098
-0.0113945
-0.0111768
-0.0101799
0.00382005
0.00362596
0.00345934
0.0031528
0.00274609
0.00224898
0.00165839
0.000948002
0.000109576
-0.00080982
-0.00181666
-0.00289546
-0.00401961
-0.00515952
-0.00628355
-0.00736021
-0.00836096
-0.00926246
-0.0100481
-0.0107088
-0.0112424
-0.0116533
-0.0119504
-0.012146
-0.0122536
-0.0122889
-0.012282
-0.0122518
-0.0119961
-0.0108891
0.00464653
0.00450663
0.00430198
0.00393207
0.00345643
0.00288676
0.00221331
0.00140151
0.000471889
-0.000550228
-0.00166692
-0.00285804
-0.00409551
-0.00534781
-0.00658113
-0.00776188
-0.00885964
-0.00984948
-0.0107136
-0.011442
-0.0120322
-0.0124883
-0.0128197
-0.0130389
-0.01316
-0.0131998
-0.0131909
-0.013151
-0.0128613
-0.0116617
0.0054562
0.00537284
0.00513095
0.00469621
0.00415009
0.00350594
0.00274487
0.00183374
0.000812216
-0.000314741
-0.00154131
-0.00284429
-0.00419425
-0.00555776
-0.00689901
-0.00818253
-0.00937621
-0.0104537
-0.0113962
-0.0121929
-0.012841
-0.0133446
-0.013713
-0.0139593
-0.0140979
-0.0141469
-0.0141409
-0.0140959
-0.0137757
-0.0124969
0.0062574
0.00623199
0.00595346
0.00545199
0.00483414
0.00411169
0.00325651
0.00225131
0.00113348
-0.000100255
-0.00143739
-0.00285272
-0.00431537
-0.00579006
-0.00723906
-0.00862522
-0.00991488
-0.0110804
-0.0121021
-0.0129685
-0.0136763
-0.0142296
-0.014638
-0.0149147
-0.0150747
-0.0151369
-0.0151384
-0.0150925
-0.0147442
-0.0133963
0.00705819
0.00709141
0.006777
0.00620657
0.00551481
0.00471039
0.0037558
0.00265871
0.0014394
9.65293e-05
-0.00135283
-0.00288203
-0.00445866
-0.00604561
-0.0076034
-0.00909323
-0.0104801
-0.0117351
-0.0128377
-0.0137758
-0.0145458
-0.0151517
-0.0156032
-0.0159138
-0.0160987
-0.0161782
-0.0161915
-0.0161485
-0.0157739
-0.0143639
0.00786546
0.00796128
0.00761136
0.00696944
0.00619934
0.00530638
0.00425155
0.00305999
0.00173412
0.000278966
-0.00128541
-0.00293113
-0.00462416
-0.00632565
-0.00799442
-0.00959016
-0.0110765
-0.0124235
-0.0136097
-0.0146224
-0.0154578
-0.0161197
-0.0166179
-0.016966
-0.0171798
-0.0172806
-0.0173099
-0.0172733
-0.0168741
-0.0154062
0.0086869
0.00885312
0.00846852
0.00775169
0.00689632
0.00590508
0.00475246
0.00345947
0.00202186
0.000450365
-0.00123301
-0.00299907
-0.00481217
-0.00663171
-0.00841493
-0.01012
-0.0117094
-0.0131521
-0.0144256
-0.0155169
-0.0164217
-0.0171436
-0.0176926
-0.0180825
-0.0183293
-0.0184557
-0.0185053
-0.0184788
-0.0180565
-0.0165328
0.00953289
0.00978039
0.00936105
0.00856397
0.00761497
0.00651687
0.00526559
0.00386272
0.00230741
0.000614214
-0.00119349
-0.00308509
-0.00502326
-0.00696575
-0.00886825
-0.0106876
-0.0123848
-0.0139279
-0.0152938
-0.0164686
-0.0174477
-0.0182348
-0.0188395
-0.019276
-0.0195605
-0.0197173
-0.019792
-0.0197795
-0.0193355
-0.0177565
0.0104209
0.0107569
0.010304
0.00941624
0.00836211
0.00715601
0.00579803
0.00427643
0.00259615
0.000774245
-0.00116471
-0.00318859
-0.00525841
-0.0073303
-0.00935842
-0.0112982
-0.0131095
-0.0147594
-0.0162238
-0.0174884
-0.0185481
-0.0194062
-0.0200727
-0.0205615
-0.0208893
-0.021082
-0.0211873
-0.0211933
-0.0207291
-0.0190944
0.0113715
0.011797
0.0113115
0.0103243
0.00915163
0.00783479
0.0063579
0.00470799
0.00289398
0.000934507
-0.00114447
-0.00330923
-0.0055191
-0.00772862
-0.00989045
-0.0119587
-0.013892
-0.0156564
-0.0172271
-0.0185891
-0.0197368
-0.0206735
-0.0214089
-0.0219571
-0.0223349
-0.02257
-0.0227121
-0.0227417
-0.0222593
-0.020568
0.0124055
0.0129253
0.0124046
0.0113039
0.0100033
0.00856546
0.00695684
0.00516704
0.00320794
0.00109961
-0.00113051
-0.003447
-0.00580752
-0.00816502
-0.0104707
-0.0126773
-0.0147424
-0.0166311
-0.0183176
-0.0197863
-0.0210312
-0.0220554
-0.0228683
-0.0234842
-0.0239201
-0.0242053
-0.0243918
-0.0244516
-0.023954
-0.0222056
0.0135538
0.0141718
0.0136077
0.0123769
0.010941
0.00936491
0.00760895
0.00566487
0.00354624
0.00127472
-0.00112055
-0.00360244
-0.00612691
-0.00864533
-0.0111075
-0.0134648
-0.0156737
-0.0176984
-0.0195123
-0.0210991
-0.0224525
-0.023575
-0.0244761
-0.0251698
-0.0256736
-0.0260188
-0.0262595
-0.0263569
-0.0258481
-0.024043
0.0148589
0.0155697
0.01495
0.0135786
0.0119904
0.0102546
0.00833223
0.00621531
0.00391865
0.00146575
-0.00111243
-0.00377695
-0.00648205
-0.00917755
-0.0118118
-0.014335
-0.0167026
-0.0188778
-0.0208333
-0.0225521
-0.0240275
-0.0252616
-0.0262638
-0.0270479
-0.0276318
-0.0280485
-0.0283546
-0.0285001
-0.0279865
-0.0261271
0.0163753
0.0171705
0.0164807
0.0149524
0.0131841
0.011263
0.00914957
0.00683558
0.00433702
0.00167938
-0.00110436
-0.00397338
-0.00688019
-0.00977303
-0.0125989
-0.0153069
-0.0178514
-0.0201949
-0.0223093
-0.0241773
-0.0257914
-0.0271535
-0.0282727
-0.0291627
-0.0298419
-0.0303448
-0.0307306
-0.0309377
-0.0304287
-0.0285199
0.0181819
0.0190477
0.018269
0.0165507
0.0145667
0.012427
0.0100904
0.0075476
0.0048159
0.00192316
-0.00109542
-0.00419705
-0.00733245
-0.0104483
-0.0134903
-0.0164066
-0.0191509
-0.0216847
-0.0239797
-0.0260177
-0.0277912
-0.0293015
-0.0305575
-0.0315728
-0.0323659
-0.0329738
-0.0334573
-0.033743
-0.0332532
-0.0313055
0.0204017
0.0213067
0.0204014
0.0184462
0.0162008
0.0137976
0.0111944
0.00837997
0.00537345
0.00220536
-0.00108666
-0.00445763
-0.00785644
-0.0112283
-0.0145178
-0.0176722
-0.0206448
-0.0233967
-0.0258991
-0.0281337
-0.0300924
-0.0317764
-0.0331942
-0.034359
-0.03529
-0.0360268
-0.036631
-0.0370169
-0.0365672
-0.0345999
0.0231999
0.0240992
0.0230046
0.0207475
0.018176
0.0154476
0.012517
0.00937169
0.00603298
0.00253454
-0.00108311
-0.00477265
-0.00848104
-0.0121521
-0.0157297
-0.0191608
-0.0223985
-0.0254039
-0.0281483
-0.0306131
-0.03279
-0.0346801
-0.0362914
-0.0376369
-0.0387363
-0.0396317
-0.040387
-0.0409024
-0.0405249
-0.0385712
0.0268667
0.0276563
0.026272
0.0236179
0.0206295
0.0174855
0.0141389
0.0105766
0.00682333
0.00291659
-0.00109969
-0.00517551
-0.00925602
-0.0132842
-0.0172036
-0.0209619
-0.0245127
-0.0278182
-0.0308501
-0.0335901
-0.0360298
-0.0381698
-0.0400178
-0.0415861
-0.0428945
-0.0439871
-0.0449293
-0.0456124
-0.0453542
-0.0434726
0.0318965
0.0323589
0.0304973
0.0272978
0.0237552
0.0200603
0.016166
0.0120611
0.00777469
0.00334905
-0.00116784
-0.00572307
-0.0102603
-0.0147222
-0.0190538
-0.0232043
-0.0271298
-0.0307948
-0.0341726
-0.0372461
-0.0400074
-0.042457
-0.0446016
-0.046453
-0.0480309
-0.0493795
-0.050564
-0.051474
-0.0514267
-0.0497407
0.0392157
0.0389579
0.0363235
0.0323752
0.0280742
0.0236019
0.0189218
0.014037
0.0089884
0.00382852
-0.00138714
-0.00660106
-0.0117554
-0.0167942
-0.0216657
-0.0263237
-0.0307293
-0.0348518
-0.0386674
-0.0421604
-0.045327
-0.0481681
-0.0506834
-0.0528827
-0.0547837
-0.0564262
-0.0578703
-0.0590223
-0.059278
-0.0580074
0.0521666
0.0501597
0.0458488
0.0405542
0.0349746
0.0292082
0.0232466
0.0171255
0.0109053
0.00464941
-0.00158173
-0.00773124
-0.013747
-0.0195832
-0.0252003
-0.0305659
-0.0356535
-0.0404417
-0.0449158
-0.0490647
-0.0528764
-0.0563461
-0.0594808
-0.0622822
-0.064757
-0.0669288
-0.0688457
-0.0704881
-0.0714744
-0.07108
-0.00631916
-0.00525913
-0.00347435
-0.00201576
-0.000756456
0.000434303
0.00158508
0.00270313
0.00379757
0.00487793
0.0059532
0.0070326
0.00812613
0.00924448
0.0103991
0.0116035
0.0128739
0.01423
0.0156944
0.0172937
0.019063
0.0210474
0.0233042
0.0259109
0.0289743
0.0326505
0.0371491
0.0427549
0.0496652
0.0588333
-0.00191802
-0.000830837
0.000389397
0.00143371
0.00238951
0.00331563
0.0042231
0.0051164
0.00600299
0.00689106
0.00778875
0.00870434
0.00964664
0.0106252
0.0116507
0.012736
0.0138965
0.015151
0.0165224
0.0180392
0.0197391
0.0216713
0.0239013
0.0265193
0.0296525
0.0334869
0.0382891
0.0444582
0.0524798
0.0633439
0.000620812
0.00159735
0.00255144
0.00341953
0.00427158
0.00512561
0.00597946
0.00683467
0.00769657
0.00857143
0.00946589
0.0103872
0.0113434
0.0123436
0.0133984
0.0145204
0.0157253
0.0170322
0.0184647
0.0200533
0.0218378
0.0238709
0.0262238
0.0289954
0.0323259
0.0364186
0.0415732
0.048244
0.057085
0.0691712
0.00286306
0.00372941
0.00456836
0.00535499
0.00614088
0.00693779
0.00774565
0.00856779
0.00940982
0.0102778
0.0111782
0.0121181
0.0131054
0.0141494
0.015261
0.0164532
0.0177421
0.0191478
0.0206954
0.022417
0.0243548
0.0265646
0.0291221
0.0321317
0.0357411
0.0401629
0.04571
0.0528481
0.0623184
0.0752199
0.0049581
0.00572832
0.00647492
0.00718782
0.00791145
0.00865747
0.00942732
0.0102244
0.0110537
0.0119207
0.0128315
0.0137929
0.0148129
0.0159009
0.0170681
0.0183281
0.0196979
0.0211984
0.0228562
0.0247053
0.0267902
0.0291696
0.0319229
0.0351591
0.0390314
0.0437591
0.0496638
0.0572173
0.0672412
0.0808757
0.00687458
0.00755819
0.00822499
0.00887532
0.00954922
0.0102571
0.0110001
0.0117814
0.0126053
0.0134769
0.014402
0.0153872
0.0164405
0.0175714
0.0187914
0.0201144
0.0215581
0.0231443
0.0249006
0.0268625
0.0290764
0.0316033
0.0345255
0.0379558
0.0420518
0.0470386
0.0532459
0.0611554
0.0716682
0.0859983
0.00860578
0.00921126
0.0098096
0.0104083
0.011043
0.0117219
0.012446
0.0132179
0.0140416
0.0149218
0.015864
0.0168746
0.0179615
0.0191342
0.0204044
0.0217866
0.0232986
0.024963
0.0268082
0.028871
0.031199
0.0338551
0.0369238
0.0405206
0.0448068
0.0500122
0.0564741
0.0646852
0.0756123
0.0905594
0.0101446
0.0106795
0.0112189
0.0117752
0.0123787
0.0130357
0.0137468
0.014514
0.015341
0.016232
0.0171922
0.018228
0.0193471
0.020559
0.0218757
0.0233118
0.0248855
0.02662
0.0285443
0.0306961
0.033124
0.0358923
0.0390873
0.0428264
0.0472739
0.0526634
0.0593387
0.0678025
0.0790705
0.0945321
0.0114815
0.0119532
0.0124423
0.0129642
0.0135434
0.0141842
0.0148866
0.0156523
0.0164845
0.017387
0.0183649
0.0194242
0.0205727
0.02182
0.023178
0.0246615
0.0262892
0.0280845
0.0300771
0.0323052
0.0348183
0.0376818
0.040983
0.0448414
0.0494231
0.0549647
0.0618157
0.0704872
0.0820306
0.0979006
0.0126092
0.0130254
0.0134728
0.0139675
0.0145282
0.0151571
0.015854
0.0166201
0.0174582
0.018372
0.019366
0.0204463
0.0216205
0.0228982
0.0242915
0.0258154
0.0274886
0.0293349
0.0313845
0.033676
0.0362595
0.0392012
0.0425895
0.0465448
0.0512352
0.0568994
0.0638913
0.0727286
0.0844846
0.100678
0.0135252
0.0138943
0.0143083
0.0147823
0.0153292
0.0159497
0.0166432
0.0174108
0.0182547
0.0191784
0.0201862
0.0212842
0.0224798
0.0237827
0.0252049
0.0267616
0.0284717
0.0303593
0.0324546
0.0347969
0.0374366
0.0404404
0.0438975
0.0479292
0.0527048
0.0584645
0.0655659
0.0745307
0.086443
0.102894
0.0142324
0.0145638
0.0149524
0.0154111
0.0159481
0.0165628
0.0172544
0.0180237
0.0188727
0.0198046
0.0208236
0.0219356
0.023148
0.0244705
0.0259152
0.0274973
0.0292359
0.0311551
0.0332855
0.0356665
0.0383489
0.0413999
0.044909
0.0489983
0.0538379
0.0596689
0.0668519
0.0759101
0.0879333
0.104582
0.0147395
0.0150428
0.0154133
0.0158616
0.0163919
0.0170028
0.0176934
0.0184643
0.0193173
0.0202553
0.0212826
0.0224048
0.0236295
0.0249663
0.0264272
0.0280275
0.0297865
0.0317283
0.0338838
0.0362924
0.0390052
0.0420897
0.0456356
0.0497656
0.0546502
0.0605312
0.0677716
0.0768931
0.0889921
0.10578
0.0150597
0.0153449
0.015704
0.0161459
0.0166722
0.0172809
0.0179711
0.0187432
0.0195989
0.0205409
0.0215735
0.0227024
0.023935
0.0252808
0.0267521
0.0283641
0.0301361
0.0320923
0.0342636
0.0366897
0.0394218
0.0425274
0.0460967
0.0502523
0.0551652
0.0610774
0.0683541
0.0775132
0.0896543
0.106542
0.0152103
0.0154866
0.0158404
0.0162793
0.0168038
0.0174115
0.0181016
0.0188744
0.0197314
0.0206755
0.0217107
0.0228427
0.0240791
0.0254293
0.0269056
0.0285232
0.0303013
0.0322644
0.0344434
0.0368778
0.0396192
0.0427349
0.0463153
0.0504831
0.0554096
0.0613366
0.0686308
0.0778065
0.0899613
0.106912
0.0152106
0.0154869
0.0158407
0.0162796
0.0168041
0.0174118
0.0181019
0.0188747
0.0197317
0.0206757
0.0217109
0.022843
0.0240793
0.0254296
0.0269058
0.0285234
0.0303015
0.0322646
0.0344435
0.036878
0.0396193
0.0427351
0.0463155
0.0504833
0.0554098
0.0613368
0.0686309
0.0778066
0.0899615
0.106912
0.0150607
0.0153458
0.015705
0.0161468
0.016673
0.0172818
0.0179719
0.018744
0.0195997
0.0205417
0.0215743
0.0227032
0.0239357
0.0252815
0.0267528
0.0283647
0.0301366
0.0320928
0.0342641
0.0366902
0.0394223
0.0425279
0.0460972
0.0502529
0.0551658
0.0610779
0.0683545
0.0775135
0.0896549
0.106543
0.014741
0.0150444
0.0154148
0.0158631
0.0163933
0.0170042
0.0176948
0.0184657
0.0193187
0.0202567
0.0212839
0.022406
0.0236307
0.0249674
0.0264282
0.0280285
0.0297874
0.0317292
0.0338846
0.0362932
0.0390061
0.0420905
0.0456365
0.0497665
0.0546512
0.0605321
0.0677722
0.0768936
0.088993
0.105781
0.0142345
0.0145659
0.0149545
0.0154131
0.0159501
0.0165648
0.0172563
0.0180256
0.0188746
0.0198064
0.0208253
0.0219372
0.0231496
0.0244721
0.0259167
0.0274987
0.0292372
0.0311563
0.0332867
0.0356676
0.0383501
0.0414011
0.0449102
0.0489996
0.0538392
0.0596702
0.066853
0.0759111
0.0879346
0.104583
0.0135279
0.013897
0.014311
0.0147849
0.0153317
0.0159522
0.0166457
0.0174132
0.0182571
0.0191807
0.0201884
0.0212863
0.0224818
0.0237846
0.0252068
0.0267634
0.0284734
0.0303609
0.0324562
0.0347984
0.0374381
0.040442
0.043899
0.0479307
0.0527064
0.0584662
0.0655675
0.0745323
0.0864448
0.102896
0.0126124
0.0130286
0.0134759
0.0139706
0.0145313
0.0151601
0.0158569
0.016623
0.017461
0.0183747
0.0193686
0.0204487
0.0216229
0.0229005
0.0242937
0.0258175
0.0274906
0.0293369
0.0313864
0.0336779
0.0362614
0.0392031
0.0425912
0.0465466
0.0512371
0.0569016
0.0638937
0.0727309
0.084487
0.10068
0.0114852
0.0119569
0.0124459
0.0129678
0.0135469
0.0141877
0.0148899
0.0156556
0.0164877
0.0173901
0.0183679
0.0194271
0.0205755
0.0218227
0.0231805
0.024664
0.0262916
0.0280868
0.0300794
0.0323075
0.0348205
0.0376839
0.040985
0.0448433
0.0494252
0.0549675
0.0618189
0.0704902
0.0820336
0.0979026
0.0101488
0.0106837
0.011223
0.0117792
0.0123826
0.0130396
0.0137506
0.0145177
0.0153446
0.0162354
0.0171955
0.0182312
0.0193501
0.020562
0.0218786
0.0233146
0.0248883
0.0266227
0.028547
0.0306987
0.0331265
0.0358947
0.0390895
0.0428287
0.0472765
0.0526668
0.0593427
0.0678063
0.0790737
0.0945343
0.00861043
0.0092159
0.00981414
0.0104128
0.0110473
0.0117261
0.0124502
0.013222
0.0140456
0.0149256
0.0158676
0.0168781
0.0179649
0.0191375
0.0204076
0.0217897
0.0233016
0.024966
0.0268112
0.0288739
0.0312018
0.0338577
0.0369263
0.0405231
0.0448098
0.0500162
0.0564789
0.0646897
0.0756156
0.0905617
0.00687957
0.00756316
0.00822988
0.00888009
0.0095539
0.0102616
0.0110046
0.0117857
0.0126095
0.013481
0.014406
0.0153911
0.0164443
0.017575
0.0187948
0.0201178
0.0215615
0.0231476
0.0249038
0.0268657
0.0290794
0.0316062
0.0345283
0.0379587
0.0420553
0.0470433
0.0532514
0.0611605
0.0716716
0.0860004
0.00496336
0.00573356
0.00648008
0.00719288
0.00791641
0.00866234
0.00943208
0.0102291
0.0110582
0.0119252
0.0128358
0.0137971
0.014817
0.0159048
0.0170718
0.0183318
0.0197015
0.0212019
0.0228597
0.0247088
0.0267935
0.0291728
0.031926
0.0351624
0.0390354
0.0437644
0.0496698
0.0572226
0.0672447
0.0808775
0.0028685
0.00373485
0.00457373
0.00536027
0.00614608
0.0069429
0.00775066
0.0085727
0.00941462
0.0102825
0.0111828
0.0121226
0.0131098
0.0141536
0.015265
0.0164571
0.017746
0.0191517
0.0206992
0.0224207
0.0243584
0.0265681
0.0291256
0.0321356
0.0357457
0.0401686
0.0457163
0.0528535
0.0623217
0.0752214
0.000626335
0.00160291
0.00255697
0.003425
0.00427698
0.00513093
0.00598469
0.0068398
0.00770161
0.00857636
0.00947072
0.0103919
0.011348
0.0123481
0.0134027
0.0145247
0.0157295
0.0170362
0.0184687
0.0200573
0.0218417
0.0238747
0.0262278
0.0289998
0.0323309
0.0364246
0.0415794
0.0482488
0.0570878
0.0691727
-0.00191247
-0.000825145
0.000395079
0.00143932
0.00239505
0.00332108
0.00422847
0.0051217
0.00600819
0.00689619
0.00779379
0.00870928
0.00965147
0.0106299
0.0116553
0.0127405
0.0139009
0.0151553
0.0165265
0.0180433
0.0197431
0.0216753
0.0239055
0.0265241
0.0296579
0.0334927
0.0382945
0.0444619
0.052482
0.0633455
-0.00631325
-0.00525302
-0.00346838
-0.00200997
-0.000750792
0.000439844
0.00159053
0.00270847
0.0038028
0.00488305
0.00595822
0.00703752
0.00813093
0.00924917
0.0104037
0.0116079
0.0128782
0.0142341
0.0156984
0.0172976
0.0190669
0.0210513
0.0233083
0.0259159
0.0289796
0.0326556
0.0371532
0.0427573
0.0496668
0.0588353
0.0521692
0.0501626
0.0458513
0.0405565
0.0349768
0.0292105
0.0232489
0.0171276
0.010907
0.00465051
-0.00158128
-0.00773149
-0.013748
-0.0195848
-0.0252026
-0.0305688
-0.035657
-0.0404457
-0.0449202
-0.0490694
-0.0528815
-0.0563513
-0.0594861
-0.0622876
-0.0647625
-0.0669343
-0.0688513
-0.070494
-0.0714807
-0.0710866
0.0392172
0.0389591
0.0363249
0.032377
0.0280762
0.0236039
0.0189236
0.0140383
0.0089892
0.00382875
-0.00138751
-0.00660203
-0.0117569
-0.0167963
-0.0216683
-0.0263269
-0.030733
-0.0348561
-0.038672
-0.0421654
-0.0453323
-0.0481737
-0.0506891
-0.0528885
-0.0547895
-0.0564321
-0.0578761
-0.0590281
-0.0592837
-0.058013
0.0318984
0.0323612
0.0304998
0.0273005
0.0237577
0.0200624
0.0161675
0.012062
0.00777495
0.00334871
-0.00116873
-0.00572448
-0.0102622
-0.0147246
-0.0190566
-0.0232076
-0.0271337
-0.0307992
-0.0341775
-0.0372514
-0.0400132
-0.0424631
-0.044608
-0.0464597
-0.0480376
-0.0493861
-0.0505705
-0.0514802
-0.0514326
-0.049746
0.0268701
0.0276598
0.0262752
0.0236206
0.0206315
0.0174868
0.0141394
0.0105765
0.00682266
0.00291546
-0.00110122
-0.00517739
-0.00925825
-0.0132868
-0.0172066
-0.0209653
-0.0245166
-0.0278227
-0.0308551
-0.0335957
-0.0360361
-0.0381766
-0.0400251
-0.0415937
-0.0429023
-0.0439948
-0.0449368
-0.0456194
-0.0453604
-0.0434778
0.0232041
0.024103
0.0230077
0.0207495
0.018177
0.0154478
0.0125165
0.00937055
0.00603138
0.00253261
-0.0010853
-0.00477504
-0.00848364
-0.012155
-0.0157329
-0.0191644
-0.0224025
-0.0254084
-0.0281534
-0.0306188
-0.0327964
-0.0346871
-0.036299
-0.037645
-0.0387447
-0.0396402
-0.0403953
-0.0409103
-0.0405319
-0.038577
0.0204063
0.0213103
0.0204038
0.0184473
0.0162009
0.0137969
0.011193
0.00837801
0.0053711
0.00220276
-0.0010894
-0.00446048
-0.0078594
-0.0112314
-0.0145211
-0.0176759
-0.0206489
-0.0234013
-0.0259043
-0.0281395
-0.0300988
-0.0317834
-0.0332017
-0.034367
-0.0352984
-0.0360354
-0.0366396
-0.0370253
-0.036575
-0.0346068
0.0181863
0.0190509
0.0182709
0.0165517
0.0145665
0.0124259
0.0100886
0.00754522
0.00481314
0.00192018
-0.00109853
-0.00420022
-0.00733567
-0.0104516
-0.0134938
-0.0164104
-0.019155
-0.0216892
-0.0239847
-0.0260233
-0.0277973
-0.0293082
-0.0305648
-0.0315805
-0.032374
-0.0329821
-0.0334658
-0.0337515
-0.0332614
-0.0313132
0.0163788
0.0171733
0.0164825
0.014953
0.0131837
0.0112618
0.0091477
0.00683314
0.00433417
0.00167627
-0.00110761
-0.00397669
-0.00688354
-0.00977644
-0.0126024
-0.0153106
-0.0178555
-0.0201993
-0.0223142
-0.0241826
-0.0257972
-0.0271597
-0.0282794
-0.0291699
-0.0298494
-0.0303527
-0.0307387
-0.030946
-0.0304371
-0.0285282
0.0148624
0.0155726
0.0149521
0.0135795
0.0119902
0.0102536
0.00833053
0.006213
0.00391588
0.00146268
-0.00111567
-0.00378026
-0.00648541
-0.00918094
-0.0118153
-0.0143387
-0.0167065
-0.018882
-0.0208378
-0.0225571
-0.0240329
-0.0252674
-0.02627
-0.0270546
-0.0276388
-0.0280559
-0.0283624
-0.0285081
-0.0279949
-0.0261356
0.0135571
0.0141747
0.0136098
0.0123781
0.0109412
0.00936416
0.00760747
0.00566276
0.00354363
0.00127178
-0.00112369
-0.00360567
-0.00613017
-0.00864862
-0.0111108
-0.0134683
-0.0156774
-0.0177023
-0.0195165
-0.0211037
-0.0224574
-0.0235802
-0.0244818
-0.0251759
-0.0256802
-0.0260258
-0.0262669
-0.0263647
-0.0258563
-0.0240514
0.0124089
0.0129283
0.0124069
0.0113052
0.0100037
0.00856499
0.00695557
0.00516512
0.00320551
0.00109682
-0.0011335
-0.00345009
-0.00581063
-0.00816814
-0.0104739
-0.0126806
-0.0147458
-0.0166347
-0.0183214
-0.0197904
-0.0210357
-0.0220602
-0.0228736
-0.0234899
-0.0239263
-0.024212
-0.0243989
-0.0244591
-0.023962
-0.0222138
0.011375
0.0118002
0.011314
0.0103258
0.00915238
0.00783459
0.00635691
0.00470628
0.00289173
0.000931908
-0.00114728
-0.00331212
-0.005522
-0.00773151
-0.00989337
-0.0119617
-0.0138951
-0.0156597
-0.0172307
-0.0185929
-0.0197409
-0.0206779
-0.0214137
-0.0219624
-0.0223408
-0.0225762
-0.0227189
-0.0227491
-0.0222671
-0.0205761
0.0104246
0.0107603
0.0103067
0.009418
0.00836299
0.00715613
0.00579724
0.00427492
0.00259412
0.00077187
-0.00116728
-0.00319123
-0.00526105
-0.00733294
-0.00936109
-0.0113009
-0.0131124
-0.0147624
-0.016227
-0.0174918
-0.0185518
-0.0194103
-0.0200773
-0.0205666
-0.0208949
-0.0210881
-0.021194
-0.0212005
-0.0207368
-0.0191022
0.00953679
0.00978394
0.00936387
0.00856588
0.00761599
0.00651709
0.00526503
0.00386146
0.00230566
0.000612126
-0.00119576
-0.00308743
-0.00502562
-0.00696813
-0.00887068
-0.0106901
-0.0123874
-0.0139307
-0.0152968
-0.0164718
-0.0174513
-0.0182387
-0.0188439
-0.0192809
-0.019566
-0.0197234
-0.0197986
-0.0197866
-0.0193429
-0.0177642
0.00869099
0.00885684
0.00847152
0.00775382
0.00689755
0.00590545
0.00475222
0.00345856
0.00202046
0.000448635
-0.00123492
-0.00300108
-0.00481423
-0.00663383
-0.00841713
-0.0101224
-0.0117119
-0.0131547
-0.0144284
-0.01552
-0.0164251
-0.0171474
-0.0176969
-0.0180872
-0.0183347
-0.0184616
-0.0185117
-0.0184857
-0.0180638
-0.0165402
0.00786969
0.00796519
0.00761458
0.00697184
0.00620089
0.00530713
0.00425161
0.00305949
0.00173314
0.000277652
-0.00128694
-0.00293279
-0.00462593
-0.00632752
-0.00799642
-0.00959232
-0.0110788
-0.012426
-0.0136124
-0.0146254
-0.0154612
-0.0161234
-0.0166221
-0.0169707
-0.0171851
-0.0172865
-0.0173163
-0.0172801
-0.0168813
-0.0154135
0.00706256
0.00709551
0.00678047
0.00620927
0.00551671
0.00471156
0.00375626
0.00265867
0.00143888
9.56624e-05
-0.00135394
-0.00288334
-0.00446014
-0.00604725
-0.00760522
-0.00909524
-0.0104823
-0.0117375
-0.0128404
-0.0137787
-0.0145491
-0.0151554
-0.0156074
-0.0159185
-0.016104
-0.016184
-0.0161978
-0.0161552
-0.0157809
-0.014371
0.00626191
0.00623629
0.00595717
0.005455
0.0048364
0.00411331
0.0032575
0.00225174
0.00113345
-0.000100665
-0.0014381
-0.00285367
-0.00431655
-0.00579147
-0.00724071
-0.00862711
-0.009917
-0.0110828
-0.0121048
-0.0129715
-0.0136797
-0.0142334
-0.0146423
-0.0149195
-0.01508
-0.0151427
-0.0151447
-0.0150992
-0.0147511
-0.0134033
0.00546087
0.00537734
0.00513493
0.0046995
0.00415268
0.00350799
0.00274635
0.00183466
0.000812661
-0.0003147
-0.00154162
-0.0028449
-0.00419515
-0.00555895
-0.00690048
-0.0081843
-0.00937828
-0.0104561
-0.0113989
-0.012196
-0.0128445
-0.0133484
-0.0137173
-0.0139641
-0.0141033
-0.0141527
-0.0141472
-0.0141026
-0.0137825
-0.0125037
0.00465131
0.00451131
0.00430621
0.00393569
0.00345945
0.00288924
0.00221526
0.00140289
0.000472799
-0.000549747
-0.00166683
-0.00285831
-0.00409613
-0.00534877
-0.00658244
-0.00776356
-0.00886168
-0.00985188
-0.0107164
-0.0114451
-0.0120357
-0.0124923
-0.0128241
-0.0130438
-0.0131654
-0.0132056
-0.0131972
-0.0131576
-0.0128681
-0.0116684
0.00382499
0.00363079
0.00346376
0.00315671
0.00274961
0.00225189
0.00166079
0.000949838
0.000110934
-0.000808913
-0.00181618
-0.0028954
-0.00401995
-0.00516027
-0.00628472
-0.0073618
-0.00836297
-0.00926489
-0.010051
-0.0107121
-0.0112461
-0.0116574
-0.011955
-0.0121511
-0.0122591
-0.0122948
-0.0122882
-0.0122584
-0.0120028
-0.0108959
0.00297325
0.00272875
0.00260111
0.00235603
0.00201625
0.00159067
0.00108045
0.000468438
-0.000275986
-0.00109563
-0.00199245
-0.00295798
-0.00396738
-0.00499301
-0.00600561
-0.00697607
-0.007878
-0.00868989
-0.00939661
-0.00998995
-0.0104685
-0.0108365
-0.0111028
-0.0112792
-0.0113783
-0.0114149
-0.0114161
-0.0114011
-0.0111835
-0.0101866
0.00208582
0.00179797
0.00171099
0.00152783
0.00125468
0.000901279
0.000470203
-4.76075e-05
-0.000691456
-0.0014138
-0.00219887
-0.00304824
-0.00393949
-0.00484678
-0.00574355
-0.0066034
-0.00740247
-0.00812141
-0.00874686
-0.00927183
-0.00969555
-0.0100224
-0.0102609
-0.0104222
-0.010518
-0.0105617
-0.0105779
-0.0105839
-0.0104094
-0.00954282
0.00114842
0.000829865
0.000786707
0.00066608
0.000459605
0.000178682
-0.000175168
-0.000603283
-0.00113996
-0.00176607
-0.00243853
-0.00316859
-0.00393757
-0.00472162
-0.00549712
-0.00624086
-0.00693198
-0.00755388
-0.0080953
-0.00855081
-0.00892046
-0.00920873
-0.0094236
-0.00957533
-0.0096746
-0.00973279
-0.00977179
-0.00980586
-0.00968121
-0.00896799
0.000142347
-0.000187408
-0.000182185
-0.000238072
-0.000375479
-0.000583178
-0.000859673
-0.00120045
-0.00162836
-0.00215513
-0.00271444
-0.00332142
-0.00396305
-0.00461767
-0.00526501
-0.00588565
-0.00646245
-0.00698215
-0.00743619
-0.00782104
-0.00813772
-0.00839071
-0.00858714
-0.00873615
-0.00884687
-0.00892877
-0.00899963
-0.00907023
-0.00900292
-0.00846607
-0.00094964
-0.00125641
-0.00120021
-0.00119054
-0.00125554
-0.00138753
-0.00158556
-0.00183987
-0.00216174
-0.00258456
-0.00303077
-0.00351038
-0.00401857
-0.00453611
-0.00504652
-0.005535
-0.0059891
-0.00639984
-0.00676216
-0.00707505
-0.00734066
-0.00756237
-0.00774683
-0.00790168
-0.00803382
-0.00814997
-0.00826339
-0.00837966
-0.00837853
-0.00804036
-0.00215824
-0.00235176
-0.00223261
-0.00216822
-0.00216608
-0.00222499
-0.00234796
-0.00252151
-0.00274589
-0.00306181
-0.00339849
-0.00374705
-0.00411388
-0.00448284
-0.00484195
-0.00518245
-0.0054984
-0.00578702
-0.00604835
-0.00628515
-0.00650115
-0.00669519
-0.00687632
-0.00704942
-0.0072176
-0.00738364
-0.00755547
-0.00773128
-0.00781196
-0.00769099
-0.00367054
-0.00352906
-0.00326114
-0.00314558
-0.0030949
-0.00309538
-0.00315534
-0.00326165
-0.0034032
-0.00361062
-0.0038403
-0.00405286
-0.00426488
-0.00446487
-0.00464709
-0.00481151
-0.00496194
-0.00510485
-0.00524792
-0.00539864
-0.00556255
-0.00573765
-0.00593043
-0.00614117
-0.00636786
-0.00660767
-0.00686184
-0.00712043
-0.00730549
-0.00741047
-0.00608044
-0.0054276
-0.00475583
-0.00444031
-0.0042708
-0.00416806
-0.00412717
-0.00413322
-0.00416502
-0.00423549
-0.00432903
-0.00438521
-0.00442403
-0.00444061
-0.00443693
-0.00442276
-0.00441221
-0.00441963
-0.00445899
-0.00453814
-0.0046537
-0.00485931
-0.00508751
-0.00535214
-0.00564746
-0.00596475
-0.0062977
-0.00662785
-0.00690206
-0.00719371
-0.00966075
-0.00918203
-0.00793033
-0.00702398
-0.00637976
-0.00586997
-0.00546604
-0.0051495
-0.00489411
-0.00469669
-0.00455472
-0.00442295
-0.00431728
-0.00423875
-0.0041898
-0.00417636
-0.00420508
-0.00427981
-0.00440431
-0.00458241
-0.00481391
-0.00503209
-0.00528217
-0.00555109
-0.00582403
-0.00609236
-0.00634889
-0.00657403
-0.00675737
-0.00707228
-0.0734356
-0.0636025
-0.056214
-0.0500773
-0.0449948
-0.0407243
-0.037093
-0.0339691
-0.0312519
-0.0288641
-0.0267463
-0.0248521
-0.0231448
-0.0215954
-0.0201801
-0.0188799
-0.0176788
-0.0165638
-0.0155241
-0.0145508
-0.0136372
-0.0127782
-0.0119708
-0.0112138
-0.0105085
-0.00986025
-0.00927485
-0.00874315
-0.00825126
-0.00795945
-0.0740053
-0.0638718
-0.0560872
-0.049791
-0.0446328
-0.0403287
-0.0366851
-0.0335611
-0.0308515
-0.0284768
-0.0263761
-0.0245024
-0.0228186
-0.0212956
-0.01991
-0.0186434
-0.0174809
-0.016411
-0.0154246
-0.014515
-0.0136773
-0.012908
-0.0122051
-0.0115675
-0.0109951
-0.0104894
-0.0100518
-0.00966179
-0.00924007
-0.00878611
-0.0754147
-0.0652975
-0.0574151
-0.0510675
-0.0458649
-0.0415228
-0.0378455
-0.0346908
-0.0319534
-0.0295538
-0.0274311
-0.0255382
-0.023838
-0.0223011
-0.020904
-0.019628
-0.0184579
-0.0173814
-0.0163889
-0.0154728
-0.0146272
-0.0138479
-0.0131319
-0.012477
-0.0118824
-0.0113502
-0.0108877
-0.0104824
-0.0100294
-0.00942089
-0.0770283
-0.067127
-0.0592952
-0.0529396
-0.0476866
-0.0432765
-0.0395245
-0.0362939
-0.0334824
-0.0310122
-0.0288234
-0.0268693
-0.0251131
-0.0235253
-0.0220823
-0.0207651
-0.0195583
-0.0184492
-0.0174278
-0.0164857
-0.0156166
-0.0148153
-0.014078
-0.0134015
-0.0127834
-0.0122249
-0.011734
-0.0113012
-0.0108082
-0.0100714
-0.0785044
-0.0687783
-0.0610131
-0.0546631
-0.0493709
-0.0449003
-0.0410783
-0.037775
-0.0348914
-0.032352
-0.0300981
-0.0280836
-0.0262718
-0.0246335
-0.0231449
-0.0217867
-0.0205432
-0.0194016
-0.0183512
-0.0173833
-0.0164911
-0.0156689
-0.0149121
-0.0142172
-0.0135808
-0.013003
-0.0124919
-0.0120396
-0.0115231
-0.01071
-0.0797947
-0.0701744
-0.0624718
-0.0561374
-0.0508242
-0.0463126
-0.0424394
-0.0390801
-0.0361396
-0.0335442
-0.0312366
-0.0291714
-0.0273125
-0.0256306
-0.0241022
-0.0227078
-0.0214315
-0.0202601
-0.0191829
-0.0181909
-0.0172766
-0.0164341
-0.0156584
-0.0149453
-0.014291
-0.0136949
-0.0131643
-0.0126933
-0.0121628
-0.0113169
-0.0809106
-0.0713654
-0.0637236
-0.0574121
-0.0520908
-0.0475526
-0.0436422
-0.04024
-0.0372539
-0.0346124
-0.0322596
-0.0301511
-0.0282511
-0.0265307
-0.0249664
-0.0235389
-0.0222322
-0.021033
-0.0199303
-0.0189149
-0.0179791
-0.0171166
-0.0163221
-0.0155911
-0.0149193
-0.0143054
-0.0137556
-0.0132658
-0.0127271
-0.0118826
-0.0818512
-0.0723835
-0.0647955
-0.0585098
-0.0531875
-0.0486316
-0.0446936
-0.0412575
-0.0382343
-0.0355545
-0.0331634
-0.0310174
-0.0290815
-0.0273271
-0.025731
-0.0242736
-0.0229392
-0.0217144
-0.020588
-0.0195507
-0.0185947
-0.0177132
-0.0169008
-0.0161527
-0.0154645
-0.0148339
-0.014266
-0.013758
-0.0132155
-0.0123981
-0.0826234
-0.0732358
-0.0656957
-0.0594357
-0.0541166
-0.049549
-0.0455904
-0.042128
-0.039075
-0.0363637
-0.0339407
-0.0317633
-0.0297969
-0.0280135
-0.0263897
-0.0249064
-0.0235477
-0.0223002
-0.0211527
-0.0200957
-0.0191213
-0.0182226
-0.017394
-0.0166304
-0.0159272
-0.0152816
-0.014697
-0.0141716
-0.0136282
-0.0128554
-0.0832508
-0.0739242
-0.0664317
-0.0601957
-0.054882
-0.0503068
-0.0463333
-0.0428508
-0.0397745
-0.0370382
-0.0345895
-0.0323865
-0.030395
-0.0285874
-0.0269405
-0.0254354
-0.0240561
-0.0227893
-0.0216237
-0.0205498
-0.0195595
-0.0186458
-0.017803
-0.0170257
-0.0163094
-0.0156507
-0.0150514
-0.0145102
-0.0139674
-0.0132484
-0.083743
-0.0744641
-0.0670136
-0.0607992
-0.0554916
-0.0509116
-0.0469276
-0.0434302
-0.0403361
-0.0375804
-0.0351116
-0.0328884
-0.030877
-0.02905
-0.0273846
-0.0258618
-0.0244658
-0.0231832
-0.0220028
-0.0209149
-0.0199114
-0.0189853
-0.0181306
-0.0173419
-0.0166147
-0.0159451
-0.0153333
-0.0147782
-0.0142364
-0.0135731
-0.084109
-0.0748734
-0.0674531
-0.0612574
-0.0559555
-0.0513726
-0.0473813
-0.0438732
-0.0407661
-0.037996
-0.0355121
-0.0332736
-0.0312471
-0.0294054
-0.0277258
-0.0261894
-0.0247805
-0.0234856
-0.0222936
-0.0211948
-0.020181
-0.0192451
-0.018381
-0.0175833
-0.0168474
-0.0161692
-0.0155475
-0.014981
-0.01444
-0.0138278
-0.0843578
-0.0751711
-0.0677625
-0.0615832
-0.0562859
-0.051701
-0.0477049
-0.0441894
-0.0410733
-0.0382932
-0.0357986
-0.0335493
-0.031512
-0.0296598
-0.02797
-0.0264239
-0.0250057
-0.023702
-0.0225016
-0.0213949
-0.0203736
-0.0194305
-0.0185596
-0.0177554
-0.0170131
-0.0163286
-0.0156997
-0.0151244
-0.0145838
-0.0140134
-0.0845096
-0.0753664
-0.0679546
-0.0617901
-0.0564955
-0.0519093
-0.0479103
-0.0443902
-0.0412685
-0.0384819
-0.0359807
-0.0337245
-0.0316804
-0.0298215
-0.0281252
-0.0265729
-0.0251487
-0.0238394
-0.0226337
-0.0215219
-0.0204957
-0.0195481
-0.0186727
-0.0178643
-0.0171179
-0.0164294
-0.0157957
-0.0152146
-0.014674
-0.0141325
-0.0845857
-0.0754589
-0.0680447
-0.0618899
-0.0565961
-0.052009
-0.0480086
-0.0444863
-0.0413618
-0.0385722
-0.0360677
-0.0338082
-0.0317609
-0.0298987
-0.0281993
-0.026644
-0.025217
-0.023905
-0.0226967
-0.0215824
-0.0205539
-0.0196041
-0.0187266
-0.0179161
-0.0171678
-0.0164773
-0.0158413
-0.0152573
-0.0147165
-0.0141893
-0.0845862
-0.0754594
-0.0680453
-0.0618904
-0.0565964
-0.0520094
-0.0480088
-0.0444865
-0.0413619
-0.0385723
-0.0360679
-0.0338084
-0.031761
-0.0298988
-0.0281995
-0.0266442
-0.0252172
-0.0239052
-0.022697
-0.0215827
-0.0205542
-0.0196044
-0.0187269
-0.0179164
-0.0171681
-0.0164776
-0.0158416
-0.0152576
-0.0147169
-0.0141896
-0.0845111
-0.075368
-0.0679563
-0.0617916
-0.0564966
-0.0519102
-0.047911
-0.0443908
-0.0412689
-0.0384823
-0.0359811
-0.0337249
-0.0316808
-0.0298219
-0.0281257
-0.0265734
-0.0251493
-0.0238401
-0.0226345
-0.0215227
-0.0204966
-0.019549
-0.0186737
-0.0178652
-0.0171189
-0.0164303
-0.0157967
-0.0152156
-0.014675
-0.0141334
-0.0843603
-0.0751737
-0.0677654
-0.0615856
-0.0562877
-0.0517026
-0.0477061
-0.0441904
-0.0410741
-0.0382938
-0.0357993
-0.0335499
-0.0315127
-0.0296605
-0.0279708
-0.0264248
-0.0250067
-0.0237032
-0.0225029
-0.0213963
-0.020375
-0.019432
-0.0185611
-0.0177569
-0.0170147
-0.0163302
-0.0157012
-0.0151259
-0.0145854
-0.0140149
-0.0841127
-0.0748767
-0.0674571
-0.0612606
-0.0559581
-0.0513749
-0.0473831
-0.0438746
-0.0407672
-0.037997
-0.0355131
-0.0332745
-0.0312481
-0.0294064
-0.0277269
-0.0261906
-0.0247819
-0.0234872
-0.0222954
-0.0211967
-0.020183
-0.0192471
-0.018383
-0.0175854
-0.0168495
-0.0161714
-0.0155497
-0.0149831
-0.0144421
-0.0138299
-0.0837478
-0.0744682
-0.0670184
-0.0608031
-0.0554948
-0.0509146
-0.0469301
-0.0434321
-0.0403377
-0.0375818
-0.0351129
-0.0328896
-0.0308783
-0.0290513
-0.0273861
-0.0258635
-0.0244677
-0.0231853
-0.022005
-0.0209173
-0.0199139
-0.0189878
-0.0181331
-0.0173445
-0.0166173
-0.0159478
-0.015336
-0.0147809
-0.0142391
-0.0135757
-0.0832565
-0.0739289
-0.0664371
-0.0602001
-0.0548858
-0.0503105
-0.0463365
-0.0428533
-0.0397765
-0.0370399
-0.0345911
-0.032388
-0.0303966
-0.028589
-0.0269423
-0.0254374
-0.0240584
-0.0227918
-0.0216264
-0.0205526
-0.0195624
-0.0186488
-0.017806
-0.0170288
-0.0163125
-0.0156539
-0.0150546
-0.0145134
-0.0139705
-0.0132515
-0.0826299
-0.0732409
-0.0657014
-0.0594403
-0.0541208
-0.0495532
-0.0455942
-0.0421311
-0.0390775
-0.0363659
-0.0339427
-0.0317652
-0.0297989
-0.0280155
-0.0263919
-0.0249089
-0.0235504
-0.0223031
-0.0211558
-0.020099
-0.0191247
-0.0182261
-0.0173975
-0.0166339
-0.0159307
-0.0152852
-0.0147006
-0.0141752
-0.0136318
-0.012859
-0.0818586
-0.072389
-0.0648013
-0.0585146
-0.0531921
-0.0486364
-0.044698
-0.0412613
-0.0382375
-0.0355572
-0.0331658
-0.0310198
-0.0290839
-0.0273297
-0.0257337
-0.0242766
-0.0229424
-0.0217178
-0.0205916
-0.0195544
-0.0185984
-0.017717
-0.0169047
-0.0161567
-0.0154685
-0.014838
-0.01427
-0.013762
-0.0132195
-0.0124021
-0.0809185
-0.071371
-0.0637294
-0.0574169
-0.0520955
-0.0475577
-0.0436472
-0.0402444
-0.0372577
-0.0346158
-0.0322627
-0.030154
-0.028254
-0.0265337
-0.0249697
-0.0235424
-0.0222358
-0.0210368
-0.0199342
-0.0189189
-0.0179832
-0.0171208
-0.0163264
-0.0155954
-0.0149237
-0.0143097
-0.01376
-0.0132702
-0.0127315
-0.0118869
-0.079803
-0.07018
-0.0624774
-0.0561421
-0.050829
-0.0463181
-0.0424449
-0.0390852
-0.036144
-0.0335482
-0.0312403
-0.0291749
-0.027316
-0.0256342
-0.0241059
-0.0227117
-0.0214355
-0.0202643
-0.0191872
-0.0181953
-0.0172811
-0.0164387
-0.015663
-0.0149499
-0.0142957
-0.0136996
-0.013169
-0.0126981
-0.0121675
-0.0113216
-0.0785128
-0.0687839
-0.0610186
-0.0546676
-0.0493758
-0.044906
-0.0410842
-0.0377806
-0.0348966
-0.0323568
-0.0301026
-0.0280878
-0.026276
-0.0246377
-0.0231492
-0.0217911
-0.0205477
-0.0194062
-0.0183558
-0.0173881
-0.016496
-0.0156738
-0.0149171
-0.0142222
-0.0135858
-0.0130081
-0.0124969
-0.0120447
-0.0115282
-0.010715
-0.0770366
-0.0671327
-0.0593004
-0.052944
-0.0476915
-0.0432824
-0.0395308
-0.0363001
-0.0334883
-0.0310178
-0.0288287
-0.0268744
-0.025118
-0.0235302
-0.0220872
-0.0207701
-0.0195633
-0.0184543
-0.0174328
-0.0164909
-0.0156218
-0.0148206
-0.0140833
-0.0134068
-0.0127888
-0.0122303
-0.0117394
-0.0113066
-0.0108135
-0.0100768
-0.0754227
-0.0653032
-0.0574202
-0.0510717
-0.0458698
-0.0415288
-0.0378521
-0.0346976
-0.0319601
-0.0295602
-0.0274373
-0.0255441
-0.0238438
-0.0223068
-0.0209097
-0.0196336
-0.0184634
-0.0173869
-0.0163945
-0.0154784
-0.0146329
-0.0138536
-0.0131376
-0.0124827
-0.0118881
-0.0113559
-0.0108934
-0.010488
-0.0100349
-0.00942639
-0.074013
-0.0638776
-0.0560923
-0.0497954
-0.0446378
-0.0403348
-0.0366921
-0.0335686
-0.030859
-0.0284841
-0.0263832
-0.0245093
-0.0228253
-0.0213021
-0.0199164
-0.0186497
-0.0174871
-0.0164172
-0.0154308
-0.0145212
-0.0136834
-0.0129141
-0.0122112
-0.0115735
-0.0110011
-0.0104954
-0.0100577
-0.00966757
-0.00924573
-0.00879159
-0.0734429
-0.0636085
-0.0562195
-0.0500823
-0.0450002
-0.0407308
-0.0371006
-0.0339773
-0.0312603
-0.0288725
-0.0267544
-0.0248599
-0.0231525
-0.0216027
-0.0201873
-0.0188868
-0.0176855
-0.0165704
-0.0155306
-0.0145572
-0.0136436
-0.0127845
-0.011977
-0.01122
-0.0105146
-0.00986621
-0.00928069
-0.00874888
-0.00825688
-0.00796489
-0.00853289
-0.00881815
-0.00910151
-0.00938647
-0.00964818
-0.00988051
-0.0100853
-0.010264
-0.0104176
-0.0105468
-0.0106526
-0.0107363
-0.010799
-0.0108421
-0.0108668
-0.0108746
-0.0108666
-0.0108442
-0.0108085
-0.0107606
-0.0107018
-0.010633
-0.0105552
-0.0104692
-0.0103759
-0.0102762
-0.0101706
-0.0100598
-0.00994452
-0.00982519
-0.00970233
-0.00957638
-0.00944774
-0.00931678
-0.00918381
-0.00904913
-0.00891298
-0.0087756
-0.00863718
-0.0084979
-0.00835791
-0.00821735
-0.00807634
-0.00793497
-0.00779333
-0.0076515
-0.00750954
-0.0073675
-0.00722544
-0.00708343
-0.00694148
-0.00679933
-0.00665724
-0.00651528
-0.00637344
-0.00623172
-0.00609012
-0.00594864
-0.00580728
-0.00566604
-0.00552492
-0.00538391
-0.00524301
-0.00510222
-0.00496154
-0.00482095
-0.00468045
-0.00454005
-0.00439972
-0.00425947
-0.0041193
-0.0039792
-0.00383915
-0.00369917
-0.00355924
-0.00341936
-0.00327953
-0.00313974
-0.00299999
-0.00286027
-0.00272058
-0.00258093
-0.0024413
-0.0023017
-0.00216212
-0.00202256
-0.00188302
-0.00174349
-0.00160397
-0.00146447
-0.00132503
-0.0011856
-0.00104616
-0.000906716
-0.000767271
-0.000627807
-0.000488286
-0.000348754
-0.000209252
-6.97602e-05
-0.00937667
-0.00939828
-0.00954276
-0.00973124
-0.00990386
-0.010054
-0.0101865
-0.0103029
-0.0104034
-0.0104879
-0.0105569
-0.0106106
-0.0106495
-0.0106743
-0.0106855
-0.0106838
-0.0106699
-0.0106445
-0.0106083
-0.0105621
-0.0105066
-0.0104425
-0.0103705
-0.0102911
-0.0102051
-0.0101131
-0.0100154
-0.00991282
-0.00980567
-0.00969446
-0.00957958
-0.00946144
-0.00934037
-0.00921671
-0.00909075
-0.00896276
-0.00883298
-0.00870163
-0.0085689
-0.00843498
-0.00830002
-0.00816417
-0.00802754
-0.00789026
-0.00775241
-0.00761409
-0.00747536
-0.0073363
-0.00719695
-0.00705732
-0.00691743
-0.00677767
-0.00663777
-0.00649773
-0.00635762
-0.00621746
-0.00607727
-0.00593708
-0.00579688
-0.0056567
-0.00551653
-0.00537638
-0.00523627
-0.00509619
-0.00495614
-0.00481612
-0.00467615
-0.00453621
-0.0043963
-0.00425643
-0.00411659
-0.00397679
-0.00383702
-0.00369728
-0.00355757
-0.00341788
-0.00327823
-0.0031386
-0.00299899
-0.00285939
-0.00271982
-0.00258026
-0.00244072
-0.00230119
-0.00216169
-0.0020222
-0.00188272
-0.00174324
-0.00160377
-0.00146431
-0.00132487
-0.00118544
-0.00104603
-0.000906632
-0.000767245
-0.000627812
-0.000488301
-0.000348783
-0.000209301
-6.98044e-05
-0.0101479
-0.00996148
-0.00997574
-0.0100778
-0.0101757
-0.0102582
-0.0103312
-0.0103963
-0.0104529
-0.0105001
-0.0105376
-0.0105652
-0.0105828
-0.0105904
-0.010588
-0.010576
-0.0105546
-0.0105241
-0.0104849
-0.0104373
-0.0103819
-0.0103191
-0.0102494
-0.0101731
-0.0100908
-0.0100029
-0.00990977
-0.00981192
-0.00970971
-0.0096035
-0.00949365
-0.00938049
-0.00926434
-0.00914547
-0.00902416
-0.00890066
-0.00877518
-0.00864795
-0.00851914
-0.00838893
-0.00825748
-0.00812493
-0.00799142
-0.00785704
-0.00772192
-0.00758614
-0.00744979
-0.00731293
-0.00717565
-0.00703798
-0.0069
-0.00676172
-0.0066232
-0.00648448
-0.00634558
-0.00620654
-0.00606739
-0.00592813
-0.0057888
-0.0056494
-0.00550995
-0.00537046
-0.00523094
-0.00509139
-0.00495183
-0.00481226
-0.00467268
-0.0045331
-0.00439353
-0.00425396
-0.00411438
-0.00397482
-0.00383527
-0.00369572
-0.00355619
-0.00341666
-0.00327714
-0.00313764
-0.00299814
-0.00285865
-0.00271917
-0.00257969
-0.00244023
-0.00230078
-0.00216132
-0.00202188
-0.00188245
-0.00174301
-0.00160358
-0.00146416
-0.00132475
-0.00118533
-0.00104592
-0.000906557
-0.000767212
-0.000627808
-0.000488319
-0.00034881
-0.000209332
-6.98404e-05
-0.0108347
-0.0104984
-0.0104086
-0.0104338
-0.010464
-0.0104855
-0.0105048
-0.0105231
-0.0105391
-0.0105513
-0.010559
-0.0105613
-0.0105578
-0.0105479
-0.0105314
-0.010508
-0.0104778
-0.0104406
-0.0103967
-0.010346
-0.0102889
-0.0102256
-0.0101562
-0.0100812
-0.0100008
-0.00991532
-0.00982509
-0.00973042
-0.00963161
-0.00952897
-0.00942279
-0.00931335
-0.00920091
-0.00908572
-0.00896803
-0.00884805
-0.008726
-0.00860206
-0.00847641
-0.00834923
-0.00822065
-0.00809083
-0.00795989
-0.00782795
-0.0076951
-0.00756146
-0.00742711
-0.00729212
-0.00715656
-0.00702051
-0.00688402
-0.00674713
-0.0066099
-0.00647236
-0.00633456
-0.00619653
-0.0060583
-0.0059199
-0.00578134
-0.00564265
-0.00550385
-0.00536495
-0.00522597
-0.00508691
-0.0049478
-0.00480863
-0.00466942
-0.00453018
-0.0043909
-0.0042516
-0.00411228
-0.00397294
-0.00383359
-0.00369422
-0.00355485
-0.00341547
-0.00327608
-0.0031367
-0.00299731
-0.00285792
-0.00271853
-0.00257913
-0.00243974
-0.00230034
-0.00216095
-0.00202157
-0.00188218
-0.00174278
-0.00160339
-0.00146401
-0.00132462
-0.00118522
-0.00104583
-0.000906489
-0.000767164
-0.000627781
-0.00048831
-0.000348823
-0.000209371
-6.98884e-05
-0.0114429
-0.010998
-0.0108263
-0.0107823
-0.0107503
-0.0107163
-0.0106867
-0.0106622
-0.0106408
-0.0106208
-0.0106006
-0.0105792
-0.0105556
-0.0105289
-0.0104984
-0.0104638
-0.0104244
-0.0103802
-0.0103309
-0.0102764
-0.0102167
-0.0101519
-0.010082
-0.0100072
-0.0099277
-0.00984365
-0.00975527
-0.0096628
-0.00956645
-0.00946646
-0.00936307
-0.0092565
-0.00914698
-0.00903472
-0.00891994
-0.00880282
-0.00868356
-0.00856233
-0.00843931
-0.00831464
-0.00818848
-0.00806096
-0.0079322
-0.00780232
-0.00767143
-0.00753962
-0.00740698
-0.00727361
-0.00713956
-0.00700491
-0.00686972
-0.00673404
-0.00659794
-0.00646145
-0.00632461
-0.00618747
-0.00605006
-0.00591241
-0.00577454
-0.00563649
-0.00549827
-0.0053599
-0.00522141
-0.00508279
-0.00494408
-0.00480528
-0.0046664
-0.00452746
-0.00438846
-0.00424941
-0.00411032
-0.00397118
-0.00383202
-0.00369282
-0.0035536
-0.00341435
-0.00327509
-0.00313581
-0.00299652
-0.00285722
-0.00271792
-0.0025786
-0.00243928
-0.00229995
-0.00216061
-0.00202126
-0.00188191
-0.00174256
-0.00160321
-0.00146386
-0.0013245
-0.00118513
-0.00104576
-0.000906425
-0.000767111
-0.000627743
-0.000488287
-0.000348824
-0.000209412
-6.99422e-05
-0.011967
-0.0114492
-0.0112135
-0.0111084
-0.0110205
-0.0109372
-0.0108644
-0.0108019
-0.0107472
-0.0106982
-0.010653
-0.01061
-0.010568
-0.0105258
-0.0104823
-0.0104369
-0.0103888
-0.0103376
-0.0102827
-0.0102241
-0.0101614
-0.0100946
-0.0100236
-0.00994843
-0.00986912
-0.00978577
-0.00969852
-0.0096075
-0.00951288
-0.00941482
-0.00931351
-0.00920913
-0.00910186
-0.0089919
-0.00887941
-0.00876458
-0.00864758
-0.00852856
-0.00840768
-0.00828508
-0.00816091
-0.00803529
-0.00790835
-0.0077802
-0.00765095
-0.00752069
-0.00738951
-0.0072575
-0.00712473
-0.00699128
-0.00685721
-0.00672258
-0.00658744
-0.00645185
-0.00631585
-0.00617948
-0.00604277
-0.00590578
-0.00576851
-0.00563101
-0.0054933
-0.0053554
-0.00521733
-0.0050791
-0.00494074
-0.00480227
-0.00466369
-0.00452502
-0.00438626
-0.00424743
-0.00410854
-0.00396959
-0.00383059
-0.00369154
-0.00355246
-0.00341334
-0.00327419
-0.00313501
-0.00299581
-0.00285659
-0.00271736
-0.00257811
-0.00243884
-0.00229956
-0.00216028
-0.00202099
-0.00188168
-0.00174236
-0.00160304
-0.00146372
-0.00132439
-0.00118505
-0.0010457
-0.000906365
-0.000767058
-0.000627709
-0.000488273
-0.000348834
-0.000209451
-6.99913e-05
-0.012408
-0.0118478
-0.0115627
-0.0114036
-0.0112664
-0.0111402
-0.0110298
-0.0109342
-0.0108505
-0.0107761
-0.0107089
-0.0106469
-0.0105886
-0.0105324
-0.0104773
-0.010422
-0.0103658
-0.010308
-0.010248
-0.0101853
-0.0101195
-0.0100505
-0.00997808
-0.00990211
-0.00982256
-0.00973945
-0.00965281
-0.00956271
-0.00946927
-0.00937259
-0.00927282
-0.00917009
-0.00906456
-0.00895638
-0.00884571
-0.00873269
-0.00861748
-0.00850024
-0.00838109
-0.00826018
-0.00813764
-0.00801358
-0.00788814
-0.00776142
-0.00763353
-0.00750455
-0.00737459
-0.00724372
-0.00711203
-0.00697959
-0.00684646
-0.00671271
-0.00657839
-0.00644356
-0.00630827
-0.00617255
-0.00603646
-0.00590002
-0.00576327
-0.00562624
-0.00548897
-0.00535146
-0.00521376
-0.00507587
-0.00493782
-0.00479963
-0.00466131
-0.00452287
-0.00438433
-0.00424569
-0.00410698
-0.00396818
-0.00382933
-0.00369041
-0.00355145
-0.00341244
-0.00327338
-0.00313429
-0.00299517
-0.00285603
-0.00271686
-0.00257767
-0.00243846
-0.00229923
-0.00215999
-0.00202074
-0.00188147
-0.00174219
-0.0016029
-0.0014636
-0.0013243
-0.00118498
-0.00104564
-0.00090632
-0.000767023
-0.000627689
-0.000488272
-0.00034885
-0.000209486
-7.00368e-05
-0.0127701
-0.0121925
-0.0118696
-0.0116632
-0.0114831
-0.0113202
-0.0111778
-0.0110539
-0.0109454
-0.0108493
-0.0107632
-0.0106849
-0.0106124
-0.0105442
-0.0104788
-0.0104149
-0.0103516
-0.0102879
-0.010223
-0.0101565
-0.0100879
-0.0100167
-0.00994275
-0.00986584
-0.00978583
-0.00970265
-0.00961629
-0.00952676
-0.00943411
-0.00933842
-0.00923977
-0.00913829
-0.00903408
-0.00892728
-0.00881801
-0.00870643
-0.00859265
-0.00847681
-0.00835906
-0.0082395
-0.00811828
-0.0079955
-0.00787128
-0.00774572
-0.00761894
-0.00749102
-0.00736206
-0.00723214
-0.00710134
-0.00696973
-0.00683739
-0.00670437
-0.00657074
-0.00643654
-0.00630184
-0.00616667
-0.00603109
-0.00589512
-0.00575881
-0.00562218
-0.00548527
-0.0053481
-0.00521071
-0.00507311
-0.00493532
-0.00479737
-0.00465927
-0.00452103
-0.00438267
-0.0042442
-0.00410563
-0.00396697
-0.00382824
-0.00368943
-0.00355057
-0.00341165
-0.00327268
-0.00313367
-0.00299462
-0.00285554
-0.00271643
-0.00257729
-0.00243812
-0.00229894
-0.00215974
-0.00202052
-0.00188129
-0.00174204
-0.00160278
-0.00146351
-0.00132422
-0.00118492
-0.0010456
-0.00090629
-0.000767002
-0.000627681
-0.000488276
-0.000348864
-0.000209515
-7.0078e-05
-0.0130593
-0.0124837
-0.0121323
-0.011885
-0.0116683
-0.0114747
-0.0113055
-0.0111581
-0.0110289
-0.0109146
-0.0108127
-0.0107206
-0.0106363
-0.010558
-0.0104839
-0.0104126
-0.0103431
-0.0102743
-0.0102053
-0.0101354
-0.0100641
-0.00999097
-0.00991559
-0.0098377
-0.00975713
-0.00967374
-0.00958746
-0.00949826
-0.00940613
-0.00931113
-0.0092133
-0.00911274
-0.00900953
-0.00890379
-0.00879562
-0.00868514
-0.00857249
-0.00845777
-0.00834111
-0.00822264
-0.00810246
-0.0079807
-0.00785746
-0.00773285
-0.00760696
-0.0074799
-0.00735175
-0.0072226
-0.00709252
-0.00696159
-0.00682989
-0.00669747
-0.0065644
-0.00643073
-0.00629651
-0.00616179
-0.00602663
-0.00589105
-0.00575509
-0.00561879
-0.00548218
-0.00534528
-0.00520814
-0.00507079
-0.00493324
-0.00479549
-0.00465757
-0.00451949
-0.00438128
-0.00424295
-0.0041045
-0.00396595
-0.00382732
-0.00368861
-0.00354983
-0.00341099
-0.00327209
-0.00313315
-0.00299415
-0.00285513
-0.00271607
-0.00257697
-0.00243784
-0.00229869
-0.00215953
-0.00202034
-0.00188114
-0.00174191
-0.00160268
-0.00146343
-0.00132416
-0.00118488
-0.00104557
-0.000906268
-0.000766987
-0.000627675
-0.000488284
-0.000348881
-0.000209542
-7.01149e-05
-0.0132832
-0.0127232
-0.0123503
-0.0120686
-0.0118216
-0.0116029
-0.0114119
-0.0112454
-0.0110992
-0.0109703
-0.0108554
-0.0107522
-0.0106582
-0.0105715
-0.0104903
-0.010413
-0.0103383
-0.0102652
-0.0101927
-0.01012
-0.0100465
-0.00997162
-0.00989495
-0.00981617
-0.00973504
-0.00965138
-0.00956506
-0.00947603
-0.00938425
-0.00928972
-0.00919249
-0.00909261
-0.00899015
-0.00888521
-0.00877787
-0.00866825
-0.00855646
-0.00844261
-0.00832681
-0.00820918
-0.00808982
-0.00796886
-0.00784639
-0.00772252
-0.00759735
-0.00747096
-0.00734346
-0.00721492
-0.00708542
-0.00695503
-0.00682384
-0.0066919
-0.00655928
-0.00642602
-0.0062922
-0.00615784
-0.00602301
-0.00588775
-0.00575208
-0.00561604
-0.00547968
-0.00534301
-0.00520609
-0.00506892
-0.00493153
-0.00479394
-0.00465616
-0.00451823
-0.00438014
-0.00424192
-0.00410357
-0.00396512
-0.00382658
-0.00368795
-0.00354923
-0.00341045
-0.00327161
-0.00313272
-0.00299378
-0.00285479
-0.00271577
-0.00257671
-0.00243761
-0.0022985
-0.00215936
-0.00202019
-0.00188101
-0.00174181
-0.0016026
-0.00146337
-0.00132412
-0.00118485
-0.00104555
-0.000906255
-0.000766981
-0.000627675
-0.000488288
-0.00034889
-0.000209562
-7.0147e-05
-0.0134505
-0.0129138
-0.0125247
-0.0122148
-0.0119437
-0.0117052
-0.0114971
-0.0113154
-0.011156
-0.0110154
-0.0108905
-0.0107784
-0.0106768
-0.0105835
-0.0104966
-0.0104145
-0.0103358
-0.0102593
-0.010184
-0.010109
-0.0100337
-0.00995733
-0.00987959
-0.00980004
-0.0097184
-0.00963446
-0.00954807
-0.00945912
-0.00936755
-0.00927336
-0.00917655
-0.00907716
-0.00897526
-0.0088709
-0.00876419
-0.00865521
-0.00854407
-0.00843088
-0.00831573
-0.00819874
-0.00808002
-0.00795967
-0.00783779
-0.0077145
-0.00758987
-0.00746401
-0.007337
-0.00720893
-0.00707988
-0.00694991
-0.00681912
-0.00668755
-0.00655527
-0.00642234
-0.00628882
-0.00615475
-0.00602018
-0.00588515
-0.00574971
-0.00561389
-0.00547771
-0.00534123
-0.00520447
-0.00506745
-0.00493019
-0.00479273
-0.00465507
-0.00451723
-0.00437924
-0.00424111
-0.00410284
-0.00396447
-0.00382599
-0.00368742
-0.00354876
-0.00341003
-0.00327123
-0.00313238
-0.00299348
-0.00285453
-0.00271553
-0.0025765
-0.00243743
-0.00229834
-0.00215922
-0.00202008
-0.00188092
-0.00174174
-0.00160254
-0.00146333
-0.00132409
-0.00118482
-0.00104554
-0.000906249
-0.000766974
-0.000627673
-0.0004883
-0.000348908
-0.00020958
-7.01733e-05
-0.0135697
-0.0130586
-0.0126576
-0.0123257
-0.0120363
-0.0117828
-0.0115618
-0.0113687
-0.0111994
-0.0110501
-0.0109176
-0.0107989
-0.0106916
-0.0105933
-0.0105021
-0.0104164
-0.0103346
-0.0102555
-0.010178
-0.0101013
-0.0100245
-0.00994709
-0.00986851
-0.00978835
-0.0097063
-0.00962212
-0.00953563
-0.00944671
-0.00935529
-0.00926132
-0.0091648
-0.00906576
-0.00896425
-0.00886032
-0.00875406
-0.00864555
-0.00853489
-0.00842217
-0.0083075
-0.00819099
-0.00807273
-0.00795283
-0.00783139
-0.00770851
-0.00758429
-0.00745882
-0.00733218
-0.00720446
-0.00707573
-0.00694609
-0.00681558
-0.00668429
-0.00655227
-0.00641959
-0.00628629
-0.00615243
-0.00601805
-0.00588321
-0.00574793
-0.00561227
-0.00547624
-0.00533989
-0.00520325
-0.00506634
-0.00492919
-0.00479181
-0.00465424
-0.00451649
-0.00437857
-0.0042405
-0.0041023
-0.00396398
-0.00382555
-0.00368702
-0.0035484
-0.00340971
-0.00327095
-0.00313213
-0.00299325
-0.00285433
-0.00271536
-0.00257635
-0.0024373
-0.00229822
-0.00215912
-0.00202
-0.00188084
-0.00174168
-0.0016025
-0.0014633
-0.00132407
-0.00118481
-0.00104554
-0.000906253
-0.000766978
-0.000627676
-0.000488305
-0.000348914
-0.000209589
-7.0195e-05
-0.0136489
-0.0131614
-0.0127517
-0.0124039
-0.0121015
-0.0118376
-0.0116075
-0.0114064
-0.0112301
-0.0110748
-0.0109369
-0.0108136
-0.0107022
-0.0106004
-0.0105063
-0.010418
-0.010334
-0.0102531
-0.0101741
-0.0100961
-0.0100184
-0.00994014
-0.00986094
-0.00978034
-0.00969799
-0.00961363
-0.00952707
-0.00943816
-0.00934681
-0.00925299
-0.00915666
-0.00905786
-0.00895662
-0.00885298
-0.00874703
-0.00863884
-0.0085285
-0.00841611
-0.00830177
-0.00818558
-0.00806765
-0.00794806
-0.00782692
-0.00770434
-0.0075804
-0.00745519
-0.00732881
-0.00720133
-0.00707284
-0.00694341
-0.00681311
-0.00668202
-0.00655018
-0.00641766
-0.00628452
-0.00615081
-0.00601657
-0.00588185
-0.00574669
-0.00561114
-0.00547521
-0.00533896
-0.0052024
-0.00506556
-0.00492848
-0.00479118
-0.00465366
-0.00451596
-0.0043781
-0.00424008
-0.00410192
-0.00396364
-0.00382524
-0.00368675
-0.00354816
-0.00340949
-0.00327075
-0.00313195
-0.0029931
-0.00285419
-0.00271523
-0.00257624
-0.0024372
-0.00229814
-0.00215905
-0.00201993
-0.00188079
-0.00174165
-0.00160248
-0.00146328
-0.00132406
-0.00118481
-0.00104555
-0.000906264
-0.000766984
-0.00062768
-0.000488319
-0.000348925
-0.000209585
-7.02043e-05
-0.0136955
-0.0132257
-0.0128104
-0.0124524
-0.0121419
-0.0118716
-0.0116358
-0.0114298
-0.0112492
-0.0110901
-0.0109489
-0.0108227
-0.0107089
-0.0106049
-0.0105089
-0.010419
-0.0103337
-0.0102517
-0.0101718
-0.010093
-0.0100146
-0.00993587
-0.0098563
-0.00977542
-0.00969288
-0.0096084
-0.00952178
-0.00943288
-0.00934158
-0.00924784
-0.00915164
-0.00905298
-0.0089519
-0.00884844
-0.00874268
-0.00863469
-0.00852455
-0.00841237
-0.00829823
-0.00818224
-0.0080645
-0.00794511
-0.00782416
-0.00770176
-0.00757799
-0.00745295
-0.00732673
-0.0071994
-0.00707105
-0.00694175
-0.00681159
-0.00668061
-0.00654888
-0.00641647
-0.00628342
-0.0061498
-0.00601565
-0.00588101
-0.00574592
-0.00561043
-0.00547457
-0.00533838
-0.00520187
-0.00506509
-0.00492805
-0.00479078
-0.00465331
-0.00451564
-0.00437781
-0.00423982
-0.00410168
-0.00396342
-0.00382505
-0.00368657
-0.003548
-0.00340935
-0.00327063
-0.00313184
-0.002993
-0.00285411
-0.00271516
-0.00257617
-0.00243715
-0.00229809
-0.00215902
-0.00201991
-0.00188077
-0.00174162
-0.00160247
-0.00146329
-0.00132407
-0.00118481
-0.00104555
-0.000906278
-0.00076699
-0.000627671
-0.000488307
-0.000348922
-0.000209594
-7.02234e-05
-0.0137158
-0.0132555
-0.0128373
-0.0124746
-0.0121604
-0.011887
-0.0116487
-0.0114405
-0.0112579
-0.011097
-0.0109544
-0.0108269
-0.0107119
-0.0106069
-0.0105101
-0.0104195
-0.0103335
-0.010251
-0.0101706
-0.0100915
-0.0100128
-0.00993386
-0.00985412
-0.00977311
-0.00969049
-0.00960596
-0.00951932
-0.00943042
-0.00933915
-0.00924545
-0.00914931
-0.00905072
-0.00894971
-0.00884634
-0.00874066
-0.00863276
-0.00852272
-0.00841063
-0.00829659
-0.0081807
-0.00806305
-0.00794375
-0.00782289
-0.00770057
-0.00757688
-0.00745192
-0.00732577
-0.00719851
-0.00707023
-0.00694099
-0.00681089
-0.00667997
-0.00654828
-0.00641591
-0.00628292
-0.00614934
-0.00601522
-0.00588062
-0.00574557
-0.00561011
-0.00547428
-0.00533811
-0.00520163
-0.00506487
-0.00492785
-0.0047906
-0.00465314
-0.00451549
-0.00437767
-0.0042397
-0.00410158
-0.00396332
-0.00382496
-0.00368649
-0.00354793
-0.00340929
-0.00327057
-0.0031318
-0.00299296
-0.00285407
-0.00271514
-0.00257615
-0.00243712
-0.00229807
-0.002159
-0.0020199
-0.00188076
-0.00174162
-0.00160245
-0.00146327
-0.00132405
-0.00118482
-0.00104557
-0.000906306
-0.000767023
-0.000627694
-0.000488322
-0.000348923
-0.000209579
-7.02237e-05
-0.0137162
-0.0132558
-0.0128376
-0.0124749
-0.0121607
-0.0118873
-0.011649
-0.0114407
-0.0112581
-0.0110972
-0.0109545
-0.010827
-0.010712
-0.0106071
-0.0105102
-0.0104196
-0.0103337
-0.0102511
-0.0101707
-0.0100916
-0.0100129
-0.00993397
-0.00985422
-0.0097732
-0.00969057
-0.00960604
-0.0095194
-0.00943049
-0.00933922
-0.00924552
-0.00914937
-0.00905077
-0.00894977
-0.00884639
-0.00874071
-0.00863281
-0.00852277
-0.00841068
-0.00829663
-0.00818073
-0.00806308
-0.00794378
-0.00782292
-0.00770059
-0.0075769
-0.00745194
-0.00732579
-0.00719854
-0.00707025
-0.00694101
-0.00681091
-0.00667999
-0.0065483
-0.00641593
-0.00628293
-0.00614935
-0.00601524
-0.00588063
-0.00574558
-0.00561012
-0.00547429
-0.00533812
-0.00520164
-0.00506488
-0.00492786
-0.00479061
-0.00465315
-0.0045155
-0.00437768
-0.0042397
-0.00410158
-0.00396333
-0.00382497
-0.0036865
-0.00354794
-0.0034093
-0.00327058
-0.0031318
-0.00299297
-0.00285408
-0.00271514
-0.00257616
-0.00243714
-0.00229808
-0.002159
-0.0020199
-0.00188077
-0.00174162
-0.00160245
-0.00146326
-0.00132406
-0.00118483
-0.00104558
-0.00090632
-0.00076704
-0.000627711
-0.00048833
-0.000348926
-0.000209587
-7.02273e-05
-0.0136965
-0.0132266
-0.0128112
-0.0124532
-0.0121427
-0.0118723
-0.0116365
-0.0114305
-0.0112498
-0.0110907
-0.0109495
-0.0108233
-0.0107094
-0.0106054
-0.0105094
-0.0104195
-0.0103341
-0.0102521
-0.0101721
-0.0100933
-0.0100149
-0.00993618
-0.00985659
-0.00977569
-0.00969314
-0.00960865
-0.00952202
-0.0094331
-0.00934179
-0.00924804
-0.00915183
-0.00905316
-0.00895207
-0.0088486
-0.00874283
-0.00863483
-0.00852468
-0.00841249
-0.00829835
-0.00818235
-0.00806461
-0.00794521
-0.00782425
-0.00770184
-0.00757807
-0.00745302
-0.00732679
-0.00719947
-0.00707112
-0.00694181
-0.00681164
-0.00668066
-0.00654893
-0.00641651
-0.00628346
-0.00614984
-0.00601569
-0.00588104
-0.00574596
-0.00561047
-0.0054746
-0.0053384
-0.0052019
-0.00506511
-0.00492807
-0.0047908
-0.00465333
-0.00451566
-0.00437783
-0.00423984
-0.0041017
-0.00396343
-0.00382506
-0.00368659
-0.00354802
-0.00340937
-0.00327064
-0.00313186
-0.00299302
-0.00285413
-0.00271518
-0.0025762
-0.00243717
-0.00229812
-0.00215903
-0.00201991
-0.00188078
-0.00174163
-0.00160246
-0.00146327
-0.00132407
-0.00118484
-0.00104558
-0.000906319
-0.000767041
-0.000627729
-0.000488359
-0.000348947
-0.000209588
-7.0212e-05
-0.0136504
-0.0131628
-0.0127531
-0.0124052
-0.0121027
-0.0118388
-0.0116086
-0.0114075
-0.0112311
-0.0110757
-0.0109378
-0.0108144
-0.010703
-0.0106012
-0.010507
-0.0104187
-0.0103347
-0.0102537
-0.0101747
-0.0100967
-0.0100189
-0.00994064
-0.00986142
-0.00978079
-0.00969842
-0.00961403
-0.00952745
-0.00943851
-0.00934715
-0.00925331
-0.00915697
-0.00905815
-0.00895689
-0.00885324
-0.00874727
-0.00863906
-0.00852872
-0.00841631
-0.00830196
-0.00818576
-0.00806781
-0.00794822
-0.00782707
-0.00770448
-0.00758053
-0.00745532
-0.00732893
-0.00720145
-0.00707295
-0.00694351
-0.0068132
-0.0066821
-0.00655025
-0.00641773
-0.00628459
-0.00615087
-0.00601663
-0.00588191
-0.00574675
-0.00561119
-0.00547526
-0.005339
-0.00520244
-0.00506561
-0.00492852
-0.00479121
-0.0046537
-0.004516
-0.00437814
-0.00424011
-0.00410195
-0.00396366
-0.00382526
-0.00368677
-0.00354818
-0.00340952
-0.00327078
-0.00313198
-0.00299313
-0.00285422
-0.00271527
-0.00257628
-0.00243724
-0.00229818
-0.00215908
-0.00201995
-0.00188082
-0.00174167
-0.0016025
-0.00146329
-0.00132408
-0.00118485
-0.0010456
-0.00090633
-0.000767049
-0.000627741
-0.000488375
-0.000348961
-0.000209591
-7.01967e-05
-0.0135718
-0.0130606
-0.0126595
-0.0123275
-0.0120379
-0.0117844
-0.0115633
-0.0113702
-0.0112008
-0.0110514
-0.0109188
-0.0108001
-0.0106927
-0.0105943
-0.0105031
-0.0104173
-0.0103355
-0.0102563
-0.0101788
-0.010102
-0.0100252
-0.00994777
-0.00986915
-0.00978895
-0.00970687
-0.00962267
-0.00953615
-0.0094472
-0.00935575
-0.00926175
-0.00916521
-0.00906615
-0.00896462
-0.00886067
-0.00875439
-0.00864586
-0.00853518
-0.00842244
-0.00830776
-0.00819123
-0.00807295
-0.00795304
-0.00783159
-0.0077087
-0.00758447
-0.00745898
-0.00733234
-0.00720461
-0.00707588
-0.00694622
-0.00681571
-0.0066844
-0.00655237
-0.00641968
-0.00628638
-0.00615252
-0.00601814
-0.00588329
-0.00574801
-0.00561234
-0.00547631
-0.00533996
-0.00520331
-0.0050664
-0.00492924
-0.00479187
-0.00465429
-0.00451654
-0.00437862
-0.00424055
-0.00410234
-0.00396402
-0.00382559
-0.00368706
-0.00354844
-0.00340975
-0.00327099
-0.00313217
-0.00299329
-0.00285437
-0.0027154
-0.0025764
-0.00243735
-0.00229827
-0.00215917
-0.00202004
-0.00188088
-0.00174172
-0.00160253
-0.00146333
-0.00132411
-0.00118487
-0.00104561
-0.000906331
-0.000767048
-0.000627744
-0.000488379
-0.000348963
-0.000209589
-7.01785e-05
-0.0134531
-0.0129162
-0.0125271
-0.012217
-0.0119458
-0.0117072
-0.0114989
-0.0113171
-0.0111577
-0.011017
-0.010892
-0.0107799
-0.0106782
-0.0105848
-0.0104978
-0.0104157
-0.0103369
-0.0102604
-0.010185
-0.0101099
-0.0100345
-0.00995817
-0.00988038
-0.00980079
-0.00971911
-0.00963514
-0.0095487
-0.00945972
-0.00936812
-0.0092739
-0.00917706
-0.00907764
-0.00897571
-0.00887133
-0.00876459
-0.00865559
-0.00854443
-0.00843121
-0.00831605
-0.00819904
-0.0080803
-0.00795993
-0.00783804
-0.00771473
-0.00759009
-0.00746421
-0.0073372
-0.00720911
-0.00708005
-0.00695008
-0.00681927
-0.00668769
-0.00655539
-0.00642246
-0.00628894
-0.00615487
-0.00602029
-0.00588526
-0.00574981
-0.00561398
-0.00547781
-0.00534132
-0.00520455
-0.00506752
-0.00493026
-0.00479279
-0.00465514
-0.0045173
-0.0043793
-0.00424117
-0.0041029
-0.00396452
-0.00382604
-0.00368747
-0.00354881
-0.00341008
-0.00327129
-0.00313244
-0.00299353
-0.00285458
-0.00271559
-0.00257656
-0.0024375
-0.0022984
-0.00215928
-0.00202014
-0.00188098
-0.0017418
-0.0016026
-0.00146339
-0.00132415
-0.0011849
-0.00104562
-0.00090633
-0.000767048
-0.000627745
-0.000488377
-0.00034896
-0.000209581
-7.01572e-05
-0.0132863
-0.0127261
-0.012353
-0.0120712
-0.0118241
-0.0116052
-0.0114141
-0.0112474
-0.0111012
-0.0109721
-0.0108572
-0.0107539
-0.0106598
-0.010573
-0.0104917
-0.0104143
-0.0103396
-0.0102665
-0.0101939
-0.0101211
-0.0100475
-0.0099726
-0.00989588
-0.00981705
-0.00973587
-0.00965216
-0.00956581
-0.00947673
-0.00938491
-0.00929035
-0.00919309
-0.00909317
-0.00899068
-0.00888571
-0.00877834
-0.0086687
-0.00855688
-0.008443
-0.00832718
-0.00820953
-0.00809015
-0.00796917
-0.00784669
-0.0077228
-0.00759761
-0.00747121
-0.00734369
-0.00721513
-0.00708562
-0.00695523
-0.00682402
-0.00669207
-0.00655944
-0.00642618
-0.00629234
-0.00615798
-0.00602314
-0.00588786
-0.00575219
-0.00561616
-0.00547979
-0.00534312
-0.00520619
-0.00506901
-0.00493162
-0.00479402
-0.00465624
-0.0045183
-0.00438021
-0.00424199
-0.00410364
-0.00396519
-0.00382665
-0.00368801
-0.0035493
-0.00341052
-0.00327168
-0.00313279
-0.00299385
-0.00285486
-0.00271583
-0.00257678
-0.00243769
-0.00229857
-0.00215943
-0.00202027
-0.00188109
-0.0017419
-0.00160268
-0.00146345
-0.0013242
-0.00118493
-0.00104564
-0.00090634
-0.000767059
-0.000627748
-0.000488357
-0.000348938
-0.000209576
-7.01414e-05
-0.0130627
-0.012487
-0.0121354
-0.011888
-0.0116711
-0.0114774
-0.011308
-0.0111605
-0.0110311
-0.0109168
-0.0108147
-0.0107225
-0.0106381
-0.0105597
-0.0104855
-0.0104142
-0.0103446
-0.0102756
-0.0102066
-0.0101366
-0.0100653
-0.00999208
-0.00991664
-0.0098387
-0.00975807
-0.00967464
-0.00958831
-0.00949905
-0.00940689
-0.00931184
-0.00921398
-0.00911338
-0.00901014
-0.00890436
-0.00879615
-0.00868565
-0.00857296
-0.00845822
-0.00834153
-0.00822303
-0.00810284
-0.00798105
-0.00785779
-0.00773316
-0.00760725
-0.00748018
-0.00735201
-0.00722284
-0.00709275
-0.00696181
-0.0068301
-0.00669767
-0.00656458
-0.0064309
-0.00629668
-0.00616195
-0.00602677
-0.00589119
-0.00575523
-0.00561892
-0.0054823
-0.00534541
-0.00520827
-0.00507091
-0.00493333
-0.00479558
-0.00465765
-0.00451958
-0.00438136
-0.00424302
-0.00410458
-0.00396604
-0.00382741
-0.0036887
-0.00354992
-0.00341107
-0.00327218
-0.00313323
-0.00299424
-0.00285521
-0.00271614
-0.00257705
-0.00243793
-0.00229879
-0.00215962
-0.00202043
-0.00188123
-0.00174201
-0.00160278
-0.00146353
-0.00132427
-0.00118498
-0.00104567
-0.000906363
-0.000767075
-0.000627759
-0.000488365
-0.000348933
-0.000209545
-7.01015e-05
-0.0127739
-0.0121962
-0.0118731
-0.0116665
-0.0114862
-0.0113231
-0.0111805
-0.0110566
-0.0109479
-0.0108517
-0.0107654
-0.010687
-0.0106144
-0.0105461
-0.0104806
-0.0104167
-0.0103532
-0.0102894
-0.0102245
-0.0101579
-0.0100892
-0.0100179
-0.00994392
-0.00986694
-0.00978687
-0.00970364
-0.00961723
-0.00952765
-0.00943495
-0.00933921
-0.00924052
-0.00913899
-0.00903474
-0.00892791
-0.00881861
-0.00870699
-0.00859318
-0.00847731
-0.00835953
-0.00823994
-0.00811869
-0.00799589
-0.00787164
-0.00774607
-0.00761927
-0.00749133
-0.00736235
-0.00723241
-0.0071016
-0.00696998
-0.00683762
-0.00670459
-0.00657094
-0.00643674
-0.00630203
-0.00616685
-0.00603125
-0.00589528
-0.00575896
-0.00562232
-0.0054854
-0.00534823
-0.00521083
-0.00507323
-0.00493544
-0.00479748
-0.00465938
-0.00452114
-0.00438277
-0.0042443
-0.00410572
-0.00396707
-0.00382833
-0.00368953
-0.00355067
-0.00341175
-0.00327277
-0.00313376
-0.00299471
-0.00285563
-0.00271652
-0.00257738
-0.00243822
-0.00229904
-0.00215985
-0.00202063
-0.0018814
-0.00174215
-0.00160289
-0.00146362
-0.00132434
-0.00118504
-0.00104571
-0.000906391
-0.000767096
-0.000627762
-0.00048834
-0.000348904
-0.000209527
-7.00746e-05
-0.0124122
-0.0118518
-0.0115665
-0.0114072
-0.0112697
-0.0111434
-0.0110328
-0.0109371
-0.0108532
-0.0107787
-0.0107113
-0.0106492
-0.0105907
-0.0105345
-0.0104792
-0.0104239
-0.0103676
-0.0103097
-0.0102496
-0.0101867
-0.0101209
-0.0100519
-0.00997935
-0.00990331
-0.0098237
-0.00974053
-0.00965383
-0.00956368
-0.00947018
-0.00937346
-0.00927363
-0.00917086
-0.00906529
-0.00895707
-0.00884635
-0.0087333
-0.00861806
-0.00850078
-0.0083816
-0.00826066
-0.00813809
-0.00801401
-0.00788855
-0.0077618
-0.00763388
-0.00750489
-0.0073749
-0.00724402
-0.00711231
-0.00697985
-0.00684671
-0.00671294
-0.00657862
-0.00644377
-0.00630847
-0.00617274
-0.00603664
-0.00590019
-0.00576343
-0.0056264
-0.00548911
-0.00535161
-0.0052139
-0.00507601
-0.00493795
-0.00479976
-0.00466143
-0.00452299
-0.00438444
-0.0042458
-0.00410709
-0.00396829
-0.00382944
-0.00369052
-0.00355155
-0.00341254
-0.00327348
-0.00313439
-0.00299528
-0.00285613
-0.00271696
-0.00257777
-0.00243856
-0.00229934
-0.00216011
-0.00202085
-0.00188159
-0.00174231
-0.00160303
-0.00146373
-0.00132443
-0.00118511
-0.00104576
-0.000906425
-0.000767117
-0.000627771
-0.000488335
-0.000348887
-0.000209499
-7.00365e-05
-0.0119715
-0.0114535
-0.0112176
-0.0111123
-0.0110242
-0.0109407
-0.0108676
-0.010805
-0.0107502
-0.010701
-0.0106556
-0.0106125
-0.0105704
-0.010528
-0.0104844
-0.0104389
-0.0103907
-0.0103394
-0.0102845
-0.0102257
-0.010163
-0.0100961
-0.010025
-0.00994973
-0.00987035
-0.00978694
-0.00969962
-0.00960854
-0.00951386
-0.00941575
-0.00931439
-0.00920996
-0.00910265
-0.00899264
-0.00888011
-0.00876524
-0.0086482
-0.00852914
-0.00840823
-0.0082856
-0.0081614
-0.00803576
-0.00790879
-0.00778061
-0.00765133
-0.00752105
-0.00738985
-0.00725782
-0.00712503
-0.00699156
-0.00685748
-0.00672283
-0.00658768
-0.00645208
-0.00631606
-0.00617968
-0.00604297
-0.00590596
-0.00576869
-0.00563118
-0.00549346
-0.00535555
-0.00521747
-0.00507925
-0.00494088
-0.0048024
-0.00466382
-0.00452515
-0.00438639
-0.00424756
-0.00410866
-0.00396971
-0.00383071
-0.00369166
-0.00355258
-0.00341345
-0.0032743
-0.00313512
-0.00299592
-0.0028567
-0.00271747
-0.00257821
-0.00243895
-0.00229968
-0.0021604
-0.00202111
-0.00188181
-0.0017425
-0.00160318
-0.00146386
-0.00132452
-0.00118518
-0.00104582
-0.000906467
-0.000767146
-0.000627785
-0.000488336
-0.000348873
-0.000209463
-6.999e-05
-0.0114477
-0.0110027
-0.0108306
-0.0107865
-0.0107542
-0.0107199
-0.0106901
-0.0106655
-0.010644
-0.0106237
-0.0106034
-0.0105819
-0.0105581
-0.0105312
-0.0105007
-0.0104659
-0.0104265
-0.0103821
-0.0103327
-0.0102781
-0.0102183
-0.0101534
-0.0100834
-0.0100086
-0.00992901
-0.00984489
-0.00975645
-0.00966391
-0.0095675
-0.00946746
-0.00936401
-0.00925739
-0.00914782
-0.00903551
-0.00892068
-0.00880352
-0.00868422
-0.00856296
-0.0084399
-0.0083152
-0.008189
-0.00806145
-0.00793266
-0.00780275
-0.00767184
-0.00754
-0.00740735
-0.00727395
-0.00713988
-0.00700521
-0.00687
-0.00673431
-0.00659819
-0.00646169
-0.00632484
-0.00618769
-0.00605027
-0.0059126
-0.00577473
-0.00563667
-0.00549844
-0.00536006
-0.00522156
-0.00508294
-0.00494423
-0.00480542
-0.00466654
-0.0045276
-0.0043886
-0.00424954
-0.00411044
-0.00397131
-0.00383215
-0.00369295
-0.00355373
-0.00341448
-0.00327521
-0.00313594
-0.00299665
-0.00285734
-0.00271803
-0.00257871
-0.00243939
-0.00230006
-0.00216072
-0.00202139
-0.00188206
-0.00174272
-0.00160336
-0.00146399
-0.00132463
-0.00118527
-0.00104589
-0.000906515
-0.000767172
-0.000627797
-0.000488336
-0.000348859
-0.000209428
-6.99431e-05
-0.0108399
-0.0105033
-0.0104132
-0.0104381
-0.0104681
-0.0104893
-0.0105084
-0.0105265
-0.0105423
-0.0105544
-0.0105619
-0.0105641
-0.0105604
-0.0105504
-0.0105337
-0.0105103
-0.0104799
-0.0104426
-0.0103986
-0.0103478
-0.0102906
-0.0102272
-0.0101578
-0.0100827
-0.0100022
-0.00991662
-0.00982632
-0.00973158
-0.00963271
-0.00953002
-0.00942378
-0.00931428
-0.00920179
-0.00908655
-0.00896881
-0.00884879
-0.00872669
-0.00860271
-0.00847703
-0.00834981
-0.0082212
-0.00809135
-0.00796037
-0.0078284
-0.00769553
-0.00756187
-0.00742749
-0.00729247
-0.0071569
-0.00702083
-0.00688431
-0.00674741
-0.00661016
-0.00647261
-0.0063348
-0.00619676
-0.00605852
-0.0059201
-0.00578153
-0.00564283
-0.00550403
-0.00536512
-0.00522613
-0.00508707
-0.00494795
-0.00480878
-0.00466957
-0.00453032
-0.00439104
-0.00425174
-0.00411242
-0.00397308
-0.00383372
-0.00369436
-0.00355499
-0.0034156
-0.00327622
-0.00313682
-0.00299743
-0.00285804
-0.00271865
-0.00257926
-0.00243987
-0.00230048
-0.00216108
-0.00202169
-0.00188233
-0.00174294
-0.00160354
-0.00146414
-0.00132476
-0.00118537
-0.00104596
-0.000906573
-0.000767214
-0.000627826
-0.000488354
-0.000348854
-0.000209381
-6.98865e-05
-0.0101532
-0.00996656
-0.0099805
-0.0100823
-0.0101799
-0.0102621
-0.0103349
-0.0103999
-0.0104562
-0.0105033
-0.0105406
-0.0105681
-0.0105855
-0.0105929
-0.0105905
-0.0105783
-0.0105568
-0.0105262
-0.0104868
-0.0104392
-0.0103837
-0.0103208
-0.0102509
-0.0101746
-0.0100922
-0.0100042
-0.00991105
-0.00981313
-0.00971085
-0.00960458
-0.00949467
-0.00938146
-0.00926525
-0.00914633
-0.00902498
-0.00890142
-0.0087759
-0.00864863
-0.00851978
-0.00838953
-0.00825805
-0.00812547
-0.00799192
-0.00785751
-0.00772236
-0.00758656
-0.00745018
-0.0073133
-0.00717599
-0.00703831
-0.00690031
-0.00676201
-0.00662348
-0.00648474
-0.00634583
-0.00620678
-0.00606761
-0.00592834
-0.005789
-0.00564959
-0.00551013
-0.00537064
-0.00523111
-0.00509156
-0.00495199
-0.00481242
-0.00467284
-0.00453325
-0.00439367
-0.0042541
-0.00411453
-0.00397497
-0.00383541
-0.00369586
-0.00355633
-0.0034168
-0.00327728
-0.00313777
-0.00299826
-0.00285877
-0.00271929
-0.00257982
-0.00244036
-0.00230091
-0.00216147
-0.00202203
-0.00188259
-0.00174316
-0.00160373
-0.00146431
-0.00132489
-0.00118546
-0.00104604
-0.000906626
-0.000767248
-0.000627839
-0.00048835
-0.000348834
-0.000209341
-6.98393e-05
-0.00938198
-0.00940338
-0.00954756
-0.00973574
-0.00990811
-0.0100581
-0.0101903
-0.0103065
-0.0104068
-0.0104912
-0.0105599
-0.0106135
-0.0106523
-0.0106769
-0.010688
-0.0106861
-0.0106721
-0.0106466
-0.0106103
-0.010564
-0.0105085
-0.0104442
-0.0103721
-0.0102927
-0.0102066
-0.0101144
-0.0100167
-0.00991405
-0.00980684
-0.00969556
-0.00958063
-0.00946242
-0.0093413
-0.00921759
-0.00909158
-0.00896354
-0.00883372
-0.00870232
-0.00856956
-0.0084356
-0.0083006
-0.00816471
-0.00802805
-0.00789074
-0.00775286
-0.00761451
-0.00747576
-0.00733668
-0.0071973
-0.00705767
-0.00691778
-0.00677797
-0.00663805
-0.006498
-0.00635787
-0.0062177
-0.0060775
-0.0059373
-0.00579709
-0.0056569
-0.00551672
-0.00537657
-0.00523645
-0.00509636
-0.0049563
-0.00481629
-0.0046763
-0.00453636
-0.00439645
-0.00425658
-0.00411675
-0.00397694
-0.00383717
-0.00369743
-0.00355772
-0.00341803
-0.00327837
-0.00313873
-0.00299911
-0.00285951
-0.00271994
-0.0025804
-0.00244087
-0.00230135
-0.00216184
-0.00202235
-0.00188287
-0.0017434
-0.00160392
-0.00146447
-0.00132502
-0.00118557
-0.00104611
-0.000906675
-0.000767274
-0.000627841
-0.00048833
-0.000348803
-0.000209302
-6.97995e-05
-0.00853797
-0.00882304
-0.00910617
-0.00939088
-0.00965235
-0.00988446
-0.010089
-0.0102676
-0.010421
-0.01055
-0.0106557
-0.0107392
-0.0108017
-0.0108447
-0.0108693
-0.0108769
-0.0108688
-0.0108463
-0.0108105
-0.0107625
-0.0107036
-0.0106347
-0.0105568
-0.0104707
-0.0103774
-0.0102775
-0.0101719
-0.0100611
-0.00994569
-0.00982629
-0.00970337
-0.00957736
-0.00944867
-0.00931766
-0.00918464
-0.00904991
-0.00891372
-0.00877629
-0.00863783
-0.00849851
-0.00835849
-0.00821789
-0.00807685
-0.00793544
-0.00779378
-0.00765192
-0.00750993
-0.00736787
-0.00722578
-0.00708374
-0.00694175
-0.00679961
-0.00665752
-0.00651554
-0.00637369
-0.00623196
-0.00609035
-0.00594885
-0.00580749
-0.00566624
-0.00552511
-0.00538409
-0.00524319
-0.0051024
-0.00496171
-0.00482111
-0.00468062
-0.00454021
-0.00439988
-0.00425963
-0.00411946
-0.00397935
-0.00383931
-0.00369932
-0.0035594
-0.00341952
-0.00327968
-0.00313988
-0.00300012
-0.0028604
-0.00272072
-0.00258107
-0.00244145
-0.00230186
-0.00216229
-0.00202272
-0.00188318
-0.00174365
-0.00160415
-0.00146466
-0.00132515
-0.00118565
-0.00104619
-0.000906756
-0.000767314
-0.00062783
-0.000488295
-0.00034876
-0.000209254
-6.97592e-05
)
;

boundaryField
{
    inlet
    {
        type            calculated;
        value           nonuniform List<scalar> 
30
(
-0.0029926
-0.00115744
0.000908169
0.00303024
0.00511647
0.0070875
0.00889434
0.0105074
0.0119082
0.0130867
0.0140405
0.014774
0.0152981
0.0156287
0.0157808
0.0157811
0.0156296
0.0152996
0.014776
0.014043
0.0130898
0.0119117
0.0105114
0.00889875
0.00709227
0.00512154
0.00303555
0.000913666
-0.00115182
-0.00298691
)
;
    }
    outlet
    {
        type            calculated;
        value           uniform 0;
    }
    top
    {
        type            calculated;
        value           nonuniform List<scalar> 
135
(
-0.00298691
-0.00301845
-0.00307771
-0.0032673
-0.00419038
-0.00966075
-0.00918203
-0.00793033
-0.00702398
-0.00637976
-0.00586997
-0.00546604
-0.0051495
-0.00489411
-0.00469669
-0.00455472
-0.00442295
-0.00431728
-0.00423875
-0.0041898
-0.00417636
-0.00420508
-0.00427981
-0.00440431
-0.00458241
-0.00481391
-0.00503209
-0.00528217
-0.00555109
-0.00582403
-0.00609236
-0.00634889
-0.00657403
-0.00675737
-0.00707228
-0.00853797
-0.00882304
-0.00910617
-0.00939088
-0.00965235
-0.00988446
-0.010089
-0.0102676
-0.010421
-0.01055
-0.0106557
-0.0107392
-0.0108017
-0.0108447
-0.0108693
-0.0108769
-0.0108688
-0.0108463
-0.0108105
-0.0107625
-0.0107036
-0.0106347
-0.0105568
-0.0104707
-0.0103774
-0.0102775
-0.0101719
-0.0100611
-0.00994569
-0.00982629
-0.00970337
-0.00957736
-0.00944867
-0.00931766
-0.00918464
-0.00904991
-0.00891372
-0.00877629
-0.00863783
-0.00849851
-0.00835849
-0.00821789
-0.00807685
-0.00793544
-0.00779378
-0.00765192
-0.00750993
-0.00736787
-0.00722578
-0.00708374
-0.00694175
-0.00679961
-0.00665752
-0.00651554
-0.00637369
-0.00623196
-0.00609035
-0.00594885
-0.00580749
-0.00566624
-0.00552511
-0.00538409
-0.00524319
-0.0051024
-0.00496171
-0.00482111
-0.00468062
-0.00454021
-0.00439988
-0.00425963
-0.00411946
-0.00397935
-0.00383931
-0.00369932
-0.0035594
-0.00341952
-0.00327968
-0.00313988
-0.00300012
-0.0028604
-0.00272072
-0.00258107
-0.00244145
-0.00230186
-0.00216229
-0.00202272
-0.00188318
-0.00174365
-0.00160415
-0.00146466
-0.00132515
-0.00118565
-0.00104619
-0.000906756
-0.000767314
-0.00062783
-0.000488295
-0.00034876
-0.000209254
-6.97592e-05
)
;
    }
    bottom
    {
        type            calculated;
        value           nonuniform List<scalar> 
135
(
-0.0029926
-0.00302415
-0.00308344
-0.00327301
-0.00419604
-0.00966708
-0.00918848
-0.00793675
-0.00703028
-0.00638594
-0.00587607
-0.00547188
-0.00515472
-0.00489864
-0.00470051
-0.00455781
-0.00442527
-0.00431876
-0.00423935
-0.00418947
-0.00417511
-0.00420294
-0.00427685
-0.0044006
-0.00457807
-0.00480908
-0.00502677
-0.00527648
-0.00554518
-0.00581819
-0.00608672
-0.00634339
-0.00656864
-0.00675189
-0.00706627
-0.00853289
-0.00881815
-0.00910151
-0.00938647
-0.00964818
-0.00988051
-0.0100853
-0.010264
-0.0104176
-0.0105468
-0.0106526
-0.0107363
-0.010799
-0.0108421
-0.0108668
-0.0108746
-0.0108666
-0.0108442
-0.0108085
-0.0107606
-0.0107018
-0.010633
-0.0105552
-0.0104692
-0.0103759
-0.0102762
-0.0101706
-0.0100598
-0.00994452
-0.00982519
-0.00970233
-0.00957638
-0.00944774
-0.00931678
-0.00918381
-0.00904913
-0.00891298
-0.0087756
-0.00863718
-0.0084979
-0.00835791
-0.00821735
-0.00807634
-0.00793497
-0.00779333
-0.0076515
-0.00750954
-0.0073675
-0.00722544
-0.00708343
-0.00694148
-0.00679933
-0.00665724
-0.00651528
-0.00637344
-0.00623172
-0.00609012
-0.00594864
-0.00580728
-0.00566604
-0.00552492
-0.00538391
-0.00524301
-0.00510222
-0.00496154
-0.00482095
-0.00468045
-0.00454005
-0.00439972
-0.00425947
-0.0041193
-0.0039792
-0.00383915
-0.00369917
-0.00355924
-0.00341936
-0.00327953
-0.00313974
-0.00299999
-0.00286027
-0.00272058
-0.00258093
-0.0024413
-0.0023017
-0.00216212
-0.00202256
-0.00188302
-0.00174349
-0.00160397
-0.00146447
-0.00132503
-0.0011856
-0.00104616
-0.000906716
-0.000767271
-0.000627807
-0.000488286
-0.000348754
-0.000209252
-6.97602e-05
)
;
    }
    obstacle
    {
        type            calculated;
        value           nonuniform List<scalar> 
120
(
0.0521666
0.0501597
0.0458488
0.0405542
0.0349746
0.0292082
0.0232466
0.0171255
0.0109053
0.00464941
-0.00158173
-0.00773124
-0.013747
-0.0195832
-0.0252003
-0.0305659
-0.0356535
-0.0404417
-0.0449158
-0.0490647
-0.0528764
-0.0563461
-0.0594808
-0.0622822
-0.064757
-0.0669288
-0.0688457
-0.0704881
-0.0714744
-0.07108
-0.0734356
-0.0740053
-0.0754147
-0.0770283
-0.0785044
-0.0797947
-0.0809106
-0.0818512
-0.0826234
-0.0832508
-0.083743
-0.084109
-0.0843578
-0.0845096
-0.0845857
-0.0845862
-0.0845111
-0.0843603
-0.0841127
-0.0837478
-0.0832565
-0.0826299
-0.0818586
-0.0809185
-0.079803
-0.0785128
-0.0770366
-0.0754227
-0.074013
-0.0734429
0.0521692
0.0501626
0.0458513
0.0405565
0.0349768
0.0292105
0.0232489
0.0171276
0.010907
0.00465051
-0.00158128
-0.00773149
-0.013748
-0.0195848
-0.0252026
-0.0305688
-0.035657
-0.0404457
-0.0449202
-0.0490694
-0.0528815
-0.0563513
-0.0594861
-0.0622876
-0.0647625
-0.0669343
-0.0688513
-0.070494
-0.0714807
-0.0710866
0.0588333
0.0633439
0.0691712
0.0752199
0.0808757
0.0859983
0.0905594
0.0945321
0.0979006
0.100678
0.102894
0.104582
0.10578
0.106542
0.106912
0.106912
0.106543
0.105781
0.104583
0.102896
0.10068
0.0979026
0.0945343
0.0905617
0.0860004
0.0808775
0.0752214
0.0691727
0.0633455
0.0588353
)
;
    }
    frontAndBack
    {
        type            empty;
    }
}


// ************************************************************************* //
