/*--------------------------------*- C++ -*----------------------------------*\
  =========                 |
  \\      /  F ield         | OpenFOAM: The Open Source CFD Toolbox
   \\    /   O peration     | Website:  https://openfoam.org
    \\  /    A nd           | Version:  12
     \\/     M anipulation  |
\*---------------------------------------------------------------------------*/
FoamFile
{
    format      ascii;
    class       volScalarField;
    location    "140";
    object      pPrime2Mean;
}
// * * * * * * * * * * * * * * * * * * * * * * * * * * * * * * * * * * * * * //

dimensions      [0 4 -4 0 0 0 0];

internalField   nonuniform List<scalar> 
6750
(
0.00905039
0.00903647
0.00901839
0.00900238
0.00898804
0.00906198
0.00904333
0.00901397
0.00897905
0.00894276
0.00911295
0.00908979
0.00905157
0.00900247
0.0089498
0.00920179
0.00917707
0.00913588
0.00908208
0.00902445
0.00932369
0.00930109
0.00926328
0.00921331
0.00915982
0.00947044
0.00945317
0.00942399
0.00938455
0.00934215
0.0096316
0.00962209
0.00960545
0.0095815
0.00955546
0.00979615
0.00979597
0.00979442
0.00978921
0.0097832
0.00995384
0.00996366
0.00997831
0.00999337
0.0100093
0.010096
0.0101157
0.0101463
0.0101815
0.0102194
0.0102162
0.0102448
0.0102901
0.0103438
0.0104021
0.0103102
0.0103464
0.0104039
0.0104732
0.0105489
0.0103761
0.010418
0.0104848
0.010566
0.0106551
0.0104139
0.0104595
0.0105322
0.0106212
0.0107191
0.0104251
0.0104723
0.0105477
0.0106402
0.0107422
0.0104122
0.0104592
0.0105342
0.0106263
0.0107278
0.0103752
0.01042
0.0104916
0.0105793
0.0106758
0.0103118
0.0103524
0.0104173
0.0104964
0.0105831
0.0102209
0.0102554
0.0103103
0.0103767
0.0104492
0.0101028
0.0101295
0.0101716
0.0102217
0.0102761
0.00995999
0.00997741
0.0100046
0.0100357
0.0100692
0.00979686
0.00980429
0.00981528
0.00982606
0.00983721
0.00962022
0.00961762
0.00961235
0.00960281
0.00959199
0.00943896
0.00942707
0.00940679
0.00937861
0.00934787
0.00926349
0.00924393
0.00921125
0.00916778
0.0091209
0.00910494
0.00908017
0.00903905
0.00898528
0.00892763
0.0089738
0.00894705
0.00890277
0.0088454
0.00878397
0.00887834
0.00885327
0.00881215
0.0087597
0.00870354
0.00882336
0.00880298
0.00877097
0.00873291
0.0086934
0.00881017
0.00879484
0.0087746
0.00875614
0.00873964
0.00894568
0.00887252
0.00873267
0.0085375
0.00829044
0.00799383
0.0076487
0.00725618
0.00682001
0.00634585
0.00584001
0.00531445
0.00478078
0.00425215
0.00374169
0.00326108
0.00281962
0.00242359
0.00207583
0.00177586
0.00152081
0.00130927
0.00113412
0.000990362
0.000873364
0.000778742
0.000702879
0.000642542
0.000595359
0.000566017
0.00894869
0.00882841
0.00865286
0.00842854
0.00815712
0.00784019
0.00747993
0.00707972
0.00664453
0.00617995
0.0056918
0.00519163
0.00468862
0.00419343
0.00371633
0.00326638
0.0028508
0.00247453
0.00214021
0.00184848
0.00159833
0.00138441
0.00120563
0.0010571
0.000934679
0.00083478
0.000754062
0.0006892
0.000636756
0.00059705
0.00891518
0.00876005
0.00855676
0.00831113
0.00802294
0.00769381
0.0073262
0.00692403
0.00649291
0.00603789
0.00556605
0.0050876
0.00461023
0.00414274
0.00369329
0.00326889
0.0028751
0.00251588
0.00219345
0.00190843
0.00166005
0.00144666
0.0012654
0.00111302
0.000986137
0.000881476
0.000795934
0.000726298
0.000669806
0.000626523
0.00886388
0.00868605
0.0084626
0.00820168
0.00790347
0.00756858
0.00719921
0.00679943
0.00637478
0.00592953
0.00547216
0.00501096
0.00455293
0.0041057
0.00367616
0.00327017
0.00289238
0.00254611
0.00223335
0.00195474
0.00170983
0.00149748
0.00131542
0.00116096
0.00103119
0.000923024
0.000833265
0.000758881
0.000697797
0.0006539
0.00880692
0.00861286
0.00837404
0.00810144
0.0077968
0.00745963
0.00709182
0.00669703
0.00628016
0.00584506
0.00540059
0.00495346
0.00451036
0.0040782
0.00366321
0.0032707
0.00290488
0.0025688
0.00226424
0.00199184
0.00175122
0.0015412
0.00135988
0.00120488
0.00107349
0.000962767
0.000869529
0.000790575
0.000725508
0.000681241
0.00875318
0.00854656
0.00829628
0.00801482
0.0077055
0.00736809
0.00700346
0.00661479
0.00620589
0.00578056
0.00534709
0.00491121
0.00447937
0.00405814
0.00365349
0.00327059
0.00291356
0.00258536
0.00228767
0.00202103
0.00178495
0.00157811
0.00139864
0.00124416
0.00111207
0.000999563
0.000903443
0.000820731
0.000752352
0.00070813
0.00870839
0.00849184
0.00823257
0.00794466
0.00763202
0.00729519
0.00693441
0.00655195
0.00615034
0.00573378
0.00530924
0.00488194
0.00445817
0.00404437
0.00364658
0.00327008
0.00291914
0.00259677
0.00230462
0.00204308
0.00181145
0.00160818
0.00143115
0.0012779
0.00114578
0.00103213
0.000933847
0.000848198
0.000777162
0.000733347
0.00867723
0.00845263
0.00818607
0.00789299
0.00757842
0.00724226
0.00688524
0.00650831
0.00611284
0.00570351
0.00528565
0.00486428
0.00444563
0.00403618
0.00364221
0.00326934
0.00292211
0.00260368
0.00231573
0.00205849
0.00183097
0.00163131
0.00145705
0.0013055
0.00117397
0.00105964
0.000959851
0.000872131
0.000799031
0.000755741
0.00866398
0.00843252
0.00815949
0.00786181
0.00754576
0.00721034
0.00685642
0.00648386
0.0060932
0.00568909
0.00527548
0.00485738
0.00444102
0.00403307
0.0036402
0.00326845
0.00292276
0.00260651
0.00232141
0.00206755
0.00184364
0.00164742
0.00147606
0.00132656
0.00119614
0.00108184
0.000981231
0.000891941
0.000817218
0.000774352
0.00867284
0.00843509
0.00815565
0.0078533
0.00753553
0.00720078
0.00684881
0.00647897
0.00609151
0.00569025
0.00527835
0.00486081
0.00444394
0.00403476
0.0036404
0.00326745
0.00292125
0.00260548
0.00232188
0.0020704
0.00184946
0.00165639
0.00148793
0.00134079
0.00121184
0.00109826
0.000997421
0.000906992
0.000830974
0.000788317
0.0087081
0.00846403
0.00817759
0.00786971
0.00754931
0.00721449
0.00686331
0.00649436
0.00610813
0.00570717
0.00529429
0.00487448
0.00445426
0.00404111
0.00364274
0.00326632
0.00291766
0.00260067
0.00231721
0.00206707
0.00184837
0.00165805
0.00149245
0.00134786
0.00122086
0.00110852
0.00100787
0.000916665
0.000839618
0.000796896
0.00877454
0.0085234
0.00822875
0.00791386
0.0075895
0.00725323
0.00690112
0.00653113
0.0061438
0.00574038
0.00532362
0.00489857
0.00447208
0.00405217
0.00364724
0.00326508
0.00291196
0.00259208
0.00230736
0.00205747
0.00184026
0.00165227
0.00148942
0.00134757
0.00122284
0.00111218
0.00101201
0.000920338
0.000842551
0.000799505
0.00887767
0.00861805
0.00831345
0.00798956
0.00765958
0.00731938
0.00696409
0.00659091
0.00619969
0.00579081
0.00536702
0.00493354
0.00449765
0.00406807
0.00365395
0.0032637
0.00290409
0.00257959
0.00229221
0.00204149
0.00182499
0.00163889
0.00147864
0.0013396
0.00121738
0.00110848
0.00100922
0.000917462
0.0008393
0.000795736
0.00902418
0.00875382
0.00843695
0.00810132
0.00776297
0.00741621
0.00705505
0.0066759
0.00627756
0.00585982
0.00542549
0.00498007
0.00453143
0.00408908
0.00366296
0.00326218
0.00289395
0.00256305
0.00227156
0.00201894
0.00180241
0.00161775
0.00145991
0.00132364
0.0012041
0.00109716
0.000999099
0.000907682
0.00082962
0.000785439
0.00922212
0.00893812
0.00860596
0.00825512
0.0079051
0.00754835
0.00717777
0.0067892
0.00637985
0.0059493
0.00550039
0.00503909
0.004574
0.00411553
0.00367444
0.0032605
0.00288141
0.00254224
0.00224519
0.00198958
0.00177231
0.00158865
0.00143298
0.00129945
0.00118263
0.00107787
0.000981398
0.000890888
0.000813565
0.000768853
0.00948172
0.00918053
0.00882947
0.00845921
0.00809335
0.00772215
0.00733783
0.00693517
0.00650994
0.00606169
0.00559345
0.00511174
0.0046261
0.00414784
0.00368855
0.00325864
0.00286633
0.00251699
0.00221287
0.00195314
0.00173438
0.00155123
0.00139745
0.00126664
0.00115265
0.00105041
0.000956116
0.000867302
0.000791622
0.00074681
0.00981634
0.00949379
0.00911967
0.00872471
0.00833761
0.00794633
0.00754275
0.00711956
0.00667219
0.00620014
0.0057068
0.00519946
0.00468861
0.00418649
0.00370544
0.00325655
0.00284855
0.00248709
0.00217439
0.0019094
0.00168827
0.00150508
0.00135291
0.00122474
0.00111395
0.00101486
0.000923639
0.000837706
0.000765017
0.000721059
0.0102441
0.00989515
0.0094929
0.0090662
0.0086508
0.00823231
0.00780144
0.00734958
0.00687207
0.00636858
0.00584314
0.00530399
0.00476257
0.00423194
0.00372521
0.00325413
0.00282788
0.00245229
0.00212949
0.00185807
0.00163368
0.00144989
0.00129913
0.00117373
0.00106662
0.000971755
0.000885038
0.000803828
0.000736213
0.000694861
0.0107896
0.0104078
0.00997064
0.00950285
0.00904985
0.0085943
0.00812533
0.00763419
0.00711632
0.00657186
0.00600578
0.00542738
0.00484902
0.0042846
0.00374793
0.00325129
0.00280416
0.0024124
0.00207788
0.00179882
0.00157039
0.00138559
0.00123628
0.00111413
0.00101165
0.000922598
0.00084271
0.000769153
0.000709785
0.000673913
0.0114874
0.0110632
0.0105817
0.0100599
0.0095564
0.00904974
0.00852877
0.00798448
0.00741314
0.00681577
0.00619853
0.00557184
0.00494906
0.00434487
0.00377364
0.00324794
0.00277726
0.00236722
0.00201938
0.00173153
0.00149842
0.00131256
0.00116526
0.00104763
0.000951715
0.000871062
0.000801587
0.000740369
0.000694099
0.000668175
0.0123854
0.0119054
0.0113659
0.010772
0.0101988
0.00962194
0.0090299
0.00841434
0.00777259
0.00710712
0.0064256
0.00573975
0.00506387
0.00441321
0.00380242
0.00324397
0.002747
0.00231665
0.00195398
0.0016564
0.00141831
0.0012319
0.00108805
0.000977411
0.000891584
0.000824033
0.000770788
0.000729631
0.000704116
0.000695303
0.013551
0.0129945
0.0123781
0.0116855
0.0110157
0.0103419
0.0096527
0.0089413
0.00820683
0.00745387
0.00669187
0.00593383
0.00519477
0.00449015
0.00383435
0.00323925
0.00271321
0.00226061
0.0018819
0.0015741
0.00133139
0.00114589
0.00100835
0.0009092
0.000839768
0.000793548
0.000766828
0.000758376
0.000765943
0.000786401
0.0150753
0.0144128
0.0136932
0.0128635
0.0120591
0.0112508
0.0104277
0.00958696
0.00873052
0.00786543
0.00700301
0.00615724
0.00534333
0.00457626
0.00386944
0.00323354
0.00267567
0.00219916
0.00180371
0.00148595
0.00124012
0.0010586
0.000932565
0.000852778
0.000810708
0.000800052
0.000817343
0.000862914
0.000922886
0.000992902
0.0170731
0.0162672
0.0154076
0.0143886
0.0133966
0.0124001
0.0113927
0.0103778
0.00936124
0.00835291
0.00736562
0.00641356
0.00551116
0.00467196
0.00390749
0.00322641
0.00263408
0.00213244
0.00172035
0.00139421
0.00114858
0.000976756
0.000871259
0.000824231
0.000828202
0.000877206
0.00096783
0.00110132
0.00124214
0.00139089
0.0196781
0.0186821
0.0176396
0.0163639
0.0151116
0.0138519
0.0125925
0.0113446
0.0101192
0.00892884
0.00778687
0.00670634
0.00569956
0.00477722
0.00394776
0.00321692
0.00258764
0.00206023
0.00163275
0.00130167
0.0010625
0.000910402
0.000840617
0.000848358
0.000928713
0.00107649
0.00128618
0.001557
0.00181643
0.00207894
0.0230282
0.0217852
0.0205058
0.0188876
0.0172784
0.0156628
0.0140676
0.0125154
0.0110231
0.00960515
0.00827374
0.00703912
0.00590965
0.00489153
0.00398865
0.00320277
0.00253378
0.00198022
0.00153971
0.00120951
0.000987214
0.000871376
0.000861768
0.000958764
0.00116168
0.00146589
0.00186028
0.00233381
0.00275701
0.00317348
0.0271976
0.0256342
0.0240369
0.0219797
0.0199152
0.0178539
0.0158425
0.0139174
0.0121008
0.0104077
0.00884825
0.00742878
0.00615251
0.00502008
0.00403001
0.00317949
0.00246522
0.00188417
0.00143421
0.00111459
0.000926485
0.000873429
0.000961145
0.0011961
0.00158205
0.00211364
0.00277032
0.00352181
0.00417332
0.00479317
0.0324754
0.030376
0.0282608
0.0256883
0.0231208
0.0205741
0.0181032
0.0157521
0.0135491
0.0115138
0.00965857
0.00798933
0.00650704
0.00520882
0.00408944
0.00314289
0.00236383
0.00174875
0.00129671
0.00100956
0.000891874
0.000950329
0.00119246
0.00162431
0.00224686
0.00305063
0.00401017
0.00509182
0.00610689
0.00708955
0.0406673
0.0379595
0.0352213
0.0320472
0.0288467
0.0256156
0.0224289
0.0193587
0.0164615
0.0137813
0.0113475
0.00917512
0.00726851
0.0056243
0.00423543
0.00309447
0.00219623
0.00153914
0.00112614
0.000963542
0.00105826
0.0014147
0.00203105
0.00289444
0.00397849
0.00523963
0.00662222
0.00809218
0.00938297
0.0106717
0.0661906
0.0613342
0.0558165
0.0502049
0.0446076
0.0390241
0.0335789
0.0283914
0.0235594
0.0191592
0.0152399
0.0118227
0.00890825
0.00648437
0.00453515
0.00304826
0.00202031
0.00145955
0.00138377
0.00181609
0.0027783
0.00428147
0.00631639
0.00884788
0.0118127
0.0151198
0.0186559
0.0223917
0.0262277
0.0296999
0.00896151
0.00891596
0.00887524
0.00883748
0.00880462
0.00877887
0.00876344
0.00876188
0.00877797
0.00881579
0.00887977
0.00897497
0.00910729
0.00928387
0.00951342
0.0098069
0.0101785
0.0106476
0.011241
0.0119966
0.012968
0.0142308
0.0158872
0.0180628
0.0209012
0.0245585
0.0292027
0.0353366
0.0446217
0.0716221
0.00890984
0.00887703
0.0088492
0.00882701
0.00881449
0.00881331
0.00882566
0.00885424
0.00890226
0.00897356
0.00907264
0.0092049
0.00937683
0.0095963
0.00987309
0.0102196
0.0106519
0.0111919
0.0118698
0.0127273
0.0138233
0.0152395
0.017085
0.0194926
0.0226124
0.0266258
0.0318256
0.0388163
0.0489058
0.0774571
0.00892029
0.00891464
0.00891315
0.00891632
0.00892856
0.00895244
0.00899086
0.00904703
0.00912451
0.00922742
0.00936053
0.00952959
0.00974151
0.0100048
0.0103302
0.0107312
0.0112259
0.0118385
0.0126022
0.0135625
0.0147828
0.0163503
0.0183804
0.0210108
0.0243951
0.028739
0.0344477
0.0422213
0.0528777
0.0839305
0.00900502
0.00902697
0.00905266
0.00908256
0.00912171
0.00917319
0.00924029
0.00932654
0.00943589
0.00957281
0.0097425
0.00995114
0.0102062
0.0105168
0.0108944
0.011354
0.0119149
0.0126034
0.0134546
0.0145162
0.0158538
0.0175566
0.0197406
0.0225396
0.0260999
0.0306473
0.0367379
0.0453131
0.0563622
0.0908828
0.00915342
0.00920039
0.00925218
0.00930869
0.00937532
0.00945568
0.00955343
0.00967234
0.00981662
0.00999106
0.0102012
0.0104538
0.0107568
0.0111199
0.0115557
0.01208
0.0127139
0.0134849
0.0144297
0.0155972
0.0170536
0.0188876
0.0212117
0.0241505
0.0278353
0.0325099
0.0389143
0.0483682
0.059519
0.0982356
0.00935069
0.0094197
0.00949571
0.00957814
0.00967227
0.00978205
0.00991147
0.0100646
0.0102459
0.0104604
0.0107141
0.011014
0.0113685
0.0117881
0.0122861
0.0128792
0.0135897
0.0144462
0.0154861
0.0167584
0.0183281
0.0202811
0.0227232
0.0257645
0.0295167
0.0342412
0.0409064
0.051423
0.0623681
0.106263
0.00958033
0.00966849
0.00976653
0.00987367
0.00999478
0.0101339
0.0102952
0.0104831
0.0107023
0.0109581
0.0112567
0.0116055
0.0120134
0.0124912
0.0130529
0.0137161
0.0145036
0.0154448
0.0165769
0.017948
0.019621
0.0216769
0.0242126
0.0273198
0.0310862
0.0357893
0.042669
0.0545413
0.0649882
0.115351
0.00982525
0.00992991
0.0100476
0.0101778
0.0103247
0.0104923
0.0106849
0.010907
0.0111637
0.0114603
0.0118035
0.0122008
0.0126613
0.0131965
0.0138206
0.0145518
0.0154134
0.0164344
0.0176518
0.0191121
0.0208752
0.0230169
0.0256237
0.0287659
0.0325022
0.0371227
0.0441664
0.0577837
0.0674873
0.125913
0.0100687
0.0101875
0.0103225
0.0104735
0.0106443
0.0108387
0.011061
0.0113157
0.0116079
0.0119434
0.0123289
0.0127721
0.0132824
0.0138714
0.0145538
0.0153479
0.0162769
0.0173697
0.0186623
0.0201997
0.0220385
0.0242496
0.0269092
0.0300637
0.0337373
0.0382274
0.0453722
0.0611927
0.0699968
0.138283
0.0102955
0.0104262
0.0105761
0.0107455
0.0109377
0.0111564
0.0114057
0.0116901
0.0120149
0.0123857
0.0128094
0.013294
0.013849
0.0144861
0.0152202
0.0160694
0.0170569
0.0182109
0.0195667
0.0211675
0.0230675
0.0253334
0.0280323
0.0311853
0.034776
0.0391052
0.0462772
0.0647764
0.0726525
0.152551
0.0104932
0.0106338
0.0107961
0.0109811
0.0111918
0.0114315
0.0117042
0.0120144
0.0123673
0.0127686
0.0132252
0.0137451
0.0143381
0.0150158
0.0157931
0.016688
0.0177232
0.0189267
0.0203327
0.0219833
0.0239306
0.0262387
0.0289679
0.0321129
0.0356121
0.0397701
0.0468932
0.0684886
0.0755511
0.16837
0.0106528
0.0108011
0.0109734
0.011171
0.0113966
0.0116535
0.0119454
0.0122766
0.0126522
0.0130781
0.0135612
0.0141094
0.0147326
0.0154425
0.0162536
0.0171839
0.0182557
0.0194967
0.0209403
0.0226275
0.0246093
0.0269487
0.0297014
0.0328376
0.0362467
0.0402423
0.0472539
0.0722042
0.0786906
0.184764
0.0107687
0.0109228
0.0111024
0.0113095
0.0115464
0.0118161
0.0121222
0.0124691
0.0128616
0.0133058
0.0138084
0.0143775
0.0150228
0.0157559
0.0165913
0.0175467
0.0186444
0.0199115
0.021381
0.023093
0.0250979
0.0274588
0.0302294
0.0333583
0.0366869
0.0405444
0.0474091
0.0757115
0.081919
0.200174
0.0108391
0.0109969
0.0111814
0.0113946
0.0116389
0.0119169
0.0122323
0.0125893
0.0129928
0.0134488
0.013964
0.0145465
0.0152057
0.0159535
0.016804
0.0177751
0.0188887
0.0201717
0.0216568
0.0233834
0.0254018
0.0277757
0.0305587
0.0336829
0.0369476
0.0407023
0.0474167
0.0786569
0.0848554
0.212672
0.0108652
0.0110248
0.0112116
0.0114279
0.0116757
0.0119577
0.0122775
0.0126392
0.0130479
0.0135094
0.0140305
0.0146192
0.0152849
0.0160393
0.0168968
0.0178751
0.0189961
0.0202865
0.0217788
0.0235122
0.0255368
0.027917
0.0307072
0.0338304
0.0370605
0.0407606
0.0473604
0.0803496
0.0867083
0.219793
0.0108506
0.0110102
0.0111971
0.0114134
0.0116612
0.0119431
0.0122628
0.0126244
0.0130329
0.0134943
0.0140151
0.0146033
0.0152686
0.0160226
0.0168798
0.017858
0.018979
0.0202697
0.0217623
0.0234963
0.0255218
0.0279033
0.0306952
0.03382
0.0370513
0.0407531
0.047344
0.0803188
0.0866862
0.220066
0.0107951
0.0109531
0.0111378
0.0113513
0.0115955
0.0118735
0.0121886
0.0125452
0.0129483
0.0134036
0.013918
0.0144994
0.0151575
0.0159042
0.0167539
0.0177246
0.0188383
0.0201221
0.0216083
0.0233369
0.025358
0.0277358
0.0305237
0.0336525
0.036921
0.0406805
0.0473704
0.0785751
0.0847976
0.213454
0.0106956
0.01085
0.0110302
0.0112377
0.0114748
0.0117446
0.0120505
0.0123969
0.0127889
0.0132321
0.0137335
0.0143011
0.0149447
0.0156762
0.0165103
0.0174653
0.0185633
0.0198316
0.0213033
0.0230186
0.0250283
0.0273956
0.0301739
0.03331
0.036645
0.0405103
0.0473429
0.0756064
0.0818464
0.201364
0.0105515
0.0107004
0.0108735
0.0110719
0.0112982
0.0115555
0.0118474
0.0121784
0.0125534
0.0129782
0.0134598
0.0140063
0.0146274
0.0153354
0.0161451
0.0170749
0.0181473
0.0193901
0.020837
0.022529
0.0245174
0.0268653
0.0296278
0.0327732
0.0361921
0.0401992
0.0471821
0.0721079
0.0786255
0.186249
0.0103654
0.0105068
0.0106702
0.0108565
0.0110684
0.011309
0.0115822
0.0118925
0.0122449
0.0126453
0.0131004
0.0136184
0.0142092
0.014885
0.0156609
0.0165553
0.0175914
0.0187973
0.0202075
0.0218642
0.0238196
0.0261377
0.0288776
0.0320335
0.0355467
0.0397223
0.0468322
0.0684291
0.0755117
0.170049
0.0101433
0.0102752
0.0104266
0.0105977
0.0107917
0.0110119
0.0112622
0.0115473
0.011872
0.0122422
0.0126647
0.0131474
0.0137004
0.0143357
0.0150684
0.0159174
0.0169059
0.0180628
0.0194234
0.0210312
0.0229401
0.0252164
0.0279263
0.0310915
0.0347015
0.039058
0.0462428
0.0647738
0.0726536
0.154335
0.00989479
0.0100152
0.0101521
0.0103055
0.0104786
0.0106751
0.0108991
0.011155
0.0114479
0.0117833
0.0121679
0.0126097
0.0131183
0.0137057
0.014387
0.015181
0.0161113
0.0172071
0.0185048
0.0200492
0.0218969
0.0241178
0.0267879
0.0299564
0.033656
0.0381868
0.0453775
0.0612568
0.0700505
0.140104
0.00963251
0.00973942
0.00985972
0.00999284
0.0101427
0.010313
0.010508
0.0107321
0.0109901
0.0112874
0.0116305
0.0120269
0.0124863
0.0130201
0.0136433
0.0143744
0.0152372
0.0162612
0.0174833
0.0189502
0.0207211
0.0228713
0.0254878
0.0286462
0.0324167
0.0370951
0.0442193
0.0579159
0.0676044
0.127728
0.00937171
0.00946293
0.00956436
0.00967522
0.00979994
0.00994247
0.0101069
0.0102975
0.0105189
0.0107762
0.0110755
0.0114243
0.0118314
0.0123081
0.0128688
0.0135318
0.0143204
0.0152641
0.0164002
0.0177767
0.0194558
0.0215184
0.0240632
0.0271896
0.0309998
0.03578
0.0427721
0.054737
0.0651794
0.117138
0.00912904
0.00920209
0.00928238
0.0093693
0.00946774
0.00958159
0.00971477
0.00987129
0.0100555
0.0102724
0.0105277
0.0108281
0.0111824
0.011601
0.0120978
0.0126904
0.0134015
0.0142599
0.0153029
0.016579
0.0181531
0.0201111
0.0225622
0.0256265
0.029433
0.0342541
0.0410576
0.051676
0.0626452
0.108024
0.00892152
0.00897353
0.00903047
0.00909215
0.00916363
0.00924853
0.00935049
0.00947327
0.00962099
0.00979829
0.0100105
0.0102642
0.010567
0.0109292
0.0113637
0.011887
0.012521
0.0132933
0.0142402
0.0154104
0.0168696
0.0187078
0.0210419
0.0240084
0.027758
0.0325468
0.0391088
0.0486735
0.0598946
0.0999892
0.00876552
0.00879346
0.00882501
0.00886047
0.00890465
0.00896072
0.00903201
0.00912208
0.0092348
0.00937452
0.00954623
0.00975588
0.0100108
0.0103203
0.0106965
0.0111549
0.0117156
0.0124051
0.0132579
0.0143214
0.0156615
0.0173691
0.0195656
0.0223983
0.026033
0.0307089
0.0369701
0.0456679
0.056849
0.0926591
0.00867564
0.00867687
0.00868169
0.00869034
0.00870719
0.00873499
0.00877683
0.00883596
0.00891594
0.00902078
0.00915514
0.00932462
0.00953608
0.00979818
0.010122
0.010522
0.0110167
0.0116304
0.0123959
0.0133586
0.0145826
0.0161577
0.0182053
0.0208767
0.0243443
0.0288262
0.0347132
0.042626
0.053487
0.0857622
0.00866247
0.00863726
0.0086156
0.0085981
0.00858892
0.00859015
0.00860423
0.00863398
0.00868269
0.0087542
0.00885302
0.00898457
0.00915541
0.0093736
0.00964929
0.0099953
0.0104282
0.0109702
0.011651
0.012513
0.0136161
0.0150447
0.0169143
0.0193702
0.0225783
0.0267307
0.032108
0.0392551
0.0496113
0.079336
0.00871625
0.00867744
0.0086407
0.00860535
0.00857368
0.00854811
0.008532
0.00852906
0.00854329
0.00857895
0.00864062
0.00873353
0.00886383
0.00903893
0.00926783
0.00956165
0.00993478
0.0104068
0.0110051
0.0117683
0.0127511
0.0140319
0.0157183
0.0179477
0.020875
0.0246657
0.0294823
0.0357906
0.0453882
0.0735358
0.0680823
0.0631417
0.057462
0.0516432
0.0458309
0.0400432
0.0344124
0.029063
0.0240948
0.019584
0.0155781
0.0120963
0.00913638
0.00668353
0.00471956
0.00323039
0.00221131
0.00166996
0.00162367
0.00209497
0.00310482
0.0046625
0.00675564
0.0093443
0.012359
0.0157016
0.0192524
0.0229788
0.0267782
0.0302084
0.0414684
0.0387813
0.0360109
0.0327491
0.0294452
0.0261138
0.0228371
0.0196917
0.0167348
0.0140095
0.0115429
0.00934797
0.0074267
0.00577394
0.00438113
0.00323958
0.00234304
0.00168873
0.00127857
0.00111801
0.00121317
0.0015678
0.00217953
0.00303496
0.00410723
0.00535191
0.00671374
0.00816082
0.00941441
0.0106849
0.0329504
0.030886
0.0287754
0.026168
0.0235462
0.0209404
0.018413
0.0160126
0.0137695
0.0117034
0.00982553
0.00814054
0.00664776
0.00534289
0.00421941
0.00327008
0.00248824
0.00186889
0.00140949
0.00111036
0.000974773
0.00100876
0.00122
0.00161552
0.00219816
0.00296084
0.00388163
0.00493152
0.00591718
0.00689157
0.0274797
0.0259361
0.0243416
0.0222632
0.0201691
0.0180782
0.01604
0.0140924
0.0122579
0.0105514
0.00898247
0.00755663
0.00627641
0.00514177
0.00415053
0.00329907
0.00258305
0.00199811
0.00154058
0.00120828
0.00100151
0.000923932
0.000982715
0.00118675
0.0015425
0.00204678
0.00268033
0.00341389
0.00405613
0.00467632
0.0231369
0.0219018
0.0206194
0.0189903
0.0173731
0.0157546
0.0141599
0.0126101
0.0111206
0.0097053
0.00837617
0.00714351
0.0060158
0.00499925
0.00409764
0.0033123
0.0026424
0.00208539
0.00163765
0.00129537
0.00105577
0.000918177
0.000884482
0.000958085
0.00114121
0.00143097
0.00181607
0.00228361
0.00270567
0.00312185
0.0196567
0.0186634
0.0176172
0.0163396
0.0150934
0.0138481
0.0126069
0.0113778
0.0101693
0.00899296
0.00786175
0.00678919
0.00578817
0.00486991
0.00404307
0.00331325
0.0026829
0.00215155
0.00171648
0.00137366
0.00111877
0.000948136
0.000859046
0.000849242
0.000915983
0.00105521
0.0012611
0.00153094
0.00179208
0.00205508
0.0169639
0.0161611
0.0153009
0.0142873
0.013309
0.0123344
0.0113533
0.0103654
0.0093737
0.00838637
0.00741561
0.0064759
0.00558236
0.00474922
0.00398842
0.00330865
0.00271496
0.0022089
0.00178904
0.00145187
0.0011926
0.00100579
0.00088563
0.000825907
0.000820358
0.000863571
0.000951968
0.001086
0.0012303
0.0013827
0.0149106
0.0142536
0.0135373
0.0127173
0.0119297
0.0111456
0.010351
0.00954019
0.00871221
0.00787202
0.00702992
0.00619977
0.00539733
0.00463822
0.00393629
0.0033023
0.00274325
0.00226238
0.00185955
0.00153197
0.00127481
0.00108168
0.000945
0.000856426
0.000807881
0.000793126
0.000808569
0.000854392
0.000917561
0.000992074
0.0133528
0.0128028
0.0121922
0.0115111
0.0108589
0.0102093
0.00954836
0.00886726
0.0081625
0.00743647
0.00669723
0.00595731
0.00523199
0.00453725
0.00388781
0.00329568
0.0027692
0.00231291
0.00192775
0.00161162
0.00135983
0.00116562
0.00102065
0.000915765
0.000842274
0.000793346
0.000765019
0.000755995
0.000765045
0.000788425
0.0121654
0.0116916
0.0111591
0.010578
0.010022
0.00946824
0.00890342
0.00831751
0.00770559
0.00706803
0.0064109
0.00574512
0.00508497
0.00444606
0.00384327
0.00328917
0.00279294
0.00236002
0.00199218
0.00168788
0.00144274
0.00125
0.00110123
0.000987223
0.00089926
0.000830235
0.000775709
0.000733186
0.000707254
0.000699103
0.0112525
0.0108335
0.0103591
0.00984991
0.00936333
0.00887867
0.00838367
0.00786803
0.00732614
0.00675705
0.00616526
0.00556019
0.0049549
0.0043642
0.00380263
0.0032828
0.00281426
0.00240303
0.00205146
0.00175851
0.00152015
0.00132992
0.00117968
0.0010605
0.00096396
0.000882842
0.000812362
0.000749272
0.000701096
0.00067391
0.0105438
0.0101658
0.00973557
0.00927992
0.00884345
0.00840872
0.0079646
0.00750099
0.00701185
0.00649553
0.00595546
0.00539983
0.00484049
0.00429119
0.00376574
0.00327645
0.00283289
0.00244137
0.00210462
0.00182203
0.00158999
0.00140248
0.00125181
0.00112955
0.00102761
0.000938899
0.000858231
0.000782521
0.000720259
0.00068175
0.0099904
0.00964354
0.00924755
0.00883237
0.00843279
0.00803477
0.00762773
0.00720238
0.00675264
0.00627668
0.00577729
0.00526172
0.00474062
0.00422658
0.00373247
0.00327004
0.00284867
0.0024747
0.00215112
0.00187769
0.0016512
0.00146613
0.00131533
0.00119092
0.0010852
0.000991175
0.000903974
0.000820572
0.000749571
0.000704763
0.00955745
0.00923495
0.00886629
0.00848238
0.0081106
0.0077391
0.00735873
0.00696094
0.00654013
0.00609471
0.00562713
0.00514383
0.00465431
0.00416998
0.00370271
0.00326356
0.00286156
0.00250294
0.00219084
0.00192526
0.00170341
0.00152022
0.00136907
0.00124269
0.00113381
0.00103597
0.000944575
0.000856661
0.000780581
0.000732879
0.00921977
0.00891702
0.00857079
0.00821117
0.00786011
0.00750773
0.0071458
0.0067673
0.00636733
0.00594474
0.00550185
0.00504433
0.00458063
0.004121
0.00367639
0.00325709
0.00287171
0.00252628
0.00222395
0.00196493
0.00174674
0.00156471
0.00141278
0.00128428
0.00117251
0.00107176
0.000977632
0.000887313
0.00080873
0.000760424
0.00895903
0.00867259
0.00834482
0.00800408
0.00766814
0.00732903
0.00697929
0.00661369
0.00622845
0.00582274
0.00539878
0.00496159
0.00451865
0.00407925
0.00365342
0.00325077
0.00287938
0.00254505
0.00225085
0.0019971
0.00178156
0.00159997
0.00144675
0.00131585
0.00120138
0.00109827
0.00100234
0.000911019
0.00083166
0.000784186
0.00876165
0.0084885
0.00817559
0.0078493
0.00752397
0.00719338
0.00685147
0.00649401
0.00611885
0.00572536
0.00531559
0.00489405
0.00446747
0.00404429
0.00363375
0.00324476
0.0028849
0.00255966
0.00227199
0.00202224
0.00180838
0.00162651
0.00147157
0.00133814
0.00122107
0.00111595
0.00101886
0.000927392
0.000848303
0.000802313
0.00861701
0.00835448
0.00805319
0.00773755
0.00741928
0.00709378
0.00675643
0.00640373
0.00603498
0.00564986
0.00525025
0.00484031
0.00442622
0.00401571
0.00361728
0.0032392
0.00288857
0.00257052
0.00228783
0.00204085
0.00182773
0.00164495
0.00148798
0.00135201
0.00123243
0.00112557
0.00102768
0.000936551
0.000858274
0.000813806
0.00851657
0.0082623
0.00797007
0.00766202
0.00734805
0.00702513
0.0066899
0.00633952
0.00597409
0.00559401
0.00520103
0.00479915
0.00439412
0.00399309
0.0036039
0.00323423
0.00289065
0.00257795
0.00229875
0.00205336
0.0018401
0.00165584
0.00149657
0.00135802
0.00123618
0.0011278
0.00102931
0.000938773
0.000861555
0.000818318
0.00845325
0.00820547
0.00792038
0.00761785
0.00730618
0.00698397
0.00664884
0.00629887
0.00593408
0.00555606
0.0051666
0.00476957
0.0043705
0.00397606
0.0035935
0.00322989
0.00289132
0.00258223
0.00230504
0.00206008
0.00184586
0.0016596
0.00149781
0.00135674
0.0012328
0.00112292
0.0010242
0.000934443
0.000858398
0.000815989
0.00842126
0.00817892
0.00789966
0.00760137
0.0072909
0.00696797
0.00663131
0.00627989
0.00591343
0.00553474
0.00514592
0.00475084
0.0043549
0.00396437
0.00358596
0.0032262
0.00289068
0.0025835
0.0023069
0.00206124
0.00184524
0.00165651
0.001492
0.00134844
0.00122266
0.00111169
0.00101293
0.000924089
0.000849294
0.000807255
0.0084156
0.00817855
0.00790453
0.00760978
0.00730009
0.00697544
0.00663589
0.00628119
0.00591108
0.00552917
0.00513833
0.0047425
0.00434701
0.00395783
0.00358121
0.00322314
0.00288875
0.00258181
0.0023044
0.00205693
0.00183839
0.00164673
0.00147935
0.00133338
0.00120608
0.0010944
0.000995922
0.000908283
0.000834869
0.000792804
0.00843173
0.00820061
0.00793192
0.00764065
0.00733171
0.0070052
0.00666154
0.00630181
0.00592634
0.00553883
0.00514352
0.00474439
0.00434676
0.00395642
0.00357921
0.00322066
0.00288546
0.00257709
0.0022975
0.00204717
0.00182534
0.00163036
0.00146003
0.00131184
0.00118321
0.0010714
0.000973754
0.000887618
0.00081585
0.000773442
0.00846519
0.00824143
0.00797906
0.00769191
0.00738405
0.00705563
0.00670727
0.0063411
0.00595883
0.00556366
0.00516158
0.00475669
0.00435435
0.00396028
0.00358
0.00321867
0.00288064
0.00256913
0.00228601
0.00203183
0.0018061
0.00160752
0.00143425
0.00128407
0.00115452
0.00104312
0.000946747
0.000862756
0.000793026
0.0007501
0.00851144
0.00829722
0.00804318
0.00776156
0.00745586
0.00712556
0.00677223
0.00639876
0.00600839
0.00560402
0.00519301
0.00477998
0.00437031
0.00396974
0.00358368
0.00321705
0.00287398
0.00255754
0.00226954
0.00201064
0.00178056
0.0015783
0.00140229
0.0012505
0.00112057
0.00100993
0.000915561
0.000834388
0.00076719
0.000723857
0.00856562
0.00836394
0.00812103
0.0078475
0.00754486
0.00721355
0.00685555
0.0064746
0.00607531
0.00566072
0.00523888
0.00481536
0.00439555
0.0039854
0.00359045
0.00321562
0.002865
0.00254167
0.00224748
0.00198313
0.0017485
0.00154282
0.00136456
0.00121175
0.00108202
0.000972743
0.000880918
0.000803321
0.000739308
0.000695946
0.00862202
0.00843709
0.00820914
0.00794621
0.00764876
0.00731796
0.00695654
0.00656892
0.00616071
0.00573556
0.00530122
0.00486478
0.00443167
0.00400829
0.00360068
0.00321411
0.00285299
0.00252058
0.00221886
0.00194857
0.00170955
0.00150117
0.00132163
0.00116873
0.00104001
0.000932746
0.000843871
0.000770459
0.000710646
0.000667707
0.00867229
0.00851092
0.00830292
0.00805368
0.00776435
0.00743708
0.00707513
0.00668303
0.00626702
0.00583185
0.00538382
0.00493179
0.0044816
0.00404044
0.00361532
0.00321246
0.00283705
0.00249289
0.00218221
0.00190575
0.00166308
0.00145317
0.00127374
0.00112212
0.000995539
0.000891124
0.000805946
0.000737009
0.000681587
0.000639626
0.00870563
0.0085799
0.00839871
0.00816899
0.00789373
0.00757581
0.0072184
0.00682576
0.00640418
0.00595947
0.0054964
0.00502488
0.00455196
0.00408615
0.00363621
0.0032102
0.00281482
0.00245483
0.00213289
0.00184989
0.00160526
0.00139421
0.00121641
0.00106773
0.000944794
0.000844453
0.000763544
0.000699077
0.000647626
0.000609359
0.0087071
0.00862712
0.00847865
0.0082747
0.00802025
0.00771875
0.00737333
0.00698699
0.00656418
0.0061109
0.00563214
0.00513783
0.00463718
0.00414086
0.00366013
0.00320551
0.00278571
0.00240683
0.00207184
0.0017807
0.00153105
0.00132205
0.00114737
0.00100284
0.000884465
0.000788525
0.000711893
0.000651522
0.000605016
0.000577075
0.0338332
0.0127274
0.00845538
0.00569491
0.00378766
0.00249844
0.00166354
0.00115741
0.000875359
0.000732314
0.000668642
0.000647949
0.000649455
0.000661361
0.000676827
0.000691861
0.00070421
0.000712694
0.000716842
0.000716622
0.00071225
0.000704108
0.000692682
0.000678519
0.000662179
0.000644215
0.000625113
0.000604914
0.000583773
0.000566794
0.0385309
0.0149018
0.00995789
0.00673695
0.00450896
0.0030142
0.00202645
0.00140414
0.00103581
0.000831311
0.000725678
0.000677405
0.000661518
0.000663145
0.000673309
0.000686526
0.000699477
0.000710192
0.000717539
0.000720988
0.000720409
0.000715946
0.000707906
0.000696691
0.000682748
0.00066657
0.000648668
0.000629536
0.000610237
0.000592395
0.0442353
0.0169637
0.0114985
0.00780285
0.00527259
0.00358542
0.00245113
0.00171116
0.00124972
0.000973833
0.000815021
0.000727968
0.000684224
0.000666151
0.000662745
0.000667066
0.000674703
0.000682864
0.000689768
0.000694353
0.000696077
0.000694758
0.000690439
0.000683308
0.000673638
0.000661756
0.000648011
0.000632817
0.000617273
0.0006026
0.0509772
0.018748
0.0129783
0.00874008
0.00596838
0.00415031
0.00290691
0.00206679
0.00151641
0.00116578
0.000946881
0.000812957
0.000733415
0.000688441
0.000665192
0.00065527
0.000653106
0.00065498
0.000658384
0.000661648
0.000663728
0.000664026
0.000662254
0.000658333
0.000652318
0.000644331
0.0006345
0.000623072
0.000611262
0.000600757
0.0588833
0.0203533
0.0145111
0.00964102
0.00666984
0.00475347
0.00341695
0.00248352
0.00184455
0.00141542
0.00113036
0.000942552
0.000820143
0.000741655
0.000692602
0.000663169
0.000646613
0.000638239
0.000634746
0.000633802
0.000633792
0.000633631
0.00063263
0.000630378
0.000626662
0.000621381
0.000614469
0.000606038
0.000597301
0.000590255
0.0683178
0.0217735
0.016137
0.0104728
0.00735021
0.00537072
0.00395987
0.002945
0.00222351
0.00171733
0.00136433
0.00111884
0.000948709
0.000831501
0.000751481
0.000697628
0.000662142
0.000639411
0.000625346
0.000616941
0.000611991
0.000608893
0.00060651
0.000604057
0.000601019
0.000597051
0.000591903
0.000585533
0.000578997
0.000574353
0.0797231
0.0230552
0.0179212
0.0112142
0.00799693
0.00598535
0.004516
0.00343198
0.0026364
0.00205804
0.00163903
0.00133553
0.00111581
0.000957025
0.000842674
0.000760805
0.000702752
0.00066213
0.000634155
0.000615196
0.000602487
0.000593924
0.000587919
0.000583301
0.000579228
0.000575098
0.000570455
0.000565078
0.000559754
0.000556391
0.0935378
0.0242824
0.0199344
0.0118473
0.00860274
0.00658029
0.00506329
0.0039213
0.00306096
0.00241764
0.00193769
0.00157924
0.00131125
0.0011109
0.000961239
0.000849716
0.00076702
0.000706176
0.000661852
0.000629909
0.000607099
0.000590873
0.000579235
0.000570642
0.00056393
0.000558225
0.000552853
0.000547387
0.000542297
0.000539178
0.110051
0.0255716
0.0222403
0.0123593
0.00916289
0.00713672
0.00557847
0.00438859
0.00347302
0.00277339
0.00223984
0.00183221
0.00152012
0.00128087
0.00109738
0.000956728
0.000849186
0.000767364
0.000705553
0.000659247
0.000624838
0.000599423
0.000580666
0.000566701
0.000556064
0.00054762
0.000540469
0.000533978
0.000528284
0.000524573
0.129237
0.0270633
0.0248756
0.0127464
0.00967388
0.00763561
0.00603996
0.00481146
0.00385005
0.00310347
0.00252506
0.00207581
0.0017258
0.00145246
0.00123864
0.00107132
0.000940512
0.000838583
0.000759579
0.00069877
0.000652317
0.000617073
0.000590445
0.000570313
0.000554959
0.00054301
0.00053336
0.000525177
0.000518278
0.000513403
0.150469
0.0288813
0.0278236
0.0130151
0.0101304
0.00805986
0.00643062
0.00517224
0.004174
0.00339004
0.00277607
0.0022936
0.00191291
0.00161153
0.00137233
0.00118222
0.00103115
0.000911354
0.000816761
0.000742512
0.000684647
0.000639876
0.000605444
0.000579043
0.000558762
0.000543032
0.00053057
0.00052037
0.00051196
0.000505644
0.172335
0.03107
0.0309831
0.013181
0.0105229
0.00839686
0.00673946
0.00545933
0.00443287
0.00362084
0.00298047
0.00247321
0.00206935
0.00174648
0.00148749
0.00127932
0.00111191
0.00097748
0.000869894
0.000784252
0.000716539
0.000663404
0.000621998
0.000589901
0.000565062
0.000545769
0.000530598
0.000518405
0.000508478
0.00050073
0.192726
0.0335282
0.03415
0.0132646
0.0108382
0.00864048
0.00696203
0.00566748
0.00462099
0.00378962
0.00313132
0.00260714
0.00218726
0.00184929
0.00157624
0.00135503
0.00117566
0.00103035
0.000912988
0.000818661
0.000743345
0.00068366
0.000636724
0.000600051
0.00057151
0.000549293
0.00053188
0.000518022
0.000506826
0.00049789
0.2091
0.0359281
0.0369591
0.0132882
0.0110618
0.00879196
0.00710007
0.00579734
0.0047384
0.00389552
0.00322672
0.00269255
0.00226306
0.00191593
0.00163419
0.00140486
0.00121794
0.0010657
0.000942041
0.000842074
0.00076177
0.00069775
0.000647113
0.000607351
0.000576296
0.000552089
0.000533154
0.000518175
0.00050614
0.000496418
0.21826
0.0375349
0.0386741
0.0132853
0.0111773
0.00885986
0.0071616
0.00585496
0.00479023
0.00394237
0.00326912
0.0027307
0.00229707
0.00194592
0.00166036
0.00142741
0.00123713
0.00108178
0.000955296
0.000852777
0.000770201
0.000704182
0.000651822
0.000610617
0.000578393
0.000553278
0.00053367
0.000518221
0.000505856
0.000495829
0.218345
0.0375637
0.0387404
0.0132963
0.0111691
0.00885461
0.00715571
0.0058483
0.00478358
0.00393607
0.00326328
0.00272534
0.00229219
0.00194151
0.0016564
0.00142391
0.00123407
0.00107916
0.000953074
0.000850914
0.00076864
0.000702861
0.000650695
0.000609659
0.0005776
0.000552655
0.000533222
0.000517951
0.000505763
0.000495904
0.209347
0.0360066
0.0371398
0.0133216
0.0110399
0.00877713
0.00708326
0.00577807
0.004719
0.00387707
0.0032096
0.00267686
0.00224879
0.00190305
0.00162268
0.00139469
0.00120908
0.0010581
0.000935614
0.000836678
0.000757235
0.000693904
0.00064383
0.000604568
0.000574005
0.000550302
0.000531887
0.000517438
0.000505926
0.000496704
0.193102
0.0336381
0.0343987
0.0133189
0.0108097
0.00861857
0.00693656
0.00563761
0.00459035
0.00376027
0.00310407
0.00258223
0.00216469
0.00182904
0.00155823
0.00133922
0.00116197
0.00101865
0.000903095
0.000810334
0.000736311
0.000677676
0.000631621
0.000595758
0.000568017
0.000546622
0.000530053
0.000517051
0.000506704
0.000498576
0.172806
0.0311945
0.0312482
0.0132518
0.0104957
0.00837116
0.00670818
0.00542141
0.00439306
0.00358233
0.00294468
0.00244062
0.00204004
0.00172038
0.00146452
0.00125936
0.00109478
0.000962942
0.000857638
0.000773917
0.000707777
0.000655938
0.000615669
0.000584649
0.00056089
0.000542702
0.000528662
0.000517609
0.000508811
0.000502137
0.151001
0.0290106
0.0280627
0.0130947
0.0101108
0.00803386
0.00639641
0.00512905
0.00412742
0.00334445
0.00273367
0.0022552
0.00187869
0.00158143
0.00134621
0.00115985
0.00101221
0.000895458
0.000803433
0.000731281
0.000675122
0.000631801
0.000598695
0.000573589
0.000554618
0.000540228
0.000529129
0.000520299
0.000513238
0.000508195
0.129804
0.0271941
0.0250599
0.0128244
0.00966546
0.0076125
0.00600555
0.00476587
0.00379947
0.00305337
0.00247842
0.00203384
0.00168885
0.00142048
0.00121141
0.00104844
0.000921501
0.000822847
0.000746496
0.000687801
0.000643086
0.000609375
0.000584204
0.000565525
0.000551653
0.000541218
0.000533102
0.000526453
0.00052105
0.000517571
0.110634
0.0257049
0.0223568
0.0124243
0.00916498
0.00711867
0.00554624
0.00434345
0.00342158
0.00272185
0.00219185
0.00178939
0.00148299
0.00124938
0.00107116
0.00093524
0.000831735
0.000753172
0.000693908
0.00064962
0.000616919
0.000593072
0.00057585
0.000563441
0.000554398
0.000547581
0.000542071
0.000537207
0.000533085
0.000530819
0.0941272
0.0244202
0.0199832
0.0118893
0.00861084
0.00656767
0.005035
0.00387935
0.00301198
0.00236813
0.0018917
0.00153867
0.00127673
0.00108232
0.000938115
0.000831329
0.000752488
0.000694632
0.000652607
0.000622525
0.000601359
0.000586705
0.000576642
0.000569661
0.000564603
0.00056058
0.000556893
0.000553086
0.000549579
0.00054789
0.0803122
0.023198
0.0179106
0.0112258
0.00800378
0.00597641
0.00449251
0.00339557
0.00259311
0.00201411
0.00159849
0.00130035
0.00108658
0.000933565
0.000824372
0.00074679
0.000692082
0.000653994
0.000627999
0.000610726
0.000599589
0.000592584
0.00058817
0.000585183
0.000582775
0.000580328
0.000577359
0.000573616
0.000569834
0.00056783
0.0689012
0.0219192
0.0160785
0.0104499
0.00734771
0.00536206
0.00394108
0.00291588
0.00218862
0.001682
0.00133218
0.0010916
0.000926844
0.0008147
0.000739042
0.000688665
0.000655814
0.000635103
0.000622706
0.00061583
0.00061239
0.000610836
0.000610037
0.000609197
0.000607783
0.000605439
0.000601896
0.000597087
0.00059201
0.000588617
0.0594546
0.0204965
0.0144156
0.00958269
0.00665139
0.00474134
0.00340205
0.00246258
0.00181974
0.00139059
0.00110833
0.000924655
0.000806588
0.000732044
0.00068625
0.000659333
0.000644703
0.000637898
0.000635826
0.000636299
0.000637758
0.000639119
0.000639662
0.000638949
0.000636751
0.000632965
0.000627523
0.000620526
0.000613131
0.000607206
0.0515284
0.0188808
0.0128538
0.00864917
0.00593095
0.00413209
0.00289483
0.00205395
0.00150193
0.00115168
0.000935028
0.000804196
0.00072776
0.000685487
0.000664407
0.000656179
0.000655411
0.000658556
0.000663233
0.000667848
0.000671352
0.000673098
0.000672755
0.000670217
0.000665527
0.00065882
0.000650241
0.000640053
0.000629429
0.000619914
0.0447589
0.0170774
0.0113516
0.00768678
0.00521812
0.00356062
0.00244082
0.00170523
0.00124423
0.000968908
0.000811645
0.00072663
0.000684875
0.000668511
0.000666542
0.000672115
0.000680929
0.000690264
0.000698393
0.000704258
0.000707272
0.000707196
0.000704045
0.000697999
0.000689327
0.000678389
0.000665572
0.000651338
0.000636774
0.000622965
0.0390255
0.0149822
0.00978878
0.00660881
0.00444711
0.00298644
0.00201787
0.00140331
0.0010367
0.000832656
0.000727893
0.000680866
0.00066629
0.000669182
0.000680619
0.000695165
0.000709456
0.000721466
0.000730043
0.000734605
0.000734994
0.000731346
0.000723971
0.00071329
0.000699784
0.000683994
0.000666514
0.00064793
0.000629321
0.000612215
0.03432
0.0127663
0.00826523
0.00556985
0.00372895
0.00247121
0.00165578
0.00115867
0.000878955
0.000736398
0.000673412
0.000653815
0.000656649
0.000670035
0.000687132
0.00070392
0.000717987
0.00072799
0.000733323
0.000733893
0.000729939
0.000721905
0.000710334
0.000695828
0.000679028
0.000660568
0.000641043
0.000620645
0.000599667
0.000583304
0.00055909
0.000541268
0.000519281
0.00049762
0.000477232
0.0004581
0.000440148
0.000423331
0.000407584
0.000392824
0.000378964
0.000365917
0.000353606
0.000341958
0.000330911
0.000320406
0.000310392
0.000300822
0.000291657
0.00028286
0.000274397
0.000266241
0.000258366
0.000250747
0.000243366
0.000236203
0.000229242
0.000222469
0.000215871
0.000209437
0.000203155
0.000197018
0.000191018
0.000185147
0.000179399
0.000173769
0.000168253
0.000162846
0.000157544
0.000152345
0.000147247
0.000142245
0.00013734
0.000132529
0.00012781
0.000123183
0.000118646
0.000114198
0.000109839
0.000105568
0.000101383
9.72898e-05
9.32831e-05
8.93623e-05
8.55272e-05
8.17779e-05
7.81142e-05
7.4536e-05
7.10431e-05
6.76353e-05
6.43127e-05
6.10751e-05
5.79223e-05
5.48542e-05
5.18708e-05
4.89719e-05
4.61573e-05
4.34268e-05
4.07804e-05
3.8218e-05
3.57398e-05
3.33456e-05
3.10351e-05
2.88083e-05
2.66652e-05
2.46057e-05
2.26295e-05
2.07364e-05
1.89266e-05
1.72e-05
1.55565e-05
1.3996e-05
1.25184e-05
1.11235e-05
9.81124e-06
8.58169e-06
7.43477e-06
6.37041e-06
5.38855e-06
4.48876e-06
3.67093e-06
2.93499e-06
2.28115e-06
1.71015e-06
1.22172e-06
8.14628e-07
4.88714e-07
2.45407e-07
8.51868e-08
9.14577e-09
0.000567029
0.000544862
0.000522697
0.000501389
0.000481406
0.000462722
0.000445197
0.000428732
0.000413244
0.000398652
0.000384874
0.000371837
0.000359473
0.000347722
0.000336529
0.000325845
0.000315626
0.000305832
0.000296429
0.000287386
0.000278672
0.000270264
0.000262138
0.000254274
0.000246653
0.000239257
0.000232073
0.000225085
0.000218283
0.000211655
0.000205191
0.000198882
0.00019272
0.000186699
0.000180811
0.000175051
0.000169414
0.000163896
0.000158492
0.0001532
0.000148015
0.000142935
0.000137958
0.000133081
0.000128304
0.000123623
0.000119038
0.000114547
0.000110149
0.000105845
0.000101633
9.75074e-05
9.34723e-05
8.95271e-05
8.56709e-05
8.1903e-05
7.82229e-05
7.46303e-05
7.11247e-05
6.77058e-05
6.43735e-05
6.11272e-05
5.79669e-05
5.48923e-05
5.19032e-05
4.89994e-05
4.61805e-05
4.34463e-05
4.07968e-05
3.82318e-05
3.57512e-05
3.33549e-05
3.10427e-05
2.88145e-05
2.66702e-05
2.46095e-05
2.26324e-05
2.07387e-05
1.89283e-05
1.72011e-05
1.55572e-05
1.39965e-05
1.25186e-05
1.11235e-05
9.81115e-06
8.58141e-06
7.43427e-06
6.36963e-06
5.38741e-06
4.48761e-06
3.67011e-06
2.93473e-06
2.28143e-06
1.71027e-06
1.22142e-06
8.14277e-07
4.88509e-07
2.45336e-07
8.52372e-08
9.15556e-09
0.000572433
0.000548093
0.00052483
0.000503041
0.000483019
0.000464554
0.000447356
0.000431234
0.000416057
0.000401722
0.000388142
0.000375243
0.000362962
0.000351243
0.00034004
0.000329309
0.000319014
0.000309121
0.0002996
0.000290425
0.00028157
0.000273013
0.000264735
0.000256718
0.000248944
0.000241398
0.000234066
0.000226937
0.000219998
0.000213239
0.00020665
0.000200223
0.000193949
0.000187823
0.000181837
0.000175986
0.000170264
0.000164666
0.000159189
0.000153829
0.000148582
0.000143446
0.000138416
0.000133492
0.000128671
0.000123951
0.00011933
0.000114806
0.000110379
0.000106047
0.000101809
9.76637e-05
9.36108e-05
8.96491e-05
8.5778e-05
8.19967e-05
7.83047e-05
7.47015e-05
7.11865e-05
6.77593e-05
6.44195e-05
6.11667e-05
5.80007e-05
5.49211e-05
5.19276e-05
4.90199e-05
4.61978e-05
4.34609e-05
4.08089e-05
3.82417e-05
3.57592e-05
3.33613e-05
3.10477e-05
2.88184e-05
2.66732e-05
2.46117e-05
2.26339e-05
2.07397e-05
1.89288e-05
1.72012e-05
1.55569e-05
1.39959e-05
1.25179e-05
1.11226e-05
9.81009e-06
8.58012e-06
7.43281e-06
6.36819e-06
5.38598e-06
4.48607e-06
3.66859e-06
2.93359e-06
2.2807e-06
1.7096e-06
1.2207e-06
8.13669e-07
4.88149e-07
2.45169e-07
8.5191e-08
9.14794e-09
0.000570602
0.000546468
0.000523408
0.000501929
0.000482365
0.000464435
0.000447774
0.000432149
0.000417409
0.000403442
0.000390158
0.000377487
0.000365372
0.000353765
0.000342626
0.000331919
0.000321614
0.000311683
0.000302102
0.000292849
0.000283903
0.000275246
0.00026686
0.00025873
0.000250842
0.000243181
0.000235736
0.000228495
0.000221446
0.000214582
0.000207892
0.000201368
0.000195004
0.000188791
0.000182723
0.000176795
0.000171001
0.000165337
0.000159799
0.000154381
0.000149081
0.000143896
0.000138822
0.000133857
0.000128998
0.000124243
0.000119591
0.000115039
0.000110586
0.000106231
0.000101972
9.78079e-05
9.37379e-05
8.97609e-05
8.5876e-05
8.20825e-05
7.83795e-05
7.47666e-05
7.12429e-05
6.78081e-05
6.44616e-05
6.12028e-05
5.80315e-05
5.49472e-05
5.19496e-05
4.90383e-05
4.62131e-05
4.34735e-05
4.08193e-05
3.82502e-05
3.5766e-05
3.33666e-05
3.10518e-05
2.88214e-05
2.66752e-05
2.4613e-05
2.26346e-05
2.07398e-05
1.89285e-05
1.72005e-05
1.55559e-05
1.39944e-05
1.25163e-05
1.11212e-05
9.80845e-06
8.57798e-06
7.43053e-06
6.36597e-06
5.38379e-06
4.48394e-06
3.6666e-06
2.9318e-06
2.27911e-06
1.70823e-06
1.21955e-06
8.12768e-07
4.87561e-07
2.44867e-07
8.50945e-08
9.13438e-09
0.000562205
0.000540052
0.000518497
0.000498264
0.000479778
0.000462777
0.000446911
0.000431958
0.00041778
0.000404272
0.000391358
0.000378977
0.000367082
0.000355635
0.000344603
0.000333961
0.000323684
0.000313751
0.000304145
0.000294847
0.000285841
0.000277112
0.000268646
0.000260431
0.000252453
0.0002447
0.000237163
0.00022983
0.000222693
0.000215741
0.000208966
0.000202362
0.00019592
0.000189633
0.000183496
0.000177503
0.000171648
0.000165926
0.000160334
0.000154867
0.000149521
0.000144293
0.00013918
0.000134179
0.000129287
0.000124503
0.000119823
0.000115246
0.000110771
0.000106395
0.000102117
9.79364e-05
9.38512e-05
8.98606e-05
8.59635e-05
8.2159e-05
7.84463e-05
7.48246e-05
7.12932e-05
6.78515e-05
6.44989e-05
6.12348e-05
5.80586e-05
5.49701e-05
5.19691e-05
4.90545e-05
4.62261e-05
4.34839e-05
4.08277e-05
3.8257e-05
3.57714e-05
3.33707e-05
3.10548e-05
2.88234e-05
2.66763e-05
2.46132e-05
2.26342e-05
2.07389e-05
1.89274e-05
1.71991e-05
1.55541e-05
1.39922e-05
1.25137e-05
1.11183e-05
9.80555e-06
8.57544e-06
7.42799e-06
6.36321e-06
5.38095e-06
4.48115e-06
3.66391e-06
2.92923e-06
2.2768e-06
1.70632e-06
1.21801e-06
8.11601e-07
4.86797e-07
2.44464e-07
8.49637e-08
9.11753e-09
0.00054959
0.000530397
0.000511149
0.000492776
0.000475791
0.000459997
0.00044511
0.000430954
0.000417421
0.000404435
0.000391936
0.000379881
0.000368237
0.000356977
0.00034608
0.000335527
0.000325304
0.000315395
0.000305787
0.000296468
0.000287425
0.000278648
0.000270124
0.000261844
0.000253797
0.000245973
0.000238363
0.000230956
0.000223746
0.000216722
0.000209878
0.000203207
0.0001967
0.000190352
0.000184157
0.000178108
0.000172202
0.000166432
0.000160794
0.000155285
0.0001499
0.000144636
0.000139489
0.000134458
0.000129538
0.000124727
0.000120024
0.000115426
0.000110931
0.000106537
0.000102243
9.80477e-05
9.39493e-05
8.99469e-05
8.60391e-05
8.22251e-05
7.85039e-05
7.48746e-05
7.13365e-05
6.78888e-05
6.45309e-05
6.1262e-05
5.80819e-05
5.49898e-05
5.19851e-05
4.90673e-05
4.62364e-05
4.34921e-05
4.08341e-05
3.82618e-05
3.5775e-05
3.33733e-05
3.10565e-05
2.88242e-05
2.66763e-05
2.46127e-05
2.2633e-05
2.07373e-05
1.89253e-05
1.71968e-05
1.55515e-05
1.39895e-05
1.25107e-05
1.11149e-05
9.80194e-06
8.57179e-06
7.42441e-06
6.35969e-06
5.37747e-06
4.47774e-06
3.66059e-06
2.926e-06
2.27388e-06
1.70396e-06
1.21614e-06
8.10208e-07
4.85908e-07
2.44e-07
8.4811e-08
9.09802e-09
0.00053536
0.000519347
0.000502678
0.000486405
0.00047109
0.000456614
0.000442776
0.000429461
0.000416603
0.000404156
0.000392085
0.000380367
0.000368983
0.000357921
0.000347169
0.000336719
0.000326563
0.000316691
0.000307097
0.000297773
0.00028871
0.0002799
0.000271336
0.000263008
0.000254908
0.000247028
0.000239359
0.000231894
0.000224624
0.000217543
0.000210642
0.000203915
0.000197356
0.000190957
0.000184713
0.000178619
0.000172669
0.000166859
0.000161184
0.000155639
0.000150221
0.000144926
0.000139752
0.000134694
0.00012975
0.000124918
0.000120194
0.000115578
0.000111066
0.000106657
0.00010235
9.81419e-05
9.40324e-05
9.00198e-05
8.6103e-05
8.22808e-05
7.85523e-05
7.49165e-05
7.13726e-05
6.79198e-05
6.45574e-05
6.12847e-05
5.81009e-05
5.50053e-05
5.19976e-05
4.90775e-05
4.62445e-05
4.34983e-05
4.08386e-05
3.8265e-05
3.5777e-05
3.33743e-05
3.10567e-05
2.88238e-05
2.66754e-05
2.46113e-05
2.26312e-05
2.0735e-05
1.89224e-05
1.71935e-05
1.55481e-05
1.39859e-05
1.2507e-05
1.1111e-05
9.79791e-06
8.56762e-06
7.42016e-06
6.35548e-06
5.37338e-06
4.47377e-06
3.65672e-06
2.92233e-06
2.27059e-06
1.70119e-06
1.21393e-06
8.086e-07
4.84917e-07
2.43508e-07
8.46553e-08
9.07856e-09
0.000521691
0.000508507
0.000494257
0.000480008
0.000466307
0.000453103
0.000440278
0.000427773
0.000415564
0.000403635
0.000391975
0.000380581
0.000369449
0.000358579
0.000347971
0.000337625
0.000327539
0.000317711
0.000308139
0.000298819
0.000289746
0.000280915
0.000272321
0.000263958
0.000255817
0.000247893
0.000240179
0.000232667
0.00022535
0.000218221
0.000211274
0.000204503
0.0001979
0.000191459
0.000185176
0.000179044
0.000173059
0.000167215
0.000161508
0.000155934
0.000150489
0.000145169
0.000139971
0.000134891
0.000129927
0.000125077
0.000120337
0.000115705
0.000111179
0.000106758
0.000102439
9.82203e-05
9.41014e-05
9.00803e-05
8.61558e-05
8.23268e-05
7.85921e-05
7.49508e-05
7.1402e-05
6.79449e-05
6.45788e-05
6.13028e-05
5.8116e-05
5.50176e-05
5.20073e-05
4.9085e-05
4.62504e-05
4.35026e-05
4.08416e-05
3.82668e-05
3.57778e-05
3.33743e-05
3.10559e-05
2.88224e-05
2.66737e-05
2.46091e-05
2.26285e-05
2.07319e-05
1.8919e-05
1.71898e-05
1.55442e-05
1.39819e-05
1.25028e-05
1.11067e-05
9.79347e-06
8.56307e-06
7.41553e-06
6.35079e-06
5.36875e-06
4.4693e-06
3.65247e-06
2.91836e-06
2.26704e-06
1.69818e-06
1.21155e-06
8.06918e-07
4.83901e-07
2.43021e-07
8.4512e-08
9.06108e-09
0.000510022
0.000498975
0.000486715
0.0004742
0.000461903
0.000449819
0.000437894
0.000426115
0.000414489
0.000403026
0.000391738
0.000380637
0.000369734
0.00035904
0.000348565
0.000338315
0.000328296
0.000318512
0.000308964
0.000299653
0.000290576
0.000281732
0.000273117
0.000264726
0.000256555
0.000248596
0.000240846
0.000233296
0.000225941
0.000218775
0.000211791
0.000204983
0.000198345
0.000191871
0.000185555
0.000179392
0.000173378
0.000167507
0.000161774
0.000156176
0.000150709
0.000145368
0.00014015
0.000135053
0.000130073
0.000125207
0.000120453
0.000115809
0.000111272
0.00010684
0.000102511
9.82844e-05
9.41577e-05
9.01296e-05
8.61988e-05
8.23641e-05
7.86243e-05
7.49785e-05
7.14256e-05
6.79649e-05
6.45958e-05
6.13178e-05
5.81289e-05
5.50274e-05
5.20142e-05
4.909e-05
4.62541e-05
4.35052e-05
4.08432e-05
3.82676e-05
3.57778e-05
3.33734e-05
3.10544e-05
2.88204e-05
2.66713e-05
2.46063e-05
2.26254e-05
2.07284e-05
1.89153e-05
1.71859e-05
1.55401e-05
1.39776e-05
1.24984e-05
1.11022e-05
9.78883e-06
8.55837e-06
7.41076e-06
6.34598e-06
5.36398e-06
4.46468e-06
3.64805e-06
2.91423e-06
2.26337e-06
1.69513e-06
1.20921e-06
8.05306e-07
4.82967e-07
2.42597e-07
8.44004e-08
9.048e-09
0.000501005
0.000491303
0.000480495
0.000469328
0.000458154
0.000446985
0.000435806
0.000424636
0.000413504
0.000402439
0.000391469
0.000380619
0.000369913
0.000359371
0.000349011
0.000338846
0.000328886
0.000319142
0.000309617
0.000300315
0.000291238
0.000282385
0.000273754
0.000265342
0.000257146
0.000249161
0.000241382
0.000233803
0.000226418
0.000219222
0.000212208
0.000205371
0.000198704
0.000192203
0.000185861
0.000179674
0.000173636
0.000167743
0.000161989
0.000156372
0.000150886
0.000145529
0.000140296
0.000135184
0.000130191
0.000125313
0.000120548
0.000115893
0.000111347
0.000106906
0.00010257
9.83361e-05
9.4203e-05
9.01692e-05
8.62333e-05
8.2394e-05
7.86501e-05
7.50004e-05
7.14442e-05
6.79808e-05
6.46091e-05
6.1328e-05
5.81365e-05
5.50339e-05
5.20201e-05
4.90949e-05
4.62576e-05
4.35076e-05
4.08446e-05
3.8268e-05
3.57773e-05
3.33723e-05
3.10526e-05
2.8818e-05
2.66684e-05
2.46032e-05
2.26222e-05
2.0725e-05
1.89117e-05
1.71821e-05
1.5536e-05
1.39734e-05
1.2494e-05
1.10977e-05
9.78436e-06
8.55384e-06
7.40615e-06
6.34129e-06
5.35929e-06
4.46011e-06
3.64371e-06
2.91023e-06
2.25986e-06
1.69226e-06
1.20706e-06
8.03894e-07
4.82204e-07
2.42281e-07
8.43316e-08
9.04008e-09
0.000494643
0.000485585
0.000475721
0.000465517
0.000455179
0.000444709
0.000434114
0.000423428
0.000412691
0.000401947
0.000391234
0.000380589
0.000370043
0.000359625
0.000349358
0.000339262
0.000329352
0.000319639
0.000310133
0.00030084
0.000291762
0.000282902
0.000274259
0.000265831
0.000257616
0.00024961
0.000241808
0.000234205
0.000226796
0.000219576
0.000212539
0.000205678
0.00019899
0.000192467
0.000186104
0.000179898
0.000173841
0.00016793
0.00016216
0.000156528
0.000151028
0.000145657
0.000140411
0.000135288
0.000130285
0.000125397
0.000120623
0.00011596
0.000111406
0.000106959
0.000102617
9.83772e-05
9.42391e-05
9.02008e-05
8.62608e-05
8.24178e-05
7.86706e-05
7.50181e-05
7.14593e-05
6.79934e-05
6.46193e-05
6.13361e-05
5.81429e-05
5.50392e-05
5.20245e-05
4.90983e-05
4.626e-05
4.35091e-05
4.08452e-05
3.82678e-05
3.57764e-05
3.33708e-05
3.10507e-05
2.88158e-05
2.66658e-05
2.46004e-05
2.26192e-05
2.07219e-05
1.89084e-05
1.71785e-05
1.55323e-05
1.39696e-05
1.24901e-05
1.10937e-05
9.78026e-06
8.5497e-06
7.40198e-06
6.33709e-06
5.35505e-06
4.45591e-06
3.63972e-06
2.90662e-06
2.25674e-06
1.68976e-06
1.20527e-06
8.0277e-07
4.8161e-07
2.42047e-07
8.43004e-08
9.03753e-09
0.000490532
0.000481626
0.00047231
0.000462746
0.00045299
0.000443024
0.000432859
0.000422534
0.000412096
0.000401594
0.000391077
0.000380587
0.000370163
0.000359839
0.000349643
0.000339598
0.000329724
0.000320035
0.000310542
0.000301254
0.000292175
0.000283308
0.000274655
0.000266214
0.000257983
0.00024996
0.00024214
0.000234519
0.000227091
0.000219852
0.000212796
0.000205918
0.000199212
0.000192672
0.000186294
0.000180072
0.000174001
0.000168076
0.000162294
0.000156649
0.000151138
0.000145757
0.000140502
0.00013537
0.000130358
0.000125463
0.000120682
0.000116013
0.000111453
0.000107
0.000102653
9.84096e-05
9.42675e-05
9.02257e-05
8.62825e-05
8.24366e-05
7.86868e-05
7.5032e-05
7.14712e-05
6.80033e-05
6.46274e-05
6.13427e-05
5.81483e-05
5.50436e-05
5.2028e-05
4.9101e-05
4.6262e-05
4.35103e-05
4.08456e-05
3.82675e-05
3.57755e-05
3.33696e-05
3.10492e-05
2.88141e-05
2.66638e-05
2.45981e-05
2.26167e-05
2.07193e-05
1.89056e-05
1.71756e-05
1.55292e-05
1.39664e-05
1.24868e-05
1.10903e-05
9.77676e-06
8.54631e-06
7.39868e-06
6.33375e-06
5.35153e-06
4.45223e-06
3.63628e-06
2.90361e-06
2.25411e-06
1.6877e-06
1.20388e-06
8.01945e-07
4.81213e-07
2.41915e-07
8.42975e-08
9.03757e-09
0.000488117
0.00047911
0.000470082
0.000460916
0.00045154
0.000441913
0.000432043
0.000421967
0.000411736
0.000401404
0.000391023
0.00038064
0.0003703
0.000360039
0.00034989
0.000339879
0.000330027
0.000320352
0.000310866
0.000301578
0.000292496
0.000283623
0.00027496
0.000266508
0.000258264
0.000250227
0.000242393
0.000234757
0.000227315
0.000220062
0.000212991
0.000206099
0.00019938
0.000192827
0.000186437
0.000180203
0.000174121
0.000168186
0.000162394
0.00015674
0.000151221
0.000145832
0.00014057
0.000135431
0.000130413
0.000125512
0.000120726
0.000116052
0.000111488
0.000107032
0.000102681
9.84344e-05
9.42894e-05
9.02449e-05
8.62993e-05
8.24513e-05
7.86995e-05
7.5043e-05
7.14806e-05
6.80112e-05
6.46341e-05
6.13482e-05
5.81528e-05
5.50473e-05
5.2031e-05
4.91033e-05
4.62636e-05
4.35114e-05
4.0846e-05
3.82673e-05
3.5775e-05
3.33688e-05
3.10483e-05
2.88129e-05
2.66624e-05
2.45965e-05
2.26148e-05
2.07172e-05
1.89034e-05
1.71733e-05
1.55268e-05
1.39638e-05
1.24842e-05
1.10877e-05
9.77414e-06
8.54376e-06
7.39617e-06
6.33134e-06
5.34911e-06
4.44947e-06
3.63352e-06
2.90118e-06
2.25207e-06
1.68617e-06
1.20288e-06
8.01355e-07
4.80926e-07
2.4183e-07
8.4318e-08
9.04139e-09
0.00048688
0.000477725
0.000468843
0.000459906
0.000450757
0.000441335
0.000431644
0.00042172
0.000411614
0.000401383
0.000391081
0.00038076
0.000370467
0.00036024
0.000350115
0.00034012
0.000330278
0.000320607
0.000311121
0.00030183
0.000292742
0.000283861
0.000275189
0.000266726
0.000258472
0.000250424
0.000242578
0.000234931
0.000227477
0.000220213
0.000213132
0.00020623
0.0001995
0.000192938
0.000186539
0.000180297
0.000174207
0.000168265
0.000162466
0.000156806
0.00015128
0.000145886
0.000140619
0.000135476
0.000130453
0.000125548
0.000120759
0.000116081
0.000111514
0.000107055
0.000102702
9.84527e-05
9.43058e-05
9.02594e-05
8.6312e-05
8.24624e-05
7.87093e-05
7.50515e-05
7.14879e-05
6.80176e-05
6.46395e-05
6.13528e-05
5.81567e-05
5.50506e-05
5.20337e-05
4.91054e-05
4.62652e-05
4.35124e-05
4.08466e-05
3.82675e-05
3.57751e-05
3.33687e-05
3.10479e-05
2.88123e-05
2.66616e-05
2.45954e-05
2.26136e-05
2.07159e-05
1.89019e-05
1.71717e-05
1.55251e-05
1.39621e-05
1.24825e-05
1.10858e-05
9.77199e-06
8.54148e-06
7.394e-06
6.32914e-06
5.3471e-06
4.44825e-06
3.63254e-06
2.89964e-06
2.25041e-06
1.68513e-06
1.20234e-06
8.01007e-07
4.80689e-07
2.4175e-07
8.43552e-08
9.04886e-09
0.000486455
0.000477235
0.00046843
0.000459607
0.000450566
0.000441239
0.000431628
0.000421769
0.000411714
0.000401522
0.000391249
0.000380948
0.000370668
0.000360449
0.000350327
0.000340331
0.000330486
0.000320809
0.000311316
0.000302018
0.000292921
0.000284031
0.00027535
0.000266878
0.000258615
0.000250557
0.000242703
0.000235047
0.000227585
0.000220313
0.000213225
0.000206315
0.000199579
0.000193011
0.000186606
0.000180358
0.000174263
0.000168316
0.000162513
0.000156848
0.000151319
0.000145921
0.000140651
0.000135505
0.00013048
0.000125572
0.00012078
0.000116101
0.000111532
0.000107071
0.000102716
9.84654e-05
9.43173e-05
9.02697e-05
8.63212e-05
8.24705e-05
7.87165e-05
7.50579e-05
7.14936e-05
6.80225e-05
6.46438e-05
6.13566e-05
5.816e-05
5.50534e-05
5.20361e-05
4.91074e-05
4.62667e-05
4.35136e-05
4.08476e-05
3.82684e-05
3.57757e-05
3.33692e-05
3.10481e-05
2.88122e-05
2.66613e-05
2.4595e-05
2.26131e-05
2.07152e-05
1.89011e-05
1.71708e-05
1.55242e-05
1.3961e-05
1.24813e-05
1.10846e-05
9.77067e-06
8.54001e-06
7.39243e-06
6.32753e-06
5.34558e-06
4.44682e-06
3.63126e-06
2.89894e-06
2.25027e-06
1.68518e-06
1.20232e-06
8.00689e-07
4.80436e-07
2.41724e-07
8.43943e-08
9.05505e-09
0.000486654
0.000477497
0.000468731
0.000459929
0.000450897
0.00044157
0.000431952
0.000422081
0.000412012
0.000401803
0.000391513
0.000381194
0.000370897
0.000360661
0.000350523
0.000340512
0.000330653
0.000320963
0.000311458
0.000302148
0.000293041
0.000284141
0.00027545
0.00026697
0.000258699
0.000250634
0.000242773
0.000235111
0.000227644
0.000220367
0.000213274
0.00020636
0.00019962
0.000193048
0.00018664
0.000180389
0.000174292
0.000168342
0.000162537
0.00015687
0.000151339
0.00014594
0.000140668
0.00013552
0.000130494
0.000125585
0.000120792
0.000116111
0.000111542
0.00010708
0.000102725
9.84731e-05
9.43243e-05
9.02761e-05
8.6327e-05
8.24758e-05
7.87213e-05
7.50623e-05
7.14976e-05
6.80263e-05
6.46472e-05
6.13597e-05
5.81628e-05
5.50559e-05
5.20383e-05
4.91092e-05
4.62683e-05
4.3515e-05
4.08488e-05
3.82695e-05
3.57768e-05
3.33701e-05
3.10488e-05
2.88127e-05
2.66616e-05
2.45952e-05
2.26131e-05
2.07151e-05
1.8901e-05
1.71706e-05
1.55238e-05
1.39605e-05
1.24806e-05
1.10838e-05
9.7701e-06
8.5395e-06
7.39184e-06
6.32692e-06
5.34502e-06
4.44623e-06
3.63069e-06
2.89867e-06
2.25017e-06
1.68504e-06
1.20223e-06
8.00729e-07
4.80485e-07
2.41746e-07
8.44016e-08
9.05552e-09
0.000487526
0.00047855
0.000469773
0.000460894
0.000451766
0.000442339
0.000432624
0.000422662
0.00041251
0.000402228
0.000391873
0.000381499
0.000371154
0.000360877
0.000350704
0.000340663
0.000330778
0.000321066
0.000311543
0.000302218
0.000293098
0.000284187
0.000275488
0.000267
0.000258722
0.000250653
0.000242788
0.000235122
0.000227652
0.000220373
0.000213278
0.000206363
0.000199622
0.00019305
0.000186641
0.00018039
0.000174292
0.000168343
0.000162537
0.000156871
0.00015134
0.00014594
0.000140668
0.000135521
0.000130495
0.000125587
0.000120794
0.000116113
0.000111543
0.000107082
0.000102727
9.84753e-05
9.43265e-05
9.02783e-05
8.63293e-05
8.24781e-05
7.87236e-05
7.50646e-05
7.14999e-05
6.80284e-05
6.46494e-05
6.13617e-05
5.81648e-05
5.50579e-05
5.20401e-05
4.9111e-05
4.62699e-05
4.35163e-05
4.08501e-05
3.82708e-05
3.5778e-05
3.33712e-05
3.10498e-05
2.88137e-05
2.66625e-05
2.45959e-05
2.26137e-05
2.07156e-05
1.89013e-05
1.71709e-05
1.55241e-05
1.39607e-05
1.24806e-05
1.10838e-05
9.7702e-06
8.53972e-06
7.39205e-06
6.32703e-06
5.34501e-06
4.44614e-06
3.6307e-06
2.89881e-06
2.25025e-06
1.68495e-06
1.20223e-06
8.00991e-07
4.80728e-07
2.41797e-07
8.43639e-08
9.04886e-09
0.000489364
0.00048061
0.000471724
0.000462626
0.000453265
0.000443615
0.000433693
0.000423547
0.000413234
0.000402813
0.000392341
0.000381867
0.000371438
0.000361093
0.000350862
0.000340775
0.000330852
0.00032111
0.000311562
0.000302217
0.000293081
0.000284159
0.000275451
0.000266957
0.000258675
0.000250603
0.000242736
0.000235071
0.000227601
0.000220323
0.00021323
0.000206317
0.000199578
0.000193008
0.000186602
0.000180354
0.000174259
0.000168312
0.000162509
0.000156845
0.000151317
0.000145919
0.00014065
0.000135504
0.00013048
0.000125573
0.000120782
0.000116103
0.000111535
0.000107075
0.000102721
9.84706e-05
9.43227e-05
9.02753e-05
8.63268e-05
8.24761e-05
7.87221e-05
7.50638e-05
7.14996e-05
6.80285e-05
6.46497e-05
6.13624e-05
5.81656e-05
5.50588e-05
5.20411e-05
4.91122e-05
4.62711e-05
4.35175e-05
4.08512e-05
3.82719e-05
3.57792e-05
3.33724e-05
3.10511e-05
2.88149e-05
2.66637e-05
2.4597e-05
2.26147e-05
2.07165e-05
1.89022e-05
1.71717e-05
1.55248e-05
1.39614e-05
1.24814e-05
1.10845e-05
9.77091e-06
8.54044e-06
7.39271e-06
6.32788e-06
5.34574e-06
4.44639e-06
3.63102e-06
2.8993e-06
2.25078e-06
1.68539e-06
1.20251e-06
8.0124e-07
4.80898e-07
2.41835e-07
8.43272e-08
9.04257e-09
0.000492633
0.000483985
0.000474795
0.000465269
0.000455492
0.000445462
0.000435202
0.000424762
0.000414197
0.000403563
0.000392913
0.000382292
0.000371742
0.000361297
0.000350986
0.000340834
0.000330859
0.000321077
0.000311498
0.000302129
0.000292976
0.000284042
0.000275325
0.000266827
0.000258543
0.000250471
0.000242607
0.000234945
0.00022748
0.000220207
0.00021312
0.000206213
0.00019948
0.000192917
0.000186517
0.000180275
0.000174186
0.000168245
0.000162448
0.00015679
0.000151266
0.000145874
0.000140609
0.000135467
0.000130447
0.000125544
0.000120756
0.00011608
0.000111515
0.000107057
0.000102705
9.84574e-05
9.43116e-05
9.02659e-05
8.63186e-05
8.24693e-05
7.87164e-05
7.5059e-05
7.14959e-05
6.80258e-05
6.46478e-05
6.13611e-05
5.8165e-05
5.50585e-05
5.20411e-05
4.91123e-05
4.62715e-05
4.35182e-05
4.08521e-05
3.8273e-05
3.57803e-05
3.33737e-05
3.10525e-05
2.88163e-05
2.6665e-05
2.45984e-05
2.26161e-05
2.07179e-05
1.89036e-05
1.71731e-05
1.55262e-05
1.39628e-05
1.24827e-05
1.10858e-05
9.77205e-06
8.5414e-06
7.39368e-06
6.32874e-06
5.34666e-06
4.4477e-06
3.63227e-06
2.90034e-06
2.25177e-06
1.68626e-06
1.20313e-06
8.01615e-07
4.81084e-07
2.41874e-07
8.42881e-08
9.03631e-09
0.00049793
0.000489046
0.000479222
0.000468975
0.00045854
0.000447937
0.000437183
0.000426321
0.000415403
0.000404475
0.000393582
0.000382762
0.000372049
0.000361473
0.000351058
0.000340823
0.000330783
0.000320951
0.000311334
0.000301938
0.000292767
0.00028382
0.000275097
0.000266596
0.000258314
0.000250246
0.000242388
0.000234734
0.000227278
0.000220015
0.000212938
0.000206042
0.000199321
0.000192768
0.000186379
0.000180148
0.000174069
0.000168137
0.000162349
0.0001567
0.000151184
0.0001458
0.000140542
0.000135407
0.000130393
0.000125496
0.000120713
0.000116042
0.000111481
0.000107027
0.000102679
9.84345e-05
9.42924e-05
9.02496e-05
8.6304e-05
8.24565e-05
7.87058e-05
7.50503e-05
7.14887e-05
6.80197e-05
6.46429e-05
6.13577e-05
5.81627e-05
5.5057e-05
5.204e-05
4.91116e-05
4.62712e-05
4.35184e-05
4.08528e-05
3.8274e-05
3.57815e-05
3.3375e-05
3.10539e-05
2.88179e-05
2.66667e-05
2.46001e-05
2.26179e-05
2.07198e-05
1.89055e-05
1.7175e-05
1.55282e-05
1.39647e-05
1.24846e-05
1.10878e-05
9.77397e-06
8.54317e-06
7.39521e-06
6.33021e-06
5.34825e-06
4.44944e-06
3.63403e-06
2.90202e-06
2.25329e-06
1.68747e-06
1.20397e-06
8.02119e-07
4.81315e-07
2.41928e-07
8.42575e-08
9.03177e-09
0.000505853
0.000496142
0.000485212
0.000473863
0.000462474
0.00045107
0.000439643
0.000428222
0.00041684
0.000405532
0.000394327
0.000383255
0.000372339
0.0003616
0.000351056
0.00034072
0.000330603
0.000320712
0.000311052
0.000301626
0.000292435
0.000283477
0.00027475
0.00026625
0.000257974
0.000249915
0.000242068
0.000234427
0.000226986
0.000219739
0.000212678
0.000205798
0.000199093
0.000192556
0.000186183
0.000179966
0.000173902
0.000167984
0.000162209
0.000156572
0.000151069
0.000145695
0.000140447
0.000135322
0.000130316
0.000125427
0.000120652
0.000115988
0.000111433
0.000106985
0.000102642
9.84019e-05
9.4263e-05
9.02238e-05
8.62828e-05
8.24388e-05
7.86908e-05
7.50377e-05
7.14781e-05
6.80108e-05
6.46357e-05
6.13521e-05
5.81584e-05
5.50537e-05
5.20378e-05
4.91102e-05
4.62706e-05
4.35184e-05
4.08532e-05
3.82748e-05
3.57826e-05
3.33763e-05
3.10555e-05
2.88197e-05
2.66687e-05
2.46023e-05
2.26202e-05
2.07221e-05
1.89079e-05
1.71775e-05
1.55307e-05
1.39674e-05
1.24873e-05
1.10904e-05
9.77659e-06
8.54572e-06
7.39772e-06
6.33268e-06
5.35074e-06
4.45194e-06
3.63637e-06
2.90412e-06
2.25516e-06
1.68896e-06
1.20499e-06
8.02743e-07
4.81631e-07
2.42029e-07
8.42436e-08
9.02943e-09
0.000516798
0.000505467
0.000492851
0.000479959
0.000467287
0.000454834
0.00044255
0.000430425
0.00041847
0.000406695
0.000395113
0.000383737
0.000372578
0.000361646
0.00035095
0.000340497
0.000330291
0.000320334
0.000310627
0.00030117
0.00029196
0.000282993
0.000274266
0.000265772
0.000257507
0.000249463
0.000241634
0.000234013
0.000226593
0.000219367
0.000212329
0.000205472
0.000198789
0.000192274
0.000185921
0.000179725
0.00017368
0.000167782
0.000162024
0.000156403
0.000150915
0.000145556
0.000140322
0.000135209
0.000130215
0.000125337
0.000120571
0.000115916
0.00011137
0.000106929
0.000102593
9.83586e-05
9.42252e-05
9.01908e-05
8.62543e-05
8.24148e-05
7.86706e-05
7.50202e-05
7.14631e-05
6.79989e-05
6.46263e-05
6.13442e-05
5.81519e-05
5.50487e-05
5.20342e-05
4.91078e-05
4.62692e-05
4.35179e-05
4.08535e-05
3.82756e-05
3.57839e-05
3.3378e-05
3.10575e-05
2.8822e-05
2.66712e-05
2.46049e-05
2.26229e-05
2.07249e-05
1.89109e-05
1.71806e-05
1.55339e-05
1.39707e-05
1.24906e-05
1.10938e-05
9.77995e-06
8.54908e-06
7.40108e-06
6.33603e-06
5.35405e-06
4.45516e-06
3.63936e-06
2.90678e-06
2.2574e-06
1.69072e-06
1.20625e-06
8.03542e-07
4.82047e-07
2.42181e-07
8.42539e-08
9.03064e-09
0.000530702
0.000516883
0.000501982
0.000487116
0.000472844
0.000459112
0.000445797
0.000432839
0.00042021
0.000407892
0.000395874
0.000384149
0.000372712
0.000361562
0.000350697
0.000340113
0.00032981
0.000319783
0.000310028
0.000300541
0.000291315
0.000282344
0.000273622
0.000265141
0.000256894
0.000248872
0.000241069
0.000233475
0.000226084
0.000218889
0.000211881
0.000205053
0.000198399
0.000191913
0.000185588
0.000179418
0.000173399
0.000167524
0.000161789
0.000156189
0.000150721
0.00014538
0.000140163
0.000135066
0.000130087
0.000125222
0.000120469
0.000115826
0.000111289
0.000106858
0.00010253
9.83039e-05
9.41775e-05
9.01496e-05
8.62188e-05
8.23841e-05
7.86442e-05
7.4998e-05
7.14446e-05
6.79833e-05
6.46134e-05
6.13337e-05
5.81435e-05
5.50423e-05
5.20294e-05
4.91045e-05
4.62671e-05
4.35169e-05
4.08534e-05
3.82764e-05
3.57853e-05
3.33799e-05
3.10598e-05
2.88245e-05
2.6674e-05
2.46078e-05
2.2626e-05
2.07283e-05
1.89145e-05
1.71843e-05
1.55377e-05
1.39745e-05
1.24946e-05
1.10978e-05
9.78396e-06
8.55309e-06
7.40511e-06
6.34006e-06
5.35802e-06
4.45899e-06
3.64291e-06
2.90992e-06
2.26005e-06
1.69281e-06
1.20778e-06
8.04531e-07
4.8258e-07
2.42402e-07
8.43007e-08
9.0375e-09
0.000546811
0.00052976
0.000512101
0.000494939
0.000478834
0.000463654
0.000449184
0.000435298
0.000421925
0.000409009
0.000396512
0.000384405
0.000372667
0.000361281
0.000350234
0.000339514
0.00032911
0.000319013
0.000309213
0.0002997
0.000290465
0.000281498
0.000272789
0.00026433
0.00025611
0.000248121
0.000240353
0.000232797
0.000225445
0.000218288
0.000211319
0.00020453
0.000197914
0.000191464
0.000185174
0.000179038
0.000173049
0.000167205
0.000161498
0.000155925
0.000150481
0.000145163
0.000139967
0.00013489
0.000129929
0.000125081
0.000120343
0.000115714
0.00011119
0.000106771
0.000102453
9.82365e-05
9.41187e-05
9.00985e-05
8.61747e-05
8.23461e-05
7.86117e-05
7.49705e-05
7.14215e-05
6.7964e-05
6.45972e-05
6.13204e-05
5.81329e-05
5.5034e-05
5.20232e-05
4.91e-05
4.62642e-05
4.35153e-05
4.08529e-05
3.82767e-05
3.57864e-05
3.33816e-05
3.1062e-05
2.88272e-05
2.6677e-05
2.46111e-05
2.26295e-05
2.0732e-05
1.89184e-05
1.71884e-05
1.5542e-05
1.39789e-05
1.2499e-05
1.11023e-05
9.7885e-06
8.55765e-06
7.40965e-06
6.34455e-06
5.36239e-06
4.46314e-06
3.64679e-06
2.91343e-06
2.26305e-06
1.69521e-06
1.20955e-06
8.05709e-07
4.83241e-07
2.42697e-07
8.43797e-08
9.04874e-09
0.000563537
0.000542874
0.000522282
0.000502737
0.000484739
0.000468063
0.000452399
0.000437556
0.000423411
0.000409876
0.000396884
0.000384383
0.000372335
0.000360709
0.000349479
0.000338624
0.000328125
0.000317964
0.000308127
0.000298598
0.000289365
0.000280413
0.000271731
0.000263306
0.000255127
0.000247182
0.000239462
0.000231955
0.000224654
0.000217547
0.000210628
0.000203888
0.000197319
0.000190915
0.000184668
0.000178573
0.000172624
0.000166816
0.000161144
0.000155604
0.00015019
0.0001449
0.000139731
0.000134678
0.000129739
0.000124911
0.000120191
0.000115579
0.000111071
0.000106665
0.00010236
9.81549e-05
9.40474e-05
9.00365e-05
8.6121e-05
8.22998e-05
7.8572e-05
7.49367e-05
7.13929e-05
6.79399e-05
6.45772e-05
6.13039e-05
5.81195e-05
5.50234e-05
5.20151e-05
4.9094e-05
4.62599e-05
4.35125e-05
4.08514e-05
3.82764e-05
3.5787e-05
3.33829e-05
3.10638e-05
2.88295e-05
2.66798e-05
2.46144e-05
2.26332e-05
2.07358e-05
1.89225e-05
1.71927e-05
1.55463e-05
1.39833e-05
1.25035e-05
1.11068e-05
9.79317e-06
8.56235e-06
7.41431e-06
6.34918e-06
5.36691e-06
4.46747e-06
3.65085e-06
2.91714e-06
2.26628e-06
1.69781e-06
1.21152e-06
8.07054e-07
4.84023e-07
2.43067e-07
8.44892e-08
9.06322e-09
0.000578502
0.000554459
0.000531222
0.000509554
0.00048985
0.000471803
0.000455029
0.000439283
0.000424402
0.000410272
0.000396801
0.000383921
0.000371575
0.000359722
0.000348322
0.000337346
0.000326766
0.000316558
0.0003067
0.000297173
0.000287959
0.00027904
0.000270402
0.000262028
0.000253906
0.000246023
0.000238366
0.000230924
0.000223687
0.000216645
0.000209789
0.00020311
0.0001966
0.000190251
0.000184059
0.000178015
0.000172114
0.000166351
0.000160721
0.000155219
0.000149843
0.000144587
0.000139448
0.000134424
0.000129511
0.000124707
0.00012001
0.000115418
0.000110928
0.000106539
0.000102249
9.80573e-05
9.3962e-05
8.99621e-05
8.60564e-05
8.22441e-05
7.85241e-05
7.48956e-05
7.1358e-05
6.79105e-05
6.45525e-05
6.12834e-05
5.81026e-05
5.50098e-05
5.20043e-05
4.90858e-05
4.62538e-05
4.35083e-05
4.08488e-05
3.8275e-05
3.57867e-05
3.33835e-05
3.10651e-05
2.88314e-05
2.66821e-05
2.46173e-05
2.26364e-05
2.07394e-05
1.89262e-05
1.71966e-05
1.55504e-05
1.39875e-05
1.25077e-05
1.11111e-05
9.79778e-06
8.56696e-06
7.4186e-06
6.35338e-06
5.37126e-06
4.47181e-06
3.65493e-06
2.92078e-06
2.26942e-06
1.70044e-06
1.21356e-06
8.08489e-07
4.84891e-07
2.43493e-07
8.46214e-08
9.0803e-09
0.000588814
0.000562452
0.000537441
0.000514325
0.00049339
0.000474288
0.000456616
0.000440109
0.000424594
0.000409939
0.000396044
0.000382827
0.000370221
0.000358172
0.000346634
0.000335566
0.000324933
0.000314705
0.000304854
0.000295354
0.000286184
0.000277323
0.000268751
0.000260452
0.000252409
0.000244608
0.000237034
0.000229676
0.000222522
0.00021556
0.000208782
0.000202179
0.000195741
0.000189462
0.000183334
0.000177352
0.000171509
0.0001658
0.000160221
0.000154766
0.000149433
0.000144217
0.000139115
0.000134125
0.000129244
0.000124469
0.000119797
0.000115229
0.00011076
0.000106391
0.000102118
9.79424e-05
9.38613e-05
8.98742e-05
8.598e-05
8.21778e-05
7.8467e-05
7.48466e-05
7.13161e-05
6.78749e-05
6.45224e-05
6.12582e-05
5.80817e-05
5.49926e-05
5.19904e-05
4.90748e-05
4.62454e-05
4.3502e-05
4.08442e-05
3.8272e-05
3.57849e-05
3.33827e-05
3.10652e-05
2.88322e-05
2.66836e-05
2.46191e-05
2.26388e-05
2.07422e-05
1.89293e-05
1.71999e-05
1.55538e-05
1.3991e-05
1.25114e-05
1.1115e-05
9.80177e-06
8.57096e-06
7.4225e-06
6.35729e-06
5.37519e-06
4.47564e-06
3.65856e-06
2.92411e-06
2.27238e-06
1.70292e-06
1.21554e-06
8.0992e-07
4.85778e-07
2.43939e-07
8.47609e-08
9.09769e-09
0.000591706
0.000565017
0.000539707
0.000516207
0.000494742
0.000475039
0.000456766
0.000439702
0.000423696
0.000408627
0.000394393
0.00038091
0.000368104
0.000355915
0.000344287
0.000333173
0.00032253
0.000312322
0.000302515
0.000293078
0.000283987
0.000275215
0.00026674
0.000258543
0.000250606
0.000242912
0.000235445
0.000228192
0.000221141
0.000214279
0.000207597
0.000201086
0.000194736
0.000188539
0.00018249
0.000176581
0.000170806
0.000165162
0.000159642
0.000154242
0.00014896
0.000143791
0.000138732
0.000133782
0.000128936
0.000124194
0.000119553
0.000115011
0.000110567
0.00010622
0.000101968
9.78099e-05
9.37452e-05
8.97727e-05
8.58916e-05
8.21011e-05
7.84006e-05
7.47894e-05
7.1267e-05
6.7833e-05
6.44868e-05
6.12281e-05
5.80564e-05
5.49716e-05
5.19731e-05
4.90608e-05
4.62342e-05
4.34932e-05
4.08375e-05
3.8267e-05
3.57813e-05
3.33803e-05
3.10638e-05
2.88317e-05
2.66837e-05
2.46197e-05
2.26398e-05
2.07438e-05
1.89313e-05
1.72023e-05
1.55565e-05
1.39938e-05
1.25143e-05
1.11179e-05
9.8045e-06
8.57381e-06
7.42582e-06
6.36071e-06
5.37842e-06
4.47866e-06
3.66143e-06
2.92685e-06
2.27486e-06
1.70505e-06
1.21725e-06
8.11159e-07
4.86546e-07
2.44327e-07
8.48878e-08
9.11476e-09
0.000586025
0.000561866
0.000537852
0.00051493
0.000493535
0.000473607
0.000454983
0.000437546
0.000421197
0.000405839
0.000391378
0.000377731
0.000364821
0.000352579
0.000340943
0.000329859
0.000319278
0.000309157
0.000299457
0.000290142
0.000281183
0.000272551
0.000264222
0.000256172
0.000248381
0.000240832
0.000233507
0.000226392
0.000219473
0.000212739
0.000206178
0.000199782
0.00019354
0.000187446
0.000181492
0.000175673
0.000169982
0.000164414
0.000158965
0.000153632
0.00014841
0.000143297
0.000138289
0.000133385
0.000128582
0.000123878
0.000119272
0.000114763
0.000110348
0.000106027
0.0001018
9.76617e-05
9.36144e-05
8.96579e-05
8.57912e-05
8.20136e-05
7.83246e-05
7.47237e-05
7.12104e-05
6.77843e-05
6.44452e-05
6.11927e-05
5.80265e-05
5.49464e-05
5.19521e-05
4.90433e-05
4.62198e-05
4.34814e-05
4.0828e-05
3.82594e-05
3.57753e-05
3.33758e-05
3.10605e-05
2.88294e-05
2.66822e-05
2.46188e-05
2.26395e-05
2.07441e-05
1.89322e-05
1.72034e-05
1.55577e-05
1.39951e-05
1.25158e-05
1.11197e-05
9.8063e-06
8.57569e-06
7.42784e-06
6.36278e-06
5.38045e-06
4.48065e-06
3.6634e-06
2.92875e-06
2.27662e-06
1.70662e-06
1.21856e-06
8.12069e-07
4.87046e-07
2.44564e-07
8.49599e-08
9.12548e-09
0.000576496
0.000557719
0.000534339
0.000511246
0.000489514
0.000469156
0.000450103
0.000432302
0.000415678
0.000400138
0.000385581
0.000371912
0.000359043
0.000346895
0.000335397
0.000324485
0.000314102
0.0003042
0.000294732
0.00028566
0.000276947
0.000268564
0.000260481
0.000252675
0.000245122
0.000237802
0.000230699
0.000223797
0.00021708
0.000210538
0.000204159
0.000197933
0.000191851
0.000185907
0.000180092
0.000174402
0.00016883
0.000163373
0.000158026
0.000152786
0.000147649
0.000142614
0.000137678
0.000132838
0.000128094
0.000123443
0.000118885
0.000114418
0.000110042
0.000105754
0.000101555
9.74477e-05
9.34283e-05
8.94959e-05
8.56501e-05
8.1891e-05
7.82182e-05
7.46315e-05
7.11308e-05
6.77157e-05
6.43863e-05
6.11423e-05
5.79835e-05
5.49098e-05
5.1921e-05
4.9017e-05
4.61978e-05
4.3463e-05
4.08127e-05
3.82466e-05
3.57649e-05
3.33672e-05
3.10536e-05
2.88238e-05
2.66778e-05
2.46155e-05
2.2637e-05
2.07423e-05
1.89308e-05
1.72025e-05
1.55572e-05
1.39949e-05
1.25158e-05
1.11198e-05
9.80662e-06
8.57624e-06
7.42858e-06
6.36353e-06
5.38104e-06
4.48128e-06
3.66429e-06
2.92985e-06
2.27755e-06
1.7074e-06
1.21931e-06
8.12473e-07
4.872e-07
2.44636e-07
8.49111e-08
9.11577e-09
)
;

boundaryField
{
    inlet
    {
        type            calculated;
        value           nonuniform List<scalar> 
30
(
0.00905039
0.00906198
0.00911295
0.00920179
0.00932369
0.00947044
0.0096316
0.00979615
0.00995384
0.010096
0.0102162
0.0103102
0.0103761
0.0104139
0.0104251
0.0104122
0.0103752
0.0103118
0.0102209
0.0101028
0.00995999
0.00979686
0.00962022
0.00943896
0.00926349
0.00910494
0.0089738
0.00887834
0.00882336
0.00881017
)
;
    }
    outlet
    {
        type            calculated;
        value           uniform 0;
    }
    top
    {
        type            calculated;
        value           nonuniform List<scalar> 
135
(
0.00881017
0.00879484
0.0087746
0.00875614
0.00873964
0.0087071
0.00862712
0.00847865
0.0082747
0.00802025
0.00771875
0.00737333
0.00698699
0.00656418
0.0061109
0.00563214
0.00513783
0.00463718
0.00414086
0.00366013
0.00320551
0.00278571
0.00240683
0.00207184
0.0017807
0.00153105
0.00132205
0.00114737
0.00100284
0.000884465
0.000788525
0.000711893
0.000651522
0.000605016
0.000577075
0.000576496
0.000557719
0.000534339
0.000511246
0.000489514
0.000469156
0.000450103
0.000432302
0.000415678
0.000400138
0.000385581
0.000371912
0.000359043
0.000346895
0.000335397
0.000324485
0.000314102
0.0003042
0.000294732
0.00028566
0.000276947
0.000268564
0.000260481
0.000252675
0.000245122
0.000237802
0.000230699
0.000223797
0.00021708
0.000210538
0.000204159
0.000197933
0.000191851
0.000185907
0.000180092
0.000174402
0.00016883
0.000163373
0.000158026
0.000152786
0.000147649
0.000142614
0.000137678
0.000132838
0.000128094
0.000123443
0.000118885
0.000114418
0.000110042
0.000105754
0.000101555
9.74477e-05
9.34283e-05
8.94959e-05
8.56501e-05
8.1891e-05
7.82182e-05
7.46315e-05
7.11308e-05
6.77157e-05
6.43863e-05
6.11423e-05
5.79835e-05
5.49098e-05
5.1921e-05
4.9017e-05
4.61978e-05
4.3463e-05
4.08127e-05
3.82466e-05
3.57649e-05
3.33672e-05
3.10536e-05
2.88238e-05
2.66778e-05
2.46155e-05
2.2637e-05
2.07423e-05
1.89308e-05
1.72025e-05
1.55572e-05
1.39949e-05
1.25158e-05
1.11198e-05
9.80662e-06
8.57624e-06
7.42858e-06
6.36353e-06
5.38104e-06
4.48128e-06
3.66429e-06
2.92985e-06
2.27755e-06
1.7074e-06
1.21931e-06
8.12473e-07
4.872e-07
2.44636e-07
8.49111e-08
9.11577e-09
)
;
    }
    bottom
    {
        type            calculated;
        value           nonuniform List<scalar> 
135
(
0.00905039
0.00903647
0.00901839
0.00900238
0.00898804
0.00894568
0.00887252
0.00873267
0.0085375
0.00829044
0.00799383
0.0076487
0.00725618
0.00682001
0.00634585
0.00584001
0.00531445
0.00478078
0.00425215
0.00374169
0.00326108
0.00281962
0.00242359
0.00207583
0.00177586
0.00152081
0.00130927
0.00113412
0.000990362
0.000873364
0.000778742
0.000702879
0.000642542
0.000595359
0.000566017
0.00055909
0.000541268
0.000519281
0.00049762
0.000477232
0.0004581
0.000440148
0.000423331
0.000407584
0.000392824
0.000378964
0.000365917
0.000353606
0.000341958
0.000330911
0.000320406
0.000310392
0.000300822
0.000291657
0.00028286
0.000274397
0.000266241
0.000258366
0.000250747
0.000243366
0.000236203
0.000229242
0.000222469
0.000215871
0.000209437
0.000203155
0.000197018
0.000191018
0.000185147
0.000179399
0.000173769
0.000168253
0.000162846
0.000157544
0.000152345
0.000147247
0.000142245
0.00013734
0.000132529
0.00012781
0.000123183
0.000118646
0.000114198
0.000109839
0.000105568
0.000101383
9.72898e-05
9.32831e-05
8.93623e-05
8.55272e-05
8.17779e-05
7.81142e-05
7.4536e-05
7.10431e-05
6.76353e-05
6.43127e-05
6.10751e-05
5.79223e-05
5.48542e-05
5.18708e-05
4.89719e-05
4.61573e-05
4.34268e-05
4.07804e-05
3.8218e-05
3.57398e-05
3.33456e-05
3.10351e-05
2.88083e-05
2.66652e-05
2.46057e-05
2.26295e-05
2.07364e-05
1.89266e-05
1.72e-05
1.55565e-05
1.3996e-05
1.25184e-05
1.11235e-05
9.81124e-06
8.58169e-06
7.43477e-06
6.37041e-06
5.38855e-06
4.48876e-06
3.67093e-06
2.93499e-06
2.28115e-06
1.71015e-06
1.22172e-06
8.14628e-07
4.88714e-07
2.45407e-07
8.51868e-08
9.14577e-09
)
;
    }
    obstacle
    {
        type            calculated;
        value           nonuniform List<scalar> 
120
(
0.0661906
0.0613342
0.0558165
0.0502049
0.0446076
0.0390241
0.0335789
0.0283914
0.0235594
0.0191592
0.0152399
0.0118227
0.00890825
0.00648437
0.00453515
0.00304826
0.00202031
0.00145955
0.00138377
0.00181609
0.0027783
0.00428147
0.00631639
0.00884788
0.0118127
0.0151198
0.0186559
0.0223917
0.0262277
0.0296999
0.0338332
0.0385309
0.0442353
0.0509772
0.0588833
0.0683178
0.0797231
0.0935378
0.110051
0.129237
0.150469
0.172335
0.192726
0.2091
0.21826
0.218345
0.209347
0.193102
0.172806
0.151001
0.129804
0.110634
0.0941272
0.0803122
0.0689012
0.0594546
0.0515284
0.0447589
0.0390255
0.03432
0.0680823
0.0631417
0.057462
0.0516432
0.0458309
0.0400432
0.0344124
0.029063
0.0240948
0.019584
0.0155781
0.0120963
0.00913638
0.00668353
0.00471956
0.00323039
0.00221131
0.00166996
0.00162367
0.00209497
0.00310482
0.0046625
0.00675564
0.0093443
0.012359
0.0157016
0.0192524
0.0229788
0.0267782
0.0302084
0.0716221
0.0774571
0.0839305
0.0908828
0.0982356
0.106263
0.115351
0.125913
0.138283
0.152551
0.16837
0.184764
0.200174
0.212672
0.219793
0.220066
0.213454
0.201364
0.186249
0.170049
0.154335
0.140104
0.127728
0.117138
0.108024
0.0999892
0.0926591
0.0857622
0.079336
0.0735358
)
;
    }
    frontAndBack
    {
        type            empty;
    }
}


// ************************************************************************* //
