/*--------------------------------*- C++ -*----------------------------------*\
  =========                 |
  \\      /  F ield         | OpenFOAM: The Open Source CFD Toolbox
   \\    /   O peration     | Website:  https://openfoam.org
    \\  /    A nd           | Version:  12
     \\/     M anipulation  |
\*---------------------------------------------------------------------------*/
FoamFile
{
    format      ascii;
    class       volScalarField;
    location    "400";
    object      p;
}
// * * * * * * * * * * * * * * * * * * * * * * * * * * * * * * * * * * * * * //

dimensions      [0 2 -2 0 0 0 0];

internalField   nonuniform List<scalar> 
6750
(
0.021641
0.021619
0.0215895
0.021426
0.0203976
0.0231593
0.0231229
0.0229955
0.0227296
0.0223703
0.0249521
0.0248929
0.0247623
0.0245643
0.0244113
0.0268327
0.0267388
0.0266145
0.0264741
0.0263973
0.0286998
0.0285619
0.0284278
0.0283153
0.0282765
0.0304736
0.0302872
0.0301324
0.0300297
0.0300084
0.0321057
0.0318696
0.0316901
0.0315903
0.0315774
0.0335669
0.0332817
0.0330775
0.0329785
0.0329708
0.0348387
0.0345069
0.03428
0.0341817
0.0341777
0.0359106
0.0355363
0.0352899
0.0351929
0.0351915
0.0367794
0.0363679
0.0361058
0.0360108
0.0360113
0.0374482
0.0370058
0.0367325
0.0366399
0.0366414
0.0379264
0.0374593
0.0371799
0.0370896
0.0370914
0.0382281
0.0377421
0.0374629
0.0373738
0.0373749
0.0383664
0.0378748
0.0376008
0.0375093
0.0375082
0.0383664
0.0378748
0.0376008
0.0375093
0.0375082
0.0382281
0.0377421
0.0374629
0.0373738
0.0373749
0.0379264
0.0374593
0.0371799
0.0370896
0.0370914
0.0374482
0.0370058
0.0367325
0.0366399
0.0366414
0.0367793
0.0363679
0.0361058
0.0360108
0.0360112
0.0359106
0.0355363
0.0352898
0.0351929
0.0351915
0.0348387
0.0345069
0.03428
0.0341817
0.0341776
0.0335669
0.0332817
0.0330775
0.0329785
0.0329708
0.0321057
0.0318696
0.0316901
0.0315902
0.0315773
0.0304736
0.0302872
0.0301324
0.0300297
0.0300083
0.0286997
0.0285618
0.0284278
0.0283152
0.0282765
0.0268327
0.0267387
0.0266145
0.0264741
0.0263973
0.0249521
0.0248929
0.0247623
0.0245642
0.0244113
0.0231593
0.0231228
0.0229954
0.0227296
0.0223702
0.0216409
0.0216189
0.0215895
0.021426
0.0203975
0.0142187
0.0148113
0.0162796
0.0173646
0.018151
0.0187759
0.0192657
0.0196316
0.0199016
0.020086
0.020148
0.0201617
0.0200991
0.0199563
0.019732
0.0194225
0.0190249
0.0185421
0.0179773
0.0173306
0.0165964
0.0158794
0.0151244
0.0143467
0.0135663
0.0127961
0.0120455
0.0113293
0.0106575
0.00997486
0.0181284
0.018924
0.0197238
0.0201246
0.0203534
0.0204947
0.0205506
0.0205301
0.0204622
0.020344
0.0201343
0.0199472
0.0197418
0.019521
0.0192833
0.0190197
0.0187177
0.0183664
0.0179549
0.0174804
0.0169609
0.0163275
0.015663
0.0149583
0.0142214
0.0134639
0.0126937
0.0119253
0.011199
0.0104946
0.0206089
0.0207925
0.0211074
0.0212613
0.021337
0.0213452
0.0212738
0.0211336
0.0209458
0.020675
0.0203254
0.0199902
0.019627
0.0192468
0.0188556
0.0184533
0.0180365
0.0176
0.0171381
0.0166462
0.016123
0.015568
0.0149877
0.0143815
0.013754
0.0131114
0.0124546
0.0117944
0.0112178
0.0108008
0.0220518
0.0218276
0.0219564
0.0220392
0.0220483
0.0219809
0.021832
0.0216185
0.0213493
0.020955
0.0205088
0.0200494
0.0195479
0.0190209
0.0184802
0.0179337
0.0173868
0.0168424
0.0163014
0.0157624
0.0152238
0.0146895
0.014156
0.0136203
0.0130824
0.0125425
0.0119934
0.0114378
0.0110049
0.0109227
0.0231423
0.0227702
0.0228167
0.0228288
0.0227545
0.0225997
0.0223648
0.0220653
0.021699
0.0211891
0.0206468
0.0200672
0.0194402
0.0187858
0.0181193
0.0174539
0.0168009
0.0161684
0.0155615
0.0149821
0.0144294
0.0139027
0.0133986
0.0129123
0.0124401
0.0119781
0.0115127
0.0110372
0.0107126
0.0109347
0.0240894
0.0236782
0.02366
0.0235919
0.0234316
0.0231903
0.0228691
0.02248
0.0220064
0.0213913
0.020749
0.0200536
0.0193098
0.0185393
0.0177607
0.0169912
0.0162459
0.0155367
0.0148713
0.0142534
0.0136832
0.0131578
0.0126729
0.0122221
0.0117994
0.0113984
0.0110002
0.0105907
0.0103566
0.0108514
0.0249273
0.0245222
0.0244458
0.0243011
0.0240619
0.0237398
0.0233368
0.0228613
0.0222751
0.0215662
0.0208238
0.0200186
0.0191648
0.0182862
0.0174038
0.0165381
0.0157076
0.0149265
0.0142049
0.0135476
0.0129554
0.0124249
0.0119505
0.0115246
0.0111396
0.010787
0.0104437
0.0100904
0.00993627
0.0106728
0.0256765
0.0253075
0.0251807
0.0249643
0.0246509
0.0242511
0.0237701
0.0232101
0.0225108
0.0217182
0.0208757
0.0199654
0.0190077
0.0180271
0.0170475
0.016092
0.0151812
0.0143319
0.0135556
0.0128582
0.0122406
0.0116996
0.0112286
0.0108189
0.0104616
0.0101467
0.00984743
0.00954102
0.00945794
0.0104025
0.0263589
0.0260475
0.0258765
0.0255912
0.0252059
0.0247311
0.0241746
0.0235256
0.0227221
0.0218483
0.0209069
0.0198958
0.0188388
0.0177616
0.0166901
0.0156496
0.0146629
0.0137483
0.0129185
0.0121804
0.0115352
0.0109793
0.0105057
0.0101049
0.00976719
0.00948091
0.00921603
0.00894835
0.00892824
0.0100464
0.0269916
0.0267523
0.0265417
0.026189
0.0257335
0.0251872
0.0245546
0.0238086
0.0229154
0.0219571
0.0209192
0.0198112
0.0186588
0.0174889
0.0163295
0.0152078
0.0141481
0.0131702
0.0122879
0.0115084
0.0108334
0.0102592
0.00977818
0.00938028
0.00905509
0.00878974
0.0085512
0.00831518
0.0083513
0.00961059
0.0275868
0.0274298
0.0271831
0.0267634
0.0262381
0.0256222
0.0249133
0.0240664
0.0230936
0.0220479
0.0209154
0.0197131
0.018468
0.0172083
0.0159638
0.0147633
0.0136326
0.0125926
0.0116578
0.0108362
0.0101294
0.00953365
0.00904101
0.00864094
0.00832247
0.00807152
0.00785242
0.00764211
0.00772877
0.00910024
0.0281549
0.0280872
0.0278073
0.0273203
0.0267251
0.0260418
0.0252529
0.0243067
0.0232589
0.0221236
0.0208976
0.0196027
0.0182665
0.0169188
0.0155908
0.0143129
0.0131122
0.0120103
0.0110227
0.0101577
0.00941695
0.00879672
0.00828875
0.00788209
0.0075653
0.00732314
0.00711757
0.00692784
0.00706021
0.00851896
0.0287055
0.0287318
0.0284215
0.0278674
0.0272036
0.0264487
0.0255725
0.0245391
0.0234128
0.0221865
0.0208678
0.019481
0.0180544
0.0166193
0.0152084
0.0138534
0.0125825
0.0114184
0.0103769
0.00946668
0.00868973
0.0080421
0.00751527
0.007098
0.00677839
0.00654008
0.00634284
0.00616928
0.00634316
0.00786858
0.0292483
0.0293702
0.0290324
0.0284109
0.0276782
0.0268499
0.0258796
0.0247679
0.0235574
0.0222391
0.0208276
0.0193484
0.0178311
0.0163082
0.014814
0.0133813
0.0120393
0.0108115
0.00971429
0.00875677
0.00794095
0.00726282
0.00671366
0.00628192
0.00595534
0.00571635
0.00552279
0.00536144
0.00557316
0.00714881
0.0297907
0.0300119
0.029648
0.0289586
0.0281563
0.0272495
0.0261834
0.0249958
0.0236964
0.0222843
0.0207786
0.0192056
0.0175961
0.015984
0.0144049
0.0128927
0.0114777
0.010184
0.00902859
0.00802094
0.00716315
0.00645115
0.00587603
0.00542599
0.00508839
0.00484443
0.00465019
0.00449742
0.00474368
0.00635696
0.03034
0.0306682
0.0302808
0.029523
0.028644
0.027648
0.0264953
0.025226
0.023833
0.0223246
0.0207221
0.0190528
0.0173484
0.0156445
0.0139777
0.0123833
0.0108922
0.0095295
0.00831267
0.00725141
0.00634801
0.00559835
0.00499335
0.004521
0.00416827
0.00391509
0.00371591
0.00356818
0.003846
0.00548764
0.0309062
0.0313515
0.0309421
0.0301127
0.0291506
0.0280557
0.026822
0.025462
0.0239709
0.0223625
0.0206594
0.0188897
0.0170866
0.0152869
0.0135286
0.0118479
0.0102768
0.00884095
0.00755847
0.00643934
0.00548601
0.00469433
0.00405508
0.00355607
0.00318388
0.00291707
0.00270862
0.00256234
0.00286887
0.00453245
0.0315062
0.0320753
0.0316457
0.030735
0.02968
0.0284879
0.0271681
0.0257092
0.0241143
0.0224005
0.0205913
0.0187158
0.0168086
0.0149078
0.0130527
0.0112804
0.00962405
0.00810988
0.00675653
0.00557438
0.004566
0.00372726
0.0030488
0.00251828
0.00212186
0.00183666
0.00161434
0.00146568
0.0017981
0.00347944
0.0321637
0.0328497
0.0324022
0.0314046
0.0302421
0.0289562
0.0275386
0.0259727
0.0242672
0.022441
0.0205184
0.0185299
0.0165115
0.0145027
0.0125439
0.0106734
0.0089251
0.00732611
0.00589556
0.00464416
0.00357468
0.00268296
0.00195956
0.00139197
0.000965951
0.000657089
0.000415796
0.000260483
0.000615861
0.00231245
0.0328976
0.0336939
0.0332293
0.032134
0.0308545
0.0294695
0.0279423
0.0262599
0.0244346
0.0224863
0.0204408
0.01833
0.0161913
0.0140656
0.0119944
0.0100172
0.00816882
0.00647709
0.00496164
0.00363355
0.00249574
0.00154409
0.000769042
0.000157964
-0.000303862
-0.000642446
-0.00090851
-0.00107541
-0.000700388
0.00101006
0.0337334
0.0346412
0.0341483
0.0329353
0.0315403
0.030041
0.0283903
0.026579
0.0246213
0.0225386
0.0203579
0.0181128
0.0158421
0.0135881
0.0113937
0.00929946
0.00734098
0.00554684
0.00393722
0.00252351
0.00130881
0.000288978
-0.00054563
-0.00120777
-0.00171268
-0.00208807
-0.0023857
-0.00257008
-0.00217938
-0.000456004
0.0347123
0.0357134
0.0351795
0.0338434
0.0323209
0.0306868
0.0288956
0.0269391
0.0248327
0.0225994
0.0202677
0.0178729
0.0154555
0.0130591
0.010728
0.00850374
0.00642287
0.0045146
0.0027996
0.00128956
-1.23027e-05
-0.00111015
-0.00201373
-0.00273595
-0.00329261
-0.00371323
-0.00405053
-0.0042596
-0.00385831
-0.00212319
0.0358806
0.0369553
0.0363634
0.0348957
0.0332203
0.0314276
0.029474
0.0273507
0.0250742
0.022669
0.020166
0.0176019
0.015019
0.0124625
0.00997778
0.0076076
0.00538927
0.00335259
0.00151863
-0.000100689
-0.00150208
-0.00268976
-0.00367362
-0.00446676
-0.00508563
-0.00556164
-0.00594846
-0.00619119
-0.00578621
-0.0040418
0.0373063
0.0384275
0.0377603
0.0361332
0.0342719
0.0322904
0.0301452
0.0278261
0.0253508
0.0227462
0.020045
0.0172863
0.014514
0.0117748
0.00911547
0.00657958
0.00420519
0.00202257
5.30411e-05
-0.00169134
-0.0032073
-0.00449919
-0.00557711
-0.00645437
-0.00714818
-0.00769201
-0.00814041
-0.00842819
-0.00802923
-0.00628082
0.0391021
0.0402237
0.0394421
0.0376106
0.0355215
0.0333107
0.0309337
0.0283792
0.0256667
0.0228256
0.0198913
0.0169048
0.0139121
0.0109614
0.0081006
0.00537414
0.00282048
0.000470134
-0.00165551
-0.00354446
-0.00519357
-0.00660744
-0.0077964
-0.0087741
-0.00955861
-0.0101856
-0.0107105
-0.0110579
-0.0106793
-0.00893776
0.0413954
0.0424677
0.0415087
0.0394116
0.037036
0.034538
0.0318723
0.0290272
0.0260243
0.0228962
0.019681
0.0164224
0.0131683
0.00996851
0.00687175
0.00392291
0.00116049
-0.00138515
-0.0036929
-0.00575105
-0.00755678
-0.00911497
-0.0104363
-0.0115348
-0.0124295
-0.0131583
-0.0137777
-0.0142034
-0.0138666
-0.0121532
0.0444419
0.0453533
0.0441161
0.0416633
0.0389144
0.0360437
0.0330058
0.0297897
0.02642
0.0229333
0.0193711
0.0157798
0.0122093
0.00871049
0.00533249
0.00211982
-0.000889755
-0.00366677
-0.00619091
-0.00845114
-0.0104451
-0.0121779
-0.0136605
-0.0149073
-0.0159382
-0.016793
-0.0175291
-0.0180563
-0.0177947
-0.0161501
0.0486241
0.0491631
0.0474719
0.0445264
0.0412784
0.0379111
0.034381
0.0306794
0.0268353
0.0228901
0.0188896
0.0148833
0.0109229
0.00705965
0.00334196
-0.000187303
-0.00349245
-0.00654617
-0.00932994
-0.0118339
-0.014057
-0.0160047
-0.0176879
-0.0191212
-0.0203251
-0.0213401
-0.0222234
-0.0228853
-0.0227573
-0.021267
0.0548142
0.0546062
0.05217
0.0485238
0.0445701
0.0404816
0.0362268
0.031811
0.0272751
0.02267
0.0180486
0.0134649
0.00897203
0.00462023
0.000454686
-0.00348594
-0.00717056
-0.010576
-0.0136863
-0.0164922
-0.0189957
-0.0212156
-0.0231476
-0.0248062
-0.0262128
-0.0274053
-0.0284368
-0.029233
-0.0293016
-0.0281323
0.0656217
0.0637269
0.0597361
0.0548593
0.0497417
0.0444796
0.0390697
0.0335473
0.0279704
0.0223993
0.0168913
0.0114997
0.00627225
0.00125024
-0.00353194
-0.00804691
-0.0122738
-0.0161981
-0.0198114
-0.0231113
-0.0260941
-0.0287475
-0.0310973
-0.0331518
-0.034922
-0.0364337
-0.037732
-0.0388062
-0.0393606
-0.0388408
0.0178851
0.0188226
0.0205701
0.0219515
0.0231049
0.0241769
0.0252012
0.0261867
0.0271434
0.0280808
0.0290071
0.02993
0.0308578
0.0317989
0.0327617
0.0337568
0.0347968
0.0358981
0.0370795
0.0383625
0.0397747
0.0413555
0.0431526
0.0452317
0.0476818
0.0506381
0.054286
0.0588382
0.0645221
0.0718592
0.0222049
0.02318
0.0243043
0.0252394
0.0260722
0.0268648
0.0276287
0.0283682
0.0290905
0.0298036
0.0305156
0.0312344
0.0319684
0.0327264
0.0335181
0.0343552
0.0352515
0.036224
0.0372928
0.0384828
0.0398263
0.0413665
0.0431599
0.0452847
0.0478507
0.0510203
0.0550283
0.0601965
0.0670122
0.076064
0.0245121
0.0253803
0.0262222
0.0269726
0.0276999
0.0284206
0.0291317
0.029834
0.0305325
0.0312329
0.0319414
0.0326645
0.0334097
0.0341851
0.0350001
0.0358662
0.0367975
0.0378112
0.0389287
0.0401769
0.0415911
0.0432182
0.0451212
0.0473875
0.0501408
0.0535606
0.0579131
0.0635769
0.0712031
0.0814832
0.0265237
0.0272832
0.02801
0.0286808
0.0293444
0.0300105
0.0306784
0.0313506
0.0320322
0.0327286
0.0334456
0.0341893
0.0349668
0.0357862
0.0366571
0.037591
0.0386025
0.0397092
0.0409335
0.042304
0.0438581
0.0456457
0.0477339
0.0502159
0.0532232
0.0569451
0.0616624
0.0677704
0.0760112
0.0871225
0.0284008
0.0290677
0.0297051
0.0303051
0.0309089
0.0315265
0.0321585
0.0328078
0.0334784
0.0341752
0.0349034
0.0356688
0.0364783
0.0373401
0.0382642
0.0392625
0.04035
0.0415453
0.042872
0.0443602
0.0460497
0.0479929
0.0502607
0.0529506
0.0562001
0.0602059
0.0652588
0.0717652
0.0805508
0.0924108
0.0301147
0.0306997
0.0312614
0.031802
0.0323588
0.0329405
0.0335477
0.0341827
0.0348489
0.0355507
0.0362929
0.0370812
0.0379223
0.0388246
0.0397979
0.0408547
0.0420105
0.0432846
0.0447016
0.0462932
0.0481008
0.0501792
0.0526023
0.0554715
0.058929
0.0631782
0.0685194
0.0753721
0.0846436
0.0972114
0.0316626
0.0321745
0.0326721
0.0331644
0.0336845
0.0342394
0.0348293
0.035456
0.0361226
0.036833
0.0375916
0.0384039
0.0392765
0.0402178
0.0412377
0.0423491
0.0435676
0.0449133
0.0464115
0.0480952
0.0500071
0.0522039
0.0547618
0.0577854
0.0614208
0.0658769
0.0714631
0.0786122
0.0882979
0.101494
0.0330398
0.0334861
0.0339288
0.0343816
0.0348729
0.0354077
0.0359858
0.0366085
0.0372786
0.0379995
0.0387753
0.0396113
0.040514
0.0414916
0.0425545
0.0437154
0.0449904
0.0464001
0.0479705
0.0497354
0.0517387
0.0540386
0.0567131
0.0598692
0.0636562
0.0682879
0.0740809
0.0814805
0.0915056
0.105233
0.0342378
0.0346253
0.0350214
0.0354425
0.0359114
0.0364313
0.0370017
0.0376233
0.0382987
0.0390306
0.039823
0.0406811
0.0416111
0.0426214
0.0437222
0.0449266
0.046251
0.0477162
0.0493488
0.0511834
0.0532647
0.0556521
0.0584251
0.0616926
0.0656065
0.0703841
0.0763488
0.083956
0.0942494
0.108415
0.0352498
0.0355855
0.035943
0.0363391
0.036791
0.0373002
0.0378657
0.0384881
0.0391692
0.0399117
0.0407193
0.0415969
0.0425507
0.0435891
0.0447223
0.0459636
0.0473294
0.0488411
0.0505257
0.0524181
0.054564
0.0570234
0.0598772
0.0632356
0.0672528
0.0721488
0.0782523
0.0860273
0.0965246
0.111045
0.0360727
0.0363646
0.0366912
0.0370682
0.0375075
0.0380091
0.0385717
0.0391957
0.0398824
0.0406343
0.0414549
0.0423489
0.0433225
0.044384
0.0455437
0.0468149
0.0482144
0.0497636
0.0514899
0.0534286
0.0556259
0.0581426
0.0610604
0.0644907
0.0685891
0.0735778
0.07979
0.0876965
0.0983415
0.113145
0.0367088
0.0369652
0.0372684
0.0376314
0.0380617
0.0385581
0.0391191
0.0397449
0.0404365
0.0411961
0.0420271
0.0429341
0.0439233
0.0450028
0.046183
0.0474774
0.0489028
0.0504807
0.0522389
0.054213
0.0564495
0.0590097
0.0619759
0.0654604
0.06962
0.0746784
0.080972
0.0889774
0.0997221
0.114745
0.0371651
0.0373952
0.0376817
0.0380351
0.0384593
0.0389524
0.0395127
0.04014
0.0408354
0.0416009
0.0424396
0.043356
0.0443565
0.0454491
0.0466442
0.0479552
0.0493991
0.0509977
0.0527786
0.0547779
0.0570422
0.0596333
0.0626338
0.0661566
0.0703594
0.0754668
0.0818175
0.0898927
0.100697
0.115888
0.0374534
0.0376664
0.0379424
0.03829
0.0387106
0.0392017
0.0397616
0.0403902
0.0410882
0.0418575
0.0427011
0.0436238
0.0446315
0.0457324
0.046937
0.0482586
0.0497143
0.051326
0.0531214
0.0551366
0.0574186
0.0600292
0.0630513
0.0665984
0.0708283
0.0759663
0.082353
0.0904719
0.101304
0.116617
0.0375888
0.0377935
0.0380645
0.0384094
0.0388284
0.0393187
0.0398786
0.0405078
0.0412071
0.0419782
0.0428244
0.04375
0.0447612
0.0458661
0.0470753
0.048402
0.0498634
0.0514813
0.0532837
0.0553065
0.0575969
0.0602168
0.0632493
0.0668079
0.0710507
0.0762033
0.0826071
0.0907467
0.101586
0.116969
0.0375888
0.0377935
0.0380645
0.0384094
0.0388284
0.0393187
0.0398786
0.0405078
0.0412071
0.0419782
0.0428244
0.04375
0.0447612
0.0458661
0.0470753
0.048402
0.0498634
0.0514813
0.0532837
0.0553065
0.0575969
0.0602168
0.0632493
0.0668079
0.0710507
0.0762033
0.0826071
0.0907467
0.101586
0.116969
0.0374534
0.0376664
0.0379424
0.03829
0.0387106
0.0392017
0.0397616
0.0403902
0.0410882
0.0418575
0.0427011
0.0436238
0.0446315
0.0457324
0.046937
0.0482586
0.0497144
0.051326
0.0531214
0.0551366
0.0574186
0.0600292
0.0630514
0.0665984
0.0708283
0.0759663
0.082353
0.0904719
0.101304
0.116617
0.0371651
0.0373952
0.0376817
0.0380351
0.0384593
0.0389524
0.0395127
0.04014
0.0408354
0.0416009
0.0424396
0.043356
0.0443565
0.0454491
0.0466442
0.0479552
0.0493991
0.0509977
0.0527786
0.0547779
0.0570422
0.0596333
0.0626338
0.0661567
0.0703594
0.0754668
0.0818176
0.0898927
0.100697
0.115888
0.0367087
0.0369652
0.0372684
0.0376313
0.0380617
0.0385581
0.0391191
0.0397449
0.0404365
0.0411961
0.0420271
0.0429341
0.0439233
0.0450028
0.0461831
0.0474774
0.0489028
0.0504808
0.0522389
0.054213
0.0564495
0.0590097
0.0619759
0.0654605
0.0696201
0.0746785
0.0809721
0.0889775
0.0997222
0.114746
0.0360727
0.0363645
0.0366912
0.0370682
0.0375075
0.0380091
0.0385717
0.0391956
0.0398824
0.0406343
0.0414549
0.0423489
0.0433225
0.044384
0.0455437
0.0468149
0.0482144
0.0497636
0.0514899
0.0534286
0.0556259
0.0581427
0.0610604
0.0644907
0.0685891
0.0735779
0.0797901
0.0876966
0.0983416
0.113145
0.0352498
0.0355855
0.035943
0.0363391
0.036791
0.0373002
0.0378657
0.0384881
0.0391692
0.0399117
0.0407193
0.0415969
0.0425507
0.0435891
0.0447223
0.0459636
0.0473295
0.0488412
0.0505257
0.0524182
0.054564
0.0570235
0.0598773
0.0632357
0.0672529
0.0721489
0.0782524
0.0860274
0.0965248
0.111046
0.0342378
0.0346252
0.0350214
0.0354425
0.0359114
0.0364313
0.0370016
0.0376233
0.0382986
0.0390306
0.039823
0.0406811
0.0416111
0.0426214
0.0437223
0.0449266
0.046251
0.0477162
0.0493489
0.0511835
0.0532648
0.0556522
0.0584252
0.0616927
0.0656066
0.0703843
0.076349
0.0839562
0.0942496
0.108416
0.0330397
0.033486
0.0339288
0.0343816
0.0348729
0.0354077
0.0359857
0.0366085
0.0372786
0.0379995
0.0387753
0.0396113
0.040514
0.0414917
0.0425545
0.0437154
0.0449904
0.0464001
0.0479706
0.0497355
0.0517388
0.0540387
0.0567132
0.0598693
0.0636564
0.068288
0.0740811
0.0814807
0.0915058
0.105234
0.0316626
0.0321745
0.0326721
0.0331644
0.0336845
0.0342394
0.0348293
0.035456
0.0361226
0.036833
0.0375916
0.0384039
0.0392766
0.0402178
0.0412378
0.0423491
0.0435676
0.0449133
0.0464116
0.0480953
0.0500072
0.052204
0.0547619
0.0577855
0.0614209
0.0658771
0.0714633
0.0786125
0.0882982
0.101494
0.0301147
0.0306997
0.0312614
0.031802
0.0323588
0.0329405
0.0335477
0.0341826
0.0348489
0.0355507
0.0362929
0.0370812
0.0379224
0.0388246
0.0397979
0.0408548
0.0420106
0.0432847
0.0447017
0.0462933
0.0481009
0.0501793
0.0526024
0.0554716
0.0589291
0.0631784
0.0685196
0.0753724
0.0846439
0.0972118
0.0284008
0.0290677
0.0297051
0.0303051
0.0309089
0.0315265
0.0321585
0.0328078
0.0334784
0.0341752
0.0349034
0.0356688
0.0364783
0.0373402
0.0382642
0.0392625
0.04035
0.0415454
0.042872
0.0443603
0.0460498
0.047993
0.0502608
0.0529508
0.0562003
0.0602061
0.0652591
0.0717655
0.0805511
0.0924113
0.0265237
0.0272832
0.0280099
0.0286808
0.0293444
0.0300105
0.0306783
0.0313505
0.0320322
0.0327286
0.0334456
0.0341893
0.0349668
0.0357862
0.0366571
0.0375911
0.0386025
0.0397093
0.0409336
0.0423041
0.0438582
0.0456458
0.047734
0.0502161
0.0532234
0.0569454
0.0616626
0.0677707
0.0760116
0.087123
0.024512
0.0253803
0.0262222
0.0269725
0.0276998
0.0284206
0.0291316
0.029834
0.0305325
0.0312329
0.0319414
0.0326645
0.0334097
0.0341851
0.0350001
0.0358662
0.0367975
0.0378113
0.0389288
0.040177
0.0415912
0.0432183
0.0451214
0.0473876
0.050141
0.0535608
0.0579134
0.0635772
0.0712035
0.0814837
0.0222049
0.02318
0.0243043
0.0252393
0.0260722
0.0268648
0.0276287
0.0283682
0.0290904
0.0298036
0.0305156
0.0312344
0.0319683
0.0327264
0.0335181
0.0343552
0.0352515
0.036224
0.0372929
0.0384829
0.0398264
0.0413666
0.04316
0.0452849
0.0478509
0.0510206
0.0550286
0.0601968
0.0670127
0.0760645
0.0178851
0.0188226
0.0205701
0.0219515
0.0231049
0.0241769
0.0252011
0.0261867
0.0271434
0.0280808
0.0290071
0.02993
0.0308578
0.0317989
0.0327618
0.0337568
0.0347968
0.0358981
0.0370796
0.0383625
0.0397747
0.0413556
0.0431527
0.0452318
0.047682
0.0506384
0.0542862
0.0588385
0.0645225
0.0718598
0.0656223
0.0637275
0.0597367
0.0548599
0.0497424
0.0444803
0.0390704
0.033548
0.027971
0.0223999
0.0168919
0.0115003
0.00627283
0.00125079
-0.00353141
-0.00804641
-0.0122734
-0.0161977
-0.019811
-0.023111
-0.0260937
-0.0287472
-0.031097
-0.0331515
-0.0349218
-0.0364335
-0.0377318
-0.038806
-0.0393604
-0.0388406
0.0548147
0.0546066
0.0521705
0.0485243
0.0445706
0.0404821
0.0362273
0.0318116
0.0272757
0.0226705
0.0180491
0.0134654
0.00897251
0.00462069
0.000455127
-0.00348553
-0.00717017
-0.0105756
-0.013686
-0.0164919
-0.0189954
-0.0212153
-0.0231473
-0.024806
-0.0262126
-0.0274051
-0.0284366
-0.0292328
-0.0293015
-0.0281321
0.0486245
0.0491634
0.0474723
0.0445268
0.0412788
0.0379115
0.0343815
0.0306798
0.0268357
0.0228906
0.0188901
0.0148837
0.0109233
0.00706004
0.00334233
-0.000186952
-0.00349212
-0.00654586
-0.00932965
-0.0118337
-0.0140567
-0.0160045
-0.0176877
-0.019121
-0.0203249
-0.0213399
-0.0222233
-0.0228851
-0.0227572
-0.0212668
0.0444422
0.0453537
0.0441164
0.0416636
0.0389148
0.036044
0.0330062
0.02979
0.0264204
0.0229336
0.0193714
0.0157801
0.0122096
0.00871081
0.00533281
0.00212012
-0.000889474
-0.0036665
-0.00619067
-0.00845092
-0.0104449
-0.0121777
-0.0136604
-0.0149072
-0.0159381
-0.0167929
-0.017529
-0.0180562
-0.0177946
-0.01615
0.0413956
0.0424679
0.041509
0.0394118
0.0370362
0.0345383
0.0318726
0.0290275
0.0260246
0.0228965
0.0196813
0.0164227
0.0131686
0.00996879
0.00687202
0.00392316
0.00116074
-0.00138493
-0.00369269
-0.00575086
-0.00755661
-0.00911482
-0.0104362
-0.0115347
-0.0124294
-0.0131582
-0.0137777
-0.0142033
-0.0138666
-0.0121531
0.0391024
0.0402239
0.0394424
0.0376108
0.0355218
0.033311
0.030934
0.0283795
0.0256669
0.0228259
0.0198916
0.0169051
0.0139123
0.0109616
0.00810083
0.00537435
0.00282069
0.000470326
-0.00165533
-0.00354429
-0.00519342
-0.00660731
-0.0077963
-0.00877402
-0.00955855
-0.0101855
-0.0107104
-0.0110579
-0.0106793
-0.0089377
0.0373065
0.0384276
0.0377605
0.0361334
0.0342721
0.0322906
0.0301454
0.0278263
0.025351
0.0227464
0.0200453
0.0172865
0.0145142
0.011775
0.00911567
0.00657977
0.00420536
0.00202273
5.31924e-05
-0.0016912
-0.00320717
-0.00449908
-0.00557701
-0.0064543
-0.00714813
-0.00769198
-0.0081404
-0.00842819
-0.00802923
-0.00628079
0.0358807
0.0369555
0.0363635
0.0348959
0.0332205
0.0314278
0.0294742
0.0273509
0.0250744
0.0226692
0.0201661
0.0176021
0.0150192
0.0124627
0.00997795
0.00760776
0.00538941
0.00335272
0.00151875
-0.000100574
-0.00150197
-0.00268965
-0.00367352
-0.00446668
-0.00508556
-0.00556161
-0.00594845
-0.0061912
-0.00578623
-0.0040418
0.0347124
0.0357135
0.0351796
0.0338436
0.0323211
0.030687
0.0288957
0.0269393
0.0248329
0.0225995
0.0202679
0.017873
0.0154556
0.0130593
0.0107281
0.00850387
0.00642298
0.00451471
0.0027997
0.00128965
-1.22196e-05
-0.00111006
-0.00201364
-0.00273586
-0.00329254
-0.00371317
-0.00405051
-0.0042596
-0.00385833
-0.0021232
0.0337335
0.0346413
0.0341484
0.0329354
0.0315404
0.0300411
0.0283904
0.0265791
0.0246215
0.0225388
0.0203581
0.0181129
0.0158422
0.0135883
0.0113938
0.00929957
0.00734108
0.00554693
0.00393729
0.00252357
0.00130886
0.00028903
-0.000545574
-0.00120771
-0.00171262
-0.00208801
-0.00238565
-0.00257006
-0.00217939
-0.000456017
0.0328976
0.0336939
0.0332294
0.0321341
0.0308546
0.0294696
0.0279424
0.02626
0.0244347
0.0224865
0.0204409
0.0183301
0.0161914
0.0140657
0.0119945
0.0100173
0.0081689
0.00647715
0.00496169
0.00363359
0.00249578
0.00154412
0.000769066
0.000157996
-0.000303817
-0.000642391
-0.000908456
-0.00107537
-0.00070037
0.00101006
0.0321638
0.0328497
0.0324022
0.0314047
0.0302421
0.0289563
0.0275387
0.0259728
0.0242673
0.0224411
0.0205185
0.01853
0.0165116
0.0145028
0.012544
0.0106735
0.00892516
0.00732617
0.0058956
0.00464419
0.00357469
0.00268296
0.00195955
0.00139197
0.000965959
0.000657115
0.000415836
0.000260525
0.000615893
0.00231247
0.0315062
0.0320754
0.0316457
0.0307351
0.02968
0.028488
0.0271682
0.0257092
0.0241144
0.0224006
0.0205913
0.0187158
0.0168086
0.0149079
0.0130527
0.0112805
0.00962409
0.00810992
0.00675656
0.0055744
0.00456601
0.00372725
0.00304878
0.00251824
0.00212183
0.00183665
0.00161434
0.0014657
0.00179813
0.00347947
0.0309062
0.0313516
0.0309422
0.0301127
0.0291507
0.0280557
0.026822
0.0254621
0.023971
0.0223626
0.0206594
0.0188897
0.0170866
0.015287
0.0135286
0.0118479
0.0102768
0.00884098
0.00755848
0.00643935
0.00548601
0.00469432
0.00405505
0.00355603
0.00318383
0.00291702
0.00270858
0.00256233
0.00286887
0.00453247
0.03034
0.0306682
0.0302808
0.029523
0.028644
0.027648
0.0264954
0.025226
0.0238331
0.0223246
0.0207222
0.0190528
0.0173484
0.0156445
0.0139777
0.0123833
0.0108922
0.00952951
0.00831268
0.00725141
0.006348
0.00559834
0.00499332
0.00452095
0.00416821
0.00391502
0.00371584
0.00356813
0.00384597
0.00548764
0.0297907
0.0300119
0.029648
0.0289586
0.0281563
0.0272495
0.0261834
0.0249958
0.0236964
0.0222843
0.0207786
0.0192057
0.0175961
0.0159841
0.0144049
0.0128927
0.0114777
0.0101839
0.00902858
0.00802093
0.00716313
0.00645113
0.005876
0.00542595
0.00508833
0.00484436
0.0046501
0.00449734
0.00474363
0.00635693
0.0292483
0.0293702
0.0290324
0.0284109
0.0276782
0.0268499
0.0258796
0.0247679
0.0235574
0.0222391
0.0208276
0.0193484
0.0178311
0.0163082
0.014814
0.0133813
0.0120393
0.0108115
0.00971427
0.00875674
0.00794092
0.00726279
0.00671363
0.00628189
0.00595529
0.00571628
0.0055227
0.00536136
0.00557308
0.00714875
0.0287055
0.0287318
0.0284215
0.0278674
0.0272036
0.0264487
0.0255725
0.0245391
0.0234128
0.0221865
0.0208678
0.0194809
0.0180543
0.0166192
0.0152084
0.0138534
0.0125825
0.0114184
0.0103768
0.00946664
0.00868969
0.00804206
0.00751523
0.00709796
0.00677835
0.00654002
0.00634277
0.00616919
0.00634307
0.0078685
0.0281549
0.0280871
0.0278073
0.0273202
0.026725
0.0260418
0.0252529
0.0243067
0.0232589
0.0221236
0.0208976
0.0196027
0.0182665
0.0169188
0.0155908
0.0143129
0.0131121
0.0120103
0.0110227
0.0101576
0.0094169
0.00879667
0.0082887
0.00788205
0.00756525
0.0073231
0.00711751
0.00692777
0.00706012
0.00851887
0.0275868
0.0274298
0.0271831
0.0267634
0.0262381
0.0256222
0.0249132
0.0240664
0.0230936
0.0220479
0.0209153
0.0197131
0.0184679
0.0172083
0.0159637
0.0147632
0.0136326
0.0125925
0.0116578
0.0108361
0.0101293
0.00953358
0.00904094
0.00864089
0.00832242
0.00807148
0.00785238
0.00764205
0.00772869
0.00910015
0.0269915
0.0267523
0.0265416
0.0261889
0.0257334
0.0251871
0.0245546
0.0238086
0.0229153
0.0219571
0.0209191
0.0198111
0.0186587
0.0174889
0.0163295
0.0152077
0.0141481
0.0131702
0.0122878
0.0115084
0.0108334
0.0102591
0.0097781
0.00938021
0.00905503
0.00878969
0.00855115
0.00831513
0.00835123
0.00961051
0.0263589
0.0260475
0.0258764
0.0255912
0.0252059
0.024731
0.0241745
0.0235255
0.022722
0.0218483
0.0209068
0.0198957
0.0188387
0.0177615
0.01669
0.0156495
0.0146628
0.0137482
0.0129184
0.0121803
0.0115351
0.0109793
0.0105057
0.0101048
0.00976711
0.00948085
0.00921598
0.0089483
0.00892819
0.0100463
0.0256764
0.0253075
0.0251806
0.0249642
0.0246509
0.024251
0.02377
0.02321
0.0225107
0.0217181
0.0208756
0.0199653
0.0190076
0.018027
0.0170474
0.0160919
0.0151811
0.0143318
0.0135555
0.0128581
0.0122405
0.0116995
0.0112285
0.0108188
0.0104616
0.0101467
0.00984737
0.00954097
0.00945789
0.0104024
0.0249272
0.0245222
0.0244458
0.024301
0.0240619
0.0237398
0.0233368
0.0228613
0.022275
0.0215661
0.0208237
0.0200185
0.0191648
0.0182861
0.0174037
0.016538
0.0157075
0.0149264
0.0142048
0.0135475
0.0129553
0.0124248
0.0119504
0.0115246
0.0111395
0.0107869
0.0104437
0.0100903
0.00993623
0.0106728
0.0240893
0.0236782
0.0236599
0.0235918
0.0234316
0.0231903
0.022869
0.02248
0.0220063
0.0213912
0.0207489
0.0200535
0.0193097
0.0185392
0.0177606
0.0169911
0.0162458
0.0155366
0.0148712
0.0142533
0.013683
0.0131577
0.0126728
0.012222
0.0117993
0.0113983
0.0110002
0.0105907
0.0103565
0.0108513
0.0231422
0.0227701
0.0228167
0.0228288
0.0227544
0.0225996
0.0223647
0.0220652
0.0216989
0.021189
0.0206467
0.0200671
0.0194401
0.0187857
0.0181192
0.0174538
0.0168008
0.0161683
0.0155614
0.0149819
0.0144293
0.0139026
0.0133985
0.0129122
0.01244
0.011978
0.0115126
0.0110371
0.0107126
0.0109347
0.0220517
0.0218275
0.0219564
0.0220392
0.0220482
0.0219808
0.0218319
0.0216185
0.0213492
0.0209549
0.0205087
0.0200493
0.0195477
0.0190208
0.0184801
0.0179336
0.0173867
0.0168423
0.0163013
0.0157623
0.0152237
0.0146893
0.0141559
0.0136202
0.0130823
0.0125424
0.0119933
0.0114378
0.0110048
0.0109227
0.0206089
0.0207925
0.0211074
0.0212612
0.021337
0.0213451
0.0212737
0.0211335
0.0209457
0.0206749
0.0203253
0.0199901
0.0196269
0.0192467
0.0188555
0.0184531
0.0180363
0.0175998
0.017138
0.016646
0.0161229
0.0155679
0.0149876
0.0143814
0.0137539
0.0131113
0.0124545
0.0117943
0.0112177
0.0108008
0.0181284
0.018924
0.0197237
0.0201245
0.0203534
0.0204947
0.0205505
0.02053
0.0204621
0.0203439
0.0201341
0.019947
0.0197417
0.0195208
0.0192832
0.0190196
0.0187176
0.0183662
0.0179547
0.0174802
0.0169607
0.0163274
0.0156628
0.0149582
0.0142213
0.0134638
0.0126936
0.0119253
0.011199
0.0104946
0.0142187
0.0148114
0.0162796
0.0173646
0.018151
0.0187759
0.0192656
0.0196315
0.0199015
0.0200859
0.0201478
0.0201615
0.020099
0.0199561
0.0197318
0.0194223
0.0190247
0.0185419
0.0179772
0.0173304
0.0165962
0.0158792
0.0151243
0.0143466
0.0135662
0.012796
0.0120454
0.0113293
0.0106575
0.00997483
-0.0405187
-0.0325754
-0.0265773
-0.0217067
-0.0176863
-0.0143394
-0.0115159
-0.00910653
-0.00702813
-0.00521744
-0.00362582
-0.00221529
-0.000955832
0.00017659
0.00120147
0.00213478
0.00298965
0.00377689
0.00450524
0.00518157
0.00581082
0.00639599
0.00693798
0.00743548
0.00788463
0.00827708
0.00860293
0.00885991
0.00904965
0.00909576
-0.0406699
-0.0325994
-0.0263066
-0.0213061
-0.0172099
-0.0138077
-0.0109384
-0.00848729
-0.00636954
-0.00452156
-0.00289497
-0.00145247
-0.00016506
0.000989939
0.0020303
0.00296988
0.00381936
0.00458676
0.00527792
0.00589683
0.00644592
0.00692636
0.00733835
0.00768142
0.00795437
0.00815504
0.00828169
0.00835569
0.00847089
0.00866922
-0.0414936
-0.0335724
-0.0272638
-0.0222581
-0.0181486
-0.0147282
-0.0118389
-0.00936763
-0.00723093
-0.0053662
-0.00372563
-0.00227225
-0.000977145
0.000182517
0.00122484
0.00216421
0.00301202
0.00377724
0.00446678
0.00508585
0.00563816
0.00612618
0.00655131
0.0069142
0.00721463
0.00744902
0.00760779
0.00770545
0.00787249
0.00826499
-0.0424948
-0.0348756
-0.0286818
-0.0237188
-0.0196031
-0.016152
-0.0132203
-0.0107015
-0.00851618
-0.00660383
-0.00491797
-0.00342232
-0.00208827
-0.000893084
0.000181428
0.00114987
0.00202397
0.00281309
0.00352468
0.00416454
0.00473713
0.00524568
0.00569253
0.00607945
0.0064077
0.00667471
0.00686904
0.00700136
0.00722133
0.00777826
-0.0434026
-0.0360369
-0.0299639
-0.025051
-0.0209366
-0.01746
-0.0144887
-0.0119236
-0.00968949
-0.00772848
-0.00599561
-0.00445551
-0.00308005
-0.00184671
-0.00073734
0.000262749
0.00116547
0.00198049
0.00271558
0.00337698
0.00396961
0.00449726
0.00496281
0.00536868
0.00571692
0.00600599
0.00622431
0.00637998
0.00662843
0.00727722
-0.0441819
-0.0369988
-0.0310341
-0.0261736
-0.022072
-0.0185838
-0.0155869
-0.0129883
-0.0107169
-0.00871733
-0.00694631
-0.00536939
-0.00395904
-0.00269306
-0.00155345
-0.000525511
0.000402766
0.00124121
0.00199786
0.00267926
0.00329071
0.00383641
0.00431969
0.00474343
0.00511024
0.0054194
0.0056599
0.00583725
0.0061012
0.00678487
-0.0448487
-0.0378046
-0.0319411
-0.0271332
-0.0230519
-0.0195623
-0.0165501
-0.0139281
-0.0116286
-0.00959869
-0.00779654
-0.00618879
-0.00474856
-0.00345405
-0.00228746
-0.00123421
-0.000282275
0.000578261
0.00135558
0.00205644
0.00268638
0.00324993
0.00375074
0.00419201
0.00457673
0.004905
0.00516706
0.00536617
0.00563805
0.00631263
-0.0454122
-0.0384789
-0.0327104
-0.0279523
-0.0238939
-0.0204082
-0.0173874
-0.0147486
-0.0124274
-0.010373
-0.00854507
-0.00691121
-0.0054452
-0.00412566
-0.00293508
-0.00185898
-0.000885417
-4.43647e-06
0.000792225
0.00151145
0.00215897
0.00273951
0.00325699
0.00371482
0.00411626
0.00446213
0.00474445
0.00496473
0.00523924
0.00587247
-0.0458784
-0.0390328
-0.0333511
-0.0286377
-0.0246021
-0.0211231
-0.0180977
-0.0154471
-0.0131094
-0.0110357
-0.00918681
-0.00753136
-0.0060437
-0.00470289
-0.00349164
-0.00239568
-0.00140311
-0.000504
0.000309958
0.00104573
0.00170916
0.00230515
0.00283779
0.00331067
0.00372718
0.00408882
0.00438961
0.00462993
0.00490388
0.0054752
-0.0462547
-0.0394761
-0.0338714
-0.0291962
-0.0251817
-0.0217103
-0.0186834
-0.0160248
-0.0136748
-0.0115862
-0.00972083
-0.00804807
-0.00654284
-0.00518454
-0.00395615
-0.00284355
-0.00183493
-0.000920385
-9.16006e-05
0.000658441
0.00133567
0.0019451
0.00249097
0.00297698
0.0034066
0.00378189
0.00409895
0.00435756
0.00462946
0.00512919
-0.0465499
-0.0398197
-0.034281
-0.0296368
-0.0256405
-0.0221768
-0.0191499
-0.0164861
-0.0141273
-0.0120275
-0.0101496
-0.00846341
-0.00694438
-0.00557223
-0.00433016
-0.00320417
-0.00218253
-0.0012554
-0.000414459
0.000347347
0.001036
0.00165659
0.00221346
0.00271041
0.00315096
0.00353757
0.0038683
0.00414288
0.00441248
0.0048402
-0.0467732
-0.0400746
-0.03459
-0.0299698
-0.0259882
-0.0225311
-0.019505
-0.0168378
-0.0144729
-0.0123651
-0.0104779
-0.00878176
-0.00725238
-0.00586975
-0.00461725
-0.003481
-0.00244934
-0.00151247
-0.000662074
0.000108909
0.000806499
0.00143585
0.00200137
0.00250695
0.00295609
0.0033516
0.00369316
0.00398087
0.00424864
0.00461141
-0.0469334
-0.0402512
-0.0348088
-0.0302055
-0.0262348
-0.0227829
-0.0197577
-0.0170885
-0.0147196
-0.0126062
-0.0107126
-0.00900947
-0.00747279
-0.00608274
-0.00482281
-0.00367923
-0.00264039
-0.00169651
-0.000839287
-6.16611e-05
0.000642413
0.00127812
0.00184995
0.0023618
0.00281722
0.00321919
0.00356869
0.00386634
0.00413306
0.00444349
-0.047038
-0.0403596
-0.0349473
-0.0303547
-0.026391
-0.0229425
-0.019918
-0.0172477
-0.0148762
-0.0127595
-0.0108618
-0.00915431
-0.00761303
-0.00621828
-0.00495364
-0.0038054
-0.00276198
-0.00181362
-0.000952043
-0.000170164
0.000538067
0.00117786
0.00175373
0.00226962
0.00272908
0.0031352
0.0034898
0.00379406
0.00406045
0.00433487
-0.0470911
-0.0404093
-0.0350138
-0.0304262
-0.0264659
-0.023019
-0.0199949
-0.017324
-0.0149513
-0.0128329
-0.0109333
-0.0092237
-0.00768021
-0.00628321
-0.00501632
-0.00386584
-0.00282022
-0.00186972
-0.00100605
-0.000222127
0.0004881
0.00112986
0.00170767
0.0022255
0.00268689
0.00309501
0.00345206
0.00375958
0.00402602
0.00428265
-0.0470911
-0.0404093
-0.0350138
-0.0304262
-0.0264659
-0.023019
-0.0199949
-0.017324
-0.0149513
-0.0128329
-0.0109333
-0.0092237
-0.00768021
-0.00628321
-0.00501632
-0.00386584
-0.00282023
-0.00186972
-0.00100605
-0.000222128
0.000488098
0.00112985
0.00170767
0.0022255
0.00268689
0.003095
0.00345206
0.00375958
0.00402602
0.00428265
-0.047038
-0.0403596
-0.0349473
-0.0303547
-0.026391
-0.0229425
-0.019918
-0.0172477
-0.0148762
-0.0127595
-0.0108618
-0.00915431
-0.00761303
-0.00621828
-0.00495365
-0.0038054
-0.00276198
-0.00181363
-0.000952047
-0.000170169
0.000538062
0.00117786
0.00175373
0.00226962
0.00272907
0.00313519
0.00348979
0.00379406
0.00406045
0.00433487
-0.0469334
-0.0402512
-0.0348088
-0.0302055
-0.0262348
-0.0227829
-0.0197577
-0.0170885
-0.0147196
-0.0126062
-0.0107126
-0.00900948
-0.0074728
-0.00608274
-0.00482282
-0.00367923
-0.0026404
-0.00169651
-0.000839295
-6.16689e-05
0.000642406
0.00127812
0.00184994
0.0023618
0.00281721
0.00321919
0.00356868
0.00386634
0.00413306
0.00444349
-0.0467732
-0.0400746
-0.03459
-0.0299698
-0.0259882
-0.0225311
-0.019505
-0.0168378
-0.0144729
-0.0123651
-0.0104779
-0.00878177
-0.00725239
-0.00586976
-0.00461726
-0.003481
-0.00244935
-0.00151248
-0.000662085
0.000108898
0.000806488
0.00143584
0.00200136
0.00250694
0.00295608
0.00335159
0.00369315
0.00398086
0.00424863
0.00461141
-0.0465499
-0.0398197
-0.034281
-0.0296368
-0.0256405
-0.0221768
-0.0191499
-0.0164861
-0.0141273
-0.0120275
-0.0101496
-0.00846342
-0.00694439
-0.00557224
-0.00433017
-0.00320418
-0.00218255
-0.00125542
-0.000414472
0.000347333
0.00103598
0.00165657
0.00221345
0.0027104
0.00315095
0.00353756
0.00386829
0.00414287
0.00441247
0.0048402
-0.0462547
-0.0394761
-0.0338714
-0.0291962
-0.0251817
-0.0217103
-0.0186834
-0.0160248
-0.0136748
-0.0115862
-0.00972083
-0.00804808
-0.00654285
-0.00518454
-0.00395616
-0.00284356
-0.00183494
-0.000920399
-9.16169e-05
0.000658424
0.00133565
0.00194508
0.00249095
0.00297696
0.00340659
0.00378188
0.00409893
0.00435755
0.00462945
0.00512918
-0.0458784
-0.0390328
-0.0333511
-0.0286377
-0.0246021
-0.021123
-0.0180977
-0.0154471
-0.0131094
-0.0110357
-0.00918682
-0.00753137
-0.00604372
-0.0047029
-0.00349165
-0.00239569
-0.00140312
-0.000504014
0.000309941
0.00104571
0.00170914
0.00230513
0.00283777
0.00331065
0.00372717
0.0040888
0.0043896
0.00462992
0.00490387
0.00547519
-0.0454122
-0.0384789
-0.0327104
-0.0279523
-0.0238939
-0.0204082
-0.0173874
-0.0147486
-0.0124274
-0.010373
-0.00854508
-0.00691123
-0.00544522
-0.00412568
-0.00293509
-0.001859
-0.000885427
-4.44914e-06
0.000792209
0.00151143
0.00215894
0.00273948
0.00325696
0.0037148
0.00411623
0.00446211
0.00474443
0.00496472
0.00523923
0.00587246
-0.0448486
-0.0378046
-0.0319411
-0.0271332
-0.0230519
-0.0195623
-0.0165501
-0.0139281
-0.0116286
-0.00959867
-0.00779655
-0.00618881
-0.00474859
-0.00345407
-0.00228749
-0.00123423
-0.000282288
0.000578249
0.00135557
0.00205642
0.00268636
0.0032499
0.00375071
0.00419198
0.0045767
0.00490498
0.00516704
0.00536615
0.00563803
0.00631261
-0.0441818
-0.0369988
-0.031034
-0.0261735
-0.022072
-0.0185838
-0.0155868
-0.0129882
-0.0107168
-0.00871731
-0.0069463
-0.0053694
-0.00395907
-0.0026931
-0.00155349
-0.00052554
0.000402745
0.0012412
0.00199785
0.00267925
0.00329069
0.00383638
0.00431966
0.0047434
0.00511021
0.00541937
0.00565988
0.00583723
0.00610118
0.00678486
-0.0434025
-0.0360368
-0.0299638
-0.0250509
-0.0209366
-0.01746
-0.0144887
-0.0119236
-0.00968946
-0.00772845
-0.00599559
-0.00445551
-0.00308007
-0.00184675
-0.000737389
0.000262703
0.00116544
0.00198046
0.00271556
0.00337697
0.00396959
0.00449724
0.00496279
0.00536864
0.00571689
0.00600596
0.00622429
0.00637996
0.00662841
0.00727721
-0.0424947
-0.0348755
-0.0286817
-0.0237187
-0.0196031
-0.016152
-0.0132203
-0.0107015
-0.00851615
-0.00660379
-0.00491793
-0.0034223
-0.00208828
-0.00089312
0.000181374
0.00114981
0.00202391
0.00281304
0.00352464
0.00416452
0.00473711
0.00524566
0.0056925
0.00607942
0.00640766
0.00667468
0.00686901
0.00700133
0.00722131
0.00777824
-0.0414935
-0.0335723
-0.0272637
-0.0222581
-0.0181485
-0.0147282
-0.0118389
-0.00936764
-0.00723093
-0.00536617
-0.00372559
-0.00227222
-0.000977137
0.000182497
0.00122479
0.00216414
0.00301196
0.00377718
0.00446673
0.00508581
0.00563813
0.00612616
0.00655128
0.00691418
0.0072146
0.00744899
0.00760776
0.00770542
0.00787247
0.00826496
-0.0406698
-0.0325993
-0.0263065
-0.021306
-0.0172098
-0.0138077
-0.0109384
-0.00848731
-0.00636956
-0.00452157
-0.00289495
-0.00145244
-0.000165043
0.000989936
0.00203027
0.00296983
0.00381928
0.00458668
0.00527785
0.00589677
0.00644587
0.00692632
0.00733832
0.00768139
0.00795434
0.00815501
0.00828166
0.00835566
0.00847086
0.0086692
-0.0405186
-0.0325753
-0.0265773
-0.0217066
-0.0176863
-0.0143394
-0.0115159
-0.00910657
-0.00702817
-0.00521748
-0.00362583
-0.00221528
-0.000955818
0.000176598
0.00120147
0.00213475
0.0029896
0.00377682
0.00450517
0.0051815
0.00581076
0.00639595
0.00693794
0.00743545
0.0078846
0.00827706
0.00860291
0.00885989
0.00904964
0.00909575
0.00844286
0.00795448
0.00735382
0.00673568
0.00614973
0.00560038
0.00508368
0.00459834
0.00414422
0.00372097
0.00332777
0.00296359
0.00262727
0.00231755
0.00203312
0.00177262
0.00153469
0.00131799
0.00112118
0.000942956
0.000782057
0.000637265
0.00050741
0.000391376
0.000288099
0.00019657
0.000115835
4.49939e-05
-1.67999e-05
-7.03406e-05
-0.000116372
-0.000155588
-0.000188635
-0.000216116
-0.00023859
-0.000256572
-0.00027054
-0.000280936
-0.000288165
-0.000292599
-0.000294578
-0.000294415
-0.000292394
-0.000288774
-0.000283789
-0.000277652
-0.000270555
-0.000262671
-0.000254154
-0.000245145
-0.000235767
-0.000226132
-0.000216337
-0.00020647
-0.00019661
-0.000186857
-0.000177373
-0.000168159
-0.000158115
-0.000148553
-0.000139472
-0.000130745
-0.000122342
-0.000114268
-0.000106533
-9.91382e-05
-9.20835e-05
-8.53675e-05
-7.89868e-05
-7.2936e-05
-6.7207e-05
-6.1803e-05
-5.67115e-05
-5.1911e-05
-4.74023e-05
-4.3177e-05
-3.92236e-05
-3.55309e-05
-3.20878e-05
-2.88833e-05
-2.59064e-05
-2.3146e-05
-2.05915e-05
-1.82321e-05
-1.60577e-05
-1.40583e-05
-1.22242e-05
-1.05466e-05
-9.01683e-06
-7.62709e-06
-6.37032e-06
-5.2404e-06
-4.23238e-06
-3.34264e-06
-2.56805e-06
-1.90554e-06
-1.3617e-06
-9.84188e-07
-8.37363e-07
-6.21031e-07
0.00766503
0.00744022
0.00703037
0.00654289
0.00606825
0.0056186
0.0051889
0.00477791
0.00438653
0.00401543
0.00366484
0.00333469
0.00302475
0.00273465
0.00246388
0.00221186
0.00197793
0.00176135
0.00156136
0.00137719
0.00120801
0.00105301
0.000911403
0.000782373
0.00066514
0.000558942
0.000463036
0.000376709
0.000299272
0.000230068
0.000168471
0.000113883
6.57408e-05
2.35093e-05
-1.33139e-05
-4.52016e-05
-7.2597e-05
-9.59144e-05
-0.00011554
-0.000131835
-0.000145132
-0.000155742
-0.00016395
-0.000170022
-0.000174199
-0.000176706
-0.000177746
-0.000177507
-0.000176158
-0.000173855
-0.000170737
-0.000166929
-0.000162545
-0.000157684
-0.000152433
-0.000146844
-0.000140864
-0.000134514
-0.000129078
-0.000123265
-0.000117263
-0.000111267
-0.00010534
-9.95124e-05
-9.38075e-05
-8.8247e-05
-8.28479e-05
-7.76229e-05
-7.25815e-05
-6.77311e-05
-6.30855e-05
-5.86506e-05
-5.4406e-05
-5.03617e-05
-4.65194e-05
-4.28773e-05
-3.94319e-05
-3.6179e-05
-3.31139e-05
-3.02314e-05
-2.75258e-05
-2.49911e-05
-2.26212e-05
-2.04097e-05
-1.83502e-05
-1.64362e-05
-1.46614e-05
-1.30194e-05
-1.15042e-05
-1.01098e-05
-8.83058e-06
-7.66119e-06
-6.59663e-06
-5.63216e-06
-4.76153e-06
-3.97445e-06
-3.27048e-06
-2.71783e-06
-2.41566e-06
-1.6858e-06
0.00700429
0.00700162
0.00673155
0.00633471
0.00593936
0.00556302
0.0051985
0.00484409
0.00450125
0.00417134
0.00385518
0.00355333
0.00326615
0.00299385
0.00273648
0.00249397
0.00226614
0.00205269
0.00185327
0.00166746
0.00149478
0.00133472
0.00118674
0.00105027
0.000924749
0.000809588
0.000704213
0.000608052
0.000520541
0.000441131
0.000369286
0.000304491
0.000246246
0.000194074
0.00014752
0.000106149
6.95501e-05
3.73325e-05
9.1287e-06
-1.54072e-05
-3.65998e-05
-5.47532e-05
-7.01513e-05
-8.30585e-05
-9.37208e-05
-0.000102366
-0.000109206
-0.000114434
-0.000118231
-0.000120762
-0.000122177
-0.000122616
-0.000122205
-0.000121059
-0.000119285
-0.000116975
-0.0001142
-0.000111031
-0.000107582
-0.000103862
-9.99371e-05
-9.58826e-05
-9.17457e-05
-8.75618e-05
-8.33626e-05
-7.91767e-05
-7.50288e-05
-7.09401e-05
-6.69284e-05
-6.30088e-05
-5.91968e-05
-5.55074e-05
-5.19328e-05
-4.84868e-05
-4.5176e-05
-4.20035e-05
-3.89711e-05
-3.60796e-05
-3.33289e-05
-3.07179e-05
-2.8245e-05
-2.59079e-05
-2.37037e-05
-2.16291e-05
-1.96806e-05
-1.78543e-05
-1.61461e-05
-1.45517e-05
-1.30667e-05
-1.16868e-05
-1.04073e-05
-9.22362e-06
-8.13102e-06
-7.12467e-06
-6.19686e-06
-5.3328e-06
-4.53058e-06
-3.89499e-06
-3.59598e-06
-2.61162e-06
0.00644661
0.00659824
0.00643143
0.00611013
0.00578295
0.00546949
0.00516114
0.00485605
0.00455612
0.00426316
0.00397844
0.00370296
0.00343753
0.0031828
0.00293926
0.00270724
0.00248692
0.00227839
0.0020816
0.00189643
0.0017227
0.00156012
0.00140839
0.00126714
0.00113598
0.0010145
0.000902264
0.000798822
0.000703724
0.000616518
0.000536753
0.000463986
0.000397783
0.000337719
0.000283386
0.000234385
0.000190339
0.000150882
0.000115667
8.43653e-05
5.66636e-05
3.22667e-05
1.08963e-05
-7.70911e-06
-2.37949e-05
-3.75903e-05
-4.93094e-05
-5.91514e-05
-6.73016e-05
-7.39312e-05
-7.91991e-05
-8.32515e-05
-8.62232e-05
-8.82378e-05
-8.94089e-05
-8.98407e-05
-8.96281e-05
-8.88535e-05
-8.75859e-05
-8.59083e-05
-8.3889e-05
-8.15876e-05
-7.90569e-05
-7.63437e-05
-7.349e-05
-7.05329e-05
-6.7505e-05
-6.44352e-05
-6.13488e-05
-5.82676e-05
-5.52113e-05
-5.21968e-05
-4.92348e-05
-4.63383e-05
-4.35174e-05
-4.07803e-05
-3.81335e-05
-3.55818e-05
-3.31292e-05
-3.07783e-05
-2.85307e-05
-2.63873e-05
-2.43481e-05
-2.24125e-05
-2.05795e-05
-1.88473e-05
-1.72139e-05
-1.56769e-05
-1.42334e-05
-1.28803e-05
-1.16142e-05
-1.04313e-05
-9.3276e-06
-8.29886e-06
-7.33712e-06
-6.42468e-06
-5.55961e-06
-4.88588e-06
-4.65637e-06
-3.51283e-06
0.00596985
0.00622772
0.0061381
0.00588369
0.00561839
0.00536084
0.00510211
0.00484077
0.00457914
0.00431937
0.00406313
0.00381177
0.0035665
0.00332833
0.0030981
0.00287646
0.00266394
0.0024609
0.00226758
0.00208411
0.00191053
0.00174678
0.00159275
0.00144824
0.00131303
0.00118683
0.00106934
0.000960228
0.000859138
0.000765706
0.000679558
0.000600316
0.000527605
0.000461051
0.000400286
0.000344949
0.000294691
0.000249174
0.00020807
0.000171066
0.000137862
0.000108172
8.17255e-05
5.82645e-05
3.75461e-05
1.93414e-05
3.4352e-06
-1.03742e-05
-2.22757e-05
-3.24451e-05
-4.10466e-05
-4.82325e-05
-5.4144e-05
-5.89117e-05
-6.2656e-05
-6.54881e-05
-6.75102e-05
-6.88164e-05
-6.94933e-05
-6.962e-05
-6.92688e-05
-6.85062e-05
-6.73923e-05
-6.59815e-05
-6.43229e-05
-6.24601e-05
-6.04325e-05
-5.8275e-05
-5.60188e-05
-5.36916e-05
-5.13179e-05
-4.89189e-05
-4.6513e-05
-4.41164e-05
-4.17434e-05
-3.94062e-05
-3.71149e-05
-3.48784e-05
-3.27037e-05
-3.05966e-05
-2.85617e-05
-2.66027e-05
-2.47221e-05
-2.29217e-05
-2.12026e-05
-1.9565e-05
-1.80086e-05
-1.65328e-05
-1.51362e-05
-1.38169e-05
-1.25727e-05
-1.14008e-05
-1.02983e-05
-9.26189e-06
-8.28413e-06
-7.34549e-06
-6.44371e-06
-5.76012e-06
-5.63748e-06
-4.40054e-06
0.00557515
0.00589692
0.00586419
0.00566837
0.0054579
0.00524897
0.00503316
0.00480977
0.00458148
0.00435077
0.00411959
0.00388962
0.0036624
0.00343922
0.00322122
0.00300934
0.00280435
0.00260685
0.00241732
0.00223611
0.00206343
0.00189942
0.00174411
0.00159747
0.0014594
0.00132974
0.00120829
0.00109482
0.000989053
0.000890709
0.000799478
0.000715042
0.000637077
0.000565251
0.000499237
0.000438707
0.000383339
0.000332817
0.000286834
0.000245092
0.000207303
0.000173192
0.000142495
0.000114959
9.03436e-05
6.84225e-05
4.89802e-05
3.18137e-05
1.67322e-05
3.55645e-06
-7.88134e-06
-1.7738e-05
-2.61597e-05
-3.32824e-05
-3.92326e-05
-4.4127e-05
-4.80742e-05
-5.11745e-05
-5.35209e-05
-5.51979e-05
-5.62837e-05
-5.68504e-05
-5.69638e-05
-5.66839e-05
-5.6065e-05
-5.51565e-05
-5.40028e-05
-5.26441e-05
-5.11164e-05
-4.94521e-05
-4.768e-05
-4.58259e-05
-4.39124e-05
-4.19596e-05
-3.99854e-05
-3.80054e-05
-3.6033e-05
-3.40799e-05
-3.21562e-05
-3.02705e-05
-2.84298e-05
-2.664e-05
-2.4906e-05
-2.32316e-05
-2.16197e-05
-2.00723e-05
-1.85908e-05
-1.71759e-05
-1.58276e-05
-1.45454e-05
-1.33281e-05
-1.21741e-05
-1.10814e-05
-1.00481e-05
-9.06772e-06
-8.11957e-06
-7.20007e-06
-6.52327e-06
-6.52593e-06
-5.25222e-06
0.00525772
0.00560707
0.00561538
0.00547111
0.00530876
0.00514158
0.0049624
0.00477143
0.0045717
0.00436593
0.00415633
0.0039449
0.0037334
0.00352341
0.00331629
0.0031132
0.00291512
0.00272287
0.0025371
0.00235833
0.00218694
0.00202321
0.00186731
0.00171933
0.00157927
0.00144709
0.00132268
0.00120587
0.00109649
0.000994293
0.000899042
0.000810469
0.000728291
0.00065222
0.000581958
0.000517209
0.000457673
0.000403058
0.000353072
0.000307433
0.000265864
0.0002281
0.000193882
0.000162964
0.000135109
0.000110093
8.77002e-05
6.77283e-05
4.99849e-05
3.4289e-05
2.04699e-05
8.3677e-06
-2.1676e-06
-1.12761e-05
-1.90887e-05
-2.57269e-05
-3.13041e-05
-3.59251e-05
-3.96876e-05
-4.26812e-05
-4.49891e-05
-4.6688e-05
-4.78483e-05
-4.85344e-05
-4.88052e-05
-4.87144e-05
-4.83109e-05
-4.76389e-05
-4.67386e-05
-4.56461e-05
-4.43942e-05
-4.30121e-05
-4.15259e-05
-3.99591e-05
-3.83324e-05
-3.66643e-05
-3.49711e-05
-3.32671e-05
-3.15647e-05
-2.98746e-05
-2.82063e-05
-2.65675e-05
-2.4965e-05
-2.34042e-05
-2.18898e-05
-2.04253e-05
-1.90134e-05
-1.76561e-05
-1.63547e-05
-1.51098e-05
-1.39214e-05
-1.27888e-05
-1.17111e-05
-1.06878e-05
-9.7137e-06
-8.76739e-06
-7.84272e-06
-7.18013e-06
-7.31146e-06
-6.04942e-06
0.00500956
0.00535788
0.00539523
0.00529613
0.00517546
0.00504363
0.00489529
0.00473161
0.00455593
0.00437117
0.00417982
0.00398409
0.00378598
0.00358729
0.00338955
0.00319412
0.00300216
0.00281464
0.00263236
0.00245597
0.002286
0.00212284
0.00196676
0.00181796
0.00167654
0.00154254
0.0014159
0.00129656
0.00118437
0.00107917
0.000980761
0.000888911
0.000803382
0.000723914
0.000650243
0.000582094
0.000519191
0.000461259
0.000408021
0.000359209
0.000314556
0.000273804
0.000236703
0.000203011
0.000172494
0.000144931
0.000120107
9.78195e-05
7.78766e-05
6.00955e-05
4.43037e-05
3.0339e-05
1.80486e-05
7.28918e-06
-2.07334e-06
-1.01643e-05
-1.71007e-05
-2.29914e-05
-2.79373e-05
-3.20325e-05
-3.53638e-05
-3.80118e-05
-4.00505e-05
-4.15482e-05
-4.25674e-05
-4.31654e-05
-4.33945e-05
-4.33024e-05
-4.29326e-05
-4.23245e-05
-4.15137e-05
-4.05325e-05
-3.94098e-05
-3.81718e-05
-3.68417e-05
-3.54404e-05
-3.39865e-05
-3.24963e-05
-3.09843e-05
-2.94632e-05
-2.7944e-05
-2.64364e-05
-2.49485e-05
-2.34874e-05
-2.20589e-05
-2.0668e-05
-1.93185e-05
-1.80135e-05
-1.67554e-05
-1.55459e-05
-1.43858e-05
-1.32756e-05
-1.22154e-05
-1.12056e-05
-1.02428e-05
-9.30518e-06
-8.38291e-06
-7.73527e-06
-7.98774e-06
-6.77907e-06
0.00482162
0.00514811
0.00520579
0.00514576
0.00506047
0.00495802
0.00483517
0.00469405
0.00453822
0.00437082
0.00419454
0.00401182
0.00382485
0.00363558
0.00344572
0.00325678
0.00307003
0.0028866
0.00270739
0.00253318
0.00236458
0.00220209
0.00204607
0.0018968
0.00175446
0.00161913
0.00149084
0.00136958
0.00125524
0.00114772
0.00104684
0.000952421
0.00086425
0.000782096
0.000705718
0.000634863
0.000569273
0.000508687
0.000452843
0.000401481
0.000354347
0.000311188
0.00027176
0.000235825
0.000203154
0.000173526
0.000146729
0.000122562
0.00010083
8.13519e-05
6.39529e-05
4.84692e-05
3.4746e-05
2.26377e-05
1.20075e-05
2.72739e-06
-5.32257e-06
-1.22542e-05
-1.81714e-05
-2.31711e-05
-2.73434e-05
-3.0772e-05
-3.35339e-05
-3.57004e-05
-3.73369e-05
-3.85035e-05
-3.92555e-05
-3.96432e-05
-3.97128e-05
-3.95062e-05
-3.90616e-05
-3.84136e-05
-3.75934e-05
-3.66293e-05
-3.55466e-05
-3.43682e-05
-3.31145e-05
-3.18035e-05
-3.04514e-05
-2.90725e-05
-2.76792e-05
-2.62825e-05
-2.48919e-05
-2.35156e-05
-2.21606e-05
-2.08329e-05
-1.95374e-05
-1.82781e-05
-1.70584e-05
-1.58807e-05
-1.47468e-05
-1.36581e-05
-1.26154e-05
-1.16202e-05
-1.06707e-05
-9.7454e-06
-8.82948e-06
-8.1932e-06
-8.55176e-06
-7.43245e-06
0.00468425
0.00497586
0.00504779
0.00502084
0.00496478
0.00488614
0.0047839
0.00466099
0.00452116
0.00436774
0.00420362
0.0040314
0.00385343
0.00367181
0.00348837
0.00330472
0.00312228
0.00294225
0.00276563
0.00259329
0.00242593
0.0022641
0.00210826
0.00195873
0.00181576
0.00167948
0.00154998
0.00142727
0.00131131
0.001202
0.00109923
0.00100282
0.0009126
0.000828355
0.000749864
0.000676891
0.000609192
0.00054652
0.000488624
0.000435253
0.000386159
0.000341097
0.000299827
0.000262115
0.000227735
0.000196467
0.000168103
0.000142439
0.000119284
9.84525e-05
7.97715e-05
6.30753e-05
4.82075e-05
3.50209e-05
2.33767e-05
1.31445e-05
4.20239e-06
-3.56393e-06
-1.02603e-05
-1.59857e-05
-2.08332e-05
-2.48889e-05
-2.82325e-05
-3.09371e-05
-3.30708e-05
-3.46958e-05
-3.58695e-05
-3.66445e-05
-3.70691e-05
-3.71873e-05
-3.7039e-05
-3.66609e-05
-3.60859e-05
-3.53442e-05
-3.44625e-05
-3.34654e-05
-3.23747e-05
-3.12099e-05
-2.99884e-05
-2.87257e-05
-2.74355e-05
-2.61298e-05
-2.48192e-05
-2.35129e-05
-2.22188e-05
-2.09437e-05
-1.96933e-05
-1.84725e-05
-1.72853e-05
-1.6135e-05
-1.5024e-05
-1.39544e-05
-1.29279e-05
-1.19467e-05
-1.10105e-05
-1.00984e-05
-9.19039e-06
-8.55931e-06
-9.00389e-06
-8.0048e-06
0.00458796
0.00483879
0.00492089
0.00492109
0.00488833
0.00482838
0.00474229
0.00463362
0.0045063
0.00436379
0.00420916
0.00404514
0.00387421
0.00369858
0.00352018
0.00334073
0.0031617
0.00298437
0.00280985
0.00263903
0.0024727
0.00231147
0.00215584
0.00200618
0.00186278
0.00172583
0.00159544
0.00147166
0.00135449
0.00124385
0.00113964
0.00104174
0.00094996
0.000864125
0.000784022
0.000709431
0.00064012
0.00057585
0.000516379
0.000461464
0.000410863
0.000364336
0.000321646
0.000282563
0.000246863
0.00021433
0.000184753
0.000157932
0.000133674
0.000111795
9.21202e-05
7.44836e-05
5.87277e-05
4.47038e-05
3.22717e-05
2.12996e-05
1.16634e-05
3.24696e-06
-4.05634e-06
-1.03462e-05
-1.57194e-05
-2.0264e-05
-2.40612e-05
-2.71859e-05
-2.97078e-05
-3.16909e-05
-3.31944e-05
-3.42725e-05
-3.49749e-05
-3.53474e-05
-3.54314e-05
-3.5265e-05
-3.48825e-05
-3.43153e-05
-3.35917e-05
-3.27373e-05
-3.17749e-05
-3.07252e-05
-2.96067e-05
-2.84359e-05
-2.72272e-05
-2.59937e-05
-2.47466e-05
-2.34959e-05
-2.22503e-05
-2.10172e-05
-1.9803e-05
-1.86133e-05
-1.74525e-05
-1.63245e-05
-1.52326e-05
-1.41791e-05
-1.31663e-05
-1.21973e-05
-1.12729e-05
-1.03735e-05
-9.47333e-06
-8.84008e-06
-9.34756e-06
-8.49443e-06
0.00452396
0.00473438
0.00482394
0.00484541
0.00483032
0.0047844
0.00471041
0.00461242
0.00449445
0.00436009
0.00421254
0.00405465
0.00388899
0.00371784
0.00354323
0.00336692
0.00319046
0.00301519
0.00284226
0.00267262
0.0025071
0.00234634
0.0021909
0.00204118
0.0018975
0.00176008
0.00162906
0.00150452
0.00138647
0.00127486
0.00116962
0.00107061
0.000977695
0.000890692
0.000809405
0.000733623
0.000663123
0.000597673
0.00053704
0.000480984
0.000429268
0.000381655
0.000337913
0.000297815
0.000261136
0.000227663
0.000197186
0.000169505
0.000144427
0.000121769
0.000101355
8.30184e-05
6.66011e-05
5.19536e-05
3.89345e-05
2.74107e-05
1.72569e-05
8.35405e-06
5.96431e-07
-6.11313e-06
-1.1878e-05
-1.67878e-05
-2.09241e-05
-2.4363e-05
-2.71753e-05
-2.94265e-05
-3.11769e-05
-3.24819e-05
-3.33926e-05
-3.39557e-05
-3.42139e-05
-3.42063e-05
-3.39683e-05
-3.35323e-05
-3.29274e-05
-3.21801e-05
-3.13143e-05
-3.03514e-05
-2.93105e-05
-2.82089e-05
-2.70618e-05
-2.58827e-05
-2.46837e-05
-2.34752e-05
-2.22663e-05
-2.10652e-05
-1.98787e-05
-1.87126e-05
-1.75722e-05
-1.64615e-05
-1.53843e-05
-1.43435e-05
-1.33417e-05
-1.23824e-05
-1.14675e-05
-1.05792e-05
-9.68592e-06
-9.04298e-06
-9.58864e-06
-8.90186e-06
0.00448454
0.00466009
0.00475518
0.00479214
0.00478951
0.00475341
0.00468791
0.00459738
0.00448594
0.00435727
0.00421465
0.00406103
0.00389905
0.00373104
0.00355907
0.00338497
0.00321031
0.00303649
0.00286468
0.00269588
0.00253093
0.00237052
0.00221523
0.00206548
0.00192162
0.00178388
0.00165244
0.00152738
0.00140872
0.00129645
0.00119048
0.00109072
0.000997019
0.000909208
0.000827101
0.000750493
0.000679169
0.000612901
0.00055146
0.000494611
0.000442119
0.000393752
0.000349279
0.000308472
0.000271112
0.000236984
0.00020588
0.000177599
0.00015195
0.000128748
0.000107818
8.89935e-05
7.21147e-05
5.70318e-05
4.36029e-05
3.16945e-05
2.11799e-05
1.19335e-05
3.85307e-06
-3.14397e-06
-9.18098e-06
-1.43466e-05
-1.87204e-05
-2.23793e-05
-2.53951e-05
-2.7834e-05
-2.97573e-05
-3.12213e-05
-3.22779e-05
-3.29747e-05
-3.3355e-05
-3.34588e-05
-3.33222e-05
-3.29782e-05
-3.24567e-05
-3.17847e-05
-3.09867e-05
-3.00847e-05
-2.90984e-05
-2.80455e-05
-2.69417e-05
-2.58011e-05
-2.46359e-05
-2.34571e-05
-2.22743e-05
-2.10958e-05
-1.99288e-05
-1.87796e-05
-1.76536e-05
-1.65553e-05
-1.54887e-05
-1.4457e-05
-1.34632e-05
-1.25108e-05
-1.16029e-05
-1.07234e-05
-9.83563e-06
-9.17604e-06
-9.73494e-06
-9.22907e-06
0.00446327
0.00461347
0.00471245
0.00475932
0.00476441
0.00473438
0.00467414
0.00458822
0.00448081
0.00435564
0.00421607
0.00406509
0.00390537
0.00373929
0.00356895
0.0033962
0.00322266
0.00304973
0.00287861
0.00271032
0.00254573
0.00238554
0.00223033
0.00208057
0.00193659
0.00179866
0.00166695
0.00154157
0.00142254
0.00130985
0.00120345
0.00110321
0.00100902
0.000920711
0.000838095
0.000760975
0.000689138
0.000622363
0.00056042
0.000503078
0.000450106
0.00040127
0.000356342
0.000315096
0.000277313
0.000242778
0.000211284
0.000182631
0.000156627
0.000133087
0.000111837
9.27086e-05
7.55431e-05
6.01899e-05
4.6507e-05
3.43617e-05
2.36257e-05
1.41513e-05
5.86274e-06
-1.29322e-06
-7.49831e-06
-1.28258e-05
-1.73484e-05
-2.11445e-05
-2.42869e-05
-2.68427e-05
-2.88736e-05
-3.04365e-05
-3.15839e-05
-3.23637e-05
-3.282e-05
-3.2993e-05
-3.29195e-05
-3.26327e-05
-3.21631e-05
-3.15379e-05
-3.07822e-05
-2.99181e-05
-2.89658e-05
-2.79432e-05
-2.68664e-05
-2.57496e-05
-2.46055e-05
-2.34452e-05
-2.22786e-05
-2.11142e-05
-1.99594e-05
-1.88208e-05
-1.77038e-05
-1.66133e-05
-1.55533e-05
-1.45274e-05
-1.35385e-05
-1.25905e-05
-1.16868e-05
-1.08137e-05
-9.92969e-06
-9.248e-06
-9.79716e-06
-9.47651e-06
0.00445503
0.00459206
0.00469312
0.00474466
0.00475329
0.00472603
0.00466819
0.00458438
0.00447881
0.00435524
0.00421706
0.00406727
0.00390858
0.00374338
0.00357378
0.00340164
0.00322861
0.00305608
0.00288526
0.0027172
0.00255277
0.00239267
0.00223749
0.00208771
0.00194367
0.00180564
0.0016738
0.00154826
0.00142905
0.00131617
0.00120954
0.00110909
0.00101466
0.000926115
0.000843257
0.000765895
0.000693816
0.000626801
0.000564621
0.000507048
0.000453848
0.000404792
0.00035965
0.000318197
0.000280215
0.000245489
0.000213812
0.000184984
0.000158813
0.000135115
0.000113714
9.44437e-05
7.71438e-05
6.16641e-05
4.78629e-05
3.561e-05
2.47732e-05
1.5139e-05
6.79359e-06
-4.0841e-07
-6.7027e-06
-1.21144e-05
-1.67091e-05
-2.05698e-05
-2.37717e-05
-2.63821e-05
-2.84632e-05
-3.00723e-05
-3.12619e-05
-3.20805e-05
-3.25722e-05
-3.27775e-05
-3.27333e-05
-3.24732e-05
-3.20276e-05
-3.14243e-05
-3.06882e-05
-2.98417e-05
-2.89052e-05
-2.78966e-05
-2.68323e-05
-2.57266e-05
-2.45923e-05
-2.34406e-05
-2.22815e-05
-2.11236e-05
-1.99745e-05
-1.88407e-05
-1.77279e-05
-1.66409e-05
-1.5584e-05
-1.45607e-05
-1.35742e-05
-1.2628e-05
-1.17262e-05
-1.08566e-05
-9.97454e-06
-9.27292e-06
-9.80092e-06
-9.62609e-06
0.00445503
0.00459206
0.00469312
0.00474466
0.00475329
0.00472603
0.00466819
0.00458438
0.00447881
0.00435524
0.00421706
0.00406727
0.00390858
0.00374338
0.00357378
0.00340165
0.00322861
0.00305608
0.00288527
0.00271721
0.00255277
0.00239267
0.00223749
0.00208771
0.00194367
0.00180564
0.0016738
0.00154826
0.00142905
0.00131617
0.00120954
0.00110909
0.00101467
0.000926115
0.000843258
0.000765896
0.000693817
0.000626801
0.000564622
0.000507048
0.000453848
0.000404792
0.00035965
0.000318197
0.000280215
0.000245489
0.000213811
0.000184983
0.000158812
0.000135115
0.000113714
9.44434e-05
7.71435e-05
6.16638e-05
4.78627e-05
3.56099e-05
2.47737e-05
1.51379e-05
6.79191e-06
-4.08431e-07
-6.70244e-06
-1.21143e-05
-1.67091e-05
-2.05698e-05
-2.37716e-05
-2.6382e-05
-2.84631e-05
-3.00721e-05
-3.12617e-05
-3.20802e-05
-3.25718e-05
-3.27771e-05
-3.27329e-05
-3.24727e-05
-3.20271e-05
-3.14238e-05
-3.06876e-05
-2.98411e-05
-2.89046e-05
-2.78961e-05
-2.68317e-05
-2.5726e-05
-2.45917e-05
-2.344e-05
-2.22809e-05
-2.1123e-05
-1.99739e-05
-1.88401e-05
-1.77273e-05
-1.66404e-05
-1.55835e-05
-1.45602e-05
-1.35737e-05
-1.26275e-05
-1.17258e-05
-1.08562e-05
-9.97416e-06
-9.27259e-06
-9.80065e-06
-9.62591e-06
0.00446326
0.00461347
0.00471245
0.00475932
0.00476441
0.00473438
0.00467414
0.00458822
0.00448081
0.00435565
0.00421607
0.00406509
0.00390537
0.00373929
0.00356895
0.00339621
0.00322267
0.00304974
0.00287861
0.00271033
0.00254573
0.00238555
0.00223034
0.00208057
0.00193659
0.00179867
0.00166696
0.00154157
0.00142254
0.00130986
0.00120345
0.00110322
0.00100902
0.000920713
0.000838096
0.000760976
0.00068914
0.000622364
0.000560421
0.000503079
0.000450106
0.00040127
0.000356342
0.000315096
0.000277313
0.000242778
0.000211283
0.00018263
0.000156626
0.000133086
0.000111836
9.27077e-05
7.55422e-05
6.0189e-05
4.65061e-05
3.4361e-05
2.36253e-05
1.41506e-05
5.86122e-06
-1.2939e-06
-7.49856e-06
-1.2826e-05
-1.73485e-05
-2.11444e-05
-2.42867e-05
-2.68423e-05
-2.8873e-05
-3.04358e-05
-3.1583e-05
-3.23626e-05
-3.28188e-05
-3.29918e-05
-3.29181e-05
-3.26313e-05
-3.21615e-05
-3.15363e-05
-3.07805e-05
-2.99164e-05
-2.89641e-05
-2.79414e-05
-2.68646e-05
-2.57478e-05
-2.46037e-05
-2.34435e-05
-2.22769e-05
-2.11125e-05
-1.99577e-05
-1.88191e-05
-1.77022e-05
-1.66117e-05
-1.55518e-05
-1.45259e-05
-1.35371e-05
-1.25891e-05
-1.16855e-05
-1.08125e-05
-9.92863e-06
-9.24708e-06
-9.7964e-06
-9.476e-06
0.00448453
0.00466009
0.00475518
0.00479214
0.00478951
0.00475341
0.00468791
0.00459738
0.00448594
0.00435727
0.00421466
0.00406104
0.00389905
0.00373104
0.00355908
0.00338497
0.00321032
0.0030365
0.00286468
0.00269588
0.00253093
0.00237053
0.00221523
0.00206548
0.00192162
0.00178389
0.00165244
0.00152738
0.00140872
0.00129645
0.00119049
0.00109073
0.000997022
0.000909211
0.000827104
0.000750496
0.000679171
0.000612903
0.000551461
0.000494612
0.00044212
0.000393753
0.000349279
0.000308473
0.000271112
0.000236984
0.000205879
0.000177598
0.000151949
0.000128747
0.000107817
8.89922e-05
7.21133e-05
5.70304e-05
4.36016e-05
3.16932e-05
2.11787e-05
1.19323e-05
3.85181e-06
-3.14483e-06
-9.18148e-06
-1.43468e-05
-1.87203e-05
-2.2379e-05
-2.53945e-05
-2.78331e-05
-2.97561e-05
-3.12199e-05
-3.22763e-05
-3.29728e-05
-3.33529e-05
-3.34565e-05
-3.33198e-05
-3.29756e-05
-3.2454e-05
-3.1782e-05
-3.09839e-05
-3.00819e-05
-2.90956e-05
-2.80426e-05
-2.69388e-05
-2.57982e-05
-2.4633e-05
-2.34542e-05
-2.22714e-05
-2.1093e-05
-1.9926e-05
-1.87769e-05
-1.7651e-05
-1.65528e-05
-1.54863e-05
-1.44547e-05
-1.34609e-05
-1.25087e-05
-1.16009e-05
-1.07216e-05
-9.83401e-06
-9.17465e-06
-9.7338e-06
-9.22832e-06
0.00452396
0.00473438
0.00482394
0.00484541
0.00483032
0.0047844
0.00471042
0.00461242
0.00449446
0.0043601
0.00421254
0.00405465
0.00388899
0.00371785
0.00354324
0.00336693
0.00319047
0.0030152
0.00284227
0.00267263
0.00250711
0.00234635
0.00219091
0.00204119
0.00189751
0.00176009
0.00162907
0.00150453
0.00138647
0.00127487
0.00116962
0.00107062
0.0009777
0.000890696
0.000809409
0.000733627
0.000663126
0.000597676
0.000537042
0.000480986
0.00042927
0.000381657
0.000337915
0.000297815
0.000261137
0.000227663
0.000197185
0.000169504
0.000144426
0.000121768
0.000101353
8.30168e-05
6.65995e-05
5.19519e-05
3.89327e-05
2.7409e-05
1.72553e-05
8.35263e-06
5.95191e-07
-6.11401e-06
-1.18785e-05
-1.67879e-05
-2.09238e-05
-2.43623e-05
-2.71742e-05
-2.9425e-05
-3.1175e-05
-3.24796e-05
-3.339e-05
-3.39528e-05
-3.42108e-05
-3.42029e-05
-3.39648e-05
-3.35286e-05
-3.29236e-05
-3.21762e-05
-3.13103e-05
-3.03473e-05
-2.93064e-05
-2.82048e-05
-2.70577e-05
-2.58787e-05
-2.46797e-05
-2.34712e-05
-2.22624e-05
-2.10614e-05
-1.98749e-05
-1.8709e-05
-1.75686e-05
-1.64581e-05
-1.5381e-05
-1.43403e-05
-1.33387e-05
-1.23796e-05
-1.14649e-05
-1.05769e-05
-9.68385e-06
-9.04124e-06
-9.58722e-06
-8.90093e-06
0.00458795
0.00483878
0.00492089
0.00492109
0.00488833
0.00482839
0.00474229
0.00463362
0.00450631
0.0043638
0.00420916
0.00404515
0.00387422
0.00369859
0.00352019
0.00334074
0.00316171
0.00298439
0.00280986
0.00263905
0.00247271
0.00231148
0.00215585
0.00200619
0.00186279
0.00172584
0.00159545
0.00147167
0.0013545
0.00124386
0.00113965
0.00104174
0.000949967
0.000864131
0.000784028
0.000709436
0.000640124
0.000575854
0.000516383
0.000461468
0.000410866
0.000364338
0.000321647
0.000282564
0.000246864
0.00021433
0.000184753
0.000157931
0.000133673
0.000111794
9.21187e-05
7.44819e-05
5.87258e-05
4.47018e-05
3.22697e-05
2.12977e-05
1.16616e-05
3.2454e-06
-4.05761e-06
-1.0347e-05
-1.57197e-05
-2.02639e-05
-2.40605e-05
-2.71847e-05
-2.9706e-05
-3.16887e-05
-3.31916e-05
-3.42693e-05
-3.49713e-05
-3.53434e-05
-3.54271e-05
-3.52604e-05
-3.48777e-05
-3.43104e-05
-3.35866e-05
-3.2732e-05
-3.17696e-05
-3.07199e-05
-2.96014e-05
-2.84305e-05
-2.72219e-05
-2.59884e-05
-2.47414e-05
-2.34908e-05
-2.22453e-05
-2.10123e-05
-1.97983e-05
-1.86087e-05
-1.7448e-05
-1.63202e-05
-1.52284e-05
-1.41751e-05
-1.31626e-05
-1.21939e-05
-1.12697e-05
-1.03707e-05
-9.47089e-06
-8.83804e-06
-9.34591e-06
-8.49337e-06
0.00468424
0.00497586
0.00504778
0.00502084
0.00496478
0.00488615
0.00478391
0.00466099
0.00452117
0.00436775
0.00420363
0.00403141
0.00385345
0.00367182
0.00348838
0.00330474
0.0031223
0.00294226
0.00276565
0.00259331
0.00242594
0.00226412
0.00210828
0.00195875
0.00181577
0.00167949
0.00154999
0.00142728
0.00131132
0.00120201
0.00109924
0.00100283
0.000912608
0.000828363
0.000749871
0.000676897
0.000609198
0.000546526
0.000488629
0.000435257
0.000386163
0.0003411
0.000299829
0.000262116
0.000227736
0.000196468
0.000168103
0.000142439
0.000119283
9.84511e-05
7.97698e-05
6.30733e-05
4.82054e-05
3.50186e-05
2.33744e-05
1.31423e-05
4.20038e-06
-3.56564e-06
-1.02616e-05
-1.59864e-05
-2.08333e-05
-2.48885e-05
-2.82313e-05
-3.09353e-05
-3.30682e-05
-3.46926e-05
-3.58657e-05
-3.66402e-05
-3.70643e-05
-3.7182e-05
-3.70334e-05
-3.66549e-05
-3.60797e-05
-3.53378e-05
-3.4456e-05
-3.34588e-05
-3.2368e-05
-3.12032e-05
-2.99817e-05
-2.8719e-05
-2.74289e-05
-2.61233e-05
-2.48129e-05
-2.35067e-05
-2.22128e-05
-2.09378e-05
-1.96876e-05
-1.8467e-05
-1.728e-05
-1.61299e-05
-1.50192e-05
-1.39498e-05
-1.29235e-05
-1.19427e-05
-1.10069e-05
-1.00952e-05
-9.18763e-06
-8.55702e-06
-9.00206e-06
-8.00364e-06
0.00482161
0.00514811
0.00520579
0.00514576
0.00506047
0.00495802
0.00483518
0.00469406
0.00453823
0.00437083
0.00419456
0.00401184
0.00382487
0.0036356
0.00344574
0.00325679
0.00307005
0.00288661
0.00270741
0.00253319
0.0023646
0.00220211
0.00204609
0.00189682
0.00175447
0.00161914
0.00149086
0.00136959
0.00125526
0.00114773
0.00104685
0.000952431
0.000864259
0.000782106
0.000705727
0.000634871
0.00056928
0.000508693
0.000452848
0.000401486
0.000354351
0.000311191
0.000271763
0.000235827
0.000203155
0.000173527
0.00014673
0.000122561
0.000100829
8.13506e-05
6.39511e-05
4.8467e-05
3.47436e-05
2.26351e-05
1.20049e-05
2.72486e-06
-5.32487e-06
-1.22561e-05
-1.81728e-05
-2.31718e-05
-2.73433e-05
-3.07711e-05
-3.35321e-05
-3.56977e-05
-3.73334e-05
-3.84992e-05
-3.92504e-05
-3.96375e-05
-3.97065e-05
-3.94994e-05
-3.90544e-05
-3.8406e-05
-3.75856e-05
-3.66212e-05
-3.55385e-05
-3.436e-05
-3.31062e-05
-3.17953e-05
-3.04433e-05
-2.90644e-05
-2.76713e-05
-2.62747e-05
-2.48843e-05
-2.35082e-05
-2.21535e-05
-2.0826e-05
-1.95307e-05
-1.82717e-05
-1.70522e-05
-1.58748e-05
-1.47412e-05
-1.36528e-05
-1.26104e-05
-1.16157e-05
-1.06667e-05
-9.7418e-06
-8.82642e-06
-8.19071e-06
-8.54978e-06
-7.43123e-06
0.00500955
0.00535787
0.00539523
0.00529613
0.00517546
0.00504363
0.0048953
0.00473162
0.00455594
0.00437118
0.00417983
0.0039841
0.003786
0.0035873
0.00338957
0.00319414
0.00300218
0.00281466
0.00263238
0.00245599
0.00228602
0.00212285
0.00196678
0.00181798
0.00167656
0.00154255
0.00141592
0.00129657
0.00118439
0.00107919
0.000980774
0.000888924
0.000803393
0.000723925
0.000650253
0.000582103
0.0005192
0.000461266
0.000408028
0.000359215
0.000314561
0.000273809
0.000236707
0.000203014
0.000172497
0.000144932
0.000120107
9.78194e-05
7.78758e-05
6.0094e-05
4.43018e-05
3.03366e-05
1.80458e-05
7.28615e-06
-2.07645e-06
-1.01674e-05
-1.71034e-05
-2.29936e-05
-2.79389e-05
-3.20332e-05
-3.53635e-05
-3.80104e-05
-4.00481e-05
-4.15446e-05
-4.25628e-05
-4.31597e-05
-4.33879e-05
-4.32951e-05
-4.29246e-05
-4.23159e-05
-4.15047e-05
-4.05231e-05
-3.94001e-05
-3.81619e-05
-3.68317e-05
-3.54304e-05
-3.39765e-05
-3.24864e-05
-3.09745e-05
-2.94536e-05
-2.79346e-05
-2.64272e-05
-2.49396e-05
-2.34788e-05
-2.20506e-05
-2.066e-05
-1.93108e-05
-1.80061e-05
-1.67484e-05
-1.55392e-05
-1.43795e-05
-1.32697e-05
-1.22099e-05
-1.12005e-05
-1.02382e-05
-9.30122e-06
-8.37957e-06
-7.73258e-06
-7.98565e-06
-6.7778e-06
0.00525771
0.00560707
0.00561538
0.00547111
0.00530876
0.00514158
0.00496241
0.00477144
0.00457171
0.00436594
0.00415635
0.00394492
0.00373342
0.00352343
0.00331631
0.00311322
0.00291514
0.00272289
0.00253713
0.00235835
0.00218697
0.00202323
0.00186733
0.00171935
0.00157929
0.00144711
0.0013227
0.00120589
0.0010965
0.000994308
0.000899057
0.000810483
0.000728305
0.000652232
0.00058197
0.000517219
0.000457683
0.000403067
0.00035308
0.00030744
0.000265871
0.000228105
0.000193886
0.000162968
0.000135112
0.000110095
8.77011e-05
6.77283e-05
4.99842e-05
3.42874e-05
2.04677e-05
8.36487e-06
-2.17093e-06
-1.12798e-05
-1.90925e-05
-2.57307e-05
-3.13075e-05
-3.59279e-05
-3.96895e-05
-4.2682e-05
-4.49887e-05
-4.66861e-05
-4.78449e-05
-4.85296e-05
-4.87991e-05
-4.87071e-05
-4.83025e-05
-4.76296e-05
-4.67285e-05
-4.56354e-05
-4.4383e-05
-4.30005e-05
-4.15141e-05
-3.99471e-05
-3.83204e-05
-3.66523e-05
-3.49592e-05
-3.32554e-05
-3.15531e-05
-2.98633e-05
-2.81953e-05
-2.65568e-05
-2.49547e-05
-2.33943e-05
-2.18803e-05
-2.04161e-05
-1.90046e-05
-1.76478e-05
-1.63468e-05
-1.51023e-05
-1.39143e-05
-1.27822e-05
-1.17051e-05
-1.06823e-05
-9.70876e-06
-8.7631e-06
-7.83913e-06
-7.17727e-06
-7.30928e-06
-6.04816e-06
0.00557514
0.00589692
0.00586419
0.00566838
0.00545791
0.00524898
0.00503318
0.00480978
0.0045815
0.00435079
0.00411961
0.00388964
0.00366242
0.00343924
0.00322124
0.00300936
0.00280437
0.00260687
0.00241735
0.00223613
0.00206345
0.00189944
0.00174413
0.00159749
0.00145942
0.00132976
0.00120831
0.00109484
0.000989072
0.000890727
0.000799495
0.000715059
0.000637092
0.000565266
0.000499251
0.00043872
0.00038335
0.000332827
0.000286843
0.0002451
0.000207311
0.000173199
0.0001425
0.000114963
9.03469e-05
6.84248e-05
4.89814e-05
3.18139e-05
1.67314e-05
3.55474e-06
-7.88395e-06
-1.77414e-05
-2.61638e-05
-3.32871e-05
-3.92375e-05
-4.41319e-05
-4.80786e-05
-5.11781e-05
-5.35234e-05
-5.51991e-05
-5.62832e-05
-5.68479e-05
-5.69594e-05
-5.66777e-05
-5.60571e-05
-5.51471e-05
-5.39922e-05
-5.26324e-05
-5.11038e-05
-4.94388e-05
-4.76662e-05
-4.58118e-05
-4.3898e-05
-4.19452e-05
-3.9971e-05
-3.79911e-05
-3.60189e-05
-3.40661e-05
-3.21427e-05
-3.02573e-05
-2.8417e-05
-2.66277e-05
-2.48942e-05
-2.32202e-05
-2.16088e-05
-2.00619e-05
-1.8581e-05
-1.71666e-05
-1.58188e-05
-1.45371e-05
-1.33203e-05
-1.21669e-05
-1.10748e-05
-1.00421e-05
-9.06238e-06
-8.11496e-06
-7.19625e-06
-6.52027e-06
-6.52369e-06
-5.25097e-06
0.00596984
0.00622772
0.0061381
0.00588369
0.00561839
0.00536085
0.00510213
0.00484079
0.00457915
0.00431939
0.00406315
0.00381179
0.00356652
0.00332836
0.00309812
0.00287649
0.00266397
0.00246093
0.00226761
0.00208414
0.00191056
0.00174681
0.00159277
0.00144827
0.00131305
0.00118685
0.00106936
0.00096025
0.000859159
0.000765726
0.000679577
0.000600335
0.000527623
0.000461067
0.000400301
0.000344963
0.000294704
0.000249186
0.000208081
0.000171075
0.00013787
0.00010818
8.17319e-05
5.82697e-05
3.75501e-05
1.93442e-05
3.43682e-06
-1.03738e-05
-2.22765e-05
-3.24471e-05
-4.10498e-05
-4.82368e-05
-5.41493e-05
-5.89178e-05
-6.26626e-05
-6.54947e-05
-6.75164e-05
-6.88216e-05
-6.9497e-05
-6.96217e-05
-6.92683e-05
-6.8503e-05
-6.73866e-05
-6.59735e-05
-6.43127e-05
-6.24481e-05
-6.0419e-05
-5.82603e-05
-5.60032e-05
-5.36753e-05
-5.1301e-05
-4.89017e-05
-4.64957e-05
-4.40991e-05
-4.17263e-05
-3.93893e-05
-3.70984e-05
-3.48622e-05
-3.26879e-05
-3.05813e-05
-2.8547e-05
-2.65886e-05
-2.47086e-05
-2.29088e-05
-2.11902e-05
-1.95532e-05
-1.79976e-05
-1.65224e-05
-1.51263e-05
-1.38077e-05
-1.25642e-05
-1.1393e-05
-1.02911e-05
-9.25541e-06
-8.27841e-06
-7.34058e-06
-6.43968e-06
-5.75699e-06
-5.63522e-06
-4.39934e-06
0.0064466
0.00659823
0.00643143
0.00611014
0.00578296
0.0054695
0.00516115
0.00485607
0.00455614
0.00426319
0.00397847
0.00370299
0.00343756
0.00318283
0.00293929
0.00270727
0.00248695
0.00227842
0.00208163
0.00189646
0.00172273
0.00156015
0.00140841
0.00126716
0.00113601
0.00101453
0.00090229
0.000798847
0.000703748
0.000616541
0.000536775
0.000464007
0.000397803
0.000337738
0.000283403
0.000234402
0.000190354
0.000150895
0.00011568
8.43766e-05
5.66736e-05
3.22755e-05
1.09038e-05
-7.70298e-06
-2.37901e-05
-3.75869e-05
-4.93074e-05
-5.91509e-05
-6.73025e-05
-7.39337e-05
-7.92031e-05
-8.3257e-05
-8.62301e-05
-8.82461e-05
-8.94185e-05
-8.98515e-05
-8.96405e-05
-8.8867e-05
-8.75955e-05
-8.59131e-05
-8.38893e-05
-8.15838e-05
-7.90495e-05
-7.63332e-05
-7.34768e-05
-7.05174e-05
-6.74878e-05
-6.44167e-05
-6.13293e-05
-5.82475e-05
-5.51908e-05
-5.2176e-05
-4.92141e-05
-4.63177e-05
-4.34971e-05
-4.07605e-05
-3.81141e-05
-3.55631e-05
-3.3111e-05
-3.07608e-05
-2.85139e-05
-2.63711e-05
-2.43327e-05
-2.23979e-05
-2.05656e-05
-1.88342e-05
-1.72016e-05
-1.56653e-05
-1.42225e-05
-1.28702e-05
-1.16049e-05
-1.04227e-05
-9.31984e-06
-8.29191e-06
-7.33101e-06
-6.41948e-06
-5.55538e-06
-4.88264e-06
-4.65411e-06
-3.5117e-06
0.00700428
0.00700162
0.00673155
0.00633472
0.00593937
0.00556303
0.00519852
0.00484411
0.00450128
0.00417136
0.00385521
0.00355336
0.00326618
0.00299388
0.00273651
0.00249401
0.00226617
0.00205272
0.00185331
0.00166749
0.00149482
0.00133476
0.00118677
0.0010503
0.000924779
0.000809617
0.000704242
0.000608079
0.000520568
0.000441156
0.000369311
0.000304514
0.000246268
0.000194095
0.00014754
0.000106168
6.9567e-05
3.7348e-05
9.14293e-06
-1.53943e-05
-3.65883e-05
-5.47432e-05
-7.01427e-05
-8.30513e-05
-9.37151e-05
-0.000102362
-0.000109203
-0.000114433
-0.000118232
-0.000120764
-0.000122182
-0.000122623
-0.000122214
-0.000121072
-0.000119302
-0.000116998
-0.000114225
-0.000111051
-0.000107607
-0.00010388
-9.99436e-05
-9.58798e-05
-9.17367e-05
-8.75482e-05
-8.33454e-05
-7.91568e-05
-7.50069e-05
-7.09168e-05
-6.69042e-05
-6.29841e-05
-5.91719e-05
-5.54824e-05
-5.19081e-05
-4.84625e-05
-4.51522e-05
-4.19803e-05
-3.89487e-05
-3.6058e-05
-3.33081e-05
-3.0698e-05
-2.82259e-05
-2.58897e-05
-2.36864e-05
-2.16127e-05
-1.96651e-05
-1.78397e-05
-1.61324e-05
-1.45389e-05
-1.30548e-05
-1.16758e-05
-1.03972e-05
-9.21435e-06
-8.12264e-06
-7.11721e-06
-6.19035e-06
-5.32729e-06
-4.52613e-06
-3.89163e-06
-3.59371e-06
-2.61056e-06
0.00766503
0.00744021
0.00703037
0.0065429
0.00606826
0.00561862
0.00518892
0.00477794
0.00438656
0.00401546
0.00366487
0.00333472
0.00302479
0.00273468
0.00246392
0.0022119
0.00197796
0.00176138
0.0015614
0.00137722
0.00120804
0.00105305
0.000911438
0.000782407
0.000665174
0.000558975
0.000463068
0.000376739
0.000299301
0.000230097
0.000168498
0.000113909
6.57654e-05
2.35326e-05
-1.3292e-05
-4.51811e-05
-7.25779e-05
-9.58968e-05
-0.000115524
-0.00013182
-0.000145119
-0.00015573
-0.000163941
-0.000170014
-0.000174193
-0.000176701
-0.000177743
-0.000177506
-0.000176159
-0.000173858
-0.000170742
-0.000166936
-0.000162553
-0.000157692
-0.000152443
-0.000146849
-0.000140807
-0.000134248
-0.000129012
-0.000123258
-0.000117253
-0.00011125
-0.00010532
-9.94892e-05
-9.37818e-05
-8.82193e-05
-8.28187e-05
-7.75928e-05
-7.2551e-05
-6.77005e-05
-6.30549e-05
-5.86206e-05
-5.43767e-05
-5.03331e-05
-4.64917e-05
-4.28506e-05
-3.94062e-05
-3.61543e-05
-3.30903e-05
-3.02088e-05
-2.75043e-05
-2.49707e-05
-2.26019e-05
-2.03915e-05
-1.8333e-05
-1.64201e-05
-1.46463e-05
-1.30053e-05
-1.14911e-05
-1.00977e-05
-8.81955e-06
-7.65116e-06
-6.58761e-06
-5.62417e-06
-4.75459e-06
-3.96861e-06
-3.26579e-06
-2.71433e-06
-2.41336e-06
-1.68481e-06
0.00844286
0.00795448
0.00735383
0.0067357
0.00614975
0.0056004
0.00508371
0.00459837
0.00414426
0.003721
0.00332781
0.00296363
0.00262731
0.00231759
0.00203316
0.00177266
0.00153474
0.00131803
0.00112122
0.000942998
0.000782098
0.000637305
0.00050745
0.000391415
0.000288137
0.000196607
0.000115871
4.50288e-05
-1.67662e-05
-7.03082e-05
-0.000116341
-0.000155558
-0.000188607
-0.00021609
-0.000238564
-0.000256548
-0.000270518
-0.000280916
-0.000288146
-0.000292581
-0.000294562
-0.000294401
-0.000292382
-0.000288763
-0.00028378
-0.000277645
-0.00027055
-0.000262668
-0.000254154
-0.000245147
-0.000235773
-0.000226143
-0.000216355
-0.000206496
-0.000196644
-0.000186912
-0.000177511
-0.000168489
-0.000158237
-0.000148576
-0.000139469
-0.00013073
-0.000122317
-0.000114237
-0.000106497
-9.90994e-05
-9.20435e-05
-8.53271e-05
-7.89467e-05
-7.28965e-05
-6.71686e-05
-6.17661e-05
-5.66757e-05
-5.18767e-05
-4.73694e-05
-4.31456e-05
-3.91937e-05
-3.55024e-05
-3.20608e-05
-2.88577e-05
-2.58822e-05
-2.31232e-05
-2.05699e-05
-1.82119e-05
-1.60388e-05
-1.40406e-05
-1.22078e-05
-1.05314e-05
-9.00279e-06
-7.61422e-06
-6.35859e-06
-5.22981e-06
-4.22293e-06
-3.33433e-06
-2.56091e-06
-1.89961e-06
-1.35701e-06
-9.80766e-07
-8.35232e-07
-6.20213e-07
)
;

boundaryField
{
    inlet
    {
        type            zeroGradient;
    }
    outlet
    {
        type            totalPressure;
        rho             none;
        psi             none;
        gamma           1;
        p0              uniform 0;
        value           uniform 0;
    }
    top
    {
        type            zeroGradient;
    }
    bottom
    {
        type            zeroGradient;
    }
    obstacle
    {
        type            zeroGradient;
    }
    frontAndBack
    {
        type            empty;
    }
}


// ************************************************************************* //
