/*--------------------------------*- C++ -*----------------------------------*\
  =========                 |
  \\      /  F ield         | OpenFOAM: The Open Source CFD Toolbox
   \\    /   O peration     | Website:  https://openfoam.org
    \\  /    A nd           | Version:  12
     \\/     M anipulation  |
\*---------------------------------------------------------------------------*/
FoamFile
{
    format      ascii;
    class       volScalarField;
    location    "400";
    object      pPrime2Mean;
}
// * * * * * * * * * * * * * * * * * * * * * * * * * * * * * * * * * * * * * //

dimensions      [0 4 -4 0 0 0 0];

internalField   nonuniform List<scalar> 
6750
(
0.0033054
0.00330063
0.00329464
0.00328933
0.00328312
0.00330593
0.00329922
0.00328871
0.00327625
0.00326314
0.00332077
0.00331246
0.00329885
0.00328145
0.00326274
0.00334923
0.00334039
0.00332574
0.00330671
0.0032863
0.00338954
0.00338143
0.00336796
0.00335026
0.0033313
0.0034388
0.00343255
0.00342209
0.00340805
0.00339294
0.00349335
0.00348981
0.00348373
0.00347507
0.00346566
0.00354935
0.00354907
0.00354824
0.00354611
0.00354368
0.00360319
0.00360641
0.00361123
0.00361616
0.00362136
0.00365185
0.0036585
0.0036689
0.00368085
0.00369371
0.00369303
0.00370282
0.00371832
0.00373671
0.00375668
0.00372527
0.0037377
0.00375746
0.00378131
0.00380736
0.00374787
0.00376229
0.00378529
0.00381329
0.00384401
0.00376079
0.0037765
0.00380159
0.00383229
0.00386608
0.00376455
0.00378085
0.00380687
0.0038388
0.00387402
0.00376004
0.00377625
0.00380214
0.00383392
0.00386897
0.00374723
0.00376268
0.00378737
0.00381761
0.00385091
0.00372534
0.00373932
0.00376167
0.00378891
0.0038188
0.00369398
0.00370582
0.0037247
0.00374751
0.00377242
0.00365333
0.00366241
0.00367683
0.00369397
0.00371255
0.0036042
0.00361007
0.00361927
0.0036298
0.00364109
0.00354821
0.00355059
0.00355413
0.00355756
0.00356109
0.00348773
0.00348661
0.00348448
0.00348083
0.00347671
0.00342588
0.00342151
0.00341415
0.00340401
0.00339295
0.00336631
0.00335926
0.00334758
0.00333212
0.00331545
0.00331292
0.00330405
0.00328943
0.00327039
0.00324997
0.00326938
0.00325982
0.00324409
0.00322381
0.00320207
0.00323859
0.00322962
0.00321499
0.00319642
0.00317649
0.00322235
0.00321503
0.00320359
0.00319004
0.0031758
0.00322126
0.003216
0.00320925
0.00320308
0.00319612
0.0032605
0.00323613
0.00318956
0.00312322
0.00303833
0.0029358
0.00281597
0.00267913
0.00252663
0.00236052
0.00218256
0.00199728
0.00180861
0.00162114
0.00143947
0.00126776
0.00110931
0.000966414
0.000840165
0.000730448
0.000636219
0.000557381
0.000491334
0.000436354
0.000390874
0.000353391
0.000322654
0.000297485
0.000277048
0.0002639
0.00326515
0.00322463
0.0031646
0.00308704
0.00299271
0.00288221
0.00275628
0.00261604
0.00246331
0.00230017
0.00212801
0.00195149
0.00177359
0.00159803
0.00142841
0.00126794
0.00111917
0.000983872
0.00086303
0.000756923
0.000665363
0.000586323
0.000519589
0.000463498
0.000416618
0.000377723
0.000345657
0.000319219
0.000297099
0.000279848
0.0032542
0.00320037
0.00312973
0.00304419
0.0029436
0.00282849
0.0026997
0.00255855
0.00240715
0.00224718
0.00208071
0.00191189
0.00174316
0.00157758
0.00141802
0.00126693
0.0011263
0.000997509
0.000881385
0.000778176
0.000687665
0.000609264
0.000542101
0.000485043
0.000436932
0.000396655
0.000363145
0.000335286
0.000312186
0.000294438
0.00323547
0.0031729
0.00309479
0.00300367
0.00289937
0.00278206
0.00265249
0.00251213
0.002363
0.0022063
0.00204502
0.00188239
0.00172061
0.00156238
0.0014101
0.00126582
0.00113117
0.00100732
0.000894982
0.000794413
0.000705479
0.000627821
0.000560699
0.000503203
0.000454339
0.000413064
0.000378265
0.000348893
0.000324477
0.00030739
0.00321424
0.0031456
0.00306191
0.00296652
0.00285979
0.00274153
0.00261239
0.00247372
0.00232733
0.00217409
0.00201748
0.0018599
0.00170354
0.00155082
0.00140391
0.00126467
0.00113456
0.00101463
0.000905533
0.000807499
0.000720416
0.000643908
0.00057735
0.000519938
0.000470759
0.000428815
0.000392991
0.000362159
0.00033654
0.000320049
0.00319385
0.00312064
0.00303279
0.00293415
0.00282563
0.00270717
0.00257906
0.0024425
0.00229889
0.00214907
0.00199646
0.00184295
0.00169072
0.00154205
0.00139904
0.00126346
0.00113675
0.00101992
0.000913573
0.000817893
0.000732728
0.000657648
0.000592021
0.000535059
0.000485875
0.000443526
0.000406886
0.000374883
0.00034828
0.00033244
0.00317634
0.00309962
0.00300851
0.00290748
0.0027977
0.00267937
0.00255256
0.00241819
0.00227709
0.00213041
0.00198107
0.00183072
0.0016815
0.00153567
0.00139532
0.00126227
0.001138
0.00102353
0.000919433
0.000825854
0.000742552
0.000669009
0.000604511
0.000548224
0.00049926
0.000456715
0.0004195
0.000386614
0.000359251
0.00034413
0.00316341
0.00308393
0.00299021
0.00288727
0.00277674
0.00265858
0.00253309
0.00240071
0.0022617
0.00211769
0.00197084
0.00182271
0.00167548
0.00153141
0.00139265
0.00126115
0.00113846
0.00102567
0.000923348
0.000831567
0.000749992
0.000677981
0.000614704
0.000559245
0.0005107
0.000468113
0.000430539
0.00039707
0.000369147
0.000354709
0.00315658
0.00307486
0.00297884
0.00287422
0.00276312
0.00264519
0.00252083
0.00239004
0.00225269
0.00211067
0.00196544
0.00181863
0.0016724
0.00152908
0.00139096
0.00126012
0.00113825
0.00102651
0.000925468
0.000835149
0.000755104
0.000684552
0.000622526
0.000568006
0.000520049
0.000477656
0.000439954
0.00040607
0.000377734
0.000363851
0.00315736
0.00307368
0.00297541
0.0028691
0.00275737
0.0026397
0.00251607
0.00238625
0.00225007
0.00210923
0.00196474
0.0018183
0.0016721
0.00152858
0.00139019
0.00125919
0.00113742
0.00102612
0.000925876
0.000836657
0.000757904
0.000688694
0.000627912
0.000574425
0.000527173
0.000485207
0.000447576
0.000413423
0.000384778
0.000371272
0.00316728
0.00308168
0.00298099
0.00287271
0.00276006
0.00264239
0.00251911
0.00238961
0.00225399
0.00211341
0.00196874
0.00182169
0.00167454
0.00152986
0.00139031
0.00125836
0.00113599
0.00102453
0.000924602
0.000836107
0.000758385
0.000690372
0.000630803
0.000578409
0.000532021
0.000490653
0.000453234
0.000418935
0.000390063
0.000376735
0.00318803
0.00310029
0.00299677
0.00288602
0.00277199
0.0026539
0.00253037
0.00240052
0.00226468
0.0021234
0.00197754
0.00182885
0.00167972
0.00153291
0.00139132
0.00125762
0.00113396
0.00102175
0.00092164
0.000833485
0.000756521
0.000689548
0.00063115
0.000579905
0.000534491
0.000493867
0.000456753
0.000422415
0.000393405
0.00038006
0.00322155
0.00313121
0.00302428
0.00291038
0.00279442
0.00267502
0.00255045
0.00241956
0.00228254
0.00213951
0.00199137
0.00183994
0.00168775
0.00153779
0.00139324
0.00125697
0.0011313
0.00101774
0.000916951
0.000828753
0.000752275
0.000686181
0.0006289
0.000578827
0.000534456
0.0004946
0.000457943
0.000423697
0.000394664
0.000381136
0.00327022
0.00317648
0.00306534
0.00294736
0.00282852
0.00270691
0.00258035
0.0024475
0.00230817
0.00216221
0.00201057
0.00185518
0.00169876
0.00154458
0.00139609
0.0012564
0.00112797
0.00101244
0.000910473
0.000821856
0.000745603
0.000680235
0.000623999
0.00057508
0.000531818
0.000492796
0.000456689
0.000422687
0.000393782
0.000379942
0.00333684
0.00323869
0.00312229
0.00299902
0.0028762
0.0027512
0.00262138
0.00248542
0.00234241
0.00219215
0.00203562
0.00187489
0.00171295
0.00155339
0.00139992
0.0012559
0.00112394
0.00100578
0.000902131
0.000812719
0.000736444
0.00067165
0.000616377
0.000568603
0.000526461
0.000488351
0.000452934
0.000419375
0.000390807
0.000376601
0.003425
0.00332119
0.00319829
0.00306829
0.00294
0.00281004
0.00267553
0.00253483
0.00238644
0.00223018
0.0020671
0.00189947
0.00173059
0.00156436
0.0014048
0.00125546
0.00111915
0.000997709
0.000891851
0.000801259
0.000724704
0.000660317
0.000605917
0.000559283
0.000518301
0.000481227
0.000446709
0.000413872
0.000385944
0.000371446
0.00353938
0.00342842
0.00329758
0.00315903
0.00302341
0.0028865
0.00274541
0.00259772
0.00244177
0.00227739
0.00210576
0.0019294
0.00175196
0.00157765
0.00141075
0.00125505
0.00111355
0.000988146
0.000879566
0.0007874
0.000710272
0.000646109
0.00059249
0.000546979
0.000507295
0.000471481
0.000438183
0.00040649
0.000379659
0.000365138
0.00368631
0.00356644
0.00342587
0.00327631
0.00313091
0.00298457
0.00283414
0.0026766
0.0025103
0.00233514
0.00215252
0.00196529
0.00177741
0.00159342
0.00141782
0.00125465
0.00110706
0.000977011
0.000865188
0.000771051
0.000693056
0.000628933
0.000576041
0.000531713
0.000493507
0.000459339
0.000427773
0.000397876
0.000372861
0.000358872
0.00387447
0.0037433
0.00359066
0.00342684
0.00326838
0.00310924
0.00294567
0.00277458
0.00259438
0.00240511
0.00220852
0.00200782
0.00180731
0.00161178
0.00142601
0.00125421
0.00109962
0.000964228
0.000848617
0.00075211
0.000672987
0.000608785
0.000556654
0.000513696
0.000477319
0.00044537
0.000416365
0.000389303
0.000367202
0.000354709
0.00411587
0.00397001
0.003802
0.00361942
0.0034434
0.00326657
0.003085
0.00289553
0.00269685
0.00248932
0.00227508
0.00205777
0.00184201
0.00163287
0.00143532
0.00125368
0.00109119
0.000949736
0.000829794
0.00073054
0.000650092
0.000585818
0.000534672
0.000493552
0.000459705
0.000430905
0.000405738
0.000383172
0.00036568
0.000356212
0.00442728
0.00426196
0.00407381
0.0038661
0.00366586
0.00346469
0.00325846
0.00304427
0.0028212
0.0025901
0.00235365
0.00211593
0.00188189
0.00165682
0.00144576
0.00125301
0.00108168
0.000933481
0.000808715
0.000706414
0.000624576
0.000560443
0.000510819
0.000472439
0.000442388
0.000418416
0.000399164
0.000383817
0.000373615
0.000369658
0.00483226
0.00464015
0.00442519
0.00418312
0.00394929
0.0037144
0.00347439
0.00322691
0.00297165
0.00271021
0.00244589
0.00218321
0.00192739
0.00168378
0.00145733
0.00125213
0.00107102
0.000915428
0.000785451
0.000679971
0.000596913
0.000533479
0.000486425
0.000452406
0.000428406
0.000412187
0.000402491
0.000398831
0.000400247
0.000406051
0.00536265
0.0051333
0.00488231
0.00459248
0.00431179
0.00403004
0.00374341
0.00345094
0.00315326
0.00285288
0.00255373
0.00226068
0.00197901
0.00171391
0.00147
0.00125092
0.00105909
0.000895576
0.000760187
0.000651681
0.000567979
0.000506378
0.000463777
0.000436938
0.000422891
0.000419465
0.000425505
0.000441055
0.000460879
0.000483553
0.00605855
0.00577873
0.00547887
0.00512303
0.00477691
0.00442954
0.0040787
0.00372554
0.00337212
0.00302191
0.00267939
0.00234949
0.00203723
0.00174728
0.00148361
0.00124918
0.00104576
0.00087394
0.000733242
0.000622322
0.000539213
0.000481527
0.000446619
0.000431731
0.000434257
0.000452144
0.000484267
0.000530963
0.000579208
0.000628998
0.00696665
0.00661992
0.00625612
0.0058107
0.00537376
0.00493454
0.00449578
0.00406137
0.00363516
0.00322158
0.00282527
0.00245079
0.00210239
0.00178378
0.00149784
0.00124649
0.00103067
0.000850394
0.000704899
0.000592858
0.000512628
0.000462469
0.000440675
0.000445553
0.000475387
0.000528397
0.000602722
0.000697964
0.000787925
0.000877162
0.00813498
0.00770135
0.00725471
0.00668967
0.00612812
0.00556467
0.00500865
0.00446805
0.00394877
0.00345588
0.00299365
0.00256564
0.00217475
0.0018231
0.00151198
0.00124193
0.00101282
0.000824047
0.000674677
0.000563667
0.000490092
0.000453381
0.000453408
0.000490275
0.000563733
0.000672207
0.000811882
0.000978708
0.00112633
0.0012692
0.00958922
0.009043
0.00848514
0.00776676
0.00704615
0.00632699
0.00562564
0.00495485
0.0043224
0.0037336
0.00319198
0.00269973
0.00225795
0.00186683
0.00152578
0.00123376
0.000989511
0.000791884
0.000640031
0.000533594
0.000472899
0.000459105
0.000494153
0.000580263
0.000718729
0.000907714
0.00114011
0.00140508
0.00163315
0.00184714
0.0114298
0.0106956
0.00995661
0.00905823
0.00816192
0.00727321
0.00641138
0.00559188
0.00482461
0.00411648
0.00347179
0.00289263
0.0023793
0.00193077
0.00154515
0.00122027
0.000954183
0.00074556
0.000593972
0.000499978
0.000465073
0.00049151
0.000581855
0.000738157
0.00096073
0.00124628
0.00158598
0.00196777
0.00232409
0.00266548
0.0142887
0.0133413
0.0123844
0.0112757
0.010158
0.00903008
0.00791805
0.00684722
0.00583738
0.00490401
0.00405732
0.00330266
0.00264148
0.00207258
0.00159347
0.00120146
0.00089468
0.000672498
0.000535845
0.000486847
0.000527838
0.000660116
0.000883066
0.00119209
0.00157787
0.00202516
0.00251455
0.00303383
0.00348815
0.00393783
0.0232077
0.0215087
0.0195795
0.0176181
0.0156621
0.0137113
0.0118094
0.00999813
0.00831182
0.00677719
0.00541137
0.00422186
0.00320883
0.00236803
0.00169387
0.001182
0.000831201
0.000644289
0.000627425
0.000788587
0.0011353
0.0016715
0.00239371
0.0032895
0.00433662
0.00550319
0.00674947
0.00806511
0.00941397
0.0106311
0.00326952
0.00325223
0.00323757
0.00322351
0.00321086
0.00320057
0.0031938
0.00319184
0.003196
0.00320773
0.00322856
0.00326024
0.00330483
0.00336481
0.0034432
0.0035438
0.00367156
0.00383321
0.00403813
0.00429953
0.00463613
0.00507437
0.00564991
0.00640666
0.00739479
0.00866886
0.0102875
0.0124265
0.0156676
0.0251062
0.00325054
0.00323783
0.00322705
0.0032181
0.00321239
0.00321054
0.00321333
0.0032217
0.00323678
0.0032599
0.00329266
0.00333692
0.00339497
0.00346956
0.0035641
0.00368291
0.00383165
0.00401794
0.00425232
0.0045494
0.00492971
0.00542184
0.0060639
0.00690229
0.00798944
0.00938876
0.0112025
0.0136419
0.0171649
0.0271466
0.00325167
0.00324852
0.00324679
0.00324663
0.00324959
0.00325653
0.00326847
0.00328652
0.00331194
0.00334615
0.00339083
0.00344799
0.00352004
0.00360996
0.00372146
0.00385931
0.00402982
0.00424146
0.0045058
0.00483877
0.0052625
0.00580754
0.00651415
0.0074305
0.00861026
0.0101253
0.0121172
0.0148308
0.0185524
0.02941
0.00327883
0.00328537
0.00329316
0.0033024
0.00331481
0.00333145
0.00335347
0.0033821
0.00341872
0.00346488
0.00352241
0.00359346
0.00368063
0.00378711
0.00391694
0.00407528
0.00426896
0.00450712
0.00480203
0.00517039
0.00563511
0.00622741
0.00698777
0.00796305
0.00920426
0.0107904
0.0129159
0.0159101
0.0197692
0.0318411
0.00332844
0.00334378
0.00336075
0.00337934
0.00340141
0.00342819
0.00346098
0.00350107
0.00354995
0.00360928
0.003681
0.00376744
0.00387139
0.00399629
0.00414645
0.00432745
0.00454664
0.00481366
0.0051413
0.00554667
0.0060529
0.00669102
0.00750037
0.00852445
0.00980919
0.0114398
0.0136751
0.0169769
0.0208718
0.0344126
0.00339534
0.00341845
0.00344395
0.00347166
0.00350338
0.0035405
0.0035844
0.0036365
0.00369836
0.00377173
0.0038587
0.00396169
0.00408369
0.00422835
0.00440026
0.00460534
0.00485131
0.00514822
0.0055091
0.00595109
0.00649694
0.00717667
0.00802725
0.00908716
0.0103954
0.0120435
0.0143701
0.0180439
0.021867
0.0372205
0.00347378
0.00350366
0.00353692
0.00357332
0.00361453
0.00366195
0.00371705
0.00378134
0.00385647
0.0039443
0.004047
0.00416713
0.00430778
0.0044728
0.00466699
0.00489657
0.00516949
0.00549598
0.00588909
0.00636565
0.00694758
0.0076633
0.00854659
0.00962954
0.0109427
0.0125833
0.0149851
0.0191334
0.0227823
0.0403999
0.00355782
0.00359353
0.00363372
0.00367821
0.00372847
0.00378589
0.00385196
0.00392826
0.0040165
0.00411864
0.00423694
0.00437404
0.00453314
0.00471821
0.00493424
0.00518761
0.00548638
0.0058408
0.00626373
0.00677147
0.00738493
0.00813061
0.00903875
0.0101339
0.0114366
0.0130483
0.0155075
0.0202667
0.0236556
0.0440955
0.00364158
0.00368228
0.00372857
0.00378039
0.00383905
0.00390587
0.00398234
0.00407005
0.00417077
0.00428652
0.00441961
0.00457278
0.00474928
0.00495319
0.0051896
0.00546496
0.00578734
0.00616685
0.00661608
0.00715074
0.00779067
0.00856061
0.0094872
0.0105867
0.0118674
0.0134335
0.0159281
0.0214586
0.0245327
0.0484239
0.00371976
0.00376469
0.00381623
0.00387451
0.00394069
0.00401603
0.00410196
0.00420008
0.00431217
0.00444029
0.00458677
0.00475442
0.00494656
0.00516729
0.00542177
0.00571641
0.00605922
0.00646014
0.00693145
0.00748831
0.00814963
0.00893873
0.0098791
0.010978
0.0122298
0.0137395
0.0162437
0.0227118
0.0254612
0.053417
0.00378801
0.00383642
0.00389234
0.00395611
0.00402875
0.00411146
0.00420561
0.00431276
0.00443469
0.00457347
0.00473146
0.00491147
0.00511689
0.00535184
0.00562144
0.00593204
0.00629156
0.00670977
0.00719865
0.0077729
0.00845076
0.00925462
0.0102056
0.0113017
0.0125214
0.0139713
0.0164585
0.0240103
0.0264749
0.0589533
0.00384314
0.00389428
0.0039537
0.00402191
0.00409981
0.00418852
0.00428937
0.00440387
0.00453379
0.00468118
0.00484843
0.00503836
0.00525436
0.00550054
0.00578197
0.00610494
0.00647726
0.00690857
0.0074106
0.00799765
0.00868757
0.00950237
0.0104615
0.0115546
0.0127428
0.0141359
0.016584
0.0253101
0.0275732
0.0646906
0.0038832
0.00393637
0.00399839
0.00406991
0.00415175
0.00424497
0.00435082
0.0044708
0.00460665
0.00476043
0.00493452
0.00513175
0.00535547
0.00560977
0.00589969
0.00623146
0.00661281
0.00705325
0.00756432
0.00816005
0.00885805
0.00968037
0.0106458
0.0117363
0.0128963
0.0142411
0.0166379
0.0265373
0.0287027
0.0700839
0.00390751
0.00396199
0.00402572
0.00409942
0.00418384
0.00427999
0.00438908
0.0045126
0.00465229
0.0048102
0.00498869
0.00519058
0.0054192
0.00567861
0.00597383
0.00631107
0.00669799
0.00714402
0.00766053
0.00826139
0.0089641
0.00979097
0.0107607
0.0118496
0.0129873
0.0142961
0.0166402
0.0275679
0.0297301
0.0744583
0.00391649
0.00397161
0.00403616
0.00411091
0.00419657
0.00429411
0.00440474
0.00452993
0.00467143
0.00483129
0.00501185
0.0052159
0.00544677
0.00570852
0.00600618
0.00634593
0.00673544
0.00718406
0.00770309
0.0083063
0.00901119
0.00984028
0.0108125
0.0119011
0.0130266
0.0143163
0.0166204
0.0281603
0.0303785
0.0769505
0.00391136
0.0039665
0.00403108
0.00410584
0.0041915
0.00428901
0.0043996
0.00452474
0.00466619
0.00482597
0.00500643
0.00521035
0.00544107
0.00570269
0.00600024
0.00633995
0.00672947
0.00717816
0.00769733
0.00830074
0.00900594
0.00983548
0.0108083
0.0118974
0.0130234
0.0143137
0.0166146
0.0281495
0.0303708
0.0770459
0.00389209
0.00394665
0.00401046
0.00408422
0.00416865
0.00426475
0.00437376
0.00449716
0.00463669
0.00479438
0.00497259
0.00517411
0.00540233
0.00566136
0.00595629
0.00629339
0.00668037
0.00712664
0.00764358
0.00824509
0.00894876
0.00977699
0.0107485
0.0118389
0.0129779
0.0142884
0.016624
0.0275393
0.0297099
0.0747319
0.00385759
0.00391089
0.00397308
0.00404476
0.0041267
0.00421992
0.0043257
0.00444554
0.00458117
0.00473464
0.0049083
0.00510498
0.00532811
0.00558185
0.00587135
0.00620294
0.00658441
0.0070253
0.00753714
0.00813402
0.00883367
0.00965824
0.0106264
0.0117194
0.0128817
0.0142291
0.0166147
0.0265005
0.0286773
0.0705007
0.00380767
0.00385903
0.00391871
0.00398721
0.00406535
0.0041542
0.00425507
0.00436948
0.00449918
0.00464621
0.00481294
0.00500224
0.00521753
0.00546304
0.00574398
0.00606676
0.0064393
0.00687126
0.00737443
0.00796316
0.0086554
0.00947318
0.0104358
0.011532
0.0127237
0.0141208
0.0165589
0.0252764
0.0275504
0.0652105
0.00374325
0.00379195
0.00384826
0.00391248
0.00398553
0.00406855
0.00416288
0.00427006
0.00439185
0.00453029
0.00468776
0.00486711
0.00507179
0.00530605
0.00557514
0.00588558
0.0062454
0.00666446
0.00715482
0.0077312
0.0084119
0.00921925
0.0101739
0.0112739
0.0124985
0.0139546
0.0164371
0.0239895
0.0264611
0.0595409
0.00366647
0.0037118
0.00376386
0.00382277
0.00388955
0.0039654
0.00405172
0.00415004
0.00426214
0.00439003
0.00453608
0.0047031
0.00489453
0.00511461
0.00536864
0.00566318
0.00600637
0.00640829
0.00688129
0.00744058
0.00810503
0.00889776
0.00984197
0.0109452
0.0122037
0.013723
0.0162317
0.0227109
0.0254616
0.0540415
0.00358067
0.00362194
0.00366892
0.00372156
0.00378102
0.00384857
0.00392564
0.00401378
0.00411472
0.00423043
0.00436324
0.00451592
0.00469183
0.00489517
0.0051312
0.00540652
0.00572935
0.00610992
0.00656091
0.00709806
0.00774107
0.00851445
0.00944472
0.0105491
0.011839
0.0134193
0.01593
0.021481
0.0245515
0.0490615
0.00349031
0.00352681
0.00356792
0.00361344
0.00366473
0.00372311
0.00379002
0.00386699
0.00395571
0.00405808
0.00417634
0.00431316
0.00447183
0.00465643
0.00487214
0.00512548
0.00542471
0.00578015
0.00620474
0.00671476
0.00733095
0.0080796
0.00899115
0.010092
0.0114067
0.0130386
0.015526
0.0203129
0.0236965
0.0447307
0.00340071
0.00343166
0.00346611
0.00350381
0.00354629
0.0035949
0.00365109
0.00371632
0.00379221
0.00388058
0.00398354
0.00410365
0.00424405
0.00440869
0.00460254
0.00483204
0.00510533
0.0054327
0.00582722
0.00630565
0.00688973
0.0076078
0.00849427
0.00958392
0.0109125
0.01258
0.0150211
0.0192019
0.0228492
0.0410255
0.0033177
0.00334223
0.00336923
0.00339851
0.00343175
0.00347029
0.00351551
0.0035688
0.00363169
0.00370588
0.00379339
0.00389661
0.00401851
0.00416282
0.00433434
0.00453923
0.00478539
0.00508296
0.00544493
0.00588828
0.00643565
0.00711714
0.00797087
0.00903882
0.0103661
0.012048
0.014423
0.0181324
0.0219639
0.037837
0.00324722
0.00326433
0.0032831
0.0033035
0.00332726
0.00335564
0.0033899
0.00343135
0.00348143
0.00354176
0.00361421
0.00370102
0.00380494
0.00392949
0.0040792
0.00425987
0.00447908
0.00474655
0.00507495
0.00548124
0.00598848
0.00662807
0.0074409
0.00847469
0.0097821
0.0114527
0.0137432
0.0170836
0.0210032
0.0350263
0.00319495
0.00320358
0.00321343
0.00322461
0.00323878
0.00325703
0.00328052
0.00331049
0.00334829
0.00339543
0.00345367
0.00352507
0.0036122
0.00371831
0.00384761
0.00400555
0.00419917
0.00443767
0.00473316
0.0051022
0.00556779
0.00616175
0.00692651
0.00791353
0.00918083
0.0108119
0.0129972
0.0160342
0.0199396
0.0324627
0.00316598
0.00316524
0.00316572
0.00316748
0.00317205
0.00318036
0.0031935
0.0032126
0.00323889
0.00327378
0.0033189
0.0033762
0.00344809
0.00353758
0.00364857
0.00378606
0.00395655
0.00416857
0.00443355
0.00476736
0.00519241
0.00574008
0.00645283
0.00738352
0.00859245
0.0101558
0.0122101
0.0149724
0.0187656
0.0300511
0.0031639
0.00315385
0.00314523
0.00313791
0.00313338
0.00313237
0.00313577
0.00314455
0.00315987
0.00318307
0.00321574
0.00325976
0.00331743
0.00339157
0.00348572
0.00360438
0.00375333
0.00394028
0.00417572
0.00447436
0.00485715
0.00535363
0.00600409
0.00685939
0.00797747
0.0094254
0.0113013
0.0137954
0.0174118
0.0278042
0.00318361
0.00316868
0.00315542
0.00314221
0.00312997
0.00311974
0.00311274
0.00311029
0.00311381
0.00312478
0.0031448
0.00317568
0.00321957
0.00327903
0.00335719
0.00345791
0.0035862
0.00374888
0.00395553
0.0042196
0.00456019
0.00500469
0.00559074
0.00636633
0.00738559
0.00870633
0.0103854
0.0125853
0.0159359
0.0257759
0.0238698
0.0221413
0.0201554
0.0181215
0.0160902
0.014068
0.0121011
0.0102332
0.0084992
0.00692583
0.00552974
0.00431762
0.00328867
0.00243774
0.00175843
0.00124577
0.000898079
0.000717966
0.000711426
0.000886243
0.00124964
0.00180492
0.00254751
0.00346332
0.0045279
0.00570689
0.00695833
0.00827068
0.00960675
0.0108092
0.0145691
0.013629
0.0126607
0.0115213
0.0103675
0.00920441
0.00806089
0.00696372
0.00593302
0.00498385
0.00412572
0.00336316
0.00269685
0.00212497
0.00164448
0.00125227
0.000946096
0.000724892
0.000589239
0.000540961
0.000582113
0.000713762
0.000935098
0.00124134
0.001623
0.00206453
0.00254666
0.00305793
0.00349922
0.0039425
0.0115961
0.0108741
0.0101367
0.0092261
0.00831077
0.0074014
0.0065198
0.00568304
0.00490173
0.00418281
0.00353022
0.00294555
0.00242856
0.00197771
0.00159066
0.00126482
0.00099776
0.000787648
0.000633494
0.00053531
0.000494149
0.00051203
0.000591566
0.000735159
0.000943765
0.00121493
0.00154107
0.00191174
0.00225776
0.00259625
0.00968792
0.00914863
0.00859175
0.00786594
0.00713501
0.00640549
0.00569475
0.00501609
0.0043774
0.00378392
0.00323896
0.00274448
0.00230133
0.00190944
0.00156799
0.00127564
0.00103079
0.000831805
0.000677311
0.000566445
0.000499223
0.000476855
0.000501784
0.00057708
0.000704979
0.000884404
0.0011087
0.00136739
0.00159221
0.00180631
0.00817299
0.00774212
0.00729444
0.00672561
0.00616126
0.00559679
0.00504096
0.00450119
0.0039829
0.00349094
0.00302951
0.0026022
0.00221192
0.00186082
0.00155015
0.00128029
0.00105087
0.0008609
0.000709008
0.00059378
0.000514156
0.000469838
0.000461443
0.000490129
0.000556666
0.000660083
0.000796507
0.00096123
0.00110845
0.0012512
0.00695911
0.00661334
0.00624824
0.00580218
0.00536736
0.00493321
0.00450083
0.00407299
0.00365272
0.00324404
0.0028515
0.0024798
0.00213343
0.00181625
0.00153122
0.00128024
0.00106405
0.000882401
0.000734256
0.000618114
0.000532393
0.000475752
0.000447209
0.000445953
0.000471027
0.000521049
0.000594041
0.00068894
0.000779494
0.000868888
0.0060203
0.00574156
0.00544149
0.00508753
0.00474625
0.00440657
0.00406492
0.00372122
0.0033765
0.00303365
0.00269691
0.00237133
0.00206217
0.00177435
0.00151197
0.001278
0.00107411
0.000900747
0.000757335
0.000642561
0.000554685
0.000491762
0.000451728
0.000432402
0.000431602
0.000447466
0.000478811
0.000525699
0.000575157
0.000626218
0.005305
0.00507756
0.00482772
0.00454128
0.00426648
0.00399322
0.00371658
0.00343459
0.00314688
0.00285521
0.00256317
0.00227559
0.00199794
0.00173562
0.00149343
0.00127502
0.00108278
0.000917746
0.000779783
0.000667842
0.000580181
0.000514526
0.000468202
0.000438292
0.000421984
0.000417128
0.000422524
0.000438164
0.000459107
0.000483354
0.00476289
0.00457302
0.0043601
0.00412207
0.00389441
0.00366797
0.00343789
0.00320101
0.00295615
0.00270414
0.00244779
0.00219146
0.00194045
0.00170029
0.00147608
0.00127192
0.00109065
0.000933772
0.000801543
0.000693153
0.000606921
0.000540446
0.000490795
0.000454775
0.000429359
0.000412197
0.000401942
0.000398085
0.000400023
0.000406851
0.00435026
0.0041871
0.00400138
0.00379818
0.00360397
0.00341089
0.00321421
0.0030104
0.00279777
0.00257644
0.00234853
0.00211784
0.00188931
0.00166834
0.00146009
0.00126886
0.00109779
0.000948697
0.000822126
0.000717478
0.000633175
0.000566834
0.000515493
0.000475938
0.000445144
0.000420662
0.000400964
0.000385145
0.0003748
0.000371077
0.00403361
0.00388957
0.00372407
0.00354591
0.00337581
0.00320669
0.00303423
0.00285479
0.00266642
0.00246879
0.00226347
0.00205372
0.00184408
0.00163966
0.00144549
0.00126591
0.00110417
0.000962301
0.000841059
0.000740023
0.000657743
0.000591947
0.000539773
0.000498118
0.000464056
0.000435098
0.000409584
0.000386367
0.000368213
0.000358306
0.0037884
0.00365858
0.00350836
0.00334879
0.00319613
0.00304428
0.00288942
0.00272797
0.00255783
0.00237842
0.00219093
0.00199821
0.00180435
0.00161411
0.00143227
0.00126304
0.00110971
0.0009744
0.000858009
0.000760272
0.000679891
0.000614742
0.00056214
0.000519149
0.000482966
0.00045114
0.000421868
0.000394059
0.000370948
0.000357535
0.00359749
0.00347834
0.00333997
0.00319445
0.0030546
0.00291543
0.00277335
0.00262509
0.00246852
0.002303
0.00212949
0.00195052
0.00176976
0.00159156
0.00142038
0.00126025
0.00111436
0.000984881
0.00087279
0.000777953
0.000699225
0.000634658
0.000581756
0.000537783
0.000500066
0.000466199
0.00043447
0.000403811
0.000377614
0.000362418
0.00344873
0.00333779
0.00320887
0.00307419
0.00294395
0.00281396
0.00268101
0.00254221
0.00239556
0.00224051
0.00207789
0.00190995
0.00173997
0.0015719
0.00140982
0.00125753
0.00111813
0.000993723
0.000885354
0.000792983
0.000715608
0.000651447
0.00059819
0.000553314
0.000514305
0.000478932
0.000445578
0.000413195
0.000385181
0.000369351
0.00333328
0.00322892
0.00310772
0.00298146
0.00285836
0.00273498
0.00260832
0.00247608
0.00233654
0.00218926
0.00203506
0.0018759
0.00171469
0.00155499
0.00140056
0.00125494
0.00112106
0.00100099
0.000895759
0.000805415
0.000729066
0.000665074
0.000611325
0.000565507
0.000525307
0.00048876
0.000454304
0.000420945
0.000392004
0.000376285
0.00324471
0.00314571
0.00303086
0.00291114
0.00279325
0.00267442
0.00255191
0.002424
0.00228943
0.00214786
0.00200007
0.00184778
0.0016936
0.00154071
0.00139259
0.00125251
0.00112326
0.00100679
0.000904139
0.000815381
0.000739715
0.000675648
0.000621239
0.000574391
0.000533075
0.00049555
0.000460329
0.000426488
0.00039721
0.000382039
0.00317828
0.00308358
0.00297383
0.00285912
0.00274485
0.00262891
0.00250909
0.00238384
0.00225262
0.00211516
0.00197212
0.00182508
0.00167638
0.00152892
0.00138588
0.00125032
0.00112483
0.00101128
0.00091065
0.00082304
0.000747725
0.000683339
0.000628123
0.0005802
0.000537808
0.000499431
0.000463666
0.00042965
0.000400389
0.000385917
0.00313028
0.00303892
0.00293315
0.00282214
0.00271029
0.00259604
0.00247776
0.00235404
0.00222489
0.00209018
0.0019505
0.00180732
0.00166275
0.00151948
0.00138042
0.00124842
0.00112589
0.00101459
0.000915445
0.000828557
0.000753267
0.000688342
0.000632211
0.000583214
0.000539778
0.000500639
0.000464463
0.000430442
0.000401371
0.000387527
0.00309769
0.00300886
0.00290619
0.00279784
0.00268746
0.00257404
0.00245643
0.00233344
0.00220528
0.00207217
0.00193464
0.00179406
0.00165244
0.00151225
0.00137617
0.00124684
0.00112652
0.00101683
0.000918653
0.000832074
0.0007565
0.000690836
0.000633695
0.000583612
0.000539211
0.00049939
0.000462868
0.00042893
0.000400121
0.00038671
0.00307803
0.00299113
0.00289092
0.00278452
0.00267493
0.00256168
0.00244402
0.00232118
0.00219306
0.00206052
0.00192404
0.00178497
0.00164523
0.0015071
0.00137309
0.00124563
0.00112679
0.0010181
0.000920371
0.000833693
0.000757542
0.000690954
0.000632722
0.000581563
0.000536255
0.000495751
0.000459011
0.00042522
0.0003967
0.000383481
0.00306926
0.00298396
0.00288576
0.00278088
0.00267172
0.00255818
0.00243992
0.00231655
0.00218773
0.00205479
0.00191838
0.00177981
0.00164094
0.00150395
0.00137115
0.00124477
0.00112674
0.00101845
0.000920661
0.00083348
0.000756464
0.000688779
0.00062938
0.000577149
0.000531015
0.000489963
0.000453062
0.000419468
0.000391252
0.000377963
0.00306959
0.00298592
0.00288955
0.00278596
0.00267709
0.00256294
0.00244362
0.00231908
0.00218892
0.00205469
0.00191743
0.00177841
0.0016395
0.00150275
0.00137032
0.00124428
0.00112637
0.00101789
0.000919543
0.000831466
0.000753301
0.000684351
0.000623723
0.000570443
0.000523581
0.000482108
0.000445154
0.00041185
0.000383973
0.000370371
0.00307743
0.00299567
0.0029012
0.0027989
0.00269034
0.00257557
0.00245476
0.00232841
0.00219641
0.00206004
0.00192108
0.00178074
0.00164088
0.00150349
0.00137061
0.00124412
0.00112566
0.00101639
0.000916998
0.000827641
0.00074806
0.000677693
0.000615793
0.000561516
0.000513987
0.000472284
0.000435464
0.000402551
0.000375094
0.000360965
0.00309117
0.00301192
0.00291973
0.00281897
0.00271086
0.00259548
0.00247302
0.00234436
0.00221003
0.00207084
0.00192937
0.00178687
0.00164516
0.00150624
0.00137202
0.00124429
0.00112454
0.00101388
0.000912952
0.000821954
0.000740721
0.000668824
0.000605643
0.000550434
0.000502371
0.000460616
0.000424072
0.000391766
0.000364861
0.000350053
0.00310918
0.00303332
0.00294415
0.00284545
0.00273821
0.00262224
0.00249809
0.00236685
0.00222973
0.00208725
0.00194251
0.00179701
0.00165254
0.00151112
0.00137462
0.00124474
0.00112292
0.00101021
0.000907262
0.000814295
0.000731235
0.000657761
0.00059335
0.000537328
0.000488905
0.000447209
0.000411183
0.00037972
0.00035353
0.000338002
0.00312973
0.00305842
0.0029733
0.00287759
0.00277156
0.00265535
0.00252965
0.00239583
0.00225559
0.00210954
0.00196086
0.00181155
0.00166335
0.00151834
0.00137845
0.00124541
0.00112062
0.00100516
0.000899701
0.000804491
0.00071951
0.000644522
0.000579039
0.000522393
0.000473799
0.000432361
0.000397032
0.000366675
0.000341423
0.000325249
0.00315076
0.0030857
0.00300602
0.0029142
0.00281017
0.00269429
0.00256751
0.0024314
0.00228804
0.00213838
0.00198516
0.0018312
0.00167816
0.00152828
0.00138369
0.00124621
0.0011174
0.000998409
0.000889947
0.000792297
0.000705427
0.000629161
0.000562926
0.000505976
0.000457481
0.00041652
0.000382032
0.000352998
0.000329025
0.000312274
0.00316912
0.00311311
0.00304082
0.00295402
0.00285303
0.00273858
0.00261177
0.00247416
0.00232804
0.00217503
0.00201689
0.00185734
0.00169812
0.00154177
0.00139073
0.0012472
0.001113
0.000989494
0.000877486
0.000777278
0.000688774
0.000611591
0.000545071
0.000488281
0.000440276
0.000400084
0.000366701
0.000339086
0.000316359
0.000299071
0.00318001
0.00313758
0.00307558
0.00299613
0.00290046
0.00278961
0.00266469
0.0025271
0.00237914
0.00222296
0.00205959
0.0018931
0.00172574
0.00156047
0.00140038
0.00124829
0.0011066
0.000977011
0.000860507
0.000757463
0.000667837
0.000589805
0.000523414
0.000467268
0.00042021
0.000381159
0.000349024
0.000322723
0.000300948
0.000284199
0.00317692
0.00315017
0.00310058
0.00303117
0.00294369
0.00283945
0.00271952
0.00258486
0.00243704
0.00227824
0.00210977
0.00193544
0.00175834
0.00158218
0.00141093
0.00124832
0.00109746
0.00096058
0.000838808
0.000732184
0.000639849
0.000561902
0.000496021
0.000440774
0.000394811
0.000356863
0.000325854
0.000300671
0.00028047
0.000267815
0.0120878
0.00467326
0.00315889
0.00217602
0.00149504
0.00103254
0.000730779
0.00054544
0.000439592
0.000383246
0.000355366
0.000343092
0.000339056
0.000339056
0.00034064
0.000342365
0.000343407
0.000343321
0.000341915
0.000339155
0.000335092
0.000329839
0.000323542
0.000316369
0.000308492
0.00030008
0.000291268
0.000281979
0.000272177
0.000264318
0.0137383
0.0054378
0.00368671
0.00254221
0.00174892
0.00121469
0.000859781
0.000634196
0.000498614
0.00042124
0.000379156
0.0003577
0.000348022
0.000344832
0.00034492
0.000346308
0.000347789
0.000348631
0.000348404
0.000346895
0.000344033
0.000339848
0.00033443
0.000327908
0.000320428
0.00031216
0.00030328
0.000293973
0.000284727
0.000276437
0.0157438
0.00616592
0.00423097
0.00291951
0.00201987
0.00141794
0.00101147
0.000744511
0.000576176
0.000473668
0.000412836
0.000377674
0.000358117
0.000347904
0.000343116
0.000341268
0.000340771
0.000340612
0.000340136
0.000338945
0.000336828
0.000333703
0.000329569
0.000324481
0.000318523
0.0003118
0.000304415
0.000296533
0.000288746
0.00028186
0.018113
0.00679809
0.00475529
0.00325296
0.00226805
0.00161969
0.00117454
0.000872101
0.000672271
0.000543292
0.000461153
0.000409346
0.000377046
0.000357232
0.000345336
0.000338362
0.000334316
0.000331857
0.000330075
0.000328361
0.000326327
0.000323743
0.000320494
0.000316539
0.000311887
0.000306569
0.000300602
0.000294083
0.000287695
0.000282549
0.0208891
0.00736718
0.00529789
0.00357353
0.00251807
0.00183472
0.00135649
0.00102098
0.000789811
0.000633064
0.000527522
0.000456643
0.000409157
0.000377455
0.000356392
0.000342473
0.000333291
0.000327162
0.000322898
0.000319656
0.000316847
0.000314072
0.000311073
0.000307693
0.000303847
0.000299487
0.000294559
0.000289107
0.000283822
0.000280003
0.0241994
0.00787076
0.00587247
0.00386943
0.00276034
0.00205437
0.0015497
0.00118534
0.000924989
0.000741018
0.00061148
0.00052022
0.000455868
0.000410471
0.000378446
0.000355872
0.000339972
0.000328738
0.000320707
0.000314798
0.000310216
0.000306378
0.000302871
0.000299405
0.00029579
0.000291891
0.00028759
0.00028287
0.000278355
0.000275386
0.0281986
0.0083252
0.00650187
0.00413321
0.00299045
0.00227281
0.00174729
0.00135841
0.00107185
0.000862386
0.000709542
0.000597806
0.000515942
0.000455862
0.000411705
0.000379226
0.00035534
0.000337771
0.000324809
0.000315154
0.000307814
0.000302031
0.000297233
0.000292993
0.000289008
0.000285052
0.000280936
0.000276576
0.000272471
0.00026988
0.0330399
0.00876001
0.0072109
0.00435865
0.00320587
0.00248401
0.00194149
0.00153204
0.00122257
0.000990161
0.000815804
0.000684678
0.000585784
0.000511032
0.000454413
0.000411464
0.000378876
0.000354162
0.000335422
0.000321176
0.000310262
0.000301768
0.000294975
0.00028933
0.000284412
0.000279903
0.000275539
0.000271162
0.000267119
0.000264489
0.0388245
0.00921586
0.00802177
0.0045412
0.00340487
0.00268137
0.00212412
0.00169767
0.00136866
0.00111636
0.00092308
0.0007746
0.00066015
0.000571679
0.000503126
0.000449902
0.000408548
0.000376433
0.000351522
0.000332208
0.000317201
0.000305464
0.000296159
0.00028862
0.00028232
0.00027685
0.00027187
0.000267148
0.000262872
0.000259885
0.0455441
0.00974176
0.00894729
0.00467952
0.00358622
0.0028582
0.00228762
0.00184744
0.00150221
0.00123332
0.0010242
0.000861037
0.000733209
0.000632714
0.00055347
0.000490843
0.000441287
0.000402084
0.000371113
0.000346687
0.000327435
0.000312235
0.000300159
0.000290448
0.00028249
0.00027579
0.000269942
0.00026464
0.000259922
0.000256375
0.0529784
0.0103811
0.00998166
0.00477589
0.00374803
0.00300849
0.00242596
0.00197516
0.00161689
0.00133479
0.00111312
0.000938222
0.000799574
0.000689189
0.000600995
0.000530335
0.000473639
0.000428143
0.00039168
0.000362521
0.000339251
0.000320696
0.000305874
0.000293959
0.00028427
0.000276245
0.000269416
0.00026342
0.000258156
0.000253965
0.0606341
0.0111496
0.0110894
0.00483574
0.00388701
0.00312783
0.0025353
0.00207676
0.0017085
0.00141648
0.00118548
0.00100183
0.000855004
0.00073704
0.00064187
0.000564847
0.000502394
0.000451741
0.000410703
0.000377533
0.000350797
0.0003293
0.000312025
0.000298109
0.000286819
0.000277544
0.000269771
0.000263087
0.000257279
0.000252468
0.0677722
0.0120119
0.0121992
0.00486628
0.0039985
0.00321411
0.0026141
0.00215042
0.00177507
0.0014762
0.00123886
0.00104924
0.000896758
0.000773471
0.000673339
0.000591721
0.000525054
0.00047057
0.00042609
0.000389863
0.000360452
0.000336652
0.000317433
0.000301909
0.00028932
0.00027902
0.000270465
0.000263205
0.000256944
0.000251625
0.0735042
0.0128533
0.0131832
0.00487533
0.00407748
0.00326777
0.00266299
0.00219638
0.00181663
0.00151368
0.00127263
0.00107948
0.000923598
0.000797073
0.000693879
0.000609396
0.00054007
0.000483146
0.00043645
0.000398238
0.000367073
0.000341747
0.000321228
0.000304618
0.000291146
0.000280149
0.000271062
0.000263415
0.000256856
0.0002512
0.0767103
0.0134163
0.0137838
0.00487473
0.00411828
0.00329184
0.0026848
0.0022168
0.00183499
0.00153028
0.00128765
0.00109299
0.000935646
0.000807704
0.000703158
0.000617401
0.000546889
0.00048887
0.000441178
0.000402068
0.000370103
0.000344074
0.000322949
0.000305833
0.00029195
0.000280634
0.000271313
0.000263503
0.000256827
0.000251034
0.0767403
0.0134264
0.013807
0.00487861
0.00411541
0.00329
0.00268274
0.00221447
0.00183266
0.00152807
0.00128561
0.00109111
0.000933939
0.000806162
0.000701776
0.000616177
0.000545821
0.000487953
0.000440403
0.000401419
0.000369559
0.000343615
0.000322557
0.0003055
0.000291676
0.000280419
0.000271159
0.000263412
0.000256797
0.000251063
0.0735904
0.0128808
0.0132465
0.00488705
0.00406985
0.00326259
0.00265711
0.00218965
0.00180984
0.00150723
0.00126664
0.00107399
0.000918608
0.000792572
0.000689855
0.000605842
0.000536976
0.000480494
0.000434208
0.000396358
0.000365494
0.00034041
0.000320087
0.000303653
0.000290353
0.000279532
0.000270628
0.000263166
0.000256789
0.000251308
0.0679041
0.0120504
0.0122863
0.0048853
0.00398856
0.00320646
0.0026052
0.00213997
0.00176435
0.00146594
0.00122934
0.00104053
0.000888869
0.000766389
0.000667044
0.000586196
0.000520271
0.000466486
0.00042264
0.000386962
0.000358004
0.000334572
0.000315661
0.00030042
0.000288111
0.000278099
0.000269839
0.000262879
0.000256915
0.000251878
0.060799
0.0111932
0.0111823
0.00486053
0.00387752
0.00311887
0.00252438
0.0020635
0.00169458
0.00140301
0.00117296
0.000990436
0.000844754
0.000727916
0.000633841
0.000557872
0.000496413
0.000446668
0.000406431
0.000373934
0.000347749
0.000326706
0.000309829
0.00029629
0.000285378
0.00027649
0.000269112
0.000262827
0.000257414
0.000252977
0.0531648
0.0104265
0.0100654
0.0048038
0.00374124
0.00299943
0.00241402
0.00196006
0.0016006
0.00131885
0.00109829
0.000924795
0.000787608
0.00067867
0.000591869
0.000522523
0.000467032
0.000422599
0.000387037
0.000358612
0.00033594
0.000317894
0.000303535
0.000292074
0.000282844
0.000275287
0.000268935
0.000263418
0.000258626
0.000254879
0.0457426
0.00978763
0.00901187
0.00470688
0.00358332
0.00285016
0.00227561
0.00183151
0.00148453
0.0012158
0.0010079
0.000846364
0.000720293
0.000621541
0.000543956
0.000482856
0.000434656
0.000396601
0.00036656
0.000342875
0.000324232
0.000309568
0.000298002
0.0002888
0.000281361
0.000275191
0.000269879
0.000265113
0.000260919
0.00025786
0.0390287
0.00926257
0.00806263
0.00456404
0.00340566
0.00267511
0.00211289
0.00168191
0.00135069
0.00109834
0.000906305
0.000759634
0.000647176
0.000560678
0.000493972
0.000442406
0.000402467
0.000371495
0.000347477
0.00032887
0.000314461
0.000303272
0.000294506
0.000287511
0.000281769
0.000276868
0.000272462
0.000268309
0.000264582
0.000262101
0.0332463
0.0088083
0.00722806
0.00437343
0.00320876
0.00247966
0.00193164
0.0015174
0.00120547
0.000972866
0.000799735
0.000670505
0.000573727
0.000501056
0.000446348
0.000405059
0.000373821
0.000350155
0.00033222
0.000318626
0.000308288
0.000300344
0.000294103
0.000289022
0.000284683
0.000280762
0.000276988
0.00027319
0.000269701
0.000267571
0.0284049
0.00837527
0.00649825
0.00413733
0.00299291
0.00226974
0.00173913
0.00134572
0.00105674
0.000847047
0.000695386
0.000585522
0.000505743
0.000447682
0.000405332
0.000374355
0.000351641
0.00033496
0.000322692
0.000313628
0.000306838
0.000301601
0.000297359
0.000293691
0.000290288
0.00028692
0.00028339
0.000279602
0.000276035
0.000273919
0.0244037
0.00792184
0.00585208
0.00386145
0.00275952
0.00205141
0.00154319
0.00117521
0.000912828
0.000728699
0.000600267
0.000510727
0.000448253
0.000404628
0.00037413
0.000352774
0.000337797
0.000327271
0.000319825
0.000314451
0.000310397
0.0003071
0.000304147
0.000301246
0.000298199
0.000294868
0.000291128
0.000286954
0.000282948
0.000280417
0.0210892
0.00741739
0.00526451
0.00355317
0.00251168
0.00183054
0.00135134
0.00101372
0.000781184
0.000624426
0.000519862
0.000450424
0.000404457
0.000374135
0.000354212
0.000341175
0.000332666
0.000327087
0.000323321
0.000320574
0.00031828
0.000316038
0.000313579
0.000310737
0.000307423
0.000303585
0.000299171
0.00029422
0.000289403
0.000285976
0.018306
0.00684467
0.00471177
0.0032212
0.00225501
0.00161339
0.00117038
0.000867675
0.000667269
0.000538417
0.000457061
0.000406333
0.000375119
0.000356248
0.00034511
0.000338729
0.000335171
0.000333156
0.000331821
0.00033058
0.000329043
0.000326966
0.000324216
0.000320745
0.000316557
0.000311686
0.000306156
0.000300071
0.000294097
0.000289296
0.0159271
0.00620582
0.00417962
0.00287893
0.00200086
0.00140933
0.00100794
0.000742515
0.000574329
0.000472014
0.00041172
0.000377268
0.000358405
0.000348788
0.000344501
0.00034309
0.000343005
0.000343256
0.000343207
0.000342464
0.000340798
0.000338107
0.000334382
0.000329672
0.000324063
0.000317669
0.000310608
0.000303061
0.000295616
0.000289032
0.0139115
0.005466
0.00362758
0.00249742
0.00172733
0.00120505
0.000856855
0.00063399
0.000499007
0.00042179
0.000380007
0.000358983
0.000349761
0.000347012
0.000347542
0.000349394
0.000351341
0.000352635
0.000352839
0.000351718
0.000349193
0.000345293
0.000340107
0.00033377
0.000326441
0.000318307
0.000309575
0.000300457
0.000291451
0.000283417
0.0122583
0.00468697
0.0030924
0.00213231
0.00147455
0.00102308
0.000728149
0.000545972
0.000440942
0.000384764
0.000357121
0.000345226
0.000341651
0.000342164
0.000344315
0.000346652
0.000348292
0.000348735
0.000347742
0.000345257
0.000341339
0.000336122
0.000329773
0.000322479
0.00031444
0.000305852
0.00029689
0.00028753
0.000277783
0.000270137
0.000261037
0.00025325
0.000243161
0.000233116
0.000223632
0.000214687
0.000206237
0.000198264
0.00019075
0.000183665
0.000176977
0.000170654
0.000164668
0.00015899
0.000153596
0.000148462
0.000143568
0.000138895
0.000134425
0.000130143
0.000126035
0.000122088
0.000118289
0.000114627
0.000111094
0.000107679
0.000104374
0.000101173
9.8067e-05
9.50513e-05
9.21196e-05
8.92668e-05
8.64883e-05
8.37798e-05
8.11375e-05
7.85579e-05
7.60379e-05
7.35748e-05
7.1166e-05
6.88093e-05
6.65027e-05
6.42444e-05
6.20329e-05
5.98668e-05
5.77448e-05
5.56659e-05
5.36291e-05
5.16336e-05
4.96786e-05
4.77636e-05
4.58878e-05
4.40516e-05
4.22541e-05
4.0495e-05
3.87738e-05
3.70904e-05
3.54447e-05
3.38366e-05
3.22665e-05
3.07334e-05
2.92373e-05
2.77783e-05
2.63565e-05
2.49717e-05
2.36242e-05
2.23137e-05
2.10404e-05
1.98041e-05
1.8605e-05
1.74432e-05
1.63186e-05
1.52313e-05
1.41813e-05
1.31687e-05
1.21934e-05
1.12556e-05
1.03551e-05
9.49208e-06
8.66647e-06
7.87837e-06
7.12777e-06
6.41471e-06
5.7392e-06
5.10121e-06
4.50076e-06
3.93788e-06
3.41261e-06
2.92493e-06
2.47486e-06
2.06229e-06
1.68721e-06
1.3496e-06
1.04953e-06
7.87301e-07
5.62829e-07
3.75698e-07
2.25862e-07
1.13853e-07
3.98628e-08
4.30934e-09
0.00026433
0.000255014
0.000245248
0.000235564
0.000226363
0.000217677
0.000209452
0.000201658
0.000194269
0.000187262
0.000180609
0.000174285
0.000168266
0.000162529
0.000157054
0.000151823
0.000146817
0.000142022
0.000137422
0.000133005
0.000128758
0.000124669
0.000120729
0.000116928
0.000113257
0.000109708
0.000106273
0.000102944
9.9717e-05
9.65843e-05
9.35409e-05
9.05818e-05
8.77023e-05
8.48984e-05
8.2166e-05
7.95017e-05
7.69022e-05
7.43646e-05
7.18864e-05
6.9465e-05
6.70982e-05
6.47842e-05
6.25211e-05
6.03074e-05
5.81415e-05
5.60223e-05
5.39486e-05
5.19193e-05
4.99337e-05
4.79909e-05
4.60903e-05
4.42307e-05
4.24119e-05
4.06335e-05
3.88951e-05
3.71964e-05
3.5537e-05
3.39165e-05
3.23341e-05
3.07906e-05
2.92857e-05
2.7819e-05
2.63904e-05
2.49997e-05
2.3647e-05
2.23321e-05
2.10549e-05
1.98154e-05
1.86136e-05
1.74493e-05
1.63228e-05
1.52338e-05
1.41825e-05
1.31687e-05
1.21926e-05
1.1254e-05
1.0353e-05
9.4896e-06
8.66373e-06
7.87543e-06
7.12476e-06
6.41174e-06
5.73628e-06
5.09838e-06
4.49807e-06
3.93534e-06
3.4102e-06
2.92264e-06
2.47266e-06
2.06029e-06
1.68551e-06
1.34828e-06
1.0486e-06
7.8651e-07
5.62077e-07
3.75089e-07
2.25449e-07
1.13612e-07
3.97667e-08
4.28824e-09
0.00026709
0.00025711
0.000247018
0.000237181
0.000227981
0.000219392
0.000211303
0.000203645
0.000196376
0.000189464
0.000182878
0.000176595
0.000170591
0.000164848
0.000159348
0.000154074
0.000149013
0.000144152
0.000139478
0.00013498
0.000130647
0.00012647
0.000122439
0.000118547
0.000114784
0.000111145
0.000107621
0.000104207
0.000100895
9.76821e-05
9.45612e-05
9.1528e-05
8.8578e-05
8.57069e-05
8.29111e-05
8.01868e-05
7.7531e-05
7.49405e-05
7.24127e-05
6.9945e-05
6.75352e-05
6.51811e-05
6.28808e-05
6.06327e-05
5.84351e-05
5.62866e-05
5.41859e-05
5.21319e-05
5.01235e-05
4.81598e-05
4.624e-05
4.43633e-05
4.25291e-05
4.07367e-05
3.89856e-05
3.72754e-05
3.56056e-05
3.39759e-05
3.23858e-05
3.08352e-05
2.93238e-05
2.78514e-05
2.64176e-05
2.50225e-05
2.36659e-05
2.23475e-05
2.10674e-05
1.98253e-05
1.86213e-05
1.74551e-05
1.63269e-05
1.52366e-05
1.41841e-05
1.31695e-05
1.21926e-05
1.12534e-05
1.03519e-05
9.48815e-06
8.662e-06
7.87351e-06
7.12271e-06
6.4096e-06
5.73416e-06
5.0963e-06
4.49602e-06
3.93332e-06
3.40824e-06
2.92082e-06
2.47097e-06
2.0587e-06
1.68406e-06
1.34709e-06
1.04766e-06
7.85719e-07
5.6139e-07
3.74554e-07
2.25098e-07
1.13408e-07
3.96659e-08
4.26458e-09
0.000267471
0.000257585
0.000247542
0.000237785
0.000228732
0.000220327
0.000212426
0.000204941
0.000197823
0.000191035
0.000184545
0.00017833
0.000172371
0.000166649
0.000161152
0.000155864
0.000150775
0.000145874
0.000141151
0.000136596
0.000132201
0.000127958
0.000123859
0.000119895
0.000116062
0.000112351
0.000108756
0.000105272
0.000101893
9.8614e-05
9.54295e-05
9.23352e-05
8.93267e-05
8.63999e-05
8.35511e-05
8.07767e-05
7.80735e-05
7.54385e-05
7.28689e-05
7.0362e-05
6.79156e-05
6.55274e-05
6.31954e-05
6.09178e-05
5.8693e-05
5.65193e-05
5.43955e-05
5.23202e-05
5.02923e-05
4.83107e-05
4.63746e-05
4.4483e-05
4.26352e-05
4.08304e-05
3.90682e-05
3.73479e-05
3.5669e-05
3.40311e-05
3.24337e-05
3.08765e-05
2.93593e-05
2.78816e-05
2.64432e-05
2.5044e-05
2.36838e-05
2.23623e-05
2.10794e-05
1.9835e-05
1.86289e-05
1.7461e-05
1.63313e-05
1.52397e-05
1.41862e-05
1.31706e-05
1.21929e-05
1.12532e-05
1.03512e-05
9.48707e-06
8.66063e-06
7.87192e-06
7.12095e-06
6.4077e-06
5.73222e-06
5.09444e-06
4.49416e-06
3.93136e-06
3.40632e-06
2.91901e-06
2.46928e-06
2.05713e-06
1.68264e-06
1.34583e-06
1.04657e-06
7.848e-07
5.60637e-07
3.73972e-07
2.24704e-07
1.13178e-07
3.95575e-08
4.24006e-09
0.000265578
0.000256356
0.000246787
0.000237433
0.000228738
0.000220645
0.000213012
0.000205753
0.000198823
0.000192185
0.000185813
0.000179686
0.000173788
0.000168106
0.000162626
0.00015734
0.000152239
0.000147314
0.000142557
0.000137961
0.000133518
0.000129223
0.000125069
0.000121048
0.000117156
0.000113386
0.000109733
0.000106191
0.000102755
9.94202e-05
9.61819e-05
9.30357e-05
8.99773e-05
8.70029e-05
8.41088e-05
8.12914e-05
7.85476e-05
7.58742e-05
7.32685e-05
7.07278e-05
6.82497e-05
6.58319e-05
6.34724e-05
6.11693e-05
5.89208e-05
5.67252e-05
5.45811e-05
5.24872e-05
5.04422e-05
4.84449e-05
4.64944e-05
4.45897e-05
4.27299e-05
4.09144e-05
3.91423e-05
3.7413e-05
3.57261e-05
3.40809e-05
3.2477e-05
3.0914e-05
2.93915e-05
2.79091e-05
2.64666e-05
2.50638e-05
2.37003e-05
2.23759e-05
2.10905e-05
1.98438e-05
1.86359e-05
1.74665e-05
1.63355e-05
1.52427e-05
1.41882e-05
1.31718e-05
1.21934e-05
1.1253e-05
1.03506e-05
9.48603e-06
8.65937e-06
7.87048e-06
7.11929e-06
6.40588e-06
5.73027e-06
5.09239e-06
4.49215e-06
3.92951e-06
3.40453e-06
2.91722e-06
2.46753e-06
2.05548e-06
1.6811e-06
1.34441e-06
1.04533e-06
7.83764e-07
5.59802e-07
3.73335e-07
2.24271e-07
1.12927e-07
3.94435e-08
4.21509e-09
0.000262201
0.000253932
0.000245102
0.000236363
0.000228171
0.000220482
0.000213174
0.000206179
0.000199461
0.000192992
0.000186752
0.000180724
0.000174899
0.000169264
0.000163814
0.000158541
0.000153438
0.0001485
0.000143721
0.000139095
0.000134618
0.000130283
0.000126085
0.000122019
0.000118079
0.000114261
0.00011056
0.00010697
0.000103486
0.000100105
9.68223e-05
9.36326e-05
9.05325e-05
8.75181e-05
8.45858e-05
8.17321e-05
7.89539e-05
7.6248e-05
7.36117e-05
7.10422e-05
6.85372e-05
6.60943e-05
6.37113e-05
6.13864e-05
5.91176e-05
5.69032e-05
5.47419e-05
5.26319e-05
5.05722e-05
4.85615e-05
4.65986e-05
4.46826e-05
4.28125e-05
4.09875e-05
3.92069e-05
3.74699e-05
3.5776e-05
3.41245e-05
3.25149e-05
3.09469e-05
2.94198e-05
2.79334e-05
2.64874e-05
2.50813e-05
2.37149e-05
2.23879e-05
2.11002e-05
1.98517e-05
1.86421e-05
1.74713e-05
1.63391e-05
1.52453e-05
1.41899e-05
1.31728e-05
1.21938e-05
1.12529e-05
1.035e-05
9.48505e-06
8.65809e-06
7.86898e-06
7.11766e-06
6.40413e-06
5.7284e-06
5.09041e-06
4.4901e-06
3.92749e-06
3.40258e-06
2.91533e-06
2.46572e-06
2.05375e-06
1.67946e-06
1.34287e-06
1.04395e-06
7.82635e-07
5.58898e-07
3.72654e-07
2.2382e-07
1.1267e-07
3.93285e-08
4.19008e-09
0.000258218
0.000250934
0.000242927
0.000234891
0.000227261
0.000220012
0.000213051
0.000206334
0.000199836
0.000193541
0.000187435
0.000181511
0.000175761
0.00017018
0.000164764
0.00015951
0.000154413
0.000149469
0.000144676
0.00014003
0.000135526
0.00013116
0.000126928
0.000122826
0.000118848
0.000114992
0.000111251
0.000107622
0.0001041
0.000100681
9.73602e-05
9.41346e-05
9.09998e-05
8.79522e-05
8.4988e-05
8.21041e-05
7.9297e-05
7.6564e-05
7.3902e-05
7.13084e-05
6.87808e-05
6.63167e-05
6.3914e-05
6.15707e-05
5.92848e-05
5.70546e-05
5.48786e-05
5.27552e-05
5.0683e-05
4.86608e-05
4.66874e-05
4.47618e-05
4.2883e-05
4.10501e-05
3.92622e-05
3.75186e-05
3.58187e-05
3.41619e-05
3.25475e-05
3.09751e-05
2.94442e-05
2.79543e-05
2.65051e-05
2.50962e-05
2.37273e-05
2.23982e-05
2.11086e-05
1.98584e-05
1.86474e-05
1.74754e-05
1.63421e-05
1.52474e-05
1.41912e-05
1.31734e-05
1.21939e-05
1.12526e-05
1.03493e-05
9.48403e-06
8.65673e-06
7.86739e-06
7.11593e-06
6.40232e-06
5.7265e-06
5.08844e-06
4.48809e-06
3.92546e-06
3.40054e-06
2.91335e-06
2.46382e-06
2.05193e-06
1.67773e-06
1.34125e-06
1.04251e-06
7.81419e-07
5.57921e-07
3.71932e-07
2.23357e-07
1.12417e-07
3.92199e-08
4.16642e-09
0.000254359
0.000247908
0.000240668
0.000233312
0.000226225
0.0002194
0.000212774
0.000206323
0.000200036
0.000193907
0.000187931
0.000182106
0.000176429
0.000170901
0.000165521
0.000160287
0.0001552
0.000150256
0.000145455
0.000140794
0.00013627
0.00013188
0.000127622
0.00012349
0.000119483
0.000115595
0.000111822
0.000108161
0.000104607
0.000101157
9.78065e-05
9.45513e-05
9.13881e-05
8.8313e-05
8.53226e-05
8.24136e-05
7.95828e-05
7.68273e-05
7.41441e-05
7.15305e-05
6.89841e-05
6.65024e-05
6.40833e-05
6.17247e-05
5.94246e-05
5.71813e-05
5.4993e-05
5.28583e-05
5.07758e-05
4.87441e-05
4.67619e-05
4.48283e-05
4.29421e-05
4.11025e-05
3.93085e-05
3.75595e-05
3.58546e-05
3.41932e-05
3.25747e-05
3.09987e-05
2.94645e-05
2.79718e-05
2.652e-05
2.51087e-05
2.37377e-05
2.24067e-05
2.11156e-05
1.9864e-05
1.86517e-05
1.74786e-05
1.63444e-05
1.5249e-05
1.41921e-05
1.31738e-05
1.21938e-05
1.12521e-05
1.03484e-05
9.48286e-06
8.65534e-06
7.86581e-06
7.1142e-06
6.40048e-06
5.7246e-06
5.08647e-06
4.48608e-06
3.92341e-06
3.39849e-06
2.91131e-06
2.46183e-06
2.05003e-06
1.67594e-06
1.3396e-06
1.04104e-06
7.80169e-07
5.56927e-07
3.71215e-07
2.22905e-07
1.12179e-07
3.91232e-08
4.14503e-09
0.000251103
0.000245231
0.000238612
0.000231838
0.000225224
0.000218771
0.000212442
0.000206228
0.000200131
0.000194151
0.000188291
0.000182555
0.000176946
0.000171467
0.00016612
0.000160907
0.00015583
0.000150889
0.000146082
0.000141411
0.000136872
0.000132464
0.000128185
0.000124031
0.000119999
0.000116086
0.000112288
0.000108601
0.000105022
0.000101547
9.81713e-05
9.48922e-05
9.17057e-05
8.86083e-05
8.55966e-05
8.26672e-05
7.98171e-05
7.70431e-05
7.43426e-05
7.17127e-05
6.9151e-05
6.66549e-05
6.42224e-05
6.18512e-05
5.95395e-05
5.72854e-05
5.50871e-05
5.29432e-05
5.08521e-05
4.88126e-05
4.68232e-05
4.4883e-05
4.29908e-05
4.11457e-05
3.93467e-05
3.75931e-05
3.58841e-05
3.4219e-05
3.25971e-05
3.10181e-05
2.94813e-05
2.79864e-05
2.65326e-05
2.51191e-05
2.3746e-05
2.24135e-05
2.11211e-05
1.98684e-05
1.86552e-05
1.74812e-05
1.63462e-05
1.52501e-05
1.41927e-05
1.31738e-05
1.21935e-05
1.12514e-05
1.03475e-05
9.48167e-06
8.65394e-06
7.86425e-06
7.11251e-06
6.39868e-06
5.72272e-06
5.08454e-06
4.48411e-06
3.92143e-06
3.39649e-06
2.90931e-06
2.45987e-06
2.04815e-06
1.67416e-06
1.33795e-06
1.03958e-06
7.78949e-07
5.55976e-07
3.70545e-07
2.225e-07
1.11975e-07
3.90456e-08
4.12692e-09
0.000248659
0.000243092
0.000236915
0.000230594
0.000224357
0.000218206
0.000212123
0.000206108
0.000200169
0.000194316
0.000188556
0.000182897
0.000177346
0.000171909
0.000166592
0.000161398
0.00015633
0.000151392
0.000146583
0.000141903
0.000137354
0.000132932
0.000128636
0.000124464
0.000120413
0.00011648
0.000112661
0.000108954
0.000105355
0.000101859
9.84643e-05
9.5166e-05
9.1961e-05
8.88457e-05
8.58169e-05
8.28712e-05
8.00055e-05
7.72169e-05
7.45024e-05
7.18594e-05
6.92853e-05
6.67777e-05
6.43344e-05
6.19532e-05
5.96321e-05
5.73693e-05
5.5163e-05
5.30116e-05
5.09137e-05
4.88678e-05
4.68727e-05
4.49271e-05
4.30301e-05
4.11805e-05
3.93775e-05
3.76202e-05
3.59079e-05
3.42397e-05
3.26152e-05
3.10337e-05
2.94947e-05
2.79976e-05
2.65419e-05
2.5127e-05
2.37529e-05
2.24193e-05
2.11258e-05
1.98721e-05
1.8658e-05
1.74833e-05
1.63476e-05
1.52509e-05
1.4193e-05
1.31737e-05
1.2193e-05
1.12506e-05
1.03465e-05
9.48052e-06
8.65261e-06
7.86277e-06
7.11092e-06
6.39701e-06
5.72096e-06
5.08273e-06
4.48228e-06
3.91958e-06
3.39463e-06
2.90744e-06
2.45801e-06
2.04636e-06
1.67246e-06
1.33639e-06
1.03821e-06
7.77822e-07
5.55121e-07
3.69968e-07
2.22168e-07
1.1182e-07
3.89906e-08
4.11239e-09
0.000247018
0.000241527
0.000235626
0.000229628
0.00022367
0.000217749
0.000211856
0.000205998
0.000200188
0.000194436
0.000188757
0.00018316
0.000177655
0.000172253
0.000166959
0.000161781
0.000156722
0.000151786
0.000146975
0.00014229
0.000137731
0.000133299
0.00012899
0.000124804
0.000120738
0.000116789
0.000112955
0.000109232
0.000105616
0.000102105
9.86945e-05
9.53812e-05
9.21616e-05
8.90323e-05
8.59901e-05
8.30315e-05
8.01536e-05
7.73534e-05
7.4628e-05
7.19747e-05
6.9391e-05
6.68744e-05
6.44226e-05
6.20334e-05
5.9705e-05
5.74353e-05
5.52227e-05
5.30655e-05
5.09622e-05
4.89113e-05
4.69116e-05
4.49619e-05
4.3061e-05
4.1208e-05
3.94018e-05
3.76416e-05
3.59266e-05
3.42561e-05
3.26295e-05
3.1046e-05
2.95052e-05
2.80065e-05
2.65493e-05
2.51334e-05
2.37583e-05
2.24237e-05
2.11294e-05
1.98749e-05
1.86601e-05
1.74847e-05
1.63486e-05
1.52514e-05
1.41931e-05
1.31735e-05
1.21925e-05
1.12499e-05
1.03456e-05
9.47949e-06
8.65145e-06
7.86146e-06
7.1095e-06
6.39552e-06
5.71941e-06
5.08114e-06
4.48066e-06
3.91795e-06
3.39299e-06
2.90579e-06
2.45637e-06
2.04474e-06
1.67093e-06
1.335e-06
1.03701e-06
7.76857e-07
5.54416e-07
3.69509e-07
2.21913e-07
1.11706e-07
3.89563e-08
4.10149e-09
0.000246036
0.000240472
0.000234722
0.000228937
0.000223172
0.000217417
0.000211663
0.000205922
0.000200207
0.000194533
0.000188914
0.000183364
0.000177896
0.000172519
0.000167244
0.000162076
0.000157023
0.000152089
0.000147276
0.000142587
0.000138021
0.000133579
0.000129261
0.000125064
0.000120986
0.000117026
0.000113179
0.000109444
0.000105816
0.000102292
9.887e-05
9.55452e-05
9.23145e-05
8.91745e-05
8.6122e-05
8.31537e-05
8.02665e-05
7.74575e-05
7.47237e-05
7.20626e-05
6.94715e-05
6.6948e-05
6.44897e-05
6.20946e-05
5.97605e-05
5.74857e-05
5.52683e-05
5.31066e-05
5.09992e-05
4.89445e-05
4.69414e-05
4.49885e-05
4.30847e-05
4.1229e-05
3.94204e-05
3.7658e-05
3.5941e-05
3.42687e-05
3.26404e-05
3.10555e-05
2.95133e-05
2.80134e-05
2.65552e-05
2.51383e-05
2.37624e-05
2.24271e-05
2.11321e-05
1.98771e-05
1.86617e-05
1.74858e-05
1.63492e-05
1.52517e-05
1.41931e-05
1.31733e-05
1.21921e-05
1.12493e-05
1.03448e-05
9.47861e-06
8.65047e-06
7.86037e-06
7.10833e-06
6.39428e-06
5.71813e-06
5.07981e-06
4.4793e-06
3.91662e-06
3.3917e-06
2.90449e-06
2.45502e-06
2.04335e-06
1.66963e-06
1.33386e-06
1.03602e-06
7.76073e-07
5.53874e-07
3.69173e-07
2.21737e-07
1.11636e-07
3.89387e-08
4.09324e-09
0.000245522
0.000239826
0.000234147
0.000228494
0.000222855
0.00021721
0.000211552
0.000205892
0.000200243
0.000194622
0.000189045
0.000183527
0.000178083
0.000172724
0.00016746
0.000162299
0.00015725
0.000152315
0.0001475
0.000142806
0.000138235
0.000133787
0.00012946
0.000125255
0.000121169
0.000117199
0.000113343
0.000109598
0.000105961
0.000102429
9.8998e-05
9.56647e-05
9.24258e-05
8.9278e-05
8.62179e-05
8.32424e-05
8.03485e-05
7.7533e-05
7.47932e-05
7.21264e-05
6.95299e-05
6.70014e-05
6.45385e-05
6.2139e-05
5.98009e-05
5.75223e-05
5.53014e-05
5.31365e-05
5.10261e-05
4.89687e-05
4.69631e-05
4.50079e-05
4.3102e-05
4.12443e-05
3.9434e-05
3.767e-05
3.59516e-05
3.4278e-05
3.26485e-05
3.10625e-05
2.95193e-05
2.80185e-05
2.65595e-05
2.5142e-05
2.37655e-05
2.24297e-05
2.11342e-05
1.98787e-05
1.86629e-05
1.74866e-05
1.63497e-05
1.5252e-05
1.41932e-05
1.31732e-05
1.21918e-05
1.12489e-05
1.03443e-05
9.47793e-06
8.64971e-06
7.85955e-06
7.10743e-06
6.39333e-06
5.71715e-06
5.07881e-06
4.47829e-06
3.91563e-06
3.39072e-06
2.90357e-06
2.4541e-06
2.04231e-06
1.6686e-06
1.33296e-06
1.03525e-06
7.75497e-07
5.53486e-07
3.68934e-07
2.21612e-07
1.11591e-07
3.89348e-08
4.08775e-09
0.0002453
0.000239487
0.000233842
0.000228265
0.000222701
0.000217122
0.000211522
0.00020591
0.000200301
0.000194712
0.000189159
0.00018366
0.000178229
0.000172878
0.00016762
0.000162462
0.000157413
0.000152477
0.000147659
0.000142961
0.000138385
0.000133931
0.000129598
0.000125387
0.000121294
0.000117317
0.000113455
0.000109704
0.00010606
0.000102522
9.90845e-05
9.57453e-05
9.25008e-05
8.93476e-05
8.62824e-05
8.33021e-05
8.04035e-05
7.75837e-05
7.48398e-05
7.21692e-05
6.95691e-05
6.70372e-05
6.45712e-05
6.21688e-05
5.9828e-05
5.75469e-05
5.53236e-05
5.31566e-05
5.10442e-05
4.89851e-05
4.69777e-05
4.5021e-05
4.31137e-05
4.12548e-05
3.94432e-05
3.76782e-05
3.59588e-05
3.42843e-05
3.2654e-05
3.10673e-05
2.95235e-05
2.80221e-05
2.65627e-05
2.51447e-05
2.37677e-05
2.24315e-05
2.11356e-05
1.98798e-05
1.86637e-05
1.74872e-05
1.63501e-05
1.52523e-05
1.41934e-05
1.31732e-05
1.21917e-05
1.12486e-05
1.03439e-05
9.47749e-06
8.64919e-06
7.85899e-06
7.10683e-06
6.3927e-06
5.71649e-06
5.07809e-06
4.47749e-06
3.91478e-06
3.38991e-06
2.90274e-06
2.45335e-06
2.04186e-06
1.66823e-06
1.33238e-06
1.03464e-06
7.75108e-07
5.53274e-07
3.68788e-07
2.2151e-07
1.11553e-07
3.8944e-08
4.08558e-09
0.000245252
0.000239384
0.000233759
0.00022822
0.000222692
0.000217143
0.000211569
0.000205978
0.000200385
0.000194807
0.000189263
0.000183769
0.000178341
0.000172991
0.000167733
0.000162573
0.000157521
0.000152582
0.00014776
0.000143058
0.000138478
0.000134019
0.000129682
0.000125466
0.000121369
0.000117388
0.000113521
0.000109765
0.000106118
0.000102575
9.91345e-05
9.57918e-05
9.25439e-05
8.93875e-05
8.63193e-05
8.33361e-05
8.04348e-05
7.76125e-05
7.48663e-05
7.21934e-05
6.95913e-05
6.70575e-05
6.45897e-05
6.21857e-05
5.98434e-05
5.75609e-05
5.53363e-05
5.31681e-05
5.10546e-05
4.89944e-05
4.69862e-05
4.50286e-05
4.31205e-05
4.12609e-05
3.94487e-05
3.7683e-05
3.59631e-05
3.42881e-05
3.26574e-05
3.10703e-05
2.95261e-05
2.80244e-05
2.65646e-05
2.51464e-05
2.37692e-05
2.24327e-05
2.11366e-05
1.98806e-05
1.86644e-05
1.74877e-05
1.63505e-05
1.52526e-05
1.41935e-05
1.31733e-05
1.21916e-05
1.12485e-05
1.03438e-05
9.47727e-06
8.64892e-06
7.85867e-06
7.10649e-06
6.39229e-06
5.71607e-06
5.07766e-06
4.477e-06
3.91425e-06
3.38934e-06
2.90216e-06
2.45279e-06
2.04132e-06
1.66776e-06
1.33213e-06
1.03459e-06
7.75124e-07
5.53266e-07
3.68673e-07
2.21417e-07
1.11541e-07
3.89559e-08
4.08454e-09
0.000245324
0.000239478
0.000233866
0.000228335
0.000222809
0.000217261
0.000211684
0.000206089
0.000200491
0.000194907
0.000189357
0.000183857
0.000178422
0.000173067
0.000167802
0.000162638
0.000157581
0.000152637
0.000147811
0.000143104
0.00013852
0.000134058
0.000129718
0.000125499
0.000121398
0.000117415
0.000113546
0.000109788
0.000106139
0.000102595
9.91521e-05
9.58078e-05
9.25585e-05
8.94008e-05
8.63315e-05
8.33473e-05
8.0445e-05
7.76219e-05
7.48748e-05
7.22012e-05
6.95985e-05
6.70641e-05
6.45957e-05
6.21912e-05
5.98485e-05
5.75654e-05
5.53404e-05
5.31718e-05
5.1058e-05
4.89977e-05
4.69891e-05
4.50313e-05
4.3123e-05
4.12632e-05
3.94508e-05
3.76849e-05
3.59648e-05
3.42896e-05
3.26588e-05
3.10716e-05
2.95273e-05
2.80255e-05
2.65656e-05
2.51472e-05
2.377e-05
2.24334e-05
2.11372e-05
1.98811e-05
1.86648e-05
1.74882e-05
1.63509e-05
1.52529e-05
1.41938e-05
1.31734e-05
1.21918e-05
1.12486e-05
1.03438e-05
9.47725e-06
8.64887e-06
7.85859e-06
7.10636e-06
6.39213e-06
5.71582e-06
5.07739e-06
4.4768e-06
3.91407e-06
3.38914e-06
2.90194e-06
2.45259e-06
2.04111e-06
1.66756e-06
1.33204e-06
1.03456e-06
7.7508e-07
5.53243e-07
3.68692e-07
2.21435e-07
1.11549e-07
3.89591e-08
4.08481e-09
0.000245534
0.000239783
0.000234174
0.000228617
0.00022306
0.000217479
0.00021187
0.000206245
0.000200619
0.000195012
0.00018944
0.000183922
0.000178472
0.000173104
0.000167828
0.000162655
0.00015759
0.00015264
0.000147809
0.000143099
0.000138511
0.000134046
0.000129704
0.000125484
0.000121383
0.000117399
0.000113529
0.000109772
0.000106123
0.000102579
9.91364e-05
9.57928e-05
9.25442e-05
8.93872e-05
8.63186e-05
8.33352e-05
8.04337e-05
7.76113e-05
7.48651e-05
7.21923e-05
6.95902e-05
6.70565e-05
6.45888e-05
6.21849e-05
5.98428e-05
5.75605e-05
5.53361e-05
5.31677e-05
5.10544e-05
4.89945e-05
4.69864e-05
4.5029e-05
4.3121e-05
4.12615e-05
3.94493e-05
3.76837e-05
3.59639e-05
3.42889e-05
3.26582e-05
3.10712e-05
2.9527e-05
2.80253e-05
2.65655e-05
2.51472e-05
2.377e-05
2.24335e-05
2.11373e-05
1.98812e-05
1.8665e-05
1.74884e-05
1.63512e-05
1.52531e-05
1.4194e-05
1.31737e-05
1.2192e-05
1.12488e-05
1.0344e-05
9.4774e-06
8.649e-06
7.85871e-06
7.10647e-06
6.3922e-06
5.71587e-06
5.07743e-06
4.47687e-06
3.91417e-06
3.38923e-06
2.90201e-06
2.45261e-06
2.0411e-06
1.66759e-06
1.33211e-06
1.0346e-06
7.75062e-07
5.53255e-07
3.68799e-07
2.21535e-07
1.11573e-07
3.89464e-08
4.08525e-09
0.000245971
0.000240362
0.000234733
0.000229102
0.000223469
0.000217814
0.000212138
0.000206452
0.000200774
0.000195122
0.000189512
0.000183962
0.000178487
0.000173097
0.000167804
0.000162617
0.000157542
0.000152584
0.000147747
0.000143033
0.000138443
0.000133977
0.000129635
0.000125414
0.000121314
0.000117332
0.000113465
0.00010971
0.000106063
0.000102522
9.90827e-05
9.57421e-05
9.24964e-05
8.93424e-05
8.62767e-05
8.32962e-05
8.03975e-05
7.75778e-05
7.48341e-05
7.21637e-05
6.9564e-05
6.70326e-05
6.45669e-05
6.2165e-05
5.98247e-05
5.7544e-05
5.53212e-05
5.31546e-05
5.10426e-05
4.89839e-05
4.6977e-05
4.50207e-05
4.31138e-05
4.12551e-05
3.94437e-05
3.76788e-05
3.59596e-05
3.42853e-05
3.26552e-05
3.10686e-05
2.95248e-05
2.80235e-05
2.65641e-05
2.51461e-05
2.37691e-05
2.24328e-05
2.11368e-05
1.98809e-05
1.86647e-05
1.74882e-05
1.63512e-05
1.52532e-05
1.41942e-05
1.31739e-05
1.21923e-05
1.12491e-05
1.03443e-05
9.47771e-06
8.64931e-06
7.85903e-06
7.10678e-06
6.39251e-06
5.71618e-06
5.07773e-06
4.47717e-06
3.91448e-06
3.38953e-06
2.90237e-06
2.45292e-06
2.04124e-06
1.66774e-06
1.33232e-06
1.03483e-06
7.75246e-07
5.53379e-07
3.6891e-07
2.21614e-07
1.11598e-07
3.89385e-08
4.08794e-09
0.000246788
0.000241314
0.000235606
0.000229833
0.000224061
0.000218281
0.000212494
0.000206712
0.000200952
0.000195231
0.000189565
0.000183969
0.000178455
0.000173036
0.00016772
0.000162515
0.000157426
0.000152459
0.000147615
0.000142897
0.000138305
0.00013384
0.000129499
0.000125281
0.000121185
0.000117207
0.000113345
0.000109595
0.000105954
0.000102418
9.89848e-05
9.56499e-05
9.24099e-05
8.92615e-05
8.62013e-05
8.3226e-05
8.03324e-05
7.75176e-05
7.47786e-05
7.21126e-05
6.95171e-05
6.69896e-05
6.45277e-05
6.21293e-05
5.97922e-05
5.75146e-05
5.52946e-05
5.31307e-05
5.10211e-05
4.89646e-05
4.69598e-05
4.50054e-05
4.31003e-05
4.12432e-05
3.94332e-05
3.76696e-05
3.59515e-05
3.42783e-05
3.26492e-05
3.10635e-05
2.95205e-05
2.80199e-05
2.65611e-05
2.51436e-05
2.37671e-05
2.24312e-05
2.11355e-05
1.98799e-05
1.8664e-05
1.74878e-05
1.63509e-05
1.52532e-05
1.41943e-05
1.31741e-05
1.21925e-05
1.12494e-05
1.03447e-05
9.47817e-06
8.64981e-06
7.85955e-06
7.10732e-06
6.39306e-06
5.71673e-06
5.07828e-06
4.47768e-06
3.91493e-06
3.38997e-06
2.90276e-06
2.45333e-06
2.04178e-06
1.66825e-06
1.33275e-06
1.03523e-06
7.75598e-07
5.53635e-07
3.69076e-07
2.21707e-07
1.11629e-07
3.89353e-08
4.09232e-09
0.000248189
0.000242758
0.000236869
0.000230854
0.000224862
0.000218893
0.000212944
0.000207024
0.000201148
0.000195332
0.000189588
0.000183929
0.000178366
0.000172908
0.000167562
0.000162334
0.000157229
0.000152251
0.000147401
0.00014268
0.000138088
0.000133624
0.000129287
0.000125075
0.000120986
0.000117015
0.000113161
0.00010942
0.000105787
0.000102261
9.88365e-05
9.55105e-05
9.22794e-05
8.91396e-05
8.60877e-05
8.31204e-05
8.02346e-05
7.74271e-05
7.46952e-05
7.20359e-05
6.94467e-05
6.69252e-05
6.44689e-05
6.20757e-05
5.97435e-05
5.74705e-05
5.52548e-05
5.30947e-05
5.09888e-05
4.89356e-05
4.69338e-05
4.49822e-05
4.30799e-05
4.12252e-05
3.94171e-05
3.76554e-05
3.59392e-05
3.42676e-05
3.26399e-05
3.10554e-05
2.95136e-05
2.80142e-05
2.65564e-05
2.51397e-05
2.37638e-05
2.24284e-05
2.11333e-05
1.98782e-05
1.86628e-05
1.7487e-05
1.63504e-05
1.52529e-05
1.41942e-05
1.31742e-05
1.21928e-05
1.12498e-05
1.03452e-05
9.47876e-06
8.65048e-06
7.86028e-06
7.10809e-06
6.39386e-06
5.71754e-06
5.0791e-06
4.4785e-06
3.9157e-06
3.39066e-06
2.90342e-06
2.45402e-06
2.04251e-06
1.66897e-06
1.33343e-06
1.03583e-06
7.76085e-07
5.53985e-07
3.693e-07
2.21826e-07
1.11672e-07
3.89414e-08
4.099e-09
0.00025038
0.000244809
0.000238587
0.000232201
0.000225888
0.000219653
0.000213481
0.000207377
0.000201351
0.000195411
0.000189569
0.000183831
0.000178205
0.000172699
0.000167316
0.000162062
0.000156938
0.000151948
0.000147091
0.000142368
0.000137778
0.000133319
0.000128989
0.000124786
0.000120707
0.000116747
0.000112905
0.000109176
0.000105557
0.000102043
9.86313e-05
9.5318e-05
9.20992e-05
8.89714e-05
8.59312e-05
8.29751e-05
8.01001e-05
7.73029e-05
7.45806e-05
7.19306e-05
6.93501e-05
6.68368e-05
6.43882e-05
6.20022e-05
5.96767e-05
5.741e-05
5.52001e-05
5.30454e-05
5.09445e-05
4.88959e-05
4.68983e-05
4.49505e-05
4.30514e-05
4.11999e-05
3.93951e-05
3.76361e-05
3.59223e-05
3.42529e-05
3.26272e-05
3.10444e-05
2.95042e-05
2.80062e-05
2.65496e-05
2.51341e-05
2.37592e-05
2.24247e-05
2.11304e-05
1.98759e-05
1.86611e-05
1.74857e-05
1.63495e-05
1.52524e-05
1.4194e-05
1.31743e-05
1.21931e-05
1.12503e-05
1.03458e-05
9.47953e-06
8.65133e-06
7.86121e-06
7.10911e-06
6.39495e-06
5.71865e-06
5.08022e-06
4.47962e-06
3.9168e-06
3.39173e-06
2.90447e-06
2.45507e-06
2.04354e-06
1.66994e-06
1.33429e-06
1.0366e-06
7.76698e-07
5.54422e-07
3.69584e-07
2.21982e-07
1.11739e-07
3.8961e-08
4.10849e-09
0.000253502
0.000247529
0.000240783
0.000233876
0.000227129
0.000220545
0.000214089
0.000207754
0.000201539
0.000195449
0.000189486
0.000183653
0.000177953
0.00017239
0.000166965
0.00016168
0.000156537
0.000151534
0.000146672
0.000141949
0.000137363
0.000132912
0.000128592
0.000124402
0.000120337
0.000116393
0.000112568
0.000108855
0.000105253
0.000101757
9.83623e-05
9.50658e-05
9.18635e-05
8.87517e-05
8.57268e-05
8.27856e-05
7.99246e-05
7.71409e-05
7.44315e-05
7.17935e-05
6.92245e-05
6.67218e-05
6.42833e-05
6.19067e-05
5.959e-05
5.73314e-05
5.51291e-05
5.29814e-05
5.0887e-05
4.88443e-05
4.68522e-05
4.49094e-05
4.30148e-05
4.11674e-05
3.93664e-05
3.76111e-05
3.59005e-05
3.42338e-05
3.26105e-05
3.10301e-05
2.94921e-05
2.79958e-05
2.65408e-05
2.51267e-05
2.37531e-05
2.24198e-05
2.11265e-05
1.98729e-05
1.86588e-05
1.74841e-05
1.63484e-05
1.52518e-05
1.41938e-05
1.31745e-05
1.21935e-05
1.1251e-05
1.03467e-05
9.4805e-06
8.65245e-06
7.86244e-06
7.11042e-06
6.39632e-06
5.72007e-06
5.08166e-06
4.48106e-06
3.91824e-06
3.39317e-06
2.90589e-06
2.45645e-06
2.04488e-06
1.67117e-06
1.33538e-06
1.03753e-06
7.77438e-07
5.54969e-07
3.69949e-07
2.22194e-07
1.11838e-07
3.89944e-08
4.12043e-09
0.000257543
0.000250868
0.000243398
0.000235824
0.000228536
0.000221524
0.000214725
0.000208114
0.000201679
0.000195413
0.00018931
0.000183368
0.000177584
0.000171957
0.000166486
0.000161168
0.000156004
0.00015099
0.000146124
0.000141404
0.000136826
0.000132387
0.000128083
0.00012391
0.000119864
0.000115942
0.000112138
0.000108448
0.000104868
0.000101394
9.80217e-05
9.47468e-05
9.15656e-05
8.84742e-05
8.5469e-05
8.25466e-05
7.97037e-05
7.69371e-05
7.42439e-05
7.16213e-05
6.90666e-05
6.65775e-05
6.41517e-05
6.17869e-05
5.94813e-05
5.72329e-05
5.50401e-05
5.29013e-05
5.08149e-05
4.87798e-05
4.67945e-05
4.4858e-05
4.29692e-05
4.11271e-05
3.93309e-05
3.75798e-05
3.5873e-05
3.42099e-05
3.25898e-05
3.10123e-05
2.94768e-05
2.79828e-05
2.65298e-05
2.51175e-05
2.37455e-05
2.24136e-05
2.11216e-05
1.98691e-05
1.8656e-05
1.7482e-05
1.63471e-05
1.5251e-05
1.41936e-05
1.31746e-05
1.2194e-05
1.12517e-05
1.03476e-05
9.48169e-06
8.65382e-06
7.86394e-06
7.11201e-06
6.39798e-06
5.7218e-06
5.08342e-06
4.48283e-06
3.92e-06
3.39492e-06
2.90761e-06
2.45814e-06
2.04648e-06
1.67265e-06
1.3367e-06
1.03864e-06
7.78327e-07
5.55634e-07
3.704e-07
2.22455e-07
1.11968e-07
3.90501e-08
4.13667e-09
0.000262259
0.000254609
0.000246254
0.000237905
0.000229997
0.000222499
0.000215315
0.000208397
0.000201717
0.000195256
0.000189001
0.000182939
0.000177064
0.000171369
0.000165849
0.000160499
0.000155314
0.000150291
0.000145426
0.000140712
0.000136147
0.000131726
0.000127443
0.000123294
0.000119275
0.000115379
0.000111603
0.000107942
0.000104391
0.000100945
9.76004e-05
9.43528e-05
9.1198e-05
8.81321e-05
8.51515e-05
8.22526e-05
7.9432e-05
7.66867e-05
7.40136e-05
7.14099e-05
6.88731e-05
6.64008e-05
6.39906e-05
6.16404e-05
5.93484e-05
5.71126e-05
5.49315e-05
5.28035e-05
5.07271e-05
4.8701e-05
4.67242e-05
4.47954e-05
4.29136e-05
4.10779e-05
3.92876e-05
3.75417e-05
3.58398e-05
3.4181e-05
3.25648e-05
3.09907e-05
2.94582e-05
2.7967e-05
2.65165e-05
2.51064e-05
2.37364e-05
2.24062e-05
2.11156e-05
1.98645e-05
1.86525e-05
1.74795e-05
1.63454e-05
1.525e-05
1.41932e-05
1.31747e-05
1.21945e-05
1.12526e-05
1.03488e-05
9.48308e-06
8.6554e-06
7.86568e-06
7.11386e-06
6.39991e-06
5.7238e-06
5.08546e-06
4.48488e-06
3.92204e-06
3.39694e-06
2.90959e-06
2.46004e-06
2.04828e-06
1.67432e-06
1.3382e-06
1.03992e-06
7.79362e-07
5.56416e-07
3.7094e-07
2.22782e-07
1.12138e-07
3.91244e-08
4.15596e-09
0.000267118
0.000258333
0.000249029
0.000239879
0.00023133
0.000223329
0.000215748
0.000208511
0.000201577
0.000194915
0.0001885
0.000182316
0.000176348
0.000170584
0.000165016
0.000159636
0.000154436
0.000149409
0.000144549
0.00013985
0.000135304
0.000130908
0.000126654
0.000122536
0.00011855
0.00011469
0.000110949
0.000107324
0.000103808
0.000100398
9.70881e-05
9.38742e-05
9.07521e-05
8.77177e-05
8.47672e-05
8.18971e-05
7.91039e-05
7.63845e-05
7.37358e-05
7.11553e-05
6.86402e-05
6.61881e-05
6.37969e-05
6.14644e-05
5.91888e-05
5.69683e-05
5.48013e-05
5.26862e-05
5.06218e-05
4.86068e-05
4.66401e-05
4.47205e-05
4.28472e-05
4.10192e-05
3.92358e-05
3.74963e-05
3.58001e-05
3.41464e-05
3.25349e-05
3.09649e-05
2.94362e-05
2.79482e-05
2.65006e-05
2.50932e-05
2.37255e-05
2.23974e-05
2.11086e-05
1.98589e-05
1.86483e-05
1.74765e-05
1.63434e-05
1.52488e-05
1.41926e-05
1.31747e-05
1.21951e-05
1.12535e-05
1.03501e-05
9.48462e-06
8.65717e-06
7.86763e-06
7.11591e-06
6.40202e-06
5.72594e-06
5.08765e-06
4.48711e-06
3.92426e-06
3.39912e-06
2.91173e-06
2.4621e-06
2.05022e-06
1.67612e-06
1.33983e-06
1.04134e-06
7.80516e-07
5.57304e-07
3.71568e-07
2.23172e-07
1.12348e-07
3.92167e-08
4.17784e-09
0.00027132
0.000261434
0.000251274
0.000241415
0.000232291
0.000223831
0.000215877
0.000208339
0.000201161
0.000194304
0.000187736
0.000181433
0.000175376
0.00016955
0.000163941
0.000158537
0.000153329
0.000148306
0.000143461
0.000138784
0.000134268
0.000129906
0.00012569
0.000121614
0.000117671
0.000113855
0.000110159
0.000106578
0.000103107
9.97406e-05
9.64733e-05
9.33007e-05
9.02184e-05
8.72222e-05
8.43083e-05
8.1473e-05
7.87129e-05
7.60247e-05
7.34056e-05
7.08527e-05
6.83636e-05
6.59359e-05
6.35674e-05
6.1256e-05
5.9e-05
5.67977e-05
5.46474e-05
5.25479e-05
5.04978e-05
4.84958e-05
4.6541e-05
4.46324e-05
4.27691e-05
4.09502e-05
3.91751e-05
3.7443e-05
3.57535e-05
3.41059e-05
3.24998e-05
3.09348e-05
2.94103e-05
2.79262e-05
2.64821e-05
2.50777e-05
2.37128e-05
2.2387e-05
2.11003e-05
1.98525e-05
1.86434e-05
1.74729e-05
1.63409e-05
1.52473e-05
1.41919e-05
1.31746e-05
1.21955e-05
1.12545e-05
1.03514e-05
9.48628e-06
8.65903e-06
7.86966e-06
7.1181e-06
6.40428e-06
5.72822e-06
5.08996e-06
4.4895e-06
3.92662e-06
3.40134e-06
2.91387e-06
2.46422e-06
2.05228e-06
1.67802e-06
1.34152e-06
1.0428e-06
7.81732e-07
5.58259e-07
3.72257e-07
2.23612e-07
1.12591e-07
3.93247e-08
4.20205e-09
0.000273885
0.000263216
0.000252487
0.000242155
0.00023262
0.000223803
0.000215546
0.000207751
0.000200359
0.000193329
0.000186624
0.000180216
0.000174084
0.000168207
0.000162568
0.000157153
0.000151948
0.000146942
0.000142124
0.000137482
0.000133008
0.000128693
0.000124528
0.000120505
0.000116616
0.000112856
0.000109216
0.000105691
0.000102274
9.89605e-05
9.57449e-05
9.26222e-05
8.9588e-05
8.66378e-05
8.37677e-05
8.0974e-05
7.82534e-05
7.56024e-05
7.30184e-05
7.04984e-05
6.80401e-05
6.56412e-05
6.32994e-05
6.1013e-05
5.878e-05
5.65991e-05
5.44685e-05
5.23872e-05
5.03537e-05
4.83671e-05
4.64263e-05
4.45304e-05
4.26787e-05
4.08704e-05
3.91049e-05
3.73815e-05
3.56998e-05
3.40592e-05
3.24595e-05
3.09e-05
2.93807e-05
2.7901e-05
2.64609e-05
2.506e-05
2.36981e-05
2.23751e-05
2.10908e-05
1.9845e-05
1.86377e-05
1.74687e-05
1.6338e-05
1.52454e-05
1.41909e-05
1.31745e-05
1.2196e-05
1.12554e-05
1.03528e-05
9.48796e-06
8.66096e-06
7.87176e-06
7.12031e-06
6.40659e-06
5.7306e-06
5.09236e-06
4.49189e-06
3.92898e-06
3.4036e-06
2.91606e-06
2.46635e-06
2.05429e-06
1.67989e-06
1.3432e-06
1.04427e-06
7.82966e-07
5.59244e-07
3.72983e-07
2.24086e-07
1.12857e-07
3.94412e-08
4.22712e-09
0.000273877
0.000263072
0.000252261
0.000241821
0.000232114
0.00022309
0.000214622
0.000206633
0.000199072
0.0001919
0.000185085
0.000178595
0.000172407
0.000166498
0.000160848
0.000155439
0.000150256
0.000145283
0.000140508
0.000135918
0.000131502
0.000127248
0.000123148
0.000119193
0.000115373
0.000111681
0.000108109
0.000104651
0.0001013
9.80505e-05
9.48967e-05
9.18336e-05
8.88563e-05
8.59605e-05
8.31422e-05
8.03976e-05
7.77232e-05
7.51159e-05
7.25728e-05
7.00913e-05
6.76688e-05
6.53033e-05
6.29926e-05
6.0735e-05
5.85288e-05
5.63725e-05
5.42647e-05
5.22042e-05
5.019e-05
4.82209e-05
4.62961e-05
4.44149e-05
4.25765e-05
4.07802e-05
3.90256e-05
3.73121e-05
3.56393e-05
3.40068e-05
3.24141e-05
3.08611e-05
2.93475e-05
2.78729e-05
2.64372e-05
2.50403e-05
2.36819e-05
2.23619e-05
2.10802e-05
1.98367e-05
1.86313e-05
1.7464e-05
1.63347e-05
1.52433e-05
1.41898e-05
1.31742e-05
1.21963e-05
1.12563e-05
1.03541e-05
9.48964e-06
8.66295e-06
7.87396e-06
7.12262e-06
6.40894e-06
5.73298e-06
5.09472e-06
4.49414e-06
3.93119e-06
3.40587e-06
2.91828e-06
2.4684e-06
2.05618e-06
1.68162e-06
1.34478e-06
1.04566e-06
7.84144e-07
5.60189e-07
3.73679e-07
2.24541e-07
1.13116e-07
3.95601e-08
4.25289e-09
0.000271019
0.000261004
0.000250588
0.000240336
0.000230638
0.000221514
0.000212903
0.000204766
0.000197075
0.000189798
0.000182905
0.000176366
0.000170154
0.000164244
0.000158613
0.00015324
0.000148107
0.000143196
0.000138492
0.000133979
0.000129645
0.000125478
0.000121466
0.000117599
0.000113869
0.000110265
0.00010678
0.000103407
0.000100138
9.69678e-05
9.38903e-05
9.09002e-05
8.79925e-05
8.51629e-05
8.24072e-05
7.97217e-05
7.71029e-05
7.45479e-05
7.20538e-05
6.96179e-05
6.72381e-05
6.49122e-05
6.26383e-05
6.04147e-05
5.82399e-05
5.61126e-05
5.40315e-05
5.19954e-05
5.00036e-05
4.80551e-05
4.61493e-05
4.4285e-05
4.24619e-05
4.06795e-05
3.89374e-05
3.72353e-05
3.55728e-05
3.39495e-05
3.23643e-05
3.08182e-05
2.93109e-05
2.7842e-05
2.64113e-05
2.50187e-05
2.36641e-05
2.23475e-05
2.10687e-05
1.98277e-05
1.86245e-05
1.74591e-05
1.63313e-05
1.52412e-05
1.41888e-05
1.3174e-05
1.21968e-05
1.12573e-05
1.03556e-05
9.49153e-06
8.66513e-06
7.87628e-06
7.125e-06
6.41134e-06
5.73539e-06
5.09712e-06
4.49646e-06
3.93342e-06
3.40803e-06
2.92033e-06
2.4703e-06
2.05793e-06
1.68323e-06
1.34624e-06
1.04694e-06
7.85236e-07
5.61075e-07
3.74319e-07
2.2494e-07
1.13343e-07
3.96693e-08
4.2775e-09
0.000267167
0.000259045
0.000248465
0.000237916
0.00022796
0.000218584
0.000209745
0.000201427
0.000193604
0.000186244
0.000179311
0.00017277
0.000166587
0.000160732
0.000155179
0.000149902
0.000144878
0.000140087
0.000135511
0.000131133
0.000126936
0.000122908
0.000119036
0.000115308
0.000111714
0.000108244
0.000104889
0.000101642
9.84945e-05
9.54408e-05
9.24745e-05
8.95903e-05
8.67831e-05
8.40486e-05
8.13826e-05
7.87816e-05
7.62421e-05
7.37612e-05
7.13363e-05
6.89649e-05
6.66451e-05
6.43747e-05
6.21522e-05
5.99761e-05
5.78451e-05
5.57579e-05
5.37135e-05
5.17111e-05
4.97499e-05
4.78291e-05
4.59482e-05
4.41071e-05
4.23051e-05
4.05419e-05
3.8817e-05
3.71301e-05
3.54811e-05
3.38699e-05
3.22971e-05
3.07615e-05
2.9263e-05
2.78018e-05
2.63779e-05
2.49912e-05
2.36417e-05
2.23295e-05
2.10546e-05
1.98168e-05
1.86164e-05
1.74532e-05
1.63274e-05
1.52389e-05
1.41879e-05
1.31742e-05
1.21979e-05
1.12591e-05
1.03578e-05
9.49418e-06
8.66798e-06
7.87926e-06
7.12806e-06
6.41441e-06
5.73839e-06
5.1e-06
4.49923e-06
3.93606e-06
3.41052e-06
2.9226e-06
2.47233e-06
2.05976e-06
1.68493e-06
1.34781e-06
1.04827e-06
7.86345e-07
5.61992e-07
3.74944e-07
2.25331e-07
1.13582e-07
3.97658e-08
4.29874e-09
)
;

boundaryField
{
    inlet
    {
        type            calculated;
        value           nonuniform List<scalar> 
30
(
0.0033054
0.00330593
0.00332077
0.00334923
0.00338954
0.0034388
0.00349335
0.00354935
0.00360319
0.00365185
0.00369303
0.00372527
0.00374787
0.00376079
0.00376455
0.00376004
0.00374723
0.00372534
0.00369398
0.00365333
0.0036042
0.00354821
0.00348773
0.00342588
0.00336631
0.00331292
0.00326938
0.00323859
0.00322235
0.00322126
)
;
    }
    outlet
    {
        type            calculated;
        value           uniform 0;
    }
    top
    {
        type            calculated;
        value           nonuniform List<scalar> 
135
(
0.00322126
0.003216
0.00320925
0.00320308
0.00319612
0.00317692
0.00315017
0.00310058
0.00303117
0.00294369
0.00283945
0.00271952
0.00258486
0.00243704
0.00227824
0.00210977
0.00193544
0.00175834
0.00158218
0.00141093
0.00124832
0.00109746
0.00096058
0.000838808
0.000732184
0.000639849
0.000561902
0.000496021
0.000440774
0.000394811
0.000356863
0.000325854
0.000300671
0.00028047
0.000267815
0.000267167
0.000259045
0.000248465
0.000237916
0.00022796
0.000218584
0.000209745
0.000201427
0.000193604
0.000186244
0.000179311
0.00017277
0.000166587
0.000160732
0.000155179
0.000149902
0.000144878
0.000140087
0.000135511
0.000131133
0.000126936
0.000122908
0.000119036
0.000115308
0.000111714
0.000108244
0.000104889
0.000101642
9.84945e-05
9.54408e-05
9.24745e-05
8.95903e-05
8.67831e-05
8.40486e-05
8.13826e-05
7.87816e-05
7.62421e-05
7.37612e-05
7.13363e-05
6.89649e-05
6.66451e-05
6.43747e-05
6.21522e-05
5.99761e-05
5.78451e-05
5.57579e-05
5.37135e-05
5.17111e-05
4.97499e-05
4.78291e-05
4.59482e-05
4.41071e-05
4.23051e-05
4.05419e-05
3.8817e-05
3.71301e-05
3.54811e-05
3.38699e-05
3.22971e-05
3.07615e-05
2.9263e-05
2.78018e-05
2.63779e-05
2.49912e-05
2.36417e-05
2.23295e-05
2.10546e-05
1.98168e-05
1.86164e-05
1.74532e-05
1.63274e-05
1.52389e-05
1.41879e-05
1.31742e-05
1.21979e-05
1.12591e-05
1.03578e-05
9.49418e-06
8.66798e-06
7.87926e-06
7.12806e-06
6.41441e-06
5.73839e-06
5.1e-06
4.49923e-06
3.93606e-06
3.41052e-06
2.9226e-06
2.47233e-06
2.05976e-06
1.68493e-06
1.34781e-06
1.04827e-06
7.86345e-07
5.61992e-07
3.74944e-07
2.25331e-07
1.13582e-07
3.97658e-08
4.29874e-09
)
;
    }
    bottom
    {
        type            calculated;
        value           nonuniform List<scalar> 
135
(
0.0033054
0.00330063
0.00329464
0.00328933
0.00328312
0.0032605
0.00323613
0.00318956
0.00312322
0.00303833
0.0029358
0.00281597
0.00267913
0.00252663
0.00236052
0.00218256
0.00199728
0.00180861
0.00162114
0.00143947
0.00126776
0.00110931
0.000966414
0.000840165
0.000730448
0.000636219
0.000557381
0.000491334
0.000436354
0.000390874
0.000353391
0.000322654
0.000297485
0.000277048
0.0002639
0.000261037
0.00025325
0.000243161
0.000233116
0.000223632
0.000214687
0.000206237
0.000198264
0.00019075
0.000183665
0.000176977
0.000170654
0.000164668
0.00015899
0.000153596
0.000148462
0.000143568
0.000138895
0.000134425
0.000130143
0.000126035
0.000122088
0.000118289
0.000114627
0.000111094
0.000107679
0.000104374
0.000101173
9.8067e-05
9.50513e-05
9.21196e-05
8.92668e-05
8.64883e-05
8.37798e-05
8.11375e-05
7.85579e-05
7.60379e-05
7.35748e-05
7.1166e-05
6.88093e-05
6.65027e-05
6.42444e-05
6.20329e-05
5.98668e-05
5.77448e-05
5.56659e-05
5.36291e-05
5.16336e-05
4.96786e-05
4.77636e-05
4.58878e-05
4.40516e-05
4.22541e-05
4.0495e-05
3.87738e-05
3.70904e-05
3.54447e-05
3.38366e-05
3.22665e-05
3.07334e-05
2.92373e-05
2.77783e-05
2.63565e-05
2.49717e-05
2.36242e-05
2.23137e-05
2.10404e-05
1.98041e-05
1.8605e-05
1.74432e-05
1.63186e-05
1.52313e-05
1.41813e-05
1.31687e-05
1.21934e-05
1.12556e-05
1.03551e-05
9.49208e-06
8.66647e-06
7.87837e-06
7.12777e-06
6.41471e-06
5.7392e-06
5.10121e-06
4.50076e-06
3.93788e-06
3.41261e-06
2.92493e-06
2.47486e-06
2.06229e-06
1.68721e-06
1.3496e-06
1.04953e-06
7.87301e-07
5.62829e-07
3.75698e-07
2.25862e-07
1.13853e-07
3.98628e-08
4.30934e-09
)
;
    }
    obstacle
    {
        type            calculated;
        value           nonuniform List<scalar> 
120
(
0.0232077
0.0215087
0.0195795
0.0176181
0.0156621
0.0137113
0.0118094
0.00999813
0.00831182
0.00677719
0.00541137
0.00422186
0.00320883
0.00236803
0.00169387
0.001182
0.000831201
0.000644289
0.000627425
0.000788587
0.0011353
0.0016715
0.00239371
0.0032895
0.00433662
0.00550319
0.00674947
0.00806511
0.00941397
0.0106311
0.0120878
0.0137383
0.0157438
0.018113
0.0208891
0.0241994
0.0281986
0.0330399
0.0388245
0.0455441
0.0529784
0.0606341
0.0677722
0.0735042
0.0767103
0.0767403
0.0735904
0.0679041
0.060799
0.0531648
0.0457426
0.0390287
0.0332463
0.0284049
0.0244037
0.0210892
0.018306
0.0159271
0.0139115
0.0122583
0.0238698
0.0221413
0.0201554
0.0181215
0.0160902
0.014068
0.0121011
0.0102332
0.0084992
0.00692583
0.00552974
0.00431762
0.00328867
0.00243774
0.00175843
0.00124577
0.000898079
0.000717966
0.000711426
0.000886243
0.00124964
0.00180492
0.00254751
0.00346332
0.0045279
0.00570689
0.00695833
0.00827068
0.00960675
0.0108092
0.0251062
0.0271466
0.02941
0.0318411
0.0344126
0.0372205
0.0403999
0.0440955
0.0484239
0.053417
0.0589533
0.0646906
0.0700839
0.0744583
0.0769505
0.0770459
0.0747319
0.0705007
0.0652105
0.0595409
0.0540415
0.0490615
0.0447307
0.0410255
0.037837
0.0350263
0.0324627
0.0300511
0.0278042
0.0257759
)
;
    }
    frontAndBack
    {
        type            empty;
    }
}


// ************************************************************************* //
