/*--------------------------------*- C++ -*----------------------------------*\
  =========                 |
  \\      /  F ield         | OpenFOAM: The Open Source CFD Toolbox
   \\    /   O peration     | Website:  https://openfoam.org
    \\  /    A nd           | Version:  12
     \\/     M anipulation  |
\*---------------------------------------------------------------------------*/
FoamFile
{
    format      ascii;
    class       volScalarField;
    location    "0";
    object      thickness;
}
// * * * * * * * * * * * * * * * * * * * * * * * * * * * * * * * * * * * * * //

dimensions      [];

internalField   uniform 0;

boundaryField
{
    fixedWalls
    {
        type            fixedValue;
        value           nonuniform List<scalar> 0();
    }
    front
    {
        type            fixedValue;
        value           uniform 0;
    }
    back
    {
        type            fixedValue;
        value           uniform 0;
    }
    elbowWall
    {
        type            fixedValue;
        value           nonuniform List<scalar> 
1052
(
0
0
0
0
0
0
0
0
0
0
0
0
0
0
0
0
0
0
0
0
0
0
0
0
0
0
0
0
0
0
0.728
0.728
0.728
0.728
0.728
0.728
0.728
0.728
0.728
0.728
0.728
0.728
0.728
0.728
0.728
0.728
0.728
0.728
0.728
0.728
0.728
0.728
0.728
0.728
0.728
0.728
0.728
0.728
0.728
0.728
0.728
0.728
0.728
0.728
0.728
0.728
0.728
0.728
0.728
0.728
0.728
0.728
0.727998
0.728
0.728
0.728
0.728
0.728
0.728
0.728
0.728
0.724451
0.490797
0.728
0.728
0.727996
0.727996
0.727998
0.728
0.727999
0.728
0.728
0.727998
0.728
0.728
0.728
0.728
0.728
0.727998
0.728
0.728
0.727999
0.728
0.727995
0.727999
0.727997
0.727995
0.727991
0.727998
0.728
0.728
0.728
0.728
0.728
0.728
0.728
0.728
0.728
0.728
0.728
0.17025
0.728
0.728
0.728
0.728
0.728
0.728
0.728
0.728
0.728
0.728
0.728
0.728
0.728
0.728
0.728
0.728
0.728
0.728
0.728
0.728
0.728
0.728
0.728
0.728
0.728
0.728
0.728
0.728
0.728
0.728
0.728
0.728
0.728
0.728
0.728
0.728
0.728
0.728
0.728
0.728
0.728
0.728
0.728
0.728
0.728
0.728
0.728
0.728
0.728
0.728
0.728
0.728
0.728
0.728
0.728
0.728
0.728
0.728
0.728
0.728
0.728
0.728
0.728
0.728
0.728
0.728
0.728
0.728
0.728
0.728
0.728
0.728
0.728
0.728
0.728
0.728
0.728
0.728
0.728
0.728
0.728
0.728
0.728
0.728
0.728
0.728
0.728
0.728
0.728
0.728
0.728
0.728
0.728
0.728
0.728
0.728
0.728
0.728
0.728
0.728
0.728
0.728
0.728
0.728
0.728
0.728
0.728
0.728
0.728
0.728
0.728
0.728
0.728
0.728
0.728
0.728
0.728
0.728
0.728
0.728
0.728
0.728
0.728
0.727999
0.728
0.727999
0.727996
0.727998
0.727996
0.727993
0.727993
0.727993
0.727998
0.727996
0.727998
0.727998
0.728
0.728
0.728
0.727997
0.727996
0.727996
0.727996
0.727996
0.727996
0.727998
0.728
0.728
0.727997
0.727998
0.727997
0.727999
0.727999
0.728
0.728
0.728
0.727999
0.728
0.728
0.728
0.728
0.728
0.728
0.728
0.728
0.728
0.728
0.728
0.728
0.728
0.728
0.727999
0.728
0.727999
0.727998
0.727999
0.728
0.728
0.728
0.728
0.728
0.727999
0.728
0.728
0.728
0.728
0.728
0.728
0.727998
0.727998
0.728
0.728
0.728
0.728
0.728
0.728
0.728
0.728
0.727999
0.728
0.728
0.728
0.728
0.728
0.728
0.727998
0.727999
0.727998
0.727991
0.727995
0.727991
0.727995
0.727991
0.727995
0.727998
0.727999
0.727998
0.727999
0.727998
0.727999
0.727998
0.727999
0.728
0.728
0.728
0.728
0.728
0.728
0.728
0.728
0.728
0.728
0.728
0.728
0.728
0.728
0.728
0.728
0.728
0.728
0.728
0.728
0.728
0.728
0.728
0.728
0.728
0.728
0.728
0.728
0.728
0.728
0.728
0.728
0.728
0.728
0.728
0.728
0.728
0.728
0.728
0.728
0.728
0.728
0.728
0.728
0.728
0.728
0.728
0.728
0.728
0.728
0.728
0.728
0.728
0.728
0.728
0.728
0.728
0.728
0.728
0.728
0.728
0.728
0.728
0.728
0.728
0.728
0.728
0.728
0.728
0.728
0.728
0.728
0.728
0.728
0.728
0.728
0.728
0.728
0.728
0.728
0.728
0.728
0.728
0.728
0.728
0.728
0.728
0.728
0.728
0.728
0.728
0.728
0.728
0.728
0.728
0.728
0.728
0.728
0.728
0.728
0.728
0.728
0.728
0.728
0.728
0.728
0.728
0.728
0.728
0.728
0.728
0.728
0.728
0.728
0.728
0.728
0.728
0.728
0.728
0.728
0.728
0.728
0.728
0.728
0.728
0.728
0.728
0.728
0.728
0.464165
0.728
0.728
0.175119
0.728
0.728
0.728
0.728
0.728
0.728
0.728
0.728
0.728
0.728
0.728
0.728
0.728
0.728
0.728
0.728
0.728
0.704645
0.705726
0.704645
0.705726
0.63456
0.728
0.728
0.728
0.728
0.728
0.728
0.728
0.728
0.728
0.728
0.728
0.728
0.728
0.728
0.727997
0.727999
0.728
0.728
0.17025
0.728
0.728
0.728
0.728
0.728
0.728
0.728
0.728
0.728
0.728
0.728
0.728
0.728
0.728
0.728
0.728
0.728
0.728
0.728
0.728
0.728
0.728
0.728
0.728
0.728
0.728
0.728
0.728
0.728
0.728
0.728
0.728
0.728
0.728
0.728
0.728
0.728
0.728
0.728
0.728
0.727998
0.727993
0.727996
0.727998
0.727997
0.727998
0.727998
0.728
0.728
0.728
0.728
0.728
0.728
0.728
0.727999
0.727999
0.728
0.728
0.727999
0.728
0.727999
0.728
0.728
0.728
0.728
0.727998
0.727997
0.727992
0.727995
0.727999
0.727998
0.727998
0.728
0.728
0.728
0.728
0.728
0.728
0.728
0.728
0.728
0.728
0.728
0.728
0.728
0.728
0.728
0.728
0.728
0.728
0.728
0.728
0.728
0.728
0.728
0.728
0.728
0.728
0.728
0.728
0.728
0.728
0.728
0.728
0.728
0.728
0.728
0.728
0.728
0.728
0.728
0.728
0.728
0.728
0.728
0.728
0.728
0.728
0.728
0.728
0.728
0.728
0.728
0.728
0.728
0.728
0.728
0.728
0.728
0.728
0.728
0.728
0.728
0.728
0.728
0.728
0.728
0.728
0.728
0.728
0.728
0.728
0.728
0.728
0.728
0.728
0.728
0.728
0.728
0.728
0.728
0.728
0.728
0.728
0.728
0.728
0.728
0.728
0.728
0.728
0.728
0.728
0.728
0.728
0.728
0.728
0.728
0.728
0.728
0.728
0.728
0.728
0.728
0.728
0.728
0.728
0.728
0.728
0.728
0.728
0.728
0.728
0.728
0.728
0.728
0.728
0.728
0.728
0.728
0.728
0.728
0.728
0.728
0.728
0.728
0.728
0.728
0.728
0.728
0.728
0.728
0.728
0.728
0.728
0.728
0.728
0.728
0.728
0.728
0.728
0.728
0.728
0.728
0.728
0.728
0.728
0.728
0.728
0.728
0.728
0.728
0.728
0.728
0.728
0.728
0.728
0.728
0.728
0.728
0.728
0.728
0.728
0.728
0.728
0.728
0.728
0.728
0.728
0.728
0.728
0.728
0.728
0.728
0.728
0.728
0.728
0.728
0.728
0.728
0.728
0.728
0.728
0.728
0.728
0.728
0.728
0.728
0.728
0.728
0.728
0.728
0.728
0.728
0.728
0.728
0.728
0.728
0.728
0.728
0.728
0.728
0.728
0.728
0.728
0.728
0.728
0.728
0.728
0.728
0.728
0.728
0.727999
0.728
0.727999
0.727998
0.727997
0.727997
0.727998
0.727997
0.727998
0.728
0.727999
0.728
0.728
0.728
0.728
0.728
0.728
0.728
0.728
0.728
0.728
0.728
0.728
0.728
0.728
0.728
0.728
0.728
0.728
0.728
0.728
0.728
0.728
0.728
0.728
0.728
0.728
0.728
0.728
0.728
0.728
0.728
0.728
0.728
0.728
0.728
0.728
0.724451
0.687472
0.687472
0.490797
0.163776
0.163776
0.728
0.464165
0.728
0.728
0.728
0.728
0.727996
0.728
0.727998
0.727997
0.727997
0.728
0.728
0.728
0.728
0.728
0.728
0.728
0.728
0.728
0.728
0.728
0.728
0.727999
0.728
0.728
0.728
0.728
0.728
0.728
0.728
0.728
0.728
0.728
0.727999
0.727999
0.728
0.728
0.728
0.728
0.727999
0.727999
0.727998
0.727999
0.728
0.728
0.728
0.727999
0.727997
0.727999
0.727997
0.727994
0.727995
0.727994
0.727997
0.727998
0.727995
0.727997
0.727995
0.727991
0.727992
0.727991
0.727999
0.727997
0.727995
0.727997
0.727999
0.727998
0.727999
0.728
0.728
0.728
0.728
0.728
0.728
0.728
0.728
0.728
0.728
0.728
0.728
0.728
0.728
0.728
0.728
0.728
0.728
0.728
0.728
0.728
0.728
0.728
0.728
0.728
0.728
0.728
0.728
0.728
0.728
0.728
0.728
0.728
0.728
0.728
0.728
0.728
0.728
0.728
0.728
0.728
0.728
0.728
0.728
0.728
0.728
0.728
0.728
0.728
0.728
0.728
0.728
0.728
0.728
0.728
0.728
0.728
0.728
0.728
0.728
0.728
0.728
0.728
0.728
0.728
0.728
0.728
0.728
0.728
0.728
0.728
0.728
0.728
0.728
0.728
0.728
0.728
0.728
0.728
0.728
0.728
0.728
0.728
0.728
0.728
0.728
0.728
0.728
0.728
0.728
0.728
0.728
0.728
0.728
0.728
0.728
0.728
0.728
0.728
0.728
0.728
0.728
0.728
0.728
0.728
0.728
0.728
0.728
0.728
0.728
0.728
0.728
0.728
0.728
0.728
0.728
0.728
0.728
0.728
0.728
0.728
0.728
0.728
0.728
0.471945
0.638552
0.175119
0.63456
0.471945
0.638552
0.728
0.728
)
;
    }
    inlet
    {
        type            fixedValue;
        value           uniform 0;
    }
    injectorWall
    {
        type            fixedValue;
        value           nonuniform List<scalar> 
183
(
0
0
0
0
0.728
0.728
0.728
0.728
0.728
0.728
0.728
0.728
0.728
0.728
0.728
0.728
0.728
0.727984
0.727101
0.704588
0.143482
0.728
0.728
0.728
0.728
0.728
0.728
0.728
0.728
0.728
0.728
0.728
0.728
0.728
0.728
0.728
0.728
0.728
0.728
0.728
0.728
0.728
0.728
0.728
0.728
0.728
0.728
0.728
0.728
0.728
0.728
0.728
0.728
0.728
0.728
0.728
0.728
0.728
0.728
0.728
0.728
0.728
0.728
0.728
0.728
0.728
0.728
0.728
0.728
0.728
0.728
0.728
0.728
0.728
0.728
0.728
0.728
0.728
0.728
0.728
0.728
0.640748
0.710245
0.640748
0.176234
0.176234
0.443949
0.443949
0.728
0.728
0.728
0.728
0.728
0.728
0.728
0.728
0.728
0.728
0.728
0.728
0.728
0.728
0.728
0.728
0.728
0.728
0.728
0.728
0.710245
0.728
0.728
0.728
0.728
0.728
0.728
0.728
0.728
0.728
0.728
0.728
0.728
0.728
0.728
0.728
0.728
0.728
0.728
0.728
0.728
0.728
0.728
0.728
0.728
0.728
0.728
0.728
0.728
0.728
0.728
0.728
0.728
0.728
0.728
0.728
0.728
0.727999
0.728
0.728
0.72786
0.727998
0.72797
0.722012
0.727741
0.722532
0.392835
0.707246
0.393216
0.143569
0.568345
0.568345
0.708023
0.662482
0.667706
0.390173
0.565234
0.570239
0.709305
0.664354
0.668144
0.390278
0.566275
0.570504
0.175105
0.175105
0.72349
0.726811
0.727027
0.138868
0.138892
0.56974
0.442053
0.56974
0.442053
)
;
    }
    injectorInlet
    {
        type            fixedValue;
        value           uniform 0;
    }
    outlet
    {
        type            fixedValue;
        value           uniform 0;
    }
    elbow_front
    {
        type            fixedValue;
        value           nonuniform List<scalar> 0();
    }
    elbow_back
    {
        type            fixedValue;
        value           nonuniform List<scalar> 0();
    }
}


// ************************************************************************* //
