/*--------------------------------*- C++ -*----------------------------------*\
  =========                 |
  \\      /  F ield         | OpenFOAM: The Open Source CFD Toolbox
   \\    /   O peration     | Website:  https://openfoam.org
    \\  /    A nd           | Version:  12
     \\/     M anipulation  |
\*---------------------------------------------------------------------------*/
FoamFile
{
    format      ascii;
    class       volScalarField;
    location    "0";
    object      thicknessFraction;
}
// * * * * * * * * * * * * * * * * * * * * * * * * * * * * * * * * * * * * * //

dimensions      [];

internalField   uniform 0;

boundaryField
{
    inlet
    {
        type            fixedValue;
        value           uniform 0;
    }
    outlet
    {
        type            fixedValue;
        value           uniform 0;
    }
    elbowWall
    {
        type            fixedValue;
        value           nonuniform List<scalar> 
19055
(
0
0
0
0
0
0
0
0
0
0
0
0
0
0
0
0
0
0
0
0
0
0
0
0
0
0
0
0
0
0
0
0
0
0
0
0
0
0
0
0
0
0
0
0
0
0
0
0
0
0
0
0
0
0
0
0
0
0
0
0
0
0
0
0
0
0
0
0
0
0
0
0
0
0
0
0
0
0
0
0
0
0
0
0
0
0
0
0
0
0
0
0
0
0
0
0
0
0
0
0
0
0
0
0
0
0
0
0
0
0
0
0
0
0
0
0
0
0
0
0
0
0
0
0
0
0
0
0
0
0
0
0
0
0
0
0
0
0
0
0
0
0
0
0
0
0
0
0
0
0
0
0
0
0
0
0
0
0
0
0
0
0
0
0
0
0
0
0
0
0
0
0
0
0
0
0
0
0
0
0
0
0
0
0
0
0
0
0
0
0
0
0
0
0
0
0
0
0
0
0
0
0
0
0
0
0
0
0
0
0
0
0
0
0
0
0
0
0
0
0
0
0
0
0
0
0
0
0
0
0
0
0
0
0
0
0
0
0
0
0
0
0
0
0
0
0
0
0
0
0
0
0
0
0
0
0
0
0
0
0
0
0
0
0
0
0
0
0
0
0
0
0
0
0
0
0
0
0
0
0
0
0
0
0
0
0
0
0
0
0
0
0
0
0
0
0
0
0
0
0
0
0
0
0
0
0
0
0
0
0
0
0
0
0
0
0
0
0
0
0
0
0
0
0
0
0
0
0
0
0
0
0
0
0
0
0
0
0
0
0
0
0
0
0
0
0
0
0
0
0
0
0
0
0
0
0
0
0
0
0
0
0
0
0
0
0
0
0
0
0
0
0
0
0
0
0
0
0
0
0
0
0
0
0
0
0
0
0
0
0
0
0
0
0
0
0
0
0
0
0
0
0
0
0
0
0
0
0
0
0
0
0
0
0
0
0
0
0
0
0
0
0
0
0
0
0
0
0
0
0
0
0
0
0
0
0
0
0
0
0
0
0
0
0
0
0
0
0
0
0
0
0
0
0
0
0
0
0
0
0
0
0
0
0
0
0
0
0
0
0
0
0
0
0
0
0
0
0
0
0
0
0
0
0
0
0
0
0
0
0
0
0
0
0
0
0
0
0
0
0
0
0
0
0
0
0
0
0
0
0
0
0
0
0
0
0
0
0
0
0
0
0
0
0
0
0
0
0
0
0
0
0
0
0
0
0
0
0
0
0
0
0
0
0
0
0
0
0
0
0
0
0
0
0
0
0
0
0
0
0
0
0
0
0
0
0
0
0
0
0
0
0
0
0
0
0
0
0
0
0
0
0
0
0
0
0
0
0
0
0
0
0
0
0
0
0
0
0
0
0
0
0
0
0
0
0
0
0
0
0
0
0
0
0
0
0
0
0
0
0
0
0
0
0
0
0
0
0
0
0
0
0
0
0
0
0
0
0
0
0
0
0
0
0
0
0
0
0
0
0
0
0
0
0
0
0
0
0
0
0
0
0
0
0
0
0
0
0
0
0
0
0
0
0
0
0
0
0
0
0
0
0
0
0
0
0
0
0
0
0
0
0
0
0
0
0
0
0
0
0
0
0
0
0
0
0
0
0
0
0
0
0
0
0
0
0
0
0
0
0
0
0
0
0
0
0
0
0
0
0
0
0
0
0
0
0
0
0
0
0
0
0
0
0
0
0
0
0
0
0
0
0
0
0
0
0
0
0
0
0
0
0
0
0
0
0
0
0
0
0
0
0
0
0
0
0
0
0
0
0
0
0
0
0
0
0
0
0
0
0
0
0
0
0
0
0
0
0
0
0
0
0
0
0
0
0
0
0
0
0
0
0
0
0
0
0
0
0
0
0
0
0
0
0
0
0
0
0
0
0
0
0
0
0
0
0
0
0
0
0
0
0
0
0
0
0
0
0
0
0
0
0
0
0
0
0
0
0
0
0
0
0
0
0
0
0
0
0
0
0
0
0
0
0
0
0
0
0
0
0
0
0
0
0
0
0
0
0
0
0
0
0
0
0
0
0
0
0
0
0
0
0
0
0
0
0
0
0
0
0
0
0
0
0
0
0
0
0
0
0
0
0
0
0
0
0
0
0
0
0
0
0
0
0
0
0
0
0
0
0
0
0
0
0
0
0
0
0
0
0
0
0
0
0
0
0
0
0
0
0
0
0
0
0
0
0
0
0
0
0
0
0
0
0
0
0
0
0
0
0
0
0
0
0
0
0
0
0
0
0
0
0
0
0
0
0
0
0
0
0
0
0
0
0
0
0
0
0
0
0
0
0
0
0
0
0
0
0
0
0
0
0
0
0
0
0
0
0
0
0
0
0
0
0
0
0
0
0
0
0
0
0
0
0
0
0
0
0
0
0
0
0
0
0
0
0
0
0
0
0
0
0
0
0
0
0
0
0
0
0
0
0
0
0
0.999998
0.999975
0.999975
0.999923
0.99998
0.999966
0.999999
1
1
1
1
1
1
1
1
1
1
1
1
1
1
1
1
1
1
1
1
1
1
1
1
1
1
1
1
1
1
1
1
0.999982
0.99827
0.998002
0.999851
0.999998
1
1
1
1
1
1
1
1
1
1
1
1
1
1
1
1
1
1
1
1
1
1
1
1
1
1
1
1
1
1
1
1
1
1
1
0.986701
0.935893
0.958402
0.995866
0.999896
1
1
1
1
1
1
1
1
1
1
1
1
1
1
1
1
1
1
1
1
1
1
1
1
1
1
1
1
1
1
1
1
1
1
1
1
1
1
0.210066
0.193693
0.745825
0.972662
0.998993
0.999989
1
1
1
1
1
1
1
1
1
1
1
1
1
1
1
1
1
1
1
1
1
1
1
1
1
1
1
1
1
1
1
1
1
1
1
1
1
1
1
1
1
1
1
1
1
1
1
1
0.999999
1
1
1
1
1
1
0.999986
0.99846
1
1
1
1
1
0.999968
0.998463
1
1
1
1
0.999951
0.997766
1
1
1
1
0.999942
0.997735
1
1
1
0.999944
0.998021
1
1
1
0.999952
0.997552
1
1
1
0.999991
0.998755
1
1
1
1
0.999997
1
1
1
1
1
1
1
1
1
1
1
1
1
1
1
1
1
1
1
1
1
1
1
1
1
1
1
1
1
1
1
1
1
1
1
1
1
1
1
1
1
1
1
1
1
1
1
1
1
1
1
1
1
1
1
1
1
1
1
1
1
1
1
1
1
1
1
1
1
1
1
1
1
1
1
1
1
1
1
1
1
1
1
1
1
1
1
1
1
1
1
1
1
1
1
1
1
1
1
1
1
1
1
1
1
1
1
1
1
1
1
1
1
1
1
1
1
1
1
1
1
1
1
1
1
1
1
1
1
1
1
1
1
1
1
1
1
1
1
1
1
1
1
1
1
1
1
1
1
1
1
1
1
1
1
1
1
1
1
1
1
1
1
1
1
1
1
1
1
1
1
1
1
1
1
1
1
1
1
0.999999
1
0.999998
0.999997
1
1
1
1
1
1
1
1
1
1
1
1
1
1
1
1
1
1
1
1
1
1
1
1
1
1
1
1
1
1
1
1
1
1
1
1
1
1
1
1
1
1
1
0.999998
0.998494
0.925273
0.923218
0.339286
0.0888903
0.353934
0.888626
0.993125
0.999864
0.999999
1
1
1
1
1
1
1
1
1
1
1
1
1
1
1
1
1
1
1
1
1
1
1
1
1
1
1
1
1
1
1
1
1
1
1
1
0.0789116
1
0.0954672
1
1
0.718969
1
1
0.984221
1
1
0.999939
1
1
1
1
1
1
1
1
1
1
1
1
1
1
1
1
1
1
1
1
1
1
1
1
1
1
1
1
1
1
1
1
1
1
1
1
1
1
1
1
1
1
1
1
1
1
1
1
1
1
1
1
1
1
1
1
1
1
1
1
1
1
1
1
1
1
1
1
1
1
1
1
1
1
1
1
1
1
1
1
1
1
1
1
1
1
1
1
1
1
1
1
1
1
0.999992
0.989759
0.16954
0.557517
0.934204
0.996608
0.999949
1
1
1
1
1
1
1
1
1
1
1
1
1
1
1
1
1
1
1
1
1
1
1
1
1
1
1
1
1
1
1
1
0.51864
1
1
0.999589
1
1
1
1
1
1
1
1
1
1
1
1
1
1
1
1
1
1
1
1
1
1
1
1
1
1
1
1
1
1
1
1
1
1
1
1
1
1
1
1
1
1
1
1
1
1
1
1
1
1
1
1
1
1
0.696173
0.158767
0.583815
0.944542
0.997388
0.999962
1
1
1
1
1
1
1
1
1
1
1
1
1
1
1
1
1
1
1
1
1
1
1
1
1
1
1
1
1
1
0.262331
1
0.927869
1
1
0.999997
1
1
1
1
1
1
1
1
1
1
1
1
1
1
1
1
1
1
1
1
1
1
1
1
1
1
1
1
1
1
1
1
1
1
1
1
1
1
1
1
1
1
1
1
1
1
1
0.999998
0.999998
1
1
1
1
1
1
1
1
1
1
1
1
1
1
1
1
1
1
1
1
1
1
1
1
1
1
1
1
1
1
1
1
1
1
1
1
1
1
1
1
0.999966
0.753351
0.270482
1
1
1
1
0.999999
1
1
1
1
1
1
1
1
1
1
1
1
1
1
1
1
1
1
1
1
1
1
1
1
1
1
1
1
1
1
1
1
1
1
1
1
1
1
1
1
1
1
1
1
1
1
1
1
1
1
1
1
1
1
1
0.982216
0.503584
0.927923
0.996576
0.999952
1
1
1
1
1
1
1
1
1
1
1
1
1
1
1
1
1
1
1
1
1
1
1
1
1
1
1
1
1
0.965079
1
1
0.999483
1
1
1
1
1
1
1
1
1
1
1
1
1
1
1
1
1
1
1
1
1
1
1
1
1
1
1
1
1
1
1
1
1
1
1
1
1
1
1
1
1
1
1
1
1
1
1
1
1
1
1
1
1
1
1
1
1
1
1
1
1
1
1
1
1
1
1
1
1
1
1
1
1
1
1
1
1
1
1
1
1
1
0.999863
0.769846
1
1
0.999941
1
1
1
1
1
1
1
1
1
1
1
1
1
1
1
1
1
1
1
1
1
1
1
1
1
1
1
1
1
1
1
1
1
1
1
1
1
1
1
1
1
1
1
1
1
1
1
1
1
1
1
0.999999
1
1
1
1
1
1
1
1
1
1
1
1
1
1
1
1
1
1
1
1
1
1
1
1
1
1
1
1
1
1
1
1
1
1
1
1
1
1
1
0.999971
0.851321
0.143802
0.870118
1
1
1
1
1
1
1
1
1
1
1
1
1
1
1
1
1
1
1
1
1
1
1
1
1
1
1
1
1
1
1
1
1
1
1
1
1
1
1
1
1
1
1
1
1
1
1
1
1
1
1
1
1
1
1
1
1
1
1
1
1
1
1
1
1
1
1
1
1
1
1
1
1
1
1
1
1
1
1
1
1
1
1
1
1
1
1
1
1
1
1
1
0.999962
0.879295
0.927822
0.997195
1
1
1
1
1
1
1
1
1
1
1
1
1
1
1
1
1
1
1
1
1
1
1
1
1
1
1
1
1
1
1
1
1
1
1
1
1
1
1
1
1
1
1
1
1
1
1
1
1
1
1
1
0.999997
0.999999
0.999999
1
1
1
1
1
1
1
1
1
1
1
1
1
1
1
1
1
1
1
1
1
1
1
1
1
1
1
1
1
1
1
1
1
1
1
1
1
0.999856
0.826221
0.0599903
0.819769
1
0.999936
1
1
1
1
1
1
1
1
1
1
1
1
1
1
1
1
1
1
1
1
1
1
1
1
1
1
1
1
1
1
1
1
1
1
1
1
1
1
1
1
1
1
1
1
1
1
1
1
1
1
1
1
1
1
1
0.999898
0.988478
0.513875
0.930065
0.996664
0.999952
1
1
1
1
1
1
1
1
1
1
1
1
1
1
1
1
1
1
1
1
1
1
1
1
1
1
1
1
1
0.999675
1
1
1
1
1
1
1
1
1
1
1
1
1
1
1
1
1
1
1
1
1
1
1
1
1
1
1
1
1
1
1
1
1
1
1
1
1
1
1
1
1
1
1
1
1
1
1
1
1
1
1
1
1
1
1
1
1
1
0.99136
0.753355
0.268248
0.88988
0.993616
0.99987
0.999999
1
1
1
1
1
1
1
1
1
1
1
1
1
1
1
1
1
1
1
1
1
1
1
1
1
1
1
1
1
0.946579
1
1
0.999999
1
1
1
1
1
1
1
1
1
1
1
1
1
1
1
1
1
1
1
1
1
1
1
1
1
1
1
1
1
1
1
1
1
1
1
1
1
1
1
1
1
1
1
1
1
0.518918
0.822554
0.983344
0.99949
0.999994
1
1
1
1
1
1
1
1
1
1
1
1
1
1
1
1
1
1
1
1
1
1
1
1
1
1
1
1
1
1
1
1
0.99271
1
1
1
0.999274
1
1
1
1
1
1
1
1
1
1
1
1
1
1
1
1
1
1
1
1
1
1
1
1
1
1
1
1
1
1
1
1
1
1
1
1
1
1
1
1
1
1
1
1
1
1
1
0.584579
0.946831
0.997571
0.999964
1
1
1
1
1
1
1
1
1
1
1
1
1
1
1
1
1
1
1
1
1
1
1
1
1
1
1
1
1
1
1
1
1
1
1
0.999983
0.99283
1
1
1
1
0.993428
1
1
1
1
1
1
1
1
1
1
1
1
1
1
1
1
1
1
1
1
1
1
1
1
1
1
1
1
1
1
1
1
1
1
1
1
1
1
1
1
1
1
1
1
1
1
0.999999
0.499496
0.916544
0.995159
0.999914
1
1
1
1
1
1
1
1
1
1
1
1
1
1
1
1
1
1
1
1
1
1
1
1
1
1
1
1
1
1
1
1
1
1
1
1
1
1
0.993171
0.850771
0.061567
1
1
1
1
1
1
1
1
0.857079
1
0.992956
1
0.999995
1
1
1
1
1
1
1
1
1
1
1
1
1
1
1
1
1
1
1
1
1
1
1
1
1
1
1
1
1
1
1
1
1
1
1
1
1
1
1
1
1
1
1
1
1
1
1
1
1
1
1
1
0.999999
0.999999
0.364982
0.902098
0.994547
0.999898
0.999999
1
1
1
1
1
1
1
1
1
1
1
1
1
1
1
1
1
1
1
1
1
1
1
1
1
1
1
1
1
1
1
1
1
1
1
1
1
1
1
1
1
1
1
1
1
0.999999
0.512762
0.929132
0.996601
0.999952
1
1
1
1
1
1
1
1
1
1
1
1
1
1
1
1
1
1
1
1
1
1
1
1
1
1
1
1
1
1
0.999984
0.998343
0.921282
0.253572
0.876433
0.992396
0.999842
0.999999
1
1
1
1
1
1
1
1
1
1
1
1
1
1
1
1
1
1
1
1
1
1
1
1
1
1
1
1
1
1
1
1
1
0.914862
0.319839
1
1
1
1
0.634453
0.0843317
1
1
1
0.604332
0.0844447
1
1
0.631227
0.238174
1
1
1
0.869817
0.657393
1
1
0.969285
0.790471
1
1
0.992705
1
0.999863
0.999848
1
1
1
1
1
1
1
1
1
1
1
1
1
1
1
1
1
1
1
1
1
1
1
1
1
1
1
1
1
1
1
1
1
1
1
1
1
1
1
1
1
1
1
1
1
1
1
1
1
1
1
1
1
1
1
1
1
1
1
1
1
1
1
1
1
1
1
1
1
1
1
1
1
1
1
1
1
1
1
1
1
1
1
1
1
1
1
1
1
1
1
1
1
1
1
1
1
1
1
1
1
1
1
1
1
1
1
1
1
1
1
1
1
1
1
1
1
1
1
1
1
1
1
1
1
1
1
1
1
1
0.999999
0.983737
0.58194
0.592292
0.218805
0.999999
0.999996
0.999973
0.999935
0.21479
0.829033
0.59305
0.839187
0.999988
0.999991
0.999995
0.999977
0.999895
0.999966
0.999959
0.999997
1
1
1
0.988853
0.946054
0.951487
0.999986
0.997478
0.231224
0.988516
1
1
1
1
1
1
1
1
1
1
1
1
1
1
1
1
0.670849
0.253567
0.999986
1
1
1
1
1
1
1
1
1
1
1
1
1
1
1
1
1
1
1
1
1
1
1
1
1
1
1
1
1
0.235974
1
1
1
0.97812
1
0.27613
0.640726
1
0.709277
0.790499
0.95231
0.999843
1
0.99999
0.999848
0.999986
1
1
1
1
1
1
1
1
1
1
1
1
1
1
1
1
1
1
1
1
1
1
1
1
1
1
1
1
1
1
1
1
1
1
1
1
1
1
1
1
1
1
1
1
1
1
1
1
1
0.999997
1
0.999999
0.999999
0.999999
0.999979
0.999719
0.999994
0.999812
0.999994
1
0.999999
1
1
1
1
0.997254
0.85685
0.718832
0.0716242
0.968358
0.916422
0.999993
1
1
1
1
1
1
1
1
1
1
1
1
1
1
1
1
1
1
1
1
1
1
1
1
1
1
1
1
1
1
1
1
1
1
1
1
1
1
1
1
1
1
1
1
1
1
1
1
1
1
1
1
1
0.406008
1
1
1
1
0.998718
0.997254
1
1
1
1
1
1
1
1
1
1
1
1
1
1
1
1
1
1
1
1
1
1
1
1
1
1
1
1
1
1
1
1
1
1
1
1
1
1
1
1
1
1
1
1
1
1
1
1
1
1
1
1
1
1
1
1
1
1
1
1
1
1
1
1
1
1
1
0.999998
0.999917
0.999999
0.99996
0.999999
0.999958
0.999999
0.999923
0.999997
1
1
1
1
1
0.997512
0.993349
0.199305
0.806663
0.985123
0.999507
0.997145
0.999594
0.999997
0.999959
1
1
1
1
1
1
1
1
1
1
1
1
1
1
1
1
1
1
1
1
1
1
1
1
1
1
1
1
1
1
1
1
1
1
1
1
1
1
0.334045
1
1
1
1
1
0.16954
0.121597
0.518222
1
1
0.739819
1
1
1
1
0.997522
0.999733
1
1
1
1
1
1
1
1
1
1
1
1
1
1
1
1
1
1
1
1
1
1
1
1
1
1
1
1
1
1
1
1
1
1
1
1
1
1
1
1
1
1
1
1
1
1
1
1
1
1
1
1
1
1
1
1
1
1
1
1
1
1
1
1
1
1
1
1
1
0.999999
0.999998
1
1
1
1
1
0.999968
0.999237
0.383846
0.211948
0.216924
0.594143
0.986207
0.999998
1
1
1
1
1
1
1
1
1
1
1
1
1
1
1
1
1
1
1
1
1
1
1
1
1
1
1
1
1
1
1
1
1
1
1
1
1
1
1
1
1
1
1
1
1
1
1
1
1
1
0.983177
0.944771
0.991853
1
0.999968
0.999274
0.999986
1
1
1
1
1
1
1
1
1
1
1
1
1
1
1
1
1
1
1
1
1
1
1
1
1
1
1
1
1
1
1
1
1
1
1
1
1
1
1
1
1
1
1
1
1
1
1
1
1
1
1
1
1
1
1
1
1
1
1
1
1
1
1
1
1
1
1
1
1
1
1
1
1
1
1
1
1
1
0.999998
0.999935
0.999991
1
1
1
0.999998
1
0.999884
0.353817
0.217887
0.840395
0.989072
0.999773
0.999999
1
1
1
1
1
1
1
1
1
1
1
1
1
1
1
1
1
1
1
1
1
1
1
1
1
1
1
1
0.791916
0.569706
0.986744
0.997663
0.9997
0.999973
1
1
1
1
1
1
1
1
1
1
1
1
1
1
1
1
1
1
1
1
1
1
1
1
1
1
1
1
1
1
1
1
1
1
1
1
1
1
1
1
1
1
1
0.990868
0.994816
1
1
1
1
1
0.999463
1
1
1
0.999999
1
1
1
1
1
1
1
1
1
1
1
1
1
1
1
1
1
1
1
1
1
1
1
1
1
1
1
1
1
1
1
1
1
1
1
1
1
1
1
1
1
1
1
1
1
1
1
1
1
1
1
1
1
1
1
1
1
1
1
1
1
1
1
1
1
1
1
1
1
1
1
1
1
1
1
1
1
1
1
1
1
1
1
1
1
1
1
1
1
1
1
1
1
1
1
1
1
1
0.999991
0.999995
1
0.999998
1
1
1
1
1
0.998521
0.997984
0.653716
0.615914
0.164199
0.0692484
0.782421
0.366285
0.723171
0.981898
0.905443
0.974868
0.99952
0.994833
0.999186
0.999997
0.999903
0.999992
1
0.999999
1
1
1
1
1
1
1
1
1
1
1
1
1
1
1
1
1
1
1
1
1
1
1
1
1
1
1
1
1
1
1
1
1
1
1
1
1
1
1
1
1
1
1
1
1
1
1
1
1
1
1
1
1
1
1
1
1
1
1
1
1
1
1
1
1
1
1
1
1
1
1
1
1
1
1
1
1
1
1
1
1
1
1
1
1
1
1
1
1
0.99264
0.977717
0.997567
1
1
1
1
1
1
0.999975
1
1
1
1
1
1
1
1
1
1
1
1
1
1
1
1
1
1
1
1
1
1
1
1
1
1
1
1
1
1
1
1
1
1
1
1
1
1
1
1
1
1
1
1
1
1
1
1
1
1
1
1
1
1
1
1
1
1
1
1
1
1
1
1
1
1
1
1
1
1
1
1
1
1
1
1
1
1
1
1
1
1
1
1
1
1
1
1
1
1
1
1
1
1
1
1
1
1
1
1
1
1
1
1
1
1
1
1
1
1
1
1
1
1
1
1
1
1
1
1
1
1
1
1
1
1
1
1
1
1
1
1
1
1
1
1
1
1
1
1
1
0.990176
0.826267
0.407698
0.57617
0.944056
0.0899058
0.400223
0.740439
0.970339
0.909995
0.975397
0.998929
0.994764
0.999144
0.999895
0.999991
1
0.999999
1
1
1
1
1
1
1
1
1
1
1
1
1
1
1
1
1
1
1
1
1
1
1
1
1
1
1
1
1
1
1
1
1
1
1
1
1
1
1
1
1
1
1
1
1
1
1
1
1
1
1
1
1
1
1
1
1
1
1
1
1
1
1
1
1
1
1
1
1
1
1
1
1
1
0.995183
1
1
1
1
1
1
0.999936
1
1
1
1
1
1
1
1
1
1
1
1
1
1
1
1
1
1
1
1
1
1
1
1
1
1
1
1
1
1
1
1
1
1
1
1
1
1
1
1
1
1
1
1
1
1
1
1
1
1
1
1
1
1
1
1
1
1
1
1
1
1
1
1
1
1
1
1
1
1
1
1
1
1
1
1
1
1
1
1
1
1
1
1
1
1
1
1
1
1
1
1
1
1
1
1
1
1
1
1
1
1
1
1
1
1
1
1
1
1
1
1
1
1
1
1
1
1
1
1
1
1
1
0.999999
0.999976
1
1
1
0.999517
0.992891
0.536782
0.87933
0.235476
0.104178
0.66151
0.745604
0.927824
0.83595
0.828557
0.392002
0.685422
0.723665
0.843932
0.835248
0.928179
0.98607
0.976692
0.994367
0.999589
0.998998
0.999872
0.999997
0.999989
0.999999
1
1
1
1
1
1
1
1
1
1
1
1
1
1
1
1
1
1
1
1
1
1
1
1
1
1
1
1
1
1
1
1
1
1
1
1
1
1
1
1
1
1
1
1
1
1
1
1
1
1
1
1
1
1
1
1
1
1
1
1
1
1
1
1
1
1
1
1
1
1
1
1
1
1
1
1
1
1
1
1
1
1
1
1
1
1
1
0.999739
1
1
1
1
1
1
1
1
0.999999
0.999965
0.999998
1
1
1
1
1
1
1
1
1
1
1
1
1
1
1
1
1
1
1
1
1
1
1
1
1
1
1
1
1
1
1
1
1
1
1
1
1
1
1
1
1
1
1
1
1
1
1
1
1
1
1
1
1
1
1
1
1
1
1
1
1
1
1
1
1
1
1
1
1
1
1
1
1
1
1
1
1
1
1
1
1
1
1
1
1
1
1
1
1
1
1
1
1
1
1
1
1
1
1
1
1
1
1
1
1
1
1
1
1
1
1
1
1
1
1
1
1
1
1
1
1
1
1
1
1
1
1
1
1
1
1
1
1
1
1
1
1
1
1
0.999946
0.999999
0.999984
1
1
1
1
1
1
0.999376
0.978205
0.992887
0.851241
0.306715
0.0802321
0.172287
0.104178
0.274457
0.661501
0.971331
0.926946
0.581008
0.591585
0.846137
0.681728
0.739292
0.96264
0.865355
0.949392
0.997729
0.985923
0.997116
0.999967
0.999571
0.999955
1
0.999997
1
1
1
1
1
1
1
1
1
1
1
1
1
1
1
1
1
1
1
1
1
1
1
1
1
1
1
1
1
1
1
1
1
1
1
1
1
1
1
1
1
1
1
1
1
1
1
1
1
1
1
1
1
1
1
1
1
1
1
1
1
1
1
1
1
1
1
1
1
1
1
1
1
1
1
1
1
1
1
1
1
1
1
1
1
1
1
1
0.995679
0.999739
1
1
1
1
1
1
1
1
0.999998
0.999965
0.999999
1
1
1
1
1
1
1
1
1
1
1
1
1
1
1
1
1
1
1
1
1
1
1
1
1
1
1
1
1
1
1
1
1
1
1
1
1
1
1
1
1
1
1
1
1
1
1
1
1
1
1
1
1
1
1
1
1
1
1
1
1
1
1
1
1
1
1
1
1
1
1
1
1
1
1
1
1
1
1
1
1
1
1
1
1
1
1
1
1
1
1
1
1
1
1
1
1
1
1
1
1
1
1
1
1
1
1
1
1
1
1
1
1
1
1
1
1
1
1
1
1
1
1
1
1
1
1
1
1
1
1
1
1
1
1
1
1
1
1
1
1
1
1
1
1
1
1
1
1
1
1
1
0.999984
0.999998
0.999946
0.999978
1
1
1
1
1
1
1
1
1
1
1
1
1
1
1
1
1
1
1
1
1
0.999995
0.999863
0.990336
0.925056
0.407552
0.352422
0.177511
0.576159
0.944051
0.21863
0.446511
0.231056
0.904763
0.615308
0.845853
0.993906
0.951962
0.98856
0.999877
0.997953
0.999731
0.999999
0.999975
0.999998
1
1
1
1
1
1
1
1
1
1
1
1
1
1
1
1
1
1
1
1
1
1
1
1
1
1
1
1
1
1
1
1
1
1
1
1
1
1
1
1
1
1
1
1
1
1
1
1
1
1
1
1
1
1
1
1
1
1
1
1
1
1
1
1
1
1
1
1
1
1
1
1
1
1
1
1
1
1
1
1
1
1
1
1
1
1
1
1
1
0.986552
0.998769
1
1
1
1
1
0.999995
0.999941
0.999995
1
1
1
1
1
1
1
1
1
1
1
1
1
1
1
1
1
1
1
1
1
1
1
1
1
1
1
1
1
1
1
1
1
1
1
1
1
1
1
1
1
1
1
1
1
1
1
1
1
1
1
1
1
1
1
1
1
1
1
1
1
1
1
1
1
1
1
1
1
1
1
1
1
1
1
1
1
1
1
1
1
1
1
1
1
1
1
1
1
1
1
1
1
1
1
1
1
1
1
1
1
1
1
1
1
1
1
1
1
1
1
1
1
1
1
1
1
1
1
1
1
1
1
1
1
1
1
1
1
1
1
1
1
1
1
1
1
1
1
1
1
1
1
1
1
1
1
1
1
1
1
1
1
1
1
1
1
1
1
1
1
1
0.999976
1
1
1
1
0.982233
0.735318
0.358694
0.170142
0.0708744
0.788472
0.368676
0.724185
0.982415
0.905774
0.974971
0.99953
0.99486
0.99919
0.999997
0.999904
0.999992
1
0.999999
1
1
1
1
1
1
1
1
1
1
1
1
1
1
1
1
1
1
1
1
1
1
1
1
1
1
1
1
1
1
1
1
1
1
1
1
1
1
1
1
1
1
1
1
1
1
1
1
1
1
1
1
1
1
1
1
1
1
1
1
1
1
1
1
1
1
1
1
1
1
1
1
1
1
1
1
1
1
1
1
1
1
1
1
1
1
1
1
1
1
0.997567
0.965077
0.992639
1
1
1
1
1
1
1
0.999975
1
1
1
1
0.999999
1
1
1
1
1
1
1
1
1
1
1
1
1
1
1
1
1
1
1
1
1
1
1
1
1
1
1
1
1
1
1
1
1
1
1
1
1
1
1
1
1
1
1
1
1
1
1
1
1
1
1
1
1
1
1
1
1
1
1
1
1
1
1
1
1
1
1
1
1
1
1
1
1
1
1
1
1
1
1
1
1
1
1
1
1
1
1
1
1
1
1
1
1
1
1
1
1
1
1
1
1
1
1
1
1
1
1
1
1
1
1
1
1
1
1
1
1
1
1
1
1
1
1
1
1
1
1
1
1
1
1
1
1
1
1
1
1
1
1
1
1
1
1
1
0.999523
0.997169
0.977461
0.96296
0.981175
0.994055
0.998699
0.999999
1
1
1
1
1
1
1
1
1
1
1
1
1
1
1
1
1
1
1
1
1
1
1
1
1
1
1
1
1
1
1
1
1
1
1
1
1
0.999998
0.930719
0.989677
0.0614906
0.348351
0.70702
0.897257
0.972101
0.994182
0.999079
0.999892
0.999991
0.999999
1
1
1
1
1
1
1
1
1
1
1
1
1
1
1
1
1
1
1
1
1
1
1
1
1
1
1
1
1
1
1
1
1
1
1
1
1
1
1
1
1
1
1
1
1
1
1
1
1
1
1
1
1
1
1
1
0.791913
0.766227
0.682722
0.969949
0.998954
0.999988
1
1
1
1
1
1
1
1
1
1
1
1
1
1
1
1
1
1
1
1
1
1
1
1
1
1
1
1
1
1
1
1
1
1
1
1
1
0.951438
1
1
1
1
1
1
1
0.999505
0.999979
0.999947
1
1
1
1
1
1
1
1
1
1
1
1
1
1
1
1
1
1
1
1
1
1
1
1
1
1
1
1
1
1
1
1
1
1
1
1
1
1
1
1
1
1
1
1
1
1
1
1
1
1
1
1
1
1
1
1
1
1
1
1
1
1
1
1
1
1
1
1
1
1
1
1
1
1
1
1
1
1
1
1
1
1
1
1
1
1
1
1
1
1
1
1
1
1
1
1
1
1
1
1
1
1
1
1
1
1
1
1
1
1
1
1
1
1
1
1
1
1
1
1
1
1
1
1
1
1
1
1
1
1
1
1
1
1
1
1
1
1
1
1
1
1
1
1
1
1
1
1
1
1
1
1
1
1
1
1
1
1
1
1
1
1
1
1
1
1
1
1
1
1
1
1
1
1
1
1
1
1
1
1
1
1
0.999991
0.999998
1
0.999995
0.999998
0.59647
0.876337
0.963371
0.991874
0.998545
0.999795
1
1
1
1
1
1
1
1
1
1
1
1
1
1
1
1
1
1
1
1
1
1
1
1
1
1
1
1
1
1
1
1
1
1
1
1
1
1
1
1
1
1
1
1
0.999999
1
0.999283
0.99286
0.940158
0.383846
0.15407
0.158767
0.193813
0.762529
0.802516
0.977882
0.982663
0.995543
0.999333
0.999515
0.999928
0.999995
0.999951
0.999997
1
1
1
1
1
1
1
1
1
1
1
1
1
1
1
1
1
1
1
1
1
1
1
1
1
1
1
1
1
1
1
1
1
1
1
1
1
1
1
1
1
1
1
1
1
1
1
1
1
1
1
1
1
1
1
1
1
1
1
1
1
1
1
1
1
1
1
1
1
1
1
1
1
1
1
1
1
1
1
1
1
1
1
1
0.301122
0.697389
1
1
1
1
1
1
1
0.944771
0.991853
0.983177
1
1
1
1
1
0.998696
0.999986
1
1
1
1
1
1
1
1
1
1
1
1
1
1
1
1
1
1
1
1
1
1
1
1
1
1
1
1
1
1
1
1
1
1
1
1
1
1
1
1
1
1
1
1
1
1
1
1
1
1
1
1
1
1
1
1
1
1
1
1
1
1
1
1
1
1
1
1
1
1
1
1
1
1
1
1
1
1
1
1
1
1
1
1
1
1
1
1
1
1
1
1
1
1
1
1
1
1
1
1
1
1
1
1
1
1
1
1
1
1
1
1
1
1
1
1
1
1
1
1
1
1
1
1
1
1
1
1
1
1
1
1
1
1
1
1
1
1
1
1
1
1
1
1
1
1
1
1
1
1
1
1
1
1
1
1
1
1
1
1
1
1
1
1
1
1
1
1
1
1
1
1
1
1
1
1
1
1
1
1
1
1
1
1
1
1
1
1
1
1
1
1
1
1
1
1
1
1
1
1
1
1
1
1
1
1
1
1
1
0.999998
0.999998
0.999935
0.211037
0.198443
0.983348
0.99965
0.996699
0.999517
0.999997
0.99995
0.999997
1
1
1
1
1
1
1
1
1
1
1
1
1
1
1
1
1
1
1
1
1
1
1
1
1
1
1
1
1
1
1
1
1
1
1
1
1
1
1
1
1
1
1
1
1
1
1
1
1
1
1
0.999258
0.999984
0.999288
0.993537
0.946471
0.96157
0.388829
0.104111
0.204018
0.198479
0.815076
0.805512
0.984325
0.933736
0.982688
0.996991
0.999575
0.999505
0.999997
0.999949
0.999997
1
1
1
1
1
1
1
1
1
1
1
1
1
1
1
1
1
1
1
1
1
1
1
1
1
1
1
1
1
1
1
1
1
1
1
1
1
1
1
1
1
1
1
1
1
1
1
1
1
1
1
1
1
1
1
1
1
1
1
1
1
1
1
1
1
1
1
1
1
1
1
1
1
1
1
1
1
1
1
1
1
1
1
1
1
1
1
1
1
1
1
1
1
1
0.121596
1
1
1
1
1
1
1
0.167751
0.926028
0.518641
0.739819
1
1
1
1
1
0.960839
0.989779
1
1
1
1
1
0.999589
0.999936
0.999992
1
1
1
1
1
1
1
1
1
1
1
1
1
1
1
1
1
1
1
1
1
1
1
1
1
1
1
1
1
1
1
1
1
1
1
1
1
1
1
1
1
1
1
1
1
1
1
1
1
1
1
1
1
1
1
1
1
1
1
1
1
1
1
1
1
1
1
1
1
1
1
1
1
1
1
1
1
1
1
1
1
1
1
1
1
1
1
1
1
1
1
1
1
1
1
1
1
1
1
1
1
1
1
1
1
1
1
1
1
1
1
1
1
1
1
1
1
1
1
1
1
1
1
1
1
1
1
1
1
1
1
1
1
1
1
1
1
1
1
1
1
1
1
1
1
1
1
1
1
1
1
1
1
1
1
1
1
1
1
1
1
1
1
1
1
1
1
1
1
1
1
1
1
1
1
1
1
1
1
1
1
1
1
1
1
1
1
1
1
1
1
1
1
1
1
1
1
1
1
1
1
1
1
1
1
1
0.999998
0.69681
0.976973
0.888665
0.968366
0.999242
0.999864
0.999988
0.999999
1
1
1
1
1
1
1
1
1
1
1
1
1
1
1
1
1
1
1
1
1
1
1
1
1
1
1
1
1
1
1
1
1
1
1
1
1
1
0.647192
0.962955
0.998648
0.999985
1
1
1
1
1
1
1
1
1
1
1
1
1
1
1
1
1
1
1
1
1
1
1
1
1
1
1
1
1
1
1
1
1
1
1
1
1
1
1
1
1
1
1
1
1
1
1
1
1
1
1
1
1
1
1
1
1
1
1
1
1
1
1
1
1
1
1
0.999999
1
0.999356
1
0.999992
0.999626
0.999915
0.999021
0.993945
0.966544
0.996252
0.933836
0.95145
0.855961
0.483284
0.179456
0.712865
0.219876
0.246803
0.647181
0.87026
0.962954
0.991873
0.998648
0.999833
0.999985
0.999999
1
1
1
1
1
1
1
1
1
1
1
1
1
1
1
1
1
1
1
1
1
1
1
1
1
1
1
1
1
1
1
1
1
1
1
1
1
1
1
1
1
1
1
1
1
1
1
1
1
1
1
1
1
1
1
1
1
1
1
0.167306
0.0716117
0.499455
0.767463
0.353911
0.696689
0.976879
0.888622
0.968358
0.995146
0.999241
0.998875
0.999993
0.999988
1
1
1
1
1
1
1
1
1
1
1
1
1
1
1
1
1
1
1
1
1
1
1
1
1
1
1
1
1
1
1
1
1
1
1
1
1
1
1
1
1
1
1
1
1
1
1
1
1
1
1
1
1
1
1
1
1
1
1
1
1
1
1
1
1
1
1
1
1
1
1
1
1
1
1
1
1
1
1
1
1
1
1
1
1
1
1
1
1
1
1
1
1
1
1
1
1
1
1
1
1
1
1
1
1
1
1
1
1
1
1
1
1
1
1
1
1
1
0.288403
0.087546
1
1
1
1
1
1
1
0.330704
0.413213
0.339323
0.254749
0.406008
1
1
1
1
1
1
0.752017
0.923223
0.774222
0.718969
0.937307
0.925349
0.970678
1
1
1
1
1
1
1
0.989798
0.998494
0.997254
0.999706
1
1
1
1
1
1
0.999827
0.999968
0.999939
0.999996
1
1
1
1
1
1
1
1
1
1
1
1
1
1
1
1
1
1
1
1
1
1
1
1
1
1
1
1
1
1
1
1
1
1
1
1
1
1
1
1
1
1
1
1
1
1
1
1
1
1
1
1
1
1
1
1
1
1
1
1
1
1
1
1
1
1
1
1
1
1
1
1
1
1
1
1
1
1
1
1
1
1
1
1
1
1
1
1
1
1
1
1
1
1
1
1
1
1
1
1
1
1
1
1
1
1
1
1
1
1
1
1
1
1
1
1
1
1
1
1
1
1
1
1
1
1
1
1
1
1
1
1
1
1
1
1
1
1
1
1
1
1
1
1
1
1
1
1
1
1
1
1
1
1
1
1
1
1
1
1
1
1
1
1
1
1
1
1
1
1
1
1
1
1
1
1
1
1
1
1
1
1
1
1
1
1
1
1
1
1
1
1
1
1
1
1
1
1
1
1
1
1
1
1
1
1
1
1
1
1
1
1
1
1
1
1
1
1
1
1
1
1
1
1
1
1
1
1
1
1
1
1
1
1
1
1
1
1
1
1
1
1
1
1
1
1
1
1
1
1
1
1
1
1
1
1
1
1
1
1
1
1
1
1
1
1
1
1
1
1
1
1
1
1
1
1
1
1
1
1
1
1
1
1
1
1
1
1
1
1
1
1
1
1
1
1
1
1
1
1
1
1
1
1
1
1
1
1
1
1
1
1
1
1
1
1
1
1
1
1
1
1
1
1
1
1
1
1
1
1
1
1
1
1
1
1
1
1
1
1
1
1
1
1
0.999998
0.999917
0.99996
0.999997
0.999999
0.999985
0.999999
0.999958
0.658397
0.998734
1
1
1
1
1
1
1
1
1
1
1
1
1
1
0.0707201
0.169953
0.718018
0.512749
0.78685
0.973656
0.929127
0.982106
0.99914
0.996601
0.999522
0.999991
0.999952
0.999997
1
1
1
1
1
1
1
1
1
1
1
1
1
1
1
1
1
1
1
1
1
1
1
1
1
1
1
1
1
1
1
1
1
1
1
1
1
1
1
1
1
1
1
1
1
1
1
1
1
1
1
1
1
1
1
1
1
1
1
1
1
1
1
1
1
1
1
1
1
1
1
1
1
1
1
1
1
1
1
1
1
1
1
1
1
1
1
1
1
1
1
1
1
1
1
0.210273
0.218826
0.231216
0.193506
0.449161
0.745536
0.905554
0.988515
0.972641
0.99394
0.998992
0.999877
0.999989
0.999999
1
1
1
1
1
1
1
1
1
1
1
1
1
1
1
1
1
1
1
1
1
1
1
1
1
1
1
1
1
1
1
1
1
1
1
1
1
1
1
1
1
1
1
1
1
1
1
1
1
1
1
1
1
1
1
1
1
1
1
1
1
1
1
1
1
1
1
1
1
1
1
1
1
1
1
1
1
1
1
1
1
1
1
1
1
1
0.592296
0.984182
0.979448
0.754451
0.925231
0.907803
0.95382
0.94791
0.980571
0.997371
0.994918
0.99906
0.999957
0.999879
0.99999
1
0.999999
1
1
1
1
1
1
1
1
1
1
1
1
1
1
1
1
1
1
1
1
1
1
1
1
1
1
1
1
1
1
1
1
1
1
1
1
1
1
1
1
1
1
1
1
1
1
1
1
1
1
1
1
1
1
1
1
1
1
1
1
1
1
1
1
1
1
1
1
1
1
1
1
1
1
1
1
1
1
1
1
1
1
1
1
1
1
1
1
1
1
1
1
1
1
1
1
1
1
1
1
1
1
1
1
1
1
1
1
1
1
1
0.979443
0.581937
0.592222
0.907791
0.690473
0.754425
0.98057
0.875614
0.953822
0.99906
0.987218
0.997372
0.99999
0.999604
0.999957
1
0.999997
1
1
1
1
1
1
1
1
1
1
1
1
1
1
1
1
1
1
1
1
1
1
1
1
1
1
1
1
1
1
1
1
1
1
1
1
1
1
1
1
1
1
1
1
1
1
1
1
1
1
1
1
1
1
1
1
1
1
1
1
1
1
1
1
1
1
1
1
1
1
1
1
1
1
1
1
1
1
1
1
1
1
1
1
1
1
1
1
1
1
1
1
1
1
1
1
1
1
1
1
1
1
1
1
1
1
1
1
1
1
1
1
1
1
1
1
1
0.218779
0.449153
0.231226
0.905566
0.615399
0.845674
0.993942
0.951826
0.988517
0.999877
0.997947
0.999731
0.999999
0.999975
0.999998
1
1
1
1
1
1
1
1
1
1
1
1
1
1
1
1
1
1
1
1
1
1
1
1
1
1
1
1
1
1
1
1
1
1
1
1
1
1
1
1
1
1
1
1
1
1
1
1
1
1
1
1
1
1
1
1
1
1
1
1
1
1
1
1
1
1
1
1
1
1
1
1
1
1
1
1
1
1
1
1
1
1
1
1
1
1
1
1
1
1
1
1
1
1
1
1
1
1
1
1
1
1
1
1
1
1
1
1
1
1
1
1
1
1
1
1
1
1
1
0.999963
0.999995
0.999932
0.989383
0.169959
0.0707218
0.786861
0.364987
0.718024
0.982108
0.902102
0.973657
0.999522
0.994548
0.99914
0.999997
0.999898
0.999991
1
0.999999
1
1
1
1
1
1
1
1
1
1
1
1
1
1
1
1
1
1
1
1
1
1
1
1
1
1
1
1
1
1
1
1
1
1
1
1
1
1
1
1
1
1
1
1
1
1
1
1
1
1
1
1
1
1
1
1
1
1
1
1
1
1
1
1
1
1
1
1
1
1
1
1
1
1
1
1
1
1
1
1
1
1
1
1
1
1
1
1
1
1
1
1
1
1
1
1
1
1
1
1
1
1
1
1
1
1
1
1
1
1
1
1
1
1
1
1
1
0.999798
0.999987
0.999655
0.989394
0.997127
0.982765
0.927129
0.678156
0.658399
0.965125
0.998734
0.999986
1
1
1
1
1
1
1
1
1
1
1
1
1
1
1
1
1
1
1
1
1
1
1
1
1
1
1
1
1
1
1
1
1
1
1
1
1
1
1
1
1
1
1
1
1
1
1
1
1
1
1
1
1
1
1
1
0.999999
1
0.999999
0.999865
0.999987
0.999853
0.979449
0.998788
0.72881
0.758198
0.931588
0.408742
0.0870097
1
1
1
1
1
1
1
1
1
1
1
1
1
1
1
1
1
1
1
0.999916
0.999999
0.999978
0.995322
0.999782
0.998493
0.883716
0.992647
0.97118
0.333284
0.606689
0.85105
0.328556
0.0841378
1
1
1
1
1
1
1
1
1
1
1
1
0.999997
1
1
0.999655
0.999996
0.999947
0.990412
0.999568
0.997528
0.989646
0.966111
0.328725
0.606867
0.843907
0.334211
0.0878528
1
1
1
1
1
1
1
1
1
1
1
0.999995
1
1
0.999525
0.999995
0.999936
0.989652
0.999525
0.997527
0.850253
0.990372
0.970729
0.39312
0.73148
0.878375
0.141557
0.638959
0.553498
1
1
1
1
1
1
1
1
1
0.999995
1
1
0.99957
0.999995
0.999949
0.992602
0.999676
0.998618
0.99591
0.991244
0.84107
0.948402
0.905582
1
1
1
1
1
1
1
1
0.999996
1
1
0.999815
0.999998
0.999983
0.998241
0.999925
0.999787
0.986822
0.999675
0.998084
0.929058
0.991872
0.97816
0.952306
1
1
1
1
1
1
1
1
0.999999
1
1
0.999982
1
0.999999
0.999924
0.999998
0.999985
0.995554
0.999321
0.999843
0.984603
0.998853
0.99888
1
1
1
1
1
1
1
1
1
1
1
0.999999
1
1
0.999948
1
0.999999
0.999856
0.999988
0.99999
0.999994
1
1
1
1
1
1
1
1
1
1
1
1
1
1
1
0.999999
1
1
1
1
1
1
1
1
1
1
1
1
1
1
1
1
1
1
1
1
1
1
1
1
1
1
1
1
1
1
1
1
1
1
1
1
1
1
1
1
1
1
1
1
1
1
1
1
1
1
1
1
1
1
1
1
1
1
1
1
1
1
1
1
1
1
1
1
1
1
1
1
1
1
1
1
1
1
1
1
1
1
1
1
1
1
1
1
1
1
1
1
1
1
1
1
1
1
1
1
1
1
1
1
1
1
1
1
1
1
1
1
1
1
1
1
1
1
1
1
1
1
1
1
1
1
1
1
1
1
1
1
1
1
1
1
1
1
1
1
1
1
1
1
1
1
1
1
1
1
1
1
1
1
1
1
1
1
1
1
1
1
1
1
1
1
1
1
1
1
1
1
1
1
1
1
1
1
1
1
1
1
1
1
1
1
1
1
1
1
1
1
1
1
1
1
1
1
1
1
1
1
1
1
1
1
1
1
1
1
1
1
1
1
1
1
1
1
1
1
1
1
1
1
1
1
1
1
1
1
1
1
1
1
1
1
1
1
1
1
1
1
1
1
1
1
1
1
1
1
1
1
1
1
1
1
1
1
1
1
1
1
1
1
1
1
1
1
1
1
1
1
1
1
1
1
1
1
1
1
1
1
1
1
1
1
1
1
1
1
1
1
1
1
1
1
1
1
1
1
1
1
1
1
1
1
1
1
1
1
1
1
1
1
1
1
1
1
1
1
1
1
1
1
1
1
1
1
1
1
1
1
1
1
1
1
1
1
1
1
1
1
1
1
1
1
1
1
1
1
1
1
1
1
1
1
1
1
1
1
1
1
1
1
1
1
1
1
1
1
1
1
1
1
1
1
1
1
1
1
1
1
1
1
1
1
1
1
1
1
1
1
1
1
1
1
1
1
1
1
1
1
1
1
1
1
1
1
1
1
1
1
1
1
1
1
1
1
1
1
1
1
1
1
1
1
1
1
1
1
1
1
1
1
1
1
1
1
1
1
1
1
1
1
1
1
1
1
1
1
1
1
1
1
1
1
1
1
1
1
1
1
1
1
1
1
1
1
1
1
1
1
1
1
1
1
1
1
1
1
1
1
1
1
1
1
1
1
1
1
1
1
1
1
1
1
1
1
1
1
1
1
1
1
1
1
1
1
1
1
1
1
1
1
1
1
1
1
1
1
1
1
1
1
1
1
1
1
1
1
1
1
1
1
1
1
1
1
1
1
1
1
1
1
1
1
1
1
1
1
1
1
1
1
1
1
1
1
1
1
1
1
1
1
1
1
1
1
1
1
1
1
1
1
1
1
1
1
1
1
1
1
1
1
1
1
1
1
1
1
1
1
1
1
1
1
1
1
1
1
1
1
1
1
1
1
1
1
1
1
1
1
1
1
1
1
1
1
1
1
1
1
1
1
1
1
1
1
1
1
1
1
1
1
1
1
1
1
1
1
1
1
1
1
1
1
1
1
1
1
1
1
1
1
1
1
1
1
1
1
1
1
1
1
1
1
1
1
1
1
1
1
1
1
1
1
1
1
1
1
1
1
1
1
1
1
1
1
1
1
1
1
1
1
1
1
1
1
1
1
1
1
1
1
1
1
1
1
1
1
1
1
1
1
1
1
1
1
1
1
1
1
1
1
1
1
1
1
1
1
1
1
1
1
1
1
1
1
1
1
1
1
1
1
1
1
1
1
1
1
1
1
1
1
1
1
1
1
1
1
1
1
1
1
1
1
1
1
1
1
1
1
1
1
1
1
1
1
1
1
1
1
1
1
1
1
1
1
1
1
1
1
1
1
1
1
1
1
1
1
1
1
1
1
1
1
1
1
1
1
1
1
1
1
1
1
1
1
1
1
1
1
1
1
1
1
0.999999
0.999999
1
1
1
0.999997
1
0.999992
1
0.999984
0.999991
0.999999
0.999996
0.999973
0.999935
0.999979
0.999998
0.999996
0.999998
0.999998
1
0.999999
0.999998
0.999995
0.999987
0.999995
0.999987
0.999999
0.999993
0.99994
0.999969
0.999998
0.999999
0.999996
0.0579396
0.124677
0.999993
0.999993
0.999998
0.999999
1
1
1
1
0.999987
0.999999
1
1
1
1
1
0.999998
0.999989
0.999995
0.508835
1
0.999999
0.999997
0.999995
1
1
1
1
0.999998
0.999999
0.999999
0.999999
0.999997
0.999999
0.999998
0.999997
0.999998
0.998065
0.999622
0.999746
1
1
1
1
0.999999
0.999997
0.999996
0.999998
0.999994
0.999973
0.999992
0.999996
0.999977
0.999993
0.999937
0.999943
0.999999
0.999997
0.999997
0.999995
0.999999
0.999986
0.999994
0.999992
0.999996
0.999995
0.999999
0.99999
0.999985
0.999882
0.999988
0.999994
0.046254
0.999998
0.999995
0.999993
0.999954
1
0.999999
0.999997
0.999965
0.999987
0.999994
0.999999
0.999998
0.99999
0.999995
0.999999
1
1
1
0.999999
1
0.999979
0.999979
0.999995
0.999996
0.999998
0.999984
0.999991
0.999954
0.999993
0.999999
0.999996
0.999998
0.999978
0.999973
0.999999
0.999998
0.999999
0.999998
0.999989
0.999998
0.999987
0.999989
0.999998
0.999998
0.999991
0.99999
1
1
1
0.220531
0.225921
0.599272
0.845805
0.610383
0.999999
1
1
1
1
1
0.999984
0.999943
0.999983
0.99997
0.999993
0.999989
1
0.999999
1
0.0991735
0.943006
0.933151
0.940881
0.826695
0.592717
0.837427
1
1
1
1
0.999999
1
0.999993
0.99997
0.999989
0.999943
0.999984
0.999983
0.999987
0.214508
0.999998
0.999989
0.999995
0.999987
0.99999
0.999991
0.999996
0.999998
0.999983
0.99992
0.999954
0.999811
0.999973
0.999993
0.999999
0.999998
0.999996
0.999978
0.999991
0.999999
1
1
1
1
0.999999
0.999998
0.999998
0.999999
0.998771
0.997359
0.999999
0.999998
0.0579396
0.124677
1
0.999999
1
1
0.999999
0.999989
0.999972
0.999993
0.999993
0.999998
0.999979
0.999979
0.999932
0.0462542
0.999994
0.999997
0.999998
0.999995
0.999993
0.999999
0.999998
0.99999
0.999995
0.999999
0.999996
0.999965
0.999987
0.999994
0.999993
0.999986
0.999999
0.999994
0.999996
0.999995
0.99999
0.999985
0.999978
0.999992
0.999977
0.21493
0.59333
0.829165
0.83927
0.945514
0.986924
0.951202
0.986927
0.945695
0.95124
0.828994
0.593049
0.839163
0.21479
0.999999
0.999997
0.999999
0.999998
0.999999
0.999997
0.999994
0.999973
0.999992
0.999996
0.999977
0.999993
0.999998
0.999996
0.999998
0.999988
0.999991
0.999995
0.999977
0.999895
0.999966
0.999959
0.999998
1
0.999999
0.999998
0.999995
0.999987
0.999995
0.999987
0.999989
0.999976
1
0.999999
0.999998
0.999997
0.999997
0.999991
0.999987
0.999996
1
0.999997
0.999981
0.999997
1
0.999995
1
1
1
1
1
1
0.999999
1
0.999998
0.999973
0.999915
0.99999
1
1
1
0.112992
0.999996
0.999994
0.999999
0.999998
0.988065
0.941298
0.949911
0.827432
0.59451
0.838111
0.216264
0.999999
0.999995
0.999998
0.999986
0.999989
0.999976
1
1
1
1
1
1
0.999994
0.999996
0.999988
0.999681
0.999938
0.997719
0.999045
0.999647
1
1
1
1
1
1
1
1
1
1
1
1
1
0.999998
0.999999
0.999998
1
0.999999
0.999999
0.999998
0.999999
0.999997
0.999998
0.999999
0.999993
0.999974
0.99998
0.999978
0.999995
0.999988
0.99998
1
1
1
1
1
0.999994
0.999982
0.999999
0.999994
0.999983
0.999998
0.999999
0.999997
0.152546
0.118952
0.112992
1
1
1
1
1
1
1
1
0.999999
0.999999
0.999998
0.999996
0.999988
1
1
0.151334
0.307
1
1
1
1
1
1
1
0.999998
1
0.999998
0.999995
0.999996
1
1
0.999998
0.999999
0.999993
0.999999
0.999998
1
1
1
1
1
1
1
1
1
0.999995
0.999999
0.999999
0.999999
1
0.999996
0.999998
1
1
1
1
1
1
0.111988
0.0577572
0.224898
0.225737
0.60167
0.843014
0.609005
1
1
1
0.999994
0.999998
0.999994
0.999999
0.999997
0.999996
1
1
1
1
1
1
0.940332
0.925613
0.938559
0.823406
0.594326
0.836057
1
1
1
0.999997
0.999999
0.999996
0.999998
0.999994
0.999994
0.999999
1
0.999998
0.999995
0.216242
0.999995
0.999996
1
0.999998
0.999999
0.999965
0.999046
0.999859
0.999607
1
1
1
1
1
1
1
1
1
1
0.997936
0.990749
0.853076
0.999998
1
0.999996
0.999995
0.999999
0.999999
0.999998
0.999996
0.483017
0.167991
0.151334
0.307
0.195155
1
1
1
1
1
0.999996
0.999999
0.152546
0.118954
1
1
1
1
1
1
1
1
0.999999
0.999999
0.999997
0.999998
0.999988
1
1
1
1
1
1
0.999994
0.999982
1
0.999998
0.999997
0.999999
0.999983
0.216338
0.594634
0.827154
0.838114
0.940361
0.985791
0.949567
0.985788
0.940344
0.94956
0.827114
0.594501
0.838052
0.216263
1
1
1
1
1
1
1
1
1
1
0.999998
0.999999
0.999998
1
1
0.999999
0.999999
0.999999
0.999998
0.999997
0.999999
0.999998
0.999997
1
0.999999
0.999999
0.999999
0.999995
0.999998
0.999997
0.999991
0.999987
0.999986
0.999996
0.999993
0.999974
1
1
1
0.999999
0.999992
0.274619
1
1
1
0.99999
1
0.999989
0.999957
1
0.27462
1
1
1
1
1
1
0.999999
1
1
1
1
1
1
1
1
1
1
1
1
1
1
1
1
1
1
1
1
1
1
1
1
1
1
1
1
1
1
1
1
1
1
0.999997
1
1
1
1
1
1
1
1
1
1
1
1
1
0.999988
0.99888
0.512696
0.929124
0.997946
0.996601
0.999952
1
1
1
1
1
1
1
1
1
1
1
1
1
1
1
1
1
1
1
1
1
1
1
1
1
1
1
1
1
1
1
1
1
1
1
1
1
1
1
1
1
1
1
1
1
0.999843
0.999321
0.9782
0.87643
0.992396
0.999842
0.999999
1
1
1
1
1
1
1
1
1
1
1
1
1
1
1
1
1
1
1
0.986621
0.961666
0.640726
1
1
1
1
0.978949
0.922236
0.623693
1
1
1
1
0.914973
0.624481
1
1
0.978172
0.915696
0.635333
1
1
1
0.982741
0.941588
1
1
0.970408
1
1
0.992706
1
0.999948
0.999863
1
1
1
1
1
1
1
1
1
1
1
1
1
1
1
1
1
1
1
1
1
1
1
1
1
1
1
1
1
1
1
1
1
1
1
1
1
1
1
1
1
1
1
1
1
1
1
1
1
1
1
1
1
1
1
1
1
1
1
1
1
1
1
1
1
1
1
1
1
1
1
1
1
1
1
1
1
1
1
1
1
1
1
1
1
1
1
1
1
1
1
1
1
1
1
1
1
1
1
1
1
1
1
1
1
1
1
1
1
1
1
1
1
1
1
1
1
1
1
1
0.999998
1
1
1
1
1
1
1
1
1
1
1
1
1
1
1
1
1
1
1
1
1
0.857079
0.992956
1
0.999995
1
1
1
1
1
1
1
1
1
1
1
1
1
1
1
1
1
1
1
1
1
1
1
1
1
1
1
1
1
1
1
1
1
1
1
0.999999
0.999999
0.999998
1
1
1
1
1
1
1
1
1
1
1
1
1
1
1
1
1
1
1
1
1
1
1
1
1
1
1
1
1
1
1
1
1
1
1
1
1
1
1
1
0.99973
1
1
1
1
1
1
1
1
1
1
1
1
1
1
1
1
1
1
1
1
1
1
1
1
1
1
1
1
1
1
1
1
1
1
1
1
1
1
1
1
1
1
1
1
1
1
1
1
1
1
1
1
1
1
1
1
1
1
1
1
1
1
1
1
1
1
1
1
1
1
1
1
1
1
1
1
1
1
1
1
1
1
1
1
1
1
1
1
1
1
1
1
1
1
1
1
1
1
1
1
1
1
1
1
1
1
1
1
1
1
1
1
1
1
1
1
1
1
1
1
1
1
1
1
1
1
0.989329
0.991325
0.597106
0.951885
0.944029
0.998155
0.99998
1
1
1
1
1
1
1
1
1
1
1
1
1
1
1
1
1
1
1
1
1
1
1
1
1
1
1
1
1
1
1
1
1
1
1
1
0.951439
1
1
1
1
1
1
1
1
1
1
1
1
1
1
1
1
1
1
1
1
1
1
1
1
1
1
1
1
1
1
1
1
1
1
1
1
1
1
1
1
1
1
1
1
1
1
1
1
1
1
1
1
1
1
1
1
1
1
1
1
1
1
1
1
1
1
1
1
1
1
1
1
1
1
1
1
1
1
1
1
1
1
1
1
1
1
1
1
1
1
1
1
1
1
1
0.999896
0.999898
0.734162
0.209895
0.832604
1
1
1
1
1
1
1
1
1
1
1
1
1
1
1
1
1
1
1
1
1
1
1
1
1
1
1
1
1
1
1
1
1
1
1
1
1
1
1
1
1
1
1
1
1
1
1
1
1
1
1
0.999929
1
1
1
1
1
1
1
1
1
1
1
0.766384
0.986553
0.892187
0.9936
1
1
1
1
1
1
1
1
1
1
1
1
1
1
1
1
1
1
1
1
1
1
1
1
1
1
1
1
1
1
1
1
1
1
1
1
0.999998
1
1
1
1
1
1
1
0.274461
0.99568
0.999379
0.194433
0.647154
0.946781
0.997231
0.999956
1
1
1
1
1
1
1
1
1
1
1
1
1
1
1
1
1
1
1
1
1
1
1
1
1
1
1
1
1
0.999965
1
1
1
1
1
1
1
1
1
1
1
1
1
1
1
1
1
1
1
1
1
1
1
1
1
1
1
1
1
1
1
1
1
1
1
1
1
1
1
1
1
1
1
1
1
1
1
0.999998
1
1
1
1
1
1
1
1
0.997219
0.212524
0.265282
0.285687
0.7456
0.935625
0.872342
0.908165
0.98913
0.999666
0.999998
1
1
1
1
1
1
1
1
1
1
1
1
1
1
1
1
1
1
1
1
1
1
1
1
1
1
1
1
1
0.999965
1
1
1
1
1
1
1
1
1
1
1
1
1
1
1
1
1
1
1
1
1
1
1
1
1
1
1
1
1
1
1
1
1
1
1
1
1
1
1
1
1
1
1
1
1
1
0.999999
1
1
1
1
1
1
1
0.990173
0.995182
0.999138
0.209048
0.192331
0.743558
0.972442
0.998988
0.999989
1
1
1
1
1
1
1
1
1
1
1
1
1
1
1
1
1
1
1
1
1
1
1
1
1
1
1
1
1
1
1
1
1
1
1
1
1
1
1
1
1
1
1
1
1
1
1
1
1
1
1
1
1
1
1
1
1
1
1
1
1
1
1
1
1
1
1
1
1
1
1
1
1
1
1
1
1
1
0.999999
0.999895
0.999993
0.999709
0.999613
0.999999
0.999975
1
1
1
1
1
1
1
1
1
1
1
1
1
1
1
1
1
1
1
1
1
1
1
1
1
1
1
1
1
1
1
1
1
1
1
1
1
1
1
1
1
1
1
1
1
1
1
0.653745
0.615904
0.862943
0.977715
1
1
1
1
1
1
1
1
1
1
1
1
1
1
1
1
1
1
1
1
1
1
1
1
1
1
1
1
1
1
1
1
1
1
1
1
1
1
1
1
1
1
1
1
1
1
1
1
1
1
1
1
1
1
1
1
1
1
1
1
1
1
1
1
1
0.999997
0.999984
1
1
1
1
1
1
1
1
1
1
1
1
1
1
1
1
1
1
1
1
1
1
1
1
0.999884
1
0.999463
1
1
1
1
1
1
1
1
1
1
1
1
1
1
1
1
1
1
1
1
1
1
1
1
1
1
1
1
1
1
1
1
1
0.897034
0.753475
1
1
1
1
1
1
1
1
1
1
1
0.999966
0.999985
0.757809
0.944997
0.737768
0.736753
0.481307
0.917031
1
1
1
1
1
1
1
1
1
1
1
1
1
1
1
1
1
1
1
1
1
1
1
1
1
1
1
1
1
1
1
1
1
1
1
0.72891
0.334046
0.548849
0.56755
0.933084
0.938493
0.996619
0.999957
1
1
1
1
1
1
1
1
1
1
1
1
1
1
1
1
1
1
1
1
1
1
1
1
1
1
1
1
1
1
1
1
1
1
1
1
1
1
1
1
1
1
1
1
0.262331
0.518221
1
0.927869
1
1
1
0.999997
0.99996
1
1
1
1
1
1
1
1
1
1
1
1
1
1
1
1
1
1
1
1
1
1
1
1
1
1
1
1
1
1
1
1
1
1
1
1
1
1
1
1
1
1
1
1
1
1
1
1
1
1
1
1
1
1
1
1
1
1
1
0.999986
0.999982
0.770957
0.832457
0.147229
0.555906
0.916367
0.996589
0.999914
1
1
1
1
1
1
1
1
1
1
1
1
1
1
1
1
1
1
1
1
1
1
1
1
1
1
1
1
1
1
1
1
1
1
1
1
1
1
1
1
1
1
1
1
1
1
1
1
1
1
1
1
1
1
1
1
1
1
1
1
1
1
1
1
1
1
1
1
1
1
1
1
1
1
1
1
1
1
1
1
1
1
1
1
1
1
1
0.246811
0.253572
0.870263
0.876432
0.991873
0.992396
0.999833
0.999842
0.999999
0.999999
1
1
1
1
1
1
1
1
1
1
1
1
1
1
1
1
1
1
1
1
1
1
1
1
1
1
1
1
1
1
1
1
1
1
1
1
1
1
1
1
1
1
1
1
1
1
1
1
1
1
1
1
1
1
1
1
1
1
1
1
1
1
1
1
1
1
1
0.999569
0.999294
0.98501
0.384475
0.993125
0.999864
0.999999
1
1
1
1
1
1
1
1
1
1
1
1
1
1
1
1
1
1
1
1
1
1
1
1
1
1
0.0677535
1
0.0954128
1
1
1
0.984221
0.997478
1
1
1
1
1
1
1
1
1
1
1
1
1
1
1
1
1
1
1
1
1
1
1
1
1
1
1
1
1
1
1
1
1
1
1
1
1
1
1
1
1
1
1
1
1
1
1
1
1
1
1
1
1
1
1
1
1
1
1
1
1
1
1
1
1
1
1
1
1
1
1
1
1
1
1
1
1
1
1
1
1
1
1
1
1
1
1
1
1
1
1
1
1
1
1
1
1
1
1
1
1
1
1
1
1
1
1
1
1
1
1
0.615378
0.999975
1
1
1
1
1
1
1
1
1
1
1
1
1
1
1
0.582481
0.69052
0.875619
0.987216
0.999604
0.999997
1
1
1
1
1
1
1
1
1
1
1
1
1
1
1
1
1
1
1
1
1
1
1
1
1
1
1
1
1
1
1
1
0.984198
0.925216
0.947906
0.994918
0.999879
0.999999
1
1
1
1
1
1
1
1
1
1
1
1
1
1
1
1
1
1
1
1
1
1
1
1
1
1
1
1
1
1
1
1
1
1
1
1
1
0.210066
0.19348
0.745547
0.972648
0.998993
0.999989
1
1
1
1
1
1
1
1
1
1
1
1
1
1
1
1
1
1
1
1
1
1
1
1
1
1
1
1
1
1
1
1
1
1
1
1
1
1
1
1
1
1
1
1
1
1
1
1
1
1
1
1
1
0.999987
0.997011
1
1
1
1
0.999993
0.999272
0.980922
1
1
1
0.99996
0.997899
0.966704
1
1
0.999938
0.997437
0.966709
1
1
0.999939
0.997903
0.980512
1
1
0.999966
0.999335
0.995224
1
1
0.999994
0.99997
0.998737
1
1
1
1
0.999997
1
1
1
1
1
1
1
1
1
1
1
1
1
1
1
1
1
1
1
1
1
1
1
1
1
1
1
1
1
1
1
1
1
1
1
1
1
1
1
1
1
1
1
1
1
1
1
1
1
1
1
1
1
1
1
1
1
1
1
1
1
1
1
1
1
1
1
1
1
1
1
1
1
1
1
1
1
1
1
1
1
1
1
1
1
1
1
1
1
1
1
1
1
1
1
1
1
1
1
1
1
1
1
1
1
1
1
1
1
1
1
1
1
1
1
1
1
1
1
1
1
1
1
1
1
1
1
1
1
1
1
1
1
1
1
1
1
1
1
1
1
1
1
1
1
1
1
0.999999
1
0.999998
0.999997
0.999887
0.999946
0.999965
0.999865
0.999992
0.999969
0.999938
0.999752
0.999508
0.999713
0.999912
0.999985
0.999999
1
1
1
1
1
1
1
1
1
1
1
1
1
1
1
1
1
1
1
1
1
1
1
1
1
1
1
1
1
1
1
1
1
1
1
1
1
1
1
1
1
1
1
1
1
1
1
1
1
1
1
1
1
1
1
1
1
1
1
1
1
1
1
1
1
1
1
1
1
1
1
1
1
0.999928
0.997475
0.995703
0.996695
0.989318
0.982391
0.99931
0.989501
0.996143
0.99998
0.999052
0.999843
1
0.999983
0.999999
1
1
1
1
1
1
1
1
1
1
1
1
1
1
1
1
1
1
1
1
1
1
1
1
1
1
1
1
1
1
1
1
1
1
1
1
1
1
1
1
1
1
1
1
1
1
1
1
1
1
1
1
1
1
1
1
1
1
1
1
1
1
1
1
1
1
1
1
1
1
1
1
1
1
1
1
1
1
1
1
1
1
1
1
1
1
1
1
1
1
1
1
1
1
1
1
1
1
1
1
1
1
1
1
0.925393
0.6922
0.757725
0.984426
0.877611
0.954512
0.999217
0.987367
0.997392
0.999991
0.999606
0.999958
1
0.999997
1
1
1
1
1
1
1
1
1
1
1
1
1
1
1
1
1
1
1
1
1
1
1
1
1
1
1
1
1
1
1
1
1
1
1
1
1
1
1
1
1
1
1
1
1
1
1
1
1
1
1
1
1
1
1
1
1
1
1
1
1
1
1
1
1
1
1
1
1
1
1
1
1
1
1
1
1
1
1
1
1
1
1
1
1
1
1
1
1
1
1
1
1
1
1
1
1
1
1
1
1
1
1
1
1
1
1
1
1
0.449602
0.905651
0.615393
0.845668
0.993943
0.951823
0.999877
0.999731
0.999999
0.999975
0.999998
1
1
1
1
1
1
1
1
1
1
1
1
1
1
1
1
1
1
1
1
1
1
1
1
1
1
1
1
1
1
1
1
1
1
1
1
1
1
1
1
1
1
1
1
1
1
1
1
1
1
1
1
1
1
1
1
1
1
1
1
1
1
1
1
1
1
1
1
1
1
1
1
1
1
1
1
1
1
1
1
1
1
1
1
1
0.99999
1
1
1
1
1
1
1
1
1
1
1
1
1
1
1
1
1
1
1
1
1
1
1
0.999997
1
1
1
1
1
1
1
1
1
1
1
1
1
1
0.999999
1
1
0.999935
0.999999
0.999991
0.999892
1
1
1
1
1
1
1
1
1
1
1
0.999998
1
1
0.999646
0.999996
0.999952
0.982741
0.999676
0.998021
1
1
1
1
1
1
1
0.999996
1
1
0.999604
0.999995
0.999944
0.999576
0.997735
1
1
1
1
1
1
1
1
0.999995
1
1
0.999574
0.999995
0.999942
0.999576
0.997766
0.978961
1
1
1
1
1
0.999995
1
1
0.999604
0.999995
0.999951
0.999676
0.998463
0.986621
1
1
1
1
1
1
0.999996
1
1
0.999646
0.999996
0.999968
0.999892
0.99846
1
1
1
1
1
1
0.999998
1
1
0.999935
0.999999
0.999986
1
1
1
1
1
1
1
1
0.999999
1
1
1
0.999999
1
1
1
1
1
1
1
1
1
1
1
1
1
1
1
1
1
1
1
1
1
1
1
1
1
1
1
1
1
1
1
1
1
1
1
1
1
1
1
1
1
1
1
1
1
1
1
1
1
1
1
1
1
1
1
1
1
1
1
1
1
1
1
1
1
1
1
1
1
1
1
1
1
1
1
1
1
1
1
1
1
1
1
1
1
1
1
1
1
1
1
1
1
1
1
1
1
1
1
1
1
1
1
1
1
1
1
1
1
1
1
1
1
1
1
1
1
1
1
1
1
1
1
1
1
1
1
1
1
1
1
1
1
1
1
1
1
1
1
1
1
1
1
1
1
1
1
1
1
1
1
1
1
1
1
1
1
1
1
1
1
1
1
1
1
1
1
1
1
1
1
1
1
1
1
1
1
1
1
1
1
1
1
1
1
1
1
1
1
1
1
1
1
1
1
1
1
1
1
1
1
1
1
1
1
1
1
1
1
1
1
1
1
1
1
1
1
1
1
1
1
1
1
1
1
1
1
1
1
1
1
1
1
1
1
1
1
1
1
1
1
1
1
1
1
1
1
1
1
1
1
1
1
1
1
1
1
1
1
1
1
1
1
1
1
1
1
1
1
1
1
1
1
1
1
1
1
1
1
1
1
1
1
1
1
1
1
1
1
1
1
1
1
1
1
1
1
1
1
1
1
1
1
1
1
1
1
1
1
1
1
1
1
1
1
1
1
1
1
1
1
1
1
1
1
1
1
1
1
1
1
1
1
1
1
1
1
1
1
1
1
1
1
1
1
1
1
1
1
1
1
1
1
1
1
1
1
1
1
1
1
1
1
1
1
1
1
1
1
1
1
1
1
1
1
1
1
1
1
1
1
1
1
1
1
1
1
1
1
1
1
1
1
1
1
1
1
1
1
1
1
1
1
1
1
1
1
1
1
1
1
1
1
1
1
1
1
1
1
1
1
1
1
1
1
1
1
1
1
1
1
1
1
1
1
1
1
1
1
1
1
1
1
1
1
1
1
1
1
1
1
1
1
1
1
1
1
1
1
1
1
1
1
1
1
1
1
1
1
1
1
1
1
1
1
1
1
1
1
1
1
1
1
1
1
0.999999
0.999999
1
0.999992
1
0.999984
0.999991
1
1
1
1
1
1
1
1
1
1
1
1
1
1
1
1
1
1
1
1
1
1
1
1
1
1
1
1
1
1
1
1
0.999998
1
1
1
1
1
1
1
1
1
1
1
1
1
1
1
1
1
1
1
1
1
1
1
1
1
1
1
1
1
1
1
1
1
1
1
1
1
1
1
1
1
1
1
1
1
1
1
1
1
1
1
1
1
1
1
1
1
1
1
1
1
1
1
1
1
1
1
1
1
1
1
1
1
1
1
1
1
1
1
1
1
1
1
1
1
1
1
1
1
1
1
1
1
1
1
1
1
1
1
1
1
1
1
1
1
1
1
1
1
1
1
1
1
1
1
1
1
0.999998
1
0.999999
1
1
0.999997
1
0.999998
1
0.999991
1
1
1
1
1
1
1
1
1
1
1
1
1
1
1
1
1
1
1
1
1
1
1
1
1
1
1
1
1
1
1
1
1
1
1
1
1
1
1
1
1
1
1
1
1
1
1
1
1
1
1
1
1
1
1
1
1
1
1
1
1
1
1
1
1
1
1
1
1
1
1
1
1
1
1
1
1
1
1
1
1
1
1
1
1
1
1
1
1
1
1
1
1
1
1
1
1
1
1
1
1
1
1
1
1
1
1
1
1
1
1
1
1
1
1
1
1
1
1
1
1
1
1
1
1
1
1
1
1
1
1
1
1
1
1
1
1
1
1
1
1
1
1
1
1
1
1
1
1
1
1
1
1
1
1
1
1
1
1
1
1
1
1
1
1
1
1
1
1
1
1
1
1
1
1
0.999996
0.998717
1
1
1
1
1
1
0.999994
0.999848
0.999827
0.984603
0.984221
0.937296
1
0.999999
0.999856
0.999863
0.999948
0.998853
0.992706
0.95231
0.790498
0.752008
0.709276
0.413275
0.0954672
0.169914
0.0706968
0.786834
0.364946
0.718003
0.982106
0.902095
0.973655
0.999522
0.994547
0.99914
0.999997
0.999898
0.999991
1
0.999999
1
1
1
1
1
1
1
1
1
1
1
1
1
1
1
1
1
1
1
1
1
1
1
1
1
1
1
1
1
1
1
1
1
1
1
1
1
1
1
1
1
1
1
1
1
1
1
1
1
1
1
1
1
1
1
1
1
1
1
1
1
1
1
1
1
1
1
1
1
1
1
1
1
1
1
1
1
1
1
1
1
1
1
1
1
1
1
1
1
1
1
0.998755
0.995558
0.9293
0.992057
0.970408
0.910341
0.3325
0.306943
0.27613
0.0789115
0.658391
0.246803
0.647181
0.965124
0.87026
0.962954
0.998734
0.991873
0.998648
0.999833
0.999985
1
0.999999
1
1
1
1
1
1
1
1
1
1
1
1
1
1
1
1
1
1
1
1
1
1
1
1
1
1
1
1
1
1
1
1
1
1
1
1
1
1
1
1
1
1
1
1
1
1
1
1
1
1
1
1
1
1
1
1
1
1
1
1
1
1
1
1
1
1
1
1
1
1
1
1
1
1
1
1
1
1
1
1
1
1
1
1
1
1
1
1
0.997552
0.989617
0.885221
0.941588
0.83029
0.635333
0.23758
0.696703
0.998875
0.999988
1
1
1
1
1
1
1
1
1
1
1
1
1
1
1
1
1
1
1
1
1
1
1
1
1
1
1
1
1
1
0.807666
0.915381
0.977968
0.235887
0.803726
0.623248
1
1
1
1
1
1
1
1
1
1
1
0.805178
0.916324
0.236006
0.805247
0.623891
0.237586
1
1
1
1
1
1
1
1
1
1
1
0.807694
0.922236
0.83029
0.670849
0.306943
0.0888903
1
1
1
1
1
1
1
1
1
1
1
0.885221
0.961666
0.910341
0.3325
0.413276
0.339324
1
1
1
1
1
1
1
1
1
1
0.989617
0.9293
0.992057
0.9782
0.752018
0.984603
0.923223
0.937307
1
1
1
1
1
1
1
1
1
1
0.995558
0.999321
0.998853
0.99888
0.997478
0.989798
0.998494
1
1
1
1
1
1
1
0.999856
0.999988
0.999994
0.999827
0.999996
0.999998
1
1
1
1
1
1
1
1
1
1
0.999999
1
1
1
1
1
1
1
1
1
1
1
1
1
1
1
1
1
1
1
1
1
1
1
1
1
1
1
1
1
1
1
1
1
1
1
1
1
1
1
1
1
1
1
1
1
1
1
1
1
1
1
1
1
1
1
1
1
1
1
1
1
1
1
1
1
1
1
1
1
1
1
1
1
1
1
1
1
1
1
1
1
1
1
1
1
1
1
1
1
1
1
1
1
1
1
1
1
1
1
1
1
1
1
1
1
1
1
1
1
1
1
1
1
1
1
1
1
1
1
1
1
1
1
1
1
1
1
1
1
1
1
1
1
1
1
1
1
1
1
1
1
1
1
1
1
1
1
1
1
1
1
1
1
1
1
1
1
1
1
1
1
1
1
1
1
1
1
1
1
1
1
1
1
1
1
1
1
1
1
1
1
1
1
1
1
1
1
1
1
1
1
1
1
1
1
1
1
1
1
1
1
1
1
1
1
1
1
1
1
1
1
1
1
1
1
1
1
1
1
1
1
1
1
1
1
1
1
1
1
1
1
1
1
1
1
1
1
1
1
1
1
1
1
1
1
1
1
1
1
1
1
1
1
1
1
1
1
1
1
1
1
1
1
1
1
1
1
1
1
1
1
1
1
1
1
1
1
1
1
1
1
1
1
1
1
1
1
1
1
1
1
1
1
1
1
1
1
1
1
1
1
1
1
1
1
1
1
1
1
1
1
1
1
1
1
1
1
1
1
1
1
1
1
1
1
1
1
1
1
1
1
1
1
1
1
1
1
1
1
1
1
1
1
1
1
1
1
1
1
1
1
1
1
1
1
1
1
1
1
1
1
1
1
1
1
1
1
1
1
1
1
1
1
1
1
1
1
1
1
1
1
1
1
1
1
1
1
1
1
1
1
1
1
1
1
1
1
1
1
1
1
1
1
1
1
1
1
1
1
1
1
1
1
1
1
1
1
1
1
1
1
1
1
1
1
1
1
1
1
1
1
1
1
1
1
1
1
1
1
1
1
1
1
1
1
1
1
1
1
1
1
1
1
1
1
1
1
1
1
1
1
1
1
1
1
1
1
1
1
1
1
1
1
1
1
1
1
1
1
1
1
1
1
1
1
1
1
1
1
1
1
1
1
1
1
1
1
1
1
1
1
1
1
1
1
1
1
1
1
1
1
1
1
1
1
1
1
1
1
1
1
1
1
1
1
1
1
1
1
1
1
1
1
1
1
1
1
1
1
1
1
1
1
1
1
1
1
1
1
1
1
1
1
1
1
1
1
1
1
1
1
1
1
1
1
1
1
1
1
1
1
1
1
1
1
1
1
1
1
1
1
1
1
1
1
1
1
1
1
1
1
1
1
1
1
1
1
0.999999
1
1
0.999998
0.999997
0.999999
0.999985
1
1
1
1
1
1
1
1
1
1
1
1
1
1
1
1
1
1
1
1
1
1
1
1
1
1
1
1
1
1
1
1
1
1
1
1
1
1
1
1
1
1
1
1
1
1
1
1
1
1
1
1
1
1
1
1
1
1
1
1
1
1
1
1
1
1
1
0.999992
1
1
1
1
1
1
1
1
1
1
1
1
1
1
1
1
1
1
1
1
1
1
1
1
1
1
1
1
1
1
1
1
1
1
1
1
1
1
1
1
1
1
1
1
1
1
1
1
1
1
1
1
1
1
1
1
1
1
1
1
1
1
1
1
1
1
1
1
1
1
1
1
1
1
1
1
1
1
1
1
1
1
1
1
1
1
1
1
1
1
1
1
1
1
1
1
1
1
1
1
1
0.999995
1
0.999706
0.999936
0.999939
0.999968
0.992955
0.989797
0.970648
0.960634
0.405812
0.739441
0.518623
0.77404
0.254633
0.167751
0.167427
0.499685
0.767616
0.97689
0.995147
0.999241
0.999914
1
1
1
1
1
1
1
1
1
1
1
1
1
1
1
1
1
1
1
1
1
1
1
1
1
1
1
1
1
1
1
1
1
1
1
0.982807
1
1
1
1
1
1
1
1
1
1
1
1
1
1
1
1
1
1
1
1
1
1
1
1
1
1
1
1
1
1
1
1
1
1
1
1
1
1
1
0.254749
0.167751
1
1
1
1
1
1
0.925349
0.774223
0.970678
0.960839
0.989779
1
1
1
1
0.999706
0.999936
1
1
1
1
0.999968
1
1
1
1
1
1
1
1
1
1
1
1
1
1
1
1
1
1
1
1
1
1
1
1
1
1
1
1
1
1
1
1
1
1
1
1
1
1
1
1
1
1
1
1
1
1
1
1
1
1
1
1
1
1
1
1
1
1
1
1
1
1
1
1
1
1
1
1
1
1
1
1
1
1
1
1
1
1
1
1
1
1
1
1
1
1
1
1
1
1
1
1
1
1
1
1
1
1
1
1
1
1
1
1
1
1
1
1
1
1
1
1
1
1
1
1
1
1
1
1
1
1
1
1
1
1
1
1
1
1
1
1
1
1
1
1
1
1
1
1
1
1
1
1
1
1
1
1
1
1
1
1
1
1
1
1
1
1
1
1
1
1
1
1
1
1
1
1
1
1
1
1
1
1
1
1
1
1
1
1
1
1
1
1
1
1
1
1
1
1
1
1
1
1
1
1
1
1
1
1
1
1
1
1
1
1
1
1
1
1
1
1
1
1
1
1
1
1
1
1
1
1
1
1
1
1
1
1
1
1
1
1
1
1
1
1
1
1
1
1
1
1
1
1
1
1
1
1
0.999997
0.999996
0.999979
1
1
1
1
1
1
1
1
1
1
1
1
1
1
1
1
1
1
1
1
1
1
1
1
1
1
1
1
1
1
1
1
1
1
1
1
1
1
1
1
1
1
1
1
1
1
1
1
1
1
1
1
1
1
1
1
1
1
1
1
1
1
1
1
1
1
1
1
1
1
1
1
1
1
1
1
1
1
1
1
1
1
1
1
1
1
1
1
1
1
1
1
1
1
1
1
1
1
1
1
1
1
1
1
1
1
1
1
1
1
1
1
1
1
1
1
1
1
1
1
1
1
1
1
1
1
1
1
1
1
1
1
0.99996
0.999589
0.998686
0.92573
0.98302
0.831071
0.518142
0.121591
0.104111
0.208335
0.576066
0.821383
0.941263
0.999997
1
1
1
1
1
1
1
1
1
1
1
1
1
1
1
1
1
1
1
1
1
1
1
1
1
1
1
1
1
1
1
1
1
1
0.827925
0.99963
0.999997
1
1
1
1
1
1
1
1
1
1
1
1
1
1
1
1
1
1
0.831323
0.697389
1
1
1
0.926028
0.993428
1
1
0.998696
1
0.999992
0.99996
1
1
1
1
1
1
1
1
1
1
1
1
1
1
1
1
1
1
1
1
1
1
1
1
1
1
1
1
1
1
1
1
1
1
1
1
1
1
1
1
1
1
1
1
1
1
1
1
1
1
1
1
1
1
1
1
1
1
1
1
1
1
1
1
1
1
1
1
1
1
1
1
1
1
1
1
1
1
1
1
1
1
1
1
1
1
1
1
1
1
1
1
1
1
1
1
1
1
1
1
1
1
1
1
1
1
1
1
1
1
1
1
1
1
1
1
1
1
1
1
1
1
1
1
1
1
1
1
1
1
1
1
1
1
1
1
1
1
1
1
1
1
1
1
1
1
1
1
1
1
1
1
1
1
1
1
1
1
1
1
1
1
1
1
1
1
1
1
1
1
1
1
1
1
1
1
1
1
1
1
1
1
1
1
1
1
1
1
1
1
1
1
1
1
1
1
1
1
1
1
1
1
1
1
1
1
1
1
1
1
1
1
1
1
1
1
1
1
1
1
1
1
1
1
1
1
1
1
1
1
1
1
1
0.999999
1
1
1
1
1
1
1
1
1
1
1
1
1
1
1
1
1
1
1
1
1
1
1
1
1
1
1
1
1
1
1
1
1
1
1
1
1
1
1
1
1
1
1
1
1
1
1
1
1
1
1
1
1
1
1
1
1
1
1
1
1
1
1
1
1
1
0.999999
0.999997
0.999984
0.999328
0.991534
0.94124
0.926347
0.732319
0.29977
0.266678
0.262222
0.836689
0.949354
0.987993
0.997847
0.999713
0.999972
1
1
1
1
1
1
1
1
1
1
1
1
1
1
1
1
1
1
1
1
1
1
1
1
1
1
1
1
1
1
1
0.301123
0.736753
0.766228
1
1
1
1
1
1
1
1
1
0.999999
0.999979
1
1
1
1
1
1
1
1
1
1
1
1
1
1
1
1
1
1
1
1
1
1
1
1
1
1
1
1
1
1
1
1
1
1
1
1
1
1
1
1
1
1
1
1
1
1
1
1
1
1
1
1
1
1
1
1
1
1
1
1
1
1
1
1
1
1
1
1
1
1
1
1
1
1
1
1
1
1
1
1
1
1
1
1
1
1
1
1
1
1
1
1
1
1
1
1
1
1
1
1
1
1
1
1
1
1
1
1
1
1
1
1
1
1
1
1
1
1
1
1
1
1
1
1
1
1
1
1
1
1
1
1
1
1
1
1
1
1
1
1
1
1
1
1
1
1
1
1
1
1
1
1
1
1
1
1
1
1
1
1
0.999999
0.999999
0.999991
0.999995
1
1
1
1
1
1
1
1
1
1
1
1
1
1
1
1
1
1
1
1
1
1
1
1
1
1
1
1
1
1
1
1
1
1
1
1
1
1
1
1
1
1
1
1
1
1
1
1
1
1
1
1
1
1
1
1
1
1
1
1
1
1
1
1
1
1
1
1
1
1
1
1
1
1
1
1
1
1
1
1
1
1
1
1
1
1
1
1
1
1
1
1
1
1
1
1
1
1
1
1
1
1
1
1
1
1
1
1
1
1
1
1
1
1
1
1
1
1
1
1
1
1
1
1
1
1
1
1
1
1
1
1
1
1
1
0.999998
0.998916
0.928717
0.944211
0.750192
0.378495
0.946581
0.203029
0.8219
0.999998
1
1
1
1
1
1
1
1
1
1
1
1
1
1
1
1
0.999505
1
0.999947
1
1
1
1
1
1
1
1
1
1
1
1
1
1
1
1
1
1
1
1
1
1
1
1
1
1
1
1
1
1
1
1
1
1
1
1
1
1
1
1
1
1
1
1
1
1
1
1
1
1
1
1
1
1
1
1
1
1
1
1
1
1
1
1
1
1
1
1
1
1
1
1
1
1
1
1
1
1
1
1
1
1
1
1
1
1
1
1
1
1
1
1
1
1
1
1
1
1
1
1
1
1
1
1
1
1
1
1
1
1
1
1
1
1
1
1
1
1
1
1
1
1
1
1
1
1
1
1
1
1
1
1
1
1
1
1
1
1
1
1
1
1
1
1
1
1
1
1
1
1
1
1
1
1
1
1
1
1
1
1
1
1
0.999998
0.999995
0.999996
0.999895
0.999997
1
1
1
1
1
1
1
1
1
1
1
1
1
1
1
1
1
1
1
1
1
1
1
1
1
1
1
1
1
1
1
1
1
1
1
1
1
1
1
1
1
1
1
1
1
1
1
1
1
1
1
1
1
1
1
1
1
1
1
1
1
1
1
1
1
1
1
1
1
1
1
1
1
1
1
1
1
1
1
1
1
1
1
1
1
1
1
1
1
1
1
1
1
1
1
1
1
1
1
1
1
1
1
1
1
1
1
1
1
1
1
1
1
1
1
1
1
1
1
1
1
1
1
1
1
1
1
1
1
1
1
1
1
1
1
1
1
1
1
1
1
0.999993
0.999996
0.988477
0.990336
0.930376
0.929167
0.218067
0.352432
0.358698
0.193628
0.86295
0.272445
0.688839
0.999864
0.999987
0.999999
1
1
1
1
1
1
1
1
1
1
1
1
1
1
1
1
1
1
1
1
1
1
1
1
1
1
1
1
1
1
1
0.999675
0.998769
1
0.999986
0.999999
1
1
1
1
1
1
1
1
1
1
1
1
1
1
1
1
1
1
1
1
1
1
1
1
1
1
1
1
1
1
1
1
1
1
1
1
1
1
1
1
1
1
1
1
1
1
1
1
1
1
1
1
1
1
1
1
1
1
1
1
1
1
1
1
1
1
1
1
1
1
1
1
1
1
1
1
1
1
1
1
1
1
1
1
1
1
1
1
1
1
1
1
1
1
1
1
1
1
1
1
1
1
1
1
1
1
1
1
1
1
1
1
1
1
1
1
1
1
1
1
1
1
1
1
1
1
1
1
1
1
1
1
1
1
1
1
1
1
1
1
1
1
1
1
1
1
1
1
1
1
1
1
1
1
1
1
1
1
1
1
1
1
1
1
1
1
1
1
1
1
1
1
1
1
1
1
1
1
1
1
1
1
1
1
1
0.999999
1
1
1
0.999997
0.999895
1
0.999998
0.999997
1
1
1
1
1
1
1
1
1
1
1
1
1
1
1
1
1
1
1
1
1
1
1
1
1
1
1
1
1
1
1
1
1
1
1
1
1
1
1
1
1
1
1
1
1
1
1
1
1
1
1
1
1
1
1
1
1
1
1
1
1
1
1
1
1
1
1
1
1
1
1
1
1
1
1
1
1
1
1
1
1
1
1
1
1
1
1
1
0.999998
1
1
1
1
1
1
1
1
1
1
1
1
1
1
1
1
1
1
1
1
1
1
1
1
1
1
1
1
1
0.999995
0.999992
1
0.999856
0.999016
0.998816
0.999376
0.92506
0.960674
0.0600911
0.177514
0.321548
0.819781
0.964521
0.999139
1
1
0.999995
0.999995
1
1
1
1
1
1
1
1
1
1
1
1
1
1
1
1
1
1
1
1
1
1
1
1
1
1
1
1
1
1
1
1
1
1
1
1
1
1
1
1
1
1
1
1
1
1
1
1
1
1
1
1
1
1
1
1
1
1
1
1
1
1
1
1
1
1
1
1
1
1
1
1
1
1
1
1
1
1
1
1
1
1
1
1
1
1
1
1
1
1
1
1
1
1
1
1
1
1
1
1
1
1
1
1
1
1
1
1
1
1
1
1
1
1
1
1
1
1
1
1
1
1
1
1
1
0.999997
0.999929
1
0.999998
1
1
1
1
1
1
1
1
1
1
1
1
1
1
1
1
1
1
1
1
1
1
1
1
1
1
1
1
1
1
1
1
1
1
1
1
1
1
1
1
1
1
1
1
1
1
1
1
1
1
1
1
1
1
1
1
1
1
1
1
1
1
1
1
1
1
1
1
1
1
1
1
1
1
1
1
1
1
1
1
1
1
1
1
1
1
1
1
1
1
1
1
1
1
1
1
1
1
1
1
1
1
1
1
1
1
1
1
1
1
1
1
1
1
1
1
1
1
1
1
1
1
1
1
1
1
1
1
1
1
1
1
1
1
1
0.999997
1
0.999996
0.999962
0.978211
0.966154
0.99722
0.701086
0.306849
0.169516
0.204196
0.0691371
0.265281
0.285689
0.971334
0.977761
0.997196
1
1
1
1
1
1
1
1
1
1
1
1
1
1
1
1
1
1
1
1
1
1
1
1
1
1
1
1
1
1
1
1
1
1
1
1
1
1
1
1
1
1
1
1
1
1
1
1
1
1
1
1
1
1
1
1
1
1
1
1
1
1
1
1
1
1
1
1
1
1
1
1
1
1
1
1
1
1
1
1
1
1
1
1
1
1
1
1
1
1
1
1
1
1
1
1
1
1
1
1
1
1
1
1
1
1
1
1
1
1
1
1
1
1
1
1
1
1
1
1
1
1
1
1
1
1
1
1
1
1
1
1
1
1
1
1
1
1
1
1
0.999999
1
1
1
0.999999
1
1
1
1
1
1
1
1
1
1
1
1
1
1
1
1
1
1
1
1
1
1
1
1
1
1
1
1
1
1
1
1
1
1
1
1
1
1
1
1
1
1
1
1
1
1
1
1
1
1
1
1
1
1
1
1
1
1
1
1
1
1
1
1
1
1
1
1
1
1
1
1
1
1
1
1
1
1
1
1
1
1
1
1
1
1
1
1
1
1
1
1
1
1
1
1
1
1
1
1
1
1
1
1
1
1
1
1
1
1
1
1
1
1
1
1
1
1
1
1
1
1
1
1
1
1
1
1
1
0.999996
1
0.999997
0.999517
0.99997
0.966138
0.700991
0.536513
0.143598
0.225554
0.0937607
0.204195
0.0691364
0.870111
0.97776
0.999378
1
1
1
1
1
1
1
1
1
1
1
1
1
1
1
1
1
1
1
1
1
1
1
1
1
1
1
1
1
1
1
1
1
1
1
1
1
1
1
1
1
1
1
1
1
1
1
1
1
1
1
1
1
1
1
1
1
1
1
1
1
1
1
1
1
1
1
1
1
1
1
1
1
1
1
1
1
1
1
1
1
1
1
1
1
1
1
1
1
1
1
1
1
1
1
1
1
1
1
1
1
1
1
1
1
1
1
1
1
1
1
1
1
1
1
1
1
1
1
1
1
1
1
1
1
1
1
1
1
1
1
1
1
0.999999
1
0.999999
1
0.999985
0.999996
1
1
1
1
1
1
1
1
1
1
1
1
1
1
1
1
1
1
1
1
1
1
1
1
1
1
1
1
1
1
1
1
1
1
1
1
1
1
1
1
1
1
1
1
1
1
1
1
1
1
1
1
1
1
1
1
1
1
1
1
1
1
1
1
1
0.999929
0.999998
1
1
1
1
1
1
1
1
1
1
1
1
1
1
1
1
1
1
1
1
1
1
1
1
1
1
1
1
1
1
1
1
0.999992
0.998816
0.999016
0.960662
0.766371
0.321541
0.769836
0.964517
1
1
1
1
1
1
1
1
1
1
1
1
1
1
1
1
1
1
1
1
1
1
1
1
1
1
1
1
1
1
1
1
1
1
1
1
1
1
1
1
1
1
1
1
1
1
1
1
1
1
1
1
1
1
1
1
1
1
1
1
1
1
1
1
1
1
1
1
1
1
1
1
1
1
1
1
1
1
1
1
1
1
1
1
1
1
1
1
1
1
1
1
1
1
1
1
1
1
1
1
1
1
1
1
1
1
1
1
0.999997
0.999998
0.999929
1
0.999998
0.999996
0.999323
0.997217
0.995042
0.999872
0.997261
0.9991
0.999999
0.999813
0.999988
1
0.999999
1
1
1
1
1
1
1
1
1
1
1
1
1
1
1
1
1
1
1
1
1
1
1
1
1
1
1
1
1
1
1
1
1
1
1
1
1
1
1
1
1
1
1
1
1
1
1
1
1
1
1
1
1
1
1
1
1
1
1
1
1
1
1
1
1
1
1
1
1
1
1
1
1
1
1
1
1
1
1
1
1
1
1
1
1
1
1
1
1
1
1
1
1
1
1
1
1
1
1
1
1
1
1
1
1
1
1
1
1
1
1
1
1
1
1
1
1
1
1
1
0.999996
1
0.999993
0.997984
0.999896
0.998521
0.930394
0.929384
0.218084
0.210114
0.193624
0.832599
1
0.999483
1
0.999986
1
1
1
1
1
1
1
1
1
1
1
1
1
1
1
1
1
1
1
1
1
1
1
1
1
1
1
1
1
1
1
1
1
1
1
1
1
1
1
1
1
1
1
1
1
1
1
1
1
1
1
1
1
1
1
1
1
1
1
1
1
1
1
1
1
1
1
1
1
1
1
1
1
1
1
1
1
1
1
1
1
1
1
1
1
1
1
1
1
1
1
1
1
1
1
1
1
1
1
1
1
1
1
1
1
1
1
1
1
1
1
1
1
1
1
1
1
1
1
1
0.999999
1
1
1
0.999895
1
0.999998
0.979738
0.831305
0.957073
0.865975
0.83188
0.929459
0.978233
0.999865
0.99504
0.999366
0.999906
0.999991
1
0.999999
1
1
1
1
1
1
1
1
1
1
1
1
1
1
1
1
1
1
1
1
1
1
1
1
1
1
1
1
1
1
1
1
1
1
1
1
1
1
1
1
1
1
1
1
1
1
1
1
1
1
1
1
1
1
1
1
1
1
1
1
1
1
1
1
1
1
1
1
1
1
1
1
1
1
1
1
1
1
1
1
1
1
1
1
1
1
1
1
1
1
1
0.999998
1
0.998917
0.999331
0.946765
0.355445
0.268879
0.378493
0.270482
1
1
0.994816
0.990868
0.999999
1
1
1
1
1
1
1
1
1
1
1
1
1
1
1
1
1
1
1
1
1
1
1
1
1
1
1
1
1
1
1
1
1
1
1
1
1
1
1
1
1
1
1
1
1
1
1
1
1
1
1
1
1
1
1
1
1
1
1
1
1
1
1
1
1
1
1
1
1
1
1
1
1
1
1
1
1
1
1
1
1
1
1
1
1
1
1
1
1
1
1
1
1
1
1
1
1
1
1
1
1
1
1
1
1
1
1
1
1
1
1
1
1
1
0.999995
0.93861
0.996701
0.999935
1
1
1
1
1
1
1
1
1
1
1
1
1
1
1
1
1
0.686631
0.121119
0.340008
0.675267
0.999979
0.999999
1
1
1
1
1
1
1
1
1
1
1
1
1
1
1
1
1
1
1
1
1
1
1
1
1
1
1
1
1
1
1
1
1
1
1
1
1
1
1
1
1
1
1
1
1
1
1
1
1
1
1
1
1
1
1
1
1
1
1
1
1
1
0.999984
0.999279
0.304143
0.723566
0.297772
1
1
1
0.999999
0.999968
1
1
1
1
1
1
1
1
1
1
1
1
1
1
1
1
1
1
1
1
1
1
1
1
1
1
1
1
1
1
1
1
1
1
1
1
1
1
1
1
1
1
1
1
1
1
1
1
1
1
1
1
1
1
1
1
1
1
1
1
1
1
1
1
1
1
1
1
1
1
1
1
1
1
0.999999
0.999999
0.999991
0.830845
0.987415
1
1
1
1
1
1
1
1
1
1
1
1
1
1
1
1
1
1
1
1
0.55687
0.807371
0.935156
1
1
1
1
1
1
1
1
1
1
1
1
1
1
1
1
1
1
1
1
1
1
1
1
1
1
1
1
1
1
1
1
1
1
1
1
1
1
1
1
1
1
1
1
1
1
1
1
1
1
1
1
1
1
1
1
0.939017
0.31335
1
0.16954
0.831323
1
0.999733
0.997522
1
1
1
1
1
1
1
1
1
1
1
1
1
1
1
1
1
1
1
1
1
1
1
1
1
1
1
1
1
1
1
1
1
1
1
1
1
1
1
1
1
1
1
1
1
1
1
1
1
1
1
1
1
1
1
1
1
1
1
1
1
1
1
1
1
1
1
1
1
1
1
1
1
0.167266
0.767638
0.999993
1
1
1
1
1
1
1
1
1
1
1
1
1
1
1
1
1
1
1
0.0717032
0.354089
0.993126
0.998875
1
1
1
1
1
1
1
1
1
1
1
1
1
1
1
1
1
1
1
1
1
1
1
1
1
1
1
1
1
1
1
1
1
1
1
1
1
1
1
1
1
1
1
1
1
1
1
1
1
1
0.999999
0.999966
0.583314
0.677174
0.183536
1
1
1
1
1
1
0.998718
1
1
0.999998
1
1
1
1
1
1
1
1
1
1
1
1
1
1
1
1
1
1
1
1
1
1
1
1
1
1
1
1
1
1
1
1
1
1
1
1
1
1
1
1
1
1
1
1
1
1
1
1
1
1
1
1
1
1
1
1
1
1
1
1
1
1
1
1
1
1
1
1
0.999996
0.999999
0.999979
0.965125
0.999986
1
1
1
1
1
1
1
1
1
1
1
1
1
1
1
0.845658
0.951818
0.997946
0.999731
0.999998
1
1
1
1
1
1
1
1
1
1
1
1
1
1
1
1
1
1
1
1
1
1
1
1
1
1
1
1
1
1
1
1
1
1
1
1
1
1
1
1
1
1
1
1
1
1
1
1
0.999999
1
0.988299
1
0.843822
1
1
1
0.929108
1
0.967594
0.708396
1
1
1
1
1
0.999986
1
1
1
1
1
1
1
1
1
1
1
1
1
1
1
1
1
1
1
1
1
1
1
1
1
1
1
1
1
1
1
1
1
1
1
1
1
1
1
1
1
1
1
1
1
1
1
1
1
1
1
1
1
1
1
1
1
1
1
1
1
1
1
1
1
1
1
1
1
1
1
1
1
1
1
1
1
0.999998
1
0.999997
0.999997
0.999887
0.999998
0.999946
0.99998
0.999999
0.999997
0.999996
0.999988
0.999967
0.999999
0.999977
0.99997
0.999995
0.0272461
0.730516
0.87726
0.525595
0.999999
0.999999
0.999998
0.999999
0.999999
0.999999
0.999997
0.999999
0.999998
0.999999
0.999998
0.999999
0.999997
0.999958
0.999977
0.999996
0.999926
0.999993
0.999994
0.999985
0.999999
0.999999
0.999993
0.999977
0.999978
0.999983
0.999994
0.999986
0.999988
0.999999
0.999999
1
1
0.999999
0.999999
0.999999
1
0.999999
0.999932
0.999989
0.999972
0.999995
0.999999
0.999998
0.999978
0.999984
0.999991
0.999954
0.999914
0.999968
0.999999
0.999998
0.999999
0.999977
0.999971
0.999995
0.999999
0.999997
0.999996
0.0920546
0.0779986
0.0287815
0.0855431
0.0934821
0.0398374
0.0287808
0.0855425
0.99997
0.999977
0.999971
0.999977
0.999997
0.999999
0.999968
0.999914
0.999984
0.999954
0.999999
0.999998
0.994005
0.96987
0.180762
0.190189
1
1
0.999999
0.999999
0.999995
0.999983
0.999954
0.999986
0.999988
0.999985
0.999997
0.999994
0.999999
0.999999
0.999993
0.999999
0.999998
0.999999
0.999999
0.999997
0.999996
0.999998
0.999965
0.999865
0.999979
1
1
1
1
0.999992
0.999999
1
0.999999
0.999997
0.999998
0.999961
0.999999
1
1
0.999973
0.999915
0.99999
0.999992
0.999999
1
0.999998
0.999969
0.999989
0.999997
1
1
1
1
0.999997
0.999996
0.999988
0.999979
0.999999
1
1
1
1
1
1
1
0.999999
1
0.999999
0.999999
1
0.999997
0.999992
0.999993
0.999995
0.999984
0.999999
0.999996
0.999999
1
0.999999
0.999999
1
1
1
1
1
0.195155
1
1
0.999996
0.999999
0.999998
0.999999
0.999999
0.999999
0.999996
0.999999
0.999999
0.999998
0.999999
1
0.999999
0.999969
0.999997
0.999989
1
1
0.999992
0.999999
1
0.999998
1
1
0.0831631
0.161162
0.999999
0.999992
0.999999
0.999992
1
1
1
0.991212
0.960565
0.999999
0.999998
0.999999
0.999999
0.999999
0.700451
0.462086
0.151395
1
0.999998
0.999999
0.999999
0.999999
1
0.999999
0.999997
1
0.999999
0.999999
1
1
1
1
1
0.999996
0.999988
0.999999
0.999992
0.999992
0.999993
1
0.113987
1
1
1
1
1
0.999997
1
1
0.999999
0.999997
0.999989
0.999999
1
1
1
0.030511
0.113986
0.999989
1
0.999999
1
1
0.999999
1
1
1
1
1
0.999997
)
;
    }
    injectorInlet
    {
        type            fixedValue;
        value           uniform 0;
    }
    injectorWall
    {
        type            fixedValue;
        value           nonuniform List<scalar> 
1129
(
0
0
0
0
0
0
0
0
0
0
0
0
0
0
0
0
0
0
0
0
0
0
0
0
0
0
0
0
0
0
0
0
0
0
0
0
0
0
0
0
0
0
0
0
0
0
0
0
0
0
0
0
0
0
0
0
0
0
0
0
0
0
0
0
0
0
0
0
0
0
0
0
0
0
0
0
0
0
0
0
0
0
0
0
0
0
0
0
0
0
0
0
0
0
0
0
0
0
0
0
0
0
0
0
0
0
0
0
0
0
0
0
0
0
0
0
0
0
0
0
0
0
0
0
0
0
0
0
0
0
0
0
0
0
0
0
0
0
0
0
0
0
0
0
0
0
0
0
0
0
0
0
0
0
0
0
0
0
0
0
0
0
0
0
0
0
0
0
0
0
0
0
0
0
0
0
0
0
0
0
0
0
0
0
0
0
0
0
0
0
0
0
0
0
0
0
0
0
0
0
0
0
0
0
0
0
0
0
0
0
0
0
0
0
0
0
0
0
0
0
0
0
0
0
0
0
0
0
0
0
0
0
0
0
0
0
0
0
0
0
0
0
0
0
0
0
0
0
0
0
0
0
0
0
0
0
0
0
0
0
0
0
0
0
0
0
0
0
0
0
0
0
0
0
0
0
0
0
0
0
0
0
0
0
0
0
0
0
0
0
0
0
0
0
0
0
0
0
0
0
0
0
0
0
0
0
0
0
0
0
0
0
0
0
0
0
0
0
0.620524
0.599232
0.95711
0.948896
0.998369
0.997688
0.999982
0.999967
0.999999
1
0.999884
0.999988
0.994523
0.999056
0.90934
0.981632
0.4524
0.89959
0.376932
0.797477
0.67999
0.257249
0.639091
0.955576
0.997903
0.999968
1
1
0.999978
0.999256
0.992104
0.930208
0.590169
0.0624297
0.566601
0.850426
0.985718
0.99954
0.999996
1
1
0.999985
0.999502
0.995292
0.953352
0.654602
0.0586561
0.12718
0.325246
0.935079
0.996229
0.999904
0.999999
0.999999
0.999906
0.996239
0.911515
0.456518
0.36658
0.560175
0.492274
0.220673
0.596778
0.987559
0.999998
0.999999
0.999979
0.949596
0.852617
0.970276
0.940332
0.720643
0.637797
0.869759
0.699293
0.702234
0.0923171
0.61713
0.799494
0.95432
0.245331
0.221307
0.442337
0.983464
0.999871
0.858488
0.7452
0.905817
0.999874
0.999985
1
0.972474
0.993704
0.99994
1
1
0.999697
0.998899
0.999856
1
1
1
0.999987
0.999999
1
1
1
1
1
1
1
0.999939
1
1
1
1
1
0.999995
0.999844
0.999998
0.999977
0.99998
0.999019
0.997371
0.999858
0.999364
0.997041
0.829855
0.997415
0.98936
0.56028
0.959521
0.873482
0.286937
0.689112
0.404808
0.121086
0.197646
0.716633
0.4141
0.836829
0.983551
0.238248
0.935064
0.692282
0.701813
0.994991
0.999979
0.976334
0.999028
0.946432
0.959743
0.999998
1
0.999538
0.999987
0.99702
0.991118
0.998355
1
1
0.999994
1
0.999949
0.999979
1
1
1
1
1
1
1
1
1
1
1
1
1
1
0.999999
0.999939
0.999999
0.999999
0.999981
1
0.999995
0.999873
0.99603
0.999893
0.999094
0.999982
0.99921
0.988966
0.882017
0.998335
0.989676
0.996813
0.829372
0.807612
0.650532
0.985862
0.954717
0.859534
0.90495
0.78142
0.317767
0.192021
0.225373
0.616024
0.609955
0.615765
0.221122
0.600186
0.983212
0.848094
0.956555
0.955004
0.846443
0.954224
0.951565
0.990759
0.998341
0.98998
0.998347
0.998291
0.990332
0.998236
0.989196
0.998031
0.999774
0.999785
0.999982
0.999981
0.999975
0.999972
1
0.999998
1
0.999999
1
1
1
0.999998
1
0.99999
1
0.999985
0.999992
1
0.999999
0.999996
0.999338
0.999785
0.99845
0.999897
0.998672
0.999118
0.999988
0.999873
0.999951
0.999553
0.994457
0.954471
0.968458
0.995548
0.98436
0.742658
0.888946
0.60741
0.714101
0.955906
0.944772
0.85706
0.265399
0.416383
0.226989
0.859256
0.721368
0.621975
0.363948
0.521521
0.489489
0.647464
0.606478
0.527987
0.261293
0.346675
0.0764808
0.221264
0.190022
0.578219
0.564322
0.190173
0.0456089
0.122504
0.16813
0.237529
0.190918
0.516764
0.509483
0.588906
0.854637
0.875269
0.905992
0.952721
0.995554
0.999413
0.999115
0.999899
0.999998
0.999999
1
1
1
1
1
1
1
1
1
1
1
1
1
1
1
1
1
0.999999
1
0.999947
0.999999
0.999844
0.999917
0.99626
0.999692
0.816594
0.824299
0.992951
0.987933
0.836922
0.949779
0.211359
0.599627
0.190053
0.590196
0.191683
0.513622
0.556578
0.184248
0.137443
0.912711
0.715803
0.958168
0.983653
0.998867
0.996048
0.999815
0.99998
1
0.999995
1
1
1
1
1
1
1
1
1
1
1
1
1
1
1
1
1
1
1
0.999999
0.999999
0.999948
0.999937
0.999853
0.999789
0.985524
0.986592
0.973169
0.815528
0.948369
0.0343109
0.0779047
0.228405
0.210194
0.222684
0.680979
0.476726
0.15628
0.102687
0.0491098
0.281311
0.206139
0.521287
0.339222
0.254065
0.190304
0.0423223
0.218525
0.745375
0.901022
0.997963
0.999481
0.999549
0.999988
0.999987
0.999996
1
1
1
1
1
1
1
1
0.999986
0.999996
0.999988
0.999091
0.99963
0.999098
0.987528
0.878362
0.979527
0.145905
0.160598
0.21572
0.48141
0.457219
0.625779
0.346314
0.440995
0.614971
0.967757
0.830313
0.991225
0.999865
0.996933
0.999953
0.999871
0.999999
1
1
1
1
1
1
1
1
0.999996
0.999988
0.999632
0.999084
0.997762
0.970328
0.952412
0.939582
0.917626
0.763763
0.658108
0.0435938
0.433287
0.116769
0.771663
0.960901
0.983563
0.998377
0.999333
0.999999
0.999808
0.992364
0.539748
0.515748
0.172541
0.231612
0.872011
0.999776
0.999754
0.999999
0.999998
1
0.999838
0.999107
0.996464
0.983868
0.976648
0.909345
0.795545
0.53901
0.228268
0.8526
0.83971
0.990247
0.999793
0.999728
0.999999
0.999999
1
0.999832
0.992027
0.997098
0.842799
0.225881
0.258044
0.231243
0.227112
0.643134
0.86735
0.612686
0.854591
0.849166
0.837875
0.954881
0.990356
0.98974
0.99825
0.999797
0.999781
0.999678
0.999978
0.999998
0.999981
0.999999
0.999999
0.999998
1
0.999989
0.999997
0.999956
0.999093
0.9996
0.999871
0.966033
0.997353
0.974753
0.987102
0.995113
0.877652
0.952915
0.747169
0.871465
0.244369
0.744203
0.271753
0.666698
0.697056
0.67752
0.355372
0.327943
0.239572
0.244317
0.220092
0.831535
0.935688
0.936273
0.992505
0.976648
0.834194
0.996996
0.99905
0.990946
0.996313
0.946168
0.986346
0.989024
0.999906
0.999999
0.999994
0.999779
0.997331
0.999606
0.99999
1
1
0.999999
0.999958
0.999997
0.999998
1
0.99998
0.99999
1
1
0.999907
0.999999
0.999994
0.999363
0.998649
0.999999
0.999998
0.99641
0.999873
0.999551
0.983729
0.997361
0.999812
0.998907
0.938296
0.994829
0.986905
0.947121
0.974709
0.649529
0.809183
0.99555
0.986859
0.921283
0.534051
0.739296
0.169354
0.976605
0.457545
0.553522
0.172759
0.685409
0.813391
0.585418
0.37433
0.0843563
0.0622025
0.768584
0.240606
0.637637
0.992378
0.864971
0.960153
0.999317
0.999938
0.999999
0.99999
0.999977
1
1
1
1
0.999998
0.999978
0.999994
0.999987
0.999545
0.977684
0.991175
0.950117
0.826639
0.564774
0.696928
0.195721
0.140555
0.521386
0.4941
0.464451
0.52872
0.504823
0.514411
0.278365
0.28352
0.218191
0.0690974
0.284219
0.167948
0.23362
0.226427
0.163343
0.0757565
0.255235
0.223154
0.374445
0.400913
0.484303
0.190035
0.174743
0.0516613
0.140694
0.375335
0.643958
0.748548
0.986133
0.996809
0.999982
0.999995
1
1
1
1
1
1
1
1
0.999995
0.999985
0.999484
0.998496
0.924466
0.983386
0.946981
0.298452
0.283278
0.12036
0.422009
0.326144
0.155695
0.142574
0.385838
0.0527767
0.862257
0.946735
0.999253
0.999876
0.999999
1
1
1
1
1
1
1
1
1
0.999995
0.999986
0.997917
0.993275
0.953501
0.916687
0.100279
0.389621
0.146912
0.249157
0.26098
0.33214
0.346931
0.176024
0.159185
0.145305
0.427864
0.470485
0.399359
0.370734
0.0717437
0.533493
0.674752
0.482866
0.279211
0.137929
0.24675
0.451886
0.968266
0.991381
0.999868
0.999954
0.999999
1
1
1
1
1
1
0.999999
0.999954
0.99988
0.997548
0.994276
0.964068
0.411911
0.555471
0.432525
0.523424
0.144292
0.741513
0.899612
0.997925
0.99947
0.999988
0.999996
1
1
1
1
1
1
1
0.999999
0.999955
0.999882
0.990704
0.976633
0.87411
0.836999
0.178383
0.48774
0.435801
0.24779
0.343558
0.131202
0.520241
0.413008
0.0624671
0.198645
0.16878
0.489132
0.388947
)
;
    }
}


// ************************************************************************* //
