/*--------------------------------*- C++ -*----------------------------------*\
  =========                 |
  \\      /  F ield         | OpenFOAM: The Open Source CFD Toolbox
   \\    /   O peration     | Website:  https://openfoam.org
    \\  /    A nd           | Version:  12
     \\/     M anipulation  |
\*---------------------------------------------------------------------------*/
FoamFile
{
    format      ascii;
    class       volScalarField;
    location    "220";
    object      p;
}
// * * * * * * * * * * * * * * * * * * * * * * * * * * * * * * * * * * * * * //

dimensions      [0 2 -2 0 0 0 0];

internalField   nonuniform List<scalar> 
6750
(
0.0215904
0.0215683
0.0215389
0.0213754
0.020347
0.0231087
0.0230722
0.0229448
0.0226789
0.0223196
0.0249014
0.0248423
0.0247117
0.0245136
0.0243606
0.026782
0.0266881
0.0265638
0.0264234
0.0263466
0.0286491
0.0285112
0.0283771
0.0282645
0.0282258
0.0304229
0.0302365
0.0300817
0.029979
0.0299576
0.032055
0.0318189
0.0316394
0.0315395
0.0315266
0.0335162
0.033231
0.0330268
0.0329278
0.03292
0.0347879
0.0344562
0.0342293
0.034131
0.0341269
0.0358598
0.0354855
0.0352391
0.0351421
0.0351407
0.0367286
0.0363171
0.0360551
0.0359601
0.0359605
0.0373974
0.0369551
0.0366818
0.0365891
0.0365906
0.0378756
0.0374086
0.0371291
0.0370388
0.0370406
0.0381773
0.0376914
0.0374121
0.037323
0.0373241
0.0383157
0.037824
0.03755
0.0374585
0.0374574
0.0383157
0.037824
0.03755
0.0374585
0.0374574
0.0381773
0.0376914
0.0374121
0.037323
0.0373241
0.0378756
0.0374086
0.0371291
0.0370388
0.0370406
0.0373974
0.0369551
0.0366818
0.0365891
0.0365906
0.0367286
0.0363171
0.036055
0.03596
0.0359605
0.0358598
0.0354855
0.0352391
0.0351421
0.0351407
0.0347879
0.0344562
0.0342292
0.034131
0.0341269
0.0335162
0.033231
0.0330268
0.0329277
0.03292
0.032055
0.0318189
0.0316393
0.0315395
0.0315266
0.0304229
0.0302365
0.0300816
0.029979
0.0299576
0.0286491
0.0285111
0.0283771
0.0282645
0.0282258
0.026782
0.0266881
0.0265638
0.0264234
0.0263465
0.0249014
0.0248422
0.0247116
0.0245136
0.0243606
0.0231087
0.0230722
0.0229448
0.0226789
0.0223196
0.0215904
0.0215684
0.0215389
0.0213754
0.0203469
0.0141681
0.0147607
0.016229
0.0173139
0.0181003
0.0187251
0.0192148
0.0195807
0.0198506
0.0200349
0.0200968
0.0201104
0.0200477
0.0199047
0.0196802
0.0193705
0.0189727
0.0184896
0.0179246
0.0172775
0.0165429
0.0158256
0.0150702
0.014292
0.0135111
0.0127402
0.0119889
0.0112718
0.0105989
0.00991596
0.0180777
0.0188734
0.0196731
0.0200739
0.0203027
0.0204439
0.0204997
0.0204792
0.0204112
0.0202929
0.0200831
0.0198959
0.0196904
0.0194694
0.0192316
0.0189678
0.0186656
0.018314
0.0179023
0.0174276
0.0169079
0.0162742
0.0156094
0.0149045
0.0141674
0.0134095
0.012639
0.0118703
0.0111435
0.0104387
0.0205582
0.0207418
0.0210567
0.0212105
0.0212862
0.0212943
0.0212229
0.0210826
0.0208948
0.0206239
0.0202742
0.0199389
0.0195756
0.0191952
0.0188039
0.0184014
0.0179844
0.0175477
0.0170857
0.0165936
0.0160702
0.0155151
0.0149346
0.0143281
0.0137004
0.0130576
0.0124006
0.0117403
0.0111635
0.0107465
0.022001
0.0217768
0.0219057
0.0219884
0.0219975
0.02193
0.0217811
0.0215676
0.0212982
0.0209039
0.0204576
0.0199981
0.0194965
0.0189693
0.0184286
0.0178819
0.0173348
0.0167903
0.0162491
0.01571
0.0151712
0.0146367
0.014103
0.0135672
0.0130291
0.012489
0.0119398
0.0113841
0.0109511
0.0108693
0.0230915
0.0227194
0.022766
0.022778
0.0227036
0.0225488
0.0223138
0.0220143
0.0216479
0.021138
0.0205956
0.0200159
0.0193888
0.0187343
0.0180677
0.0174022
0.016749
0.0161164
0.0155094
0.0149298
0.014377
0.0138501
0.0133459
0.0128595
0.0123871
0.011925
0.0114595
0.0109839
0.0106593
0.0108819
0.0240386
0.0236274
0.0236092
0.023541
0.0233808
0.0231394
0.0228182
0.022429
0.0219553
0.0213402
0.0206978
0.0200024
0.0192584
0.0184879
0.0177092
0.0169396
0.0161941
0.0154848
0.0148193
0.0142013
0.0136309
0.0131054
0.0126203
0.0121694
0.0117467
0.0113456
0.0109473
0.0105378
0.0103036
0.010799
0.0248764
0.0244714
0.024395
0.0242502
0.0240111
0.0236889
0.0232859
0.0228103
0.022224
0.0215151
0.0207726
0.0199673
0.0191135
0.0182348
0.0173523
0.0164866
0.0156559
0.0148747
0.014153
0.0134957
0.0129033
0.0123727
0.0118982
0.0114723
0.0110872
0.0107345
0.0103911
0.0100377
0.00988367
0.0106208
0.0256256
0.0252567
0.0251298
0.0249134
0.0246
0.0242002
0.0237191
0.0231591
0.0224597
0.0216671
0.0208246
0.0199142
0.0189564
0.0179758
0.0169961
0.0160405
0.0151297
0.0142803
0.0135038
0.0128063
0.0121887
0.0116476
0.0111765
0.0107667
0.0104094
0.0100945
0.0097951
0.00948867
0.00940564
0.0103508
0.0263081
0.0259967
0.0258256
0.0255403
0.025155
0.0246801
0.0241236
0.0234746
0.0226711
0.0217973
0.0208558
0.0198446
0.0187876
0.0177103
0.0166388
0.0155982
0.0146114
0.0136967
0.0128669
0.0121287
0.0114834
0.0109275
0.0104538
0.0100529
0.00971516
0.00942885
0.00916395
0.00889624
0.00887621
0.00999496
0.0269407
0.0267015
0.0264908
0.0261381
0.0256826
0.0251362
0.0245036
0.0237577
0.0228644
0.0219061
0.0208681
0.0197601
0.0186076
0.0174377
0.0162783
0.0151565
0.0140968
0.0131188
0.0122364
0.0114569
0.0107818
0.0102075
0.00972644
0.00932849
0.00900326
0.00873788
0.00849933
0.0082633
0.0082995
0.00955941
0.0275359
0.027379
0.0271322
0.0267126
0.0261872
0.0255713
0.0248623
0.0240155
0.0230427
0.0219969
0.0208643
0.019662
0.0184169
0.0171572
0.0159126
0.0147121
0.0135813
0.0125413
0.0116065
0.0107848
0.0100779
0.00948213
0.00898944
0.00858934
0.00827083
0.00801987
0.00780076
0.00759044
0.00767718
0.00904924
0.028104
0.0280363
0.0277565
0.0272694
0.0266742
0.0259909
0.025202
0.0242558
0.023208
0.0220726
0.0208466
0.0195517
0.0182155
0.0168678
0.0155397
0.0142618
0.013061
0.0119592
0.0109715
0.0101064
0.00936563
0.00874536
0.00823735
0.00783066
0.00751384
0.00727167
0.0070661
0.00687637
0.00700882
0.00846812
0.0286546
0.0286809
0.0283707
0.0278166
0.0271528
0.0263978
0.0255216
0.0244883
0.0233619
0.0221356
0.0208169
0.01943
0.0180034
0.0165683
0.0151574
0.0138024
0.0125315
0.0113673
0.0103258
0.00941554
0.00863856
0.00799089
0.00746403
0.00704673
0.0067271
0.00648879
0.00629155
0.00611798
0.00629195
0.00781789
0.0291974
0.0293194
0.0289815
0.0283601
0.0276273
0.026799
0.0258287
0.0247171
0.0235066
0.0221882
0.0207767
0.0192976
0.0177802
0.0162574
0.0147631
0.0133304
0.0119884
0.0107605
0.00966332
0.00870577
0.00788992
0.00721176
0.00666257
0.00623082
0.00590422
0.00566522
0.00547166
0.00531032
0.00552211
0.00709824
0.0297398
0.0299611
0.0295972
0.0289078
0.0281055
0.0271987
0.0261326
0.024945
0.0236456
0.0222335
0.0207278
0.0191548
0.0175453
0.0159332
0.0143541
0.0128419
0.0114268
0.0101331
0.00897774
0.00797007
0.00711226
0.00640024
0.0058251
0.00537505
0.00503743
0.00479347
0.00459923
0.00444645
0.0046928
0.0063065
0.030289
0.0306174
0.03023
0.0294722
0.0285932
0.0275972
0.0264445
0.0251752
0.0237822
0.0222738
0.0206714
0.019002
0.0172977
0.0155938
0.013927
0.0123326
0.0108415
0.00947879
0.00826195
0.00720068
0.00629726
0.00554759
0.00494257
0.00447021
0.00411747
0.00386429
0.00366511
0.00351738
0.00379526
0.00543728
0.0308553
0.0313007
0.0308913
0.0300619
0.0290998
0.0280049
0.0267712
0.0254113
0.0239202
0.0223118
0.0206087
0.018839
0.0170359
0.0152363
0.013478
0.0117973
0.0102262
0.00879036
0.00750787
0.00638874
0.0054354
0.00464372
0.00400446
0.00350544
0.00313324
0.00286643
0.00265797
0.00251169
0.00281828
0.00448218
0.0314553
0.0320246
0.0315949
0.0306842
0.0296292
0.0284372
0.0271174
0.0256585
0.0240636
0.0223499
0.0205407
0.0186652
0.016758
0.0148573
0.0130022
0.0112299
0.00957356
0.00805941
0.00670607
0.00552391
0.00451554
0.00367679
0.00299833
0.0024678
0.00207137
0.00178618
0.00156385
0.00141519
0.00174766
0.00342926
0.0321129
0.0327989
0.0323514
0.0313539
0.0301913
0.0289055
0.027488
0.0259221
0.0242166
0.0223904
0.0204678
0.0184794
0.016461
0.0144523
0.0124935
0.010623
0.00887473
0.00727576
0.00584522
0.00459383
0.00352435
0.00263264
0.00190923
0.00134165
0.000915622
0.000606759
0.000365464
0.000210149
0.000565565
0.00226237
0.0328467
0.0336431
0.0331786
0.0320833
0.0308038
0.0294188
0.0278917
0.0262093
0.024384
0.0224358
0.0203904
0.0182796
0.0161409
0.0140152
0.011944
0.00996691
0.00811857
0.00642686
0.00491143
0.00358336
0.00244556
0.00149392
0.000718871
0.000107793
-0.000354034
-0.000692618
-0.000958684
-0.00112559
-0.000750536
0.000960069
0.0336826
0.0345905
0.0340977
0.0328846
0.0314896
0.0299904
0.0283397
0.0265284
0.0245708
0.0224882
0.0203075
0.0180624
0.0157918
0.0135379
0.0113435
0.00924929
0.00729084
0.00549673
0.00388714
0.00247345
0.00125877
0.000238952
-0.000595648
-0.00125779
-0.0017627
-0.00213808
-0.00243571
-0.0026201
-0.00222938
-0.000505888
0.0346615
0.0356627
0.0351289
0.0337928
0.0322703
0.0306363
0.0288451
0.0268886
0.0247823
0.022549
0.0202174
0.0178226
0.0154053
0.013009
0.0106779
0.00845367
0.00637284
0.00446462
0.00274965
0.00123964
-6.21967e-05
-0.00116002
-0.00206359
-0.0027858
-0.00334246
-0.00376307
-0.00410038
-0.00430944
-0.00390815
-0.00217295
0.0358299
0.0369047
0.0363127
0.0348451
0.0331698
0.0313771
0.0294235
0.0273003
0.0250238
0.0226187
0.0201157
0.0175517
0.0149688
0.0124124
0.00992776
0.00755764
0.00533935
0.00330273
0.00146881
-0.00015047
-0.00155183
-0.00273948
-0.00372332
-0.00451645
-0.0051353
-0.00561131
-0.00599813
-0.00624086
-0.00583588
-0.00409143
0.0372556
0.0383768
0.0377097
0.0360826
0.0342213
0.0322399
0.0300948
0.0277757
0.0253004
0.0226959
0.0199949
0.0172362
0.014464
0.0117248
0.00906555
0.00652972
0.00415539
0.00197283
3.35173e-06
-0.00174098
-0.0032569
-0.00454876
-0.00562665
-0.00650389
-0.00719769
-0.0077415
-0.00818989
-0.00847767
-0.00807872
-0.0063303
0.0390515
0.0401731
0.0393916
0.0375601
0.0354711
0.0332603
0.0308833
0.0283289
0.0256164
0.0227754
0.0198412
0.0168548
0.0138621
0.0109115
0.00805076
0.00532438
0.00277079
0.00042051
-0.00170507
-0.00359396
-0.00524303
-0.00665685
-0.00784577
-0.00882344
-0.00960793
-0.0102349
-0.0107597
-0.0111072
-0.0107286
-0.00898707
0.0413448
0.0424171
0.0414582
0.0393611
0.0369855
0.0344876
0.031822
0.0289769
0.0259741
0.022846
0.0196309
0.0163724
0.0131184
0.00991868
0.006822
0.00387324
0.00111091
-0.00143466
-0.00374234
-0.00580042
-0.00760608
-0.00916421
-0.0104855
-0.0115839
-0.0124786
-0.0132074
-0.0138268
-0.0142524
-0.0139157
-0.0122022
0.0443913
0.0453028
0.0440655
0.0416128
0.038864
0.0359933
0.0329555
0.0297394
0.0263698
0.0228832
0.019321
0.0157298
0.0121594
0.00866072
0.00528282
0.00207024
-0.000939246
-0.00371617
-0.00624023
-0.00850037
-0.0104942
-0.012227
-0.0137095
-0.0149563
-0.0159871
-0.0168419
-0.017578
-0.0181051
-0.0178435
-0.0161989
0.0485735
0.0491125
0.0474214
0.0444759
0.0412279
0.0378607
0.0343307
0.0306291
0.0267851
0.0228401
0.0188396
0.0148334
0.0108731
0.00700994
0.00329235
-0.000236813
-0.00354186
-0.00659547
-0.00937913
-0.011883
-0.014106
-0.0160536
-0.0177367
-0.0191699
-0.0203738
-0.0213887
-0.022272
-0.0229338
-0.0228058
-0.0213155
0.0547637
0.0545556
0.0521194
0.0484732
0.0445197
0.0404312
0.0361765
0.0317608
0.027225
0.0226199
0.0179986
0.013415
0.00892224
0.00457054
0.000405108
-0.00353541
-0.00721991
-0.0106252
-0.0137354
-0.0165412
-0.0190446
-0.0212643
-0.0231962
-0.0248548
-0.0262612
-0.0274536
-0.0284851
-0.0292812
-0.0293498
-0.0281804
0.0655711
0.0636762
0.0596854
0.0548087
0.0496912
0.0444292
0.0390193
0.033497
0.0279201
0.0223491
0.0168413
0.0114498
0.00622242
0.00120053
-0.00358152
-0.00809636
-0.0123232
-0.0162473
-0.0198604
-0.0231602
-0.0261428
-0.0287961
-0.0311457
-0.0332
-0.0349701
-0.0364816
-0.0377798
-0.0388539
-0.0394082
-0.0388884
0.0178345
0.018772
0.0205194
0.0219008
0.0230542
0.0241262
0.0251505
0.026136
0.0270927
0.0280301
0.0289564
0.0298793
0.0308071
0.0317482
0.0327111
0.0337061
0.0347461
0.0358474
0.0370288
0.0383118
0.039724
0.0413048
0.0431019
0.045181
0.0476311
0.0505874
0.0542352
0.0587873
0.0644713
0.0718084
0.0221543
0.0231294
0.0242536
0.0251886
0.0260215
0.0268141
0.027578
0.0283174
0.0290397
0.0297528
0.0304648
0.0311836
0.0319175
0.0326756
0.0334673
0.0343044
0.0352007
0.0361732
0.037242
0.038432
0.0397755
0.0413157
0.0431091
0.045234
0.0477999
0.0509696
0.0549775
0.0601456
0.0669614
0.0760131
0.0244614
0.0253296
0.0261715
0.0269218
0.0276491
0.0283698
0.0290809
0.0297832
0.0304817
0.0311821
0.0318906
0.0326137
0.0333589
0.0341342
0.0349492
0.0358154
0.0367467
0.0377604
0.0388779
0.0401261
0.0415403
0.0431674
0.0450704
0.0473366
0.0500899
0.0535098
0.0578622
0.063526
0.0711522
0.0814323
0.026473
0.0272325
0.0279592
0.0286301
0.0292936
0.0299598
0.0306276
0.0312998
0.0319814
0.0326778
0.0333948
0.0341385
0.034916
0.0357354
0.0366062
0.0375402
0.0385516
0.0396584
0.0408827
0.0422531
0.0438073
0.0455948
0.047683
0.050165
0.0531723
0.0568942
0.0616114
0.0677194
0.0759602
0.0870715
0.0283501
0.0290169
0.0296543
0.0302544
0.0308582
0.0314757
0.0321078
0.032757
0.0334276
0.0341244
0.0348525
0.0356179
0.0364274
0.0372893
0.0382134
0.0392117
0.0402991
0.0414944
0.0428211
0.0443093
0.0459988
0.047942
0.0502097
0.0528997
0.0561491
0.0601549
0.0652078
0.0717141
0.0804996
0.0923596
0.0300639
0.0306489
0.0312106
0.0317513
0.032308
0.0328897
0.0334969
0.0341319
0.0347981
0.0354999
0.0362421
0.0370304
0.0378715
0.0387737
0.039747
0.0408039
0.0419596
0.0432337
0.0446507
0.0462423
0.0480498
0.0501282
0.0525513
0.0554205
0.0588779
0.0631271
0.0684682
0.0753209
0.0845923
0.0971601
0.0316118
0.0321238
0.0326213
0.0331137
0.0336337
0.0341886
0.0347785
0.0354052
0.0360718
0.0367822
0.0375407
0.038353
0.0392257
0.0401669
0.0411869
0.0422982
0.0435167
0.0448623
0.0463606
0.0480442
0.0499561
0.0521528
0.0547107
0.0577343
0.0613696
0.0658257
0.0714118
0.0785609
0.0882466
0.101443
0.032989
0.0334353
0.033878
0.0343309
0.0348221
0.0353569
0.0359349
0.0365577
0.0372278
0.0379486
0.0387244
0.0395604
0.0404631
0.0414407
0.0425036
0.0436644
0.0449395
0.0463491
0.0479195
0.0496844
0.0516877
0.0539875
0.056662
0.059818
0.063605
0.0682366
0.0740295
0.0814291
0.0914541
0.105182
0.0341871
0.0345745
0.0349706
0.0353917
0.0358606
0.0363805
0.0369508
0.0375725
0.0382478
0.0389797
0.0397722
0.0406302
0.0415602
0.0425705
0.0436713
0.0448757
0.0462
0.0476652
0.0492978
0.0511323
0.0532136
0.0556009
0.0583739
0.0616413
0.0655552
0.0703328
0.0762974
0.0839045
0.0941978
0.108364
0.035199
0.0355347
0.0358923
0.0362883
0.0367402
0.0372494
0.0378148
0.0384372
0.0391183
0.0398608
0.0406684
0.041546
0.0424998
0.0435382
0.0446714
0.0459126
0.0472784
0.0487901
0.0504746
0.052367
0.0545128
0.0569722
0.0598259
0.0631843
0.0672014
0.0720973
0.0782007
0.0859756
0.0964729
0.110994
0.0360219
0.0363138
0.0366404
0.0370173
0.0374566
0.0379582
0.0385209
0.0391448
0.0398315
0.0405834
0.041404
0.0422979
0.0432716
0.044333
0.0454927
0.0467639
0.0481633
0.0497125
0.0514387
0.0533774
0.0555747
0.0580913
0.0610091
0.0644393
0.0685376
0.0735263
0.0797384
0.0876448
0.0982896
0.113093
0.036658
0.0369144
0.0372176
0.0375805
0.0380108
0.0385072
0.0390683
0.039694
0.0403856
0.0411452
0.0419762
0.0428831
0.0438723
0.0449518
0.046132
0.0474264
0.0488517
0.0504296
0.0521878
0.0541618
0.0563982
0.0589584
0.0619245
0.065409
0.0695685
0.0746268
0.0809203
0.0889256
0.0996701
0.114693
0.0371143
0.0373444
0.0376309
0.0379843
0.0384085
0.0389015
0.0394618
0.0400892
0.0407846
0.04155
0.0423886
0.0433051
0.0443055
0.0453981
0.0465931
0.0479041
0.049348
0.0509465
0.0527274
0.0547266
0.0569909
0.0595819
0.0625824
0.0661051
0.0703078
0.0754151
0.0817657
0.0898408
0.100645
0.115836
0.0374026
0.0376156
0.0378916
0.0382391
0.0386597
0.0391508
0.0397108
0.0403393
0.0410373
0.0418065
0.0426502
0.0435728
0.0445805
0.0456814
0.0468859
0.0482075
0.0496632
0.0512748
0.0530702
0.0550854
0.0573672
0.0599778
0.0629999
0.0665468
0.0707766
0.0759146
0.0823011
0.0904199
0.101252
0.116565
0.037538
0.0377427
0.0380137
0.0383586
0.0387776
0.0392678
0.0398277
0.0404569
0.0411562
0.0419273
0.0427734
0.043699
0.0447102
0.0458151
0.0470242
0.0483509
0.0498123
0.0514301
0.0532324
0.0552552
0.0575455
0.0601654
0.0631978
0.0667563
0.070999
0.0761515
0.0825551
0.0906946
0.101534
0.116917
0.037538
0.0377427
0.0380137
0.0383586
0.0387776
0.0392678
0.0398277
0.0404569
0.0411562
0.0419273
0.0427734
0.043699
0.0447102
0.0458151
0.0470242
0.0483509
0.0498123
0.0514301
0.0532324
0.0552552
0.0575455
0.0601653
0.0631978
0.0667562
0.070999
0.0761515
0.0825551
0.0906946
0.101534
0.116917
0.0374026
0.0376156
0.0378916
0.0382391
0.0386597
0.0391508
0.0397108
0.0403393
0.0410373
0.0418065
0.0426502
0.0435728
0.0445805
0.0456814
0.0468859
0.0482075
0.0496632
0.0512748
0.0530701
0.0550853
0.0573672
0.0599777
0.0629998
0.0665467
0.0707765
0.0759144
0.0823009
0.0904197
0.101252
0.116564
0.0371143
0.0373444
0.0376309
0.0379843
0.0384085
0.0389015
0.0394618
0.0400892
0.0407845
0.04155
0.0423886
0.0433051
0.0443055
0.045398
0.0465931
0.047904
0.0493479
0.0509464
0.0527273
0.0547265
0.0569908
0.0595818
0.0625822
0.066105
0.0703076
0.0754148
0.0817654
0.0898404
0.100645
0.115835
0.036658
0.0369144
0.0372175
0.0375805
0.0380108
0.0385072
0.0390683
0.039694
0.0403856
0.0411452
0.0419762
0.0428831
0.0438722
0.0449517
0.0461319
0.0474263
0.0488516
0.0504295
0.0521876
0.0541616
0.056398
0.0589581
0.0619243
0.0654087
0.0695682
0.0746265
0.0809199
0.0889251
0.0996696
0.114693
0.0360219
0.0363137
0.0366404
0.0370173
0.0374566
0.0379582
0.0385208
0.0391448
0.0398315
0.0405834
0.0414039
0.0422979
0.0432715
0.0443329
0.0454926
0.0467638
0.0481632
0.0497123
0.0514385
0.0533772
0.0555744
0.0580911
0.0610088
0.0644389
0.0685372
0.0735259
0.0797378
0.0876442
0.0982889
0.113092
0.035199
0.0355347
0.0358922
0.0362883
0.0367402
0.0372494
0.0378148
0.0384372
0.0391183
0.0398608
0.0406684
0.0415459
0.0424997
0.0435381
0.0446712
0.0459124
0.0472782
0.0487899
0.0504744
0.0523668
0.0545125
0.0569719
0.0598255
0.0631839
0.0672009
0.0720968
0.0782001
0.0859749
0.096472
0.110993
0.034187
0.0345745
0.0349706
0.0353917
0.0358606
0.0363805
0.0369508
0.0375725
0.0382478
0.0389797
0.0397721
0.0406301
0.0415601
0.0425704
0.0436712
0.0448755
0.0461998
0.0476649
0.0492975
0.051132
0.0532133
0.0556005
0.0583735
0.0616408
0.0655546
0.0703321
0.0762966
0.0839036
0.0941967
0.108363
0.032989
0.0334353
0.033878
0.0343308
0.0348221
0.0353569
0.0359349
0.0365576
0.0372277
0.0379486
0.0387243
0.0395603
0.040463
0.0414406
0.0425034
0.0436642
0.0449392
0.0463489
0.0479192
0.0496841
0.0516873
0.053987
0.0566615
0.0598174
0.0636044
0.0682358
0.0740287
0.0814281
0.0914528
0.10518
0.0316118
0.0321237
0.0326213
0.0331136
0.0336337
0.0341886
0.0347785
0.0354051
0.0360717
0.0367821
0.0375407
0.0383529
0.0392256
0.0401668
0.0411867
0.042298
0.0435164
0.044862
0.0463602
0.0480438
0.0499556
0.0521523
0.0547102
0.0577336
0.0613689
0.0658249
0.0714108
0.0785598
0.0882452
0.101441
0.0300639
0.0306489
0.0312106
0.0317513
0.032308
0.0328897
0.0334969
0.0341318
0.0347981
0.0354999
0.036242
0.0370303
0.0378714
0.0387736
0.0397469
0.0408037
0.0419594
0.0432334
0.0446504
0.0462419
0.0480494
0.0501277
0.0525507
0.0554198
0.0588771
0.0631261
0.0684671
0.0753196
0.0845908
0.0971582
0.02835
0.0290169
0.0296543
0.0302543
0.0308581
0.0314757
0.0321077
0.0327569
0.0334276
0.0341244
0.0348525
0.0356178
0.0364273
0.0372892
0.0382132
0.0392114
0.0402989
0.0414941
0.0428207
0.0443089
0.0459983
0.0479414
0.0502091
0.0528989
0.0561482
0.0601539
0.0652066
0.0717127
0.080498
0.0923575
0.026473
0.0272324
0.0279592
0.0286301
0.0292936
0.0299598
0.0306276
0.0312998
0.0319814
0.0326778
0.0333947
0.0341384
0.0349159
0.0357352
0.036606
0.03754
0.0385514
0.0396581
0.0408823
0.0422527
0.0438067
0.0455942
0.0476823
0.0501643
0.0531714
0.0568931
0.0616102
0.0677179
0.0759584
0.0870692
0.0244613
0.0253296
0.0261715
0.0269218
0.0276491
0.0283698
0.0290809
0.0297832
0.0304817
0.0311821
0.0318905
0.0326137
0.0333588
0.0341341
0.0349491
0.0358152
0.0367464
0.0377601
0.0388775
0.0401257
0.0415398
0.0431668
0.0450697
0.0473358
0.050089
0.0535086
0.0578609
0.0635244
0.0711502
0.0814299
0.0221542
0.0231293
0.0242536
0.0251886
0.0260215
0.0268141
0.027578
0.0283174
0.0290397
0.0297528
0.0304648
0.0311835
0.0319175
0.0326755
0.0334672
0.0343042
0.0352005
0.0361729
0.0372417
0.0384316
0.039775
0.0413151
0.0431084
0.0452332
0.0477989
0.0509684
0.0549762
0.0601441
0.0669594
0.0760106
0.0178343
0.0187718
0.0205193
0.0219007
0.0230541
0.0241261
0.0251504
0.0261359
0.0270926
0.02803
0.0289563
0.0298792
0.0308069
0.031748
0.0327109
0.0337059
0.0347459
0.0358471
0.0370285
0.0383114
0.0397235
0.0413043
0.0431012
0.0451802
0.0476302
0.0505863
0.0542339
0.0587858
0.0644693
0.0718058
0.0655683
0.0636734
0.0596826
0.0548058
0.0496883
0.0444263
0.0390164
0.0334941
0.0279173
0.0223463
0.0168385
0.0114471
0.00621977
0.00119798
-0.00358397
-0.00809868
-0.0123254
-0.0162493
-0.0198623
-0.023162
-0.0261444
-0.0287976
-0.031147
-0.0332013
-0.0349713
-0.0364827
-0.0377808
-0.0388547
-0.039409
-0.0388891
0.0547615
0.0545534
0.0521172
0.048471
0.0445174
0.0404288
0.0361741
0.0317584
0.0272226
0.0226175
0.0179963
0.0134127
0.00892002
0.00456839
0.000403049
-0.00353737
-0.00722176
-0.0106269
-0.013737
-0.0165427
-0.019046
-0.0212656
-0.0231974
-0.0248558
-0.0262622
-0.0274545
-0.0284859
-0.0292819
-0.0293505
-0.0281811
0.0485718
0.0491107
0.0474196
0.0444741
0.041226
0.0378588
0.0343288
0.0306271
0.0267832
0.0228381
0.0188377
0.0148315
0.0108712
0.00700812
0.0032906
-0.000238478
-0.00354343
-0.00659696
-0.00938052
-0.0118843
-0.0141071
-0.0160547
-0.0177377
-0.0191709
-0.0203746
-0.0213895
-0.0222727
-0.0229344
-0.0228064
-0.0213161
0.0443898
0.0453013
0.044064
0.0416112
0.0388624
0.0359916
0.0329538
0.0297377
0.0263681
0.0228815
0.0193194
0.0157282
0.0121578
0.00865916
0.00528132
0.0020688
-0.000940601
-0.00371744
-0.00624141
-0.00850147
-0.0104953
-0.0122279
-0.0137104
-0.0149571
-0.0159878
-0.0168425
-0.0175785
-0.0181056
-0.017844
-0.0161995
0.0413435
0.0424159
0.0414569
0.0393597
0.0369841
0.0344862
0.0318206
0.0289755
0.0259726
0.0228446
0.0196295
0.016371
0.013117
0.00991733
0.0068207
0.003872
0.00110974
-0.00143575
-0.00374336
-0.00580136
-0.00760694
-0.009165
-0.0104862
-0.0115846
-0.0124792
-0.0132079
-0.0138273
-0.0142529
-0.0139161
-0.0122027
0.0390504
0.0401721
0.0393905
0.037559
0.0354699
0.0332591
0.0308821
0.0283276
0.0256152
0.0227742
0.0198399
0.0168535
0.0138609
0.0109103
0.00804964
0.00532331
0.00276978
0.000419568
-0.00170595
-0.00359476
-0.00524376
-0.00665751
-0.00784637
-0.00882398
-0.00960841
-0.0102353
-0.0107601
-0.0111075
-0.0107289
-0.00898743
0.0372547
0.038376
0.0377088
0.0360817
0.0342203
0.0322389
0.0300937
0.0277746
0.0252994
0.0226948
0.0199938
0.0172351
0.0144629
0.0117238
0.00906457
0.0065288
0.00415452
0.00197202
2.60455e-06
-0.00174166
-0.00325752
-0.00454932
-0.00562714
-0.00650433
-0.00719807
-0.00774184
-0.00819019
-0.00847792
-0.00807896
-0.00633059
0.0358291
0.0369039
0.036312
0.0348443
0.0331689
0.0313762
0.0294226
0.0272994
0.0250229
0.0226178
0.0201147
0.0175507
0.0149679
0.0124115
0.00992691
0.00755684
0.0053386
0.00330203
0.00146817
-0.000151048
-0.00155234
-0.00273994
-0.00372373
-0.00451681
-0.00513561
-0.00561158
-0.00599836
-0.00624105
-0.00583606
-0.00409166
0.0346609
0.0356621
0.0351282
0.0337921
0.0322696
0.0306355
0.0288443
0.0268878
0.0247815
0.0225482
0.0202165
0.0178218
0.0154045
0.0130082
0.0106772
0.00845298
0.00637219
0.00446402
0.00274911
0.00123916
-6.26293e-05
-0.0011604
-0.00206392
-0.00278608
-0.0033427
-0.00376328
-0.00410055
-0.00430958
-0.00390828
-0.00217312
0.0336821
0.03459
0.0340971
0.032884
0.031489
0.0299897
0.028339
0.0265277
0.0245701
0.0224875
0.0203068
0.0180617
0.0157911
0.0135372
0.0113429
0.00924869
0.00729029
0.00549623
0.00388668
0.00247305
0.00125841
0.000238644
-0.000595911
-0.00125801
-0.00176288
-0.00213823
-0.00243583
-0.00262019
-0.00222946
-0.000506003
0.0328463
0.0336427
0.0331781
0.0320828
0.0308033
0.0294183
0.0278911
0.0262087
0.0243834
0.0224352
0.0203897
0.018279
0.0161403
0.0140146
0.0119435
0.0099664
0.0081181
0.00642643
0.00491105
0.00358302
0.00244528
0.00149368
0.000718669
0.000107628
-0.000354165
-0.00069272
-0.000958759
-0.00112564
-0.000750581
0.00096
0.0321125
0.0327985
0.032351
0.0313535
0.0301909
0.0289051
0.0274875
0.0259216
0.0242161
0.0223899
0.0204673
0.0184788
0.0164605
0.0144518
0.012493
0.0106226
0.00887434
0.00727541
0.00584492
0.00459357
0.00352413
0.00263246
0.00190909
0.00134153
0.000915537
0.0006067
0.000365427
0.000210131
0.000565554
0.00226234
0.0314551
0.0320243
0.0315946
0.0306839
0.0296289
0.0284368
0.027117
0.0256581
0.0240632
0.0223494
0.0205402
0.0186647
0.0167576
0.0148569
0.0130018
0.0112296
0.00957324
0.00805912
0.00670582
0.00552371
0.00451537
0.00367666
0.00299823
0.00246772
0.00207133
0.00178616
0.00156385
0.0014152
0.00174768
0.00342927
0.0308551
0.0313005
0.0308911
0.0300616
0.0290995
0.0280046
0.0267709
0.0254109
0.0239198
0.0223114
0.0206083
0.0188386
0.0170356
0.0152359
0.0134777
0.011797
0.0102259
0.00879014
0.00750768
0.00638859
0.00543528
0.00464363
0.0040044
0.00350541
0.00313323
0.00286644
0.002658
0.00251173
0.00281832
0.00448222
0.0302889
0.0306172
0.0302298
0.029472
0.028593
0.027597
0.0264443
0.0251749
0.023782
0.0222735
0.0206711
0.0190017
0.0172974
0.0155935
0.0139268
0.0123323
0.0108413
0.00947862
0.00826182
0.00720058
0.00629719
0.00554755
0.00494255
0.00447021
0.0041175
0.00386433
0.00366516
0.00351744
0.00379532
0.00543735
0.0297397
0.029961
0.029597
0.0289076
0.0281053
0.0271985
0.0261323
0.0249448
0.0236453
0.0222332
0.0207275
0.0191546
0.0175451
0.015933
0.0143539
0.0128417
0.0114267
0.010133
0.00897766
0.00797002
0.00711223
0.00640024
0.00582512
0.00537509
0.00503749
0.00479354
0.0045993
0.00444653
0.00469288
0.00630659
0.0291974
0.0293193
0.0289814
0.02836
0.0276272
0.0267989
0.0258286
0.0247169
0.0235064
0.0221881
0.0207765
0.0192974
0.01778
0.0162572
0.014763
0.0133303
0.0119883
0.0107605
0.00966328
0.00870575
0.00788993
0.00721179
0.00666263
0.00623089
0.0059043
0.00566531
0.00547176
0.00531041
0.00552221
0.00709836
0.0286546
0.0286809
0.0283706
0.0278165
0.0271527
0.0263977
0.0255215
0.0244881
0.0233618
0.0221355
0.0208168
0.0194299
0.0180033
0.0165682
0.0151573
0.0138023
0.0125315
0.0113673
0.0103258
0.00941557
0.00863861
0.00799096
0.00746412
0.00704683
0.00672721
0.0064889
0.00629166
0.00611809
0.00629205
0.00781802
0.0281041
0.0280363
0.0277565
0.0272694
0.0266741
0.0259908
0.025202
0.0242558
0.0232079
0.0220726
0.0208466
0.0195517
0.0182155
0.0168677
0.0155397
0.0142618
0.013061
0.0119592
0.0109715
0.0101065
0.00936572
0.00874546
0.00823746
0.00783078
0.00751397
0.0072718
0.00706622
0.00687649
0.00700893
0.00846827
0.027536
0.027379
0.0271322
0.0267126
0.0261872
0.0255713
0.0248623
0.0240155
0.0230427
0.0219969
0.0208643
0.019662
0.0184169
0.0171572
0.0159126
0.0147121
0.0135814
0.0125414
0.0116066
0.0107849
0.0100781
0.00948226
0.00898958
0.00858948
0.00827098
0.00802001
0.0078009
0.00759057
0.00767731
0.00904939
0.0269408
0.0267015
0.0264908
0.0261381
0.0256826
0.0251363
0.0245037
0.0237577
0.0228644
0.0219061
0.0208682
0.0197601
0.0186077
0.0174378
0.0162783
0.0151566
0.0140969
0.0131189
0.0122365
0.011457
0.010782
0.0102077
0.00972661
0.00932866
0.00900343
0.00873804
0.00849948
0.00826344
0.00829963
0.00955956
0.0263082
0.0259967
0.0258257
0.0255404
0.0251551
0.0246802
0.0241237
0.0234747
0.0226712
0.0217974
0.0208559
0.0198447
0.0187877
0.0177105
0.0166389
0.0155983
0.0146116
0.0136969
0.0128671
0.0121289
0.0114836
0.0109277
0.010454
0.0100531
0.00971534
0.00942902
0.00916411
0.00889638
0.00887634
0.00999511
0.0256257
0.0252567
0.0251299
0.0249135
0.0246001
0.0242002
0.0237192
0.0231592
0.0224599
0.0216672
0.0208247
0.0199144
0.0189566
0.017976
0.0169963
0.0160407
0.0151299
0.0142805
0.013504
0.0128065
0.0121889
0.0116478
0.0111767
0.0107669
0.0104096
0.0100946
0.00979527
0.00948881
0.00940576
0.0103509
0.0248765
0.0244715
0.0243951
0.0242503
0.0240112
0.023689
0.023286
0.0228105
0.0222242
0.0215153
0.0207728
0.0199675
0.0191137
0.018235
0.0173525
0.0164868
0.0156561
0.014875
0.0141533
0.0134959
0.0129035
0.012373
0.0118985
0.0114725
0.0110874
0.0107347
0.0103913
0.0100379
0.00988379
0.0106209
0.0240387
0.0236275
0.0236092
0.0235411
0.0233809
0.0231396
0.0228183
0.0224292
0.0219556
0.0213404
0.020698
0.0200026
0.0192587
0.0184882
0.0177095
0.0169399
0.0161945
0.0154851
0.0148196
0.0142016
0.0136312
0.0131057
0.0126206
0.0121697
0.0117469
0.0113457
0.0109475
0.0105379
0.0103037
0.0107991
0.0230916
0.0227195
0.022766
0.0227781
0.0227038
0.022549
0.022314
0.0220145
0.0216482
0.0211383
0.0205959
0.0200162
0.0193892
0.0187346
0.018068
0.0174026
0.0167494
0.0161167
0.0155098
0.0149301
0.0143773
0.0138504
0.0133462
0.0128597
0.0123873
0.0119252
0.0114597
0.010984
0.0106594
0.010882
0.022001
0.0217768
0.0219057
0.0219885
0.0219976
0.0219302
0.0217813
0.0215678
0.0212985
0.0209042
0.0204579
0.0199985
0.0194968
0.0189697
0.018429
0.0178823
0.0173353
0.0167907
0.0162495
0.0157104
0.0151716
0.014637
0.0141033
0.0135675
0.0130293
0.0124892
0.01194
0.0113842
0.0109512
0.0108693
0.0205582
0.0207418
0.0210567
0.0212106
0.0212864
0.0212945
0.0212231
0.0210829
0.0208951
0.0206242
0.0202746
0.0199393
0.019576
0.0191957
0.0188044
0.0184019
0.0179849
0.0175482
0.0170862
0.016594
0.0160706
0.0155154
0.0149349
0.0143284
0.0137007
0.0130578
0.0124008
0.0117404
0.0111635
0.0107466
0.0180775
0.0188733
0.0196731
0.0200739
0.0203028
0.0204441
0.0205
0.0204795
0.0204115
0.0202933
0.0200835
0.0198963
0.0196909
0.0194699
0.0192321
0.0189683
0.0186661
0.0183145
0.0179028
0.0174281
0.0169082
0.0162747
0.0156098
0.0149048
0.0141676
0.0134097
0.0126392
0.0118704
0.0111435
0.0104386
0.0141676
0.0147603
0.0162287
0.0173137
0.0181002
0.0187252
0.019215
0.0195809
0.0198509
0.0200353
0.0200972
0.0201109
0.0200482
0.0199053
0.0196808
0.0193711
0.0189733
0.0184902
0.0179251
0.017278
0.0165435
0.015826
0.0150706
0.0142923
0.0135113
0.0127404
0.011989
0.0112719
0.0105989
0.00991586
-0.0405661
-0.0326233
-0.0266256
-0.0217553
-0.0177352
-0.0143885
-0.0115653
-0.00915611
-0.0070779
-0.0052674
-0.00367595
-0.0022656
-0.00100632
0.000125926
0.00115063
0.00208376
0.00293845
0.00372549
0.00445365
0.00512977
0.00575881
0.00634375
0.00688549
0.00738271
0.00783153
0.00822363
0.00854904
0.00880541
0.00899428
0.00904027
-0.0407172
-0.0326472
-0.0263548
-0.0213546
-0.0172587
-0.0138568
-0.0109877
-0.00853671
-0.0064191
-0.00457126
-0.00294478
-0.00150238
-0.000215076
0.000939827
0.0019801
0.00291958
0.00376896
0.00453626
0.00522731
0.0058461
0.00639506
0.00687536
0.0072872
0.0076301
0.00790288
0.00810335
0.00822977
0.00830348
0.00841825
0.00861623
-0.0415408
-0.0336201
-0.0273119
-0.0223066
-0.0181973
-0.0147772
-0.0118881
-0.00941692
-0.00728036
-0.00541574
-0.00377527
-0.00232199
-0.00102696
0.000132628
0.00117488
0.00211418
0.00296192
0.00372707
0.00441653
0.00503552
0.00558774
0.00607567
0.00650068
0.00686346
0.00716375
0.007398
0.00755662
0.00765412
0.00782092
0.0082131
-0.0425418
-0.0349231
-0.0287298
-0.0237671
-0.0196517
-0.0162009
-0.0132693
-0.0107507
-0.00856548
-0.00665324
-0.00496748
-0.0034719
-0.00213793
-0.000942801
0.000131659
0.00110005
0.0019741
0.00276318
0.00347473
0.00411455
0.00468709
0.0051956
0.00564239
0.00602925
0.00635743
0.00662438
0.00681864
0.00695088
0.00717071
0.00772741
-0.0434495
-0.0360844
-0.0300118
-0.0250992
-0.0209851
-0.0175087
-0.0145377
-0.0119727
-0.00973869
-0.00777778
-0.00604499
-0.00450496
-0.00312955
-0.00189625
-0.00078692
0.000213143
0.00111585
0.00193085
0.00266593
0.00332733
0.00391995
0.0044476
0.00491315
0.00531901
0.00566725
0.00595633
0.00617465
0.00633032
0.00657871
0.0072273
-0.0442287
-0.0370462
-0.0310819
-0.0262217
-0.0221204
-0.0186325
-0.0156357
-0.0130372
-0.0107659
-0.00876652
-0.00699557
-0.00541871
-0.0040084
-0.00274245
-0.00160285
-0.000574917
0.000353366
0.00119183
0.0019485
0.00262993
0.0032414
0.00378714
0.00427048
0.00469426
0.00506112
0.00537034
0.00561092
0.00578834
0.00605231
0.00673584
-0.0448954
-0.0378519
-0.0319888
-0.0271813
-0.0231003
-0.0196108
-0.0165989
-0.013977
-0.0116776
-0.00964778
-0.0078457
-0.006238
-0.00479779
-0.00350329
-0.0023367
-0.00128344
-0.000331472
0.000529103
0.00130647
0.00200739
0.00263741
0.00320103
0.00370193
0.0041433
0.00452812
0.00485651
0.0051187
0.00531796
0.00558993
0.00626445
-0.0454588
-0.0385261
-0.032758
-0.0280003
-0.0239422
-0.0204567
-0.017436
-0.0147974
-0.0124763
-0.010422
-0.00859413
-0.00696031
-0.00549431
-0.00417478
-0.00298418
-0.00190805
-0.000934435
-5.33921e-05
0.000743346
0.00146266
0.00211028
0.00269094
0.00320854
0.00366652
0.00406811
0.00441415
0.00469665
0.00491714
0.00519183
0.00582509
-0.0459249
-0.0390799
-0.0333987
-0.0286856
-0.0246503
-0.0211715
-0.0181464
-0.0154959
-0.0131583
-0.0110846
-0.00923579
-0.00758037
-0.00609272
-0.00475189
-0.00354062
-0.00244461
-0.00145197
-0.000552779
0.000261278
0.000997164
0.00166073
0.00225686
0.00278967
0.00326273
0.00367944
0.00404129
0.00434232
0.0045829
0.00485708
0.00542855
-0.0463012
-0.0395232
-0.033919
-0.0292441
-0.0252298
-0.0217587
-0.018732
-0.0160735
-0.0137236
-0.011635
-0.00976974
-0.00809701
-0.00659177
-0.00523345
-0.00400503
-0.00289237
-0.00188366
-0.000969015
-0.000140112
0.000610068
0.00128745
0.00189706
0.00244312
0.00292935
0.00335921
0.00373475
0.00405208
0.00431101
0.00458321
0.00508317
-0.0465964
-0.0398668
-0.0343285
-0.0296847
-0.0256887
-0.0222252
-0.0191984
-0.0165347
-0.0141761
-0.0120763
-0.0101984
-0.00851229
-0.00699325
-0.00562107
-0.00437895
-0.00325289
-0.00223116
-0.00130391
-0.000462832
0.00029913
0.000987958
0.00160875
0.00216584
0.00266304
0.00310385
0.00349075
0.00382179
0.00409672
0.00436668
0.00479473
-0.0468196
-0.0401216
-0.0346374
-0.0300176
-0.0260363
-0.0225794
-0.0195535
-0.0168865
-0.0145217
-0.0124139
-0.0105267
-0.0088306
-0.0073012
-0.00591853
-0.00466597
-0.00352964
-0.00249788
-0.00156089
-0.00071034
6.08138e-05
0.000758597
0.00138816
0.00195393
0.00245977
0.0029092
0.00330503
0.00364693
0.00393502
0.00420319
0.00456636
-0.0469797
-0.0402982
-0.0348562
-0.0302533
-0.0262829
-0.0228312
-0.0198062
-0.0171371
-0.0147682
-0.012655
-0.0107614
-0.00905827
-0.00752157
-0.00613148
-0.00487149
-0.00372782
-0.00268887
-0.00174485
-0.000887474
-0.000109667
0.000594612
0.00123055
0.00180263
0.00231477
0.0027705
0.00317281
0.00352267
0.00382072
0.00408787
0.00439875
-0.0470844
-0.0404066
-0.0349948
-0.0304025
-0.0264391
-0.0229908
-0.0199665
-0.0172963
-0.0149249
-0.0128082
-0.0109106
-0.00920309
-0.00766178
-0.00626699
-0.00500229
-0.00385395
-0.00281042
-0.00186192
-0.00100018
-0.000218111
0.000490332
0.00113036
0.0017065
0.00222268
0.00268246
0.00308893
0.00344391
0.00374859
0.00401543
0.00429034
-0.0471375
-0.0404563
-0.0350612
-0.030474
-0.0265139
-0.0230673
-0.0200433
-0.0173725
-0.0149999
-0.0128816
-0.0109821
-0.00927247
-0.00772896
-0.00633191
-0.00506495
-0.00391437
-0.00286864
-0.001918
-0.00105415
-0.000270043
0.000440399
0.0010824
0.00166048
0.00217861
0.00264033
0.0030488
0.00340623
0.00371417
0.00398107
0.00423822
-0.0471375
-0.0404563
-0.0350613
-0.030474
-0.026514
-0.0230673
-0.0200433
-0.0173725
-0.0149999
-0.0128816
-0.0109821
-0.00927247
-0.00772895
-0.0063319
-0.00506494
-0.00391437
-0.00286864
-0.00191799
-0.00105415
-0.00027004
0.000440403
0.0010824
0.00166048
0.00217861
0.00264033
0.0030488
0.00340624
0.00371417
0.00398107
0.00423821
-0.0470844
-0.0404066
-0.0349948
-0.0304025
-0.0264391
-0.0229908
-0.0199665
-0.0172963
-0.0149249
-0.0128082
-0.0109106
-0.00920308
-0.00766178
-0.00626698
-0.00500228
-0.00385394
-0.00281041
-0.00186191
-0.00100017
-0.000218101
0.000490342
0.00113037
0.00170651
0.00222269
0.00268246
0.00308893
0.00344391
0.00374859
0.00401542
0.00429033
-0.0469798
-0.0402983
-0.0348563
-0.0302534
-0.0262829
-0.0228312
-0.0198062
-0.0171371
-0.0147683
-0.012655
-0.0107614
-0.00905827
-0.00752157
-0.00613147
-0.00487148
-0.0037278
-0.00268885
-0.00174483
-0.000887456
-0.000109649
0.000594629
0.00123057
0.00180265
0.00231478
0.00277051
0.00317281
0.00352267
0.00382072
0.00408787
0.00439874
-0.0468197
-0.0401217
-0.0346375
-0.0300176
-0.0260363
-0.0225795
-0.0195535
-0.0168865
-0.0145217
-0.0124139
-0.0105267
-0.00883059
-0.00730119
-0.00591852
-0.00466596
-0.00352962
-0.00249786
-0.00156086
-0.000710315
6.08384e-05
0.000758621
0.00138818
0.00195395
0.00245978
0.00290922
0.00330504
0.00364694
0.00393502
0.00420318
0.00456634
-0.0465965
-0.0398669
-0.0343285
-0.0296848
-0.0256887
-0.0222252
-0.0191985
-0.0165348
-0.0141761
-0.0120764
-0.0101984
-0.00851228
-0.00699324
-0.00562106
-0.00437893
-0.00325286
-0.00223113
-0.00130388
-0.000462801
0.000299161
0.000987988
0.00160877
0.00216587
0.00266306
0.00310387
0.00349076
0.0038218
0.00409672
0.00436667
0.0047947
-0.0463013
-0.0395233
-0.0339191
-0.0292442
-0.0252299
-0.0217588
-0.018732
-0.0160735
-0.0137236
-0.0116351
-0.00976975
-0.008097
-0.00659176
-0.00523343
-0.004005
-0.00289233
-0.00188363
-0.000968979
-0.000140074
0.000610105
0.00128749
0.00189709
0.00244315
0.00292937
0.00335923
0.00373476
0.00405209
0.00431101
0.0045832
0.00508314
-0.0459251
-0.0390801
-0.0333989
-0.0286857
-0.0246504
-0.0211716
-0.0181464
-0.0154959
-0.0131583
-0.0110846
-0.0092358
-0.00758036
-0.00609271
-0.00475187
-0.00354059
-0.00244458
-0.00145193
-0.000552736
0.000261321
0.000997208
0.00166077
0.0022569
0.0027897
0.00326276
0.00367946
0.00404131
0.00434233
0.00458289
0.00485707
0.00542851
-0.045459
-0.0385263
-0.0327582
-0.0280005
-0.0239423
-0.0204568
-0.0174361
-0.0147975
-0.0124763
-0.010422
-0.00859414
-0.0069603
-0.0054943
-0.00417475
-0.00298414
-0.00190801
-0.000934389
-5.33436e-05
0.000743396
0.00146271
0.00211033
0.00269098
0.00320858
0.00366656
0.00406813
0.00441417
0.00469666
0.00491714
0.00519181
0.00582505
-0.0448956
-0.0378521
-0.031989
-0.0271815
-0.0231004
-0.019611
-0.016599
-0.0139771
-0.0116777
-0.00964781
-0.00784571
-0.00623799
-0.00479777
-0.00350326
-0.00233667
-0.00128339
-0.000331421
0.000529157
0.00130653
0.00200745
0.00263746
0.00320108
0.00370198
0.00414333
0.00452815
0.00485652
0.00511871
0.00531795
0.0055899
0.00626441
-0.044229
-0.0370465
-0.0310821
-0.0262219
-0.0221206
-0.0186326
-0.0156358
-0.0130373
-0.010766
-0.00876655
-0.00699559
-0.00541871
-0.00400838
-0.00274242
-0.00160281
-0.000574866
0.000353423
0.00119189
0.00194856
0.00262999
0.00324146
0.0037872
0.00427053
0.0046943
0.00506115
0.00537036
0.00561092
0.00578833
0.00605228
0.0067358
-0.0434499
-0.0360847
-0.0300121
-0.0250994
-0.0209853
-0.0175089
-0.0145378
-0.0119728
-0.00973876
-0.00777782
-0.00604501
-0.00450495
-0.00312953
-0.00189622
-0.000786872
0.0002132
0.00111591
0.00193092
0.002666
0.0033274
0.00392002
0.00444766
0.0049132
0.00531906
0.00566729
0.00595635
0.00617465
0.00633031
0.00657868
0.00722725
-0.0425422
-0.0349235
-0.0287301
-0.0237674
-0.0196519
-0.0162011
-0.0132695
-0.0107508
-0.00856556
-0.00665329
-0.0049675
-0.0034719
-0.0021379
-0.000942761
0.000131712
0.00110012
0.00197417
0.00276326
0.00347481
0.00411463
0.00468716
0.00519567
0.00564245
0.0060293
0.00635747
0.0066244
0.00681865
0.00695087
0.00717068
0.00772736
-0.0415413
-0.0336206
-0.0273123
-0.0223069
-0.0181976
-0.0147774
-0.0118882
-0.00941704
-0.00728044
-0.00541579
-0.00377529
-0.00232198
-0.00102693
0.000132675
0.00117494
0.00211425
0.00296201
0.00372716
0.00441662
0.00503561
0.00558783
0.00607575
0.00650075
0.00686352
0.0071638
0.00739803
0.00755663
0.0076541
0.00782088
0.00821304
-0.0407178
-0.0326477
-0.0263553
-0.021355
-0.017259
-0.013857
-0.0109878
-0.00853681
-0.00641917
-0.00457129
-0.00294478
-0.00150236
-0.000215034
0.000939887
0.00198017
0.00291967
0.00376905
0.00453636
0.00522741
0.0058462
0.00639516
0.00687545
0.00728728
0.00763017
0.00790292
0.00810338
0.00822978
0.00830346
0.0084182
0.00861615
-0.0405668
-0.0326238
-0.026626
-0.0217556
-0.0177354
-0.0143887
-0.0115653
-0.00915615
-0.00707791
-0.00526738
-0.00367591
-0.00226554
-0.00100625
0.000125999
0.00115071
0.00208384
0.00293852
0.00372556
0.00445371
0.00512983
0.00575886
0.00634379
0.00688552
0.00738273
0.00783153
0.00822361
0.008549
0.00880534
0.00899418
0.00904014
0.00839019
0.00790249
0.00730163
0.00668334
0.00609737
0.00554806
0.00503148
0.00454634
0.00409253
0.00366968
0.003277
0.00291347
0.00257792
0.0022691
0.0019857
0.00172638
0.00148977
0.00127453
0.00107933
0.000902855
0.000743851
0.000601094
0.000473411
0.00035968
0.000258832
0.00016985
9.17714e-05
2.36865e-05
-3.52616e-05
-8.58788e-05
-0.000128921
-0.000165095
-0.000195062
-0.000219438
-0.000238795
-0.000253666
-0.000264542
-0.000271879
-0.000276096
-0.00027758
-0.000276685
-0.000273737
-0.000269032
-0.00026284
-0.000255407
-0.000246955
-0.000237686
-0.00022778
-0.000217399
-0.000206689
-0.000195778
-0.000184783
-0.000173817
-0.000163003
-0.000152397
-0.000141689
-0.00013113
-0.000121012
-0.000111331
-0.00010207
-9.32356e-05
-8.48386e-05
-7.68863e-05
-6.93819e-05
-6.23249e-05
-5.57114e-05
-4.95285e-05
-4.37686e-05
-3.84529e-05
-3.35224e-05
-2.898e-05
-2.48177e-05
-2.10189e-05
-1.75659e-05
-1.44416e-05
-1.16289e-05
-9.11066e-06
-6.86975e-06
-4.88933e-06
-3.15283e-06
-1.64413e-06
-3.47586e-07
7.51886e-07
1.66875e-06
2.41677e-06
3.00904e-06
3.45786e-06
3.77474e-06
3.97035e-06
4.05446e-06
4.03593e-06
3.92254e-06
3.72089e-06
3.43638e-06
3.07364e-06
2.63687e-06
2.12352e-06
1.50387e-06
7.38292e-07
2.32912e-08
0.00761274
0.00738843
0.00697893
0.00649171
0.00601739
0.00556808
0.00513877
0.00472822
0.00433734
0.00396684
0.00361693
0.00328755
0.00297849
0.00268937
0.0024197
0.00216889
0.00193628
0.00172115
0.00152273
0.00134023
0.00117285
0.00101978
0.000880191
0.000753297
0.000638303
0.00053444
0.000440959
0.000357139
0.000282283
0.000215724
0.000156825
0.000104978
5.96077e-05
2.01684e-05
-1.38549e-05
-4.29473e-05
-6.75641e-05
-8.81319e-05
-0.00010505
-0.000118689
-0.000129396
-0.000137491
-0.00014327
-0.000147009
-0.000148959
-0.000149352
-0.000148399
-0.000146295
-0.000143213
-0.000139314
-0.000134739
-0.000129616
-0.000124048
-0.000118093
-0.000111826
-0.000105726
-9.96445e-05
-9.34349e-05
-8.72159e-05
-8.10772e-05
-7.50681e-05
-6.92236e-05
-6.35722e-05
-5.81359e-05
-5.29306e-05
-4.79718e-05
-4.32911e-05
-3.88676e-05
-3.47045e-05
-3.07953e-05
-2.71548e-05
-2.37766e-05
-2.0654e-05
-1.77807e-05
-1.51491e-05
-1.27507e-05
-1.05764e-05
-8.61663e-06
-6.86123e-06
-5.30003e-06
-3.92268e-06
-2.71888e-06
-1.6784e-06
-7.91203e-07
-4.74804e-08
5.62239e-07
1.0471e-06
1.41581e-06
1.67667e-06
1.83748e-06
1.90559e-06
1.88782e-06
1.7904e-06
1.61912e-06
1.3804e-06
1.0829e-06
7.28597e-07
2.75082e-07
-3.38626e-07
-6.75937e-07
0.00695296
0.00695066
0.00668113
0.00628468
0.00588977
0.00551392
0.00514993
0.00479609
0.00445389
0.00412467
0.00380929
0.0035083
0.00322206
0.00295079
0.00269455
0.00245327
0.00222675
0.00201473
0.00181684
0.00163266
0.00146171
0.00130348
0.00115742
0.00102297
0.00089955
0.000786577
0.000683468
0.000589643
0.000504531
0.000427575
0.00035823
0.000295971
0.00024029
0.000190699
0.000146732
0.000107944
7.39123e-05
4.42359e-05
1.85368e-05
-3.54168e-06
-2.23344e-05
-3.81553e-05
-5.12976e-05
-6.20348e-05
-7.0621e-05
-7.72921e-05
-8.22661e-05
-8.5744e-05
-8.79109e-05
-8.89366e-05
-8.89766e-05
-8.81727e-05
-8.66523e-05
-8.45269e-05
-8.18997e-05
-7.88651e-05
-7.55158e-05
-7.19147e-05
-6.81388e-05
-6.4254e-05
-6.03123e-05
-5.63572e-05
-5.24268e-05
-4.85535e-05
-4.47644e-05
-4.10834e-05
-3.75349e-05
-3.41379e-05
-3.08901e-05
-2.77947e-05
-2.48706e-05
-2.21226e-05
-1.95519e-05
-1.71586e-05
-1.49416e-05
-1.28985e-05
-1.10259e-05
-9.31939e-06
-7.77398e-06
-6.38399e-06
-5.14332e-06
-4.04554e-06
-3.08398e-06
-2.25185e-06
-1.5423e-06
-9.48488e-07
-4.63636e-07
-8.10957e-08
2.05635e-07
4.02885e-07
5.16812e-07
5.5339e-07
5.18342e-07
4.17303e-07
2.57463e-07
5.02665e-08
-2.01306e-07
-5.62228e-07
-1.13763e-06
-1.27603e-06
0.00639638
0.00654823
0.00638199
0.00606122
0.00573457
0.00542168
0.00511394
0.00480951
0.0045103
0.00421812
0.00393424
0.00365966
0.00339522
0.00314156
0.00289917
0.00266838
0.00244938
0.00224225
0.00204696
0.00186337
0.0016913
0.00153048
0.00138059
0.00124126
0.0011121
0.000992689
0.000882588
0.000781344
0.0006885
0.000603596
0.000526173
0.000455781
0.000391975
0.000334324
0.000282408
0.000235821
0.000194174
0.000157092
0.00012422
9.52187e-05
6.97652e-05
4.75557e-05
2.83035e-05
1.17387e-05
-2.39144e-06
-1.43233e-05
-2.42774e-05
-3.24587e-05
-3.90573e-05
-4.42493e-05
-4.81968e-05
-5.10491e-05
-5.29433e-05
-5.40049e-05
-5.43466e-05
-5.4067e-05
-5.32649e-05
-5.20286e-05
-5.04362e-05
-4.85569e-05
-4.64523e-05
-4.41767e-05
-4.17785e-05
-3.92996e-05
-3.67769e-05
-3.42426e-05
-3.1725e-05
-2.92483e-05
-2.68285e-05
-2.44809e-05
-2.22211e-05
-2.00606e-05
-1.80077e-05
-1.60686e-05
-1.42479e-05
-1.25484e-05
-1.09715e-05
-9.5175e-06
-8.18549e-06
-6.9738e-06
-5.87993e-06
-4.90083e-06
-4.03291e-06
-3.27219e-06
-2.61437e-06
-2.05495e-06
-1.58923e-06
-1.2124e-06
-9.19576e-07
-7.05828e-07
-5.66147e-07
-4.95498e-07
-4.88889e-07
-5.41283e-07
-6.4549e-07
-7.88344e-07
-9.66824e-07
-1.27045e-06
-1.85641e-06
-1.86126e-06
0.00592062
0.0061788
0.00608968
0.00583585
0.00557115
0.00531424
0.00505619
0.00479558
0.00453472
0.00427579
0.00402043
0.00377003
0.00352577
0.00328869
0.00305962
0.00283921
0.002628
0.00242634
0.00223448
0.00205255
0.00188058
0.00171852
0.00156625
0.00142358
0.00129027
0.00116604
0.00105058
0.000943544
0.000844585
0.000753326
0.000669387
0.000592383
0.000521931
0.000457649
0.000399159
0.000346095
0.000298097
0.000254818
0.000215922
0.000181087
0.000150006
0.000122383
9.79403e-05
7.64124e-05
5.75495e-05
4.11161e-05
2.6891e-05
1.46671e-05
4.2508e-06
-4.53806e-06
-1.1867e-05
-1.78911e-05
-2.27538e-05
-2.65873e-05
-2.95134e-05
-3.16442e-05
-3.30818e-05
-3.39195e-05
-3.42426e-05
-3.41281e-05
-3.36458e-05
-3.28582e-05
-3.18213e-05
-3.0585e-05
-2.91937e-05
-2.76864e-05
-2.60979e-05
-2.44581e-05
-2.27923e-05
-2.11227e-05
-1.94691e-05
-1.78481e-05
-1.62734e-05
-1.47564e-05
-1.33064e-05
-1.19306e-05
-1.06348e-05
-9.42307e-06
-8.29822e-06
-7.26196e-06
-6.315e-06
-5.45717e-06
-4.68761e-06
-4.0048e-06
-3.40673e-06
-2.89094e-06
-2.45461e-06
-2.09461e-06
-1.80754e-06
-1.58979e-06
-1.43752e-06
-1.34668e-06
-1.3132e-06
-1.33289e-06
-1.3991e-06
-1.49759e-06
-1.6252e-06
-1.89514e-06
-2.52158e-06
-2.43949e-06
0.00552686
0.00584898
0.00581678
0.00562157
0.00541175
0.00520351
0.00498843
0.00476581
0.00453834
0.0043085
0.00407824
0.00384926
0.00362306
0.00340099
0.00318415
0.00297349
0.00276979
0.00257366
0.00238556
0.00220584
0.00203472
0.00187234
0.00171873
0.00157385
0.0014376
0.00130981
0.0011903
0.00107881
0.000975072
0.000878793
0.00078966
0.000707348
0.000631525
0.000561855
0.000498
0.000439626
0.000386402
0.000338004
0.000294118
0.000254438
0.000218668
0.000186525
0.000157737
0.000132045
0.000109203
8.89769e-05
7.11461e-05
5.55026e-05
4.18509e-05
3.00079e-05
1.98022e-05
1.10743e-05
3.67583e-06
-2.53099e-06
-7.67365e-06
-1.18703e-05
-1.52291e-05
-1.78495e-05
-1.9823e-05
-2.1233e-05
-2.21556e-05
-2.26596e-05
-2.28073e-05
-2.26548e-05
-2.22524e-05
-2.16453e-05
-2.08737e-05
-1.9973e-05
-1.89746e-05
-1.79059e-05
-1.67914e-05
-1.56521e-05
-1.45063e-05
-1.33696e-05
-1.22552e-05
-1.11742e-05
-1.01359e-05
-9.14763e-06
-8.21543e-06
-7.34389e-06
-6.5364e-06
-5.79535e-06
-5.12217e-06
-4.5175e-06
-3.9813e-06
-3.51291e-06
-3.11114e-06
-2.77436e-06
-2.50054e-06
-2.28729e-06
-2.13187e-06
-2.03124e-06
-1.98228e-06
-1.9818e-06
-2.02401e-06
-2.094e-06
-2.1879e-06
-2.43993e-06
-3.12424e-06
-2.99593e-06
0.0052103
0.00556004
0.00556891
0.00542528
0.00526362
0.00509716
0.00491875
0.00472859
0.00452971
0.00432483
0.00411619
0.00390575
0.0036953
0.00348641
0.00328044
0.00307857
0.00288177
0.00269085
0.00250648
0.00232917
0.0021593
0.00199714
0.00184288
0.00169659
0.00155829
0.00142791
0.00130535
0.00119044
0.00108299
0.000982774
0.000889528
0.000802984
0.000722854
0.00064884
0.000580641
0.000517951
0.000460465
0.000407881
0.000359901
0.000316235
0.0002766
0.000240722
0.000208336
0.00017919
0.00015304
0.000129656
0.000108818
9.03172e-05
7.39581e-05
5.95551e-05
4.69346e-05
3.59336e-05
2.64e-05
1.81918e-05
1.11773e-05
5.23382e-06
2.48226e-07
-3.88409e-06
-7.25957e-06
-9.96678e-06
-1.20868e-05
-1.36936e-05
-1.48546e-05
-1.56308e-05
-1.60778e-05
-1.62452e-05
-1.61781e-05
-1.59166e-05
-1.54965e-05
-1.49496e-05
-1.43044e-05
-1.35858e-05
-1.28157e-05
-1.20132e-05
-1.11949e-05
-1.03751e-05
-9.56592e-06
-8.7776e-06
-8.01877e-06
-7.29646e-06
-6.61639e-06
-5.98302e-06
-5.39981e-06
-4.86919e-06
-4.39283e-06
-3.97158e-06
-3.60573e-06
-3.29492e-06
-3.03834e-06
-2.83469e-06
-2.68227e-06
-2.57897e-06
-2.52262e-06
-2.51103e-06
-2.53945e-06
-2.59261e-06
-2.66517e-06
-2.90843e-06
-3.6576e-06
-3.51811e-06
0.00496294
0.00531167
0.00534963
0.0052512
0.00513125
0.00500017
0.00485262
0.00468977
0.00451496
0.00433112
0.00414073
0.003946
0.00374895
0.00355135
0.00335477
0.00316055
0.00296984
0.00278363
0.00260271
0.00242775
0.00225925
0.00209762
0.00194313
0.00179597
0.00165625
0.00152398
0.00139913
0.00128161
0.00117129
0.00106799
0.000971508
0.000881609
0.000798047
0.000720559
0.00064887
0.000582702
0.00052177
0.000465792
0.000414487
0.000367575
0.000324786
0.000285855
0.000250523
0.000218543
0.000189676
0.000163694
0.000140377
0.00011952
0.000100924
8.4403e-05
6.97822e-05
5.6896e-05
4.55894e-05
3.57175e-05
2.7145e-05
1.97456e-05
1.34026e-05
8.00732e-06
3.45923e-06
-3.34295e-07
-3.45845e-06
-5.99135e-06
-8.00446e-06
-9.56301e-06
-1.07263e-05
-1.15482e-05
-1.20775e-05
-1.23579e-05
-1.24291e-05
-1.23263e-05
-1.20813e-05
-1.17222e-05
-1.12739e-05
-1.07585e-05
-1.01953e-05
-9.60107e-06
-8.99052e-06
-8.37622e-06
-7.7689e-06
-7.17769e-06
-6.61017e-06
-6.07263e-06
-5.57011e-06
-5.10664e-06
-4.68524e-06
-4.30815e-06
-3.97681e-06
-3.69202e-06
-3.45399e-06
-3.2624e-06
-3.11645e-06
-3.01493e-06
-2.95647e-06
-2.93985e-06
-2.96138e-06
-3.00581e-06
-3.06547e-06
-3.30415e-06
-4.11732e-06
-3.99689e-06
0.00477569
0.00510266
0.00516096
0.00510163
0.00501708
0.0049154
0.00479337
0.00465309
0.00449815
0.00433168
0.00415637
0.00397466
0.00378874
0.00360056
0.00341185
0.00322409
0.00303859
0.00285644
0.00267857
0.00250575
0.00233859
0.00217759
0.00202312
0.00187544
0.00173473
0.00160109
0.00147454
0.00135504
0.00124251
0.00113682
0.00103781
0.000945274
0.000859006
0.000778766
0.000704307
0.000635368
0.000571686
0.000512993
0.00045902
0.000409502
0.000364175
0.000322783
0.000285073
0.000250803
0.000219737
0.000191649
0.000166323
0.000143551
0.000123136
0.000104892
8.86415e-05
7.42179e-05
6.14641e-05
5.02327e-05
4.03858e-05
3.17945e-05
2.43391e-05
1.7908e-05
1.23972e-05
7.71095e-06
3.76067e-06
4.65017e-07
-2.25077e-06
-4.45511e-06
-6.21057e-06
-7.57411e-06
-8.59754e-06
-9.32776e-06
-9.80719e-06
-1.0074e-05
-1.01626e-05
-1.01036e-05
-9.92458e-06
-9.64975e-06
-9.30072e-06
-8.89643e-06
-8.45355e-06
-7.98651e-06
-7.50788e-06
-7.02838e-06
-6.55722e-06
-6.10207e-06
-5.6694e-06
-5.26445e-06
-4.89146e-06
-4.5537e-06
-4.25367e-06
-3.99308e-06
-3.77305e-06
-3.59405e-06
-3.45611e-06
-3.35872e-06
-3.30127e-06
-3.28335e-06
-3.30236e-06
-3.34333e-06
-3.39567e-06
-3.6305e-06
-4.50122e-06
-4.42599e-06
0.00463893
0.00493106
0.00500363
0.00497741
0.0049221
0.00484425
0.00474283
0.00462077
0.00448185
0.00432936
0.00416621
0.003995
0.00381808
0.00363755
0.00345524
0.00327278
0.00309156
0.00291279
0.00273749
0.00256651
0.00240055
0.00224019
0.00208585
0.00193788
0.0017965
0.00166187
0.00153405
0.00141306
0.00129885
0.00119133
0.00109037
0.000995802
0.000907432
0.00082505
0.000748425
0.000677317
0.000611477
0.000550649
0.000494576
0.000443002
0.000395672
0.000352333
0.000312741
0.000276656
0.000243846
0.000214087
0.000187162
0.000162867
0.000141005
0.000121387
0.000103837
8.81864e-05
7.42766e-05
6.19583e-05
5.10917e-05
4.15457e-05
3.31991e-05
2.59378e-05
1.96549e-05
1.42517e-05
9.63752e-06
5.72831e-06
2.44683e-06
-2.77919e-07
-2.51098e-06
-4.31182e-06
-5.73463e-06
-6.82874e-06
-7.63881e-06
-8.20531e-06
-8.56466e-06
-8.74967e-06
-8.78969e-06
-8.71097e-06
-8.53679e-06
-8.28784e-06
-7.98231e-06
-7.63622e-06
-7.26348e-06
-6.8762e-06
-6.48477e-06
-6.09812e-06
-5.72372e-06
-5.36788e-06
-5.03574e-06
-4.73152e-06
-4.45847e-06
-4.21912e-06
-4.01525e-06
-3.84809e-06
-3.71825e-06
-3.6259e-06
-3.57098e-06
-3.55379e-06
-3.57275e-06
-3.61347e-06
-3.66197e-06
-3.89152e-06
-4.80948e-06
-4.80182e-06
0.00454314
0.00479452
0.00487729
0.00487823
0.00484622
0.00478708
0.00470182
0.00459402
0.0044676
0.00432603
0.00417237
0.00400936
0.00383948
0.00366493
0.00348766
0.00330937
0.00313155
0.00295547
0.00278224
0.00261277
0.00244782
0.00228802
0.00213386
0.00198573
0.00184389
0.00170855
0.00157981
0.00145771
0.00134225
0.00123336
0.00113093
0.00103482
0.000944854
0.00086084
0.000782564
0.000709798
0.000642306
0.000579842
0.000522157
0.000469004
0.000420132
0.000375295
0.000334253
0.000296768
0.000262611
0.00023156
0.000203401
0.000177928
0.000154944
0.000134263
0.000115706
9.91032e-05
8.42962e-05
7.11341e-05
5.94749e-05
4.91861e-05
4.01463e-05
3.22397e-05
2.53558e-05
1.93942e-05
1.42625e-05
9.87463e-06
6.15155e-06
3.02031e-06
4.1391e-07
-1.72898e-06
-3.46444e-06
-4.84359e-06
-5.9129e-06
-6.7145e-06
-7.28652e-06
-7.66329e-06
-7.87571e-06
-7.95143e-06
-7.91516e-06
-7.78884e-06
-7.59195e-06
-7.3416e-06
-7.05288e-06
-6.73887e-06
-6.41099e-06
-6.079e-06
-5.7513e-06
-5.43492e-06
-5.13582e-06
-4.85882e-06
-4.60789e-06
-4.38611e-06
-4.19588e-06
-4.03892e-06
-3.9164e-06
-3.82896e-06
-3.77703e-06
-3.76139e-06
-3.78143e-06
-3.8236e-06
-3.87036e-06
-4.09199e-06
-5.04441e-06
-5.12301e-06
0.00447954
0.00469054
0.00478079
0.00480299
0.00478867
0.00474356
0.00467041
0.00457329
0.00445623
0.00432281
0.00417623
0.00401934
0.00385473
0.00368466
0.00351116
0.00333601
0.00316075
0.00298672
0.00281506
0.00264674
0.00248259
0.00232324
0.00216925
0.00202103
0.00187889
0.00174305
0.00161365
0.00149077
0.0013744
0.00126451
0.00116101
0.00106377
0.000972632
0.00088742
0.00080793
0.000733944
0.000665234
0.000601562
0.000542687
0.000488366
0.000438353
0.000392408
0.00035029
0.000311768
0.000276612
0.000244602
0.000215526
0.000189178
0.000165361
0.000143889
0.000124582
0.000107272
9.17969e-05
7.80064e-05
6.57564e-05
5.49113e-05
4.53545e-05
3.69685e-05
2.96366e-05
2.32581e-05
1.77396e-05
1.29941e-05
8.94078e-06
5.50543e-06
2.61965e-06
2.20641e-07
-1.74902e-06
-3.34181e-06
-4.60551e-06
-5.58353e-06
-6.31518e-06
-6.83602e-06
-7.17802e-06
-7.36995e-06
-7.43748e-06
-7.40359e-06
-7.2886e-06
-7.11057e-06
-6.88532e-06
-6.62679e-06
-6.34704e-06
-6.05659e-06
-5.76439e-06
-5.47814e-06
-5.20427e-06
-4.9482e-06
-4.71432e-06
-4.50622e-06
-4.32668e-06
-4.17787e-06
-4.06131e-06
-3.97806e-06
-3.92884e-06
-3.91483e-06
-3.93619e-06
-3.98051e-06
-4.02671e-06
-4.23734e-06
-5.21001e-06
-5.38976e-06
0.0044404
0.00461656
0.00471235
0.00475005
0.00474819
0.0047129
0.00464824
0.00455859
0.00444806
0.00432033
0.00417868
0.00402607
0.00386512
0.00369819
0.00352733
0.00335437
0.00318091
0.00300831
0.00283777
0.00267027
0.00250668
0.00234767
0.00219381
0.00204554
0.0019032
0.00176703
0.00163718
0.00151375
0.00139677
0.00128619
0.00118195
0.00108393
0.000991985
0.000905944
0.000825612
0.00075078
0.000681224
0.000616714
0.000557013
0.00050188
0.000451074
0.000404357
0.000361491
0.000322246
0.000286395
0.000253718
0.000224002
0.000197044
0.000172646
0.000150623
0.000130793
0.000112989
9.70484e-05
8.28207e-05
7.01585e-05
5.89167e-05
4.89983e-05
4.02837e-05
3.26393e-05
2.59688e-05
2.01797e-05
1.51838e-05
1.08994e-05
7.25121e-06
4.16981e-06
1.59148e-06
-5.42212e-07
-2.28467e-06
-3.68459e-06
-4.78626e-06
-5.62987e-06
-6.25175e-06
-6.68469e-06
-6.95816e-06
-7.09861e-06
-7.12963e-06
-7.07224e-06
-6.94504e-06
-6.76449e-06
-6.54501e-06
-6.29921e-06
-6.03802e-06
-5.77091e-06
-5.50594e-06
-5.24996e-06
-5.00872e-06
-4.78699e-06
-4.58864e-06
-4.41678e-06
-4.27384e-06
-4.16165e-06
-4.0815e-06
-4.03435e-06
-4.02157e-06
-4.04401e-06
-4.09053e-06
-4.13676e-06
-4.33336e-06
-5.31164e-06
-5.60339e-06
0.00441931
0.00457014
0.00466982
0.00471743
0.0047233
0.00469408
0.00463468
0.00454964
0.00444314
0.00431892
0.00418031
0.00403033
0.00387165
0.00370664
0.00353741
0.00336581
0.00319345
0.00302174
0.00285188
0.00268489
0.00252164
0.00236284
0.00220906
0.00206076
0.00191829
0.00178191
0.00165179
0.00152803
0.00141065
0.00129965
0.00119495
0.00109645
0.001004
0.000917447
0.000836593
0.000761235
0.000691155
0.000626125
0.000565909
0.000510272
0.000458974
0.000411778
0.000368448
0.000328754
0.000292471
0.000259379
0.000229266
0.000201929
0.000177171
0.000154804
0.000134651
0.00011654
0.000100311
8.58148e-05
7.28973e-05
6.13884e-05
5.12484e-05
4.23485e-05
3.45076e-05
2.7653e-05
2.1695e-05
1.65433e-05
1.21151e-05
8.33461e-06
5.13167e-06
2.44192e-06
2.0634e-07
-1.62909e-06
-3.11361e-06
-4.29209e-06
-5.20521e-06
-5.88984e-06
-6.37925e-06
-6.70337e-06
-6.88908e-06
-6.96042e-06
-6.93876e-06
-6.84314e-06
-6.69031e-06
-6.49506e-06
-6.27031e-06
-6.02729e-06
-5.77572e-06
-5.52395e-06
-5.27905e-06
-5.047e-06
-4.83278e-06
-4.64046e-06
-4.47334e-06
-4.33402e-06
-4.22451e-06
-4.14625e-06
-4.10035e-06
-4.08824e-06
-4.11127e-06
-4.15962e-06
-4.20601e-06
-4.38631e-06
-5.35659e-06
-5.76438e-06
0.00441117
0.00454882
0.00465058
0.00470287
0.00471227
0.00468583
0.00462883
0.0045459
0.00444124
0.00431861
0.0041814
0.00403261
0.00387496
0.00371082
0.00354233
0.00337134
0.00319948
0.00302816
0.00285861
0.00269185
0.00252874
0.00237003
0.00221627
0.00206795
0.00192542
0.00178894
0.00165868
0.00153475
0.00141719
0.00130598
0.00120106
0.00110233
0.00100964
0.000922845
0.000841743
0.000766137
0.000695809
0.000630532
0.000570075
0.0005142
0.00046267
0.000415248
0.000371699
0.000331794
0.000295308
0.000262021
0.000231722
0.000204207
0.000179279
0.000156752
0.000136446
0.000118191
0.000101829
8.7207e-05
7.41573e-05
6.25113e-05
5.22918e-05
4.33288e-05
3.53811e-05
2.84341e-05
2.23957e-05
1.71708e-05
1.26755e-05
8.83322e-06
5.57364e-06
2.83203e-06
5.49046e-07
-1.32959e-06
-2.85341e-06
-4.06752e-06
-5.01288e-06
-5.72658e-06
-6.24211e-06
-6.58965e-06
-6.79626e-06
-6.88617e-06
-6.88098e-06
-6.79985e-06
-6.65975e-06
-6.47559e-06
-6.26045e-06
-6.02569e-06
-5.78118e-06
-5.53536e-06
-5.29543e-06
-5.06748e-06
-4.85657e-06
-4.66688e-06
-4.5018e-06
-4.36399e-06
-4.25555e-06
-4.17801e-06
-4.13251e-06
-4.12049e-06
-4.14361e-06
-4.19302e-06
-4.23941e-06
-4.40582e-06
-5.36168e-06
-5.86141e-06
0.00441116
0.00454882
0.00465058
0.00470286
0.00471226
0.00468582
0.00462882
0.00454589
0.00444123
0.0043186
0.00418139
0.0040326
0.00387495
0.00371081
0.00354232
0.00337133
0.00319947
0.00302815
0.0028586
0.00269183
0.00252873
0.00237001
0.00221626
0.00206794
0.00192541
0.00178892
0.00165867
0.00153474
0.00141718
0.00130597
0.00120105
0.00110232
0.00100963
0.000922834
0.000841733
0.000766126
0.000695798
0.000630522
0.000570065
0.00051419
0.00046266
0.000415238
0.000371689
0.000331784
0.000295298
0.000262011
0.000231712
0.000204197
0.00017927
0.000156742
0.000136436
0.000118182
0.000101818
8.71953e-05
7.41457e-05
6.25073e-05
5.22844e-05
4.33193e-05
3.53722e-05
2.84256e-05
2.23874e-05
1.71627e-05
1.26675e-05
8.82536e-06
5.56596e-06
2.82453e-06
5.4173e-07
-1.33672e-06
-2.86035e-06
-4.07426e-06
-5.01942e-06
-5.73292e-06
-6.24825e-06
-6.59558e-06
-6.80198e-06
-6.89168e-06
-6.88628e-06
-6.80494e-06
-6.66463e-06
-6.48025e-06
-6.26489e-06
-6.02993e-06
-5.78519e-06
-5.53916e-06
-5.29901e-06
-5.07085e-06
-4.85972e-06
-4.66982e-06
-4.5045e-06
-4.36647e-06
-4.2578e-06
-4.18002e-06
-4.13427e-06
-4.12201e-06
-4.14488e-06
-4.19404e-06
-4.24019e-06
-4.40635e-06
-5.36196e-06
-5.86145e-06
0.00441931
0.00457013
0.0046698
0.00471742
0.00472328
0.00469406
0.00463466
0.00454962
0.00444311
0.00431889
0.00418029
0.0040303
0.00387162
0.00370661
0.00353738
0.00336577
0.00319342
0.0030217
0.00285184
0.00268486
0.00252161
0.0023628
0.00220902
0.00206073
0.00191826
0.00178188
0.00165176
0.00152799
0.00141062
0.00129962
0.00119492
0.00109642
0.00100397
0.000917415
0.000836561
0.000761203
0.000691124
0.000626093
0.000565878
0.000510241
0.000458943
0.000411747
0.000368417
0.000328724
0.00029244
0.000259349
0.000229236
0.000201899
0.000177141
0.000154775
0.000134621
0.00011651
0.000100282
8.5784e-05
7.28659e-05
6.13661e-05
5.12237e-05
4.2322e-05
3.44813e-05
2.76272e-05
2.16696e-05
1.65184e-05
1.20907e-05
8.3107e-06
5.10828e-06
2.41909e-06
1.84061e-07
-1.65079e-06
-3.13473e-06
-4.31261e-06
-5.22513e-06
-5.90914e-06
-6.39793e-06
-6.72142e-06
-6.9065e-06
-6.97719e-06
-6.9549e-06
-6.85862e-06
-6.70515e-06
-6.50925e-06
-6.28384e-06
-6.04017e-06
-5.78795e-06
-5.53551e-06
-5.28996e-06
-5.05725e-06
-4.84236e-06
-4.64938e-06
-4.48158e-06
-4.34158e-06
-4.23136e-06
-4.15238e-06
-4.10573e-06
-4.09285e-06
-4.11513e-06
-4.16272e-06
-4.20837e-06
-4.38793e-06
-5.35746e-06
-5.76453e-06
0.00444039
0.00461654
0.00471233
0.00475002
0.00474815
0.00471286
0.0046482
0.00455854
0.00444801
0.00432028
0.00417863
0.00402602
0.00386507
0.00369813
0.00352727
0.00335432
0.00318085
0.00300825
0.00283771
0.00267022
0.00250662
0.00234761
0.00219375
0.00204548
0.00190314
0.00176697
0.00163713
0.0015137
0.00139671
0.00128613
0.00118189
0.00108387
0.00099193
0.00090589
0.000825558
0.000750726
0.000681171
0.000616661
0.00055696
0.000501827
0.000451021
0.000404304
0.000361439
0.000322194
0.000286343
0.000253666
0.000223951
0.000196993
0.000172596
0.000150572
0.000130743
0.000112939
9.69992e-05
8.27714e-05
7.01098e-05
5.88717e-05
4.89533e-05
4.02386e-05
3.25947e-05
2.59249e-05
2.01365e-05
1.51414e-05
1.08579e-05
7.21052e-06
4.13003e-06
1.55263e-06
-5.80104e-07
-2.32158e-06
-3.72051e-06
-4.82116e-06
-5.66373e-06
-6.28457e-06
-6.71645e-06
-6.98886e-06
-7.12823e-06
-7.15816e-06
-7.09968e-06
-6.97138e-06
-6.78973e-06
-6.56913e-06
-6.32221e-06
-6.05992e-06
-5.79169e-06
-5.5256e-06
-5.2685e-06
-5.02614e-06
-4.80329e-06
-4.6038e-06
-4.4308e-06
-4.2867e-06
-4.17332e-06
-4.09193e-06
-4.04351e-06
-4.02944e-06
-4.05058e-06
-4.09582e-06
-4.14078e-06
-4.33613e-06
-5.31312e-06
-5.60365e-06
0.00447953
0.00469052
0.00478075
0.00480295
0.00478862
0.00474351
0.00467036
0.00457323
0.00445616
0.00432274
0.00417616
0.00401927
0.00385465
0.00368458
0.00351108
0.00333593
0.00316067
0.00298663
0.00281498
0.00264666
0.0024825
0.00232316
0.00216917
0.00202095
0.00187881
0.00174297
0.00161357
0.00149069
0.00137432
0.00126443
0.00116093
0.00106369
0.000972555
0.000887343
0.000807853
0.000733867
0.000665157
0.000601486
0.000542611
0.00048829
0.000438278
0.000392333
0.000350216
0.000311693
0.000276538
0.000244529
0.000215453
0.000189105
0.000165289
0.000143817
0.000124511
0.000107201
9.1727e-05
7.79372e-05
6.56882e-05
5.48449e-05
4.5289e-05
3.69038e-05
2.95728e-05
2.31952e-05
1.76779e-05
1.29334e-05
8.88136e-06
5.44726e-06
2.56277e-06
1.65106e-07
-1.80319e-06
-3.39457e-06
-4.65684e-06
-5.63341e-06
-6.36359e-06
-6.88293e-06
-7.22342e-06
-7.41381e-06
-7.47981e-06
-7.44435e-06
-7.32781e-06
-7.1482e-06
-6.92138e-06
-6.66126e-06
-6.37993e-06
-6.08787e-06
-5.79408e-06
-5.50622e-06
-5.23076e-06
-4.97309e-06
-4.73761e-06
-4.52789e-06
-4.34673e-06
-4.19626e-06
-4.07801e-06
-3.99299e-06
-3.94197e-06
-3.9261e-06
-3.9456e-06
-3.98809e-06
-4.03249e-06
-4.24132e-06
-5.21214e-06
-5.39013e-06
0.00454313
0.00479449
0.00487725
0.00487817
0.00484616
0.00478701
0.00470174
0.00459394
0.00446752
0.00432594
0.00417227
0.00400926
0.00383938
0.00366483
0.00348756
0.00330926
0.00313144
0.00295537
0.00278213
0.00261266
0.00244771
0.00228791
0.00213376
0.00198562
0.00184379
0.00170844
0.0015797
0.00145761
0.00134215
0.00123326
0.00113083
0.00103472
0.000944752
0.000860738
0.000782462
0.000709697
0.000642205
0.000579742
0.000522058
0.000468905
0.000420033
0.000375197
0.000334155
0.00029667
0.000262514
0.000231464
0.000203305
0.000177832
0.00015485
0.000134169
0.000115612
9.90108e-05
8.42047e-05
7.10436e-05
5.93856e-05
4.90983e-05
4.00598e-05
3.21544e-05
2.52718e-05
1.93116e-05
1.41813e-05
9.79499e-06
6.0735e-06
2.94391e-06
3.39223e-07
-1.8019e-06
-3.53556e-06
-4.91286e-06
-5.9803e-06
-6.77999e-06
-7.35006e-06
-7.72487e-06
-7.9353e-06
-8.00901e-06
-7.97072e-06
-7.84236e-06
-7.64341e-06
-7.391e-06
-7.1002e-06
-6.78411e-06
-6.45414e-06
-6.12006e-06
-5.79026e-06
-5.47179e-06
-5.17058e-06
-4.89148e-06
-4.63844e-06
-4.41455e-06
-4.22219e-06
-4.06306e-06
-3.93832e-06
-3.84859e-06
-3.79429e-06
-3.77623e-06
-3.79384e-06
-3.83359e-06
-3.87798e-06
-4.09724e-06
-5.04722e-06
-5.12352e-06
0.00463891
0.00493101
0.00500358
0.00497734
0.00492202
0.00484416
0.00474274
0.00462067
0.00448174
0.00432925
0.0041661
0.00399488
0.00381796
0.00363742
0.00345511
0.00327265
0.00309143
0.00291266
0.00273735
0.00256638
0.00240042
0.00224006
0.00208572
0.00193775
0.00179637
0.00166174
0.00153392
0.00141293
0.00129872
0.00119121
0.00109024
0.000995675
0.000907305
0.000824923
0.000748299
0.000677192
0.000611351
0.000550524
0.000494452
0.000442878
0.000395548
0.000352211
0.000312619
0.000276535
0.000243725
0.000213966
0.000187043
0.000162748
0.000140887
0.00012127
0.000103721
8.80712e-05
7.41625e-05
6.18455e-05
5.09803e-05
4.14359e-05
3.30908e-05
2.58311e-05
1.95498e-05
1.41484e-05
9.53608e-06
5.6288e-06
2.34933e-06
-3.73344e-07
-2.60426e-06
-4.40289e-06
-5.82344e-06
-6.91523e-06
-7.72295e-06
-8.28705e-06
-8.64398e-06
-8.82654e-06
-8.86408e-06
-8.78284e-06
-8.60613e-06
-8.35464e-06
-8.04655e-06
-7.69788e-06
-7.32255e-06
-6.93267e-06
-6.53864e-06
-6.14936e-06
-5.77235e-06
-5.41389e-06
-5.07913e-06
-4.77228e-06
-4.49659e-06
-4.2546e-06
-4.04807e-06
-3.8782e-06
-3.7456e-06
-3.6504e-06
-3.59256e-06
-3.57237e-06
-3.5883e-06
-3.62601e-06
-3.67154e-06
-3.89812e-06
-4.81301e-06
-4.80249e-06
0.00477566
0.0051026
0.0051609
0.00510155
0.00501699
0.0049153
0.00479326
0.00465297
0.00449802
0.00433154
0.00415623
0.00397452
0.00378859
0.00360041
0.00341169
0.00322393
0.00303843
0.00285628
0.00267841
0.00250559
0.00233843
0.00217743
0.00202296
0.00187528
0.00173457
0.00160093
0.00147438
0.00135488
0.00124235
0.00113666
0.00103765
0.00094512
0.000858852
0.000778614
0.000704154
0.000635216
0.000571535
0.000512842
0.00045887
0.000409352
0.000364026
0.000322634
0.000284925
0.000250656
0.000219591
0.000191504
0.000166178
0.000143407
0.000122993
0.00010475
8.85011e-05
7.40787e-05
6.13263e-05
5.00964e-05
4.02511e-05
3.16616e-05
2.42081e-05
1.77789e-05
1.22702e-05
7.58605e-06
3.63802e-06
3.44711e-07
-2.36863e-06
-4.57044e-06
-6.32329e-06
-7.68415e-06
-8.70483e-06
-9.43225e-06
-9.90883e-06
-1.01728e-05
-1.02584e-05
-1.01965e-05
-1.00144e-05
-9.73654e-06
-9.38445e-06
-8.97709e-06
-8.53111e-06
-8.06095e-06
-7.57919e-06
-7.09656e-06
-6.62224e-06
-6.16394e-06
-5.72811e-06
-5.31998e-06
-4.94382e-06
-4.60288e-06
-4.29967e-06
-4.03588e-06
-3.81262e-06
-3.63035e-06
-3.48907e-06
-3.38827e-06
-3.32731e-06
-3.30582e-06
-3.32121e-06
-3.35855e-06
-3.40729e-06
-3.63851e-06
-4.50552e-06
-4.42683e-06
0.00496289
0.00531161
0.00534954
0.00525111
0.00513114
0.00500005
0.00485249
0.00468963
0.00451481
0.00433097
0.00414057
0.00394584
0.00374878
0.00355118
0.00335459
0.00316037
0.00296966
0.00278344
0.00260253
0.00242756
0.00225907
0.00209744
0.00194295
0.00179579
0.00165606
0.00152379
0.00139895
0.00128143
0.00117111
0.00106781
0.000971326
0.000881428
0.000797867
0.000720379
0.000648691
0.000582523
0.000521592
0.000465615
0.00041431
0.000367399
0.000324611
0.00028568
0.000250349
0.00021837
0.000189503
0.000163522
0.000140207
0.00011935
0.000100755
8.42358e-05
6.96163e-05
5.67316e-05
4.54267e-05
3.55565e-05
2.69859e-05
1.95886e-05
1.32478e-05
7.85474e-06
3.30908e-06
-4.81905e-07
-3.60338e-06
-6.13349e-06
-8.14369e-06
-9.69923e-06
-1.08594e-05
-1.16782e-05
-1.22041e-05
-1.24812e-05
-1.2549e-05
-1.24428e-05
-1.21943e-05
-1.18317e-05
-1.13799e-05
-1.08609e-05
-1.0294e-05
-9.69621e-06
-9.08199e-06
-8.46402e-06
-7.85301e-06
-7.25809e-06
-6.68685e-06
-6.14558e-06
-5.63932e-06
-5.1721e-06
-4.74695e-06
-4.3661e-06
-4.03098e-06
-3.7424e-06
-3.50054e-06
-3.3051e-06
-3.15522e-06
-3.04969e-06
-2.98713e-06
-2.96635e-06
-2.98365e-06
-3.02383e-06
-3.07924e-06
-3.31365e-06
-4.12244e-06
-3.99794e-06
0.00521025
0.00555996
0.00556881
0.00542518
0.0052635
0.00509703
0.0049186
0.00472843
0.00452954
0.00432466
0.004116
0.00390556
0.0036951
0.00348621
0.00328024
0.00307836
0.00288156
0.00269064
0.00250627
0.00232895
0.00215908
0.00199693
0.00184267
0.00169638
0.00155807
0.0014277
0.00130514
0.00119023
0.00108278
0.000982563
0.000889318
0.000802774
0.000722644
0.000648632
0.000580433
0.000517744
0.000460258
0.000407675
0.000359696
0.000316031
0.000276396
0.000240519
0.000208134
0.000178988
0.00015284
0.000129457
0.000108619
9.01203e-05
7.37625e-05
5.9361e-05
4.6742e-05
3.57427e-05
2.6211e-05
1.80048e-05
1.09925e-05
5.05133e-06
6.82328e-08
-4.06143e-06
-7.43409e-06
-1.01383e-05
-1.22552e-05
-1.38587e-05
-1.50163e-05
-1.5789e-05
-1.62323e-05
-1.6396e-05
-1.63251e-05
-1.60597e-05
-1.56356e-05
-1.50848e-05
-1.44355e-05
-1.37128e-05
-1.29385e-05
-1.21319e-05
-1.13094e-05
-1.04854e-05
-9.67195e-06
-8.87937e-06
-8.11624e-06
-7.38963e-06
-6.70523e-06
-6.06754e-06
-5.47998e-06
-4.94501e-06
-4.46427e-06
-4.03865e-06
-3.6684e-06
-3.35317e-06
-3.09214e-06
-2.884e-06
-2.72702e-06
-2.61911e-06
-2.55805e-06
-2.54169e-06
-2.56526e-06
-2.61354e-06
-2.68119e-06
-2.91952e-06
-3.66361e-06
-3.5194e-06
0.00552679
0.00584889
0.00581667
0.00562145
0.00541161
0.00520335
0.00498826
0.00476563
0.00453815
0.0043083
0.00407803
0.00384904
0.00362284
0.00340076
0.00318392
0.00297326
0.00276955
0.00257342
0.00238532
0.00220559
0.00203448
0.0018721
0.00171848
0.0015736
0.00143735
0.00130957
0.00119006
0.00107857
0.00097483
0.000878552
0.00078942
0.000707109
0.000631286
0.000561617
0.000497762
0.000439389
0.000386165
0.000337769
0.000293883
0.000254204
0.000218435
0.000186292
0.000157505
0.000131815
0.000108974
8.87486e-05
7.0919e-05
5.52769e-05
4.16267e-05
2.97853e-05
1.95814e-05
1.08555e-05
3.45903e-06
-2.74552e-06
-7.88574e-06
-1.20797e-05
-1.54356e-05
-1.8053e-05
-2.00233e-05
-2.14299e-05
-2.23488e-05
-2.2849e-05
-2.29927e-05
-2.28361e-05
-2.24295e-05
-2.18181e-05
-2.1042e-05
-2.01368e-05
-1.91339e-05
-1.80606e-05
-1.69414e-05
-1.57974e-05
-1.46469e-05
-1.35054e-05
-1.23862e-05
-1.13004e-05
-1.02571e-05
-9.26401e-06
-8.32689e-06
-7.45041e-06
-6.63797e-06
-5.89196e-06
-5.21378e-06
-4.60413e-06
-4.0629e-06
-3.58948e-06
-3.18265e-06
-2.8408e-06
-2.56187e-06
-2.34347e-06
-2.18284e-06
-2.07695e-06
-2.02264e-06
-2.01675e-06
-2.05347e-06
-2.11794e-06
-2.20627e-06
-2.45267e-06
-3.13119e-06
-2.9975e-06
0.00592054
0.0061787
0.00608956
0.00583571
0.005571
0.00531407
0.00505601
0.00479538
0.00453451
0.00427557
0.0040202
0.00376979
0.00352553
0.00328844
0.00305936
0.00283895
0.00262774
0.00242607
0.00223421
0.00205228
0.00188031
0.00171825
0.00156598
0.00142331
0.00128999
0.00116576
0.0010503
0.000943272
0.000844313
0.000753054
0.000669115
0.000592113
0.000521661
0.000457379
0.000398891
0.000345827
0.00029783
0.000254551
0.000215656
0.000180822
0.000149741
0.00012212
9.76779e-05
7.61511e-05
5.72894e-05
4.08572e-05
2.66335e-05
1.44111e-05
3.99642e-06
-4.79066e-06
-1.21176e-05
-1.81396e-05
-2.3e-05
-2.68311e-05
-2.97545e-05
-3.18823e-05
-3.33166e-05
-3.41509e-05
-3.44702e-05
-3.43517e-05
-3.38652e-05
-3.30733e-05
-3.20318e-05
-3.07908e-05
-2.93946e-05
-2.78824e-05
-2.62887e-05
-2.46437e-05
-2.29727e-05
-2.12979e-05
-1.9639e-05
-1.80126e-05
-1.64325e-05
-1.49101e-05
-1.34546e-05
-1.20734e-05
-1.07721e-05
-9.55477e-06
-8.42434e-06
-7.38248e-06
-6.4299e-06
-5.56643e-06
-4.79121e-06
-4.10273e-06
-3.49896e-06
-2.97746e-06
-2.53538e-06
-2.16961e-06
-1.87673e-06
-1.65314e-06
-1.49498e-06
-1.39819e-06
-1.35869e-06
-1.3723e-06
-1.43236e-06
-1.52465e-06
-1.64602e-06
-1.90962e-06
-2.52956e-06
-2.44139e-06
0.00639629
0.00654812
0.00638186
0.00606106
0.0057344
0.00542149
0.00511373
0.00480929
0.00451007
0.00421787
0.00393398
0.0036594
0.00339495
0.00314128
0.00289889
0.00266809
0.00244909
0.00224195
0.00204666
0.00186307
0.001691
0.00153018
0.00138028
0.00124095
0.00111179
0.000992385
0.000882284
0.00078104
0.000688196
0.000603292
0.00052587
0.000455478
0.000391673
0.000334022
0.000282106
0.00023552
0.000193874
0.000156793
0.000123922
9.4921e-05
6.94684e-05
4.726e-05
2.80087e-05
1.14451e-05
-2.6838e-06
-1.46143e-05
-2.45669e-05
-3.27466e-05
-3.93435e-05
-4.45336e-05
-4.84789e-05
-5.1329e-05
-5.32206e-05
-5.42793e-05
-5.46179e-05
-5.43355e-05
-5.35298e-05
-5.22897e-05
-5.0693e-05
-4.88091e-05
-4.66996e-05
-4.44191e-05
-4.20155e-05
-3.95312e-05
-3.7003e-05
-3.4463e-05
-3.19396e-05
-2.94566e-05
-2.70312e-05
-2.46777e-05
-2.24119e-05
-2.02454e-05
-1.81864e-05
-1.62412e-05
-1.44143e-05
-1.27086e-05
-1.11255e-05
-9.66526e-06
-8.32698e-06
-7.10899e-06
-6.0088e-06
-5.02336e-06
-4.14907e-06
-3.38197e-06
-2.71774e-06
-2.15189e-06
-1.6797e-06
-1.29638e-06
-9.97024e-07
-7.76706e-07
-6.3041e-07
-5.53096e-07
-5.39766e-07
-5.85375e-07
-6.82734e-07
-8.18683e-07
-9.90206e-07
-1.28677e-06
-1.86551e-06
-1.86356e-06
0.00695285
0.00695054
0.00668098
0.0062845
0.00588958
0.00551371
0.0051497
0.00479585
0.00445363
0.0041244
0.00380901
0.00350801
0.00322176
0.00295048
0.00269424
0.00245295
0.00222643
0.00201441
0.00181651
0.00163233
0.00146138
0.00130314
0.00115709
0.00102263
0.000899213
0.00078624
0.000683131
0.000589305
0.000504194
0.000427238
0.000357893
0.000295635
0.000239954
0.000190364
0.000146397
0.00010761
7.35783e-05
4.39027e-05
1.82044e-05
-3.87323e-06
-2.2665e-05
-3.84849e-05
-5.16261e-05
-6.23621e-05
-7.09471e-05
-7.76167e-05
-8.25892e-05
-8.60654e-05
-8.82305e-05
-8.92541e-05
-8.92917e-05
-8.84852e-05
-8.69618e-05
-8.48332e-05
-8.22019e-05
-7.91639e-05
-7.58118e-05
-7.22072e-05
-6.84266e-05
-6.45365e-05
-6.05891e-05
-5.66283e-05
-5.26919e-05
-4.88124e-05
-4.50172e-05
-4.13298e-05
-3.77744e-05
-3.43689e-05
-3.11159e-05
-2.80141e-05
-2.50833e-05
-2.23285e-05
-1.9751e-05
-1.73508e-05
-1.51269e-05
-1.30769e-05
-1.11974e-05
-9.48392e-06
-7.93152e-06
-6.53451e-06
-5.28679e-06
-4.18194e-06
-3.21329e-06
-2.37404e-06
-1.65734e-06
-1.05634e-06
-5.64281e-07
-1.74494e-07
1.19515e-07
3.24088e-07
4.45378e-07
4.8937e-07
4.61785e-07
3.68271e-07
2.16013e-07
1.64608e-08
-2.27414e-07
-5.8053e-07
-1.14796e-06
-1.27879e-06
0.00761262
0.00738829
0.00697876
0.00649152
0.00601717
0.00556785
0.00513851
0.00472795
0.00433706
0.00396654
0.00361662
0.00328723
0.00297816
0.00268903
0.00241935
0.00216854
0.00193593
0.00172079
0.00152237
0.00133987
0.00117249
0.00101941
0.000879822
0.000752926
0.000637931
0.000534067
0.000440587
0.000356766
0.00028191
0.000215351
0.000156452
0.000104605
5.92352e-05
1.97962e-05
-1.42267e-05
-4.33185e-05
-6.79346e-05
-8.85018e-05
-0.000105419
-0.000119057
-0.000129763
-0.000137857
-0.000143635
-0.000147373
-0.000149322
-0.000149713
-0.000148759
-0.000146653
-0.00014357
-0.000139669
-0.000135092
-0.000129968
-0.000124398
-0.000118446
-0.000112185
-0.000106052
-9.99702e-05
-9.376e-05
-8.75366e-05
-8.1392e-05
-7.53765e-05
-6.95254e-05
-6.38671e-05
-5.84238e-05
-5.32117e-05
-4.82457e-05
-4.35554e-05
-3.91231e-05
-3.49563e-05
-3.10392e-05
-2.73909e-05
-2.4005e-05
-2.08749e-05
-1.7994e-05
-1.53547e-05
-1.29486e-05
-1.07666e-05
-8.79906e-06
-7.0359e-06
-5.46691e-06
-4.08175e-06
-2.87011e-06
-1.82176e-06
-9.26661e-07
-1.75013e-07
4.42676e-07
9.35528e-07
1.31228e-06
1.5812e-06
1.75014e-06
1.82641e-06
1.81684e-06
1.72768e-06
1.56472e-06
1.33438e-06
1.04531e-06
6.99497e-07
2.54585e-07
-3.5038e-07
-6.79295e-07
0.00839004
0.00790232
0.00730143
0.00668312
0.00609712
0.00554779
0.00503119
0.00454603
0.00409221
0.00366934
0.00327666
0.00291311
0.00257755
0.00226872
0.00198532
0.00172599
0.00148938
0.00127413
0.00107893
0.00090245
0.000743443
0.000600683
0.000472999
0.000359267
0.000258417
0.000169434
9.13548e-05
2.32694e-05
-3.56791e-05
-8.62965e-05
-0.000129339
-0.000165513
-0.00019548
-0.000219855
-0.000239212
-0.000254082
-0.000264957
-0.000272293
-0.00027651
-0.000277993
-0.000277097
-0.000274148
-0.000269442
-0.000263249
-0.000255814
-0.000247361
-0.00023809
-0.000228182
-0.000217799
-0.000207087
-0.000196174
-0.000185176
-0.000174205
-0.000163382
-0.000152767
-0.000142084
-0.000131517
-0.000121387
-0.000111698
-0.000102429
-9.3586e-05
-8.51804e-05
-7.72197e-05
-6.97067e-05
-6.26412e-05
-5.6019e-05
-4.9827e-05
-4.40586e-05
-3.87356e-05
-3.37968e-05
-2.92457e-05
-2.50747e-05
-2.12672e-05
-1.78056e-05
-1.46727e-05
-1.18514e-05
-9.32444e-06
-7.07485e-06
-5.08572e-06
-3.34049e-06
-1.82303e-06
-5.17692e-07
5.90603e-07
1.51632e-06
2.27324e-06
2.87445e-06
3.33223e-06
3.65813e-06
3.86279e-06
3.95601e-06
3.94662e-06
3.84243e-06
3.65004e-06
3.37485e-06
3.02148e-06
2.59414e-06
2.0903e-06
1.48025e-06
7.24421e-07
1.8982e-08
)
;

boundaryField
{
    inlet
    {
        type            zeroGradient;
    }
    outlet
    {
        type            totalPressure;
        rho             none;
        psi             none;
        gamma           1;
        p0              uniform 0;
        value           uniform 0;
    }
    top
    {
        type            zeroGradient;
    }
    bottom
    {
        type            zeroGradient;
    }
    obstacle
    {
        type            zeroGradient;
    }
    frontAndBack
    {
        type            empty;
    }
}


// ************************************************************************* //
