/*--------------------------------*- C++ -*----------------------------------*\
  =========                 |
  \\      /  F ield         | OpenFOAM: The Open Source CFD Toolbox
   \\    /   O peration     | Website:  https://openfoam.org
    \\  /    A nd           | Version:  12
     \\/     M anipulation  |
\*---------------------------------------------------------------------------*/
FoamFile
{
    format      ascii;
    class       volScalarField;
    location    "220";
    object      pPrime2Mean;
}
// * * * * * * * * * * * * * * * * * * * * * * * * * * * * * * * * * * * * * //

dimensions      [0 4 -4 0 0 0 0];

internalField   nonuniform List<scalar> 
6750
(
0.00589924
0.00589049
0.00587932
0.00586943
0.0058591
0.00590303
0.00589098
0.00587205
0.00584959
0.00582609
0.00593241
0.00591747
0.00589291
0.00586144
0.00582764
0.00598627
0.00597035
0.0059439
0.00590946
0.00587254
0.00606145
0.00604687
0.00602256
0.00599055
0.00595627
0.0061527
0.0061415
0.00612267
0.00609734
0.00607008
0.00625337
0.0062471
0.00623625
0.00622073
0.00620386
0.00635646
0.00635612
0.00635485
0.00635122
0.00634706
0.00645543
0.00646146
0.00647047
0.00647971
0.00648946
0.00654479
0.00655707
0.00657624
0.00659826
0.00662197
0.00662038
0.00663836
0.0066668
0.00670056
0.00673723
0.00667953
0.00670231
0.00673853
0.00678222
0.00682994
0.00672099
0.0067474
0.00678951
0.00684076
0.006897
0.00674472
0.00677348
0.00681939
0.00687556
0.00693739
0.00675168
0.00678151
0.00682911
0.00688752
0.00695194
0.00674347
0.00677314
0.0068205
0.00687864
0.00694276
0.00672007
0.00674836
0.00679355
0.00684889
0.00690981
0.00668003
0.00670565
0.00674657
0.00679645
0.00685117
0.00662265
0.00664436
0.00667897
0.00672079
0.00676644
0.0065482
0.00656491
0.00659139
0.00662287
0.006657
0.00645818
0.00646904
0.00648601
0.00650545
0.0065263
0.00635549
0.00636
0.00636668
0.00637319
0.00637991
0.00624445
0.00624258
0.00623893
0.00623255
0.00622532
0.00613072
0.00612294
0.00610976
0.00609155
0.00607169
0.00602094
0.00600828
0.00598723
0.00595932
0.00592922
0.00592217
0.00590621
0.0058798
0.00584536
0.00580844
0.00584112
0.00582389
0.00579548
0.00575877
0.00571943
0.00578303
0.00576688
0.00574047
0.00570687
0.00567086
0.00575109
0.00573794
0.00571733
0.00569287
0.00566731
0.00574629
0.00573664
0.0057241
0.00571264
0.00570094
0.00582421
0.00577892
0.00569233
0.00557015
0.00541453
0.00522709
0.00500843
0.0047592
0.00448179
0.00417989
0.00385706
0.00352126
0.00317972
0.00284082
0.00251292
0.00220351
0.00191857
0.00166219
0.00143628
0.00124057
0.00107321
0.000933715
0.000817431
0.000721202
0.000642139
0.000577484
0.00052495
0.000482432
0.000448412
0.000426825
0.00582979
0.00575485
0.00564458
0.0055028
0.00533075
0.0051295
0.0049004
0.00464555
0.00436819
0.004072
0.00376002
0.00344024
0.00311826
0.00280085
0.00249457
0.00220519
0.00193735
0.00169424
0.00147759
0.00128787
0.00112462
0.00098424
0.000866239
0.000767547
0.000685543
0.000617977
0.000562735
0.000517664
0.000480463
0.000451789
0.00580925
0.00571101
0.00558217
0.00542629
0.00524317
0.00503381
0.00479975
0.00454343
0.00426855
0.00397827
0.00367666
0.0033708
0.00306533
0.00276585
0.00247754
0.00220487
0.00195142
0.00171971
0.0015112
0.00132631
0.00116461
0.00102503
0.000905902
0.000805148
0.000720643
0.000650337
0.000592275
0.000544422
0.000505094
0.000474916
0.00577583
0.00566232
0.00552023
0.00535439
0.0051647
0.00495148
0.00471613
0.00446127
0.00419053
0.00390631
0.00361403
0.0033193
0.00302634
0.00274
0.00246468
0.0022041
0.00196122
0.00173816
0.00153621
0.00135581
0.00119669
0.00105816
0.000938847
0.000837066
0.000750984
0.000678681
0.000618126
0.000567403
0.00052545
0.000495776
0.00573826
0.00561404
0.00546195
0.0052885
0.00509453
0.00487971
0.00464523
0.0043935
0.00412772
0.00384987
0.00356596
0.00328032
0.00299704
0.00272054
0.00245476
0.00220308
0.00196818
0.00175197
0.00155561
0.00137953
0.00122349
0.00108679
0.000968256
0.000866407
0.000779551
0.00070585
0.000643277
0.000589788
0.000545495
0.000516324
0.00570245
0.00557006
0.00541053
0.00523128
0.00503418
0.00481909
0.00458656
0.00433868
0.00407797
0.00380633
0.00352958
0.00325123
0.00297531
0.002706
0.00244708
0.00220183
0.00197285
0.001762
0.00157036
0.00139829
0.00124547
0.00111112
0.000994049
0.000892805
0.000805748
0.000731134
0.000666923
0.000611189
0.000564967
0.000536473
0.00567209
0.00553333
0.00536798
0.00518449
0.00498518
0.00477038
0.00454025
0.00429634
0.00404023
0.00377424
0.00350332
0.00323058
0.00295999
0.00269565
0.00244136
0.00220048
0.00197568
0.00176886
0.00158108
0.00141257
0.0012629
0.00113111
0.00101587
0.000915658
0.000828818
0.000753684
0.000688282
0.000630826
0.000583086
0.000555439
0.0056502
0.00550638
0.00533632
0.00514944
0.00494883
0.0047344
0.00450666
0.00426633
0.00401406
0.00375282
0.00348629
0.00321749
0.00295036
0.00268902
0.00243743
0.00219913
0.00197699
0.00177299
0.00158818
0.0014227
0.00127594
0.00114672
0.00103351
0.000934609
0.000848361
0.000772995
0.000706804
0.000648175
0.000599287
0.000572482
0.00563954
0.00549152
0.0053173
0.00512743
0.00492582
0.00471183
0.00448611
0.00424862
0.00399939
0.00374164
0.00347796
0.0032114
0.00294594
0.00268578
0.00243514
0.00219784
0.00197696
0.00177464
0.00159193
0.00142889
0.0012847
0.00115793
0.00104679
0.00094943
0.000864089
0.000788929
0.000722378
0.000662885
0.000613122
0.000587002
0.00564281
0.00549104
0.00531274
0.00511985
0.0049171
0.00470356
0.00447913
0.0042434
0.00399626
0.0037405
0.00347805
0.00321203
0.00294645
0.00268575
0.00243442
0.00219661
0.0019757
0.00177395
0.00159248
0.00143123
0.00128918
0.00116465
0.0010556
0.000959951
0.000875738
0.000801215
0.000734672
0.000674585
0.000624146
0.000598468
0.00566279
0.00550729
0.00532457
0.00512812
0.0049237
0.00471015
0.00448629
0.00425114
0.0040049
0.0037495
0.00348658
0.00321931
0.00295182
0.00268883
0.00243521
0.00219546
0.00197324
0.001771
0.00158988
0.00142974
0.00128937
0.00116683
0.00105981
0.000965989
0.000883201
0.000809632
0.000743357
0.000682906
0.000631946
0.000606432
0.00570252
0.00554287
0.00535497
0.00515403
0.00494711
0.00473271
0.00450835
0.00427253
0.00402578
0.00376897
0.00350376
0.00323336
0.00296209
0.00269504
0.0024375
0.00219436
0.00196957
0.00176576
0.00158411
0.00142438
0.0012852
0.00116437
0.00105932
0.000967429
0.000886272
0.000813931
0.000748099
0.000687476
0.000636169
0.000610547
0.00576554
0.00560086
0.0054067
0.00520004
0.00498957
0.00477274
0.00454643
0.00430866
0.00405962
0.00379949
0.00353
0.00325444
0.00297743
0.00270447
0.00244133
0.00219331
0.00196466
0.00175818
0.00157509
0.00141509
0.0012766
0.0011572
0.00105401
0.000964102
0.000884705
0.000813638
0.00074853
0.000687975
0.000636538
0.000610585
0.00585611
0.00568497
0.00548309
0.00526898
0.00505324
0.00483233
0.00460234
0.00436092
0.00410751
0.00384193
0.00356593
0.00328299
0.0029981
0.00271726
0.00244676
0.0021923
0.00195844
0.00174815
0.00156272
0.00140175
0.00126349
0.00114523
0.00104378
0.000955817
0.000878302
0.000808632
0.000744417
0.000684206
0.000632927
0.000606484
0.00597937
0.00579992
0.0055884
0.00536465
0.00514159
0.00491442
0.00467848
0.00443125
0.00417103
0.00389747
0.0036124
0.00331959
0.00302448
0.00273364
0.00245388
0.00219132
0.00195083
0.00173555
0.00154684
0.00138423
0.00124573
0.00112834
0.00102847
0.000942447
0.000866835
0.000798703
0.000735636
0.00067613
0.000625401
0.000598435
0.00614183
0.00595179
0.00572836
0.00549233
0.00525927
0.005023
0.00477844
0.00452243
0.00425228
0.00396767
0.00367052
0.00336496
0.00305702
0.00275386
0.00246279
0.00219036
0.00194173
0.00172026
0.00152732
0.00136236
0.00122316
0.00110632
0.00100788
0.00092377
0.000850129
0.000783759
0.000722216
0.00066392
0.000614302
0.000587011
0.00635199
0.00614869
0.00591072
0.00565906
0.00541259
0.00516363
0.00490697
0.0046381
0.00435405
0.00405451
0.00374162
0.00342
0.00309629
0.00277822
0.00247358
0.00218936
0.00193104
0.00170215
0.00150404
0.001336
0.00119556
0.00107893
0.000981734
0.000899509
0.000828085
0.00076388
0.000704439
0.000648113
0.00060045
0.000573373
0.00662135
0.0064016
0.00614586
0.00587409
0.00560974
0.00534356
0.00506975
0.00478282
0.0044798
0.00416047
0.0038274
0.00348581
0.00314292
0.002807
0.00248632
0.00218828
0.00191865
0.00168107
0.00147683
0.00130498
0.00116274
0.00104599
0.000949926
0.000869682
0.000800793
0.000739445
0.000683028
0.000629854
0.000585459
0.000559654
0.0069657
0.00672523
0.00644741
0.00614962
0.00586145
0.00557186
0.005274
0.00496228
0.0046338
0.00428864
0.00392997
0.00356367
0.00319756
0.00284044
0.00250102
0.00218703
0.00190444
0.00165689
0.00144551
0.00126911
0.00112458
0.00100747
0.000912586
0.000834648
0.000768918
0.000711455
0.000659557
0.000611412
0.000572293
0.000549544
0.00740687
0.00713959
0.0068337
0.00650169
0.00618149
0.00585958
0.00552884
0.00518351
0.00482124
0.00444267
0.00405172
0.00365497
0.00326091
0.00287879
0.0025177
0.00218556
0.00188832
0.00162948
0.00140996
0.0012283
0.00108112
0.000963637
0.000870318
0.000795514
0.000734197
0.000682293
0.000637219
0.000597105
0.000566347
0.000549462
0.00797538
0.00767265
0.00733004
0.00695225
0.00658786
0.00622152
0.00584577
0.00545533
0.0050485
0.00462687
0.0041953
0.00376121
0.00333366
0.00292231
0.00253639
0.00218377
0.00187017
0.00159877
0.00137019
0.0011827
0.00103271
0.000915214
0.00082441
0.000754353
0.000699725
0.000656406
0.000621897
0.00059475
0.000577225
0.000570742
0.0087141
0.00836269
0.00797122
0.00753082
0.00710519
0.00667738
0.00624002
0.00578884
0.00532328
0.00484626
0.00436377
0.00388406
0.00341665
0.00297131
0.00255712
0.00218155
0.00184985
0.0015647
0.00132632
0.00113273
0.000980206
0.000863676
0.000777254
0.000714854
0.000670977
0.000641523
0.000624171
0.000618081
0.000621646
0.000633297
0.00968094
0.00926194
0.00880489
0.00827747
0.00776645
0.00725324
0.00673092
0.00619773
0.00565483
0.00510676
0.00456069
0.00402549
0.0035108
0.0030261
0.00257984
0.00217872
0.0018272
0.00152728
0.0012787
0.00107925
0.000925187
0.000811637
0.000732971
0.000683302
0.00065722
0.000650749
0.000661742
0.000690336
0.000727318
0.00077002
0.0109489
0.0104383
0.00989234
0.00924471
0.00861453
0.0079818
0.00734252
0.00669878
0.00605428
0.00541537
0.00479017
0.00418769
0.00361708
0.00308688
0.00260436
0.00217495
0.00180198
0.00148657
0.00122793
0.00102367
0.000870264
0.000763416
0.000698332
0.000670004
0.000673687
0.00070562
0.000763702
0.000848625
0.00093718
0.00102954
0.0126029
0.011971
0.0113087
0.010498
0.00970244
0.0089025
0.00810313
0.00731141
0.00653432
0.00577993
0.00505666
0.00437282
0.00373618
0.00315352
0.00263012
0.00216956
0.00177361
0.00144238
0.00117454
0.000967754
0.000819091
0.00072543
0.000683696
0.000690829
0.000743702
0.000839053
0.000973441
0.00114625
0.00131048
0.00147486
0.0147305
0.013941
0.013128
0.0120995
0.0110772
0.0100512
0.00903836
0.00805332
0.00710675
0.00620787
0.00536443
0.00458294
0.00386869
0.00322556
0.00265597
0.00216095
0.00174036
0.00139315
0.00111772
0.000912225
0.000775065
0.000705246
0.00070258
0.000767272
0.000898878
0.0010945
0.00134714
0.00164959
0.0019184
0.00218048
0.0173786
0.0163847
0.0153695
0.014062
0.0127503
0.0114409
0.0101636
0.00894155
0.00778892
0.00671534
0.00572723
0.00482857
0.0040214
0.00330608
0.00268161
0.00214612
0.00169743
0.00133351
0.0010529
0.000855027
0.000740554
0.000711647
0.000771888
0.000925345
0.00117439
0.00151565
0.00193614
0.00241635
0.00283099
0.00322243
0.0207305
0.0193951
0.0180504
0.0164154
0.0147839
0.0131659
0.0115966
0.0101039
0.00870581
0.00741493
0.00623903
0.00518194
0.00424424
0.00342404
0.00271798
0.00212215
0.00163308
0.00124843
0.000967506
0.000791394
0.000722894
0.000766172
0.00092595
0.001206
0.00160693
0.00212272
0.00273726
0.00342885
0.00407587
0.00469862
0.0259351
0.0242123
0.0224713
0.0204537
0.0184196
0.0163664
0.0143419
0.0123919
0.0105525
0.00885169
0.0073081
0.00593146
0.0047244
0.00368478
0.00280806
0.00208944
0.00152557
0.00111536
0.000860569
0.000765143
0.000833391
0.00106787
0.00146744
0.00202382
0.00272015
0.00352868
0.00441409
0.00535439
0.00617838
0.00699709
0.0421629
0.0390731
0.0355639
0.0319956
0.0284368
0.0248872
0.021426
0.0181293
0.0150593
0.0122647
0.00977666
0.00760873
0.00576121
0.00422643
0.00299422
0.00205671
0.00141169
0.00106436
0.00102596
0.00131109
0.00193352
0.00290034
0.00420545
0.00582633
0.00772261
0.00983639
0.0120954
0.014481
0.0169284
0.0191399
0.00583783
0.00580748
0.00578115
0.00575626
0.00573418
0.00571649
0.00570528
0.00570284
0.0057116
0.00573412
0.00577325
0.00583217
0.00591463
0.00602514
0.00616923
0.00635383
0.00658797
0.0068839
0.0072587
0.00773642
0.00835116
0.00915097
0.0102008
0.0115804
0.0133813
0.0157026
0.0186511
0.0225464
0.0284463
0.0456166
0.00580404
0.00578192
0.00576314
0.00574782
0.00573849
0.00573629
0.00574259
0.00575912
0.00578792
0.00583143
0.00589252
0.00597463
0.00608188
0.00621928
0.00639304
0.00661102
0.00688352
0.00722442
0.00765286
0.00819546
0.00888957
0.0097872
0.0109577
0.0124854
0.0144659
0.0170144
0.0203171
0.0247582
0.0311704
0.049328
0.00580812
0.00580333
0.00580115
0.00580188
0.00580832
0.00582208
0.00584499
0.0058791
0.00592668
0.00599033
0.0060731
0.00617863
0.00631133
0.00647662
0.00668125
0.00693388
0.00724602
0.00763305
0.00811604
0.00872395
0.00949706
0.0104909
0.0117788
0.0134483
0.0155972
0.018356
0.0219827
0.0269222
0.0336952
0.0534451
0.0058595
0.0058723
0.00588743
0.00590521
0.00592881
0.00596017
0.00600138
0.00605468
0.00612259
0.00620793
0.00631402
0.00644478
0.00660495
0.00680034
0.00703828
0.00732816
0.00768243
0.00811771
0.00865631
0.00932863
0.0101763
0.0112562
0.0126419
0.0144187
0.0166793
0.0195676
0.0234371
0.0288868
0.0359099
0.057867
0.00595157
0.00598034
0.00601212
0.00604687
0.00608799
0.00613777
0.00619852
0.00627265
0.00636281
0.00647206
0.00660395
0.00676268
0.00695335
0.00718221
0.00745712
0.00778822
0.00818888
0.00867665
0.00927479
0.0100144
0.0109377
0.0121009
0.0135757
0.0154413
0.0177812
0.0207503
0.0248195
0.0308284
0.0379164
0.0625441
0.00607492
0.00611777
0.00616502
0.00621631
0.00627498
0.00634351
0.00642445
0.00652037
0.00663412
0.0067689
0.00692848
0.00711731
0.0073408
0.00760559
0.00792004
0.00829495
0.00874432
0.00928647
0.00994509
0.0107514
0.0117467
0.0129856
0.0145354
0.0164662
0.0188489
0.0218498
0.026085
0.0327702
0.0397274
0.0676508
0.00621909
0.0062742
0.00633552
0.00640258
0.00647845
0.00656568
0.00666696
0.00678504
0.0069229
0.00708396
0.00727214
0.00749212
0.00774953
0.00805135
0.00840634
0.00882579
0.0093242
0.00992015
0.0106374
0.0115065
0.0125675
0.0138719
0.0154813
0.0174539
0.0198456
0.0228328
0.0272046
0.0347526
0.0413931
0.0734326
0.00637323
0.0064389
0.00651278
0.00659452
0.00668683
0.00679223
0.00691344
0.00705332
0.00721502
0.00740209
0.00761863
0.00786947
0.00816042
0.0084987
0.00889342
0.00935614
0.00990158
0.0105483
0.0113198
0.0122457
0.013364
0.0147229
0.0163775
0.0183724
0.0207449
0.0236797
0.0281558
0.0368144
0.0429819
0.0801528
0.00652668
0.00660139
0.00668631
0.00678136
0.00688891
0.00701139
0.00715149
0.00731211
0.00749649
0.00770829
0.00795173
0.00823179
0.00855439
0.00892694
0.00935872
0.00986144
0.0104498
0.0111422
0.0119615
0.0129364
0.0141028
0.0155059
0.017194
0.0191968
0.0215294
0.0243812
0.0289218
0.0389825
0.0445776
0.0880233
0.00666979
0.00675214
0.00684658
0.00695335
0.00707457
0.00721251
0.00736981
0.00754935
0.00775441
0.00798869
0.00825649
0.00856287
0.0089139
0.00931706
0.00978169
0.0103195
0.010945
0.0116764
0.0125359
0.0135511
0.0147564
0.0161943
0.0179075
0.0199093
0.0221892
0.0249386
0.0294965
0.041262
0.0462666
0.0971023
0.00679465
0.00688329
0.00698568
0.00710241
0.00723537
0.0073867
0.00755892
0.00775488
0.00797783
0.00823149
0.00852021
0.00884908
0.00922427
0.00965328
0.0101454
0.0107122
0.0113682
0.0121309
0.0130224
0.0140693
0.0153047
0.0167695
0.0185019
0.0204986
0.0227203
0.0253607
0.0298876
0.0436234
0.0481104
0.107169
0.00689545
0.00698906
0.0070978
0.00722258
0.00736508
0.00752733
0.00771173
0.00792105
0.00815851
0.00842783
0.00873338
0.00908029
0.00947472
0.00992415
0.0104378
0.0110271
0.0117063
0.012493
0.0134083
0.0144785
0.0157359
0.0172205
0.0189679
0.0209589
0.0231233
0.0256605
0.0301165
0.0459873
0.0501077
0.1176
0.00696871
0.00706598
0.00717943
0.00731023
0.0074599
0.00763032
0.00782382
0.0080431
0.00829135
0.00857229
0.00889028
0.00925045
0.00965892
0.0101231
0.0106522
0.0112575
0.0119532
0.0127564
0.0136882
0.0147742
0.0160462
0.0175446
0.0193034
0.0212898
0.0234029
0.0258522
0.0302147
0.0482188
0.0521617
0.127407
0.00701317
0.00711282
0.00722936
0.00736412
0.00751846
0.00769422
0.00789361
0.00811933
0.00837455
0.008663
0.008989
0.00935765
0.00977502
0.0102485
0.0107873
0.0114025
0.0121083
0.0129217
0.0138634
0.0149587
0.0162393
0.0177459
0.0195126
0.021496
0.0235685
0.0259524
0.0302193
0.0500929
0.05403
0.13536
0.00702962
0.00713042
0.00724847
0.00738513
0.00754173
0.00772001
0.00792219
0.00815094
0.00840946
0.00870145
0.0090312
0.00940378
0.00982525
0.010303
0.0108462
0.011466
0.0121765
0.0129946
0.0139409
0.0150405
0.0163251
0.0178357
0.0196069
0.0215897
0.0236402
0.0259893
0.0301833
0.05117
0.055209
0.139892
0.0070203
0.00712113
0.00723922
0.00737592
0.0075325
0.00771074
0.00791285
0.00814152
0.00839993
0.00869178
0.00902135
0.00939369
0.0098149
0.0102924
0.0108354
0.0114552
0.0121656
0.0129839
0.0139304
0.0150304
0.0163155
0.017827
0.0195992
0.0215831
0.0236343
0.0259845
0.0301728
0.0511504
0.0551949
0.140065
0.00698515
0.00708493
0.00720162
0.00733649
0.00749086
0.00766653
0.00786576
0.00809125
0.00834619
0.00863425
0.00895973
0.00932771
0.00974434
0.0102171
0.0107554
0.0113704
0.0120763
0.0128901
0.0138326
0.014929
0.0162114
0.0177205
0.0194903
0.0214766
0.0235515
0.0259385
0.0301898
0.0500409
0.0539932
0.135858
0.00692215
0.00701967
0.00713342
0.00726452
0.00741435
0.00758479
0.00777816
0.00799718
0.00824503
0.0085254
0.00884261
0.00920179
0.00960918
0.0100724
0.0106007
0.0112057
0.0119016
0.0127056
0.0136388
0.0147269
0.0160019
0.0175043
0.019268
0.0212591
0.0233763
0.0258305
0.0301726
0.0481519
0.0521155
0.128164
0.00683098
0.00692497
0.00703419
0.00715951
0.00730243
0.00746493
0.00764937
0.00785853
0.0080956
0.00836426
0.00866888
0.00901462
0.00940776
0.00985598
0.0103687
0.0109577
0.0116373
0.0124251
0.0133426
0.0144158
0.0156774
0.0171674
0.018921
0.020918
0.0230886
0.0256331
0.0300708
0.045926
0.0500663
0.118546
0.00671328
0.00680246
0.00690554
0.0070231
0.0071568
0.0073087
0.00748126
0.00767728
0.00789996
0.00815301
0.00844078
0.00876843
0.00914227
0.00957002
0.0100612
0.0106278
0.0112842
0.0120486
0.0129427
0.0139935
0.0152341
0.0167052
0.0184444
0.020448
0.0226786
0.0253303
0.0298488
0.0435856
0.0480853
0.108237
0.00657291
0.006656
0.00675138
0.0068593
0.0069816
0.00712048
0.00727847
0.0074584
0.00766346
0.00789734
0.00816433
0.00846957
0.00881931
0.00922128
0.00968511
0.0102227
0.0108489
0.0115821
0.0124447
0.0134643
0.0146754
0.0161199
0.01784
0.0198496
0.0221418
0.0249085
0.0294746
0.0412602
0.0462673
0.0982376
0.00641597
0.0064917
0.00657788
0.00667441
0.00678342
0.00690723
0.00704842
0.00720983
0.00739461
0.00760635
0.00784927
0.00812842
0.00844994
0.00882147
0.00925254
0.0097552
0.0103444
0.0110387
0.0118612
0.0128406
0.0140127
0.015422
0.0171168
0.0191284
0.0214777
0.0243553
0.0289251
0.0390232
0.0446118
0.0891826
0.00625053
0.00631762
0.00639316
0.00647679
0.00657096
0.0066781
0.00680083
0.00694196
0.00710452
0.007292
0.00750847
0.0077588
0.00804897
0.0083864
0.00878052
0.00924319
0.00978945
0.0104381
0.0112126
0.0121426
0.0132659
0.0146302
0.0162909
0.0182962
0.0206905
0.0236621
0.0281895
0.0368985
0.0430564
0.0813077
0.00608627
0.00614333
0.0062068
0.00627623
0.0063544
0.00644381
0.00654706
0.00666685
0.0068061
0.00696812
0.00715678
0.00737673
0.00763368
0.0079348
0.00828917
0.00870848
0.00920755
0.0098051
0.0105249
0.0113975
0.0124623
0.013771
0.0153861
0.017371
0.0197906
0.0228269
0.0272702
0.0348772
0.0415147
0.07457
0.0059338
0.00597923
0.0060292
0.00608335
0.00614476
0.00621588
0.00629922
0.0063973
0.00651292
0.0066492
0.00680977
0.006999
0.00722231
0.00748647
0.00780021
0.00817476
0.00862449
0.00916784
0.00982842
0.0106372
0.0116352
0.0128774
0.0144329
0.0163783
0.0187956
0.0218579
0.0261811
0.0329311
0.0399037
0.0687715
0.00580392
0.0058359
0.00587096
0.00590901
0.00595322
0.00600589
0.00606932
0.0061459
0.00623826
0.00634933
0.00648253
0.00664193
0.00683254
0.00706079
0.00733486
0.00766537
0.00806608
0.00855465
0.00915418
0.0098955
0.0108206
0.0119865
0.0134676
0.0153508
0.0177319
0.0207738
0.0249433
0.0310226
0.0381554
0.06366
0.00570702
0.00572363
0.00574249
0.00576381
0.00579061
0.00582489
0.00586877
0.0059245
0.00599456
0.00608168
0.00618906
0.00632046
0.00648056
0.00667527
0.00691225
0.00720142
0.00755558
0.00799146
0.00853112
0.00920466
0.0100539
0.0111368
0.0125305
0.0143287
0.0166367
0.0196067
0.0235849
0.0291125
0.0362196
0.0589973
0.00565235
0.00565194
0.00565378
0.005658
0.00566737
0.00568362
0.00570872
0.00574472
0.00579388
0.00585876
0.00594233
0.00604814
0.00618054
0.00634505
0.00654875
0.00680072
0.00711283
0.00750055
0.00798469
0.00859413
0.00936964
0.0103683
0.0116673
0.013363
0.0155648
0.0184115
0.0221515
0.0271796
0.034083
0.0546107
0.00564654
0.00562925
0.0056144
0.00560206
0.00559487
0.0055942
0.0056016
0.00561888
0.00564812
0.00569176
0.00575269
0.00583435
0.00594091
0.0060775
0.00625056
0.00646826
0.00674114
0.00708324
0.00751361
0.00805904
0.00875766
0.00966319
0.010849
0.0124075
0.0144442
0.0170811
0.0204967
0.0250374
0.0316193
0.0505236
0.00568166
0.00565559
0.0056318
0.00560846
0.00558713
0.00556956
0.00555792
0.00555461
0.00556218
0.00558334
0.00562099
0.00567845
0.00575963
0.0058692
0.00601288
0.00619771
0.0064328
0.0067306
0.00710856
0.00759112
0.0082131
0.00902429
0.0100932
0.0115071
0.0133646
0.0157707
0.018829
0.0228353
0.0289341
0.0468344
0.0433667
0.0402233
0.036611
0.0329109
0.0292152
0.0255356
0.0219563
0.0185566
0.0154
0.012535
0.00999188
0.00778281
0.00590635
0.00435314
0.00311155
0.0021726
0.00153323
0.00119826
0.00117862
0.00148857
0.00214132
0.00314284
0.004485
0.00614227
0.00807032
0.0102067
0.0124751
0.0148547
0.0172788
0.0194636
0.0264449
0.0247353
0.0229737
0.0209002
0.0188004
0.0166833
0.0146016
0.0126037
0.0107263
0.00899683
0.00743244
0.00604143
0.00482505
0.00377999
0.00290076
0.00218179
0.001619
0.00121056
0.000957585
0.000863463
0.000932
0.00116533
0.00156197
0.00211329
0.00280212
0.00360018
0.00447238
0.00539812
0.00619844
0.00700551
0.0210328
0.0197197
0.0183778
0.0167206
0.0150545
0.013399
0.0117937
0.0102696
0.00884602
0.0075355
0.00634525
0.00527814
0.00433377
0.00350935
0.00280068
0.00220309
0.00171225
0.0013249
0.0010393
0.000855565
0.000775686
0.000803403
0.000943525
0.00120047
0.001576
0.00206564
0.00265553
0.0033269
0.0039552
0.00457268
0.0175581
0.0165768
0.0155633
0.0142424
0.0129118
0.0115836
0.0102892
0.00905288
0.0078889
0.00680681
0.00581263
0.00490992
0.00410024
0.00338352
0.00275831
0.00222223
0.00177243
0.00140604
0.00112062
0.000914687
0.000788339
0.000743839
0.000785676
0.000919468
0.0011493
0.00147318
0.00187895
0.00234774
0.00275647
0.00314812
0.0147996
0.0140151
0.0132002
0.0121649
0.0111375
0.0101095
0.00909709
0.00811355
0.00716878
0.00627159
0.0054296
0.00464937
0.00393623
0.00329411
0.00272533
0.00223067
0.0018095
0.0014601
0.00118007
0.000966905
0.000818741
0.000735087
0.000717101
0.000766915
0.000885935
0.00107236
0.0013191
0.00161772
0.0018858
0.00214768
0.0125892
0.011959
0.0112944
0.0104825
0.00969078
0.00890005
0.00811229
0.00733251
0.00656623
0.00582073
0.00510431
0.00442554
0.00379257
0.0032125
0.00269078
0.00223087
0.00183425
0.00150051
0.00122785
0.00101361
0.000854953
0.000749502
0.000695491
0.000691466
0.000735682
0.000825598
0.000957565
0.00112975
0.00129507
0.00145974
0.0108794
0.0103708
0.00982438
0.00918016
0.00855876
0.00794001
0.00731744
0.00669088
0.00606221
0.00543667
0.00482199
0.00422737
0.00366239
0.00313605
0.00265587
0.0022273
0.00185347
0.00153525
0.00127167
0.0010604
0.000898325
0.00078195
0.000707541
0.000671141
0.000668772
0.000697024
0.000753692
0.000838963
0.000929728
0.0010244
0.00957613
0.00916059
0.00870563
0.00818438
0.00768406
0.00718628
0.00668211
0.00616797
0.00564319
0.00511096
0.00457782
0.00405257
0.00354517
0.00306554
0.00262239
0.0022225
0.00187023
0.00156754
0.00131427
0.00110857
0.000947306
0.00082638
0.000740942
0.000685688
0.000655491
0.000646417
0.000656237
0.000684994
0.000724012
0.000769574
0.00858797
0.00824065
0.00785288
0.00741982
0.0070054
0.00659294
0.00617361
0.00574172
0.00529508
0.00483519
0.00436719
0.00389901
0.00344035
0.00300129
0.00259115
0.00221748
0.00188549
0.001598
0.00135552
0.00115664
0.00099834
0.000876278
0.000785131
0.00071909
0.000672635
0.000641463
0.000623093
0.000616642
0.000621156
0.000634668
0.00783537
0.00753656
0.00719835
0.00682876
0.00647533
0.00612369
0.00576528
0.00539371
0.00500587
0.004602
0.00418595
0.00376464
0.00334711
0.00294322
0.0025624
0.00221255
0.00189942
0.00162639
0.00139452
0.00120277
0.00104829
0.000926775
0.000832845
0.000760649
0.000704668
0.000660416
0.000625096
0.000597086
0.0005793
0.00057324
0.00725731
0.00699335
0.006692
0.00636803
0.0060586
0.0057507
0.00543649
0.00510941
0.00476588
0.00440532
0.00403056
0.00364757
0.00326463
0.0028911
0.00253616
0.00220776
0.00191188
0.00165229
0.0014304
0.0012455
0.00109498
0.000974725
0.000879534
0.000803754
0.000742043
0.000689849
0.000644141
0.00060284
0.000570874
0.00055319
0.00680922
0.0065712
0.00629778
0.00600773
0.00573008
0.00545375
0.00517171
0.00487752
0.00456732
0.00424008
0.00389795
0.00354615
0.00319214
0.00284464
0.00251236
0.00220306
0.00192274
0.00167534
0.00146254
0.0012839
0.00113709
0.00101825
0.000922508
0.000844503
0.000779123
0.000721882
0.000669495
0.000619986
0.00057903
0.000554606
0.00645988
0.00624144
0.00598968
0.00572526
0.00547098
0.00521784
0.0049592
0.00468915
0.0044038
0.004102
0.00378551
0.00345892
0.00312896
0.00280359
0.00249095
0.00219841
0.00193189
0.00169534
0.00149061
0.00131749
0.00117391
0.00105635
0.000960267
0.000880664
0.000812661
0.000751856
0.000695138
0.000640574
0.000594028
0.000566027
0.00618719
0.00598393
0.00574943
0.00550481
0.0052681
0.00503173
0.00478986
0.00453715
0.00427001
0.00398742
0.00369092
0.0033846
0.00307447
0.00276772
0.00247186
0.00219384
0.00193933
0.00171225
0.00151453
0.00134611
0.00120521
0.00108859
0.000992048
0.000910973
0.000840774
0.000777365
0.000717819
0.000660237
0.000610419
0.000580964
0.00597508
0.00578405
0.0055637
0.00533445
0.00511082
0.00488653
0.00465622
0.0044156
0.00416153
0.00389325
0.00361223
0.00332207
0.00302809
0.00273679
0.00245505
0.00218938
0.00194516
0.00172618
0.00153439
0.00136988
0.00123105
0.00111493
0.00101766
0.000935035
0.000862812
0.000797396
0.000735962
0.000676714
0.000625252
0.00059574
0.00581189
0.00563089
0.00542217
0.00520486
0.00499077
0.00477483
0.00455216
0.00431955
0.00407467
0.00381693
0.00354774
0.00327027
0.00298926
0.00271056
0.0024405
0.00218514
0.00194954
0.00173735
0.00155045
0.00138903
0.00125164
0.00113556
0.00103727
0.000952921
0.000878805
0.000811733
0.000749019
0.000688998
0.000636976
0.000608256
0.00568899
0.00551608
0.00531671
0.00510856
0.00490112
0.00469051
0.00447277
0.00424515
0.00400651
0.00375636
0.00349599
0.00322825
0.0029574
0.00268877
0.00242817
0.00218122
0.00195269
0.001746
0.001563
0.00140387
0.00126731
0.00115083
0.00105123
0.000965076
0.000889139
0.000820637
0.000757042
0.000696804
0.000644876
0.000617283
0.0055996
0.00543307
0.00524102
0.00503962
0.00483662
0.00462915
0.00441426
0.00418953
0.00395478
0.00370979
0.00345568
0.0031951
0.00293197
0.00267115
0.00241799
0.00217773
0.00195479
0.00175241
0.00157232
0.0014147
0.00127837
0.00116109
0.00105999
0.000972029
0.000894327
0.000824561
0.000760325
0.000700177
0.00064867
0.000622143
0.0055383
0.00537665
0.00519029
0.00499372
0.00479342
0.00458752
0.0043739
0.00415058
0.00391776
0.0036758
0.00342574
0.00317008
0.00291248
0.00265744
0.00240992
0.00217473
0.00195602
0.00175678
0.00157864
0.00142178
0.00128512
0.00116667
0.0010639
0.00097412
0.000894801
0.000823916
0.000759157
0.000699261
0.000648318
0.000622576
0.00550055
0.00534269
0.00516083
0.00496779
0.00476893
0.00456341
0.00434978
0.0041267
0.00389412
0.00365331
0.00340531
0.00315254
0.00289851
0.00264743
0.00240387
0.00217228
0.00195648
0.00175927
0.00158215
0.00142531
0.00128779
0.00116785
0.00106326
0.000971672
0.000890844
0.000818845
0.000753802
0.000694273
0.000643951
0.000618638
0.00548265
0.00532795
0.00514977
0.00495947
0.00476138
0.00455536
0.00434068
0.00411667
0.0038829
0.00364151
0.00339375
0.00314204
0.00288978
0.00264095
0.00239978
0.00217037
0.00195625
0.00175998
0.00158296
0.00142541
0.00128652
0.00116476
0.00105823
0.000964853
0.00088267
0.000809807
0.000744588
0.000685518
0.000635857
0.000610574
0.0054814
0.00532983
0.00515499
0.00496698
0.00476942
0.0045623
0.00434573
0.00411961
0.00388345
0.00363984
0.00339065
0.00313828
0.00288609
0.00263789
0.0023976
0.002169
0.00195532
0.00175893
0.00158112
0.00142215
0.00128138
0.00115751
0.00104892
0.000953808
0.000870456
0.000796965
0.000731775
0.000673336
0.000624407
0.000598797
0.00549389
0.00534594
0.00517452
0.0049888
0.00479177
0.00458348
0.00436426
0.00413488
0.00389535
0.00364799
0.00339582
0.00314117
0.00288743
0.00263825
0.00239733
0.00216815
0.00195367
0.00175608
0.0015766
0.00141552
0.00127239
0.00114615
0.00103544
0.000938686
0.000854283
0.000780521
0.000715701
0.00065808
0.000610041
0.000583798
0.00551725
0.00537391
0.00520658
0.00502358
0.00482731
0.00461787
0.00439565
0.00416211
0.00391831
0.00366594
0.00340931
0.00315085
0.00289391
0.00264212
0.00239899
0.00216776
0.00195119
0.00175129
0.00156926
0.00140543
0.00125952
0.00113072
0.00101788
0.000919624
0.000834419
0.000760721
0.000696538
0.000640138
0.00059323
0.00056615
0.00554854
0.00541131
0.00524939
0.00507004
0.00487526
0.00466469
0.00443935
0.00420115
0.00395223
0.00369394
0.00343149
0.00316769
0.00290589
0.00264973
0.00240265
0.00216776
0.00194767
0.00174431
0.00155885
0.0013917
0.00124271
0.00111127
0.000996412
0.000896877
0.000811203
0.000737776
0.00067468
0.000619927
0.000574457
0.000546529
0.00558462
0.00545555
0.00530087
0.00512683
0.00493413
0.00472304
0.00449481
0.00425189
0.0039973
0.00373251
0.00346301
0.0031924
0.00292395
0.00266147
0.00240845
0.00216803
0.00194281
0.00173472
0.00154497
0.00137401
0.00122179
0.00108785
0.000971275
0.000870817
0.000785024
0.000712242
0.00065057
0.000597944
0.00055432
0.000525726
0.00562183
0.0055038
0.00535885
0.00519174
0.00500253
0.00479192
0.00456164
0.00431452
0.00405425
0.00378283
0.00350521
0.00322624
0.00294915
0.002678
0.00241664
0.00216843
0.00193616
0.00172193
0.00152702
0.00135191
0.00119654
0.00106055
0.000942844
0.000842053
0.000756642
0.000684911
0.000624919
0.000574813
0.000533668
0.000504603
0.0056546
0.00555238
0.00542054
0.00526237
0.00507853
0.00487037
0.0046399
0.00439
0.00412474
0.0038471
0.00356064
0.00327161
0.00298345
0.00270072
0.0024279
0.00216896
0.00192721
0.0017051
0.00150406
0.00132463
0.00116657
0.00102921
0.000911248
0.000810981
0.000726668
0.000656518
0.000598688
0.000551279
0.00051263
0.000483291
0.00567502
0.00559661
0.00548275
0.00533753
0.00516304
0.00496117
0.0047339
0.00448387
0.00421517
0.00393163
0.00363563
0.00333409
0.00303126
0.00273256
0.00244357
0.00216944
0.00191446
0.00168172
0.00147296
0.00128881
0.00112906
0.000990516
0.000873139
0.000774348
0.000692021
0.000624172
0.000568807
0.000523985
0.000487414
0.000459654
0.00567228
0.00562265
0.00553058
0.0054028
0.0052425
0.00505194
0.0048331
0.00458782
0.00431892
0.00403032
0.00372473
0.00340882
0.00308831
0.00276998
0.00246101
0.00216815
0.001897
0.00165155
0.00143376
0.00124368
0.00107976
0.000941881
0.000825898
0.000729182
0.000649242
0.000583746
0.00053072
0.000488178
0.000454588
0.000433896
0.0217804
0.00832146
0.00558341
0.00380976
0.00258238
0.0017505
0.00120949
0.000879079
0.00069234
0.000594924
0.000548716
0.000530431
0.000526749
0.000530087
0.000536035
0.000542006
0.000546528
0.000548821
0.000548555
0.000545686
0.000540329
0.000532704
0.000523096
0.000511829
0.000499235
0.000485641
0.000471319
0.000456202
0.000440294
0.000427543
0.0247762
0.00970874
0.00654153
0.00447438
0.00304284
0.00208039
0.00144246
0.00103854
0.00079737
0.000661337
0.000588919
0.000553564
0.000539268
0.000536482
0.000539423
0.000544542
0.000549681
0.000553543
0.000555374
0.000554807
0.000551734
0.000546226
0.000538463
0.000528685
0.000517169
0.000504224
0.000490175
0.000475344
0.000460526
0.000447089
0.0284155
0.0110274
0.00752704
0.00515698
0.00353253
0.00244726
0.00171582
0.00123682
0.000936239
0.000754627
0.00064823
0.000588062
0.000555908
0.000540456
0.000534633
0.000533968
0.000535606
0.000537735
0.000539188
0.000539264
0.000537596
0.000534049
0.000528636
0.000521462
0.000512692
0.000502525
0.000491162
0.000478887
0.000466608
0.000455485
0.0327154
0.0121707
0.00847524
0.00575892
0.00398004
0.00281085
0.00200947
0.00146631
0.00110875
0.000879262
0.000734346
0.000644108
0.000588957
0.000556197
0.000537582
0.000527711
0.000522991
0.000521019
0.000520164
0.000519339
0.000517856
0.000515314
0.000511516
0.000506396
0.000499981
0.000492336
0.000483513
0.000473683
0.000463874
0.000455688
0.0377557
0.0131996
0.00945689
0.00633757
0.00443101
0.00319867
0.00233753
0.00173458
0.00132031
0.00104056
0.000853297
0.000728553
0.000645938
0.000591692
0.000556519
0.000534113
0.000520136
0.000511558
0.000506246
0.000502687
0.000499831
0.000496967
0.00049364
0.000489574
0.000484625
0.000478714
0.000471768
0.000463864
0.00045604
0.000450174
0.0437678
0.01411
0.0104971
0.00687176
0.00486818
0.00359514
0.00268628
0.00203114
0.00156405
0.00123502
0.0010043
0.000842647
0.000729499
0.000650468
0.000595463
0.000557409
0.000531291
0.000513497
0.00050139
0.000493028
0.000486984
0.000482217
0.000477986
0.000473779
0.000469254
0.000464181
0.000458369
0.000451788
0.000445366
0.000441039
0.0510332
0.0149315
0.0116376
0.00734789
0.00528356
0.00398964
0.00304317
0.00234371
0.00182919
0.00145399
0.00118106
0.00098232
0.000837454
0.000731833
0.000654864
0.000598881
0.000558315
0.000529061
0.00050804
0.000492909
0.000481886
0.000473609
0.00046705
0.000461449
0.000456259
0.000451084
0.000445602
0.000439667
0.000434003
0.000430422
0.0598307
0.0157179
0.0129232
0.0077547
0.00567251
0.00437127
0.00339414
0.0026575
0.00210153
0.00168478
0.00137288
0.00113901
0.000963294
0.000831093
0.00073155
0.000656605
0.000600278
0.000558088
0.000526606
0.000503167
0.000485677
0.000472494
0.000462329
0.000454185
0.000447307
0.000441129
0.000435192
0.000429214
0.000423681
0.000420131
0.070344
0.016543
0.0143944
0.00808392
0.00603197
0.00472802
0.00372434
0.00295698
0.00236565
0.00191288
0.0015667
0.0013014
0.0010975
0.000940439
0.000819272
0.000725707
0.0006535
0.000597902
0.000555241
0.00052262
0.000497716
0.000478659
0.000463944
0.000452367
0.000442986
0.000435062
0.000428
0.000421385
0.000415446
0.00041137
0.0825581
0.0174961
0.0160746
0.00833314
0.0063597
0.00504774
0.00402002
0.00322788
0.00260719
0.00212439
0.00174953
0.00145762
0.00122948
0.00105063
0.000910087
0.000799481
0.000712409
0.000643964
0.00059032
0.000548434
0.000515836
0.000490502
0.000470761
0.000455248
0.000442857
0.000432702
0.000424056
0.000416378
0.000409653
0.000404683
0.0960723
0.0186561
0.0179533
0.00850652
0.00665226
0.00531955
0.00427027
0.00345894
0.00281466
0.00230794
0.00191034
0.00159719
0.00134944
0.00115267
0.00099591
0.000870745
0.00077073
0.000690876
0.000627276
0.000576807
0.000536923
0.000505507
0.000480786
0.000461274
0.000445742
0.000433178
0.000422748
0.000413799
0.000406097
0.000400069
0.10999
0.0200514
0.0199658
0.0086139
0.00690368
0.00553543
0.00446807
0.00364277
0.00298043
0.00245574
0.00204125
0.00171224
0.00144968
0.00123918
0.00106978
0.000933076
0.000822625
0.00073342
0.000661524
0.000603783
0.000557613
0.000520859
0.000491689
0.000468544
0.000450107
0.000435274
0.000423124
0.000412917
0.000404236
0.000397179
0.122967
0.0216177
0.0219825
0.0086684
0.00710548
0.00569148
0.00461062
0.00377605
0.00310087
0.00256381
0.00213785
0.00179802
0.00152521
0.00130506
0.00112667
0.000981639
0.000863547
0.000767398
0.00068926
0.000625975
0.000574952
0.00053402
0.000501322
0.000475259
0.000454462
0.000437767
0.000424194
0.000412935
0.000403439
0.000395533
0.133388
0.0231463
0.0237709
0.00868421
0.00724848
0.00578853
0.00469905
0.00385921
0.00317607
0.00263162
0.00219894
0.00185272
0.00157376
0.00134775
0.00116381
0.00101359
0.000890675
0.0007901
0.000707944
0.000641059
0.000586854
0.000543155
0.000508096
0.000480064
0.000457665
0.000439703
0.000425162
0.000413195
0.00040316
0.000394693
0.139217
0.0241695
0.0248627
0.00868278
0.00732239
0.00583205
0.00473848
0.00389613
0.00320927
0.00266163
0.0022261
0.00187716
0.00159555
0.00136697
0.00118058
0.00102805
0.000902991
0.000800433
0.00071647
0.000647955
0.0005923
0.000547326
0.000511168
0.000482216
0.000459071
0.00044053
0.000425562
0.000413299
0.000403052
0.000394361
0.139272
0.0241879
0.0249049
0.00868982
0.00731716
0.00582871
0.00473473
0.00389189
0.00320504
0.00265763
0.00222239
0.00187375
0.00159244
0.00136417
0.00117807
0.00102583
0.000901047
0.000798764
0.000715058
0.000646772
0.00059131
0.000546488
0.000510454
0.000481609
0.00045857
0.000440137
0.00042528
0.00041313
0.000402996
0.000394411
0.133545
0.0231963
0.023886
0.00870549
0.00723459
0.0057791
0.00468835
0.00384696
0.00316372
0.00261988
0.00218804
0.00184273
0.00156468
0.00133956
0.00115649
0.00100712
0.000885044
0.000785272
0.00070386
0.000637632
0.000583975
0.000540715
0.000506015
0.000478301
0.000456214
0.000438573
0.000424364
0.000412733
0.000403032
0.000394882
0.123207
0.0216877
0.0221408
0.00870296
0.00708738
0.00567756
0.00459442
0.00375705
0.00308138
0.00254514
0.00212051
0.00178217
0.00151086
0.00129218
0.00111521
0.000971584
0.000854841
0.000759961
0.000682975
0.000620687
0.000570489
0.000530224
0.000498087
0.00047254
0.000452252
0.00043608
0.000423043
0.000412329
0.000403373
0.000395981
0.11029
0.0201307
0.0201346
0.00865894
0.00688639
0.0055191
0.00444818
0.00361865
0.0029551
0.00243124
0.00201848
0.00169152
0.00143103
0.00122258
0.00105517
0.000920382
0.000811736
0.000724183
0.00065374
0.000597222
0.000552054
0.000516125
0.000487678
0.000465219
0.000447469
0.000433339
0.000421908
0.000412427
0.000404465
0.000398089
0.0964111
0.0187385
0.0181055
0.00855721
0.00663987
0.00530304
0.00424852
0.00343147
0.00278504
0.00227894
0.00188337
0.00157276
0.00132767
0.00113353
0.000979302
0.000856524
0.000758698
0.000680778
0.000618814
0.00056968
0.000530883
0.00050039
0.000476512
0.000457825
0.000443126
0.000431414
0.000421852
0.000413774
0.00040693
0.000401711
0.0829189
0.0175794
0.016192
0.00838283
0.00635438
0.00503308
0.00399816
0.00319889
0.00257503
0.00209252
0.00171986
0.00143092
0.00120597
0.0010303
0.000892769
0.00078494
0.000700331
0.000633972
0.000582017
0.000541478
0.000509987
0.000485628
0.000466814
0.000452226
0.000440778
0.000431585
0.000423916
0.000417214
0.000411441
0.000407359
0.0707152
0.0166278
0.0144687
0.00812539
0.00603336
0.00471658
0.00370387
0.0029283
0.00233294
0.0018801
0.00153618
0.00127417
0.00107389
0.000920414
0.000802606
0.000712055
0.000642419
0.000588896
0.000547858
0.000516521
0.000492704
0.000474645
0.000460907
0.000450321
0.000441953
0.000435064
0.000429046
0.000423467
0.000418528
0.00041537
0.0602059
0.0158056
0.0129543
0.00778151
0.00567772
0.0043633
0.00337618
0.00263085
0.00207039
0.0016533
0.00134363
0.00111322
0.000941347
0.000812928
0.000716859
0.000644929
0.000591058
0.000550771
0.000520753
0.000498498
0.000482055
0.000469873
0.00046071
0.000453592
0.000447766
0.000442658
0.000437793
0.00043287
0.000428344
0.000425702
0.0514082
0.0150225
0.0116309
0.00735533
0.00528797
0.00398401
0.00302828
0.00232059
0.00180168
0.00142606
0.00115529
0.000959955
0.00081888
0.00071693
0.000643245
0.000589991
0.000551556
0.000523916
0.000504155
0.000490098
0.000480075
0.00047279
0.000467243
0.00046268
0.00045855
0.000454444
0.000450028
0.000445132
0.000440449
0.000437731
0.0441392
0.0142027
0.01046
0.00685718
0.00486664
0.00358969
0.00267438
0.00201267
0.00154189
0.00121258
0.000983869
0.00082535
0.000715617
0.000639808
0.00058758
0.000551739
0.000527299
0.000510791
0.000499746
0.000492357
0.000487274
0.000483489
0.000480267
0.000477085
0.000473594
0.000469554
0.000464763
0.000459175
0.00045368
0.000450149
0.0381194
0.0132908
0.00939613
0.0063005
0.00441933
0.00319101
0.00232811
0.00172131
0.00130457
0.00102481
0.000839324
0.000717203
0.000637351
0.000585613
0.000552514
0.00053171
0.000518958
0.000511379
0.000506971
0.000504314
0.000502394
0.000500498
0.000498153
0.000495067
0.000491083
0.000486123
0.000480111
0.000473119
0.000466149
0.000460995
0.0330663
0.0122553
0.00839605
0.00570111
0.00395628
0.00279932
0.00200185
0.0014582
0.0010996
0.000870343
0.000726854
0.000638579
0.000585403
0.000554361
0.000537126
0.000528331
0.0005245
0.000523336
0.000523292
0.000523326
0.000522748
0.000521128
0.000518238
0.000513999
0.000508427
0.000501595
0.000493568
0.000484526
0.000475472
0.000467915
0.0287487
0.0110999
0.00743363
0.00508316
0.00349792
0.00243154
0.00170933
0.00123312
0.000932812
0.000751555
0.00064614
0.000587266
0.000556375
0.000542008
0.000537099
0.000537229
0.000539615
0.00054249
0.000544722
0.000545613
0.000544765
0.000542008
0.000537337
0.000530853
0.000522718
0.000513149
0.000502376
0.000490711
0.000479054
0.00046848
0.0250911
0.00975994
0.00643396
0.00439288
0.00300353
0.00206278
0.00143707
0.00103809
0.000798008
0.000662265
0.000590397
0.000555831
0.000542366
0.000540383
0.000544131
0.000550094
0.000556083
0.000560768
0.000563381
0.000563521
0.000561063
0.000556074
0.000548732
0.000539293
0.000528053
0.000515354
0.000501571
0.000487088
0.000472707
0.000459735
0.0220902
0.0083463
0.00546246
0.00373022
0.00254507
0.00173323
0.00120463
0.000879963
0.000694712
0.000597604
0.000551829
0.000534236
0.000531395
0.000535671
0.000542653
0.000549737
0.00055535
0.000558606
0.000559093
0.000556725
0.000551633
0.000544074
0.000534373
0.000522886
0.000509998
0.000496086
0.000481493
0.000466248
0.000450442
0.000438081
0.000422107
0.00040921
0.000392789
0.000376507
0.000361154
0.000346703
0.000333086
0.000320275
0.000308232
0.000296903
0.000286231
0.00027616
0.000266638
0.000257616
0.000249052
0.000240906
0.000233141
0.000225727
0.000218632
0.000211832
0.000205302
0.000199021
0.00019297
0.00018713
0.000181486
0.000176023
0.000170729
0.000165591
0.000160598
0.000155742
0.000151013
0.000146403
0.000141906
0.000137515
0.000133224
0.00012903
0.000124926
0.000120909
0.000116976
0.000113123
0.000109348
0.000105648
0.000102021
9.84657e-05
9.498e-05
9.15627e-05
8.82125e-05
8.49285e-05
8.17097e-05
7.85552e-05
7.54643e-05
7.24384e-05
6.9476e-05
6.65765e-05
6.37396e-05
6.0965e-05
5.82522e-05
5.5601e-05
5.30117e-05
5.0484e-05
4.8018e-05
4.56138e-05
4.32713e-05
4.09905e-05
3.87714e-05
3.66139e-05
3.45182e-05
3.24841e-05
3.05116e-05
2.8601e-05
2.67522e-05
2.49653e-05
2.32401e-05
2.15769e-05
1.99755e-05
1.84359e-05
1.69582e-05
1.55422e-05
1.41881e-05
1.28958e-05
1.16654e-05
1.04967e-05
9.38995e-06
8.34488e-06
7.36151e-06
6.4399e-06
5.58006e-06
4.78193e-06
4.04551e-06
3.37057e-06
2.75705e-06
2.2049e-06
1.71426e-06
1.28561e-06
9.18802e-07
6.13056e-07
3.6827e-07
1.85382e-07
6.47161e-08
6.98282e-09
0.000427693
0.000412018
0.000395884
0.000380074
0.000365126
0.000351066
0.000337802
0.000325272
0.00031343
0.000302227
0.000291614
0.000281544
0.000271972
0.000262861
0.000254172
0.000245874
0.000237936
0.000230332
0.000223036
0.000216026
0.000209282
0.000202785
0.000196518
0.000190464
0.00018461
0.000178943
0.00017345
0.000168121
0.000162945
0.000157913
0.000153017
0.000148249
0.000143602
0.000139071
0.000134648
0.000130329
0.00012611
0.000121985
0.000117952
0.000114007
0.000110146
0.000106367
0.000102668
9.90459e-05
9.54994e-05
9.20265e-05
8.86259e-05
8.52961e-05
8.20361e-05
7.88451e-05
7.57224e-05
7.26653e-05
6.96742e-05
6.67488e-05
6.38886e-05
6.10928e-05
5.83617e-05
5.56946e-05
5.30914e-05
5.05515e-05
4.8075e-05
4.56614e-05
4.33108e-05
4.1023e-05
3.87978e-05
3.66352e-05
3.45351e-05
3.24972e-05
3.05217e-05
2.86084e-05
2.67574e-05
2.49686e-05
2.32421e-05
2.15776e-05
1.99752e-05
1.84349e-05
1.69567e-05
1.55403e-05
1.41859e-05
1.28934e-05
1.16628e-05
1.04943e-05
9.38753e-06
8.34252e-06
7.35929e-06
6.43779e-06
5.578e-06
4.7799e-06
4.04346e-06
3.36868e-06
2.75552e-06
2.20387e-06
1.71372e-06
1.28513e-06
9.18192e-07
6.12522e-07
3.67926e-07
1.85206e-07
6.46811e-08
6.975e-09
0.000432036
0.000415071
0.0003983
0.0003822
0.000367244
0.000353346
0.000340312
0.000328018
0.000316385
0.00030535
0.000294861
0.000284869
0.000275336
0.000266226
0.000257507
0.000249153
0.000241136
0.000233435
0.000226029
0.000218898
0.000212025
0.000205394
0.00019899
0.000192798
0.000186807
0.000181004
0.000175378
0.00016992
0.000164619
0.000159466
0.000154455
0.000149578
0.000144827
0.000140196
0.000135681
0.000131275
0.000126973
0.000122772
0.000118668
0.000114656
0.000110734
0.000106898
0.000103147
9.94764e-05
9.58855e-05
9.2372e-05
8.89342e-05
8.55705e-05
8.22794e-05
7.90599e-05
7.59107e-05
7.28309e-05
6.98197e-05
6.68763e-05
6.4e-05
6.11901e-05
5.84461e-05
5.57675e-05
5.31539e-05
5.0605e-05
4.81203e-05
4.56997e-05
4.33428e-05
4.10496e-05
3.88197e-05
3.6653e-05
3.45494e-05
3.25086e-05
3.05305e-05
2.86151e-05
2.67623e-05
2.49719e-05
2.3244e-05
2.15786e-05
1.99754e-05
1.84345e-05
1.69557e-05
1.5539e-05
1.41842e-05
1.28915e-05
1.16608e-05
1.04922e-05
9.38542e-06
8.34047e-06
7.35723e-06
6.4357e-06
5.57593e-06
4.77797e-06
4.04165e-06
3.36693e-06
2.75389e-06
2.20258e-06
1.71278e-06
1.28432e-06
9.17442e-07
6.11928e-07
3.67556e-07
1.8501e-07
6.46014e-08
6.95807e-09
0.000431932
0.000415116
0.000398451
0.000382521
0.000367843
0.000354283
0.00034159
0.000329612
0.000318255
0.000307449
0.00029714
0.000287282
0.00027784
0.000268782
0.000260083
0.000251719
0.00024367
0.000235916
0.000228442
0.00022123
0.000214267
0.000207539
0.000201033
0.000194737
0.000188639
0.00018273
0.000176999
0.000171437
0.000166035
0.000160785
0.00015568
0.000150712
0.000145875
0.000141163
0.00013657
0.000132091
0.000127721
0.000123455
0.00011929
0.000115223
0.000111248
0.000107364
0.000103567
9.98559e-05
9.6227e-05
9.26785e-05
8.92087e-05
8.58157e-05
8.2498e-05
7.92541e-05
7.60828e-05
7.29831e-05
6.99538e-05
6.6994e-05
6.4103e-05
6.12799e-05
5.85241e-05
5.58349e-05
5.3212e-05
5.06547e-05
4.81627e-05
4.57356e-05
4.3373e-05
4.10748e-05
3.88405e-05
3.66701e-05
3.45632e-05
3.25196e-05
3.05392e-05
2.86217e-05
2.67671e-05
2.49753e-05
2.32463e-05
2.15798e-05
1.99758e-05
1.84341e-05
1.69548e-05
1.55377e-05
1.41827e-05
1.28897e-05
1.16588e-05
1.049e-05
9.38317e-06
8.33836e-06
7.3551e-06
6.43335e-06
5.57359e-06
4.77576e-06
4.03955e-06
3.36495e-06
2.75209e-06
2.20099e-06
1.7114e-06
1.28315e-06
9.16474e-07
6.11178e-07
3.67061e-07
1.84742e-07
6.44959e-08
6.93811e-09
0.000427672
0.000412087
0.000396325
0.000381154
0.000367142
0.00035416
0.000341962
0.000330403
0.000319393
0.00030887
0.000298783
0.000289096
0.000279777
0.000270802
0.000262151
0.000253805
0.00024575
0.00023797
0.000230453
0.000223186
0.000216156
0.000209354
0.000202768
0.000196389
0.000190205
0.000184209
0.000178392
0.000172744
0.000167258
0.000161926
0.000156741
0.000151697
0.000146787
0.000142005
0.000137346
0.000132804
0.000128375
0.000124054
0.000119837
0.00011572
0.000111701
0.000107775
0.000103939
0.000100192
9.65295e-05
9.29505e-05
8.94525e-05
8.60339e-05
8.26927e-05
7.94274e-05
7.62367e-05
7.31193e-05
7.0074e-05
6.70997e-05
6.41956e-05
6.13608e-05
5.85945e-05
5.5896e-05
5.32646e-05
5.06999e-05
4.82014e-05
4.57684e-05
4.34006e-05
4.10979e-05
3.88598e-05
3.66858e-05
3.45757e-05
3.25294e-05
3.05469e-05
2.86277e-05
2.67716e-05
2.49785e-05
2.32483e-05
2.15808e-05
1.9976e-05
1.84336e-05
1.69537e-05
1.55362e-05
1.41809e-05
1.28878e-05
1.16566e-05
1.04875e-05
9.38058e-06
8.33559e-06
7.35241e-06
6.43093e-06
5.57124e-06
4.77335e-06
4.03716e-06
3.36267e-06
2.74994e-06
2.19898e-06
1.70961e-06
1.28167e-06
9.15294e-07
6.10283e-07
3.66467e-07
1.84416e-07
6.43725e-08
6.91644e-09
0.000420718
0.000406933
0.000392568
0.000378544
0.000365465
0.000353232
0.000341639
0.000330571
0.000319958
0.000309752
0.000299915
0.000290419
0.000281243
0.00027237
0.000263785
0.000255477
0.000247434
0.000239647
0.000232106
0.000224801
0.000217724
0.000210867
0.000204219
0.000197774
0.000191522
0.000185456
0.000179568
0.000173849
0.000168294
0.000162894
0.000157644
0.000152536
0.000147565
0.000142724
0.000138009
0.000133415
0.000128936
0.000124568
0.000120307
0.000116149
0.000112091
0.000108129
0.00010426
0.000100482
9.67913e-05
9.31861e-05
8.96641e-05
8.62233e-05
8.28619e-05
7.95782e-05
7.63707e-05
7.3238e-05
7.01788e-05
6.7192e-05
6.42766e-05
6.14316e-05
5.86561e-05
5.59494e-05
5.33108e-05
5.07396e-05
4.82353e-05
4.57972e-05
4.3425e-05
4.11183e-05
3.88765e-05
3.66992e-05
3.45865e-05
3.25379e-05
3.05534e-05
2.86325e-05
2.67751e-05
2.49808e-05
2.32497e-05
2.15814e-05
1.99758e-05
1.84329e-05
1.69525e-05
1.55345e-05
1.41789e-05
1.28855e-05
1.16542e-05
1.0485e-05
9.37789e-06
8.33273e-06
7.34943e-06
6.42799e-06
5.5684e-06
4.77058e-06
4.03448e-06
3.36009e-06
2.74747e-06
2.19663e-06
1.70751e-06
1.27996e-06
9.13934e-07
6.09268e-07
3.65811e-07
1.84062e-07
6.42389e-08
6.89342e-09
0.000412695
0.000400803
0.000387999
0.000375278
0.000363239
0.000351821
0.000340876
0.000330325
0.000320126
0.000310247
0.000300666
0.000291369
0.000282342
0.000273578
0.000265068
0.000256806
0.000248787
0.000241004
0.000233452
0.000226124
0.000219013
0.000212114
0.00020542
0.000198923
0.000192617
0.000186495
0.000180549
0.000174774
0.000169162
0.000163706
0.000158402
0.000153241
0.000148219
0.00014333
0.000138569
0.00013393
0.000129409
0.000125002
0.000120704
0.000116512
0.000112422
0.00010843
0.000104533
0.000100728
9.70139e-05
9.33865e-05
8.98442e-05
8.63847e-05
8.30061e-05
7.97068e-05
7.6485e-05
7.33393e-05
7.02683e-05
6.72709e-05
6.43458e-05
6.14921e-05
5.87088e-05
5.59951e-05
5.33502e-05
5.07735e-05
4.82642e-05
4.58219e-05
4.34458e-05
4.11354e-05
3.88905e-05
3.67106e-05
3.45955e-05
3.2545e-05
3.05587e-05
2.86364e-05
2.67777e-05
2.49824e-05
2.32503e-05
2.15813e-05
1.99752e-05
1.84318e-05
1.6951e-05
1.55326e-05
1.41766e-05
1.28829e-05
1.16515e-05
1.04822e-05
9.37496e-06
8.32971e-06
7.34634e-06
6.42484e-06
5.56524e-06
4.7675e-06
4.03152e-06
3.35724e-06
2.74473e-06
2.19405e-06
1.70521e-06
1.27803e-06
9.12386e-07
6.0814e-07
3.65106e-07
1.83699e-07
6.41077e-08
6.87112e-09
0.000404953
0.000394702
0.000383356
0.000371894
0.000360859
0.000350229
0.000339909
0.000329855
0.000320052
0.000310486
0.000301152
0.000292045
0.000283164
0.000274506
0.000266072
0.00025786
0.000249869
0.000242097
0.000234541
0.000227199
0.000220065
0.000213135
0.000206404
0.000199867
0.000193518
0.000187351
0.00018136
0.000175538
0.00016988
0.000164379
0.00015903
0.000153826
0.000148763
0.000143834
0.000139034
0.000134359
0.000129804
0.000125364
0.000121036
0.000116815
0.000112698
0.000108681
0.000104761
0.000100935
9.72001e-05
9.35543e-05
8.99949e-05
8.65198e-05
8.31269e-05
7.98145e-05
7.65807e-05
7.34242e-05
7.03433e-05
6.73369e-05
6.44037e-05
6.15427e-05
5.87529e-05
5.60333e-05
5.33831e-05
5.08017e-05
4.82883e-05
4.58423e-05
4.3463e-05
4.11496e-05
3.89019e-05
3.67198e-05
3.46028e-05
3.25506e-05
3.05628e-05
2.86392e-05
2.67795e-05
2.49833e-05
2.32504e-05
2.15808e-05
1.99742e-05
1.84304e-05
1.69491e-05
1.55304e-05
1.41741e-05
1.28802e-05
1.16486e-05
1.04792e-05
9.37188e-06
8.32654e-06
7.3431e-06
6.42156e-06
5.56193e-06
4.76419e-06
4.02828e-06
3.35415e-06
2.7418e-06
2.19133e-06
1.70279e-06
1.27598e-06
9.10766e-07
6.06985e-07
3.64398e-07
1.83348e-07
6.39888e-08
6.85091e-09
0.000398382
0.000389321
0.000379165
0.000368781
0.00035862
0.000348683
0.000338915
0.000329306
0.000319858
0.000310575
0.000301463
0.000292528
0.000283779
0.000275219
0.000266855
0.000258691
0.000250729
0.000242971
0.000235416
0.000228065
0.000220914
0.000213961
0.000207203
0.000200634
0.000194251
0.000188048
0.00018202
0.000176161
0.000170466
0.000164929
0.000159544
0.000154305
0.000149208
0.000144246
0.000139416
0.000134711
0.000130128
0.000125662
0.000121308
0.000117064
0.000112925
0.000108887
0.000104948
0.000101104
9.73532e-05
9.36922e-05
9.01189e-05
8.6631e-05
8.32263e-05
7.99031e-05
7.66595e-05
7.3494e-05
7.0405e-05
6.73912e-05
6.44513e-05
6.15843e-05
5.8789e-05
5.60645e-05
5.341e-05
5.08247e-05
4.8308e-05
4.58594e-05
4.34775e-05
4.11612e-05
3.89108e-05
3.67267e-05
3.46083e-05
3.25547e-05
3.05658e-05
2.86413e-05
2.67806e-05
2.49836e-05
2.32501e-05
2.15799e-05
1.99729e-05
1.84287e-05
1.6947e-05
1.5528e-05
1.41715e-05
1.28774e-05
1.16457e-05
1.04761e-05
9.36873e-06
8.32332e-06
7.33984e-06
6.41827e-06
5.55862e-06
4.76088e-06
4.02502e-06
3.35101e-06
2.73882e-06
2.18856e-06
1.70033e-06
1.27393e-06
9.09188e-07
6.05891e-07
3.63755e-07
1.83044e-07
6.38948e-08
6.83448e-09
0.00039338
0.000385008
0.000375708
0.000366162
0.000356699
0.000347325
0.000338016
0.00032878
0.000319631
0.000310588
0.000301666
0.00029288
0.000284243
0.000275769
0.000267467
0.000259345
0.000251409
0.000243664
0.000236112
0.000228755
0.000221592
0.000214622
0.000207842
0.000201249
0.000194839
0.000188608
0.000182551
0.000176662
0.000170937
0.000165371
0.000159957
0.00015469
0.000149566
0.000144578
0.000139723
0.000134994
0.000130389
0.000125901
0.000121528
0.000117264
0.000113107
0.000109053
0.000105099
0.000101241
9.74768e-05
9.38036e-05
9.0219e-05
8.67207e-05
8.33066e-05
7.99747e-05
7.67231e-05
7.35503e-05
7.04548e-05
6.7435e-05
6.44897e-05
6.16178e-05
5.88181e-05
5.60896e-05
5.34315e-05
5.08432e-05
4.83237e-05
4.58721e-05
4.34877e-05
4.11698e-05
3.89183e-05
3.67329e-05
3.46131e-05
3.25583e-05
3.05684e-05
2.86428e-05
2.67813e-05
2.49836e-05
2.32494e-05
2.15787e-05
1.99712e-05
1.84267e-05
1.6945e-05
1.55258e-05
1.4169e-05
1.28748e-05
1.16429e-05
1.04732e-05
9.36573e-06
8.32026e-06
7.33676e-06
6.41517e-06
5.55548e-06
4.75771e-06
4.02187e-06
3.34795e-06
2.73593e-06
2.1859e-06
1.698e-06
1.27202e-06
9.0775e-07
6.04938e-07
3.63228e-07
1.82815e-07
6.38324e-08
6.82236e-09
0.000389938
0.000381823
0.000373069
0.000364121
0.000355176
0.000346232
0.00033728
0.000328338
0.00031943
0.00031058
0.000301811
0.000293145
0.000284601
0.000276196
0.000267944
0.000259856
0.000251942
0.000244208
0.00023666
0.000229298
0.000222126
0.000215142
0.000208345
0.000201733
0.000195302
0.000189049
0.000182968
0.000177057
0.000171309
0.000165719
0.000160282
0.000154994
0.000149848
0.00014484
0.000139965
0.000135218
0.000130594
0.00012609
0.000121701
0.000117423
0.000113252
0.000109185
0.000105218
0.000101349
9.75744e-05
9.38916e-05
9.02981e-05
8.67917e-05
8.337e-05
8.00312e-05
7.67734e-05
7.35949e-05
7.04942e-05
6.74697e-05
6.45201e-05
6.16443e-05
5.88412e-05
5.61096e-05
5.34488e-05
5.08578e-05
4.83359e-05
4.58821e-05
4.34959e-05
4.11767e-05
3.89241e-05
3.67376e-05
3.46167e-05
3.2561e-05
3.05701e-05
2.86438e-05
2.67816e-05
2.49833e-05
2.32487e-05
2.15776e-05
1.99698e-05
1.8425e-05
1.69431e-05
1.55237e-05
1.41669e-05
1.28724e-05
1.16404e-05
1.04706e-05
9.36306e-06
8.31752e-06
7.33397e-06
6.41237e-06
5.55267e-06
4.75489e-06
4.01904e-06
3.34516e-06
2.73329e-06
2.18352e-06
1.69594e-06
1.27037e-06
9.06559e-07
6.04181e-07
3.62821e-07
1.82648e-07
6.37986e-08
6.81465e-09
0.000387795
0.000379649
0.000371202
0.000362649
0.000354064
0.000345428
0.000336739
0.000328017
0.00031929
0.000310586
0.000301933
0.000293358
0.000284884
0.000276531
0.000268317
0.000260255
0.000252357
0.000244631
0.000237083
0.000229718
0.000222538
0.000215543
0.000208733
0.000202105
0.000195658
0.000189387
0.000183289
0.00017736
0.000171594
0.000165986
0.000160532
0.000155226
0.000150064
0.000145041
0.00014015
0.000135389
0.000130752
0.000126235
0.000121833
0.000117544
0.000113362
0.000109285
0.00010531
0.000101432
9.76493e-05
9.39591e-05
9.03589e-05
8.68462e-05
8.34188e-05
8.00748e-05
7.68122e-05
7.36293e-05
7.05245e-05
6.74964e-05
6.45436e-05
6.16649e-05
5.8859e-05
5.61251e-05
5.34621e-05
5.08691e-05
4.83454e-05
4.58901e-05
4.35025e-05
4.11822e-05
3.89286e-05
3.67412e-05
3.46195e-05
3.2563e-05
3.05714e-05
2.86444e-05
2.67816e-05
2.4983e-05
2.32481e-05
2.15767e-05
1.99687e-05
1.84237e-05
1.69415e-05
1.5522e-05
1.4165e-05
1.28704e-05
1.16383e-05
1.04685e-05
9.36082e-06
8.31522e-06
7.33163e-06
6.41009e-06
5.55046e-06
4.75266e-06
4.01671e-06
3.34274e-06
2.73103e-06
2.18154e-06
1.69422e-06
1.26902e-06
9.05639e-07
6.03625e-07
3.62545e-07
1.82549e-07
6.37867e-08
6.80964e-09
0.000386599
0.000378292
0.000369998
0.000361692
0.000353341
0.000344912
0.000336402
0.000327832
0.00031923
0.000310627
0.000302055
0.000293543
0.000285116
0.000276798
0.000268609
0.000260563
0.000252674
0.000244952
0.000237404
0.000230035
0.000222847
0.000215843
0.000209022
0.000202383
0.000195923
0.000189639
0.000183527
0.000177584
0.000171804
0.000166183
0.000160716
0.000155398
0.000150224
0.000145188
0.000140287
0.000135515
0.000130868
0.000126341
0.000121931
0.000117633
0.000113444
0.000109359
0.000105377
0.000101493
9.77044e-05
9.40089e-05
9.04037e-05
8.68864e-05
8.34548e-05
8.0107e-05
7.68409e-05
7.36548e-05
7.05471e-05
6.75163e-05
6.45611e-05
6.16802e-05
5.88724e-05
5.61367e-05
5.34721e-05
5.08777e-05
4.83526e-05
4.58962e-05
4.35077e-05
4.11865e-05
3.89321e-05
3.6744e-05
3.46216e-05
3.25646e-05
3.05724e-05
2.86448e-05
2.67817e-05
2.49828e-05
2.32478e-05
2.15762e-05
1.99679e-05
1.84227e-05
1.69403e-05
1.55207e-05
1.41636e-05
1.28689e-05
1.16367e-05
1.04668e-05
9.35909e-06
8.31347e-06
7.32987e-06
6.40838e-06
5.54878e-06
4.75106e-06
4.01511e-06
3.34093e-06
2.72923e-06
2.17996e-06
1.69289e-06
1.26802e-06
9.04978e-07
6.03229e-07
3.62348e-07
1.82485e-07
6.37924e-08
6.80779e-09
0.000386031
0.000377563
0.000369345
0.00036118
0.000352968
0.000344664
0.000336263
0.000327785
0.000319258
0.000310715
0.00030219
0.000293714
0.000285313
0.000277014
0.000268837
0.000260798
0.000252912
0.000245189
0.000237638
0.000230263
0.000223069
0.000216057
0.000209227
0.000202578
0.000196108
0.000189814
0.000183693
0.000177739
0.00017195
0.000166319
0.000160843
0.000155516
0.000150333
0.000145289
0.00014038
0.000135601
0.000130947
0.000126414
0.000121998
0.000117694
0.000113499
0.00010941
0.000105423
0.000101535
9.77423e-05
9.40431e-05
9.04345e-05
8.69141e-05
8.34797e-05
8.01293e-05
7.68608e-05
7.36725e-05
7.05628e-05
6.75303e-05
6.45734e-05
6.1691e-05
5.88819e-05
5.6145e-05
5.34793e-05
5.08839e-05
4.8358e-05
4.59007e-05
4.35116e-05
4.11898e-05
3.89348e-05
3.67461e-05
3.46233e-05
3.25658e-05
3.05732e-05
2.86454e-05
2.67821e-05
2.4983e-05
2.32477e-05
2.15759e-05
1.99675e-05
1.84221e-05
1.69396e-05
1.55198e-05
1.41626e-05
1.28679e-05
1.16356e-05
1.04656e-05
9.35793e-06
8.3122e-06
7.32846e-06
6.40688e-06
5.54735e-06
4.74961e-06
4.0138e-06
3.34014e-06
2.72858e-06
2.17895e-06
1.69181e-06
1.26734e-06
9.0462e-07
6.02991e-07
3.62185e-07
1.82428e-07
6.38139e-08
6.8097e-09
0.000385864
0.000377323
0.000369146
0.000361051
0.000352906
0.00034466
0.000336308
0.000327869
0.000319372
0.000310853
0.000302344
0.000293878
0.000285485
0.000277189
0.000269011
0.000260971
0.000253081
0.000245354
0.000237796
0.000230415
0.000223214
0.000216195
0.000209358
0.000202702
0.000196224
0.000189923
0.000183795
0.000177835
0.000172039
0.000166402
0.00016092
0.000155587
0.000150399
0.00014535
0.000140436
0.000135652
0.000130994
0.000126457
0.000122037
0.00011773
0.000113532
0.00010944
0.00010545
0.000101559
9.77649e-05
9.40635e-05
9.04529e-05
8.69307e-05
8.34947e-05
8.01428e-05
7.68729e-05
7.36833e-05
7.05726e-05
6.7539e-05
6.45812e-05
6.16979e-05
5.8888e-05
5.61504e-05
5.3484e-05
5.08881e-05
4.83616e-05
4.59039e-05
4.35143e-05
4.11921e-05
3.89368e-05
3.67478e-05
3.46246e-05
3.25668e-05
3.05741e-05
2.8646e-05
2.67826e-05
2.49833e-05
2.32479e-05
2.15759e-05
1.99673e-05
1.84218e-05
1.69392e-05
1.55194e-05
1.41621e-05
1.28673e-05
1.16349e-05
1.04649e-05
9.35717e-06
8.31144e-06
7.32759e-06
6.40593e-06
5.54633e-06
4.74857e-06
4.01281e-06
3.3392e-06
2.72775e-06
2.1785e-06
1.69172e-06
1.26738e-06
9.04609e-07
6.02789e-07
3.62021e-07
1.82409e-07
6.38369e-08
6.81158e-09
0.000385993
0.000377492
0.000369339
0.000361258
0.000353119
0.000344872
0.000336516
0.000328069
0.000319563
0.000311033
0.000302513
0.000294036
0.000285631
0.000277325
0.000269137
0.000261087
0.000253188
0.000245452
0.000237887
0.000230498
0.000223291
0.000216265
0.000209422
0.00020276
0.000196278
0.000189973
0.00018384
0.000177876
0.000172076
0.000166436
0.000160951
0.000155616
0.000150425
0.000145374
0.000140458
0.000135672
0.000131013
0.000126474
0.000122052
0.000117744
0.000113545
0.000109452
0.000105461
0.000101569
9.7774e-05
9.40717e-05
9.04603e-05
8.69374e-05
8.35009e-05
8.01486e-05
7.68783e-05
7.36882e-05
7.0577e-05
6.75431e-05
6.45849e-05
6.17013e-05
5.88911e-05
5.61532e-05
5.34866e-05
5.08904e-05
4.83638e-05
4.59059e-05
4.35161e-05
4.11937e-05
3.89382e-05
3.67489e-05
3.46256e-05
3.25677e-05
3.05748e-05
2.86468e-05
2.67833e-05
2.49839e-05
2.32483e-05
2.15762e-05
1.99675e-05
1.84219e-05
1.69392e-05
1.55193e-05
1.4162e-05
1.28671e-05
1.16347e-05
1.04646e-05
9.35671e-06
8.31094e-06
7.32722e-06
6.4056e-06
5.54596e-06
4.74818e-06
4.01245e-06
3.33882e-06
2.72739e-06
2.17833e-06
1.69166e-06
1.26729e-06
9.04562e-07
6.02819e-07
3.62054e-07
1.82424e-07
6.38422e-08
6.81199e-09
0.000386449
0.000378094
0.000369942
0.000361813
0.000353615
0.000345308
0.000336891
0.000328388
0.000319832
0.000311257
0.000302698
0.000294187
0.000285753
0.000277422
0.000269213
0.000261145
0.000253232
0.000245483
0.000237908
0.000230511
0.000223297
0.000216266
0.000209418
0.000202753
0.000196269
0.000189961
0.000183827
0.000177862
0.000172062
0.000166422
0.000160937
0.000155601
0.000150411
0.000145361
0.000140446
0.000135661
0.000131001
0.000126464
0.000122043
0.000117735
0.000113537
0.000109445
0.000105455
0.000101564
9.77688e-05
9.40676e-05
9.04568e-05
8.6934e-05
8.34979e-05
8.01462e-05
7.68764e-05
7.36868e-05
7.0576e-05
6.75423e-05
6.45844e-05
6.17009e-05
5.8891e-05
5.61533e-05
5.34869e-05
5.08908e-05
4.83642e-05
4.59064e-05
4.35167e-05
4.11944e-05
3.89389e-05
3.67497e-05
3.46262e-05
3.25683e-05
3.05754e-05
2.86474e-05
2.67839e-05
2.49845e-05
2.32489e-05
2.15768e-05
1.9968e-05
1.84223e-05
1.69396e-05
1.55196e-05
1.41622e-05
1.28673e-05
1.16349e-05
1.04647e-05
9.35676e-06
8.31098e-06
7.32731e-06
6.40575e-06
5.54611e-06
4.74827e-06
4.01246e-06
3.33877e-06
2.72741e-06
2.17843e-06
1.69172e-06
1.26724e-06
9.0457e-07
6.02997e-07
3.6222e-07
1.82461e-07
6.38186e-08
6.80933e-09
0.000387404
0.000379257
0.000371053
0.000362788
0.000354447
0.000346003
0.00033746
0.000328844
0.000320189
0.000311529
0.000302899
0.000294328
0.000285845
0.000277473
0.000269231
0.000261137
0.000253202
0.000245437
0.000237849
0.000230443
0.000223222
0.000216186
0.000209336
0.00020267
0.000196185
0.000189879
0.000183747
0.000177784
0.000171987
0.00016635
0.000160869
0.000155537
0.000150351
0.000145304
0.000140393
0.000135611
0.000130956
0.000126422
0.000122004
0.0001177
0.000113505
0.000109415
0.000105428
0.00010154
9.77471e-05
9.40479e-05
9.04392e-05
8.69188e-05
8.34845e-05
8.01341e-05
7.68658e-05
7.36778e-05
7.05682e-05
6.75356e-05
6.45786e-05
6.1696e-05
5.88867e-05
5.61499e-05
5.34841e-05
5.08886e-05
4.83625e-05
4.59052e-05
4.35158e-05
4.11937e-05
3.89385e-05
3.67496e-05
3.46263e-05
3.25684e-05
3.05756e-05
2.86477e-05
2.67844e-05
2.49851e-05
2.32495e-05
2.15774e-05
1.99687e-05
1.8423e-05
1.69403e-05
1.55202e-05
1.41628e-05
1.28679e-05
1.16354e-05
1.04652e-05
9.35728e-06
8.31147e-06
7.32781e-06
6.40626e-06
5.54657e-06
4.74886e-06
4.01296e-06
3.33897e-06
2.72764e-06
2.17878e-06
1.69209e-06
1.26754e-06
9.04764e-07
6.03172e-07
3.62342e-07
1.82494e-07
6.37987e-08
6.80829e-09
0.000389146
0.000381164
0.000372795
0.000364267
0.000355667
0.00034699
0.00033824
0.000329444
0.000320635
0.000311846
0.000303108
0.000294449
0.000285894
0.000277464
0.000269177
0.000261046
0.000253083
0.000245298
0.000237695
0.000230279
0.000223051
0.000216012
0.000209162
0.000202498
0.000196016
0.000189715
0.000183588
0.000177632
0.000171842
0.000166213
0.000160739
0.000155415
0.000150236
0.000145197
0.000140293
0.000135519
0.000130871
0.000126343
0.000121932
0.000117634
0.000113444
0.00010936
0.000105378
0.000101494
9.77062e-05
9.4011e-05
9.04062e-05
8.68893e-05
8.34581e-05
8.01107e-05
7.68452e-05
7.36597e-05
7.05525e-05
6.75219e-05
6.45666e-05
6.16856e-05
5.88778e-05
5.61422e-05
5.34777e-05
5.08834e-05
4.83582e-05
4.59017e-05
4.35131e-05
4.11916e-05
3.89368e-05
3.67483e-05
3.46255e-05
3.25679e-05
3.05755e-05
2.86478e-05
2.67846e-05
2.49855e-05
2.32501e-05
2.15781e-05
1.99694e-05
1.84238e-05
1.69411e-05
1.55211e-05
1.41637e-05
1.28689e-05
1.16364e-05
1.04662e-05
9.3582e-06
8.31237e-06
7.32863e-06
6.40697e-06
5.54727e-06
4.74947e-06
4.01362e-06
3.33986e-06
2.72849e-06
2.17948e-06
1.69275e-06
1.26813e-06
9.05184e-07
6.03432e-07
3.62478e-07
1.82529e-07
6.37802e-08
6.8083e-09
0.000392048
0.000384043
0.000375312
0.000366336
0.000357329
0.000348298
0.000339244
0.00033019
0.000321165
0.000312198
0.000303313
0.000294535
0.000285885
0.000277379
0.000269031
0.000260855
0.000252858
0.000245048
0.000237428
0.000230002
0.000222769
0.000215729
0.000208881
0.000202222
0.000195749
0.000189456
0.00018334
0.000177395
0.000171617
0.000166
0.000160538
0.000155226
0.00015006
0.000145033
0.00014014
0.000135378
0.00013074
0.000126223
0.000121821
0.000117532
0.000113352
0.000109276
0.000105301
0.000101425
9.76435e-05
9.39546e-05
9.03556e-05
8.6844e-05
8.34178e-05
8.00748e-05
7.68132e-05
7.36314e-05
7.0528e-05
6.75006e-05
6.45476e-05
6.16689e-05
5.88635e-05
5.613e-05
5.34673e-05
5.08745e-05
4.83508e-05
4.58958e-05
4.35085e-05
4.1188e-05
3.89339e-05
3.67459e-05
3.46237e-05
3.25668e-05
3.05749e-05
2.86476e-05
2.67847e-05
2.49858e-05
2.32506e-05
2.15789e-05
1.99703e-05
1.84248e-05
1.69422e-05
1.55223e-05
1.4165e-05
1.28702e-05
1.16377e-05
1.04675e-05
9.35958e-06
8.31375e-06
7.32999e-06
6.40822e-06
5.54838e-06
4.75052e-06
4.01473e-06
3.34106e-06
2.72969e-06
2.18061e-06
1.69377e-06
1.26894e-06
9.05752e-07
6.03783e-07
3.62648e-07
1.82579e-07
6.3771e-08
6.81045e-09
0.000396487
0.000388107
0.000378728
0.000369065
0.000359464
0.000349939
0.000340472
0.000331074
0.000321766
0.000312567
0.000303495
0.000294566
0.000285795
0.000277195
0.000268775
0.000260544
0.000252507
0.000244669
0.000237031
0.000229594
0.000222358
0.000215321
0.000208479
0.00020183
0.000195368
0.00018909
0.00018299
0.000177062
0.000171301
0.000165701
0.000160257
0.000154964
0.000149814
0.000144804
0.000139928
0.000135181
0.000130559
0.000126056
0.000121668
0.000117392
0.000113224
0.000109159
0.000105195
0.000101329
9.75568e-05
9.38765e-05
9.02854e-05
8.67812e-05
8.33617e-05
8.00249e-05
7.6769e-05
7.35922e-05
7.04929e-05
6.74696e-05
6.45211e-05
6.16462e-05
5.88439e-05
5.61132e-05
5.34529e-05
5.08621e-05
4.83405e-05
4.58873e-05
4.35014e-05
4.11823e-05
3.89294e-05
3.67425e-05
3.46212e-05
3.25651e-05
3.05738e-05
2.86471e-05
2.67846e-05
2.49861e-05
2.32512e-05
2.15797e-05
1.99714e-05
1.84261e-05
1.69437e-05
1.55238e-05
1.41666e-05
1.28718e-05
1.16395e-05
1.04694e-05
9.36144e-06
8.3156e-06
7.33183e-06
6.41002e-06
5.55013e-06
4.75225e-06
4.01645e-06
3.34277e-06
2.73128e-06
2.18204e-06
1.69503e-06
1.26995e-06
9.06454e-07
6.04221e-07
3.62877e-07
1.82661e-07
6.37773e-08
6.81535e-09
0.000402718
0.000393474
0.000383089
0.000372465
0.000362064
0.00035189
0.000341893
0.000332063
0.000322404
0.000312921
0.000303621
0.000294511
0.000285597
0.000276886
0.000268381
0.000260087
0.000252005
0.000244136
0.00023648
0.000229035
0.000221799
0.000214768
0.000207938
0.000201303
0.00019486
0.000188603
0.000182524
0.00017662
0.000170883
0.000165307
0.000159888
0.000154617
0.000149491
0.000144504
0.00013965
0.000134924
0.000130321
0.000125837
0.000121468
0.000117209
0.000113056
0.000109007
0.000105057
0.000101204
9.74437e-05
9.37747e-05
9.0194e-05
8.66994e-05
8.32886e-05
7.99599e-05
7.67112e-05
7.35411e-05
7.04478e-05
6.743e-05
6.44865e-05
6.16164e-05
5.88182e-05
5.60909e-05
5.34337e-05
5.08461e-05
4.83272e-05
4.5876e-05
4.3492e-05
4.11746e-05
3.89234e-05
3.67378e-05
3.46177e-05
3.25626e-05
3.05723e-05
2.86462e-05
2.67844e-05
2.49864e-05
2.32519e-05
2.15808e-05
1.99728e-05
1.84277e-05
1.69454e-05
1.55258e-05
1.41687e-05
1.2874e-05
1.16418e-05
1.04717e-05
9.36381e-06
8.31798e-06
7.3342e-06
6.41238e-06
5.55249e-06
4.75457e-06
4.01873e-06
3.34498e-06
2.73333e-06
2.18385e-06
1.69656e-06
1.27115e-06
9.07327e-07
6.04786e-07
3.63183e-07
1.82786e-07
6.38012e-08
6.82295e-09
0.000410713
0.000400056
0.000388294
0.000376438
0.000365038
0.000354071
0.000343437
0.000333094
0.000323022
0.000313208
0.000303645
0.000294327
0.00028525
0.000276413
0.000267814
0.000259451
0.000251321
0.000243422
0.00023575
0.0002283
0.000221068
0.000214049
0.000207236
0.000200624
0.000194207
0.000187977
0.000181929
0.000176055
0.00017035
0.000164806
0.000159417
0.000154178
0.000149082
0.000144124
0.000139298
0.000134598
0.000130021
0.000125562
0.000121215
0.000116978
0.000112846
0.000108815
0.000104883
0.000101046
9.73017e-05
9.36469e-05
9.00792e-05
8.65967e-05
8.3197e-05
7.98783e-05
7.66389e-05
7.34772e-05
7.03916e-05
6.73808e-05
6.44436e-05
6.15789e-05
5.87858e-05
5.6063e-05
5.34099e-05
5.08258e-05
4.83101e-05
4.58617e-05
4.34802e-05
4.11651e-05
3.89158e-05
3.67319e-05
3.46133e-05
3.25595e-05
3.05702e-05
2.86451e-05
2.67841e-05
2.49867e-05
2.32528e-05
2.15821e-05
1.99743e-05
1.84295e-05
1.69475e-05
1.55281e-05
1.41712e-05
1.28767e-05
1.16445e-05
1.04745e-05
9.36665e-06
8.32086e-06
7.33707e-06
6.41523e-06
5.55533e-06
4.75739e-06
4.02149e-06
3.34761e-06
2.73576e-06
2.186e-06
1.69837e-06
1.27259e-06
9.08385e-07
6.05482e-07
3.63567e-07
1.82958e-07
6.38546e-08
6.83573e-09
0.000420009
0.000407455
0.000394019
0.000380731
0.000368187
0.00035632
0.000344971
0.000334056
0.000323527
0.000313349
0.000303496
0.00029395
0.000284697
0.000275726
0.000267027
0.000258593
0.000250416
0.000242489
0.000234804
0.000227356
0.000220135
0.000213135
0.000206349
0.000199768
0.000193386
0.000187194
0.000181185
0.000175351
0.000169686
0.000164183
0.000158834
0.000153634
0.000148576
0.000143654
0.000138863
0.000134197
0.000129652
0.000125223
0.000120905
0.000116694
0.000112587
0.00010858
0.00010467
0.000100854
9.71279e-05
9.34904e-05
8.99389e-05
8.64711e-05
8.3085e-05
7.97787e-05
7.65507e-05
7.33992e-05
7.0323e-05
6.73207e-05
6.43911e-05
6.15333e-05
5.87463e-05
5.60291e-05
5.3381e-05
5.08013e-05
4.82892e-05
4.58443e-05
4.34659e-05
4.11534e-05
3.89065e-05
3.67247e-05
3.46078e-05
3.25556e-05
3.05676e-05
2.86436e-05
2.67835e-05
2.49869e-05
2.32536e-05
2.15834e-05
1.99761e-05
1.84316e-05
1.69498e-05
1.55307e-05
1.4174e-05
1.28796e-05
1.16476e-05
1.04777e-05
9.3699e-06
8.32415e-06
7.34036e-06
6.41851e-06
5.55857e-06
4.76057e-06
4.02456e-06
3.35051e-06
2.73845e-06
2.18843e-06
1.70045e-06
1.27425e-06
9.09619e-07
6.06314e-07
3.64048e-07
1.83186e-07
6.39327e-08
6.85205e-09
0.000429623
0.000414901
0.000399679
0.000384907
0.000371181
0.000358384
0.000346296
0.00033479
0.000323786
0.000313229
0.000303077
0.000293296
0.000283862
0.000274755
0.000265958
0.000257456
0.000249237
0.000241289
0.000233601
0.000226163
0.000218964
0.000211995
0.000205246
0.000198708
0.000192372
0.000186229
0.00018027
0.000174488
0.000168874
0.000163421
0.000158123
0.000152971
0.00014796
0.000143083
0.000138335
0.000133711
0.000129205
0.000124813
0.00012053
0.000116352
0.000112276
0.000108297
0.000104414
0.000100622
9.69189e-05
9.33026e-05
8.97705e-05
8.63205e-05
8.29507e-05
7.96594e-05
7.64449e-05
7.33058e-05
7.02408e-05
6.72487e-05
6.43283e-05
6.14788e-05
5.86991e-05
5.59885e-05
5.33463e-05
5.07718e-05
4.82644e-05
4.58235e-05
4.34487e-05
4.11394e-05
3.88953e-05
3.6716e-05
3.46011e-05
3.25506e-05
3.05642e-05
2.86415e-05
2.67825e-05
2.49868e-05
2.32542e-05
2.15846e-05
1.99779e-05
1.84339e-05
1.69525e-05
1.55335e-05
1.4177e-05
1.28829e-05
1.16509e-05
1.0481e-05
9.37327e-06
8.32757e-06
7.34385e-06
6.42199e-06
5.56198e-06
4.76393e-06
4.0278e-06
3.35359e-06
2.74132e-06
2.19103e-06
1.7027e-06
1.27607e-06
9.11004e-07
6.07272e-07
3.64619e-07
1.83471e-07
6.40342e-08
6.87115e-09
0.000438074
0.000421285
0.00040445
0.000388363
0.000373575
0.000359925
0.000347148
0.000335081
0.000323624
0.000312702
0.00030226
0.000292254
0.000282647
0.000273413
0.000264527
0.000255968
0.000247719
0.000239764
0.000232086
0.000224672
0.00021751
0.000210586
0.00020389
0.000197409
0.000191134
0.000185054
0.00017916
0.000173442
0.000167893
0.000162503
0.000157266
0.000152174
0.000147221
0.0001424
0.000137705
0.00013313
0.000128672
0.000124324
0.000120083
0.000115945
0.000111905
0.000107961
0.00010411
0.000100347
9.66716e-05
9.30804e-05
8.95714e-05
8.61426e-05
8.27922e-05
7.95186e-05
7.63202e-05
7.31958e-05
7.0144e-05
6.71639e-05
6.42543e-05
6.14145e-05
5.86435e-05
5.59407e-05
5.33054e-05
5.0737e-05
4.8235e-05
4.57989e-05
4.34283e-05
4.11227e-05
3.88819e-05
3.67054e-05
3.4593e-05
3.25446e-05
3.056e-05
2.86388e-05
2.6781e-05
2.49864e-05
2.32546e-05
2.15857e-05
1.99795e-05
1.8436e-05
1.6955e-05
1.55364e-05
1.41801e-05
1.28861e-05
1.16543e-05
1.04845e-05
9.3767e-06
8.33103e-06
7.34744e-06
6.42554e-06
5.5653e-06
4.76713e-06
4.03103e-06
3.35675e-06
2.74426e-06
2.19364e-06
1.70495e-06
1.27794e-06
9.12465e-07
6.08307e-07
3.65258e-07
1.838e-07
6.41549e-08
6.89267e-09
0.000443554
0.000425318
0.000407409
0.000390435
0.000374882
0.000360575
0.000347237
0.000334696
0.000322843
0.000311599
0.000300899
0.000290693
0.000280937
0.000271597
0.000262643
0.000254048
0.00024579
0.000237846
0.000230199
0.000222831
0.000215725
0.000208866
0.000202241
0.000195836
0.00018964
0.000183641
0.000177828
0.000172191
0.000166721
0.00016141
0.000156248
0.000151229
0.000146346
0.000141591
0.00013696
0.000132446
0.000128044
0.00012375
0.000119559
0.000115468
0.000111472
0.000107568
0.000103754
0.000100027
9.63832e-05
9.28215e-05
8.93396e-05
8.59357e-05
8.2608e-05
7.9355e-05
7.61754e-05
7.30681e-05
7.00318e-05
6.70655e-05
6.41686e-05
6.134e-05
5.85791e-05
5.58853e-05
5.3258e-05
5.06967e-05
4.82009e-05
4.57703e-05
4.34045e-05
4.11032e-05
3.88661e-05
3.66929e-05
3.45834e-05
3.25373e-05
3.05547e-05
2.86353e-05
2.67789e-05
2.49854e-05
2.32546e-05
2.15865e-05
1.99809e-05
1.84379e-05
1.69574e-05
1.55391e-05
1.4183e-05
1.28892e-05
1.16574e-05
1.04877e-05
9.38004e-06
8.3344e-06
7.35082e-06
6.42887e-06
5.56849e-06
4.77026e-06
4.0341e-06
3.35969e-06
2.747e-06
2.19613e-06
1.70714e-06
1.27977e-06
9.1392e-07
6.09366e-07
3.65928e-07
1.84152e-07
6.42832e-08
6.91457e-09
0.000444334
0.000425872
0.000407796
0.000390603
0.000374728
0.00036004
0.00034632
0.000333425
0.000321262
0.000309759
0.000298852
0.000288488
0.00027862
0.000269209
0.00026022
0.00025162
0.000243381
0.000235479
0.00022789
0.000220592
0.000213568
0.000206799
0.00020027
0.000193964
0.000187868
0.00018197
0.000176258
0.000170721
0.000165348
0.00016013
0.00015506
0.000150128
0.000145328
0.000140653
0.000136097
0.000131654
0.000127319
0.000123088
0.000118956
0.000114919
0.000110974
0.000107118
0.000103347
9.966e-05
9.60537e-05
9.25262e-05
8.90756e-05
8.57002e-05
8.23985e-05
7.91692e-05
7.60111e-05
7.29233e-05
6.99046e-05
6.69543e-05
6.40716e-05
6.12558e-05
5.85064e-05
5.58228e-05
5.32045e-05
5.06512e-05
4.81625e-05
4.57381e-05
4.33778e-05
4.10812e-05
3.88482e-05
3.66786e-05
3.45721e-05
3.25288e-05
3.05484e-05
2.86308e-05
2.6776e-05
2.49837e-05
2.3254e-05
2.15868e-05
1.99819e-05
1.84394e-05
1.69592e-05
1.55414e-05
1.41857e-05
1.28921e-05
1.16605e-05
1.04908e-05
9.38309e-06
8.33741e-06
7.35365e-06
6.43167e-06
5.57149e-06
4.77322e-06
4.03686e-06
3.36223e-06
2.74936e-06
2.19832e-06
1.70908e-06
1.28142e-06
9.15239e-07
6.10325e-07
3.66534e-07
1.84474e-07
6.44078e-08
6.93678e-09
0.000439814
0.000422869
0.000405556
0.000388716
0.000372868
0.000358014
0.000344049
0.000330899
0.000318507
0.000306816
0.000295767
0.000285307
0.000275387
0.000265961
0.00025699
0.000248436
0.000240268
0.000232454
0.000224968
0.000217786
0.000210885
0.000204245
0.000197847
0.000191675
0.000185713
0.000179947
0.000174365
0.000168954
0.000163703
0.000158604
0.000153646
0.000148822
0.000144125
0.000139547
0.000135082
0.000130725
0.000126471
0.000122315
0.000118253
0.000114281
0.000110397
0.000106597
0.000102878
9.92386e-05
9.56759e-05
9.21885e-05
8.87745e-05
8.54325e-05
8.21614e-05
7.89602e-05
7.58281e-05
7.27626e-05
6.97638e-05
6.68312e-05
6.39643e-05
6.11624e-05
5.84256e-05
5.57533e-05
5.31451e-05
5.06007e-05
4.81199e-05
4.57024e-05
4.33481e-05
4.10568e-05
3.88283e-05
3.66626e-05
3.45596e-05
3.25191e-05
3.05411e-05
2.86256e-05
2.67724e-05
2.49816e-05
2.32531e-05
2.15868e-05
1.99826e-05
1.84406e-05
1.69609e-05
1.55435e-05
1.41882e-05
1.28947e-05
1.1663e-05
1.04933e-05
9.38569e-06
8.34003e-06
7.35618e-06
6.43413e-06
5.57391e-06
4.77555e-06
4.03904e-06
3.36427e-06
2.75128e-06
2.20008e-06
1.71066e-06
1.28279e-06
9.16353e-07
6.1111e-07
3.66992e-07
1.84712e-07
6.45031e-08
6.95553e-09
0.000433214
0.000419708
0.000402398
0.000385201
0.000368992
0.000353758
0.000339439
0.000326
0.000313398
0.000301571
0.000290454
0.000279986
0.000270108
0.000260767
0.000251915
0.000243509
0.000235509
0.000227882
0.000220594
0.000213619
0.000206929
0.000200503
0.00019432
0.00018836
0.000182606
0.000177043
0.000171658
0.000166437
0.000161369
0.000156444
0.000151652
0.000146985
0.000142437
0.000137999
0.000133666
0.000129432
0.000125293
0.000121244
0.000117282
0.000113402
0.000109603
0.000105882
0.000102235
9.86618e-05
9.51598e-05
9.17276e-05
8.83639e-05
8.50676e-05
8.18375e-05
7.86727e-05
7.55725e-05
7.25377e-05
6.95674e-05
6.66605e-05
6.38168e-05
6.1036e-05
5.83174e-05
5.56609e-05
5.30666e-05
5.05343e-05
4.8064e-05
4.56558e-05
4.33095e-05
4.10251e-05
3.88026e-05
3.6642e-05
3.45433e-05
3.25066e-05
3.05316e-05
2.86187e-05
2.67677e-05
2.49786e-05
2.32515e-05
2.15864e-05
1.99831e-05
1.84419e-05
1.69627e-05
1.55457e-05
1.41905e-05
1.28972e-05
1.16656e-05
1.0496e-05
9.38824e-06
8.34246e-06
7.35853e-06
6.43641e-06
5.5761e-06
4.77755e-06
4.04076e-06
3.36583e-06
2.75282e-06
2.2016e-06
1.71193e-06
1.28385e-06
9.1726e-07
6.11674e-07
3.67298e-07
1.84888e-07
6.4539e-08
6.9635e-09
)
;

boundaryField
{
    inlet
    {
        type            calculated;
        value           nonuniform List<scalar> 
30
(
0.00589924
0.00590303
0.00593241
0.00598627
0.00606145
0.0061527
0.00625337
0.00635646
0.00645543
0.00654479
0.00662038
0.00667953
0.00672099
0.00674472
0.00675168
0.00674347
0.00672007
0.00668003
0.00662265
0.0065482
0.00645818
0.00635549
0.00624445
0.00613072
0.00602094
0.00592217
0.00584112
0.00578303
0.00575109
0.00574629
)
;
    }
    outlet
    {
        type            calculated;
        value           uniform 0;
    }
    top
    {
        type            calculated;
        value           nonuniform List<scalar> 
135
(
0.00574629
0.00573664
0.0057241
0.00571264
0.00570094
0.00567228
0.00562265
0.00553058
0.0054028
0.0052425
0.00505194
0.0048331
0.00458782
0.00431892
0.00403032
0.00372473
0.00340882
0.00308831
0.00276998
0.00246101
0.00216815
0.001897
0.00165155
0.00143376
0.00124368
0.00107976
0.000941881
0.000825898
0.000729182
0.000649242
0.000583746
0.00053072
0.000488178
0.000454588
0.000433896
0.000433214
0.000419708
0.000402398
0.000385201
0.000368992
0.000353758
0.000339439
0.000326
0.000313398
0.000301571
0.000290454
0.000279986
0.000270108
0.000260767
0.000251915
0.000243509
0.000235509
0.000227882
0.000220594
0.000213619
0.000206929
0.000200503
0.00019432
0.00018836
0.000182606
0.000177043
0.000171658
0.000166437
0.000161369
0.000156444
0.000151652
0.000146985
0.000142437
0.000137999
0.000133666
0.000129432
0.000125293
0.000121244
0.000117282
0.000113402
0.000109603
0.000105882
0.000102235
9.86618e-05
9.51598e-05
9.17276e-05
8.83639e-05
8.50676e-05
8.18375e-05
7.86727e-05
7.55725e-05
7.25377e-05
6.95674e-05
6.66605e-05
6.38168e-05
6.1036e-05
5.83174e-05
5.56609e-05
5.30666e-05
5.05343e-05
4.8064e-05
4.56558e-05
4.33095e-05
4.10251e-05
3.88026e-05
3.6642e-05
3.45433e-05
3.25066e-05
3.05316e-05
2.86187e-05
2.67677e-05
2.49786e-05
2.32515e-05
2.15864e-05
1.99831e-05
1.84419e-05
1.69627e-05
1.55457e-05
1.41905e-05
1.28972e-05
1.16656e-05
1.0496e-05
9.38824e-06
8.34246e-06
7.35853e-06
6.43641e-06
5.5761e-06
4.77755e-06
4.04076e-06
3.36583e-06
2.75282e-06
2.2016e-06
1.71193e-06
1.28385e-06
9.1726e-07
6.11674e-07
3.67298e-07
1.84888e-07
6.4539e-08
6.9635e-09
)
;
    }
    bottom
    {
        type            calculated;
        value           nonuniform List<scalar> 
135
(
0.00589924
0.00589049
0.00587932
0.00586943
0.0058591
0.00582421
0.00577892
0.00569233
0.00557015
0.00541453
0.00522709
0.00500843
0.0047592
0.00448179
0.00417989
0.00385706
0.00352126
0.00317972
0.00284082
0.00251292
0.00220351
0.00191857
0.00166219
0.00143628
0.00124057
0.00107321
0.000933715
0.000817431
0.000721202
0.000642139
0.000577484
0.00052495
0.000482432
0.000448412
0.000426825
0.000422107
0.00040921
0.000392789
0.000376507
0.000361154
0.000346703
0.000333086
0.000320275
0.000308232
0.000296903
0.000286231
0.00027616
0.000266638
0.000257616
0.000249052
0.000240906
0.000233141
0.000225727
0.000218632
0.000211832
0.000205302
0.000199021
0.00019297
0.00018713
0.000181486
0.000176023
0.000170729
0.000165591
0.000160598
0.000155742
0.000151013
0.000146403
0.000141906
0.000137515
0.000133224
0.00012903
0.000124926
0.000120909
0.000116976
0.000113123
0.000109348
0.000105648
0.000102021
9.84657e-05
9.498e-05
9.15627e-05
8.82125e-05
8.49285e-05
8.17097e-05
7.85552e-05
7.54643e-05
7.24384e-05
6.9476e-05
6.65765e-05
6.37396e-05
6.0965e-05
5.82522e-05
5.5601e-05
5.30117e-05
5.0484e-05
4.8018e-05
4.56138e-05
4.32713e-05
4.09905e-05
3.87714e-05
3.66139e-05
3.45182e-05
3.24841e-05
3.05116e-05
2.8601e-05
2.67522e-05
2.49653e-05
2.32401e-05
2.15769e-05
1.99755e-05
1.84359e-05
1.69582e-05
1.55422e-05
1.41881e-05
1.28958e-05
1.16654e-05
1.04967e-05
9.38995e-06
8.34488e-06
7.36151e-06
6.4399e-06
5.58006e-06
4.78193e-06
4.04551e-06
3.37057e-06
2.75705e-06
2.2049e-06
1.71426e-06
1.28561e-06
9.18802e-07
6.13056e-07
3.6827e-07
1.85382e-07
6.47161e-08
6.98282e-09
)
;
    }
    obstacle
    {
        type            calculated;
        value           nonuniform List<scalar> 
120
(
0.0421629
0.0390731
0.0355639
0.0319956
0.0284368
0.0248872
0.021426
0.0181293
0.0150593
0.0122647
0.00977666
0.00760873
0.00576121
0.00422643
0.00299422
0.00205671
0.00141169
0.00106436
0.00102596
0.00131109
0.00193352
0.00290034
0.00420545
0.00582633
0.00772261
0.00983639
0.0120954
0.014481
0.0169284
0.0191399
0.0217804
0.0247762
0.0284155
0.0327154
0.0377557
0.0437678
0.0510332
0.0598307
0.070344
0.0825581
0.0960723
0.10999
0.122967
0.133388
0.139217
0.139272
0.133545
0.123207
0.11029
0.0964111
0.0829189
0.0707152
0.0602059
0.0514082
0.0441392
0.0381194
0.0330663
0.0287487
0.0250911
0.0220902
0.0433667
0.0402233
0.036611
0.0329109
0.0292152
0.0255356
0.0219563
0.0185566
0.0154
0.012535
0.00999188
0.00778281
0.00590635
0.00435314
0.00311155
0.0021726
0.00153323
0.00119826
0.00117862
0.00148857
0.00214132
0.00314284
0.004485
0.00614227
0.00807032
0.0102067
0.0124751
0.0148547
0.0172788
0.0194636
0.0456166
0.049328
0.0534451
0.057867
0.0625441
0.0676508
0.0734326
0.0801528
0.0880233
0.0971023
0.107169
0.1176
0.127407
0.13536
0.139892
0.140065
0.135858
0.128164
0.118546
0.108237
0.0982376
0.0891826
0.0813077
0.07457
0.0687715
0.06366
0.0589973
0.0546107
0.0505236
0.0468344
)
;
    }
    frontAndBack
    {
        type            empty;
    }
}


// ************************************************************************* //
