/*--------------------------------*- C++ -*----------------------------------*\
  =========                 |
  \\      /  F ield         | OpenFOAM: The Open Source CFD Toolbox
   \\    /   O peration     | Website:  https://openfoam.org
    \\  /    A nd           | Version:  12
     \\/     M anipulation  |
\*---------------------------------------------------------------------------*/
FoamFile
{
    format      ascii;
    class       volScalarField;
    location    "340";
    object      p;
}
// * * * * * * * * * * * * * * * * * * * * * * * * * * * * * * * * * * * * * //

dimensions      [0 2 -2 0 0 0 0];

internalField   nonuniform List<scalar> 
6750
(
0.0216343
0.0216122
0.0215828
0.0214193
0.0203908
0.0231526
0.0231162
0.0229888
0.0227229
0.0223636
0.0249454
0.0248863
0.0247557
0.0245576
0.0244046
0.0268261
0.0267321
0.0266079
0.0264675
0.0263906
0.0286932
0.0285553
0.0284212
0.0283086
0.0282699
0.030467
0.0302807
0.0301258
0.0300231
0.0300018
0.0320992
0.0318631
0.0316836
0.0315837
0.0315708
0.0335604
0.0332752
0.033071
0.032972
0.0329643
0.0348322
0.0345004
0.0342735
0.0341753
0.0341712
0.0359041
0.0355298
0.0352834
0.0351865
0.035185
0.0367729
0.0363615
0.0360994
0.0360044
0.0360048
0.0374418
0.0369994
0.0367261
0.0366335
0.036635
0.03792
0.037453
0.0371735
0.0370832
0.037085
0.0382218
0.0377358
0.0374565
0.0373674
0.0373685
0.0383601
0.0378684
0.0375945
0.0375029
0.0375019
0.0383601
0.0378685
0.0375945
0.0375029
0.0375019
0.0382218
0.0377358
0.0374566
0.0373675
0.0373686
0.0379201
0.0374531
0.0371736
0.0370833
0.0370851
0.0374419
0.0369996
0.0367263
0.0366336
0.0366351
0.0367731
0.0363617
0.0360996
0.0360046
0.036005
0.0359044
0.0355301
0.0352837
0.0351867
0.0351853
0.0348325
0.0345008
0.0342738
0.0341756
0.0341715
0.0335608
0.0332756
0.0330714
0.0329724
0.0329646
0.0320996
0.0318635
0.031684
0.0315841
0.0315713
0.0304675
0.0302812
0.0301263
0.0300236
0.0300023
0.0286937
0.0285558
0.0284218
0.0283092
0.0282705
0.0268267
0.0267327
0.0266085
0.0264681
0.0263913
0.0249461
0.0248869
0.0247564
0.0245583
0.0244053
0.0231534
0.0231169
0.0229895
0.0227236
0.0223643
0.0216351
0.021613
0.0215836
0.0214201
0.0203917
0.0142119
0.0148046
0.0162729
0.0173578
0.0181443
0.0187692
0.019259
0.0196249
0.0198949
0.0200793
0.0201413
0.020155
0.0200924
0.0199496
0.0197253
0.0194158
0.0190182
0.0185354
0.0179706
0.0173239
0.0165897
0.0158727
0.0151177
0.01434
0.0135596
0.0127893
0.0120387
0.0113225
0.0106507
0.00996801
0.0181216
0.0189173
0.019717
0.0201179
0.0203467
0.020488
0.0205439
0.0205234
0.0204555
0.0203373
0.0201276
0.0199405
0.0197351
0.0195143
0.0192766
0.019013
0.0187111
0.0183597
0.0179482
0.0174737
0.0169542
0.0163208
0.0156562
0.0149516
0.0142147
0.0134571
0.0126869
0.0119186
0.0111923
0.0104878
0.0206022
0.0207858
0.0211007
0.0212546
0.0213303
0.0213385
0.0212671
0.0211269
0.0209391
0.0206683
0.0203187
0.0199835
0.0196203
0.0192401
0.018849
0.0184466
0.0180298
0.0175933
0.0171314
0.0166395
0.0161163
0.0155614
0.014981
0.0143748
0.0137473
0.0131047
0.0124479
0.0117877
0.011211
0.0107941
0.0220451
0.0218209
0.0219497
0.0220325
0.0220416
0.0219742
0.0218253
0.0216119
0.0213426
0.0209483
0.0205021
0.0200428
0.0195412
0.0190142
0.0184736
0.017927
0.0173801
0.0168357
0.0162947
0.0157557
0.0152171
0.0146828
0.0141493
0.0136136
0.0130757
0.0125357
0.0119867
0.0114311
0.0109982
0.010916
0.0231356
0.0227635
0.0228101
0.0228221
0.0227478
0.022593
0.0223581
0.0220586
0.0216923
0.0211825
0.0206401
0.0200605
0.0194336
0.0187791
0.0181126
0.0174472
0.0167942
0.0161617
0.0155549
0.0149754
0.0144227
0.013896
0.0133919
0.0129056
0.0124334
0.0119714
0.011506
0.0110305
0.0107059
0.010928
0.0240827
0.0236715
0.0236533
0.0235852
0.0234249
0.0231837
0.0228624
0.0224734
0.0219997
0.0213846
0.0207423
0.020047
0.0193031
0.0185326
0.0177541
0.0169845
0.0162392
0.01553
0.0148646
0.0142468
0.0136765
0.0131511
0.0126662
0.0122154
0.0117927
0.0113917
0.0109935
0.010584
0.0103499
0.0108447
0.0249206
0.0245156
0.0244392
0.0242944
0.0240553
0.0237332
0.0233302
0.0228547
0.0222684
0.0215596
0.0208171
0.0200119
0.0191582
0.0182795
0.0173971
0.0165315
0.0157009
0.0149198
0.0141982
0.013541
0.0129487
0.0124182
0.0119439
0.011518
0.011133
0.0107803
0.010437
0.0100837
0.00992958
0.0106661
0.0256698
0.0253009
0.025174
0.0249576
0.0246443
0.0242444
0.0237634
0.0232034
0.0225041
0.0217115
0.020869
0.0199588
0.019001
0.0180205
0.0170408
0.0160853
0.0151746
0.0143253
0.0135489
0.0128515
0.012234
0.011693
0.0112219
0.0108122
0.010455
0.0101401
0.00984076
0.00953435
0.00945126
0.0103958
0.0263523
0.0260409
0.0258699
0.0255846
0.0251993
0.0247244
0.024168
0.023519
0.0227154
0.0218417
0.0209002
0.0198891
0.0188321
0.017755
0.0166834
0.0156429
0.0146562
0.0137416
0.0129118
0.0121737
0.0115285
0.0109727
0.0104991
0.0100983
0.00976053
0.00947425
0.00920937
0.00894168
0.00892158
0.0100397
0.026985
0.0267457
0.026535
0.0261823
0.0257268
0.0251805
0.024548
0.023802
0.0229087
0.0219505
0.0209126
0.0198045
0.0186521
0.0174823
0.0163229
0.0152011
0.0141415
0.0131636
0.0122812
0.0115018
0.0108268
0.0102526
0.00977153
0.00937363
0.00904844
0.00878308
0.00854454
0.00830853
0.00834464
0.00960394
0.0275802
0.0274232
0.0271765
0.0267568
0.0262315
0.0256156
0.0249066
0.0240598
0.023087
0.0220413
0.0209087
0.0197065
0.0184613
0.0172017
0.0159571
0.0147566
0.013626
0.012586
0.0116512
0.0108296
0.0101228
0.00952701
0.00903437
0.0086343
0.00831583
0.00806488
0.00784578
0.00763546
0.00772212
0.0090936
0.0281483
0.0280806
0.0278007
0.0273137
0.0267184
0.0260352
0.0252463
0.0243001
0.0232523
0.0221169
0.020891
0.0195961
0.0182599
0.0169122
0.0155842
0.0143063
0.0131055
0.0120037
0.0110161
0.010151
0.00941031
0.00879009
0.00828211
0.00787546
0.00755866
0.00731651
0.00711093
0.00692121
0.00705357
0.00851232
0.0286989
0.0287252
0.0284149
0.0278608
0.027197
0.0264421
0.0255659
0.0245325
0.0234062
0.0221799
0.0208612
0.0194743
0.0180477
0.0166126
0.0152017
0.0138468
0.0125759
0.0114118
0.0103702
0.00946005
0.0086831
0.00803547
0.00750864
0.00709137
0.00677176
0.00653345
0.00633621
0.00616265
0.00633653
0.00786195
0.0292417
0.0293636
0.0290258
0.0284043
0.0276716
0.0268433
0.025873
0.0247613
0.0235508
0.0222325
0.020821
0.0193418
0.0178245
0.0163016
0.0148074
0.0133747
0.0120327
0.0108049
0.00970767
0.00875014
0.00793432
0.0072562
0.00670704
0.0062753
0.00594871
0.00570973
0.00551617
0.00535482
0.00556654
0.00714219
0.0297841
0.0300053
0.0296414
0.028952
0.0281497
0.0272429
0.0261768
0.0249892
0.0236898
0.0222777
0.020772
0.019199
0.0175895
0.0159774
0.0143983
0.0128861
0.011471
0.0101773
0.00902197
0.00801432
0.00715653
0.00644454
0.00586941
0.00541938
0.00508178
0.00483782
0.00464357
0.0044908
0.00473707
0.00635035
0.0303334
0.0306616
0.0302742
0.0295164
0.0286374
0.0276414
0.0264887
0.0252194
0.0238264
0.022318
0.0207155
0.0190461
0.0173418
0.0156379
0.0139711
0.0123766
0.0108856
0.00952288
0.00830606
0.0072448
0.0063414
0.00559174
0.00498674
0.00451439
0.00416167
0.00390849
0.0037093
0.00356157
0.00383939
0.00548104
0.0308996
0.0313449
0.0309355
0.0301061
0.029144
0.0280491
0.0268154
0.0254554
0.0239643
0.0223559
0.0206528
0.018883
0.01708
0.0152803
0.013522
0.0118413
0.0102702
0.00883434
0.00755185
0.00643273
0.0054794
0.00468773
0.00404848
0.00354947
0.00317728
0.00291047
0.00270202
0.00255574
0.00286227
0.00452585
0.0314997
0.0320688
0.0316391
0.0307284
0.0296734
0.0284813
0.0271615
0.0257026
0.0241077
0.0223939
0.0205847
0.0187091
0.016802
0.0149012
0.0130461
0.0112738
0.00961743
0.00810327
0.00674992
0.00556777
0.0045594
0.00372066
0.0030422
0.00251168
0.00211526
0.00183007
0.00160775
0.00145909
0.00179151
0.00347285
0.0321572
0.0328431
0.0323956
0.031398
0.0302354
0.0289496
0.027532
0.0259661
0.0242606
0.0224344
0.0205118
0.0185233
0.0165049
0.0144961
0.0125373
0.0106668
0.00891849
0.0073195
0.00588895
0.00463756
0.00356808
0.00267637
0.00195296
0.00138538
0.000959364
0.000650505
0.000409214
0.000253903
0.000609281
0.00230587
0.032891
0.0336873
0.0332228
0.0321275
0.0308479
0.0294629
0.0279356
0.0262533
0.0244279
0.0224797
0.0204342
0.0183234
0.0161847
0.0140589
0.0119877
0.0100106
0.00816221
0.00647048
0.00495503
0.00362695
0.00248915
0.0015375
0.000762454
0.00015138
-0.000310443
-0.000649024
-0.000915086
-0.00108199
-0.00070696
0.00100348
0.0337269
0.0346347
0.0341418
0.0329287
0.0315337
0.0300344
0.0283837
0.0265724
0.0246147
0.022532
0.0203513
0.0181062
0.0158355
0.0135815
0.0113871
0.00929285
0.00733437
0.00554023
0.00393061
0.00251691
0.00130221
0.000282389
-0.000552215
-0.00121435
-0.00171926
-0.00209464
-0.00239227
-0.00257665
-0.00218595
-0.00046257
0.0347057
0.0357068
0.035173
0.0338369
0.0323144
0.0306802
0.028889
0.0269325
0.0248261
0.0225927
0.0202611
0.0178663
0.0154489
0.0130525
0.0107214
0.00849713
0.00641625
0.00450799
0.002793
0.00128296
-1.8895e-05
-0.00111673
-0.00202031
-0.00274252
-0.00329918
-0.00371979
-0.0040571
-0.00426616
-0.00386487
-0.00212974
0.035874
0.0369488
0.0363568
0.0348892
0.0332138
0.0314211
0.0294674
0.0273441
0.0250676
0.0226624
0.0201593
0.0175952
0.0150124
0.0124559
0.00997116
0.00760099
0.00538265
0.00334598
0.00151202
-0.000107287
-0.00150867
-0.00269634
-0.0036802
-0.00447334
-0.00509219
-0.0055682
-0.00595502
-0.00619775
-0.00579276
-0.00404835
0.0372997
0.0384209
0.0377537
0.0361266
0.0342653
0.0322838
0.0301386
0.0278195
0.0253441
0.0227395
0.0200384
0.0172797
0.0145074
0.0117682
0.00910885
0.00657296
0.00419857
0.00201596
4.64353e-05
-0.00169794
-0.00321389
-0.00450578
-0.00558369
-0.00646095
-0.00715475
-0.00769857
-0.00814696
-0.00843474
-0.00803578
-0.00628736
0.0390955
0.0402171
0.0394355
0.037604
0.035515
0.0333042
0.0309271
0.0283726
0.0256601
0.022819
0.0198847
0.0168982
0.0139055
0.0109548
0.00809397
0.00536751
0.00281386
0.000463517
-0.00166212
-0.00355106
-0.00520017
-0.00661403
-0.00780298
-0.00878068
-0.00956518
-0.0101921
-0.010717
-0.0110645
-0.0106859
-0.0089443
0.0413888
0.0424611
0.0415021
0.039405
0.0370293
0.0345314
0.0318657
0.0290206
0.0260176
0.0228895
0.0196744
0.0164158
0.0131617
0.00996186
0.00686511
0.00391627
0.00115386
-0.00139178
-0.00369952
-0.00575766
-0.00756338
-0.00912156
-0.0104429
-0.0115414
-0.012436
-0.0131648
-0.0137843
-0.0142099
-0.0138732
-0.0121597
0.0444353
0.0453467
0.0441095
0.0416567
0.0389078
0.036037
0.0329992
0.029783
0.0264134
0.0229266
0.0193644
0.0157731
0.0122026
0.00870383
0.00532584
0.00211317
-0.000896399
-0.0036734
-0.00619754
-0.00845776
-0.0104517
-0.0121845
-0.0136671
-0.0149139
-0.0159448
-0.0167996
-0.0175357
-0.0180629
-0.0178012
-0.0161566
0.0486175
0.0491564
0.0474653
0.0445198
0.0412717
0.0379045
0.0343744
0.0306727
0.0268286
0.0228835
0.018883
0.0148766
0.0109162
0.00705298
0.00333529
-0.000193971
-0.00349911
-0.00655283
-0.00933658
-0.0118406
-0.0140636
-0.0160113
-0.0176945
-0.0191278
-0.0203317
-0.0213466
-0.02223
-0.0228918
-0.0227638
-0.0212735
0.0548076
0.0545995
0.0521634
0.0485171
0.0445635
0.0404749
0.0362201
0.0318043
0.0272684
0.0226633
0.0180419
0.0134582
0.00896533
0.00461353
0.000447984
-0.00349264
-0.00717725
-0.0105827
-0.013693
-0.0164989
-0.0190024
-0.0212222
-0.0231542
-0.0248129
-0.0262194
-0.0274119
-0.0284434
-0.0292395
-0.0293082
-0.0281388
0.0656151
0.0637202
0.0597294
0.0548526
0.049735
0.0444729
0.039063
0.0335406
0.0279636
0.0223925
0.0168846
0.011493
0.0062655
0.00124349
-0.00353868
-0.00805365
-0.0122806
-0.0162048
-0.0198181
-0.023118
-0.0261008
-0.0287542
-0.0311039
-0.0331584
-0.0349286
-0.0364403
-0.0377386
-0.0388128
-0.0393671
-0.0388473
0.0178784
0.0188159
0.0205634
0.0219448
0.0230982
0.0241702
0.0251945
0.0261801
0.0271368
0.0280742
0.0290005
0.0299234
0.0308512
0.0317923
0.0327552
0.0337502
0.0347902
0.0358915
0.037073
0.038356
0.0397681
0.041349
0.043146
0.0452251
0.0476752
0.0506316
0.0542794
0.0588316
0.0645155
0.0718526
0.0221982
0.0231734
0.0242976
0.0252327
0.0260656
0.0268582
0.0276221
0.0283616
0.0290839
0.0297971
0.030509
0.0312278
0.0319618
0.0327198
0.0335116
0.0343487
0.035245
0.0362174
0.0372863
0.0384763
0.0398198
0.0413599
0.0431534
0.0452782
0.0478441
0.0510138
0.0550217
0.0601899
0.0670057
0.0760574
0.0245054
0.0253737
0.0262156
0.026966
0.0276932
0.028414
0.0291251
0.0298274
0.0305259
0.0312263
0.0319348
0.032658
0.0334032
0.0341785
0.0349935
0.0358597
0.0367909
0.0378047
0.0389222
0.0401704
0.0415846
0.0432117
0.0451147
0.047381
0.0501343
0.0535541
0.0579065
0.0635703
0.0711965
0.0814766
0.0265171
0.0272766
0.0280034
0.0286742
0.0293378
0.030004
0.0306718
0.031344
0.0320256
0.0327221
0.0334391
0.0341828
0.0349603
0.0357797
0.0366505
0.0375845
0.038596
0.0397027
0.040927
0.0422975
0.0438516
0.0456392
0.0477274
0.0502094
0.0532167
0.0569386
0.0616558
0.0677639
0.0760047
0.0871159
0.0283942
0.0290611
0.0296985
0.0302985
0.0309024
0.03152
0.032152
0.0328012
0.0334719
0.0341687
0.0348969
0.0356622
0.0364718
0.0373336
0.0382577
0.039256
0.0403435
0.0415388
0.0428654
0.0443537
0.0460432
0.0479864
0.0502542
0.0529442
0.0561936
0.0601994
0.0652523
0.0717587
0.0805442
0.0924042
0.0301081
0.0306931
0.0312548
0.0317955
0.0323523
0.032934
0.0335412
0.0341761
0.0348424
0.0355442
0.0362864
0.0370747
0.0379159
0.0388181
0.0397914
0.0408483
0.0420041
0.0432781
0.0446951
0.0462867
0.0480943
0.0501727
0.0525958
0.055465
0.0589225
0.0631717
0.0685129
0.0753656
0.084637
0.0972048
0.031656
0.032168
0.0326656
0.0331579
0.033678
0.0342329
0.0348228
0.0354495
0.0361161
0.0368265
0.0375851
0.0383974
0.0392701
0.0402113
0.0412313
0.0423426
0.0435611
0.0449068
0.0464051
0.0480887
0.0500006
0.0521974
0.0547553
0.0577789
0.0614143
0.0658705
0.0714566
0.0786057
0.0882914
0.101487
0.0330333
0.0334795
0.0339223
0.0343752
0.0348664
0.0354012
0.0359793
0.036602
0.0372721
0.037993
0.0387688
0.0396048
0.0405075
0.0414852
0.042548
0.0437089
0.044984
0.0463936
0.0479641
0.049729
0.0517323
0.0540321
0.0567066
0.0598627
0.0636498
0.0682814
0.0740744
0.081474
0.0914991
0.105227
0.0342313
0.0346188
0.0350149
0.035436
0.0359049
0.0364249
0.0369952
0.0376169
0.0382922
0.0390241
0.0398166
0.0406746
0.0416047
0.042615
0.0437158
0.0449202
0.0462445
0.0477097
0.0493424
0.051177
0.0532583
0.0556456
0.0584187
0.0616861
0.0656
0.0703777
0.0763424
0.0839496
0.0942429
0.108409
0.0352433
0.035579
0.0359366
0.0363326
0.0367846
0.0372938
0.0378592
0.0384816
0.0391628
0.0399053
0.0407129
0.0415904
0.0425443
0.0435827
0.0447159
0.0459571
0.047323
0.0488347
0.0505193
0.0524117
0.0545575
0.057017
0.0598708
0.0632292
0.0672464
0.0721423
0.0782458
0.0860208
0.0965181
0.111039
0.0360663
0.0363581
0.0366848
0.0370617
0.0375011
0.0380027
0.0385653
0.0391892
0.039876
0.0406279
0.0414485
0.0423424
0.0433161
0.0443776
0.0455373
0.0468085
0.048208
0.0497572
0.0514835
0.0534222
0.0556195
0.0581362
0.061054
0.0644843
0.0685827
0.0735714
0.0797836
0.0876901
0.098335
0.113138
0.0367024
0.0369588
0.037262
0.037625
0.0380553
0.0385517
0.0391127
0.0397385
0.0404301
0.0411898
0.0420207
0.0429277
0.0439169
0.0449964
0.0461767
0.047471
0.0488964
0.0504743
0.0522325
0.0542066
0.0564431
0.0590033
0.0619695
0.065454
0.0696136
0.074672
0.0809656
0.088971
0.0997157
0.114739
0.0371587
0.0373889
0.0376753
0.0380287
0.038453
0.038946
0.0395063
0.0401337
0.0408291
0.0415945
0.0424332
0.0433497
0.0443501
0.0454427
0.0466378
0.0479488
0.0493927
0.0509913
0.0527722
0.0547715
0.0570358
0.0596269
0.0626274
0.0661503
0.070353
0.0754604
0.0818111
0.0898863
0.100691
0.115882
0.037447
0.0376601
0.037936
0.0382836
0.0387042
0.0391953
0.0397553
0.0403839
0.0410818
0.0418511
0.0426948
0.0436174
0.0446251
0.045726
0.0469306
0.0482522
0.049708
0.0513196
0.0531151
0.0551303
0.0574122
0.0600228
0.063045
0.066592
0.0708219
0.0759599
0.0823466
0.0904655
0.101298
0.11661
0.0375825
0.0377872
0.0380582
0.0384031
0.0388221
0.0393123
0.0398723
0.0405015
0.0412008
0.0419719
0.042818
0.0437436
0.0447549
0.0458598
0.0470689
0.0483957
0.0498571
0.051475
0.0532773
0.0553002
0.0575906
0.0602105
0.063243
0.0668015
0.0710444
0.076197
0.0826007
0.0907403
0.10158
0.116963
0.0375825
0.0377872
0.0380582
0.0384031
0.0388221
0.0393124
0.0398723
0.0405015
0.0412008
0.0419719
0.0428181
0.0437437
0.0447549
0.0458598
0.0470689
0.0483957
0.0498571
0.051475
0.0532773
0.0553002
0.0575906
0.0602105
0.063243
0.0668015
0.0710444
0.076197
0.0826008
0.0907404
0.10158
0.116963
0.0374471
0.0376601
0.0379361
0.0382837
0.0387043
0.0391954
0.0397553
0.0403839
0.0410819
0.0418512
0.0426948
0.0436175
0.0446252
0.0457261
0.0469307
0.0482523
0.049708
0.0513197
0.0531151
0.0551303
0.0574123
0.0600229
0.063045
0.0665921
0.070822
0.07596
0.0823467
0.0904656
0.101298
0.116611
0.0371588
0.037389
0.0376754
0.0380288
0.0384531
0.0389461
0.0395064
0.0401338
0.0408292
0.0415946
0.0424333
0.0433498
0.0443502
0.0454428
0.0466379
0.0479489
0.0493928
0.0509914
0.0527723
0.0547716
0.0570359
0.059627
0.0626275
0.0661504
0.0703531
0.0754605
0.0818113
0.0898864
0.100691
0.115882
0.0367025
0.036959
0.0372621
0.0376251
0.0380554
0.0385518
0.0391129
0.0397386
0.0404302
0.0411899
0.0420209
0.0429278
0.043917
0.0449965
0.0461768
0.0474711
0.0488965
0.0504745
0.0522327
0.0542068
0.0564432
0.0590034
0.0619697
0.0654542
0.0696138
0.0746722
0.0809658
0.0889712
0.0997159
0.114739
0.0360665
0.0363583
0.036685
0.0370619
0.0375012
0.0380028
0.0385655
0.0391894
0.0398762
0.0406281
0.0414486
0.0423426
0.0433163
0.0443777
0.0455375
0.0468087
0.0482082
0.0497573
0.0514836
0.0534224
0.0556197
0.0581364
0.0610542
0.0644845
0.0685829
0.0735717
0.0797838
0.0876904
0.0983353
0.113139
0.0352436
0.0355793
0.0359368
0.0363329
0.0367848
0.037294
0.0378595
0.0384818
0.039163
0.0399055
0.0407131
0.0415906
0.0425445
0.0435829
0.0447161
0.0459573
0.0473232
0.0488349
0.0505195
0.0524119
0.0545578
0.0570172
0.059871
0.0632295
0.0672466
0.0721426
0.0782462
0.0860212
0.0965185
0.11104
0.0342317
0.0346191
0.0350152
0.0354363
0.0359052
0.0364251
0.0369955
0.0376171
0.0382925
0.0390244
0.0398168
0.0406749
0.0416049
0.0426152
0.043716
0.0449204
0.0462448
0.04771
0.0493427
0.0511772
0.0532586
0.0556459
0.058419
0.0616864
0.0656004
0.070378
0.0763428
0.08395
0.0942434
0.10841
0.0330336
0.0334799
0.0339226
0.0343755
0.0348667
0.0354015
0.0359796
0.0366023
0.0372724
0.0379933
0.0387691
0.0396051
0.0405078
0.0414855
0.0425483
0.0437092
0.0449842
0.0463939
0.0479644
0.0497293
0.0517326
0.0540325
0.056707
0.0598631
0.0636502
0.0682818
0.0740749
0.0814745
0.0914996
0.105227
0.0316565
0.0321684
0.032666
0.0331583
0.0336784
0.0342333
0.0348231
0.0354498
0.0361165
0.0368268
0.0375854
0.0383977
0.0392704
0.0402116
0.0412316
0.0423429
0.0435614
0.0449071
0.0464054
0.0480891
0.050001
0.0521978
0.0547557
0.0577793
0.0614147
0.0658709
0.0714571
0.0786063
0.088292
0.101488
0.0301086
0.0306936
0.0312553
0.0317959
0.0323527
0.0329344
0.0335416
0.0341765
0.0348428
0.0355446
0.0362868
0.0370751
0.0379162
0.0388184
0.0397918
0.0408486
0.0420044
0.0432785
0.0446955
0.0462871
0.0480947
0.0501731
0.0525962
0.0554654
0.0589229
0.0631722
0.0685134
0.0753662
0.0846377
0.0972056
0.0283947
0.0290616
0.029699
0.030299
0.0309028
0.0315204
0.0321524
0.0328017
0.0334723
0.0341691
0.0348972
0.0356626
0.0364722
0.037334
0.0382581
0.0392564
0.0403439
0.0415392
0.0428659
0.0443541
0.0460436
0.0479868
0.0502546
0.0529446
0.0561941
0.0602
0.0652529
0.0717593
0.080545
0.0924051
0.0265177
0.0272771
0.0280039
0.0286748
0.0293383
0.0300045
0.0306723
0.0313445
0.0320261
0.0327225
0.0334395
0.0341832
0.0349607
0.0357801
0.0366509
0.0375849
0.0385964
0.0397031
0.0409274
0.0422979
0.0438521
0.0456396
0.0477279
0.0502099
0.0532173
0.0569392
0.0616565
0.0677646
0.0760055
0.0871169
0.0245061
0.0253743
0.0262162
0.0269665
0.0276938
0.0284145
0.0291256
0.0298279
0.0305264
0.0312268
0.0319353
0.0326584
0.0334036
0.0341789
0.034994
0.0358601
0.0367914
0.0378051
0.0389227
0.0401709
0.0415851
0.0432122
0.0451152
0.0473815
0.0501348
0.0535547
0.0579072
0.0635711
0.0711974
0.0814776
0.022199
0.0231741
0.0242983
0.0252333
0.0260662
0.0268588
0.0276227
0.0283621
0.0290844
0.0297976
0.0305095
0.0312283
0.0319623
0.0327203
0.033512
0.0343491
0.0352454
0.0362179
0.0372868
0.0384768
0.0398202
0.0413604
0.0431539
0.0452788
0.0478447
0.0510144
0.0550225
0.0601907
0.0670066
0.0760584
0.0178793
0.0188167
0.0205642
0.0219456
0.023099
0.0241709
0.0251952
0.0261807
0.0271374
0.0280748
0.029001
0.0299239
0.0308517
0.0317928
0.0327557
0.0337507
0.0347907
0.035892
0.0370734
0.0383564
0.0397686
0.0413495
0.0431466
0.0452257
0.0476758
0.0506322
0.0542801
0.0588324
0.0645164
0.0718537
0.0656163
0.0637214
0.0597306
0.0548538
0.0497363
0.0444742
0.0390643
0.0335419
0.027965
0.0223938
0.0168859
0.0114943
0.00626676
0.00124473
-0.00353748
-0.00805248
-0.0122795
-0.0162038
-0.0198171
-0.023117
-0.0260998
-0.0287533
-0.0311031
-0.0331576
-0.0349279
-0.0364396
-0.0377379
-0.0388121
-0.0393666
-0.0388468
0.0548086
0.0546005
0.0521644
0.0485182
0.0445645
0.040476
0.0362212
0.0318055
0.0272696
0.0226644
0.018043
0.0134593
0.00896644
0.00461462
0.000449054
-0.0034916
-0.00717625
-0.0105817
-0.013692
-0.016498
-0.0190015
-0.0212214
-0.0231534
-0.0248121
-0.0262187
-0.0274113
-0.0284428
-0.029239
-0.0293076
-0.0281383
0.0486184
0.0491573
0.0474662
0.0445207
0.0412727
0.0379054
0.0343754
0.0306737
0.0268297
0.0228845
0.018884
0.0148777
0.0109172
0.00705396
0.00333625
-0.000193029
-0.0034982
-0.00655194
-0.00933573
-0.0118398
-0.0140628
-0.0160106
-0.0176938
-0.0191271
-0.020331
-0.0213461
-0.0222294
-0.0228913
-0.0227633
-0.021273
0.0444361
0.0453475
0.0441103
0.0416575
0.0389087
0.0360379
0.0330001
0.0297839
0.0264143
0.0229276
0.0193653
0.015774
0.0122035
0.00870474
0.00532673
0.00211404
-0.000895556
-0.00367259
-0.00619676
-0.00845701
-0.010451
-0.0121838
-0.0136664
-0.0149133
-0.0159442
-0.016799
-0.0175352
-0.0180624
-0.0178008
-0.0161562
0.0413895
0.0424618
0.0415029
0.0394057
0.0370301
0.0345322
0.0318665
0.0290214
0.0260185
0.0228904
0.0196752
0.0164166
0.0131625
0.00996271
0.00686594
0.00391708
0.00115465
-0.00139101
-0.00369879
-0.00575696
-0.00756271
-0.00912092
-0.0104423
-0.0115408
-0.0124355
-0.0131643
-0.0137838
-0.0142095
-0.0138727
-0.0121593
0.0390962
0.0402178
0.0394362
0.0376047
0.0355157
0.0333049
0.0309279
0.0283734
0.0256609
0.0228198
0.0198855
0.016899
0.0139063
0.0109556
0.00809475
0.00536827
0.0028146
0.000464235
-0.00166143
-0.0035504
-0.00519953
-0.00661342
-0.0078024
-0.00878013
-0.00956466
-0.0101916
-0.0107165
-0.011064
-0.0106855
-0.00894389
0.0373003
0.0384215
0.0377543
0.0361273
0.034266
0.0322845
0.0301393
0.0278202
0.0253449
0.0227403
0.0200392
0.0172805
0.0145082
0.011769
0.00910959
0.00657369
0.00419928
0.00201664
4.7093e-05
-0.0016973
-0.00321328
-0.0045052
-0.00558314
-0.00646042
-0.00715425
-0.00769809
-0.00814651
-0.00843431
-0.00803537
-0.00628697
0.0358746
0.0369494
0.0363574
0.0348898
0.0332144
0.0314217
0.0294681
0.0273448
0.0250683
0.0226632
0.0201601
0.017596
0.0150131
0.0124566
0.00997187
0.00760168
0.00538333
0.00334663
0.00151266
-0.000106681
-0.00150809
-0.00269579
-0.00367967
-0.00447283
-0.00509171
-0.00556774
-0.00595458
-0.00619733
-0.00579237
-0.00404797
0.0347063
0.0357074
0.0351735
0.0338375
0.032315
0.0306809
0.0288896
0.0269332
0.0248268
0.0225935
0.0202618
0.017867
0.0154496
0.0130532
0.0107221
0.0084978
0.0064169
0.00450862
0.00279361
0.00128355
-1.83334e-05
-0.0011162
-0.00201979
-0.00274203
-0.00329871
-0.00371935
-0.00405667
-0.00426575
-0.00386448
-0.00212937
0.0337274
0.0346352
0.0341424
0.0329293
0.0315343
0.030035
0.0283843
0.026573
0.0246154
0.0225327
0.020352
0.0181068
0.0158362
0.0135822
0.0113878
0.00929349
0.007335
0.00554084
0.0039312
0.00251748
0.00130276
0.000282912
-0.000551715
-0.00121388
-0.0017188
-0.00209421
-0.00239185
-0.00257625
-0.00218556
-0.000462206
0.0328915
0.0336878
0.0332233
0.032128
0.0308485
0.0294635
0.0279363
0.0262539
0.0244286
0.0224804
0.0204349
0.018324
0.0161853
0.0140596
0.0119884
0.0100112
0.00816282
0.00647107
0.00495561
0.0036275
0.00248968
0.00153801
0.000762945
0.000151849
-0.000309995
-0.000648595
-0.000914674
-0.00108159
-0.000706581
0.00100384
0.0321577
0.0328436
0.0323961
0.0313986
0.030236
0.0289502
0.0275326
0.0259667
0.0242613
0.022435
0.0205124
0.0185239
0.0165055
0.0144967
0.0125379
0.0106674
0.00891908
0.00732008
0.00588952
0.0046381
0.0035686
0.00267687
0.00195345
0.00138585
0.000959808
0.00065093
0.000409622
0.000254294
0.000609657
0.00230623
0.0315002
0.0320693
0.0316396
0.030729
0.029674
0.0284819
0.0271621
0.0257032
0.0241083
0.0223945
0.0205853
0.0187098
0.0168026
0.0149018
0.0130467
0.0112744
0.00961802
0.00810384
0.00675048
0.0055683
0.00455991
0.00372116
0.00304268
0.00251214
0.00211571
0.0018305
0.00160815
0.00145948
0.00179189
0.0034732
0.0309002
0.0313455
0.0309361
0.0301066
0.0291446
0.0280497
0.026816
0.025456
0.0239649
0.0223565
0.0206534
0.0188837
0.0170806
0.0152809
0.0135226
0.0118419
0.0102707
0.0088349
0.0075524
0.00643325
0.00547991
0.00468822
0.00404895
0.00354993
0.00317772
0.0029109
0.00270243
0.00255613
0.00286265
0.00452621
0.0303339
0.0306622
0.0302748
0.029517
0.028638
0.027642
0.0264893
0.02522
0.023827
0.0223186
0.0207161
0.0190468
0.0173424
0.0156385
0.0139717
0.0123772
0.0108862
0.00952344
0.00830659
0.00724532
0.0063419
0.00559223
0.00498721
0.00451485
0.00416211
0.00390891
0.00370971
0.00356197
0.00383977
0.00548139
0.0297846
0.0300059
0.0296419
0.0289525
0.0281503
0.0272435
0.0261774
0.0249898
0.0236903
0.0222782
0.0207726
0.0191996
0.0175901
0.015978
0.0143988
0.0128866
0.0114716
0.0101779
0.0090225
0.00801484
0.00715703
0.00644502
0.00586988
0.00541983
0.00508222
0.00483825
0.00464399
0.0044912
0.00473745
0.0063507
0.0292422
0.0293642
0.0290263
0.0284049
0.0276721
0.0268438
0.0258735
0.0247619
0.0235514
0.0222331
0.0208216
0.0193424
0.017825
0.0163022
0.014808
0.0133752
0.0120332
0.0108054
0.0097082
0.00875066
0.00793482
0.00725668
0.0067075
0.00627576
0.00594916
0.00571016
0.00551658
0.00535523
0.00556693
0.00714255
0.0286994
0.0287257
0.0284155
0.0278614
0.0271976
0.0264427
0.0255664
0.0245331
0.0234068
0.0221805
0.0208618
0.0194749
0.0180483
0.0166132
0.0152023
0.0138473
0.0125765
0.0114123
0.0103708
0.00946056
0.0086836
0.00803595
0.00750911
0.00709182
0.0067722
0.00653388
0.00633663
0.00616306
0.00633692
0.00786232
0.0281488
0.0280811
0.0278013
0.0273142
0.026719
0.0260357
0.0252469
0.0243007
0.0232529
0.0221175
0.0208916
0.0195967
0.0182605
0.0169128
0.0155847
0.0143068
0.0131061
0.0120042
0.0110166
0.0101515
0.00941081
0.00879057
0.00828258
0.00787591
0.0075591
0.00731694
0.00711135
0.00692162
0.00705397
0.00851269
0.0275808
0.0274237
0.027177
0.0267574
0.026232
0.0256162
0.0249072
0.0240604
0.0230876
0.0220419
0.0209093
0.019707
0.0184619
0.0172022
0.0159577
0.0147572
0.0136265
0.0125865
0.0116517
0.0108301
0.0101233
0.00952749
0.00903484
0.00863476
0.00831627
0.00806531
0.00784621
0.00763588
0.00772253
0.00909397
0.0269855
0.0267463
0.0265356
0.0261829
0.0257274
0.0251811
0.0245485
0.0238026
0.0229093
0.0219511
0.0209131
0.0198051
0.0186527
0.0174829
0.0163234
0.0152017
0.014142
0.0131641
0.0122817
0.0115023
0.0108273
0.0102531
0.009772
0.00937409
0.00904889
0.00878352
0.00854497
0.00830895
0.00834505
0.00960433
0.0263529
0.0260415
0.0258704
0.0255852
0.0251999
0.024725
0.0241685
0.0235195
0.022716
0.0218423
0.0209008
0.0198897
0.0188327
0.0177555
0.016684
0.0156435
0.0146568
0.0137421
0.0129124
0.0121742
0.011529
0.0109732
0.0104996
0.0100987
0.00976098
0.00947469
0.00920981
0.00894211
0.008922
0.0100401
0.0256704
0.0253015
0.0251746
0.0249582
0.0246449
0.024245
0.023764
0.023204
0.0225047
0.0217121
0.0208696
0.0199593
0.0190016
0.018021
0.0170414
0.0160858
0.0151751
0.0143258
0.0135494
0.012852
0.0122345
0.0116935
0.0112224
0.0108127
0.0104554
0.0101405
0.0098412
0.00953478
0.00945169
0.0103962
0.0249212
0.0245162
0.0244398
0.024295
0.0240559
0.0237338
0.0233308
0.0228553
0.022269
0.0215602
0.0208177
0.0200125
0.0191587
0.0182801
0.0173977
0.016532
0.0157014
0.0149204
0.0141987
0.0135415
0.0129492
0.0124187
0.0119443
0.0115184
0.0111334
0.0107808
0.0104375
0.0100841
0.00993002
0.0106665
0.0240833
0.0236722
0.023654
0.0235859
0.0234256
0.0231843
0.0228631
0.022474
0.0220003
0.0213852
0.0207429
0.0200476
0.0193037
0.0185332
0.0177546
0.0169851
0.0162398
0.0155305
0.0148651
0.0142473
0.013677
0.0131516
0.0126667
0.0122159
0.0117932
0.0113921
0.010994
0.0105845
0.0103503
0.0108451
0.0231363
0.0227642
0.0228108
0.0228228
0.0227485
0.0225937
0.0223587
0.0220593
0.0216929
0.0211831
0.0206407
0.0200611
0.0194341
0.0187797
0.0181132
0.0174478
0.0167947
0.0161622
0.0155554
0.0149759
0.0144232
0.0138965
0.0133924
0.0129061
0.0124339
0.0119719
0.0115065
0.011031
0.0107064
0.0109285
0.0220458
0.0218216
0.0219504
0.0220332
0.0220423
0.0219749
0.021826
0.0216125
0.0213432
0.0209489
0.0205027
0.0200433
0.0195418
0.0190148
0.0184741
0.0179276
0.0173806
0.0168362
0.0162952
0.0157562
0.0152176
0.0146833
0.0141498
0.0136141
0.0130762
0.0125362
0.0119872
0.0114316
0.0109986
0.0109164
0.020603
0.0207866
0.0211015
0.0212553
0.021331
0.0213392
0.0212678
0.0211275
0.0209398
0.0206689
0.0203193
0.0199841
0.0196209
0.0192407
0.0188495
0.0184471
0.0180303
0.0175938
0.0171319
0.01664
0.0161168
0.0155618
0.0149815
0.0143753
0.0137478
0.0131052
0.0124483
0.0117882
0.0112115
0.0107945
0.0181225
0.0189181
0.0197178
0.0201186
0.0203475
0.0204888
0.0205446
0.0205241
0.0204562
0.020338
0.0201282
0.0199411
0.0197357
0.0195149
0.0192772
0.0190136
0.0187116
0.0183602
0.0179487
0.0174742
0.0169547
0.0163213
0.0156567
0.0149521
0.0142152
0.0134576
0.0126874
0.0119191
0.0111928
0.0104883
0.0142129
0.0148056
0.0162738
0.0173587
0.0181451
0.01877
0.0192597
0.0196256
0.0198956
0.02008
0.0201419
0.0201556
0.020093
0.0199502
0.0197259
0.0194164
0.0190187
0.0185359
0.0179712
0.0173244
0.0165902
0.0158732
0.0151182
0.0143405
0.0135601
0.0127898
0.0120392
0.0113231
0.0106513
0.00996858
-0.0405252
-0.0325819
-0.0265838
-0.0217132
-0.0176928
-0.0143459
-0.0115224
-0.00911306
-0.00703467
-0.00522399
-0.00363238
-0.00222185
-0.000962411
0.000170001
0.00119487
0.00212817
0.00298303
0.00377026
0.0044986
0.00517491
0.00580416
0.00638931
0.00693128
0.00742878
0.00787791
0.00827035
0.00859619
0.00885314
0.00904286
0.00908896
-0.0406764
-0.0326059
-0.0263131
-0.0213126
-0.0172164
-0.0138142
-0.0109449
-0.00849382
-0.00637608
-0.00452811
-0.00290152
-0.00145903
-0.000171629
0.000983363
0.00202372
0.00296329
0.00381276
0.00458015
0.0052713
0.0058902
0.00643928
0.00691971
0.0073317
0.00767476
0.0079477
0.00814836
0.00827499
0.00834898
0.00846416
0.00866248
-0.0415001
-0.0335789
-0.0272703
-0.0222646
-0.0181551
-0.0147347
-0.0118454
-0.00937415
-0.00723746
-0.00537273
-0.00373217
-0.0022788
-0.000983703
0.000175952
0.00121827
0.00215763
0.00300544
0.00377065
0.00446018
0.00507923
0.00563154
0.00611955
0.00654467
0.00690756
0.00720798
0.00744235
0.00760112
0.00769876
0.00786579
0.00825828
-0.0425012
-0.034882
-0.0286883
-0.0237253
-0.0196096
-0.0161585
-0.0132268
-0.010708
-0.00852269
-0.00661035
-0.0049245
-0.00342885
-0.00209481
-0.000899638
0.000174867
0.0011433
0.00201739
0.0028065
0.00351808
0.00415794
0.00473052
0.00523907
0.0056859
0.00607282
0.00640106
0.00666806
0.00686239
0.00699469
0.00721466
0.00777158
-0.043409
-0.0360433
-0.0299703
-0.0250574
-0.0209431
-0.0174665
-0.0144952
-0.0119301
-0.009696
-0.00773499
-0.00600213
-0.00446203
-0.00308658
-0.00185325
-0.00074389
0.000256192
0.00115891
0.00197392
0.002709
0.0033704
0.00396302
0.00449066
0.00495621
0.00536206
0.0057103
0.00599937
0.00621768
0.00637334
0.00662178
0.00727057
-0.0441883
-0.0370053
-0.0310405
-0.02618
-0.0220785
-0.0185903
-0.0155933
-0.0129948
-0.0107233
-0.00872383
-0.00695282
-0.00537591
-0.00396556
-0.0026996
-0.00155999
-0.000532056
0.000396214
0.00123465
0.0019913
0.00267269
0.00328413
0.00382982
0.0043131
0.00473683
0.00510363
0.00541279
0.00565329
0.00583063
0.00609457
0.00677825
-0.0448551
-0.037811
-0.0319475
-0.0271397
-0.0230584
-0.0195687
-0.0165566
-0.0139346
-0.0116351
-0.00960518
-0.00780304
-0.0061953
-0.00475507
-0.00346057
-0.00229399
-0.00124074
-0.000288814
0.000571715
0.00134903
0.00204988
0.00267982
0.00324336
0.00374417
0.00418543
0.00457014
0.00489841
0.00516047
0.00535957
0.00563144
0.00630602
-0.0454186
-0.0384853
-0.0327168
-0.0279587
-0.0239004
-0.0204147
-0.0173938
-0.014755
-0.0124338
-0.0103795
-0.00855155
-0.0069177
-0.0054517
-0.00413217
-0.00294159
-0.0018655
-0.000891943
-1.09691e-05
0.000785687
0.00150491
0.00215242
0.00273295
0.00325043
0.00370826
0.00410969
0.00445556
0.00473787
0.00495815
0.00523266
0.00586589
-0.0458848
-0.0390391
-0.0333575
-0.0286441
-0.0246085
-0.0211295
-0.0181042
-0.0154536
-0.0131159
-0.0110421
-0.00919328
-0.00753784
-0.00605019
-0.00470938
-0.00349815
-0.00240219
-0.00140962
-0.000510519
0.000303433
0.0010392
0.00170263
0.00229861
0.00283125
0.00330413
0.00372063
0.00408226
0.00438305
0.00462337
0.00489731
0.00546864
-0.046261
-0.0394825
-0.0338778
-0.0292026
-0.0251881
-0.0217168
-0.0186898
-0.0160312
-0.0136813
-0.0115926
-0.00972729
-0.00805454
-0.00654931
-0.00519102
-0.00396264
-0.00285005
-0.00184143
-0.000926892
-9.81124e-05
0.000651925
0.00132915
0.00193857
0.00248444
0.00297044
0.00340007
0.00377535
0.0040924
0.00435102
0.00462292
0.00512265
-0.0465562
-0.0398261
-0.0342873
-0.0296432
-0.0256469
-0.0221832
-0.0191563
-0.0164925
-0.0141338
-0.012034
-0.010156
-0.00846987
-0.00695085
-0.00557871
-0.00433664
-0.00321065
-0.00218902
-0.0012619
-0.000420957
0.000340844
0.00102949
0.00165008
0.00220695
0.0027039
0.00314444
0.00353105
0.00386177
0.00413636
0.00440596
0.00483368
-0.0467795
-0.0400809
-0.0345963
-0.0299761
-0.0259945
-0.0225375
-0.0195114
-0.0168442
-0.0144794
-0.0123715
-0.0104844
-0.00878821
-0.00725883
-0.00587621
-0.00462372
-0.00348747
-0.00245582
-0.00151895
-0.00066856
0.00010242
0.000800006
0.00142935
0.00199488
0.00250044
0.00294959
0.00334509
0.00368665
0.00397436
0.00424213
0.00460491
-0.0469396
-0.0402575
-0.0348151
-0.0302119
-0.0262412
-0.0227893
-0.0197641
-0.0170949
-0.014726
-0.0126126
-0.010719
-0.00901591
-0.00747923
-0.00608919
-0.00482927
-0.00368569
-0.00264685
-0.00170298
-0.00084576
-6.81373e-05
0.000635934
0.00127164
0.00184347
0.00235532
0.00281073
0.0032127
0.00356219
0.00385985
0.00412657
0.004437
-0.0470443
-0.0403659
-0.0349536
-0.0303611
-0.0263974
-0.0229489
-0.0199244
-0.0172541
-0.0148826
-0.0127659
-0.0108683
-0.00916073
-0.00761946
-0.00622471
-0.00496009
-0.00381184
-0.00276843
-0.00182008
-0.000958502
-0.000176627
0.000531601
0.00117139
0.00174726
0.00226315
0.0027226
0.00312872
0.00348332
0.00378759
0.00405398
0.0043284
-0.0470973
-0.0404156
-0.0350201
-0.0304326
-0.0264722
-0.0230254
-0.0200012
-0.0173303
-0.0149577
-0.0128393
-0.0109397
-0.00923011
-0.00768663
-0.00628963
-0.00502275
-0.00387227
-0.00282666
-0.00187617
-0.00101249
-0.000228577
0.000481647
0.0011234
0.00170121
0.00221904
0.00268043
0.00308855
0.0034456
0.00375312
0.00401956
0.0042762
-0.0470973
-0.0404156
-0.0350201
-0.0304325
-0.0264722
-0.0230253
-0.0200012
-0.0173303
-0.0149576
-0.0128393
-0.0109397
-0.0092301
-0.00768662
-0.00628962
-0.00502274
-0.00387226
-0.00282665
-0.00187615
-0.00101248
-0.000228565
0.000481659
0.00112341
0.00170122
0.00221905
0.00268045
0.00308856
0.00344561
0.00375313
0.00401958
0.00427621
-0.0470442
-0.0403659
-0.0349536
-0.030361
-0.0263973
-0.0229488
-0.0199244
-0.0172541
-0.0148826
-0.0127658
-0.0108682
-0.0091607
-0.00761943
-0.00622468
-0.00496005
-0.00381181
-0.0027684
-0.00182005
-0.000958468
-0.000176592
0.000531637
0.00117143
0.0017473
0.00226319
0.00272264
0.00312876
0.00348336
0.00378763
0.00405402
0.00432845
-0.0469395
-0.0402575
-0.034815
-0.0302118
-0.0262411
-0.0227892
-0.019764
-0.0170949
-0.0147259
-0.0126126
-0.010719
-0.00901585
-0.00747918
-0.00608913
-0.00482921
-0.00368563
-0.0026468
-0.00170292
-0.000845701
-6.80771e-05
0.000635995
0.00127171
0.00184353
0.00235538
0.0028108
0.00321277
0.00356226
0.00385992
0.00412665
0.00443708
-0.0467794
-0.0400808
-0.0345962
-0.0299761
-0.0259945
-0.0225374
-0.0195113
-0.0168442
-0.0144793
-0.0123715
-0.0104843
-0.00878813
-0.00725876
-0.00587613
-0.00462364
-0.00348739
-0.00245574
-0.00151887
-0.000668476
0.000102505
0.000800094
0.00142944
0.00199497
0.00250054
0.00294968
0.00334519
0.00368675
0.00397446
0.00424224
0.00460502
-0.0465561
-0.0398259
-0.0342872
-0.0296431
-0.0256468
-0.0221831
-0.0191562
-0.0164924
-0.0141336
-0.0120339
-0.0101559
-0.00846977
-0.00695075
-0.0055786
-0.00433654
-0.00321055
-0.00218892
-0.00126179
-0.000420848
0.000340956
0.00102961
0.00165019
0.00220707
0.00270402
0.00314456
0.00353118
0.0038619
0.00413649
0.00440609
0.00483382
-0.0462608
-0.0394823
-0.0338777
-0.0292024
-0.0251879
-0.0217166
-0.0186897
-0.0160311
-0.0136811
-0.0115925
-0.00972716
-0.00805442
-0.00654919
-0.00519089
-0.00396252
-0.00284992
-0.0018413
-0.000926759
-9.79769e-05
0.000652063
0.00132929
0.00193872
0.00248458
0.00297059
0.00340022
0.00377551
0.00409256
0.00435118
0.00462309
0.00512282
-0.0458846
-0.039039
-0.0333573
-0.0286439
-0.0246084
-0.0211293
-0.018104
-0.0154534
-0.0131157
-0.011042
-0.00919313
-0.00753769
-0.00605004
-0.00470923
-0.00349799
-0.00240204
-0.00140947
-0.00051036
0.000303595
0.00103936
0.00170279
0.00229878
0.00283142
0.0033043
0.00372081
0.00408245
0.00438325
0.00462357
0.00489751
0.00546885
-0.0454184
-0.0384851
-0.0327166
-0.0279585
-0.0239002
-0.0204145
-0.0173936
-0.0147549
-0.0124337
-0.0103793
-0.00855138
-0.00691753
-0.00545152
-0.004132
-0.00294141
-0.00186533
-0.000891761
-1.07839e-05
0.000785875
0.0015051
0.00215261
0.00273316
0.00325063
0.00370847
0.0041099
0.00445577
0.00473809
0.00495838
0.00523289
0.00586613
-0.0448548
-0.0378108
-0.0319473
-0.0271394
-0.0230581
-0.0195685
-0.0165564
-0.0139344
-0.0116349
-0.00960498
-0.00780285
-0.0061951
-0.00475487
-0.00346037
-0.00229379
-0.00124054
-0.000288606
0.000571927
0.00134925
0.0020501
0.00268004
0.00324359
0.0037444
0.00418567
0.00457039
0.00489866
0.00516072
0.00535983
0.0056317
0.00630629
-0.044188
-0.037005
-0.0310402
-0.0261797
-0.0220782
-0.0185901
-0.0155931
-0.0129945
-0.0107231
-0.00872361
-0.0069526
-0.00537568
-0.00396534
-0.00269937
-0.00155976
-0.000531825
0.000396449
0.00123489
0.00199154
0.00267294
0.00328438
0.00383008
0.00431337
0.0047371
0.00510391
0.00541307
0.00565357
0.00583092
0.00609487
0.00677855
-0.0434087
-0.036043
-0.02997
-0.0250571
-0.0209428
-0.0174662
-0.014495
-0.0119299
-0.00969575
-0.00773474
-0.00600189
-0.00446179
-0.00308633
-0.001853
-0.000743637
0.000256448
0.00115917
0.00197418
0.00270927
0.00337067
0.0039633
0.00449095
0.0049565
0.00536236
0.00571061
0.00599968
0.006218
0.00637366
0.00662211
0.00727091
-0.0425008
-0.0348817
-0.0286879
-0.0237249
-0.0196093
-0.0161582
-0.0132265
-0.0107078
-0.00852242
-0.00661008
-0.00492423
-0.00342859
-0.00209454
-0.000899365
0.000175143
0.00114358
0.00201767
0.00280679
0.00351838
0.00415824
0.00473083
0.00523938
0.00568622
0.00607314
0.00640139
0.0066684
0.00686274
0.00699505
0.00721502
0.00777195
-0.0414997
-0.0335785
-0.0272699
-0.0222643
-0.0181547
-0.0147344
-0.0118451
-0.00937384
-0.00723716
-0.00537244
-0.00373188
-0.00227851
-0.000983411
0.000176247
0.00121857
0.00215793
0.00300574
0.00377096
0.0044605
0.00507956
0.00563188
0.00611989
0.00654502
0.00690791
0.00720834
0.00744272
0.0076015
0.00769915
0.00786619
0.00825869
-0.0406759
-0.0326055
-0.0263127
-0.0213122
-0.017216
-0.0138139
-0.0109446
-0.00849349
-0.00637576
-0.00452779
-0.0029012
-0.00145871
-0.000171312
0.000983682
0.00202404
0.00296362
0.00381309
0.00458049
0.00527165
0.00589055
0.00643964
0.00692008
0.00733208
0.00767514
0.00794809
0.00814876
0.0082754
0.0083494
0.00846459
0.00866292
-0.0405247
-0.0325815
-0.0265834
-0.0217128
-0.0176925
-0.0143455
-0.0115221
-0.00911272
-0.00703433
-0.00522365
-0.00363203
-0.00222151
-0.000962058
0.000170359
0.00119524
0.00212854
0.00298341
0.00377064
0.00449899
0.00517532
0.00580457
0.00638973
0.00693171
0.00742921
0.00787835
0.00827081
0.00859665
0.00885362
0.00904336
0.00908946
0.0084361
0.00794772
0.00734705
0.00672889
0.00614293
0.00559355
0.00507684
0.00459148
0.00413735
0.00371408
0.00332087
0.00295668
0.00262035
0.00231063
0.00202619
0.00176568
0.00152776
0.00131106
0.00111426
0.000936046
0.000775164
0.000630393
0.000500567
0.000384566
0.000281329
0.000189847
0.000109166
3.8386e-05
-2.33389e-05
-7.68028e-05
-0.000122749
-0.000161872
-0.000194818
-0.000222189
-0.000244543
-0.000262398
-0.000276231
-0.000286483
-0.00029356
-0.000297833
-0.000299645
-0.000299308
-0.000297106
-0.000293298
-0.000288119
-0.000281784
-0.000274484
-0.000266392
-0.000257666
-0.000248443
-0.00023885
-0.000228997
-0.000218983
-0.000208897
-0.000198818
-0.00018884
-0.000179077
-0.000169474
-0.000159411
-0.000149748
-0.000140507
-0.000131609
-0.000123039
-0.000114804
-0.000106913
-9.9369e-05
-9.21727e-05
-8.53234e-05
-7.88183e-05
-7.26527e-05
-6.68202e-05
-6.13226e-05
-5.61458e-05
-5.12702e-05
-4.66971e-05
-4.24175e-05
-3.84197e-05
-3.46921e-05
-3.12234e-05
-2.80022e-05
-2.50172e-05
-2.2257e-05
-1.97104e-05
-1.73663e-05
-1.5214e-05
-1.3243e-05
-1.14432e-05
-9.805e-06
-8.31947e-06
-6.9782e-06
-5.77361e-06
-4.69908e-06
-3.74921e-06
-2.91989e-06
-2.20763e-06
-1.60896e-06
-1.13023e-06
-8.19284e-07
-7.40938e-07
-5.9229e-07
0.00765828
0.00743347
0.00702362
0.00653613
0.00606148
0.00561183
0.00518212
0.00477112
0.00437973
0.00400863
0.00365803
0.00332788
0.00301794
0.00272783
0.00245707
0.00220506
0.00197113
0.00175457
0.0015546
0.00137044
0.00120129
0.00104633
0.000904749
0.000775759
0.000658572
0.000552426
0.000456578
0.000370315
0.00029295
0.000223825
0.000162314
0.000107819
5.97772e-05
1.76536e-05
-1.90544e-05
-5.08195e-05
-7.80849e-05
-0.000101265
-0.000120747
-0.000136891
-0.000150031
-0.000160477
-0.000168516
-0.000174413
-0.000178411
-0.000180734
-0.000181587
-0.000181156
-0.000179614
-0.000177115
-0.0001738
-0.000169794
-0.000165213
-0.000160155
-0.000154709
-0.000148928
-0.000142812
-0.000136474
-0.000130681
-0.000124632
-0.000118455
-0.000112295
-0.000106209
-0.000100228
-9.43764e-05
-8.86762e-05
-8.31446e-05
-7.77949e-05
-7.26367e-05
-6.76779e-05
-6.29323e-05
-5.84061e-05
-5.40801e-05
-4.99621e-05
-4.6055e-05
-4.23571e-05
-3.88644e-05
-3.55728e-05
-3.24772e-05
-2.95721e-05
-2.68517e-05
-2.43096e-05
-2.19393e-05
-1.9734e-05
-1.76869e-05
-1.57911e-05
-1.40399e-05
-1.24265e-05
-1.09443e-05
-9.5871e-06
-8.34863e-06
-7.22318e-06
-6.20531e-06
-5.28991e-06
-4.47032e-06
-3.73589e-06
-3.08587e-06
-2.58879e-06
-2.34432e-06
-1.66913e-06
0.00699756
0.0069949
0.00672483
0.00632799
0.00593263
0.00555628
0.00519176
0.00483735
0.00449451
0.0041646
0.00384844
0.00354659
0.00325942
0.00298712
0.00272976
0.00248727
0.00225944
0.00204602
0.00184662
0.00166084
0.00148819
0.00132816
0.00118022
0.0010438
0.00091832
0.000803215
0.000697901
0.000601806
0.000514369
0.000435038
0.000363279
0.000298576
0.000240431
0.000188365
0.000141924
0.000100672
6.41988e-05
3.21134e-05
4.04815e-06
-2.03432e-05
-4.13855e-05
-5.93831e-05
-7.46202e-05
-8.73617e-05
-9.78539e-05
-0.000106325
-0.000112987
-0.000118036
-0.00012165
-0.000123996
-0.000125226
-0.000125478
-0.00012488
-0.000123548
-0.000121588
-0.000119091
-0.000116134
-0.000112793
-0.000109169
-0.000105285
-0.000101207
-9.70016e-05
-9.2717e-05
-8.83898e-05
-8.40527e-05
-7.97349e-05
-7.54615e-05
-7.12541e-05
-6.71308e-05
-6.31072e-05
-5.91987e-05
-5.54201e-05
-5.17652e-05
-4.82466e-05
-4.48712e-05
-4.16421e-05
-3.85609e-05
-3.56284e-05
-3.28441e-05
-3.0207e-05
-2.7715e-05
-2.53656e-05
-2.31556e-05
-2.10814e-05
-1.91391e-05
-1.73245e-05
-1.5633e-05
-1.406e-05
-1.26009e-05
-1.12506e-05
-1.00043e-05
-8.85683e-06
-7.80323e-06
-6.83822e-06
-5.95373e-06
-5.13453e-06
-4.37841e-06
-3.79059e-06
-3.54195e-06
-2.60377e-06
0.00643991
0.00659154
0.00642473
0.00610344
0.00577626
0.00546279
0.00515444
0.00484936
0.00454943
0.00425648
0.00397176
0.00369628
0.00343086
0.00317615
0.00293262
0.00270061
0.00248032
0.0022718
0.00207504
0.00188991
0.0017162
0.00155366
0.00140197
0.00126077
0.00112967
0.00100825
0.000896072
0.000792698
0.000697675
0.000610548
0.000530869
0.000458194
0.000392089
0.00033213
0.000277906
0.000229023
0.000185098
0.000145769
0.000110689
7.95264e-05
5.19693e-05
2.77221e-05
6.50592e-06
-1.1941e-05
-2.78643e-05
-4.14938e-05
-5.30439e-05
-6.27145e-05
-7.06909e-05
-7.71454e-05
-8.2237e-05
-8.61127e-05
-8.89077e-05
-9.07463e-05
-9.17426e-05
-9.20012e-05
-9.16172e-05
-9.06741e-05
-8.92461e-05
-8.74125e-05
-8.52412e-05
-8.2792e-05
-8.01182e-05
-7.7267e-05
-7.42806e-05
-7.11965e-05
-6.80479e-05
-6.48637e-05
-6.16694e-05
-5.84874e-05
-5.53373e-05
-5.2236e-05
-4.91948e-05
-4.62264e-05
-4.3341e-05
-4.05468e-05
-3.785e-05
-3.52556e-05
-3.27672e-05
-3.03872e-05
-2.81173e-05
-2.59578e-05
-2.39087e-05
-2.19691e-05
-2.01374e-05
-1.84118e-05
-1.67897e-05
-1.52685e-05
-1.3845e-05
-1.25157e-05
-1.12767e-05
-1.01239e-05
-9.05299e-06
-8.05933e-06
-7.13456e-06
-6.26058e-06
-5.4351e-06
-4.80277e-06
-4.61781e-06
-3.51353e-06
0.00596317
0.00622106
0.00613143
0.00587702
0.00561173
0.00535418
0.00509546
0.00483412
0.00457249
0.00431274
0.0040565
0.00380515
0.00355989
0.00332174
0.00309152
0.00286991
0.00265741
0.0024544
0.00226111
0.00207767
0.00190413
0.00174042
0.00158643
0.00144197
0.00130681
0.00118068
0.00106325
0.000954209
0.000853194
0.000759841
0.000673779
0.000594629
0.000522015
0.000455563
0.000394906
0.000339683
0.000289545
0.000244152
0.000203178
0.000166309
0.000133244
0.000103699
7.74012e-05
5.40926e-05
3.35303e-05
1.54848e-05
-2.59427e-07
-1.39046e-05
-2.56399e-05
-3.56418e-05
-4.4075e-05
-5.10921e-05
-5.6835e-05
-6.14348e-05
-6.50126e-05
-6.76801e-05
-6.95401e-05
-7.06873e-05
-7.12085e-05
-7.11835e-05
-7.06849e-05
-6.97793e-05
-6.85271e-05
-6.69831e-05
-6.51963e-05
-6.3211e-05
-6.10665e-05
-5.87981e-05
-5.64373e-05
-5.40118e-05
-5.15464e-05
-4.90625e-05
-4.65785e-05
-4.41107e-05
-4.16733e-05
-3.92785e-05
-3.69365e-05
-3.46559e-05
-3.24436e-05
-3.03053e-05
-2.82455e-05
-2.62675e-05
-2.43737e-05
-2.25655e-05
-2.08438e-05
-1.92086e-05
-1.76593e-05
-1.61947e-05
-1.48133e-05
-1.35129e-05
-1.22908e-05
-1.1144e-05
-1.00692e-05
-9.06256e-06
-8.11651e-06
-7.21096e-06
-6.34334e-06
-5.69583e-06
-5.61317e-06
-4.40985e-06
0.0055685
0.00589029
0.00585756
0.00566174
0.00545127
0.00524235
0.00502655
0.00480316
0.00457488
0.00434418
0.00411301
0.00388306
0.00365585
0.00343269
0.00321471
0.00300285
0.00279789
0.00260042
0.00241093
0.00222975
0.00205711
0.00189314
0.00173788
0.00159129
0.00145327
0.00132367
0.00120229
0.00108889
0.000983198
0.000884934
0.000793788
0.000709443
0.000631573
0.000559849
0.000493941
0.000433523
0.000378271
0.000327871
0.000282014
0.000240403
0.00020275
0.00016878
0.000138226
0.000110837
8.63728e-05
6.46053e-05
4.53191e-05
2.83109e-05
1.33893e-05
3.74767e-07
-1.09011e-05
-2.05955e-05
-2.88551e-05
-3.58166e-05
-4.16067e-05
-4.63429e-05
-5.01341e-05
-5.30812e-05
-5.52774e-05
-5.68078e-05
-5.77509e-05
-5.81791e-05
-5.81586e-05
-5.77494e-05
-5.70062e-05
-5.59786e-05
-5.47112e-05
-5.32446e-05
-5.16148e-05
-4.98544e-05
-4.79925e-05
-4.60549e-05
-4.40642e-05
-4.20408e-05
-4.00024e-05
-3.79646e-05
-3.59407e-05
-3.39426e-05
-3.198e-05
-3.00613e-05
-2.81936e-05
-2.63825e-05
-2.46326e-05
-2.29476e-05
-2.133e-05
-1.97816e-05
-1.83036e-05
-1.68963e-05
-1.55594e-05
-1.42921e-05
-1.30929e-05
-1.19598e-05
-1.08906e-05
-9.88277e-06
-8.92979e-06
-8.01033e-06
-7.12047e-06
-6.47544e-06
-6.51456e-06
-5.27001e-06
0.0052511
0.00560046
0.00560877
0.00546451
0.00530216
0.00513499
0.00495582
0.00476486
0.00456514
0.00435938
0.0041498
0.00393838
0.00372691
0.00351693
0.00330983
0.00310677
0.00290872
0.0027165
0.00253077
0.00235204
0.00218069
0.002017
0.00186115
0.00171322
0.00157322
0.0014411
0.00131676
0.00120002
0.00109071
0.000988594
0.000893428
0.000804944
0.000722861
0.00064689
0.000576733
0.000512093
0.000452672
0.000398175
0.000348313
0.000302802
0.000261366
0.000223737
0.000189659
0.000158884
0.000131176
0.000106309
8.40674e-05
6.42487e-05
4.66603e-05
3.11203e-05
1.7458e-05
5.51264e-06
-4.86595e-06
-1.38185e-05
-2.14762e-05
-2.79613e-05
-3.33874e-05
-3.78599e-05
-4.14767e-05
-4.4328e-05
-4.64973e-05
-4.80616e-05
-4.90914e-05
-4.96515e-05
-4.98011e-05
-4.95941e-05
-4.90796e-05
-4.8302e-05
-4.73017e-05
-4.6115e-05
-4.47748e-05
-4.33103e-05
-4.17478e-05
-4.01108e-05
-3.84201e-05
-3.66941e-05
-3.4949e-05
-3.31991e-05
-3.14567e-05
-2.97324e-05
-2.80354e-05
-2.63735e-05
-2.4753e-05
-2.31793e-05
-2.16567e-05
-2.01886e-05
-1.87774e-05
-1.74247e-05
-1.61317e-05
-1.48985e-05
-1.37249e-05
-1.26099e-05
-1.15523e-05
-1.0551e-05
-9.6008e-06
-8.67956e-06
-7.78086e-06
-7.14649e-06
-7.31163e-06
-6.07537e-06
0.00500297
0.00535129
0.00538865
0.00528955
0.00516889
0.00503707
0.00488874
0.00472507
0.0045494
0.00436466
0.00417333
0.00397762
0.00377953
0.00358086
0.00338315
0.00318775
0.00299582
0.00280833
0.00262608
0.00244974
0.00227981
0.00211669
0.00196066
0.00181192
0.00167056
0.00153661
0.00141004
0.00129077
0.00117866
0.00107354
0.00097521
0.00088345
0.000798013
0.000718645
0.000645076
0.000577035
0.000514245
0.000456429
0.000403313
0.000354626
0.000310102
0.000269484
0.000232519
0.000198967
0.000168593
0.000141174
0.000116498
9.43597e-05
7.45675e-05
5.69382e-05
4.12988e-05
2.74867e-05
1.53487e-05
4.74096e-06
-4.47098e-06
-1.24129e-05
-1.92022e-05
-2.49482e-05
-2.97522e-05
-3.37086e-05
-3.69046e-05
-3.9421e-05
-4.13322e-05
-4.27067e-05
-4.36073e-05
-4.40914e-05
-4.42116e-05
-4.40159e-05
-4.35478e-05
-4.28469e-05
-4.19489e-05
-4.08863e-05
-3.96881e-05
-3.83803e-05
-3.69864e-05
-3.55271e-05
-3.40209e-05
-3.24843e-05
-3.09315e-05
-2.93751e-05
-2.78261e-05
-2.62938e-05
-2.47863e-05
-2.33105e-05
-2.18719e-05
-2.04752e-05
-1.91242e-05
-1.78215e-05
-1.65694e-05
-1.53691e-05
-1.42212e-05
-1.3126e-05
-1.2083e-05
-1.10925e-05
-1.01507e-05
-9.23529e-06
-8.33596e-06
-7.71368e-06
-7.99798e-06
-6.81262e-06
0.00481505
0.00514155
0.00519924
0.00513921
0.00505393
0.00495149
0.00482866
0.00468754
0.00453173
0.00436435
0.00418809
0.00400539
0.00381844
0.00362919
0.00343936
0.00325044
0.00306373
0.00288033
0.00270116
0.00252699
0.00235844
0.00219599
0.00204003
0.00189081
0.00174852
0.00161325
0.00148504
0.00136384
0.00124958
0.00114214
0.00104134
0.000947011
0.000858933
0.000776877
0.0007006
0.000629852
0.000564372
0.000503901
0.000448176
0.000396938
0.00034993
0.000306902
0.000267608
0.00023181
0.000199278
0.000169792
0.00014314
0.000119119
9.75345e-05
7.82045e-05
6.09544e-05
4.56198e-05
3.20456e-05
2.00855e-05
9.60255e-06
4.68116e-07
-7.43798e-06
-1.4228e-05
-2.00063e-05
-2.48699e-05
-2.89096e-05
-3.22092e-05
-3.4846e-05
-3.68915e-05
-3.84114e-05
-3.94661e-05
-4.0111e-05
-4.03966e-05
-4.03693e-05
-4.00711e-05
-3.95404e-05
-3.88117e-05
-3.79165e-05
-3.68831e-05
-3.57367e-05
-3.45003e-05
-3.31941e-05
-3.18362e-05
-3.04427e-05
-2.90277e-05
-2.76036e-05
-2.61811e-05
-2.47696e-05
-2.33772e-05
-2.20106e-05
-2.06755e-05
-1.93767e-05
-1.8118e-05
-1.69023e-05
-1.57318e-05
-1.46082e-05
-1.35322e-05
-1.25046e-05
-1.15266e-05
-1.05958e-05
-9.69023e-06
-8.79485e-06
-8.18159e-06
-8.5705e-06
-7.47289e-06
0.0046777
0.00496932
0.00504126
0.00501432
0.00495827
0.00487964
0.00477742
0.00465451
0.0045147
0.0043613
0.0041972
0.004025
0.00384706
0.00366546
0.00348204
0.00329843
0.00311602
0.00293602
0.00275944
0.00258715
0.00241983
0.00225805
0.00210226
0.00195279
0.00180987
0.00167365
0.00154422
0.00142158
0.00130569
0.00119646
0.00109377
0.000997454
0.000907325
0.000823177
0.000744786
0.000671918
0.000604329
0.00054177
0.000483992
0.000430742
0.000381773
0.000336839
0.000295701
0.000258123
0.00022388
0.000192753
0.00016453
0.00013901
0.000115999
9.53135e-05
7.67787e-05
6.02289e-05
4.55073e-05
3.24662e-05
2.09665e-05
1.08775e-05
2.07659e-06
-5.55058e-06
-1.21104e-05
-1.77019e-05
-2.2419e-05
-2.63478e-05
-2.95682e-05
-3.21537e-05
-3.41724e-05
-3.56869e-05
-3.67549e-05
-3.74292e-05
-3.77579e-05
-3.77854e-05
-3.75518e-05
-3.70937e-05
-3.64443e-05
-3.56334e-05
-3.46882e-05
-3.36331e-05
-3.24897e-05
-3.12777e-05
-3.00143e-05
-2.87149e-05
-2.73932e-05
-2.60609e-05
-2.47285e-05
-2.34049e-05
-2.2098e-05
-2.08143e-05
-1.95593e-05
-1.83376e-05
-1.71529e-05
-1.60083e-05
-1.4906e-05
-1.38475e-05
-1.28344e-05
-1.18686e-05
-1.09492e-05
-1.00551e-05
-9.16567e-06
-8.55573e-06
-9.02956e-06
-8.05129e-06
0.00458144
0.00483227
0.00491438
0.00491459
0.00488184
0.0048219
0.00473582
0.00462717
0.00449987
0.00435738
0.00420276
0.00403877
0.00386787
0.00369226
0.00351389
0.00333447
0.00315547
0.00297818
0.00280369
0.00263292
0.00246664
0.00230545
0.00214987
0.00200027
0.00185692
0.00172004
0.00158972
0.00146601
0.00134891
0.00123835
0.00113422
0.0010364
0.000944719
0.000858979
0.000778977
0.00070449
0.000635286
0.000571129
0.000511774
0.000456979
0.000406502
0.000360101
0.000317541
0.000278591
0.000243027
0.000210631
0.000181194
0.000154514
0.000130398
0.000108663
8.91325e-05
7.16402e-05
5.60283e-05
4.21478e-05
2.98581e-05
1.9027e-05
9.53014e-06
1.2509e-06
-5.91748e-06
-1.20754e-05
-1.73199e-05
-2.17392e-05
-2.54147e-05
-2.84217e-05
-3.08299e-05
-3.27038e-05
-3.41027e-05
-3.50809e-05
-3.56884e-05
-3.59709e-05
-3.59702e-05
-3.57243e-05
-3.52677e-05
-3.46317e-05
-3.38447e-05
-3.29321e-05
-3.1917e-05
-3.08199e-05
-2.96592e-05
-2.84512e-05
-2.72105e-05
-2.59496e-05
-2.468e-05
-2.34113e-05
-2.2152e-05
-2.09093e-05
-1.96895e-05
-1.84978e-05
-1.73385e-05
-1.62151e-05
-1.51305e-05
-1.40869e-05
-1.30862e-05
-1.21312e-05
-1.12222e-05
-1.03394e-05
-9.45633e-06
-8.84275e-06
-9.37865e-06
-8.54607e-06
0.00451746
0.00472788
0.00481745
0.00483893
0.00482385
0.00477794
0.00470397
0.00460599
0.00448804
0.0043537
0.00420617
0.0040483
0.00388266
0.00371154
0.00353696
0.00336068
0.00318426
0.00300903
0.00283613
0.00266654
0.00250106
0.00234035
0.00218496
0.0020353
0.00189167
0.00175432
0.00162337
0.0014989
0.00138092
0.00126939
0.00116422
0.00106531
0.00097248
0.000885572
0.000804385
0.000728706
0.000658313
0.000592975
0.000532456
0.000476519
0.000424925
0.000377438
0.000333825
0.000293858
0.000257314
0.000223976
0.000193637
0.000166096
0.000141159
0.000118643
9.83717e-05
8.01778e-05
6.39029e-05
4.93972e-05
3.65189e-05
2.51346e-05
1.51185e-05
6.35143e-06
-1.2724e-06
-7.85121e-06
-1.3489e-05
-1.82748e-05
-2.22905e-05
-2.56127e-05
-2.83124e-05
-3.04553e-05
-3.21018e-05
-3.33077e-05
-3.41241e-05
-3.45978e-05
-3.47718e-05
-3.46851e-05
-3.43732e-05
-3.38686e-05
-3.32004e-05
-3.23951e-05
-3.14765e-05
-3.0466e-05
-2.93826e-05
-2.82436e-05
-2.70639e-05
-2.58572e-05
-2.4635e-05
-2.34079e-05
-2.21847e-05
-2.09734e-05
-1.97804e-05
-1.86117e-05
-1.74718e-05
-1.63649e-05
-1.52942e-05
-1.42623e-05
-1.32716e-05
-1.23252e-05
-1.14247e-05
-1.05519e-05
-9.67469e-06
-9.05029e-06
-9.62372e-06
-8.95771e-06
0.00447805
0.00465361
0.00474871
0.00478568
0.00478306
0.00474697
0.00468149
0.00459097
0.00447955
0.0043509
0.0042083
0.00405471
0.00389275
0.00372476
0.00355282
0.00337875
0.00320413
0.00303035
0.00285857
0.00268982
0.00252491
0.00236456
0.00220931
0.00205962
0.00191581
0.00177814
0.00164676
0.00152177
0.00140319
0.00129099
0.00118511
0.00108544
0.000991824
0.000904108
0.0008221
0.000745595
0.000674377
0.00060822
0.000546893
0.000490162
0.000437792
0.000389549
0.000345203
0.000304527
0.0002673
0.000233307
0.00020234
0.000174198
0.000148689
0.000125628
0.000104839
8.61556e-05
6.94181e-05
5.44758e-05
4.11866e-05
2.94165e-05
1.90385e-05
9.92644e-06
1.97976e-06
-4.88723e-06
-1.07988e-05
-1.58414e-05
-2.00955e-05
-2.36384e-05
-2.65423e-05
-2.88735e-05
-3.06936e-05
-3.2059e-05
-3.30218e-05
-3.36296e-05
-3.3926e-05
-3.3951e-05
-3.37407e-05
-3.33283e-05
-3.27435e-05
-3.20135e-05
-3.11627e-05
-3.0213e-05
-2.91841e-05
-2.80936e-05
-2.6957e-05
-2.57883e-05
-2.45997e-05
-2.34019e-05
-2.22043e-05
-2.10151e-05
-1.98412e-05
-1.86888e-05
-1.75628e-05
-1.64677e-05
-1.5407e-05
-1.43836e-05
-1.34001e-05
-1.24599e-05
-1.15656e-05
-1.07009e-05
-9.82849e-06
-9.18656e-06
-9.77269e-06
-9.28823e-06
0.0044568
0.00460701
0.00470599
0.00475288
0.00475798
0.00472796
0.00466773
0.00458183
0.00447444
0.00434929
0.00420974
0.00405878
0.00389908
0.00373303
0.00356272
0.00339
0.0032165
0.0030436
0.00287252
0.00270428
0.00253973
0.00237959
0.00222443
0.00207472
0.00193081
0.00179294
0.0016613
0.00153598
0.00141703
0.00130442
0.00119809
0.00109794
0.00100384
0.000915625
0.000833107
0.00075609
0.000684359
0.000617693
0.000555865
0.000498641
0.000445789
0.000397077
0.000352276
0.00031116
0.000273509
0.000239108
0.000207751
0.000179235
0.00015337
0.000129971
0.000108861
8.98735e-05
7.28484e-05
5.76351e-05
4.40911e-05
3.20834e-05
2.1483e-05
1.21411e-05
3.98812e-06
-3.03775e-06
-9.12041e-06
-1.43254e-05
-1.87286e-05
-2.24091e-05
-2.54401e-05
-2.78886e-05
-2.98166e-05
-3.12813e-05
-3.23351e-05
-3.30263e-05
-3.33989e-05
-3.34934e-05
-3.33463e-05
-3.29912e-05
-3.24584e-05
-3.17753e-05
-3.09667e-05
-3.00549e-05
-2.90599e-05
-2.79995e-05
-2.68898e-05
-2.57448e-05
-2.4577e-05
-2.33976e-05
-2.22159e-05
-2.10405e-05
-1.98786e-05
-1.87364e-05
-1.76191e-05
-1.65313e-05
-1.54769e-05
-1.44588e-05
-1.34799e-05
-1.25436e-05
-1.16531e-05
-1.07943e-05
-9.92518e-06
-9.26052e-06
-9.83645e-06
-9.53812e-06
0.00444858
0.00458561
0.00468668
0.00473823
0.00474687
0.00471962
0.00466179
0.004578
0.00447245
0.0043489
0.00421073
0.00406097
0.0039023
0.00373713
0.00356756
0.00339546
0.00322246
0.00304996
0.00287919
0.00271117
0.00254678
0.00238673
0.0022316
0.00208187
0.00193789
0.00179993
0.00166815
0.00154268
0.00142354
0.00131074
0.0012042
0.00110383
0.00100949
0.000921038
0.000838279
0.000761018
0.000689046
0.00062214
0.000560074
0.000502617
0.000449538
0.000400605
0.00035559
0.000314267
0.000276417
0.000241824
0.000210283
0.000181593
0.00015556
0.000132002
0.000110742
9.16112e-05
7.44514e-05
5.9111e-05
4.54484e-05
3.33329e-05
2.26318e-05
1.31287e-05
4.91978e-06
-2.15188e-06
-8.32802e-06
-1.36164e-05
-1.80912e-05
-2.18366e-05
-2.49272e-05
-2.74306e-05
-2.94091e-05
-3.09201e-05
-3.20164e-05
-3.27465e-05
-3.31547e-05
-3.32815e-05
-3.31639e-05
-3.28355e-05
-3.23269e-05
-3.16656e-05
-3.08767e-05
-2.99825e-05
-2.90032e-05
-2.79569e-05
-2.68596e-05
-2.57257e-05
-2.45676e-05
-2.33966e-05
-2.22224e-05
-2.10534e-05
-1.9897e-05
-1.87595e-05
-1.76462e-05
-1.65619e-05
-1.55103e-05
-1.44947e-05
-1.35179e-05
-1.25832e-05
-1.16944e-05
-1.08389e-05
-9.97145e-06
-9.28646e-06
-9.84087e-06
-9.68918e-06
0.00444859
0.00458562
0.00468669
0.00473825
0.00474688
0.00471964
0.00466181
0.00457802
0.00447246
0.00434891
0.00421074
0.00406098
0.00390231
0.00373714
0.00356757
0.00339547
0.00322246
0.00304997
0.0028792
0.00271118
0.00254678
0.00238673
0.00223161
0.00208188
0.0019379
0.00179993
0.00166816
0.00154269
0.00142355
0.00131074
0.0012042
0.00110383
0.0010095
0.000921043
0.000838284
0.000761023
0.000689051
0.000622144
0.000560078
0.000502622
0.000449542
0.000400609
0.000355594
0.000314271
0.00027642
0.000241828
0.000210286
0.000181596
0.000155563
0.000132005
0.000110744
9.16135e-05
7.44535e-05
5.91131e-05
4.54503e-05
3.33347e-05
2.26336e-05
1.313e-05
4.92093e-06
-2.15049e-06
-8.32669e-06
-1.36152e-05
-1.80901e-05
-2.18355e-05
-2.49262e-05
-2.74296e-05
-2.94082e-05
-3.09192e-05
-3.20156e-05
-3.27457e-05
-3.31539e-05
-3.32807e-05
-3.31632e-05
-3.28348e-05
-3.23262e-05
-3.1665e-05
-3.08761e-05
-2.99819e-05
-2.90027e-05
-2.79564e-05
-2.68592e-05
-2.57252e-05
-2.45672e-05
-2.33963e-05
-2.22221e-05
-2.10531e-05
-1.98968e-05
-1.87593e-05
-1.76461e-05
-1.65618e-05
-1.55103e-05
-1.44947e-05
-1.35179e-05
-1.25832e-05
-1.16944e-05
-1.08389e-05
-9.97142e-06
-9.28642e-06
-9.84081e-06
-9.68912e-06
0.00445684
0.00460705
0.00470603
0.00475292
0.00475802
0.004728
0.00466777
0.00458186
0.00447447
0.00434932
0.00420977
0.00405881
0.00389911
0.00373306
0.00356275
0.00339003
0.00321653
0.00304363
0.00287255
0.0027043
0.00253975
0.00237961
0.00222446
0.00207475
0.00193083
0.00179296
0.00166132
0.001536
0.00141704
0.00130444
0.00119811
0.00109796
0.00100386
0.000915642
0.000833123
0.000756105
0.000684374
0.000617708
0.000555879
0.000498654
0.000445802
0.000397089
0.000352288
0.000311171
0.00027352
0.000239119
0.00020776
0.000179245
0.000153379
0.000129979
0.000108869
8.98806e-05
7.2855e-05
5.76413e-05
4.40969e-05
3.20889e-05
2.14881e-05
1.21459e-05
3.99235e-06
-3.03368e-06
-9.11653e-06
-1.43218e-05
-1.87252e-05
-2.24059e-05
-2.5437e-05
-2.78857e-05
-2.98138e-05
-3.12786e-05
-3.23325e-05
-3.30238e-05
-3.33966e-05
-3.34911e-05
-3.33441e-05
-3.29891e-05
-3.24564e-05
-3.17734e-05
-3.09649e-05
-3.00531e-05
-2.90582e-05
-2.7998e-05
-2.68883e-05
-2.57435e-05
-2.45759e-05
-2.33965e-05
-2.2215e-05
-2.10397e-05
-1.98779e-05
-1.87358e-05
-1.76187e-05
-1.65311e-05
-1.54767e-05
-1.44587e-05
-1.34799e-05
-1.25435e-05
-1.1653e-05
-1.07942e-05
-9.92508e-06
-9.2604e-06
-9.83627e-06
-9.53792e-06
0.00447813
0.00465368
0.00474878
0.00478575
0.00478312
0.00474703
0.00468155
0.00459103
0.00447961
0.00435095
0.00420836
0.00405476
0.0038928
0.00372481
0.00355287
0.0033788
0.00320418
0.00303039
0.00285862
0.00268986
0.00252495
0.0023646
0.00220935
0.00205966
0.00191585
0.00177818
0.0016468
0.00152181
0.00140322
0.00129103
0.00118514
0.00108547
0.000991854
0.000904137
0.000822127
0.000745622
0.000674403
0.000608245
0.000546917
0.000490185
0.000437814
0.00038957
0.000345223
0.000304547
0.000267319
0.000233325
0.000202356
0.000174213
0.000148703
0.000125641
0.000104852
8.61678e-05
6.94294e-05
5.44864e-05
4.11965e-05
2.94257e-05
1.90471e-05
9.93443e-06
1.98716e-06
-4.88027e-06
-1.07923e-05
-1.58352e-05
-2.00896e-05
-2.36329e-05
-2.6537e-05
-2.88685e-05
-3.06888e-05
-3.20544e-05
-3.30173e-05
-3.36253e-05
-3.39219e-05
-3.39471e-05
-3.3737e-05
-3.33247e-05
-3.27401e-05
-3.20103e-05
-3.11596e-05
-3.02101e-05
-2.91814e-05
-2.8091e-05
-2.69546e-05
-2.57861e-05
-2.45977e-05
-2.34001e-05
-2.22028e-05
-2.10138e-05
-1.98402e-05
-1.86879e-05
-1.75622e-05
-1.64673e-05
-1.54067e-05
-1.43834e-05
-1.34e-05
-1.24599e-05
-1.15655e-05
-1.07008e-05
-9.82834e-06
-9.18637e-06
-9.77242e-06
-9.28792e-06
0.00451756
0.00472799
0.00481755
0.00483903
0.00482394
0.00477803
0.00470406
0.00460608
0.00448812
0.00435378
0.00420624
0.00404837
0.00388274
0.00371162
0.00353703
0.00336075
0.00318433
0.00300909
0.00283619
0.0026666
0.00250112
0.00234041
0.00218502
0.00203535
0.00189173
0.00175437
0.00162342
0.00149895
0.00138096
0.00126943
0.00116427
0.00106535
0.000972523
0.000885613
0.000804424
0.000728744
0.00065835
0.000593011
0.000532491
0.000476552
0.000424957
0.000377469
0.000333854
0.000293886
0.00025734
0.000224001
0.000193661
0.000166119
0.000141181
0.000118663
9.83903e-05
8.01952e-05
6.39192e-05
4.94124e-05
3.6533e-05
2.51478e-05
1.51308e-05
6.36284e-06
-1.26174e-06
-7.84123e-06
-1.34796e-05
-1.82659e-05
-2.22821e-05
-2.56048e-05
-2.83049e-05
-3.04481e-05
-3.20949e-05
-3.33011e-05
-3.41177e-05
-3.45917e-05
-3.4766e-05
-3.46795e-05
-3.43679e-05
-3.38635e-05
-3.31955e-05
-3.23905e-05
-3.14721e-05
-3.04618e-05
-2.93787e-05
-2.82399e-05
-2.70605e-05
-2.5854e-05
-2.46322e-05
-2.34054e-05
-2.21826e-05
-2.09715e-05
-1.97789e-05
-1.86105e-05
-1.7471e-05
-1.63644e-05
-1.52939e-05
-1.42622e-05
-1.32716e-05
-1.23252e-05
-1.14246e-05
-1.05518e-05
-9.67453e-06
-9.05007e-06
-9.62338e-06
-8.95732e-06
0.00458157
0.0048324
0.00491451
0.00491472
0.00488196
0.00482202
0.00473594
0.00462728
0.00449998
0.00435749
0.00420286
0.00403887
0.00386796
0.00369235
0.00351398
0.00333456
0.00315556
0.00297827
0.00280378
0.002633
0.00246671
0.00230553
0.00214994
0.00200034
0.00185699
0.0017201
0.00158978
0.00146607
0.00134897
0.00123841
0.00113428
0.00103646
0.000944775
0.000859034
0.000779029
0.00070454
0.000635335
0.000571176
0.00051182
0.000457023
0.000406544
0.000360141
0.000317579
0.000278628
0.000243062
0.000210664
0.000181225
0.000154544
0.000130426
0.000108689
8.91571e-05
7.16631e-05
5.60497e-05
4.21678e-05
2.98767e-05
1.90443e-05
9.54623e-06
1.26589e-06
-5.90349e-06
-1.20623e-05
-1.73075e-05
-2.17276e-05
-2.54037e-05
-2.84113e-05
-3.082e-05
-3.26944e-05
-3.40936e-05
-3.50722e-05
-3.56801e-05
-3.5963e-05
-3.59626e-05
-3.5717e-05
-3.52607e-05
-3.4625e-05
-3.38383e-05
-3.29261e-05
-3.19113e-05
-3.08145e-05
-2.96541e-05
-2.84465e-05
-2.72061e-05
-2.59456e-05
-2.46764e-05
-2.34081e-05
-2.21492e-05
-2.0907e-05
-1.96876e-05
-1.84963e-05
-1.73374e-05
-1.62144e-05
-1.51302e-05
-1.40868e-05
-1.30862e-05
-1.21312e-05
-1.12222e-05
-1.03393e-05
-9.45618e-06
-8.84253e-06
-9.37828e-06
-8.54563e-06
0.00467787
0.00496949
0.00504142
0.00501448
0.00495842
0.00487979
0.00477756
0.00465465
0.00451484
0.00436143
0.00419733
0.00402513
0.00384718
0.00366557
0.00348216
0.00329854
0.00311613
0.00293613
0.00275955
0.00258725
0.00241992
0.00225815
0.00210235
0.00195288
0.00180996
0.00167374
0.0015443
0.00142166
0.00130577
0.00119654
0.00109385
0.000997526
0.000907395
0.000823245
0.000744852
0.000671982
0.00060439
0.00054183
0.000484049
0.000430797
0.000381826
0.00033689
0.000295749
0.00025817
0.000223924
0.000192795
0.000164569
0.000139047
0.000116034
9.53464e-05
7.68095e-05
6.02576e-05
4.55341e-05
3.24912e-05
2.09897e-05
1.0899e-05
2.09664e-06
-5.5319e-06
-1.20929e-05
-1.76856e-05
-2.24037e-05
-2.63334e-05
-2.95545e-05
-3.21407e-05
-3.416e-05
-3.56751e-05
-3.67436e-05
-3.74183e-05
-3.77475e-05
-3.77755e-05
-3.75423e-05
-3.70846e-05
-3.64355e-05
-3.56251e-05
-3.46803e-05
-3.36255e-05
-3.24826e-05
-3.12709e-05
-3.0008e-05
-2.8709e-05
-2.73877e-05
-2.60559e-05
-2.47239e-05
-2.34009e-05
-2.20945e-05
-2.08113e-05
-1.95568e-05
-1.83357e-05
-1.71516e-05
-1.60075e-05
-1.49055e-05
-1.38474e-05
-1.28344e-05
-1.18686e-05
-1.09492e-05
-1.0055e-05
-9.16554e-06
-8.55552e-06
-9.02918e-06
-8.05083e-06
0.00481525
0.00514175
0.00519943
0.0051394
0.00505411
0.00495166
0.00482883
0.00468771
0.00453189
0.0043645
0.00418824
0.00400554
0.00381859
0.00362933
0.0034395
0.00325058
0.00306386
0.00288046
0.00270129
0.00252711
0.00235856
0.00219611
0.00204014
0.00189092
0.00174863
0.00161336
0.00148514
0.00136394
0.00124968
0.00114223
0.00104143
0.000947099
0.000859018
0.000776959
0.00070068
0.000629929
0.000564447
0.000503973
0.000448245
0.000397005
0.000349994
0.000306963
0.000267666
0.000231866
0.000199332
0.000169843
0.000143188
0.000119164
9.7577e-05
7.82443e-05
6.09917e-05
4.56546e-05
3.20779e-05
2.01155e-05
9.63046e-06
4.94027e-07
-7.4139e-06
-1.42056e-05
-1.99854e-05
-2.48504e-05
-2.88912e-05
-3.21918e-05
-3.48296e-05
-3.68759e-05
-3.83965e-05
-3.94518e-05
-4.00973e-05
-4.03835e-05
-4.03567e-05
-4.0059e-05
-3.95288e-05
-3.88006e-05
-3.79059e-05
-3.68729e-05
-3.57271e-05
-3.44911e-05
-3.31854e-05
-3.1828e-05
-3.0435e-05
-2.90205e-05
-2.75969e-05
-2.6175e-05
-2.47641e-05
-2.33723e-05
-2.20063e-05
-2.06719e-05
-1.93737e-05
-1.81156e-05
-1.69006e-05
-1.57307e-05
-1.46076e-05
-1.3532e-05
-1.25046e-05
-1.15267e-05
-1.05959e-05
-9.69025e-06
-8.79478e-06
-8.1814e-06
-8.57011e-06
-7.47243e-06
0.0050032
0.00535152
0.00538888
0.00528977
0.0051691
0.00503728
0.00488894
0.00472527
0.00454959
0.00436485
0.00417351
0.00397779
0.0037797
0.00358102
0.00338331
0.00318791
0.00299597
0.00280848
0.00262623
0.00244988
0.00227995
0.00211682
0.00196079
0.00181205
0.00167068
0.00153673
0.00141016
0.00129089
0.00117877
0.00107365
0.000975317
0.000883553
0.000798114
0.000718742
0.000645171
0.000577127
0.000514333
0.000456515
0.000403395
0.000354705
0.000310178
0.000269557
0.000232589
0.000199033
0.000168656
0.000141234
0.000116554
9.44131e-05
7.46177e-05
5.69852e-05
4.13427e-05
2.75276e-05
1.53866e-05
4.77621e-06
-4.43833e-06
-1.23827e-05
-1.91742e-05
-2.49221e-05
-2.97279e-05
-3.36858e-05
-3.68831e-05
-3.94007e-05
-4.1313e-05
-4.26883e-05
-4.35897e-05
-4.40745e-05
-4.41954e-05
-4.40003e-05
-4.35328e-05
-4.28325e-05
-4.19352e-05
-4.08731e-05
-3.96755e-05
-3.83683e-05
-3.69749e-05
-3.55162e-05
-3.40106e-05
-3.24745e-05
-3.09223e-05
-2.93666e-05
-2.78182e-05
-2.62866e-05
-2.47798e-05
-2.33046e-05
-2.18667e-05
-2.04708e-05
-1.91205e-05
-1.78186e-05
-1.65672e-05
-1.53676e-05
-1.42203e-05
-1.31255e-05
-1.20829e-05
-1.10926e-05
-1.01508e-05
-9.23535e-06
-8.33593e-06
-7.71351e-06
-7.9976e-06
-6.81217e-06
0.00525137
0.00560072
0.00560903
0.00546476
0.0053024
0.00513522
0.00495605
0.00476508
0.00456536
0.00435959
0.00415001
0.00393859
0.0037271
0.00351713
0.00331002
0.00310695
0.0029089
0.00271668
0.00253094
0.0023522
0.00218085
0.00201716
0.00186131
0.00171337
0.00157337
0.00144125
0.00131689
0.00120016
0.00109084
0.000988721
0.000893552
0.000805065
0.000722979
0.000647003
0.000576843
0.000512199
0.000452775
0.000398275
0.000348409
0.000302894
0.000261454
0.000223822
0.00018974
0.000158962
0.00013125
0.000106378
8.41332e-05
6.43107e-05
4.67184e-05
3.11747e-05
1.75087e-05
5.55977e-06
-4.82229e-06
-1.37781e-05
-2.14389e-05
-2.79269e-05
-3.33555e-05
-3.78303e-05
-4.14492e-05
-4.43022e-05
-4.6473e-05
-4.80385e-05
-4.90694e-05
-4.96305e-05
-4.97809e-05
-4.95747e-05
-4.90609e-05
-4.8284e-05
-4.72843e-05
-4.60983e-05
-4.47587e-05
-4.32949e-05
-4.17331e-05
-4.00968e-05
-3.84067e-05
-3.66814e-05
-3.4937e-05
-3.31878e-05
-3.1446e-05
-2.97224e-05
-2.80262e-05
-2.63649e-05
-2.47452e-05
-2.31723e-05
-2.16506e-05
-2.01832e-05
-1.87728e-05
-1.7421e-05
-1.61288e-05
-1.48964e-05
-1.37235e-05
-1.2609e-05
-1.15519e-05
-1.05509e-05
-9.6008e-06
-8.67959e-06
-7.78082e-06
-7.14633e-06
-7.31126e-06
-6.07494e-06
0.0055688
0.00589058
0.00585785
0.00566202
0.00545154
0.00524261
0.00502681
0.00480341
0.00457513
0.00434442
0.00411324
0.00388329
0.00365607
0.00343291
0.00321493
0.00300306
0.00279809
0.00260062
0.00241112
0.00222993
0.00205729
0.00189332
0.00173805
0.00159146
0.00145344
0.00132383
0.00120245
0.00108904
0.000983349
0.000885081
0.000793931
0.000709582
0.000631708
0.00055998
0.000494068
0.000433646
0.00037839
0.000327985
0.000282125
0.000240509
0.000202852
0.000168877
0.000138319
0.000110926
8.64571e-05
6.46852e-05
4.53945e-05
2.83818e-05
1.34557e-05
4.36773e-07
-1.08434e-05
-2.05421e-05
-2.88059e-05
-3.57712e-05
-4.1565e-05
-4.63045e-05
-5.00987e-05
-5.30484e-05
-5.52469e-05
-5.67792e-05
-5.7724e-05
-5.81535e-05
-5.8134e-05
-5.77257e-05
-5.69834e-05
-5.59566e-05
-5.469e-05
-5.3224e-05
-5.1595e-05
-4.98353e-05
-4.79741e-05
-4.60372e-05
-4.40473e-05
-4.20247e-05
-3.9987e-05
-3.79499e-05
-3.59269e-05
-3.39295e-05
-3.19677e-05
-3.00498e-05
-2.81829e-05
-2.63726e-05
-2.46236e-05
-2.29394e-05
-2.13227e-05
-1.97753e-05
-1.82981e-05
-1.68917e-05
-1.55557e-05
-1.42893e-05
-1.30908e-05
-1.19584e-05
-1.08897e-05
-9.88229e-06
-8.92954e-06
-8.0102e-06
-7.12034e-06
-6.47524e-06
-6.51417e-06
-5.26961e-06
0.00596351
0.00622138
0.00613175
0.00587733
0.00561203
0.00535448
0.00509575
0.0048344
0.00457277
0.00431301
0.00405676
0.00380541
0.00356015
0.00332198
0.00309176
0.00287015
0.00265764
0.00245462
0.00226133
0.00207789
0.00190434
0.00174063
0.00158663
0.00144217
0.001307
0.00118086
0.00106343
0.000954385
0.000853365
0.000760008
0.000673941
0.000594787
0.000522168
0.000455712
0.00039505
0.000339823
0.00028968
0.000244282
0.000203304
0.00016643
0.000133361
0.00010381
7.75072e-05
5.41936e-05
3.36261e-05
1.55755e-05
-1.73988e-07
-1.38244e-05
-2.55649e-05
-3.5572e-05
-4.40103e-05
-5.10324e-05
-5.67802e-05
-6.13847e-05
-6.49668e-05
-6.76383e-05
-6.95018e-05
-7.0652e-05
-7.11758e-05
-7.11527e-05
-7.06557e-05
-6.97513e-05
-6.85002e-05
-6.6957e-05
-6.5171e-05
-6.31863e-05
-6.10426e-05
-5.87749e-05
-5.64149e-05
-5.39902e-05
-5.15256e-05
-4.90425e-05
-4.65593e-05
-4.40923e-05
-4.16558e-05
-3.92619e-05
-3.69207e-05
-3.4641e-05
-3.24296e-05
-3.02922e-05
-2.82333e-05
-2.62562e-05
-2.43633e-05
-2.25561e-05
-2.08354e-05
-1.92011e-05
-1.76527e-05
-1.61892e-05
-1.48087e-05
-1.35092e-05
-1.22879e-05
-1.11419e-05
-1.00677e-05
-9.06158e-06
-8.11588e-06
-7.21056e-06
-6.34302e-06
-5.69551e-06
-5.61275e-06
-4.40947e-06
0.00644028
0.0065919
0.00642508
0.00610378
0.00577659
0.00546312
0.00515476
0.00484967
0.00454973
0.00425677
0.00397205
0.00369657
0.00343114
0.00317642
0.00293289
0.00270087
0.00248057
0.00227205
0.00207529
0.00189015
0.00171644
0.00155389
0.0014022
0.00126099
0.00112988
0.00100845
0.000896275
0.000792896
0.000697868
0.000610736
0.000531052
0.000458373
0.000392262
0.000332298
0.000278069
0.000229181
0.000185251
0.000145917
0.000110831
7.9663e-05
5.21003e-05
2.78474e-05
6.62557e-06
-1.18271e-05
-2.77563e-05
-4.13917e-05
-5.29479e-05
-6.26244e-05
-7.0607e-05
-7.70675e-05
-8.21651e-05
-8.60467e-05
-8.88475e-05
-9.06917e-05
-9.16934e-05
-9.19572e-05
-9.15783e-05
-9.064e-05
-8.92138e-05
-8.73812e-05
-8.52107e-05
-8.27622e-05
-8.00889e-05
-7.72383e-05
-7.42525e-05
-7.11691e-05
-6.80211e-05
-6.48376e-05
-6.16442e-05
-5.8463e-05
-5.53137e-05
-5.22133e-05
-4.9173e-05
-4.62056e-05
-4.33212e-05
-4.05279e-05
-3.78321e-05
-3.52387e-05
-3.27513e-05
-3.03724e-05
-2.81034e-05
-2.5945e-05
-2.38969e-05
-2.19583e-05
-2.01276e-05
-1.84031e-05
-1.67821e-05
-1.52619e-05
-1.38394e-05
-1.2511e-05
-1.12729e-05
-1.0121e-05
-9.0508e-06
-8.05775e-06
-7.13345e-06
-6.2598e-06
-5.43453e-06
-4.80228e-06
-4.6173e-06
-3.51316e-06
0.00699796
0.00699529
0.00672521
0.00632836
0.00593299
0.00555663
0.00519211
0.00483769
0.00449484
0.00416492
0.00384876
0.0035469
0.00325972
0.00298742
0.00273006
0.00248755
0.00225973
0.00204629
0.00184689
0.0016611
0.00148845
0.00132841
0.00118047
0.00104404
0.000918557
0.000803446
0.000698127
0.000602027
0.000514584
0.000435248
0.000363484
0.000298776
0.000240624
0.000188553
0.000142106
0.000100849
6.43699e-05
3.22786e-05
4.20732e-06
-2.01901e-05
-4.12387e-05
-5.92426e-05
-7.44862e-05
-8.72342e-05
-9.77331e-05
-0.000106211
-0.00011288
-0.000117935
-0.000121557
-0.00012391
-0.000125147
-0.000125406
-0.000124815
-0.00012349
-0.000121537
-0.000119049
-0.000116098
-0.000112759
-0.000109141
-0.000105259
-0.000101178
-9.69712e-05
-9.26861e-05
-8.83588e-05
-8.40219e-05
-7.97044e-05
-7.54315e-05
-7.12248e-05
-6.71024e-05
-6.30798e-05
-5.91723e-05
-5.53943e-05
-5.17405e-05
-4.82232e-05
-4.48489e-05
-4.16209e-05
-3.85409e-05
-3.56094e-05
-3.28263e-05
-3.01903e-05
-2.76994e-05
-2.53511e-05
-2.31422e-05
-2.10692e-05
-1.9128e-05
-1.73145e-05
-1.56241e-05
-1.40522e-05
-1.25942e-05
-1.12449e-05
-9.9996e-06
-8.85306e-06
-7.80028e-06
-6.83598e-06
-5.95207e-06
-5.1333e-06
-4.37751e-06
-3.78988e-06
-3.54135e-06
-2.60341e-06
0.00765871
0.00743388
0.00702402
0.00653652
0.00606187
0.0056122
0.00518249
0.00477149
0.00438009
0.00400898
0.00365838
0.00332822
0.00301827
0.00272816
0.00245739
0.00220537
0.00197144
0.00175487
0.0015549
0.00137073
0.00120157
0.00104661
0.000905023
0.000776027
0.000658835
0.000552683
0.00045683
0.000370561
0.00029319
0.00022406
0.000162542
0.000108041
5.99932e-05
1.78634e-05
-1.88508e-05
-5.06222e-05
-7.78941e-05
-0.000101081
-0.00012057
-0.00013672
-0.000149867
-0.000160321
-0.000168367
-0.000174271
-0.000178277
-0.000180607
-0.000181467
-0.000181045
-0.000179511
-0.00017702
-0.000173713
-0.000169716
-0.000165142
-0.000160092
-0.000154654
-0.00014888
-0.00014274
-0.00013629
-0.000130601
-0.000124589
-0.000118416
-0.000112257
-0.000106172
-0.000100191
-9.43405e-05
-8.8641e-05
-8.31102e-05
-7.77614e-05
-7.26043e-05
-6.76467e-05
-6.29023e-05
-5.83762e-05
-5.40522e-05
-4.99356e-05
-4.60298e-05
-4.23331e-05
-3.88418e-05
-3.55514e-05
-3.24571e-05
-2.95533e-05
-2.68341e-05
-2.42933e-05
-2.19242e-05
-1.97201e-05
-1.76743e-05
-1.57798e-05
-1.40298e-05
-1.24175e-05
-1.09366e-05
-9.58042e-06
-8.34303e-06
-7.21855e-06
-6.2016e-06
-5.28699e-06
-4.46809e-06
-3.7342e-06
-3.08462e-06
-2.58785e-06
-2.34363e-06
-1.66879e-06
0.00843655
0.00794815
0.00734747
0.00672931
0.00614334
0.00559396
0.00507725
0.00459188
0.00413775
0.00371447
0.00332125
0.00295706
0.00262072
0.00231099
0.00202654
0.00176603
0.0015281
0.0013114
0.00111459
0.000936371
0.000775483
0.000630707
0.000500874
0.000384867
0.000281624
0.000190136
0.000109449
3.86623e-05
-2.3069e-05
-7.65393e-05
-0.000122492
-0.000161621
-0.000194574
-0.000221952
-0.000244313
-0.000262175
-0.000276015
-0.000286275
-0.000293359
-0.00029764
-0.00029946
-0.00029913
-0.000296936
-0.000293136
-0.000287966
-0.000281639
-0.000274348
-0.000266265
-0.000257548
-0.000248335
-0.000238751
-0.000228909
-0.000218907
-0.000208832
-0.000198765
-0.000188804
-0.000179089
-0.000169603
-0.000159442
-0.00014973
-0.000140475
-0.000131574
-0.000123
-0.000114764
-0.000106872
-9.93274e-05
-9.21317e-05
-8.52834e-05
-7.87795e-05
-7.26153e-05
-6.67843e-05
-6.12876e-05
-5.61131e-05
-5.12391e-05
-4.66674e-05
-4.23893e-05
-3.8393e-05
-3.4667e-05
-3.11998e-05
-2.79801e-05
-2.49966e-05
-2.22379e-05
-1.96927e-05
-1.73501e-05
-1.51992e-05
-1.32296e-05
-1.14312e-05
-9.79436e-06
-8.31016e-06
-6.97016e-06
-5.76679e-06
-4.69338e-06
-3.74456e-06
-2.91617e-06
-2.20474e-06
-1.60676e-06
-1.12861e-06
-8.18128e-07
-7.40155e-07
-5.91969e-07
)
;

boundaryField
{
    inlet
    {
        type            zeroGradient;
    }
    outlet
    {
        type            totalPressure;
        rho             none;
        psi             none;
        gamma           1;
        p0              uniform 0;
        value           uniform 0;
    }
    top
    {
        type            zeroGradient;
    }
    bottom
    {
        type            zeroGradient;
    }
    obstacle
    {
        type            zeroGradient;
    }
    frontAndBack
    {
        type            empty;
    }
}


// ************************************************************************* //
