/*--------------------------------*- C++ -*----------------------------------*\
  =========                 |
  \\      /  F ield         | OpenFOAM: The Open Source CFD Toolbox
   \\    /   O peration     | Website:  https://openfoam.org
    \\  /    A nd           | Version:  12
     \\/     M anipulation  |
\*---------------------------------------------------------------------------*/
FoamFile
{
    format      ascii;
    class       volScalarField;
    location    "340";
    object      pPrime2Mean;
}
// * * * * * * * * * * * * * * * * * * * * * * * * * * * * * * * * * * * * * //

dimensions      [0 4 -4 0 0 0 0];

internalField   nonuniform List<scalar> 
6750
(
0.00387322
0.0038676
0.00386051
0.00385423
0.00384707
0.00387424
0.00386637
0.00385403
0.0038394
0.00382402
0.00389203
0.00388228
0.0038663
0.00384585
0.00382386
0.00392582
0.00391543
0.00389823
0.00387586
0.00385187
0.0039735
0.00396398
0.00394816
0.00392736
0.00390508
0.00403169
0.00402436
0.00401208
0.00399559
0.00397784
0.00409607
0.00409194
0.00408481
0.00407465
0.00406361
0.00416213
0.00416183
0.00416089
0.00415842
0.00415559
0.00422563
0.00422944
0.00423514
0.00424098
0.00424714
0.00428299
0.00429085
0.00430312
0.00431722
0.00433239
0.00433155
0.00434309
0.00436135
0.00438304
0.00440659
0.00436955
0.00438419
0.00440749
0.00443559
0.00446628
0.00439619
0.00441318
0.00444028
0.00447327
0.00450946
0.00441142
0.00442993
0.00445949
0.00449566
0.00453547
0.00441587
0.00443507
0.00446572
0.00450333
0.00454482
0.00441056
0.00442965
0.00446015
0.00449759
0.00453888
0.00439547
0.00441367
0.00444277
0.00447839
0.00451762
0.00436968
0.00438616
0.00441249
0.00444459
0.0044798
0.00433274
0.00434669
0.00436895
0.00439583
0.00442519
0.00428484
0.00429555
0.00431255
0.00433276
0.00435467
0.00422695
0.00423388
0.00424473
0.00425716
0.00427049
0.00416095
0.00416377
0.00416797
0.00417205
0.00417624
0.00408965
0.00408835
0.00408587
0.00408162
0.0040768
0.0040167
0.00401158
0.00400295
0.00399105
0.00397808
0.00394642
0.00393815
0.00392442
0.00390627
0.00388669
0.00388337
0.00387295
0.00385577
0.0038334
0.00380941
0.00383188
0.00382065
0.00380217
0.00377834
0.00375279
0.00379536
0.00378482
0.00376764
0.00374582
0.0037224
0.00377591
0.00376733
0.0037539
0.00373798
0.00372127
0.00377423
0.00376804
0.00376006
0.00375276
0.00374472
0.00382132
0.00379252
0.00373746
0.00365919
0.00355915
0.00343838
0.00329729
0.00313625
0.00295681
0.0027614
0.00255215
0.00233432
0.00211256
0.00189228
0.00167889
0.00147726
0.00129129
0.00112366
0.00097564
0.00084709
0.000736785
0.000644573
0.000567402
0.000503242
0.000450243
0.000406635
0.000370942
0.000341785
0.000318179
0.000303035
0.00382639
0.00377854
0.00370777
0.00361641
0.00350535
0.00337531
0.00322714
0.00306217
0.00288253
0.00269066
0.00248827
0.00228076
0.00207167
0.00186538
0.00166613
0.00147767
0.00130301
0.00114424
0.0010025
0.00087812
0.000770852
0.00067833
0.000600285
0.000534756
0.000480055
0.000434737
0.00039744
0.000366755
0.000341154
0.000321235
0.00381342
0.00375004
0.00366688
0.00356619
0.00344782
0.00331239
0.00316088
0.00299487
0.0028168
0.00262869
0.00243298
0.00223453
0.0020362
0.00184162
0.00165415
0.00147669
0.00131155
0.00116038
0.00102413
0.000903094
0.000797012
0.000705192
0.000626593
0.000559883
0.000503698
0.000456721
0.000417699
0.000385315
0.000358512
0.000337925
0.00379148
0.0037179
0.003626
0.00351877
0.00339606
0.00325806
0.00310565
0.00294057
0.00276518
0.00258092
0.00239131
0.00220012
0.00200996
0.00182399
0.00164505
0.00147556
0.00131741
0.00117201
0.00104017
0.000922195
0.000817926
0.000726937
0.000648351
0.000581094
0.000523993
0.000475818
0.000435258
0.000401078
0.000372694
0.000352787
0.00376664
0.00368597
0.00358752
0.0034753
0.00334975
0.00321064
0.00305876
0.00289567
0.0027235
0.00254333
0.0023592
0.00217393
0.00199012
0.00181061
0.00163796
0.00147436
0.00132151
0.00118068
0.00105261
0.000937579
0.000835449
0.000745776
0.00066782
0.000600631
0.000543131
0.000494143
0.000452356
0.000416442
0.000386622
0.000367334
0.00374283
0.0036568
0.00355348
0.00343744
0.0033098
0.00317048
0.00301982
0.00285921
0.00269031
0.00251416
0.00233472
0.00215423
0.00197525
0.00180049
0.0016324
0.00147307
0.00132419
0.00118697
0.00106209
0.000949788
0.000849878
0.00076185
0.000684957
0.000618267
0.000560735
0.000511246
0.000468477
0.000431169
0.000400172
0.00038158
0.00372244
0.00363228
0.00352514
0.00340631
0.00327719
0.00313802
0.0029889
0.00283087
0.00266493
0.00249246
0.00231686
0.00214006
0.00196461
0.00179316
0.00162816
0.00147178
0.00132574
0.00119125
0.00106899
0.000959128
0.000861375
0.000775122
0.000699527
0.000633604
0.000576305
0.000526563
0.000483097
0.000444734
0.000412823
0.000395013
0.00370745
0.00361404
0.00350383
0.00338276
0.00325278
0.00311382
0.00296625
0.00281056
0.00264709
0.00247775
0.00230504
0.00213085
0.00195771
0.0017883
0.00162515
0.00147056
0.00132635
0.0011938
0.0010736
0.000965813
0.000870061
0.000785581
0.000711394
0.000646418
0.000589588
0.000539775
0.000495867
0.000456803
0.000424216
0.000407152
0.00369966
0.0036036
0.00349068
0.00336765
0.00323699
0.00309832
0.00295207
0.00279824
0.00263672
0.00246971
0.0022989
0.00212623
0.00195425
0.0017857
0.00162327
0.00146943
0.00132615
0.00119481
0.00107608
0.000969982
0.000875999
0.000793207
0.000720465
0.000656571
0.00060041
0.000550804
0.000506728
0.000467159
0.000434069
0.000417613
0.00370084
0.00360244
0.00348688
0.00336187
0.00323048
0.0030921
0.0029467
0.00279402
0.00263387
0.00246821
0.00229827
0.00212602
0.00195405
0.00178523
0.00162246
0.0014684
0.00132521
0.00119435
0.00107653
0.000971699
0.000879209
0.000797968
0.000726664
0.000663961
0.000608608
0.000559486
0.000515476
0.000475577
0.000442107
0.000426061
0.00371278
0.00361209
0.00349368
0.00336636
0.00323388
0.0030955
0.0029505
0.0027982
0.00263869
0.00247333
0.00230314
0.00213016
0.00195705
0.00178684
0.00162269
0.00146747
0.00132355
0.00119248
0.00107499
0.000970984
0.000879678
0.00079982
0.000729919
0.00066848
0.000614124
0.000565685
0.000521909
0.000481825
0.000448072
0.000432212
0.00373747
0.00363423
0.00351249
0.00338226
0.00324816
0.00310927
0.00296397
0.00281124
0.00265147
0.00248526
0.00231366
0.00213873
0.00196326
0.00179053
0.00162394
0.00146664
0.00132116
0.00118918
0.00107145
0.000967817
0.000877376
0.000798716
0.00073017
0.000670061
0.000616831
0.00056925
0.000525817
0.000485672
0.000451744
0.000435855
0.0037772
0.00367086
0.00354509
0.00341115
0.00327478
0.00313434
0.00298782
0.00283386
0.00267267
0.00250439
0.00233008
0.0021519
0.00197281
0.00179635
0.00162624
0.00146589
0.00131802
0.00118442
0.00106587
0.000962154
0.000872259
0.000794609
0.000727353
0.000668602
0.000616579
0.000569886
0.000526975
0.000486925
0.000452957
0.000436852
0.00383474
0.00372437
0.00359364
0.00345489
0.00331513
0.00317209
0.00302321
0.00286694
0.002703
0.00253126
0.00235282
0.00216995
0.00198585
0.0018044
0.00162963
0.00146522
0.00131408
0.00117813
0.00105816
0.000953928
0.000864272
0.000787451
0.000721403
0.000663988
0.000613251
0.000567522
0.000525243
0.000485466
0.000451639
0.000435178
0.00391342
0.00379781
0.00366089
0.00351592
0.00337145
0.00322441
0.0030717
0.00291174
0.00274346
0.00256664
0.00238242
0.00219325
0.00200264
0.00181481
0.00163416
0.00146462
0.0013093
0.00117023
0.00104825
0.000943051
0.000853343
0.000777172
0.000712233
0.000656145
0.000606708
0.000562035
0.000520553
0.000481283
0.000447843
0.000430971
0.00401744
0.00389513
0.00375055
0.00359765
0.00344675
0.00329386
0.00313561
0.00297005
0.00279543
0.00261152
0.00241958
0.00222226
0.00202345
0.00182776
0.0016399
0.00146408
0.00130361
0.00116064
0.00103604
0.000929425
0.000839359
0.000763642
0.000699707
0.000644938
0.000596847
0.000553375
0.000512935
0.000474501
0.000441806
0.00042462
0.00415232
0.00402156
0.00386762
0.00370465
0.00354512
0.00338403
0.00321803
0.00304423
0.00286069
0.0026672
0.00246517
0.00225756
0.00204865
0.00184342
0.0016469
0.00146357
0.00129695
0.00114929
0.00102145
0.000912959
0.00082219
0.000746709
0.000683669
0.0006302
0.000583614
0.000541608
0.000502587
0.000465482
0.000434073
0.000416895
0.00432548
0.0041842
0.00401881
0.00384287
0.00367182
0.00349964
0.00332262
0.00313721
0.00294148
0.00273528
0.00252029
0.00229985
0.00207864
0.00186198
0.0016552
0.00146305
0.00128923
0.00113608
0.00100439
0.000893543
0.000801724
0.000726263
0.000664051
0.00061195
0.000567082
0.000526993
0.000489993
0.000454986
0.000425707
0.000409199
0.00454716
0.00439257
0.00421295
0.00402023
0.0038338
0.00364654
0.00345404
0.00325267
0.00304055
0.00281774
0.00258628
0.00234997
0.00211385
0.0018836
0.00166481
0.00146246
0.00128039
0.0011209
0.000984728
0.000871059
0.000777881
0.000702296
0.00064095
0.000590435
0.000547696
0.000510196
0.00047619
0.000444501
0.000418648
0.000403946
0.00483148
0.00465959
0.00446187
0.00424706
0.00403995
0.00383186
0.00361817
0.00339514
0.00316126
0.00291693
0.00266469
0.0024088
0.00215471
0.00190841
0.00167573
0.00146177
0.00127035
0.00110371
0.000962398
0.000845461
0.000750689
0.000674986
0.000614768
0.000566386
0.000526597
0.000492779
0.000463266
0.000436846
0.000416414
0.000405321
0.00519816
0.00500337
0.00478195
0.00453756
0.00430194
0.00406518
0.00382246
0.00357033
0.00330771
0.00303563
0.00275723
0.00247729
0.00220167
0.00193658
0.00168797
0.0014609
0.00125905
0.00108442
0.000937397
0.000816836
0.000720387
0.000644813
0.000586351
0.000541159
0.000505806
0.000477642
0.000455061
0.000437112
0.000425252
0.000420696
0.00567495
0.00544864
0.00519566
0.00491083
0.00463566
0.00435923
0.00407672
0.0037854
0.00348489
0.00317708
0.00286585
0.00255652
0.00225524
0.0019683
0.00170154
0.00145978
0.00124637
0.00106301
0.000909807
0.000785462
0.000687535
0.00061274
0.00055726
0.000517162
0.000488892
0.000469816
0.000458447
0.000454221
0.000456025
0.000463007
0.00629929
0.00602918
0.0057338
0.00539276
0.00506244
0.00473084
0.00439347
0.00404918
0.00369874
0.00334508
0.00299283
0.00264774
0.002316
0.00200374
0.0017164
0.00145827
0.00123221
0.00103947
0.00087985
0.000751893
0.000653157
0.00058047
0.000530181
0.000498484
0.000481882
0.000477818
0.000484926
0.000503264
0.000526718
0.0005536
0.00711836
0.00678891
0.00643602
0.0060173
0.00560998
0.00520115
0.0047882
0.00437249
0.00395643
0.00354412
0.00314081
0.00275232
0.00238455
0.00204302
0.00173238
0.00145614
0.00121638
0.00101382
0.000847901
0.000717045
0.000618949
0.000550808
0.000509515
0.000491823
0.000494668
0.000515629
0.000553376
0.000608315
0.000665191
0.000724022
0.00818713
0.00777899
0.00735088
0.00682673
0.00631253
0.00579562
0.0052792
0.00476786
0.00426614
0.00377924
0.00331261
0.00287163
0.00246131
0.002086
0.0017491
0.0014529
0.0011985
0.000985929
0.000814297
0.000682054
0.000587276
0.000527921
0.000501986
0.000507483
0.00054239
0.000604611
0.000691947
0.000803946
0.000909876
0.00101516
0.0095621
0.00905179
0.0085262
0.0078613
0.00720047
0.00653736
0.00588296
0.00524666
0.00463541
0.00405516
0.00351093
0.00300693
0.00254657
0.00213233
0.00176576
0.00144749
0.00117739
0.000954748
0.00077848
0.000647369
0.000560336
0.000516718
0.00051637
0.000559416
0.000645564
0.000772957
0.000937097
0.00113324
0.00130697
0.00147538
0.0112735
0.0106308
0.00997438
0.00912904
0.00828105
0.00743472
0.0066093
0.00581981
0.00507536
0.00438224
0.00374457
0.00316494
0.00264465
0.00218392
0.00178208
0.00143789
0.00114989
0.000916747
0.000737465
0.000611637
0.000539656
0.000522892
0.000563639
0.00066451
0.000827032
0.00104904
0.00132216
0.00163367
0.00190199
0.00215407
0.0134397
0.0125759
0.0117063
0.0106491
0.00959441
0.00854857
0.00753433
0.00656983
0.00566673
0.00483317
0.00407418
0.00339225
0.00278772
0.00225939
0.00180503
0.0014221
0.00110831
0.000862128
0.000683047
0.000571737
0.000529968
0.000560401
0.000666063
0.000849371
0.0011107
0.00144616
0.00184538
0.00229418
0.00271327
0.00311519
0.016804
0.0156894
0.0145635
0.0132588
0.0119437
0.0106163
0.0093077
0.00804748
0.00685897
0.00576036
0.00476367
0.0038752
0.00309665
0.00242663
0.00186218
0.00140017
0.0010384
0.00077614
0.000614487
0.000555957
0.000603304
0.000758082
0.00101957
0.00138236
0.00183551
0.00236107
0.00293621
0.00354659
0.0040808
0.00460999
0.0272986
0.0252996
0.0230298
0.0207219
0.0184204
0.016125
0.013887
0.0117556
0.00977117
0.00796511
0.0063576
0.00495746
0.00376486
0.00277484
0.0019808
0.00137765
0.000963938
0.000742994
0.000722072
0.000910572
0.00131736
0.00194705
0.0027956
0.00384837
0.00507922
0.00645064
0.00791588
0.00946278
0.011049
0.0124807
0.00383155
0.00381136
0.00379416
0.00377771
0.00376296
0.00375099
0.00374318
0.00374103
0.00374609
0.00376006
0.00378474
0.0038222
0.00387485
0.00394562
0.00403806
0.00415665
0.00430721
0.00449767
0.00473906
0.00504693
0.00544332
0.00595932
0.00663689
0.00752771
0.00869081
0.0101904
0.0120955
0.0146127
0.0184268
0.0295323
0.00380932
0.0037945
0.00378193
0.00377153
0.00376496
0.00376295
0.00376641
0.00377644
0.00379437
0.00382178
0.00386053
0.00391284
0.00398137
0.00406937
0.00418086
0.0043209
0.00449617
0.00471565
0.00499171
0.00534156
0.00578936
0.00636873
0.00712452
0.00811135
0.00939088
0.0110377
0.0131723
0.0160429
0.0201886
0.0319331
0.00381093
0.00380736
0.00380545
0.00380541
0.00380904
0.00381736
0.00383158
0.003853
0.00388309
0.00392354
0.00397632
0.00404379
0.00412879
0.00423483
0.00436627
0.00452873
0.00472963
0.00497892
0.00529024
0.00568232
0.00618121
0.00682284
0.00765459
0.00873312
0.0101216
0.0119046
0.0142487
0.0174419
0.0218212
0.0345961
0.00384317
0.00385098
0.00386029
0.00387129
0.00388603
0.00390577
0.00393184
0.00396569
0.00400896
0.00406346
0.00413135
0.00421516
0.00431795
0.00444348
0.00459648
0.00478303
0.00501119
0.0052917
0.00563899
0.00607271
0.00661983
0.00731707
0.00821206
0.00935994
0.0108207
0.0126874
0.0151887
0.018712
0.0232531
0.0374565
0.00390179
0.00391996
0.00394005
0.00396206
0.00398815
0.00401982
0.00405855
0.00410589
0.00416357
0.00423356
0.00431815
0.00442007
0.0045426
0.00468978
0.00486671
0.00507993
0.00533809
0.00565255
0.00603835
0.00651563
0.00711158
0.00786274
0.00881537
0.0100207
0.0115327
0.0134517
0.0160822
0.0199674
0.0245505
0.040482
0.00398073
0.00400804
0.00403816
0.00407089
0.00410835
0.00415216
0.00420397
0.00426543
0.00433838
0.00442489
0.00452741
0.0046488
0.00479257
0.004963
0.00516551
0.00540706
0.00569674
0.00604637
0.00647128
0.00699164
0.00763422
0.00843432
0.00943547
0.0106829
0.0122227
0.0141621
0.0169001
0.0212229
0.0257215
0.0437856
0.00407324
0.00410849
0.00414774
0.00419069
0.0042393
0.00429523
0.00436021
0.00443601
0.00452457
0.0046281
0.00474912
0.00489067
0.00505638
0.00525077
0.0054795
0.00574987
0.00607127
0.0064557
0.00691853
0.00747956
0.00816459
0.00900704
0.0100467
0.0113212
0.0128668
0.0147974
0.0176238
0.0225049
0.0267986
0.0475262
0.00417229
0.0042144
0.00426181
0.00431426
0.00437352
0.00444121
0.0045191
0.00460902
0.00471301
0.00483337
0.00497274
0.00513426
0.00532167
0.00553964
0.00579407
0.00609243
0.00644425
0.00686154
0.00735945
0.00795718
0.0086793
0.00955701
0.0106259
0.0119149
0.013448
0.0153447
0.0182386
0.0238384
0.0278261
0.0518741
0.00427099
0.00431898
0.00437354
0.00443462
0.00450376
0.00458251
0.00467262
0.00477597
0.00489464
0.005031
0.00518778
0.0053682
0.00557609
0.00581623
0.00609464
0.00641887
0.00679846
0.00724527
0.00777413
0.00840353
0.0091568
0.010063
0.0111536
0.0124477
0.013955
0.015798
0.0187336
0.0252407
0.0288581
0.0569665
0.00436311
0.00441606
0.00447679
0.00454547
0.00462345
0.00471222
0.00481346
0.00492906
0.00506111
0.00521202
0.00538456
0.00558201
0.00580829
0.00606824
0.0063679
0.00671482
0.00711844
0.00759044
0.00814529
0.0088008
0.00957924
0.010508
0.0116148
0.0129082
0.0143814
0.0161582
0.019105
0.0267153
0.0299506
0.0628408
0.00444351
0.00450055
0.00456643
0.00464157
0.00472716
0.00482459
0.0049355
0.00506171
0.00520534
0.0053688
0.00555487
0.00576687
0.00600878
0.00628545
0.00660289
0.0069686
0.00739188
0.00788422
0.00845975
0.00913572
0.00993361
0.0108798
0.011999
0.0132891
0.0147246
0.016431
0.0193577
0.0282429
0.0311434
0.0693541
0.00450844
0.0045687
0.0046387
0.00471905
0.00481082
0.00491532
0.00503411
0.00516898
0.005322
0.00549558
0.00569255
0.00591622
0.00617058
0.00646046
0.00679183
0.00717209
0.00761043
0.00811819
0.00870917
0.00940021
0.0102123
0.0111713
0.0123003
0.0135867
0.0149852
0.0166247
0.0195055
0.0297723
0.0324355
0.0761039
0.00455563
0.00461827
0.00469133
0.00477558
0.00487199
0.00498178
0.00510646
0.00524777
0.00540777
0.00558887
0.00579389
0.00602614
0.00628958
0.00658902
0.00693037
0.00732098
0.00776995
0.00828846
0.00889008
0.00959133
0.0104129
0.0113808
0.0125171
0.0138006
0.0151659
0.0167485
0.0195689
0.031216
0.0337643
0.0824491
0.00458427
0.00464845
0.00472352
0.00481032
0.00490976
0.00502301
0.0051515
0.00529698
0.00546149
0.00564745
0.00585765
0.00609539
0.00636459
0.00667004
0.00701763
0.00741467
0.0078702
0.00839527
0.00900331
0.00971059
0.0105377
0.011511
0.0126524
0.0139339
0.0152729
0.0168132
0.0195717
0.0324286
0.0349731
0.0875954
0.00459485
0.00465978
0.00473582
0.00482387
0.00492476
0.00503964
0.00516994
0.00531738
0.00548403
0.00567228
0.00588491
0.00612519
0.00639704
0.00670524
0.0070557
0.00745571
0.00791428
0.0084424
0.00905339
0.00976344
0.0105931
0.011569
0.0127133
0.0139944
0.0153192
0.016837
0.0195484
0.0331254
0.0357359
0.0905274
0.00458882
0.00465377
0.00472984
0.0048179
0.00491879
0.00503364
0.0051639
0.00531128
0.00547786
0.00566602
0.00587853
0.00611866
0.00639034
0.00669838
0.00704872
0.00744867
0.00790725
0.00843546
0.00904661
0.0097569
0.010587
0.0115633
0.0127084
0.0139901
0.0153154
0.016834
0.0195416
0.0331128
0.0357269
0.0906397
0.00456613
0.0046304
0.00470556
0.00479245
0.0048919
0.00500509
0.00513348
0.00527881
0.00544314
0.00562885
0.00583871
0.00607602
0.00634474
0.00664974
0.00699699
0.00739388
0.00784947
0.00837483
0.00898336
0.00969141
0.0105197
0.0114945
0.0126379
0.0139213
0.0152619
0.0168042
0.0195527
0.0323949
0.0349493
0.0879172
0.0045255
0.0045883
0.00466156
0.00474599
0.00484251
0.00495231
0.00507691
0.00521805
0.00537779
0.00555853
0.00576304
0.00599465
0.0062574
0.00655617
0.00689703
0.00728743
0.00773654
0.00825558
0.00885811
0.00956071
0.0103842
0.0113548
0.0124942
0.0137807
0.0151486
0.0167345
0.0195417
0.0311727
0.0337344
0.0829393
0.00446672
0.00452722
0.00459754
0.00467824
0.00477028
0.00487494
0.00499376
0.00512852
0.00528128
0.00545444
0.00565081
0.00587373
0.00612725
0.00641635
0.00674714
0.00712717
0.00756576
0.0080743
0.00866662
0.00935963
0.0101744
0.011137
0.0122699
0.0135602
0.0149627
0.0166069
0.019476
0.0297326
0.0324086
0.0767155
0.00439085
0.00444823
0.00451457
0.00459024
0.00467631
0.00477411
0.00488523
0.00501149
0.00515495
0.005318
0.00550347
0.00571468
0.00595572
0.00623157
0.00654843
0.00691395
0.00733758
0.00783093
0.00840818
0.00908666
0.0098879
0.0108382
0.0119618
0.0132564
0.0146977
0.0164113
0.0193326
0.0282184
0.0311271
0.0700454
0.00430041
0.00435384
0.00441518
0.0044846
0.00456329
0.00465266
0.00475436
0.0048702
0.00500225
0.0051529
0.00532492
0.00552164
0.00574708
0.00600626
0.00630539
0.0066522
0.00705627
0.00752945
0.00808628
0.00874465
0.00952677
0.0104598
0.0115711
0.0128696
0.0143507
0.0161388
0.0190908
0.0267141
0.0299511
0.0635754
0.00419934
0.00424799
0.00430337
0.00436541
0.00443549
0.0045151
0.00460592
0.00470978
0.0048287
0.00496503
0.00512148
0.00530131
0.0055085
0.00574798
0.00602593
0.00635013
0.00673024
0.0071783
0.00770923
0.00834155
0.00909845
0.0100088
0.0111037
0.0124035
0.0139215
0.0157813
0.0187357
0.0252671
0.0288802
0.0577166
0.00409288
0.00413592
0.00418439
0.00423807
0.00429853
0.00436735
0.00444622
0.00453695
0.0046415
0.00476212
0.00490145
0.00506264
0.00524954
0.00546697
0.00572101
0.00601935
0.00637169
0.00679019
0.00729006
0.00789046
0.00861579
0.009497
0.0105699
0.0118655
0.0134128
0.0153333
0.0182603
0.0238928
0.0278743
0.0526214
0.00398728
0.0040238
0.00406445
0.00410892
0.00415902
0.00421636
0.00428261
0.00435952
0.00444899
0.00455313
0.00467447
0.004816
0.00498141
0.00517534
0.00540368
0.00567396
0.00599578
0.00638124
0.00684574
0.00740897
0.00809653
0.00894175
0.00998513
0.0112676
0.0128312
0.0147936
0.0176662
0.0225855
0.0268773
0.0482622
0.0038894
0.00391838
0.00395026
0.00398484
0.00402408
0.00406957
0.00412292
0.00418578
0.00425995
0.00434743
0.00445059
0.00457224
0.00471588
0.00488591
0.00508796
0.00532929
0.00561919
0.0059696
0.00639579
0.00691775
0.00756211
0.00836429
0.00936915
0.0106261
0.0121882
0.0141674
0.0169623
0.021327
0.0258356
0.0445108
0.00380624
0.00382649
0.0038487
0.00387284
0.00390094
0.00393447
0.00397493
0.00402387
0.00408297
0.00415414
0.00423958
0.00434192
0.00446442
0.0046112
0.00478759
0.00500043
0.00525862
0.0055736
0.0059603
0.00643866
0.0070358
0.00778868
0.00874541
0.00996213
0.0115008
0.0134668
0.0161622
0.020093
0.0247051
0.041204
0.00374448
0.00375477
0.00376648
0.00377978
0.0037966
0.00381822
0.00384602
0.00388145
0.0039261
0.00398176
0.00405049
0.00413471
0.00423745
0.00436254
0.00451492
0.00470101
0.0049291
0.00520999
0.00555797
0.00599249
0.00654063
0.00723982
0.00813999
0.00930169
0.0107932
0.0127127
0.0152843
0.0188581
0.0234536
0.0381878
0.00371013
0.00370938
0.00371008
0.0037123
0.00371782
0.00372776
0.00374339
0.00376603
0.00379715
0.0038384
0.0038917
0.00395934
0.00404415
0.00414968
0.00428053
0.00444255
0.00464343
0.00489318
0.00520524
0.00559831
0.00609875
0.00674347
0.00758244
0.00867786
0.0101007
0.0119405
0.014358
0.0176085
0.0220721
0.0353503
0.00370739
0.00369571
0.00368568
0.00367721
0.00367202
0.003671
0.00367517
0.00368568
0.0037039
0.0037314
0.00377004
0.00382205
0.00389014
0.00397761
0.00408865
0.00422851
0.00440404
0.00462429
0.0049016
0.00525328
0.00570399
0.00628848
0.00705417
0.00806088
0.0093768
0.0110809
0.0132885
0.0162236
0.0204791
0.0327067
0.00373048
0.00371307
0.00369751
0.00368206
0.00366779
0.0036559
0.00364782
0.0036451
0.0036494
0.00366248
0.0036862
0.00372272
0.00377455
0.00384471
0.00393688
0.00405561
0.0042068
0.00439846
0.0046419
0.0049529
0.00535398
0.00587734
0.00656729
0.00748027
0.00867999
0.0102345
0.0122106
0.0147997
0.0187425
0.0303203
0.0280775
0.0260439
0.0237073
0.0213142
0.0189241
0.0165446
0.0142302
0.0120322
0.00999161
0.00813998
0.00649686
0.00507011
0.00385879
0.00285684
0.00205675
0.00145266
0.00104261
0.000829663
0.000820887
0.00102545
0.00145186
0.002104
0.00297652
0.00405285
0.00530424
0.00669028
0.00816158
0.00970462
0.0112758
0.0126902
0.0171339
0.0160278
0.0148886
0.0135478
0.0121901
0.0108214
0.00947575
0.00818454
0.00697147
0.00585428
0.00484413
0.00394637
0.00316179
0.00248825
0.00192218
0.00145995
0.00109888
0.000837771
0.000677295
0.00061961
0.000667145
0.000821184
0.00108077
0.00144029
0.00188859
0.00240738
0.00297397
0.00357493
0.00409382
0.00461548
0.0136353
0.0127859
0.0119182
0.0108467
0.00976953
0.00869938
0.00766188
0.00667707
0.00575746
0.0049112
0.00414293
0.00345451
0.00284567
0.0023146
0.00185856
0.00147449
0.00115957
0.000911635
0.000729534
0.000613294
0.000564165
0.000584531
0.000677476
0.000845831
0.00109073
0.00140927
0.00179253
0.00222825
0.00263523
0.00303373
0.0113897
0.0107551
0.0100998
0.00924573
0.00838558
0.00752707
0.00669061
0.00589186
0.00514007
0.00444143
0.00379984
0.00321759
0.00269568
0.00223405
0.00183173
0.00148715
0.00119844
0.000963703
0.000781315
0.000650275
0.000570614
0.000543763
0.000572604
0.000660752
0.000810843
0.0010216
0.0012852
0.00158932
0.00185381
0.00210602
0.00960682
0.00909976
0.00857294
0.00790358
0.00723946
0.00657514
0.00592097
0.00528564
0.00467556
0.0040964
0.00355312
0.00304993
0.00259029
0.00217671
0.00181066
0.00149262
0.00122215
0.000998096
0.00081886
0.000682785
0.000588636
0.000536068
0.000525811
0.000559232
0.000637237
0.000758681
0.000918996
0.00111267
0.00128592
0.00145419
0.00817826
0.00777126
0.00734161
0.00681671
0.006305
0.00579404
0.00528514
0.00478153
0.0042868
0.00380565
0.00334346
0.00290576
0.00249782
0.00212419
0.00178838
0.0014926
0.00123776
0.00102358
0.000848826
0.000711758
0.000610518
0.000543538
0.000509662
0.000507941
0.000537247
0.000595953
0.000681722
0.000793317
0.000899946
0.00100541
0.00707336
0.00674518
0.00639205
0.00597553
0.0055739
0.00517411
0.00477198
0.0043674
0.00396158
0.00355792
0.00316142
0.00277802
0.0024139
0.00207486
0.00176574
0.00149003
0.00124973
0.00104535
0.000876237
0.000740846
0.000637142
0.00056284
0.000515514
0.000492602
0.000491532
0.000510113
0.000546945
0.000602109
0.000660413
0.000720741
0.00623146
0.0059636
0.00566958
0.00533253
0.00500914
0.00468752
0.0043619
0.00402994
0.00369122
0.00334782
0.00300394
0.00266528
0.00233826
0.00202928
0.00174396
0.00148662
0.00126007
0.00106554
0.000902896
0.000770898
0.000667504
0.000590045
0.000535377
0.000500068
0.000480805
0.000475058
0.000481408
0.000499852
0.000524623
0.000553354
0.00559333
0.00536967
0.00511908
0.004839
0.0045711
0.0043046
0.00403377
0.00375493
0.00346665
0.00316994
0.00286808
0.00256622
0.00227059
0.00198772
0.00172359
0.00148305
0.00126946
0.00108458
0.000928732
0.000800962
0.0006993
0.000620927
0.000562392
0.000519939
0.000490004
0.000469817
0.000457791
0.000453332
0.00045575
0.000463937
0.00510756
0.0049153
0.00469674
0.00445766
0.00422913
0.00400189
0.00377039
0.00353048
0.00328015
0.00301956
0.0027512
0.00247953
0.00221039
0.00195013
0.00170483
0.00147955
0.001278
0.00110232
0.000953167
0.000829845
0.000730497
0.000652324
0.000591841
0.000545267
0.00050904
0.000480274
0.000457169
0.000438663
0.000426636
0.000422355
0.0047347
0.00456496
0.00437018
0.00416058
0.00396044
0.00376142
0.00355843
0.00334721
0.00312545
0.00289278
0.00265102
0.00240403
0.00215714
0.00191639
0.00168769
0.00147615
0.00128562
0.00111849
0.000975645
0.000856611
0.000759683
0.000682188
0.000620761
0.00057175
0.000531707
0.000497703
0.000467782
0.000440595
0.000419383
0.000407773
0.0044459
0.0042929
0.00411613
0.00392841
0.0037488
0.00357012
0.00338786
0.00319783
0.00299755
0.00278633
0.00256558
0.00233865
0.00211037
0.00188633
0.00167217
0.00147285
0.00129225
0.00113287
0.000995771
0.000880656
0.000785996
0.000709298
0.000647398
0.000596843
0.000554332
0.000516977
0.000482656
0.000450086
0.000423046
0.00040726
0.00422099
0.00408056
0.00391775
0.00374657
0.00358204
0.0034183
0.0032511
0.00307661
0.00289232
0.00269746
0.0024932
0.00228247
0.00206963
0.0018598
0.00165821
0.00146962
0.00129782
0.00114533
0.00101333
0.000901659
0.000808977
0.000732992
0.000670769
0.000619084
0.000574791
0.000535056
0.000497863
0.000461958
0.00043129
0.000413361
0.00404567
0.00391494
0.00376325
0.00360484
0.00345162
0.0032987
0.00314226
0.00297892
0.00280633
0.00262381
0.00243238
0.00223467
0.00203454
0.00183665
0.0016458
0.00146648
0.00130233
0.00115585
0.00102826
0.000919521
0.000828462
0.000752984
0.000690368
0.000637645
0.000591854
0.000550365
0.000511278
0.000473362
0.00044056
0.000421843
0.00390954
0.00378658
0.003644
0.0034955
0.0033507
0.00320556
0.00305654
0.00290094
0.00273672
0.00256338
0.00238188
0.00219452
0.00200474
0.00181673
0.00163491
0.00146346
0.00130585
0.0011645
0.00104063
0.00093431
0.000844486
0.000769233
0.000706063
0.000652254
0.000605082
0.00056223
0.000521863
0.000482813
0.000448927
0.000430304
0.00380504
0.00368843
0.00355333
0.00341252
0.00327386
0.00313409
0.00298997
0.00283947
0.00268113
0.00251453
0.00234059
0.00216135
0.00197986
0.00179989
0.00162552
0.00146063
0.00130849
0.00117141
0.00105061
0.000946179
0.000857187
0.00078187
0.000717948
0.000662948
0.000614481
0.000570496
0.000529245
0.000489643
0.000455367
0.00043736
0.00372659
0.00361508
0.00348598
0.00335109
0.0032167
0.00308032
0.00293937
0.00279204
0.00263766
0.0024759
0.00230758
0.00213454
0.00195953
0.00178598
0.00161762
0.00145807
0.00131038
0.00117676
0.00105837
0.000955317
0.000866764
0.000791097
0.000726248
0.000670005
0.000620291
0.00057532
0.000533444
0.000493651
0.000459403
0.000442199
0.00366982
0.00356228
0.00343788
0.00330735
0.00317581
0.00304143
0.0029023
0.00275678
0.00260485
0.00244635
0.00228201
0.00211352
0.00194341
0.0017748
0.00161116
0.00145582
0.00131165
0.0011807
0.00106409
0.00096192
0.000873422
0.000797146
0.000731243
0.000673757
0.000622834
0.000576983
0.000534638
0.000494853
0.00046084
0.000444363
0.0036312
0.00352667
0.00340593
0.00327852
0.00314871
0.00301532
0.00287698
0.00273234
0.00258158
0.00242499
0.00226319
0.00209779
0.00193117
0.00176621
0.00160611
0.00145395
0.0013124
0.00118339
0.00106793
0.000966153
0.000877347
0.000800227
0.000733158
0.000674417
0.000622378
0.000575741
0.000533003
0.00049333
0.000459638
0.000443671
0.00360779
0.00350557
0.00338772
0.00326261
0.00313373
0.00300055
0.00286217
0.00271769
0.00256701
0.0024111
0.00225056
0.00208696
0.00192256
0.00176007
0.00160242
0.00145249
0.00131272
0.00118491
0.00107001
0.000968139
0.000878682
0.0008005
0.000732171
0.000672185
0.000619097
0.000571676
0.000528698
0.000489211
0.000455872
0.000440142
0.00359719
0.0034969
0.00338142
0.00325809
0.00312971
0.0029962
0.00285711
0.00271202
0.00256052
0.00240417
0.00224373
0.00208073
0.00191739
0.00175626
0.00160006
0.00145143
0.00131264
0.00118533
0.00107039
0.000967958
0.00087751
0.000798063
0.000728385
0.000667161
0.000613122
0.000565074
0.000521923
0.000482682
0.000449716
0.000433925
0.00359733
0.00349896
0.00338564
0.00326382
0.00313579
0.00300156
0.00286123
0.00271476
0.0025617
0.00240384
0.00224241
0.00207892
0.00191554
0.00175472
0.001599
0.00145079
0.00131217
0.00118466
0.0010691
0.000965644
0.000873874
0.000792966
0.000721868
0.000659431
0.000604558
0.000556034
0.000512839
0.000473953
0.000441402
0.000425277
0.0036063
0.00351021
0.00339912
0.00327881
0.00315114
0.00301617
0.0028741
0.0027255
0.00257027
0.00240991
0.0022465
0.00208147
0.001917
0.00175546
0.00159922
0.00145053
0.00131128
0.00118288
0.00106612
0.00096119
0.000867782
0.000785236
0.000712669
0.000649084
0.000593449
0.000544674
0.000501654
0.000463243
0.000431204
0.000414504
0.00362224
0.00352911
0.00342069
0.00330218
0.00317503
0.00303933
0.00289533
0.00274401
0.00258605
0.00242239
0.00225604
0.00208847
0.00192185
0.00175853
0.00160076
0.00145063
0.0013099
0.0011799
0.00106136
0.000954534
0.000859216
0.000774899
0.000700853
0.000636199
0.000579958
0.000531145
0.000488468
0.000450788
0.000419416
0.000401974
0.00364322
0.00355407
0.0034492
0.00333309
0.00320695
0.00307056
0.00292455
0.00277022
0.00260895
0.00244144
0.00227125
0.00210018
0.00193034
0.00176409
0.00160366
0.00145104
0.00130792
0.00117554
0.00105466
0.000945551
0.000848116
0.000761977
0.000686514
0.00062093
0.000564294
0.000515573
0.000473525
0.000436853
0.000406342
0.000388116
0.00366722
0.00358341
0.00348328
0.00337067
0.00324595
0.00310926
0.00296142
0.00280403
0.00263911
0.00246739
0.00229258
0.00211705
0.00194283
0.0017724
0.00160801
0.00145169
0.00130511
0.00116954
0.00104575
0.000934036
0.000834378
0.000746493
0.000669801
0.000603513
0.000546701
0.000498309
0.000457103
0.000421748
0.00039236
0.000373446
0.00369182
0.00361531
0.00352156
0.00341351
0.00329111
0.0031548
0.00300568
0.0028456
0.00267699
0.00250102
0.0023209
0.00213991
0.00196002
0.00178388
0.00161398
0.00145249
0.00130122
0.00116152
0.00103424
0.0009197
0.000817859
0.000728508
0.000650966
0.00058435
0.000527683
0.000479878
0.000439683
0.0004059
0.000378038
0.000358526
0.00371333
0.00364738
0.00356229
0.00346011
0.00334127
0.00320662
0.00305744
0.00289558
0.00272374
0.00254381
0.00235791
0.00217035
0.00198322
0.00179949
0.00162205
0.00145347
0.00129591
0.00115095
0.00101954
0.000902033
0.000798311
0.000707923
0.000630081
0.000563686
0.000507625
0.000460749
0.000421876
0.000389779
0.000363415
0.000343369
0.00372623
0.00367614
0.00360304
0.00350946
0.00339683
0.00326638
0.00311939
0.00295754
0.00278351
0.00259983
0.00240777
0.00221207
0.00201538
0.0018212
0.00163314
0.00145455
0.00128822
0.00113617
0.000999531
0.00087875
0.000773757
0.00068242
0.000604779
0.000539185
0.000484274
0.000438773
0.000401395
0.000370872
0.000345677
0.000326348
0.003723
0.00369139
0.00363278
0.0035509
0.00344781
0.00332503
0.00318383
0.00302534
0.00285141
0.00266461
0.00246652
0.00226156
0.00205342
0.00184644
0.00164531
0.0014544
0.00127735
0.00111679
0.000974039
0.000849128
0.000741052
0.000649886
0.000572911
0.000508436
0.000454868
0.000410713
0.000374701
0.000345527
0.0003222
0.000307636
0.0141933
0.00547342
0.00369394
0.0025395
0.00173985
0.00119699
0.000843053
0.000625924
0.000502196
0.000436609
0.000404436
0.00039056
0.000386323
0.000386789
0.000389081
0.000391507
0.0003931
0.000393341
0.000392008
0.000389061
0.000384565
0.000378654
0.000371503
0.000363312
0.000354287
0.000344628
0.000334498
0.000323818
0.000312554
0.000303522
0.0161343
0.00637248
0.00431469
0.00297015
0.00203838
0.00141111
0.000994599
0.000730075
0.000571315
0.000480935
0.000431998
0.000407266
0.000396342
0.000393011
0.000393503
0.000395499
0.000397582
0.000398899
0.000398946
0.000397475
0.000394406
0.000389775
0.000383694
0.000376311
0.000367803
0.000358367
0.000348214
0.000337557
0.000326958
0.000317434
0.0184928
0.00722837
0.00495443
0.00341355
0.00235673
0.00164985
0.00117272
0.000859538
0.000662263
0.000542332
0.000471352
0.000430512
0.000407979
0.000396399
0.000391169
0.000389372
0.000389143
0.000389294
0.000389058
0.00038797
0.000385784
0.000382406
0.000377837
0.000372141
0.00036542
0.000357798
0.000349399
0.000340413
0.000331515
0.000323609
0.021279
0.00797124
0.00557057
0.00380525
0.00264819
0.00188676
0.00136416
0.00100929
0.000775008
0.000623969
0.000527953
0.000467557
0.000430058
0.000407203
0.000393629
0.000385817
0.000381425
0.000378882
0.000377119
0.000375423
0.000373339
0.000370601
0.000367074
0.00036271
0.000357523
0.00035155
0.000344813
0.000337426
0.000330163
0.000324273
0.024544
0.00863995
0.00620824
0.0041818
0.00294182
0.00213929
0.00157784
0.00118411
0.000912989
0.000729314
0.000605794
0.000522984
0.000467639
0.000430817
0.000406473
0.000390504
0.000380081
0.000373229
0.000368554
0.000365067
0.000362077
0.000359117
0.000355886
0.0003522
0.000347962
0.000343114
0.000337598
0.000331464
0.000325496
0.000321154
0.0284375
0.00923167
0.00688359
0.00452938
0.00322638
0.0023973
0.00180479
0.00137716
0.00107174
0.000856064
0.000704338
0.000597571
0.000522402
0.000469484
0.000432258
0.000406118
0.000387802
0.000374954
0.000365855
0.000359236
0.000354165
0.000349959
0.000346133
0.000342349
0.000338382
0.000334077
0.000329298
0.000324025
0.000318962
0.00031562
0.0331417
0.00976565
0.00762352
0.00483923
0.00349668
0.00265391
0.00203692
0.00158047
0.00124425
0.000998613
0.000819491
0.000688654
0.000592899
0.000522722
0.000471236
0.000433455
0.000405754
0.000385461
0.000370568
0.000359548
0.000351237
0.000344747
0.000339404
0.000334712
0.00033031
0.000325938
0.000321376
0.000316525
0.000311948
0.000309058
0.0388367
0.0102766
0.00845717
0.00510402
0.00374973
0.00290206
0.00226509
0.00178448
0.00142133
0.00114872
0.000944311
0.00079068
0.000674907
0.000587482
0.000521346
0.000471258
0.000433327
0.000404636
0.000382951
0.000366536
0.000354025
0.000344348
0.000336662
0.000330317
0.00032482
0.000319798
0.000314944
0.000310071
0.000305568
0.000302647
0.0456415
0.0108124
0.00941071
0.00531841
0.00398352
0.00313396
0.0024797
0.0019791
0.00159299
0.001297
0.00107035
0.000896317
0.000762255
0.000658703
0.000578538
0.000516369
0.000468135
0.000430743
0.000401804
0.00037943
0.000362108
0.000348619
0.00033798
0.000329409
0.000322287
0.000316134
0.000310555
0.000305274
0.000300501
0.000297177
0.0535464
0.0114307
0.0104992
0.00548082
0.0041966
0.00334174
0.00267182
0.00215511
0.00174993
0.00143444
0.00118917
0.000997876
0.000848088
0.000730399
0.000637665
0.000564442
0.000506565
0.00046084
0.000424776
0.000396393
0.00037408
0.000356519
0.000342622
0.000331498
0.000322426
0.000314827
0.000308225
0.000302262
0.000296971
0.000293005
0.0622922
0.0121825
0.0117158
0.00559394
0.00438673
0.00351835
0.0028344
0.0023052
0.00188471
0.00155369
0.00129366
0.00108857
0.000926066
0.000796751
0.000693495
0.000610828
0.000544556
0.000491432
0.000448912
0.000414963
0.000387925
0.000366421
0.000349295
0.000335579
0.000324471
0.000315313
0.000307557
0.000300776
0.000294845
0.000290137
0.0712987
0.0130863
0.0130189
0.00566415
0.00455006
0.0036586
0.00296289
0.00242461
0.00199237
0.00164969
0.00137869
0.00116333
0.000991202
0.000852977
0.00074152
0.000651372
0.000578332
0.000519144
0.000471244
0.000432579
0.000401467
0.000376502
0.000356492
0.000340422
0.000327432
0.000316805
0.000307938
0.000300346
0.000293776
0.000288352
0.0796963
0.0141006
0.0143243
0.00569994
0.0046811
0.00375998
0.0030555
0.00251118
0.0020706
0.00171988
0.00144144
0.00121904
0.00104027
0.000895788
0.000778496
0.000682947
0.000604951
0.00054126
0.000489313
0.000447054
0.000412796
0.000385123
0.000362827
0.000344866
0.000330348
0.000318515
0.000308727
0.000300457
0.000293356
0.000287345
0.0864397
0.0150903
0.0154819
0.0057105
0.00477393
0.00382304
0.00311295
0.00256519
0.00211944
0.00176393
0.00148112
0.00125457
0.00107181
0.000923523
0.000802633
0.000703715
0.000622593
0.000556032
0.00050148
0.000456887
0.000420566
0.0003911
0.000367274
0.000348036
0.00033248
0.000319826
0.000309413
0.000300688
0.000293235
0.000286836
0.0902116
0.0157526
0.0161884
0.00570974
0.00482189
0.00385132
0.00313858
0.00258918
0.00214102
0.00178343
0.00149877
0.00127045
0.00108597
0.000936015
0.000813536
0.00071312
0.000630604
0.000562756
0.000507033
0.000461383
0.000424122
0.000393829
0.00036929
0.000349457
0.000333418
0.000320389
0.0003097
0.000300784
0.000293193
0.000286636
0.0902469
0.0157645
0.0162157
0.0057143
0.00481851
0.00384917
0.00313615
0.00258644
0.00213828
0.00178084
0.00149637
0.00126825
0.00108396
0.000934201
0.00081191
0.00071168
0.000629347
0.000561677
0.00050612
0.000460619
0.000423482
0.000393288
0.00036883
0.000349066
0.000333095
0.000320136
0.000309519
0.000300676
0.000293158
0.00028667
0.0865411
0.0151226
0.0155563
0.00572428
0.00476495
0.00381695
0.00310603
0.00255727
0.00211146
0.00175634
0.00147407
0.00124812
0.00106594
0.000918228
0.000797899
0.000699533
0.000618953
0.000552911
0.000498841
0.000454674
0.000418707
0.000389525
0.000365931
0.0003469
0.000331546
0.0003191
0.000308901
0.000300393
0.000293156
0.000286962
0.0798515
0.0141459
0.0144268
0.00572232
0.0046694
0.00375098
0.00304503
0.00249889
0.002058
0.00170781
0.00143023
0.00120879
0.00103099
0.000887455
0.00077109
0.000676445
0.000599323
0.000536453
0.000485253
0.000443639
0.000409914
0.000382674
0.00036074
0.000343113
0.000328924
0.000317429
0.000307989
0.000300072
0.00029332
0.000287641
0.0714927
0.0131377
0.0131281
0.00569331
0.00453889
0.00364805
0.00295004
0.00240901
0.00197599
0.00163384
0.00136397
0.00114992
0.000979142
0.000842242
0.000732073
0.000643165
0.000571293
0.000513174
0.000466216
0.000428343
0.000397879
0.000373448
0.000353906
0.000338279
0.000325734
0.000315562
0.00030716
0.000300038
0.000293933
0.00028895
0.0625115
0.0122358
0.0118143
0.00562677
0.00437874
0.00350768
0.00282034
0.00228744
0.00186554
0.00153493
0.00127621
0.00107278
0.000911986
0.000784374
0.000682757
0.000601635
0.00053678
0.000484908
0.000443447
0.000410362
0.000384028
0.000363121
0.000346541
0.000333358
0.00032279
0.000314183
0.000306988
0.000300771
0.000295395
0.00029121
0.0537799
0.0114846
0.0105752
0.005513
0.00419318
0.00333227
0.00265769
0.00213637
0.00172913
0.00141383
0.00116998
0.000980611
0.00083289
0.000717252
0.00062647
0.000555043
0.000498761
0.000454387
0.000419417
0.000391905
0.000370309
0.000353379
0.000340081
0.000329556
0.000321094
0.000314118
0.000308147
0.000302816
0.00029814
0.000294749
0.0458817
0.0108673
0.00945877
0.00534527
0.00398444
0.00312658
0.00246647
0.00196056
0.00157185
0.0012758
0.00105061
0.000878707
0.000746989
0.000645757
0.000567765
0.000507548
0.000460978
0.00042493
0.000397041
0.000375499
0.00035888
0.000346037
0.000336031
0.0003281
0.000321635
0.000316151
0.000311247
0.000306636
0.000302509
0.00029978
0.0390795
0.0103334
0.00847735
0.0051214
0.00375313
0.00289693
0.0022535
0.00176725
0.00140121
0.00112837
0.000925403
0.000774003
0.000660719
0.000575742
0.000511854
0.000463719
0.000427377
0.000399918
0.000379181
0.000363532
0.000351699
0.000342669
0.000335632
0.000329951
0.000325134
0.000320804
0.000316644
0.000312453
0.000308602
0.000306268
0.0333844
0.00982455
0.00761924
0.00484407
0.00349957
0.0026503
0.00202731
0.00156554
0.00122647
0.000980562
0.000802832
0.000674199
0.000580896
0.000513095
0.000463735
0.00042772
0.000401399
0.00038215
0.000368073
0.000357748
0.000350084
0.000344236
0.000339548
0.000335527
0.000331811
0.000328131
0.000324258
0.00032008
0.000316137
0.000313805
0.0286779
0.00929175
0.00685959
0.00451998
0.00322541
0.00239381
0.00179713
0.00136523
0.00105742
0.000841566
0.000691141
0.000586397
0.000513438
0.000462605
0.000427175
0.000402469
0.000385239
0.000373223
0.000364811
0.000358822
0.000354373
0.000350803
0.00034763
0.000344509
0.000341211
0.000337574
0.000333455
0.000328824
0.000324362
0.000321533
0.0247794
0.00869901
0.00616896
0.00415784
0.00293429
0.00213437
0.00157177
0.00117556
0.000902833
0.000719146
0.000596776
0.000515663
0.000462104
0.000426905
0.000403904
0.000388971
0.000379341
0.000373135
0.000369046
0.000366142
0.000363757
0.000361424
0.000358828
0.000355776
0.000352162
0.00034793
0.000343018
0.000337474
0.000332058
0.000328177
0.0215061
0.00802603
0.00551936
0.00376787
0.00263284
0.00187933
0.00135927
0.00100408
0.000769115
0.000618226
0.000523132
0.000464006
0.000427783
0.000406039
0.000393358
0.000386243
0.000382426
0.000380405
0.000379167
0.000378027
0.000376529
0.000374387
0.000371447
0.000367653
0.000363011
0.000357564
0.000351342
0.000344465
0.00033769
0.000332206
0.0187085
0.00727531
0.00489402
0.00336581
0.00233436
0.00163971
0.00116855
0.00085718
0.00066008
0.000540377
0.000470031
0.000430026
0.00040831
0.000397432
0.000392792
0.000391509
0.000391764
0.000392397
0.000392665
0.000392104
0.000390449
0.000387582
0.000383493
0.000378242
0.000371932
0.000364697
0.000356679
0.000348087
0.000339591
0.00033204
0.0163382
0.00640565
0.00424513
0.00291744
0.00201297
0.00139976
0.000991147
0.000729823
0.000571766
0.000481573
0.00043299
0.000408768
0.00039838
0.000395567
0.00039658
0.000399121
0.000401755
0.000403603
0.000404156
0.000403142
0.00040047
0.000396175
0.000390365
0.000383201
0.000374871
0.000365594
0.000355613
0.000345179
0.000334862
0.000325639
0.0143939
0.00548953
0.00361572
0.00248807
0.00171574
0.00118586
0.000839948
0.000626539
0.000503773
0.000438385
0.00040649
0.00039306
0.000389366
0.000390437
0.000393397
0.000396542
0.000398839
0.000399703
0.000398856
0.000396233
0.000391907
0.000386039
0.000378827
0.000370494
0.000361278
0.000351412
0.000341106
0.000330343
0.000319143
0.000310363
0.000299738
0.000290754
0.000279153
0.000267612
0.00025672
0.00024645
0.000236752
0.000227609
0.000218995
0.000210877
0.000203217
0.000195978
0.000189126
0.000182629
0.000176457
0.000170584
0.000164986
0.00015964
0.000154526
0.000149627
0.000144926
0.000140408
0.000136059
0.000131866
0.000127819
0.000123907
0.00012012
0.00011645
0.000112888
0.000109429
0.000106065
0.00010279
9.95998e-05
9.64888e-05
9.34529e-05
9.04882e-05
8.75912e-05
8.47588e-05
8.19881e-05
7.92767e-05
7.66223e-05
7.40231e-05
7.14771e-05
6.89829e-05
6.65391e-05
6.41446e-05
6.17982e-05
5.94991e-05
5.72466e-05
5.50397e-05
5.2878e-05
5.07617e-05
4.869e-05
4.66624e-05
4.46786e-05
4.27382e-05
4.08413e-05
3.89879e-05
3.71776e-05
3.54101e-05
3.36854e-05
3.20036e-05
3.03646e-05
2.87685e-05
2.72152e-05
2.57048e-05
2.42372e-05
2.28124e-05
2.14305e-05
2.00915e-05
1.87956e-05
1.75427e-05
1.63329e-05
1.51661e-05
1.40425e-05
1.2962e-05
1.19246e-05
1.09304e-05
9.97938e-06
9.07159e-06
8.20705e-06
7.38579e-06
6.60781e-06
5.87309e-06
5.18161e-06
4.53344e-06
3.9286e-06
3.36708e-06
2.84888e-06
2.37388e-06
1.94205e-06
1.55338e-06
1.20794e-06
9.06083e-07
6.47705e-07
4.32317e-07
2.5986e-07
1.30955e-07
4.58249e-08
4.95233e-09
0.000303556
0.000292773
0.000281511
0.000270369
0.000259794
0.000249817
0.000240378
0.000231438
0.000222968
0.00021494
0.000207321
0.000200081
0.000193192
0.000186627
0.000180364
0.000174379
0.000168653
0.000163168
0.000157907
0.000152853
0.000147994
0.000143316
0.000138807
0.000134456
0.000130252
0.000126187
0.000122252
0.000118438
0.000114739
0.000111147
0.000107656
0.000104262
0.000100957
9.77383e-05
9.46008e-05
9.15405e-05
8.8554e-05
8.56378e-05
8.2789e-05
8.00049e-05
7.7283e-05
7.46212e-05
7.20175e-05
6.947e-05
6.69772e-05
6.45377e-05
6.21502e-05
5.98136e-05
5.75268e-05
5.52893e-05
5.31002e-05
5.0958e-05
4.88626e-05
4.68136e-05
4.48107e-05
4.28533e-05
4.0941e-05
3.90733e-05
3.72502e-05
3.54716e-05
3.37373e-05
3.20471e-05
3.04008e-05
2.87982e-05
2.72394e-05
2.57242e-05
2.42524e-05
2.28241e-05
2.14393e-05
2.00978e-05
1.87998e-05
1.75451e-05
1.63338e-05
1.51659e-05
1.40414e-05
1.29601e-05
1.19222e-05
1.09277e-05
9.97637e-06
9.0684e-06
8.2038e-06
7.38261e-06
6.6047e-06
5.87008e-06
5.17877e-06
4.53076e-06
3.92606e-06
3.36466e-06
2.84656e-06
2.37177e-06
1.94028e-06
1.55202e-06
1.20701e-06
9.05293e-07
6.46935e-07
4.31688e-07
2.59437e-07
1.30713e-07
4.57346e-08
4.93256e-09
0.000306709
0.000295134
0.000283481
0.000272158
0.000261582
0.000251719
0.000242436
0.000233655
0.000225325
0.000217408
0.000209868
0.000202676
0.000195807
0.000189237
0.000182946
0.000176915
0.000171127
0.000165568
0.000160222
0.000155077
0.000150121
0.000145342
0.00014073
0.000136275
0.000131969
0.000127801
0.000123766
0.000119854
0.00011606
0.000112377
0.000108799
0.00010532
0.000101936
9.86417e-05
9.54325e-05
9.23048e-05
8.92547e-05
8.6279e-05
8.33745e-05
8.05384e-05
7.77681e-05
7.50614e-05
7.2416e-05
6.983e-05
6.73016e-05
6.48294e-05
6.24118e-05
6.00476e-05
5.77356e-05
5.54747e-05
5.32641e-05
5.1103e-05
4.89905e-05
4.69261e-05
4.49092e-05
4.29392e-05
4.10156e-05
3.91381e-05
3.73062e-05
3.55198e-05
3.37784e-05
3.20819e-05
3.043e-05
2.88226e-05
2.72594e-05
2.57405e-05
2.42656e-05
2.28345e-05
2.14473e-05
2.01038e-05
1.8804e-05
1.75479e-05
1.63354e-05
1.51665e-05
1.40412e-05
1.29594e-05
1.1921e-05
1.0926e-05
9.97443e-06
9.06627e-06
8.20155e-06
7.38027e-06
6.60239e-06
5.86782e-06
5.17655e-06
4.52857e-06
3.92394e-06
3.3627e-06
2.84474e-06
2.37005e-06
1.93871e-06
1.55074e-06
1.20602e-06
9.04455e-07
6.46201e-07
4.31116e-07
2.59066e-07
1.30501e-07
4.56329e-08
4.90908e-09
0.000307046
0.000295577
0.000283985
0.00027276
0.000262359
0.000252712
0.000243651
0.000235074
0.000226922
0.00021915
0.000211724
0.000204615
0.000197799
0.000191257
0.00018497
0.000178925
0.000173107
0.000167503
0.000162103
0.000156895
0.000151869
0.000147015
0.000142325
0.000137791
0.000133403
0.000129155
0.00012504
0.00012105
0.000117179
0.000113421
0.000109771
0.000106224
0.000102774
9.94161e-05
9.61473e-05
9.2963e-05
8.98597e-05
8.68338e-05
8.38822e-05
8.10021e-05
7.81908e-05
7.54457e-05
7.27648e-05
7.01458e-05
6.75871e-05
6.50867e-05
6.26432e-05
6.02553e-05
5.79215e-05
5.56407e-05
5.3412e-05
5.12343e-05
4.91068e-05
4.70287e-05
4.49994e-05
4.30182e-05
4.10846e-05
3.9198e-05
3.73581e-05
3.55645e-05
3.38167e-05
3.21144e-05
3.04575e-05
2.88456e-05
2.72785e-05
2.57562e-05
2.42783e-05
2.28447e-05
2.14553e-05
2.01099e-05
1.88085e-05
1.7551e-05
1.63374e-05
1.51676e-05
1.40414e-05
1.29589e-05
1.19201e-05
1.09247e-05
9.97285e-06
9.06447e-06
8.19957e-06
7.37815e-06
6.60023e-06
5.86577e-06
5.1745e-06
4.52642e-06
3.92183e-06
3.36071e-06
2.84287e-06
2.36832e-06
1.93714e-06
1.54936e-06
1.20482e-06
9.03445e-07
6.45374e-07
4.30478e-07
2.58636e-07
1.30254e-07
4.55202e-08
4.88432e-09
0.000304705
0.000294021
0.000282993
0.000272245
0.000262267
0.000252989
0.000244244
0.000235934
0.000228003
0.00022041
0.000213124
0.00020612
0.000199378
0.000192883
0.00018662
0.000180579
0.000174748
0.000169119
0.000163681
0.000158427
0.000153348
0.000148437
0.000143685
0.000139086
0.000134632
0.000130318
0.000126136
0.00012208
0.000118145
0.000114325
0.000110614
0.000107008
0.000103501
0.00010009
9.67703e-05
9.35376e-05
9.03884e-05
8.73193e-05
8.43272e-05
8.1409e-05
7.85621e-05
7.57839e-05
7.30721e-05
7.04245e-05
6.78392e-05
6.53144e-05
6.28483e-05
6.04395e-05
5.80867e-05
5.57884e-05
5.35437e-05
5.13514e-05
4.92107e-05
4.71205e-05
4.50803e-05
4.30892e-05
4.11467e-05
3.92522e-05
3.74051e-05
3.5605e-05
3.38515e-05
3.21441e-05
3.04826e-05
2.88667e-05
2.72963e-05
2.57707e-05
2.429e-05
2.2854e-05
2.14626e-05
2.01156e-05
1.88128e-05
1.75541e-05
1.63394e-05
1.51687e-05
1.40418e-05
1.29586e-05
1.19192e-05
1.09235e-05
9.97136e-06
9.0628e-06
8.19768e-06
7.37607e-06
6.59803e-06
5.86345e-06
5.17224e-06
4.52435e-06
3.91983e-06
3.3587e-06
2.84092e-06
2.36647e-06
1.93542e-06
1.54777e-06
1.20342e-06
9.02286e-07
6.44442e-07
4.29768e-07
2.58156e-07
1.29979e-07
4.53997e-08
4.85887e-09
0.000300619
0.000291065
0.000280914
0.000270894
0.00026151
0.000252709
0.000244349
0.000236351
0.000228671
0.000221279
0.000214149
0.000207263
0.000200607
0.000194171
0.000187945
0.00018192
0.00017609
0.000170448
0.000164987
0.0001597
0.000154582
0.000149625
0.000144825
0.000140174
0.000135668
0.000131299
0.000127063
0.000122953
0.000118965
0.000115092
0.000111331
0.000107676
0.000104122
0.000100666
9.73031e-05
9.40295e-05
9.08416e-05
8.7736e-05
8.47094e-05
8.1759e-05
7.88818e-05
7.60754e-05
7.33372e-05
7.06652e-05
6.80572e-05
6.55114e-05
6.30259e-05
6.05993e-05
5.82301e-05
5.59168e-05
5.36583e-05
5.14534e-05
4.93012e-05
4.72007e-05
4.5151e-05
4.31514e-05
4.12011e-05
3.92996e-05
3.74463e-05
3.56406e-05
3.38821e-05
3.21703e-05
3.05049e-05
2.88855e-05
2.73118e-05
2.57834e-05
2.43003e-05
2.28623e-05
2.14691e-05
2.01206e-05
1.88165e-05
1.75567e-05
1.63411e-05
1.51695e-05
1.4042e-05
1.29583e-05
1.19184e-05
1.09222e-05
9.96983e-06
9.06104e-06
8.19578e-06
7.37406e-06
6.59589e-06
5.86119e-06
5.16991e-06
4.52206e-06
3.91762e-06
3.35656e-06
2.83886e-06
2.36451e-06
1.93356e-06
1.54602e-06
1.20186e-06
9.01007e-07
6.43421e-07
4.29001e-07
2.57651e-07
1.29695e-07
4.52768e-08
4.83316e-09
0.000295824
0.000287444
0.00027827
0.00026908
0.00026036
0.000252078
0.000244129
0.00023646
0.000229041
0.000221854
0.000214885
0.000208121
0.000201557
0.000195185
0.000189001
0.000183
0.000177179
0.000171532
0.000166057
0.000160747
0.0001556
0.000150609
0.000145771
0.00014108
0.000136531
0.000132118
0.000127838
0.000123684
0.000119652
0.000115736
0.000111933
0.000108237
0.000104645
0.000101151
9.77524e-05
9.44447e-05
9.12244e-05
8.80882e-05
8.50328e-05
8.20552e-05
7.91527e-05
7.63225e-05
7.35622e-05
7.08696e-05
6.82424e-05
6.56789e-05
6.31771e-05
6.07354e-05
5.83522e-05
5.60262e-05
5.3756e-05
5.15405e-05
4.93785e-05
4.72692e-05
4.52114e-05
4.32045e-05
4.12477e-05
3.93402e-05
3.74816e-05
3.56711e-05
3.39084e-05
3.21928e-05
3.0524e-05
2.89015e-05
2.7325e-05
2.57944e-05
2.43092e-05
2.28693e-05
2.14746e-05
2.01247e-05
1.88194e-05
1.75587e-05
1.63423e-05
1.517e-05
1.40419e-05
1.29578e-05
1.19175e-05
1.0921e-05
9.9682e-06
9.05915e-06
8.19376e-06
7.37196e-06
6.5937e-06
5.85893e-06
5.16761e-06
4.51972e-06
3.91528e-06
3.35429e-06
2.83668e-06
2.36243e-06
1.93157e-06
1.54416e-06
1.20021e-06
8.99616e-07
6.42304e-07
4.2818e-07
2.57128e-07
1.29413e-07
4.51598e-08
4.80872e-09
0.000291183
0.0002838
0.000275537
0.000267151
0.000259073
0.000251292
0.000243739
0.000236384
0.000229216
0.000222226
0.00021541
0.000208765
0.000202289
0.00019598
0.00018984
0.000183865
0.000178056
0.000172411
0.000166927
0.000161602
0.000156433
0.000151417
0.000146549
0.000141825
0.000137242
0.000132795
0.000128478
0.000124289
0.000120221
0.00011627
0.000112433
0.000108704
0.000105079
0.000101554
9.81261e-05
9.47902e-05
9.15432e-05
8.83817e-05
8.53024e-05
8.23024e-05
7.93787e-05
7.65288e-05
7.37501e-05
7.10404e-05
6.83973e-05
6.5819e-05
6.33036e-05
6.08493e-05
5.84546e-05
5.61179e-05
5.3838e-05
5.16135e-05
4.94434e-05
4.73266e-05
4.52621e-05
4.32491e-05
4.12867e-05
3.93743e-05
3.75112e-05
3.56967e-05
3.39304e-05
3.22117e-05
3.054e-05
2.89149e-05
2.7336e-05
2.58034e-05
2.43165e-05
2.28751e-05
2.1479e-05
2.0128e-05
1.88218e-05
1.75602e-05
1.6343e-05
1.51702e-05
1.40416e-05
1.2957e-05
1.19164e-05
1.09195e-05
9.96652e-06
9.05728e-06
8.19172e-06
7.36981e-06
6.59148e-06
5.85665e-06
5.16528e-06
4.51736e-06
3.91292e-06
3.35194e-06
2.83439e-06
2.36024e-06
1.92951e-06
1.54226e-06
1.19852e-06
8.98178e-07
6.41162e-07
4.27358e-07
2.56614e-07
1.29146e-07
4.50553e-08
4.78662e-09
0.000287261
0.000280579
0.000273055
0.000265357
0.000257837
0.000250496
0.000243294
0.00023622
0.000229276
0.000222464
0.000215786
0.000209248
0.000202852
0.000196602
0.000190502
0.000184554
0.000178758
0.000173117
0.000167629
0.000162293
0.000157108
0.000152071
0.00014718
0.000142431
0.000137821
0.000133345
0.000129
0.000124782
0.000120685
0.000116706
0.000112841
0.000109085
0.000105434
0.000101885
9.84322e-05
9.50733e-05
9.18045e-05
8.86223e-05
8.55236e-05
8.25052e-05
7.95643e-05
7.66983e-05
7.39045e-05
7.11807e-05
6.85246e-05
6.59342e-05
6.34076e-05
6.0943e-05
5.85387e-05
5.61933e-05
5.39054e-05
5.16736e-05
4.94968e-05
4.73739e-05
4.53038e-05
4.32858e-05
4.13189e-05
3.94023e-05
3.75354e-05
3.57176e-05
3.39484e-05
3.22274e-05
3.05535e-05
2.89259e-05
2.73449e-05
2.58105e-05
2.43222e-05
2.28796e-05
2.14825e-05
2.01306e-05
1.88235e-05
1.75612e-05
1.63434e-05
1.51701e-05
1.40411e-05
1.29561e-05
1.19151e-05
1.0918e-05
9.96483e-06
9.05542e-06
8.18972e-06
7.3677e-06
6.58929e-06
5.8544e-06
5.16299e-06
4.51506e-06
3.9106e-06
3.34963e-06
2.83212e-06
2.35807e-06
1.92745e-06
1.54034e-06
1.19682e-06
8.96767e-07
6.40066e-07
4.26589e-07
2.56151e-07
1.28917e-07
4.49716e-08
4.76799e-09
0.000284308
0.000278004
0.000271007
0.000263843
0.000256769
0.000249786
0.000242874
0.000236036
0.000229281
0.000222619
0.000216059
0.000209612
0.000203286
0.000197087
0.000191023
0.000185097
0.000179315
0.000173678
0.000168188
0.000162844
0.000157647
0.000152595
0.000147686
0.000142917
0.000138285
0.000133787
0.000129419
0.000125178
0.000121058
0.000117057
0.000113169
0.000109392
0.00010572
0.00010215
9.86784e-05
9.53011e-05
9.20148e-05
8.88161e-05
8.57016e-05
8.26685e-05
7.97138e-05
7.68348e-05
7.40289e-05
7.12938e-05
6.86273e-05
6.60271e-05
6.34915e-05
6.10186e-05
5.86067e-05
5.62542e-05
5.39598e-05
5.17221e-05
4.95399e-05
4.7412e-05
4.53375e-05
4.33154e-05
4.13448e-05
3.94248e-05
3.7555e-05
3.57346e-05
3.39629e-05
3.22394e-05
3.05634e-05
2.89344e-05
2.73522e-05
2.58166e-05
2.43271e-05
2.28835e-05
2.14854e-05
2.01326e-05
1.88248e-05
1.75618e-05
1.63435e-05
1.51697e-05
1.40403e-05
1.29551e-05
1.19139e-05
1.09166e-05
9.96322e-06
9.05365e-06
8.18785e-06
7.36573e-06
6.58723e-06
5.85229e-06
5.16086e-06
4.51291e-06
3.90844e-06
3.34745e-06
2.82996e-06
2.35598e-06
1.92548e-06
1.53854e-06
1.19524e-06
8.95461e-07
6.39077e-07
4.25924e-07
2.55773e-07
1.28743e-07
4.4913e-08
4.75323e-09
0.000282314
0.000276116
0.00026945
0.000262667
0.000255922
0.000249212
0.000242526
0.000235873
0.000229269
0.000222728
0.000216265
0.000209891
0.000203621
0.000197464
0.000191429
0.000185523
0.000179751
0.000174118
0.000168626
0.000163277
0.00015807
0.000153006
0.000148083
0.000143298
0.00013865
0.000134134
0.000129749
0.000125489
0.000121351
0.000117332
0.000113427
0.000109633
0.000105944
0.000102359
9.8872e-05
9.54803e-05
9.21802e-05
8.89684e-05
8.58417e-05
8.2797e-05
7.98314e-05
7.69422e-05
7.41269e-05
7.13829e-05
6.87081e-05
6.61003e-05
6.35576e-05
6.10781e-05
5.86602e-05
5.63022e-05
5.40027e-05
5.17603e-05
4.95738e-05
4.74421e-05
4.5364e-05
4.33387e-05
4.13652e-05
3.94427e-05
3.75705e-05
3.57479e-05
3.39742e-05
3.22489e-05
3.05713e-05
2.89411e-05
2.73579e-05
2.58213e-05
2.43309e-05
2.28864e-05
2.14875e-05
2.01341e-05
1.88257e-05
1.75622e-05
1.63434e-05
1.51693e-05
1.40396e-05
1.29541e-05
1.19128e-05
1.09154e-05
9.96182e-06
9.0521e-06
8.18617e-06
7.36397e-06
6.58542e-06
5.85043e-06
5.15896e-06
4.511e-06
3.90652e-06
3.34553e-06
2.82805e-06
2.35409e-06
1.9237e-06
1.53692e-06
1.19384e-06
8.94341e-07
6.38261e-07
4.25396e-07
2.55481e-07
1.28615e-07
4.48773e-08
4.74237e-09
0.000281109
0.000274839
0.000268355
0.000261824
0.000255308
0.000248793
0.000242272
0.000235759
0.000229268
0.000222819
0.000216427
0.00021011
0.000203883
0.000197757
0.000191743
0.000185851
0.000180087
0.000174457
0.000168963
0.000163609
0.000158395
0.000153321
0.000148387
0.00014359
0.000138929
0.0001344
0.00013
0.000125727
0.000121575
0.000117542
0.000113624
0.000109817
0.000106116
0.000102518
9.90196e-05
9.56169e-05
9.23063e-05
8.90846e-05
8.59485e-05
8.2895e-05
7.99211e-05
7.70242e-05
7.42016e-05
7.14508e-05
6.87698e-05
6.61562e-05
6.36081e-05
6.11236e-05
5.87011e-05
5.63388e-05
5.40355e-05
5.17896e-05
4.95998e-05
4.74651e-05
4.53844e-05
4.33566e-05
4.13809e-05
3.94564e-05
3.75824e-05
3.57581e-05
3.3983e-05
3.22563e-05
3.05776e-05
2.89464e-05
2.73623e-05
2.58249e-05
2.43338e-05
2.28886e-05
2.14891e-05
2.01351e-05
1.88262e-05
1.75624e-05
1.63434e-05
1.5169e-05
1.40391e-05
1.29534e-05
1.19118e-05
1.09143e-05
9.96064e-06
9.05079e-06
8.18478e-06
7.36252e-06
6.58391e-06
5.84887e-06
5.15738e-06
4.50946e-06
3.90502e-06
3.34402e-06
2.82648e-06
2.35247e-06
1.92218e-06
1.5356e-06
1.19269e-06
8.93429e-07
6.37633e-07
4.25009e-07
2.55281e-07
1.28536e-07
4.48598e-08
4.73429e-09
0.000280467
0.000274053
0.000267657
0.000261282
0.000254915
0.00024853
0.000242123
0.000235705
0.000229293
0.000222906
0.000216565
0.000210287
0.000204088
0.000197983
0.000191983
0.0001861
0.00018034
0.000174711
0.000169215
0.000163856
0.000158636
0.000153555
0.000148612
0.000143805
0.000139134
0.000134595
0.000130185
0.000125901
0.000121739
0.000117696
0.000113768
0.000109951
0.000106241
0.000102634
9.91272e-05
9.57164e-05
9.23982e-05
8.91692e-05
8.60263e-05
8.29663e-05
7.99864e-05
7.70838e-05
7.42559e-05
7.15003e-05
6.88147e-05
6.61968e-05
6.36448e-05
6.11568e-05
5.87309e-05
5.63656e-05
5.40595e-05
5.1811e-05
4.96189e-05
4.74821e-05
4.53994e-05
4.33698e-05
4.13925e-05
3.94665e-05
3.75912e-05
3.57657e-05
3.39895e-05
3.22618e-05
3.05823e-05
2.89504e-05
2.73656e-05
2.58276e-05
2.43359e-05
2.28903e-05
2.14903e-05
2.01358e-05
1.88267e-05
1.75626e-05
1.63434e-05
1.51688e-05
1.40387e-05
1.29528e-05
1.19111e-05
1.09135e-05
9.95973e-06
9.04981e-06
8.18372e-06
7.3614e-06
6.58276e-06
5.84769e-06
5.15619e-06
4.5083e-06
3.90388e-06
3.34294e-06
2.8254e-06
2.35126e-06
1.92098e-06
1.53454e-06
1.1918e-06
8.92759e-07
6.37183e-07
4.24734e-07
2.55139e-07
1.28486e-07
4.48572e-08
4.72914e-09
0.000280183
0.000273639
0.000267284
0.000261
0.000254721
0.000248414
0.000242076
0.000235715
0.000229351
0.000223002
0.00021669
0.000210433
0.00020425
0.000198156
0.000192163
0.000186283
0.000180524
0.000174893
0.000169394
0.000164031
0.000158805
0.000153717
0.000148767
0.000143954
0.000139275
0.000134729
0.000130311
0.00012602
0.000121851
0.000117801
0.000113865
0.000110042
0.000106325
0.000102712
9.91998e-05
9.57834e-05
9.246e-05
8.92261e-05
8.60786e-05
8.30143e-05
8.00303e-05
7.71239e-05
7.42925e-05
7.15336e-05
6.88449e-05
6.62243e-05
6.36696e-05
6.11791e-05
5.87511e-05
5.63838e-05
5.40757e-05
5.18255e-05
4.96319e-05
4.74936e-05
4.54096e-05
4.33788e-05
4.14004e-05
3.94735e-05
3.75973e-05
3.5771e-05
3.39941e-05
3.22658e-05
3.05857e-05
2.89532e-05
2.7368e-05
2.58295e-05
2.43375e-05
2.28915e-05
2.14912e-05
2.01365e-05
1.88271e-05
1.75629e-05
1.63435e-05
1.51688e-05
1.40385e-05
1.29525e-05
1.19107e-05
1.09129e-05
9.95911e-06
9.04914e-06
8.18301e-06
7.36065e-06
6.58199e-06
5.84685e-06
5.15526e-06
4.50731e-06
3.90293e-06
3.34198e-06
2.82453e-06
2.35073e-06
1.92054e-06
1.53387e-06
1.19108e-06
8.92305e-07
6.36938e-07
4.24567e-07
2.55023e-07
1.28444e-07
4.48688e-08
4.72755e-09
0.000280116
0.000273511
0.00026718
0.00026094
0.000254703
0.000248433
0.000242125
0.00023579
0.000229444
0.000223109
0.000216807
0.000210557
0.000204377
0.000198284
0.000192292
0.00018641
0.000180648
0.000175013
0.00016951
0.000164142
0.000158911
0.000153818
0.000148863
0.000144045
0.000139361
0.000134809
0.000130386
0.00012609
0.000121916
0.000117862
0.000113922
0.000110094
0.000106374
0.000102758
9.92416e-05
9.5822e-05
9.24955e-05
8.92588e-05
8.61085e-05
8.30417e-05
8.00554e-05
7.71468e-05
7.43134e-05
7.15527e-05
6.88623e-05
6.624e-05
6.36839e-05
6.1192e-05
5.87627e-05
5.63943e-05
5.40852e-05
5.1834e-05
4.96395e-05
4.75005e-05
4.54157e-05
4.33843e-05
4.14052e-05
3.94777e-05
3.7601e-05
3.57744e-05
3.3997e-05
3.22683e-05
3.05879e-05
2.89551e-05
2.73696e-05
2.58308e-05
2.43385e-05
2.28923e-05
2.14919e-05
2.0137e-05
1.88276e-05
1.75632e-05
1.63437e-05
1.51688e-05
1.40384e-05
1.29524e-05
1.19105e-05
1.09127e-05
9.95878e-06
9.04877e-06
8.18259e-06
7.36018e-06
6.58148e-06
5.84634e-06
5.15468e-06
4.50668e-06
3.90226e-06
3.34129e-06
2.82387e-06
2.3501e-06
1.91999e-06
1.53357e-06
1.19102e-06
8.92324e-07
6.36929e-07
4.24432e-07
2.54914e-07
1.2843e-07
4.4883e-08
4.72694e-09
0.000280201
0.000273621
0.000267306
0.000261075
0.000254842
0.000248572
0.000242261
0.00023592
0.000229568
0.000223226
0.000216917
0.000210659
0.000204473
0.000198373
0.000192373
0.000186485
0.000180718
0.000175077
0.000169569
0.000164196
0.000158961
0.000153864
0.000148905
0.000144083
0.000139396
0.000134841
0.000130416
0.000126117
0.000121941
0.000117884
0.000113943
0.000110113
0.000106391
0.000102773
9.92559e-05
9.58351e-05
9.25075e-05
8.92697e-05
8.61185e-05
8.30508e-05
8.00638e-05
7.71545e-05
7.43204e-05
7.15592e-05
6.88683e-05
6.62454e-05
6.36887e-05
6.11964e-05
5.87667e-05
5.63981e-05
5.40887e-05
5.18372e-05
4.96424e-05
4.75031e-05
4.54181e-05
4.33865e-05
4.14072e-05
3.94796e-05
3.76027e-05
3.57759e-05
3.39984e-05
3.22696e-05
3.0589e-05
2.89561e-05
2.73705e-05
2.58316e-05
2.43392e-05
2.28929e-05
2.14924e-05
2.01375e-05
1.8828e-05
1.75636e-05
1.6344e-05
1.5169e-05
1.40386e-05
1.29524e-05
1.19105e-05
1.09126e-05
9.95872e-06
9.04867e-06
8.18245e-06
7.35998e-06
6.58119e-06
5.84603e-06
5.15444e-06
4.50647e-06
3.90202e-06
3.34104e-06
2.82364e-06
2.34985e-06
1.91976e-06
1.53346e-06
1.19099e-06
8.92272e-07
6.36901e-07
4.24454e-07
2.54935e-07
1.28439e-07
4.48867e-08
4.72724e-09
0.000280458
0.000273986
0.000267674
0.000261413
0.000255142
0.000248833
0.000242484
0.000236108
0.000229724
0.000223354
0.00021702
0.000210741
0.000204536
0.000198421
0.000192408
0.000186509
0.000180732
0.000175084
0.00016957
0.000164192
0.000158953
0.000153853
0.000148892
0.000144068
0.00013938
0.000134824
0.000130399
0.0001261
0.000121924
0.000117867
0.000113926
0.000110097
0.000106376
0.000102759
9.92423e-05
9.58223e-05
9.24955e-05
8.92586e-05
8.61082e-05
8.30413e-05
8.00551e-05
7.71465e-05
7.43132e-05
7.15526e-05
6.88623e-05
6.62403e-05
6.36843e-05
6.11922e-05
5.8763e-05
5.63948e-05
5.40859e-05
5.18349e-05
4.96405e-05
4.75015e-05
4.54168e-05
4.33854e-05
4.14064e-05
3.94789e-05
3.76022e-05
3.57755e-05
3.39982e-05
3.22695e-05
3.0589e-05
2.89562e-05
2.73707e-05
2.58318e-05
2.43394e-05
2.28931e-05
2.14927e-05
2.01378e-05
1.88283e-05
1.75639e-05
1.63443e-05
1.51693e-05
1.40389e-05
1.29527e-05
1.19107e-05
1.09128e-05
9.95888e-06
9.04881e-06
8.18257e-06
7.36006e-06
6.58124e-06
5.84608e-06
5.15452e-06
4.50658e-06
3.90213e-06
3.34111e-06
2.82366e-06
2.34984e-06
1.91979e-06
1.53354e-06
1.19103e-06
8.92248e-07
6.36913e-07
4.24577e-07
2.5505e-07
1.28467e-07
4.48717e-08
4.72719e-09
0.000280994
0.000274683
0.000268344
0.000261997
0.000255635
0.00024924
0.000242811
0.000236363
0.000229917
0.000223493
0.000217114
0.000210798
0.000204562
0.000198421
0.000192389
0.000186473
0.000180684
0.000175026
0.000169505
0.000164122
0.00015888
0.000153778
0.000148816
0.000143993
0.000139305
0.000134751
0.000130328
0.000126032
0.000121859
0.000117805
0.000113867
0.000110042
0.000106324
0.00010271
9.91963e-05
9.57794e-05
9.24557e-05
8.92217e-05
8.60742e-05
8.30101e-05
8.00264e-05
7.71204e-05
7.42893e-05
7.15308e-05
6.88426e-05
6.62223e-05
6.36681e-05
6.1178e-05
5.87503e-05
5.63834e-05
5.40758e-05
5.1826e-05
4.96327e-05
4.74947e-05
4.54108e-05
4.33801e-05
4.14019e-05
3.94751e-05
3.75991e-05
3.57729e-05
3.3996e-05
3.22677e-05
3.05876e-05
2.89551e-05
2.73698e-05
2.58312e-05
2.4339e-05
2.28928e-05
2.14925e-05
2.01378e-05
1.88284e-05
1.75641e-05
1.63446e-05
1.51697e-05
1.40392e-05
1.29531e-05
1.19111e-05
1.09132e-05
9.95925e-06
9.04919e-06
8.18294e-06
7.36043e-06
6.58161e-06
5.84642e-06
5.15488e-06
4.50695e-06
3.90247e-06
3.34153e-06
2.82402e-06
2.34999e-06
1.91996e-06
1.53379e-06
1.19129e-06
8.9246e-07
6.37055e-07
4.24704e-07
2.5514e-07
1.28494e-07
4.48615e-08
4.72939e-09
0.000281992
0.000275827
0.000269393
0.000262877
0.000256352
0.000249809
0.000243249
0.000236687
0.000230143
0.000223638
0.000217192
0.00021082
0.00020454
0.000198364
0.000192303
0.000186366
0.00018056
0.000174891
0.000169361
0.000163974
0.000158729
0.000153627
0.000148667
0.000143846
0.000139162
0.000134613
0.000130195
0.000125904
0.000121737
0.00011769
0.000113759
0.000109939
0.000106228
0.00010262
9.91127e-05
9.57018e-05
9.23837e-05
8.91552e-05
8.60129e-05
8.29537e-05
7.99747e-05
7.7073e-05
7.42462e-05
7.14916e-05
6.88069e-05
6.61901e-05
6.3639e-05
6.11518e-05
5.87268e-05
5.63624e-05
5.40571e-05
5.18094e-05
4.96182e-05
4.74819e-05
4.53994e-05
4.33702e-05
4.13932e-05
3.94676e-05
3.75926e-05
3.57675e-05
3.39914e-05
3.22639e-05
3.05845e-05
2.89526e-05
2.73677e-05
2.58296e-05
2.43377e-05
2.28919e-05
2.14918e-05
2.01374e-05
1.88282e-05
1.75641e-05
1.63448e-05
1.517e-05
1.40396e-05
1.29535e-05
1.19116e-05
1.09138e-05
9.95986e-06
9.04982e-06
8.18358e-06
7.36107e-06
6.58225e-06
5.84706e-06
5.15546e-06
4.50746e-06
3.90298e-06
3.34198e-06
2.82449e-06
2.35062e-06
1.92055e-06
1.53428e-06
1.19175e-06
8.92866e-07
6.37349e-07
4.24893e-07
2.55245e-07
1.28527e-07
4.48557e-08
4.73325e-09
0.000283689
0.000277561
0.00027091
0.000264108
0.000257323
0.000250556
0.000243803
0.000237078
0.000230398
0.000223781
0.000217242
0.000210796
0.000204456
0.000198233
0.000192136
0.000186172
0.000180347
0.000174664
0.000169126
0.000163734
0.000158489
0.000153389
0.000148432
0.000143617
0.000138941
0.0001344
0.000129991
0.000125709
0.000121552
0.000117515
0.000113594
0.000109784
0.000106083
0.000102485
9.89866e-05
9.55846e-05
9.22752e-05
8.90549e-05
8.59205e-05
8.28688e-05
7.98968e-05
7.70018e-05
7.41812e-05
7.14325e-05
6.87533e-05
6.61415e-05
6.35952e-05
6.11124e-05
5.86914e-05
5.63307e-05
5.40287e-05
5.17842e-05
4.9596e-05
4.74623e-05
4.5382e-05
4.33548e-05
4.13799e-05
3.94561e-05
3.75827e-05
3.57588e-05
3.39841e-05
3.22579e-05
3.05796e-05
2.89485e-05
2.73643e-05
2.58268e-05
2.43355e-05
2.28902e-05
2.14907e-05
2.01366e-05
1.88278e-05
1.75639e-05
1.63448e-05
1.51702e-05
1.404e-05
1.2954e-05
1.19123e-05
1.09145e-05
9.96067e-06
9.05069e-06
8.18449e-06
7.36202e-06
6.58321e-06
5.84802e-06
5.15642e-06
4.50835e-06
3.90377e-06
3.34273e-06
2.82528e-06
2.35146e-06
1.92139e-06
1.53506e-06
1.19246e-06
8.93428e-07
6.3775e-07
4.25148e-07
2.55377e-07
1.28573e-07
4.48596e-08
4.73949e-09
0.00028633
0.000280021
0.000272972
0.000265732
0.000258567
0.000251486
0.000244471
0.000237527
0.000230668
0.000223905
0.000217249
0.000210709
0.000204295
0.000198015
0.000191874
0.000185878
0.000180029
0.000174332
0.000168785
0.00016339
0.000158146
0.00015305
0.000148101
0.000143295
0.00013863
0.000134101
0.000129705
0.000125438
0.000121295
0.000117272
0.000113365
0.00010957
0.000105882
0.000102298
9.88125e-05
9.54231e-05
9.21258e-05
8.8917e-05
8.57934e-05
8.27521e-05
7.97898e-05
7.6904e-05
7.4092e-05
7.13513e-05
6.86796e-05
6.60748e-05
6.3535e-05
6.10582e-05
5.86428e-05
5.62871e-05
5.39898e-05
5.17495e-05
4.95648e-05
4.74347e-05
4.53581e-05
4.3334e-05
4.13617e-05
3.94403e-05
3.7569e-05
3.5747e-05
3.3974e-05
3.22494e-05
3.05725e-05
2.89426e-05
2.73595e-05
2.58229e-05
2.43325e-05
2.28879e-05
2.1489e-05
2.01355e-05
1.8827e-05
1.75635e-05
1.63447e-05
1.51704e-05
1.40405e-05
1.29548e-05
1.19131e-05
1.09155e-05
9.9617e-06
9.0518e-06
8.1857e-06
7.36329e-06
6.5845e-06
5.84932e-06
5.15772e-06
4.50962e-06
3.90502e-06
3.34395e-06
2.82649e-06
2.35266e-06
1.9225e-06
1.53606e-06
1.19334e-06
8.94134e-07
6.38251e-07
4.2547e-07
2.55552e-07
1.28646e-07
4.48779e-08
4.74865e-09
0.00029008
0.000283279
0.000275606
0.000267751
0.000260075
0.000252581
0.00024523
0.000238013
0.000230931
0.000223989
0.00021719
0.000210537
0.000204034
0.000197686
0.000191495
0.000185462
0.000179588
0.000173875
0.000168321
0.000162925
0.000157684
0.000152596
0.000147659
0.000142867
0.000138218
0.000133706
0.000129329
0.00012508
0.000120957
0.000116953
0.000113065
0.000109289
0.000105619
0.000102053
9.85851e-05
9.52122e-05
9.19307e-05
8.87371e-05
8.56279e-05
8.26e-05
7.96506e-05
7.67768e-05
7.3976e-05
7.12458e-05
6.85839e-05
6.59882e-05
6.34568e-05
6.09878e-05
5.85796e-05
5.62305e-05
5.39393e-05
5.17045e-05
4.95249e-05
4.73994e-05
4.5327e-05
4.33069e-05
4.13381e-05
3.94196e-05
3.7551e-05
3.57317e-05
3.39611e-05
3.22384e-05
3.05631e-05
2.89348e-05
2.73532e-05
2.58178e-05
2.43285e-05
2.28849e-05
2.14868e-05
2.01339e-05
1.88261e-05
1.75631e-05
1.63447e-05
1.51708e-05
1.40411e-05
1.29556e-05
1.19141e-05
1.09167e-05
9.96306e-06
9.05327e-06
8.18724e-06
7.3649e-06
6.58616e-06
5.851e-06
5.15939e-06
4.51129e-06
3.90668e-06
3.34559e-06
2.82809e-06
2.3542e-06
1.92393e-06
1.53732e-06
1.19441e-06
8.94984e-07
6.38876e-07
4.25885e-07
2.55789e-07
1.28753e-07
4.49113e-08
4.7604e-09
0.000294925
0.000287279
0.000278746
0.000270103
0.000261788
0.000253788
0.000246032
0.000238489
0.000231146
0.000223996
0.000217031
0.000210248
0.000203645
0.000197221
0.000190973
0.0001849
0.000179001
0.000173273
0.000167713
0.000162319
0.000157086
0.000152011
0.00014709
0.000142318
0.00013769
0.000133202
0.000128849
0.000124625
0.000120527
0.000116548
0.000112685
0.000108933
0.000105287
0.000101744
9.8298e-05
9.49463e-05
9.1685e-05
8.85105e-05
8.54195e-05
8.24089e-05
7.94756e-05
7.66169e-05
7.38303e-05
7.11134e-05
6.84638e-05
6.58796e-05
6.33588e-05
6.08996e-05
5.85005e-05
5.61597e-05
5.38761e-05
5.16483e-05
4.94751e-05
4.73554e-05
4.52883e-05
4.32729e-05
4.13084e-05
3.93939e-05
3.75288e-05
3.57126e-05
3.39447e-05
3.22245e-05
3.05514e-05
2.89251e-05
2.73452e-05
2.58114e-05
2.43234e-05
2.2881e-05
2.1484e-05
2.0132e-05
1.88249e-05
1.75625e-05
1.63447e-05
1.51711e-05
1.40418e-05
1.29566e-05
1.19154e-05
1.09181e-05
9.96471e-06
9.05505e-06
8.18912e-06
7.36685e-06
6.58817e-06
5.85304e-06
5.16143e-06
4.51332e-06
3.9087e-06
3.34758e-06
2.83003e-06
2.35605e-06
1.92563e-06
1.53884e-06
1.19569e-06
8.96004e-07
6.39637e-07
4.26396e-07
2.56082e-07
1.28896e-07
4.4969e-08
4.77677e-09
0.000300574
0.000291764
0.00028218
0.000272622
0.000263575
0.000255001
0.00024679
0.000238884
0.000231252
0.000223871
0.000216724
0.0002098
0.000203088
0.000196582
0.000190275
0.000184162
0.000178238
0.000172498
0.000166937
0.000161549
0.00015633
0.000151274
0.000146376
0.00014163
0.000137031
0.000132574
0.000128252
0.00012406
0.000119993
0.000116047
0.000112215
0.000108494
0.000104877
0.000101362
9.79443e-05
9.4619e-05
9.13828e-05
8.82322e-05
8.51637e-05
8.21743e-05
7.9261e-05
7.64211e-05
7.3652e-05
7.09514e-05
6.8317e-05
6.57469e-05
6.32391e-05
6.0792e-05
5.84039e-05
5.60734e-05
5.37991e-05
5.15798e-05
4.94144e-05
4.73018e-05
4.52412e-05
4.32316e-05
4.12723e-05
3.93626e-05
3.75018e-05
3.56894e-05
3.39248e-05
3.22076e-05
3.05373e-05
2.89134e-05
2.73356e-05
2.58037e-05
2.43173e-05
2.28763e-05
2.14805e-05
2.01295e-05
1.88233e-05
1.75617e-05
1.63445e-05
1.51715e-05
1.40426e-05
1.29577e-05
1.19168e-05
1.09198e-05
9.9666e-06
9.05711e-06
8.19129e-06
7.3691e-06
6.59049e-06
5.8554e-06
5.1638e-06
4.51568e-06
3.91103e-06
3.34986e-06
2.83223e-06
2.35812e-06
1.92755e-06
1.54056e-06
1.19716e-06
8.9719e-07
6.40529e-07
4.27009e-07
2.5645e-07
1.29083e-07
4.50472e-08
4.79641e-09
0.000306399
0.000296238
0.00028553
0.000275026
0.000265223
0.000256056
0.000247374
0.000239091
0.000231158
0.000223538
0.000216203
0.000209133
0.00020231
0.000195722
0.000189357
0.000183207
0.000177263
0.000171516
0.00016596
0.000160586
0.000155388
0.00015036
0.000145493
0.000140783
0.000136221
0.000131802
0.00012752
0.000123369
0.000119343
0.000115436
0.000111643
0.000107959
0.00010438
0.0001009
9.7516e-05
9.42231e-05
9.10176e-05
8.78961e-05
8.48551e-05
8.18916e-05
7.90026e-05
7.61854e-05
7.34376e-05
7.07567e-05
6.81407e-05
6.55876e-05
6.30956e-05
6.0663e-05
5.82882e-05
5.597e-05
5.37069e-05
5.14979e-05
4.93419e-05
4.72378e-05
4.51849e-05
4.31823e-05
4.12293e-05
3.93253e-05
3.74696e-05
3.56618e-05
3.39012e-05
3.21876e-05
3.05205e-05
2.88995e-05
2.73242e-05
2.57945e-05
2.431e-05
2.28707e-05
2.14763e-05
2.01266e-05
1.88214e-05
1.75607e-05
1.63442e-05
1.51718e-05
1.40434e-05
1.2959e-05
1.19185e-05
1.09217e-05
9.96872e-06
9.05942e-06
8.19369e-06
7.37156e-06
6.59297e-06
5.85793e-06
5.16637e-06
4.51823e-06
3.91353e-06
3.35231e-06
2.83459e-06
2.36035e-06
1.92961e-06
1.54243e-06
1.19878e-06
8.98508e-07
6.4154e-07
4.2772e-07
2.56886e-07
1.29315e-07
4.5145e-08
4.81875e-09
0.000311456
0.000299991
0.000288267
0.000276926
0.000266444
0.000256733
0.000247612
0.000238973
0.000230752
0.000222901
0.000215384
0.000208172
0.000201244
0.00019458
0.000188165
0.000181985
0.000176029
0.000170285
0.000164743
0.000159394
0.000154229
0.000149238
0.000144415
0.00013975
0.000135237
0.000130868
0.000126636
0.000122535
0.000118559
0.000114701
0.000110956
0.000107319
0.000103784
0.000100348
9.70044e-05
9.37507e-05
9.05823e-05
8.74959e-05
8.44881e-05
8.15557e-05
7.86958e-05
7.59059e-05
7.31835e-05
7.05263e-05
6.79322e-05
6.53994e-05
6.29261e-05
6.05107e-05
5.81518e-05
5.58481e-05
5.35984e-05
5.14015e-05
4.92566e-05
4.71626e-05
4.51188e-05
4.31244e-05
4.11789e-05
3.92815e-05
3.74318e-05
3.56293e-05
3.38736e-05
3.21642e-05
3.05008e-05
2.88831e-05
2.73108e-05
2.57837e-05
2.43015e-05
2.28641e-05
2.14713e-05
2.0123e-05
1.88191e-05
1.75594e-05
1.63437e-05
1.5172e-05
1.40442e-05
1.29603e-05
1.19202e-05
1.09237e-05
9.97092e-06
9.0618e-06
8.19623e-06
7.37417e-06
6.59559e-06
5.86058e-06
5.1691e-06
4.52093e-06
3.91605e-06
3.35474e-06
2.837e-06
2.36269e-06
1.93178e-06
1.54435e-06
1.20044e-06
8.9989e-07
6.42623e-07
4.28497e-07
2.5738e-07
1.29584e-07
4.52597e-08
4.84353e-09
0.000314587
0.000302198
0.0002898
0.000277898
0.000266929
0.000256798
0.000247318
0.000238376
0.000229902
0.000221846
0.000214167
0.000206831
0.000199812
0.000193086
0.000186635
0.00018044
0.000174486
0.000168759
0.000163246
0.000157936
0.000152817
0.000147879
0.000143112
0.000138507
0.000134055
0.000129748
0.00012558
0.000121541
0.000117626
0.000113828
0.000110142
0.000106561
0.00010308
9.96954e-05
9.64016e-05
9.31947e-05
9.00707e-05
8.70262e-05
8.40577e-05
8.11622e-05
7.83369e-05
7.55792e-05
7.28868e-05
7.02574e-05
6.76892e-05
6.51802e-05
6.27289e-05
6.03338e-05
5.79935e-05
5.57068e-05
5.34726e-05
5.12899e-05
4.91578e-05
4.70755e-05
4.50424e-05
4.30576e-05
4.11207e-05
3.92311e-05
3.73883e-05
3.5592e-05
3.38417e-05
3.21372e-05
3.04782e-05
2.88643e-05
2.72954e-05
2.57712e-05
2.42916e-05
2.28564e-05
2.14655e-05
2.01189e-05
1.88163e-05
1.75577e-05
1.6343e-05
1.51721e-05
1.40449e-05
1.29615e-05
1.19218e-05
1.09257e-05
9.9732e-06
9.06424e-06
8.19878e-06
7.3768e-06
6.5983e-06
5.86329e-06
5.17181e-06
4.52359e-06
3.9186e-06
3.35722e-06
2.8394e-06
2.36496e-06
1.93389e-06
1.54625e-06
1.2021e-06
9.01282e-07
6.43732e-07
4.29313e-07
2.57908e-07
1.29876e-07
4.53832e-08
4.86909e-09
0.000314688
0.000302142
0.000289644
0.000277613
0.000266441
0.000256065
0.000246338
0.000237167
0.000228493
0.000220271
0.000212461
0.000205027
0.000197941
0.000191176
0.000184709
0.000178519
0.000172587
0.000166897
0.000161432
0.00015618
0.000151125
0.000146257
0.000141563
0.000137034
0.00013266
0.000128431
0.000124339
0.000120376
0.000116535
0.00011281
0.000109193
0.000105679
0.000102263
9.89394e-05
9.57039e-05
9.25521e-05
8.94803e-05
8.64848e-05
8.35624e-05
8.071e-05
7.79249e-05
7.52047e-05
7.25471e-05
6.995e-05
6.74116e-05
6.49302e-05
6.25043e-05
6.01325e-05
5.78135e-05
5.55463e-05
5.33299e-05
5.11634e-05
4.90461e-05
4.69772e-05
4.49561e-05
4.29822e-05
4.10551e-05
3.91743e-05
3.73394e-05
3.55501e-05
3.38061e-05
3.21071e-05
3.04529e-05
2.88433e-05
2.72782e-05
2.57573e-05
2.42805e-05
2.28478e-05
2.14591e-05
2.01142e-05
1.88131e-05
1.75557e-05
1.6342e-05
1.5172e-05
1.40456e-05
1.29627e-05
1.19234e-05
1.09277e-05
9.97551e-06
9.06676e-06
8.20141e-06
7.37946e-06
6.60097e-06
5.86594e-06
5.17432e-06
4.52605e-06
3.92114e-06
3.35969e-06
2.84169e-06
2.36706e-06
1.93582e-06
1.54802e-06
1.20366e-06
9.02596e-07
6.44785e-07
4.30085e-07
2.58409e-07
1.30156e-07
4.55082e-08
4.89532e-09
0.00031142
0.000299814
0.000287788
0.000275979
0.000264819
0.000254328
0.000244434
0.000235091
0.000226266
0.00021792
0.000210018
0.000202526
0.00019541
0.000188642
0.000182195
0.000176045
0.000170169
0.000164548
0.000159163
0.000153998
0.000149037
0.000144266
0.000139672
0.000135244
0.00013097
0.000126841
0.000122848
0.000118981
0.000115233
0.000111597
0.000108067
0.000104635
0.000101298
9.80488e-05
9.48839e-05
9.17987e-05
8.87896e-05
8.58529e-05
8.29854e-05
8.01844e-05
7.74472e-05
7.47714e-05
7.21549e-05
6.95959e-05
6.70927e-05
6.46436e-05
6.22474e-05
5.99028e-05
5.76088e-05
5.53646e-05
5.31694e-05
5.10217e-05
4.89212e-05
4.68676e-05
4.48603e-05
4.28989e-05
4.09829e-05
3.91118e-05
3.72854e-05
3.55039e-05
3.37668e-05
3.2074e-05
3.04253e-05
2.88204e-05
2.72595e-05
2.57422e-05
2.42686e-05
2.28386e-05
2.14521e-05
2.01092e-05
1.88097e-05
1.75537e-05
1.63412e-05
1.5172e-05
1.40463e-05
1.2964e-05
1.19252e-05
1.09299e-05
9.97797e-06
9.06936e-06
8.20404e-06
7.3821e-06
6.60362e-06
5.86856e-06
5.17685e-06
4.52848e-06
3.92349e-06
3.36192e-06
2.84376e-06
2.36897e-06
1.93758e-06
1.54961e-06
1.20505e-06
9.0379e-07
6.45753e-07
4.3078e-07
2.58837e-07
1.30396e-07
4.56198e-08
4.91993e-09
0.000306945
0.000297566
0.000285389
0.000273255
0.000261807
0.00025103
0.000240877
0.000231326
0.00022235
0.000213909
0.000205961
0.000198464
0.000191381
0.000184677
0.000178318
0.000172276
0.000166525
0.000161041
0.000155802
0.000150789
0.000145985
0.000141372
0.000136937
0.000132667
0.000128548
0.000124571
0.000120725
0.000117001
0.00011339
0.000109886
0.000106481
0.00010317
9.99459e-05
9.68043e-05
9.37407e-05
9.07507e-05
8.78308e-05
8.49775e-05
8.21879e-05
7.94593e-05
7.67894e-05
7.41759e-05
7.1617e-05
6.91111e-05
6.66567e-05
6.42524e-05
6.18972e-05
5.95901e-05
5.73302e-05
5.51166e-05
5.29488e-05
5.08268e-05
4.87499e-05
4.67175e-05
4.47292e-05
4.27847e-05
4.0884e-05
3.90271e-05
3.72136e-05
3.54431e-05
3.37156e-05
3.20312e-05
3.03897e-05
2.87913e-05
2.72358e-05
2.57233e-05
2.42537e-05
2.28272e-05
2.14437e-05
2.01032e-05
1.88059e-05
1.75516e-05
1.63404e-05
1.51725e-05
1.40476e-05
1.2966e-05
1.19277e-05
1.09328e-05
9.9811e-06
9.0726e-06
8.20735e-06
7.3854e-06
6.60682e-06
5.87162e-06
5.17978e-06
4.53127e-06
3.92612e-06
3.36432e-06
2.84588e-06
2.37088e-06
1.93936e-06
1.55126e-06
1.20645e-06
9.04953e-07
6.46717e-07
4.31428e-07
2.59234e-07
1.30636e-07
4.57106e-08
4.93984e-09
)
;

boundaryField
{
    inlet
    {
        type            calculated;
        value           nonuniform List<scalar> 
30
(
0.00387322
0.00387424
0.00389203
0.00392582
0.0039735
0.00403169
0.00409607
0.00416213
0.00422563
0.00428299
0.00433155
0.00436955
0.00439619
0.00441142
0.00441587
0.00441056
0.00439547
0.00436968
0.00433274
0.00428484
0.00422695
0.00416095
0.00408965
0.0040167
0.00394642
0.00388337
0.00383188
0.00379536
0.00377591
0.00377423
)
;
    }
    outlet
    {
        type            calculated;
        value           uniform 0;
    }
    top
    {
        type            calculated;
        value           nonuniform List<scalar> 
135
(
0.00377423
0.00376804
0.00376006
0.00375276
0.00374472
0.003723
0.00369139
0.00363278
0.0035509
0.00344781
0.00332503
0.00318383
0.00302534
0.00285141
0.00266461
0.00246652
0.00226156
0.00205342
0.00184644
0.00164531
0.0014544
0.00127735
0.00111679
0.000974039
0.000849128
0.000741052
0.000649886
0.000572911
0.000508436
0.000454868
0.000410713
0.000374701
0.000345527
0.0003222
0.000307636
0.000306945
0.000297566
0.000285389
0.000273255
0.000261807
0.00025103
0.000240877
0.000231326
0.00022235
0.000213909
0.000205961
0.000198464
0.000191381
0.000184677
0.000178318
0.000172276
0.000166525
0.000161041
0.000155802
0.000150789
0.000145985
0.000141372
0.000136937
0.000132667
0.000128548
0.000124571
0.000120725
0.000117001
0.00011339
0.000109886
0.000106481
0.00010317
9.99459e-05
9.68043e-05
9.37407e-05
9.07507e-05
8.78308e-05
8.49775e-05
8.21879e-05
7.94593e-05
7.67894e-05
7.41759e-05
7.1617e-05
6.91111e-05
6.66567e-05
6.42524e-05
6.18972e-05
5.95901e-05
5.73302e-05
5.51166e-05
5.29488e-05
5.08268e-05
4.87499e-05
4.67175e-05
4.47292e-05
4.27847e-05
4.0884e-05
3.90271e-05
3.72136e-05
3.54431e-05
3.37156e-05
3.20312e-05
3.03897e-05
2.87913e-05
2.72358e-05
2.57233e-05
2.42537e-05
2.28272e-05
2.14437e-05
2.01032e-05
1.88059e-05
1.75516e-05
1.63404e-05
1.51725e-05
1.40476e-05
1.2966e-05
1.19277e-05
1.09328e-05
9.9811e-06
9.0726e-06
8.20735e-06
7.3854e-06
6.60682e-06
5.87162e-06
5.17978e-06
4.53127e-06
3.92612e-06
3.36432e-06
2.84588e-06
2.37088e-06
1.93936e-06
1.55126e-06
1.20645e-06
9.04953e-07
6.46717e-07
4.31428e-07
2.59234e-07
1.30636e-07
4.57106e-08
4.93984e-09
)
;
    }
    bottom
    {
        type            calculated;
        value           nonuniform List<scalar> 
135
(
0.00387322
0.0038676
0.00386051
0.00385423
0.00384707
0.00382132
0.00379252
0.00373746
0.00365919
0.00355915
0.00343838
0.00329729
0.00313625
0.00295681
0.0027614
0.00255215
0.00233432
0.00211256
0.00189228
0.00167889
0.00147726
0.00129129
0.00112366
0.00097564
0.00084709
0.000736785
0.000644573
0.000567402
0.000503242
0.000450243
0.000406635
0.000370942
0.000341785
0.000318179
0.000303035
0.000299738
0.000290754
0.000279153
0.000267612
0.00025672
0.00024645
0.000236752
0.000227609
0.000218995
0.000210877
0.000203217
0.000195978
0.000189126
0.000182629
0.000176457
0.000170584
0.000164986
0.00015964
0.000154526
0.000149627
0.000144926
0.000140408
0.000136059
0.000131866
0.000127819
0.000123907
0.00012012
0.00011645
0.000112888
0.000109429
0.000106065
0.00010279
9.95998e-05
9.64888e-05
9.34529e-05
9.04882e-05
8.75912e-05
8.47588e-05
8.19881e-05
7.92767e-05
7.66223e-05
7.40231e-05
7.14771e-05
6.89829e-05
6.65391e-05
6.41446e-05
6.17982e-05
5.94991e-05
5.72466e-05
5.50397e-05
5.2878e-05
5.07617e-05
4.869e-05
4.66624e-05
4.46786e-05
4.27382e-05
4.08413e-05
3.89879e-05
3.71776e-05
3.54101e-05
3.36854e-05
3.20036e-05
3.03646e-05
2.87685e-05
2.72152e-05
2.57048e-05
2.42372e-05
2.28124e-05
2.14305e-05
2.00915e-05
1.87956e-05
1.75427e-05
1.63329e-05
1.51661e-05
1.40425e-05
1.2962e-05
1.19246e-05
1.09304e-05
9.97938e-06
9.07159e-06
8.20705e-06
7.38579e-06
6.60781e-06
5.87309e-06
5.18161e-06
4.53344e-06
3.9286e-06
3.36708e-06
2.84888e-06
2.37388e-06
1.94205e-06
1.55338e-06
1.20794e-06
9.06083e-07
6.47705e-07
4.32317e-07
2.5986e-07
1.30955e-07
4.58249e-08
4.95233e-09
)
;
    }
    obstacle
    {
        type            calculated;
        value           nonuniform List<scalar> 
120
(
0.0272986
0.0252996
0.0230298
0.0207219
0.0184204
0.016125
0.013887
0.0117556
0.00977117
0.00796511
0.0063576
0.00495746
0.00376486
0.00277484
0.0019808
0.00137765
0.000963938
0.000742994
0.000722072
0.000910572
0.00131736
0.00194705
0.0027956
0.00384837
0.00507922
0.00645064
0.00791588
0.00946278
0.011049
0.0124807
0.0141933
0.0161343
0.0184928
0.021279
0.024544
0.0284375
0.0331417
0.0388367
0.0456415
0.0535464
0.0622922
0.0712987
0.0796963
0.0864397
0.0902116
0.0902469
0.0865411
0.0798515
0.0714927
0.0625115
0.0537799
0.0458817
0.0390795
0.0333844
0.0286779
0.0247794
0.0215061
0.0187085
0.0163382
0.0143939
0.0280775
0.0260439
0.0237073
0.0213142
0.0189241
0.0165446
0.0142302
0.0120322
0.00999161
0.00813998
0.00649686
0.00507011
0.00385879
0.00285684
0.00205675
0.00145266
0.00104261
0.000829663
0.000820887
0.00102545
0.00145186
0.002104
0.00297652
0.00405285
0.00530424
0.00669028
0.00816158
0.00970462
0.0112758
0.0126902
0.0295323
0.0319331
0.0345961
0.0374565
0.040482
0.0437856
0.0475262
0.0518741
0.0569665
0.0628408
0.0693541
0.0761039
0.0824491
0.0875954
0.0905274
0.0906397
0.0879172
0.0829393
0.0767155
0.0700454
0.0635754
0.0577166
0.0526214
0.0482622
0.0445108
0.041204
0.0381878
0.0353503
0.0327067
0.0303203
)
;
    }
    frontAndBack
    {
        type            empty;
    }
}


// ************************************************************************* //
