/*--------------------------------*- C++ -*----------------------------------*\
  =========                 |
  \\      /  F ield         | OpenFOAM: The Open Source CFD Toolbox
   \\    /   O peration     | Website:  https://openfoam.org
    \\  /    A nd           | Version:  12
     \\/     M anipulation  |
\*---------------------------------------------------------------------------*/
FoamFile
{
    format      ascii;
    class       volScalarField;
    location    "0";
    object      thickness;
}
// * * * * * * * * * * * * * * * * * * * * * * * * * * * * * * * * * * * * * //

dimensions      [];

internalField   uniform 0;

boundaryField
{
    fixedWalls
    {
        type            fixedValue;
        value           nonuniform List<scalar> 0();
    }
    front
    {
        type            fixedValue;
        value           uniform 0;
    }
    back
    {
        type            fixedValue;
        value           uniform 0;
    }
    elbowWall
    {
        type            fixedValue;
        value           nonuniform List<scalar> 
1040
(
0
0
0
0
0.879142
0.879142
0.879142
0.879142
0.879142
0.879142
0.879142
0.879142
0.879142
0.879142
0.879142
0.879142
0.879142
0.879142
0.879142
0.879142
0.879142
0.879142
0.879142
0.879142
0.879142
0.879142
0.879142
0.879142
0.879142
0.879142
0.879142
0.879142
0.879142
0.879142
0.879142
0.879142
0.879142
0.879142
0.879142
0.879142
0.879142
0.879142
0.879142
0.879142
0.879142
0.879141
0.87914
0.879142
0.879142
0.879142
0.879142
0.879142
0.879142
0.879142
0.879142
0.879142
0.869112
0.879142
0.879142
0.879138
0.879137
0.87914
0.879142
0.879141
0.879142
0.879142
0.87914
0.879142
0.879142
0.879142
0.879142
0.879142
0.87914
0.879141
0.879142
0.87914
0.879142
0.879135
0.879141
0.879138
0.879136
0.879131
0.879139
0.87914
0.879142
0.879142
0.879142
0.879142
0.879142
0.879142
0.879142
0.711264
0.205595
0.879142
0.879142
0.879142
0.879142
0.879142
0.879142
0.879142
0.879142
0.879142
0.879142
0.879142
0.879142
0.879142
0.879142
0.879142
0.879142
0.879142
0.879142
0.879142
0.879142
0.879142
0.879142
0.879142
0.879142
0.879142
0.879142
0.879142
0.879142
0.879142
0.879142
0.879142
0.879142
0.879142
0.879142
0.879142
0.879142
0.879142
0.879142
0.879142
0.879142
0.879142
0.879142
0.879142
0.879142
0.879142
0.879142
0.879142
0.879142
0.879142
0.879142
0.879142
0.879142
0.879142
0.879142
0.879142
0.879142
0.879142
0.879142
0.879142
0.879142
0.879142
0.879142
0.879142
0.879142
0.879142
0.879142
0.879142
0.879142
0.879142
0.879142
0.879142
0.879142
0.879142
0.879142
0.879142
0.879142
0.879142
0.879142
0.879142
0.879142
0.879142
0.879142
0.879142
0.879142
0.879142
0.879142
0.879142
0.879142
0.879142
0.879142
0.879142
0.879142
0.879142
0.879142
0.879142
0.879142
0.879142
0.879142
0.879142
0.879142
0.879142
0.879142
0.879142
0.879142
0.879142
0.879142
0.879142
0.879142
0.879142
0.879142
0.879142
0.879142
0.879142
0.879142
0.879142
0.879142
0.879142
0.879142
0.879142
0.879142
0.879142
0.879142
0.879141
0.879142
0.879141
0.879137
0.87914
0.879137
0.879133
0.879133
0.879133
0.879139
0.879137
0.879139
0.87914
0.879142
0.879142
0.879138
0.879138
0.879138
0.879138
0.879137
0.879138
0.87914
0.879142
0.879142
0.87914
0.879138
0.87914
0.879138
0.87914
0.87914
0.879142
0.879142
0.879142
0.879141
0.879142
0.879142
0.879142
0.879142
0.879142
0.879142
0.879142
0.879142
0.879142
0.879142
0.879142
0.879142
0.879142
0.879141
0.879141
0.87914
0.879141
0.879142
0.879142
0.879141
0.879142
0.879142
0.879142
0.879142
0.879142
0.879142
0.879142
0.879142
0.879142
0.87914
0.879142
0.879142
0.879142
0.879142
0.879142
0.879142
0.879142
0.879142
0.879141
0.879141
0.879142
0.879142
0.879142
0.879142
0.879142
0.879142
0.879139
0.879141
0.879139
0.879131
0.879136
0.879131
0.879136
0.879131
0.879136
0.87914
0.879139
0.879139
0.87914
0.879139
0.879141
0.87914
0.879141
0.879142
0.879141
0.879142
0.879142
0.879142
0.879142
0.879142
0.879142
0.879142
0.879142
0.879142
0.879142
0.879142
0.879142
0.879142
0.879142
0.879142
0.879142
0.879142
0.879142
0.879142
0.879142
0.879142
0.879142
0.879142
0.879142
0.879142
0.879142
0.879142
0.879142
0.879142
0.879142
0.879142
0.879142
0.879142
0.879142
0.879142
0.879142
0.879142
0.879142
0.879142
0.879142
0.879142
0.879142
0.879142
0.879142
0.879142
0.879142
0.879142
0.879142
0.879142
0.879142
0.879142
0.879142
0.879142
0.879142
0.879142
0.879142
0.879142
0.879142
0.879142
0.879142
0.879142
0.879142
0.879142
0.879142
0.879142
0.879142
0.879142
0.879142
0.879142
0.879142
0.879142
0.879142
0.879142
0.879142
0.879142
0.879142
0.879142
0.879142
0.879142
0.879142
0.879142
0.879142
0.879142
0.879142
0.879142
0.879142
0.879142
0.879142
0.879142
0.879142
0.879142
0.879142
0.879142
0.879142
0.879142
0.879142
0.879142
0.879142
0.879142
0.879142
0.879142
0.879142
0.879142
0.879142
0.879142
0.879142
0.879142
0.879142
0.879142
0.879142
0.879142
0.879142
0.879142
0.879142
0.879142
0.879142
0.879142
0.879142
0.879142
0.879142
0.879142
0.879142
0.879142
0.879142
0.879142
0.879142
0.879142
0.879142
0.211475
0.879142
0.879142
0.879142
0.879142
0.879142
0.879142
0.879142
0.879142
0.577207
0.470438
0.429806
0.771123
0.850937
0.852244
0.766301
0.850937
0.852244
0.879142
0.879142
0.879142
0.879142
0.879142
0.879142
0.879138
0.879141
0.879142
0.879142
0.879142
0.879142
0.205595
0.56053
0.879142
0.879142
0.879142
0.879142
0.879142
0.879142
0.879142
0.879142
0.879142
0.879142
0.879142
0.879142
0.879142
0.879142
0.879142
0.879142
0.879142
0.879142
0.879142
0.879142
0.879142
0.879142
0.879142
0.879142
0.879142
0.879142
0.879142
0.879142
0.879142
0.879142
0.879142
0.879142
0.879142
0.879142
0.879142
0.879142
0.879142
0.879142
0.879142
0.879142
0.879142
0.879142
0.87914
0.879133
0.879137
0.87914
0.879138
0.87914
0.87914
0.879142
0.879142
0.879142
0.879142
0.879142
0.879142
0.879142
0.879141
0.87914
0.879142
0.879142
0.879142
0.879141
0.879141
0.879141
0.879142
0.879142
0.879142
0.879139
0.879139
0.879132
0.879135
0.87914
0.879139
0.87914
0.879141
0.879141
0.879142
0.879142
0.879142
0.879142
0.879142
0.879142
0.879142
0.879142
0.879142
0.879142
0.879142
0.879142
0.879142
0.879142
0.879142
0.879142
0.879142
0.879142
0.879142
0.879142
0.879142
0.879142
0.879142
0.879142
0.879142
0.879142
0.879142
0.879142
0.879142
0.879142
0.879142
0.879142
0.879142
0.879142
0.879142
0.879142
0.879142
0.879142
0.879142
0.879142
0.879142
0.879142
0.879142
0.879142
0.879142
0.879142
0.879142
0.879142
0.879142
0.879142
0.879142
0.879142
0.879142
0.879142
0.879142
0.879142
0.879142
0.879142
0.879142
0.879142
0.879142
0.879142
0.879142
0.879142
0.879142
0.879142
0.879142
0.879142
0.879142
0.879142
0.879142
0.879142
0.879142
0.879142
0.879142
0.879142
0.879142
0.879142
0.879142
0.879142
0.879142
0.879142
0.879142
0.879142
0.879142
0.879142
0.879142
0.879142
0.879142
0.879142
0.879142
0.879142
0.879142
0.879142
0.879142
0.879142
0.879142
0.879142
0.879142
0.879142
0.879142
0.879142
0.879142
0.879142
0.879142
0.879142
0.879142
0.879142
0.879142
0.879142
0.879142
0.879142
0.879142
0.879142
0.879142
0.879142
0.879142
0.879142
0.879142
0.879142
0.879142
0.879142
0.879142
0.879142
0.879142
0.879142
0.879142
0.879142
0.879142
0.879142
0.879142
0.879142
0.879142
0.879142
0.879142
0.879142
0.879142
0.879142
0.879142
0.879142
0.879142
0.879142
0.879142
0.879142
0.879142
0.879142
0.879142
0.879142
0.879142
0.879142
0.879142
0.879142
0.879142
0.879142
0.879142
0.879142
0.879142
0.879142
0.879142
0.879142
0.879142
0.879142
0.879142
0.879142
0.879142
0.879142
0.879142
0.879142
0.879142
0.879142
0.879142
0.879142
0.879142
0.879142
0.879142
0.879142
0.879142
0.879142
0.879142
0.879142
0.879142
0.879142
0.879142
0.879142
0.879142
0.879142
0.879142
0.879142
0.879142
0.879142
0.879142
0.879142
0.879142
0.879142
0.879142
0.879142
0.879142
0.879142
0.879142
0.879142
0.879142
0.879142
0.879142
0.879142
0.879142
0.879142
0.879142
0.879142
0.879142
0.879141
0.879141
0.879141
0.879138
0.879138
0.87914
0.879138
0.87914
0.879142
0.879141
0.879142
0.879142
0.879142
0.879142
0.879142
0.879142
0.879142
0.879142
0.879142
0.879142
0.879142
0.879142
0.879142
0.879142
0.879142
0.879142
0.879142
0.879142
0.879142
0.879142
0.879142
0.879142
0.879142
0.879142
0.879142
0.879142
0.879142
0.879142
0.879142
0.879142
0.879142
0.879142
0.879142
0.879142
0.879142
0.879142
0.879142
0.879142
0.879142
0.877857
0.877857
0.869112
0.838967
0.838967
0.711264
0.578698
0.494378
0.578698
0.100826
0.100826
0.56053
0.879142
0.879142
0.879142
0.879142
0.879142
0.879138
0.879142
0.879139
0.879139
0.879142
0.879142
0.879142
0.879142
0.879142
0.879142
0.879142
0.879142
0.879142
0.879142
0.879142
0.879142
0.879142
0.87914
0.879142
0.879142
0.879142
0.879141
0.879142
0.879142
0.879142
0.879142
0.879142
0.879141
0.879141
0.879141
0.879142
0.879141
0.879142
0.879142
0.87914
0.879141
0.879141
0.87914
0.879141
0.879141
0.879142
0.879142
0.879142
0.879138
0.87914
0.879138
0.879135
0.879135
0.879135
0.879138
0.879139
0.879137
0.879139
0.879137
0.879132
0.879132
0.879132
0.87914
0.879138
0.879135
0.879138
0.879141
0.879139
0.879141
0.879142
0.879141
0.879142
0.879142
0.879142
0.879142
0.879142
0.879142
0.879142
0.879142
0.879142
0.879142
0.879142
0.879142
0.879142
0.879142
0.879142
0.879142
0.879142
0.879142
0.879142
0.879142
0.879142
0.879142
0.879142
0.879142
0.879142
0.879142
0.879142
0.879142
0.879142
0.879142
0.879142
0.879142
0.879142
0.879142
0.879142
0.879142
0.879142
0.879142
0.879142
0.879142
0.879142
0.879142
0.879142
0.879142
0.879142
0.879142
0.879142
0.879142
0.879142
0.879142
0.879142
0.879142
0.879142
0.879142
0.879142
0.879142
0.879142
0.879142
0.879142
0.879142
0.879142
0.879142
0.879142
0.879142
0.879142
0.879142
0.879142
0.879142
0.879142
0.879142
0.879142
0.879142
0.879142
0.879142
0.879142
0.879142
0.879142
0.879142
0.879142
0.879142
0.879142
0.879142
0.879142
0.879142
0.879142
0.879142
0.879142
0.879142
0.879142
0.879142
0.879142
0.879142
0.879142
0.879142
0.879142
0.879142
0.879142
0.879142
0.879142
0.879142
0.879142
0.879142
0.879142
0.879142
0.879142
0.879142
0.879142
0.879142
0.879142
0.879142
0.879142
0.879142
0.879142
0.879142
0.879142
0.879142
0.879142
0.879142
0.879142
0.879142
0.879142
0.879142
0.879142
0.879142
0.879142
0.475375
0.569925
0.211475
0.291995
0.4286
0.285592
0.494378
0.470438
0.429806
0.291995
0.4286
0.569925
0.771123
0.766301
0.496595
0.577207
0.496595
0.475375
0.0974091
0.285592
0.0974091
0.879142
0.879142
0.879142
)
;
    }
    inlet
    {
        type            fixedValue;
        value           uniform 0;
    }
    injectorWall
    {
        type            fixedValue;
        value           nonuniform List<scalar> 
183
(
0
0
0
0
0.879142
0.879142
0.879142
0.879142
0.879142
0.879142
0.879142
0.879142
0.879142
0.879142
0.879142
0.879142
0.879142
0.879123
0.878056
0.850712
0.176137
0.879142
0.879142
0.879142
0.879142
0.879142
0.879142
0.879142
0.879142
0.879142
0.879142
0.879142
0.879142
0.879142
0.879142
0.879142
0.879142
0.879142
0.879142
0.879142
0.879142
0.879142
0.879142
0.879142
0.879142
0.879142
0.879142
0.879142
0.879142
0.879142
0.879142
0.879142
0.879142
0.879142
0.879142
0.879142
0.879142
0.879142
0.879142
0.879142
0.879142
0.879142
0.879142
0.871911
0.879142
0.879142
0.879142
0.879142
0.879142
0.879142
0.879142
0.879142
0.879142
0.879142
0.879142
0.879142
0.879142
0.879142
0.879142
0.879142
0.879142
0.879142
0.773775
0.8577
0.773775
0.212821
0.212821
0.536116
0.536116
0.879142
0.879142
0.879142
0.879142
0.879142
0.879142
0.879142
0.879142
0.879142
0.879142
0.879142
0.879142
0.879142
0.879142
0.879142
0.879142
0.879142
0.879142
0.879142
0.879142
0.8577
0.879142
0.879142
0.879142
0.879142
0.879142
0.879142
0.879142
0.879142
0.879142
0.879142
0.879142
0.879142
0.879142
0.879142
0.879142
0.879142
0.879142
0.879142
0.879142
0.879142
0.879142
0.879142
0.879142
0.879142
0.879142
0.879142
0.879142
0.879142
0.879142
0.879142
0.879142
0.879142
0.879142
0.879142
0.879142
0.879142
0.879141
0.879142
0.879142
0.878973
0.879139
0.879105
0.878829
0.872539
0.476838
0.853927
0.477302
0.176244
0.686339
0.686339
0.85489
0.798367
0.804859
0.477532
0.680666
0.687644
0.856438
0.80064
0.80539
0.477661
0.681932
0.687966
0.211458
0.211458
0.873695
0.877706
0.877967
0.173694
0.173724
0.688024
0.533827
0.688024
0.533827
)
;
    }
    injectorInlet
    {
        type            fixedValue;
        value           uniform 0;
    }
    outlet
    {
        type            fixedValue;
        value           uniform 0;
    }
    elbow_front
    {
        type            fixedValue;
        value           nonuniform List<scalar> 0();
    }
    elbow_back
    {
        type            fixedValue;
        value           nonuniform List<scalar> 0();
    }
}


// ************************************************************************* //
