/*--------------------------------*- C++ -*----------------------------------*\
  =========                 |
  \\      /  F ield         | OpenFOAM: The Open Source CFD Toolbox
   \\    /   O peration     | Website:  https://openfoam.org
    \\  /    A nd           | Version:  12
     \\/     M anipulation  |
\*---------------------------------------------------------------------------*/
FoamFile
{
    format      ascii;
    class       volScalarField;
    location    "300";
    object      p;
}
// * * * * * * * * * * * * * * * * * * * * * * * * * * * * * * * * * * * * * //

dimensions      [0 2 -2 0 0 0 0];

internalField   nonuniform List<scalar> 
6750
(
0.021626
0.021604
0.0215746
0.0214111
0.0203826
0.0231444
0.0231079
0.0229806
0.0227147
0.0223553
0.0249373
0.0248781
0.0247475
0.0245494
0.0243964
0.0268179
0.026724
0.0265997
0.0264593
0.0263825
0.028685
0.0285471
0.028413
0.0283005
0.0282618
0.0304589
0.0302725
0.0301177
0.030015
0.0299936
0.0320911
0.0318549
0.0316754
0.0315756
0.0315627
0.0335523
0.0332671
0.0330629
0.0329639
0.0329562
0.0348241
0.0344923
0.0342654
0.0341672
0.0341631
0.0358961
0.0355218
0.0352753
0.0351784
0.035177
0.0367649
0.0363534
0.0360913
0.0359963
0.0359968
0.0374337
0.0369914
0.0367181
0.0366254
0.0366269
0.037912
0.0374449
0.0371654
0.0370752
0.037077
0.0382137
0.0377278
0.0374485
0.0373594
0.0373605
0.0383521
0.0378604
0.0375865
0.0374949
0.0374939
0.0383521
0.0378605
0.0375865
0.037495
0.0374939
0.0382139
0.0377279
0.0374486
0.0373595
0.0373606
0.0379121
0.0374451
0.0371656
0.0370753
0.0370772
0.037434
0.0369916
0.0367183
0.0366257
0.0366272
0.0367652
0.0363537
0.0360917
0.0359967
0.0359971
0.0358965
0.0355222
0.0352757
0.0351788
0.0351774
0.0348246
0.0344929
0.0342659
0.0341677
0.0341636
0.0335529
0.0332677
0.0330635
0.0329645
0.0329568
0.0320918
0.0318556
0.0316761
0.0315763
0.0315634
0.0304597
0.0302733
0.0301184
0.0300158
0.0299944
0.0286859
0.028548
0.0284139
0.0283014
0.0282627
0.0268189
0.0267249
0.0266007
0.0264603
0.0263835
0.0249383
0.0248792
0.0247486
0.0245505
0.0243975
0.0231456
0.0231091
0.0229817
0.0227159
0.0223565
0.0216273
0.0216053
0.0215759
0.0214124
0.0203839
0.0142037
0.0147964
0.0162646
0.0173496
0.018136
0.018761
0.0192507
0.0196166
0.0198866
0.020071
0.020133
0.0201467
0.0200841
0.0199413
0.019717
0.0194075
0.0190099
0.0185271
0.0179623
0.0173155
0.0165813
0.0158643
0.0151093
0.0143315
0.0135511
0.0127807
0.0120301
0.0113138
0.0106419
0.00995915
0.0181134
0.0189091
0.0197088
0.0201096
0.0203385
0.0204798
0.0205356
0.0205152
0.0204472
0.020329
0.0201193
0.0199322
0.0197268
0.019506
0.0192683
0.0190047
0.0187027
0.0183513
0.0179398
0.0174653
0.0169458
0.0163124
0.0156478
0.0149431
0.0142062
0.0134486
0.0126784
0.01191
0.0111836
0.0104791
0.020594
0.0207776
0.0210925
0.0212464
0.0213221
0.0213302
0.0212589
0.0211186
0.0209309
0.02066
0.0203104
0.0199752
0.019612
0.0192318
0.0188406
0.0184383
0.0180214
0.0175849
0.0171231
0.0166311
0.0161079
0.015553
0.0149726
0.0143663
0.0137389
0.0130962
0.0124394
0.0117791
0.0112025
0.0107855
0.0220368
0.0218127
0.0219415
0.0220243
0.0220334
0.021966
0.0218171
0.0216036
0.0213343
0.0209401
0.0204939
0.0200345
0.0195329
0.0190059
0.0184653
0.0179187
0.0173718
0.0168274
0.0162864
0.0157474
0.0152088
0.0146744
0.0141409
0.0136052
0.0130673
0.0125273
0.0119782
0.0114226
0.0109896
0.0109075
0.0231274
0.0227553
0.0228018
0.0228139
0.0227396
0.0225848
0.0223499
0.0220504
0.0216841
0.0211742
0.0206319
0.0200523
0.0194253
0.0187708
0.0181043
0.017439
0.0167859
0.0161534
0.0155465
0.014967
0.0144144
0.0138876
0.0133835
0.0128972
0.012425
0.011963
0.0114976
0.011022
0.0106974
0.0109196
0.0240745
0.0236633
0.0236451
0.023577
0.0234167
0.0231754
0.0228542
0.0224651
0.0219915
0.0213764
0.0207341
0.0200387
0.0192948
0.0185244
0.0177458
0.0169762
0.0162309
0.0155217
0.0148563
0.0142384
0.0136681
0.0131428
0.0126578
0.012207
0.0117843
0.0113833
0.0109851
0.0105756
0.0103414
0.0108363
0.0249124
0.0245074
0.024431
0.0242862
0.0240471
0.0237249
0.023322
0.0228464
0.0222602
0.0215513
0.0208089
0.0200037
0.0191499
0.0182712
0.0173888
0.0165232
0.0156926
0.0149115
0.0141899
0.0135327
0.0129404
0.0124099
0.0119355
0.0115096
0.0111246
0.0107719
0.0104286
0.0100753
0.00992115
0.0106577
0.0256616
0.0252927
0.0251658
0.0249494
0.0246361
0.0242362
0.0237552
0.0231952
0.0224959
0.0217033
0.0208608
0.0199505
0.0189928
0.0180122
0.0170326
0.016077
0.0151663
0.014317
0.0135406
0.0128432
0.0122257
0.0116846
0.0112136
0.0108039
0.0104466
0.0101317
0.00983237
0.00952595
0.00944286
0.0103874
0.0263441
0.0260327
0.0258617
0.0255764
0.0251911
0.0247162
0.0241597
0.0235107
0.0227072
0.0218335
0.020892
0.0198809
0.0188239
0.0177467
0.0166752
0.0156347
0.014648
0.0137333
0.0129036
0.0121654
0.0115202
0.0109644
0.0104908
0.0100899
0.00975219
0.0094659
0.00920101
0.00893331
0.0089132
0.0100314
0.0269768
0.0267375
0.0265268
0.0261742
0.0257186
0.0251723
0.0245398
0.0237938
0.0229005
0.0219423
0.0209043
0.0197963
0.0186439
0.0174741
0.0163146
0.0151929
0.0141332
0.0131553
0.0122729
0.0114935
0.0108185
0.0102443
0.00976323
0.00936532
0.00904012
0.00877475
0.0085362
0.00830018
0.00833628
0.00959561
0.0275721
0.027415
0.0271683
0.0267486
0.0262233
0.0256074
0.0248984
0.0240516
0.0230788
0.0220331
0.0209005
0.0196982
0.0184531
0.0171935
0.0159489
0.0147484
0.0136177
0.0125777
0.0116429
0.0108213
0.0101145
0.00951873
0.00902608
0.00862601
0.00830752
0.00805657
0.00783746
0.00762713
0.00771378
0.00908528
0.0281401
0.0280724
0.0277926
0.0273055
0.0267103
0.026027
0.0252381
0.0242919
0.0232441
0.0221088
0.0208828
0.0195879
0.0182517
0.016904
0.015576
0.0142981
0.0130973
0.0119955
0.0110079
0.0101428
0.00940206
0.00878183
0.00827384
0.00786718
0.00755037
0.00730821
0.00710263
0.0069129
0.00704525
0.00850402
0.0286908
0.028717
0.0284068
0.0278526
0.0271888
0.0264339
0.0255577
0.0245243
0.023398
0.0221717
0.020853
0.0194661
0.0180395
0.0166044
0.0151935
0.0138386
0.0125677
0.0114035
0.010362
0.00945182
0.00867487
0.00802722
0.00750039
0.00708311
0.00676349
0.00652517
0.00632793
0.00615436
0.00632823
0.00785366
0.0292336
0.0293555
0.0290176
0.0283962
0.0276634
0.0268351
0.0258648
0.0247531
0.0235426
0.0222243
0.0208128
0.0193336
0.0178163
0.0162934
0.0147992
0.0133665
0.0120245
0.0107967
0.00969946
0.00874193
0.0079261
0.00724797
0.0066988
0.00626706
0.00594046
0.00570147
0.0055079
0.00534655
0.00555825
0.00713391
0.029776
0.0299972
0.0296332
0.0289438
0.0281416
0.0272348
0.0261686
0.0249811
0.0236816
0.0222695
0.0207638
0.0191909
0.0175813
0.0159692
0.0143901
0.0128779
0.0114628
0.0101691
0.00901378
0.00800612
0.00714833
0.00643632
0.00586119
0.00541115
0.00507354
0.00482958
0.00463532
0.00448254
0.0047288
0.00634208
0.0303252
0.0306535
0.0302661
0.0295083
0.0286293
0.0276333
0.0264806
0.0252112
0.0238183
0.0223098
0.0207073
0.019038
0.0173336
0.0156297
0.0139629
0.0123685
0.0108774
0.00951471
0.00829788
0.00723661
0.00633321
0.00558354
0.00497853
0.00450618
0.00415345
0.00390026
0.00370107
0.00355333
0.00383114
0.00547279
0.0308915
0.0313368
0.0309274
0.0300979
0.0291359
0.028041
0.0268072
0.0254473
0.0239562
0.0223477
0.0206446
0.0188749
0.0170718
0.0152721
0.0135138
0.0118331
0.010262
0.00882618
0.00754369
0.00642456
0.00547122
0.00467954
0.00404029
0.00354128
0.00316908
0.00290226
0.0026938
0.00254751
0.00285403
0.00451762
0.0314915
0.0320606
0.031631
0.0307203
0.0296653
0.0284732
0.0271534
0.0256945
0.0240996
0.0223858
0.0205765
0.018701
0.0167938
0.0148931
0.0130379
0.0112657
0.00960929
0.00809512
0.00674177
0.00555961
0.00455124
0.00371249
0.00303403
0.0025035
0.00210708
0.00182188
0.00159954
0.00145088
0.0017833
0.00346463
0.032149
0.032835
0.0323875
0.0313899
0.0302273
0.0289415
0.0275239
0.025958
0.0242525
0.0224263
0.0205036
0.0185151
0.0164968
0.014488
0.0125291
0.0106587
0.00891036
0.00731137
0.00588082
0.00462942
0.00355993
0.00266821
0.00194481
0.00137722
0.000951192
0.000642326
0.000401029
0.000245712
0.000601084
0.00229767
0.0328829
0.0336792
0.0332146
0.0321193
0.0308398
0.0294548
0.0279276
0.0262452
0.0244198
0.0224716
0.0204261
0.0183153
0.0161766
0.0140508
0.0119796
0.0100025
0.00815409
0.00646236
0.00494691
0.00361882
0.00248101
0.00152936
0.00075431
0.00014323
-0.000318599
-0.000657186
-0.000923252
-0.00109016
-0.000715136
0.000995299
0.0337188
0.0346266
0.0341337
0.0329206
0.0315256
0.0300263
0.0283756
0.0265643
0.0246066
0.0225239
0.0203432
0.0180981
0.0158274
0.0135734
0.011379
0.00928475
0.00732626
0.00553212
0.0039225
0.0025088
0.0012941
0.000274265
-0.000560343
-0.00122249
-0.0017274
-0.00210279
-0.00240042
-0.0025848
-0.0021941
-0.000470735
0.0346976
0.0356987
0.0351648
0.0338288
0.0323063
0.0306721
0.0288809
0.0269244
0.024818
0.0225847
0.020253
0.0178582
0.0154408
0.0130444
0.0107133
0.00848904
0.00640816
0.0044999
0.0027849
0.00127486
-2.6999e-05
-0.00112484
-0.00202842
-0.00275064
-0.0033073
-0.00372792
-0.00406522
-0.00427428
-0.003873
-0.00213789
0.0358659
0.0369407
0.0363487
0.0348811
0.0332057
0.0314129
0.0294593
0.0273361
0.0250595
0.0226544
0.0201513
0.0175872
0.0150043
0.0124478
0.00996309
0.00759291
0.00537457
0.0033379
0.00150394
-0.000115373
-0.00151676
-0.00270443
-0.00368829
-0.00448143
-0.00510029
-0.0055763
-0.00596312
-0.00620585
-0.00580087
-0.00405647
0.0372916
0.0384128
0.0377456
0.0361185
0.0342572
0.0322757
0.0301305
0.0278114
0.0253361
0.0227315
0.0200303
0.0172716
0.0144993
0.0117601
0.00910078
0.0065649
0.00419051
0.00200789
3.8364e-05
-0.00170601
-0.00322196
-0.00451385
-0.00559176
-0.00646902
-0.00716283
-0.00770665
-0.00815504
-0.00844282
-0.00804387
-0.00629546
0.0390875
0.0402091
0.0394275
0.037596
0.0355069
0.0332961
0.030919
0.0283645
0.025652
0.022811
0.0198766
0.0168901
0.0138974
0.0109467
0.00808591
0.00535945
0.0028058
0.00045546
-0.00167018
-0.00355912
-0.00520823
-0.00662209
-0.00781104
-0.00878874
-0.00957324
-0.0102002
-0.0107251
-0.0110725
-0.0106939
-0.00895238
0.0413808
0.0424531
0.0414941
0.0393969
0.0370213
0.0345233
0.0318577
0.0290125
0.0260096
0.0228815
0.0196663
0.0164077
0.0131536
0.00995382
0.00685707
0.00390823
0.00114582
-0.00139982
-0.00370757
-0.00576571
-0.00757142
-0.0091296
-0.0104509
-0.0115494
-0.0124441
-0.0131729
-0.0137923
-0.014218
-0.0138812
-0.0121677
0.0444273
0.0453387
0.0441015
0.0416487
0.0388998
0.036029
0.0329912
0.029775
0.0264053
0.0229186
0.0193564
0.0157651
0.0121946
0.0086958
0.00531781
0.00210513
-0.000904435
-0.00368144
-0.00620558
-0.0084658
-0.0104597
-0.0121925
-0.0136751
-0.0149219
-0.0159528
-0.0168076
-0.0175437
-0.0180709
-0.0178093
-0.0161647
0.0486095
0.0491485
0.0474573
0.0445118
0.0412637
0.0378965
0.0343664
0.0306647
0.0268206
0.0228755
0.018875
0.0148686
0.0109082
0.00704495
0.00332726
-0.000201998
-0.00350714
-0.00656085
-0.00934461
-0.0118486
-0.0140716
-0.0160193
-0.0177025
-0.0191358
-0.0203397
-0.0213546
-0.022238
-0.0228998
-0.0227718
-0.0212815
0.0547996
0.0545916
0.0521554
0.0485091
0.0445555
0.0404669
0.0362121
0.0317964
0.0272604
0.0226553
0.0180339
0.0134502
0.00895732
0.00460551
0.000439966
-0.00350066
-0.00718528
-0.0105907
-0.013701
-0.0165069
-0.0190104
-0.0212302
-0.0231622
-0.0248209
-0.0262274
-0.0274199
-0.0284514
-0.0292475
-0.0293162
-0.0281468
0.0656071
0.0637123
0.0597214
0.0548446
0.0497271
0.044465
0.0390551
0.0335326
0.0279557
0.0223845
0.0168766
0.011485
0.0062575
0.00123548
-0.0035467
-0.00806167
-0.0122886
-0.0162129
-0.0198261
-0.0231261
-0.0261088
-0.0287622
-0.0311119
-0.0331664
-0.0349366
-0.0364483
-0.0377465
-0.0388207
-0.0393751
-0.0388553
0.0178702
0.0188077
0.0205552
0.0219366
0.02309
0.024162
0.0251863
0.0261719
0.0271286
0.028066
0.0289923
0.0299153
0.030843
0.0317842
0.0327471
0.0337421
0.0347821
0.0358834
0.0370648
0.0383478
0.03976
0.0413409
0.0431379
0.0452171
0.0476672
0.0506235
0.0542714
0.0588236
0.0645075
0.0718446
0.02219
0.0231652
0.0242894
0.0252245
0.0260574
0.02685
0.027614
0.0283534
0.0290757
0.0297889
0.0305009
0.0312197
0.0319537
0.0327117
0.0335035
0.0343406
0.0352369
0.0362093
0.0372782
0.0384682
0.0398117
0.0413518
0.0431453
0.0452701
0.0478361
0.0510058
0.0550137
0.0601819
0.0669977
0.0760494
0.0244972
0.0253655
0.0262074
0.0269578
0.0276851
0.0284058
0.0291169
0.0298193
0.0305178
0.0312182
0.0319267
0.0326499
0.033395
0.0341704
0.0349854
0.0358516
0.0367829
0.0377966
0.0389141
0.0401623
0.0415765
0.0432036
0.0451066
0.0473729
0.0501262
0.053546
0.0578985
0.0635623
0.0711885
0.0814686
0.0265089
0.0272684
0.0279952
0.0286661
0.0293297
0.0299958
0.0306636
0.0313359
0.0320175
0.032714
0.0334309
0.0341747
0.0349522
0.0357716
0.0366424
0.0375764
0.0385879
0.0396946
0.0409189
0.0422894
0.0438435
0.0456311
0.0477193
0.0502014
0.0532087
0.0569306
0.0616478
0.0677559
0.0759967
0.087108
0.028386
0.0290529
0.0296904
0.0302904
0.0308942
0.0315118
0.0321439
0.0327931
0.0334638
0.0341606
0.0348887
0.0356541
0.0364637
0.0373255
0.0382496
0.0392479
0.0403354
0.0415307
0.0428574
0.0443456
0.0460351
0.0479783
0.0502461
0.0529361
0.0561855
0.0601914
0.0652443
0.0717507
0.0805363
0.0923963
0.0301
0.030685
0.0312467
0.0317874
0.0323442
0.0329259
0.0335331
0.034168
0.0348343
0.0355361
0.0362783
0.0370666
0.0379078
0.03881
0.0397833
0.0408402
0.041996
0.0432701
0.0446871
0.0462787
0.0480862
0.0501646
0.0525877
0.0554569
0.0589144
0.0631636
0.0685048
0.0753576
0.084629
0.0971969
0.0316479
0.0321599
0.0326575
0.0331498
0.0336699
0.0342248
0.0348147
0.0354414
0.036108
0.0368184
0.037577
0.0383893
0.039262
0.0402032
0.0412232
0.0423345
0.0435531
0.0448987
0.046397
0.0480807
0.0499925
0.0521893
0.0547473
0.0577708
0.0614062
0.0658624
0.0714486
0.0785977
0.0882834
0.101479
0.0330251
0.0334714
0.0339142
0.0343671
0.0348583
0.0353931
0.0359712
0.0365939
0.0372641
0.0379849
0.0387607
0.0395967
0.0404994
0.0414771
0.04254
0.0437008
0.0449759
0.0463856
0.047956
0.0497209
0.0517242
0.0540241
0.0566986
0.0598547
0.0636417
0.0682734
0.0740664
0.081466
0.0914911
0.105219
0.0342233
0.0346107
0.0350069
0.0354279
0.0358968
0.0364168
0.0369871
0.0376088
0.0382841
0.0390161
0.0398085
0.0406665
0.0415966
0.0426069
0.0437077
0.0449121
0.0462365
0.0477017
0.0493343
0.0511689
0.0532502
0.0556376
0.0584106
0.0616781
0.065592
0.0703696
0.0763343
0.0839415
0.0942349
0.108401
0.0352353
0.035571
0.0359285
0.0363246
0.0367765
0.0372857
0.0378512
0.0384736
0.0391547
0.0398972
0.0407048
0.0415824
0.0425363
0.0435746
0.0447079
0.0459491
0.047315
0.0488266
0.0505112
0.0524037
0.0545495
0.0570089
0.0598627
0.0632212
0.0672383
0.0721343
0.0782378
0.0860128
0.0965101
0.111031
0.0360582
0.0363501
0.0366767
0.0370537
0.037493
0.0379946
0.0385572
0.0391812
0.0398679
0.0406199
0.0414404
0.0423344
0.043308
0.0443695
0.0455293
0.0468005
0.0481999
0.0497491
0.0514754
0.0534141
0.0556114
0.0581281
0.0610459
0.0644762
0.0685746
0.0735634
0.0797755
0.087682
0.098327
0.11313
0.0366943
0.0369508
0.0372539
0.0376169
0.0380472
0.0385436
0.0391047
0.0397304
0.0404221
0.0411817
0.0420127
0.0429197
0.0439088
0.0449883
0.0461686
0.047463
0.0488883
0.0504663
0.0522245
0.0541986
0.056435
0.0589952
0.0619614
0.065446
0.0696056
0.074664
0.0809575
0.0889629
0.0997076
0.114731
0.0371506
0.0373808
0.0376673
0.0380207
0.0384449
0.038938
0.0394983
0.0401256
0.040821
0.0415865
0.0424252
0.0433416
0.0443421
0.0454347
0.0466298
0.0479408
0.0493847
0.0509832
0.0527642
0.0547635
0.0570278
0.0596188
0.0626194
0.0661422
0.070345
0.0754523
0.0818031
0.0898782
0.100683
0.115874
0.037439
0.037652
0.037928
0.0382756
0.0386962
0.0391873
0.0397473
0.0403758
0.0410738
0.0418431
0.0426868
0.0436094
0.0446171
0.045718
0.0469226
0.0482442
0.0497
0.0513116
0.053107
0.0551222
0.0574042
0.0600147
0.0630369
0.0665839
0.0708138
0.0759519
0.0823385
0.0904575
0.10129
0.116602
0.0375745
0.0377792
0.0380502
0.0383951
0.0388141
0.0393043
0.0398643
0.0404935
0.0411927
0.0419639
0.04281
0.0437356
0.0447468
0.0458518
0.0470609
0.0483876
0.049849
0.051467
0.0532693
0.0552922
0.0575825
0.0602024
0.0632349
0.0667935
0.0710363
0.0761889
0.0825927
0.0907323
0.101572
0.116955
0.0375745
0.0377792
0.0380502
0.0383951
0.0388141
0.0393044
0.0398643
0.0404935
0.0411928
0.0419639
0.04281
0.0437356
0.0447469
0.0458518
0.0470609
0.0483877
0.0498491
0.051467
0.0532693
0.0552922
0.0575825
0.0602024
0.063235
0.0667935
0.0710363
0.0761889
0.0825927
0.0907323
0.101572
0.116955
0.0374391
0.0376521
0.0379281
0.0382757
0.0386963
0.0391874
0.0397474
0.0403759
0.0410739
0.0418432
0.0426868
0.0436095
0.0446172
0.0457181
0.0469227
0.0482443
0.0497
0.0513117
0.0531071
0.0551223
0.0574042
0.0600148
0.063037
0.066584
0.0708139
0.075952
0.0823386
0.0904575
0.10129
0.116602
0.0371508
0.037381
0.0376674
0.0380209
0.0384451
0.0389381
0.0394984
0.0401258
0.0408212
0.0415866
0.0424253
0.0433418
0.0443422
0.0454348
0.0466299
0.0479409
0.0493848
0.0509834
0.0527643
0.0547636
0.0570279
0.059619
0.0626195
0.0661423
0.0703451
0.0754524
0.0818032
0.0898783
0.100683
0.115874
0.0366946
0.036951
0.0372542
0.0376171
0.0380474
0.0385438
0.0391049
0.0397306
0.0404223
0.0411819
0.0420129
0.0429198
0.043909
0.0449885
0.0461688
0.0474631
0.0488885
0.0504665
0.0522247
0.0541987
0.0564352
0.0589954
0.0619616
0.0654461
0.0696057
0.0746641
0.0809577
0.0889631
0.0997078
0.114731
0.0360586
0.0363504
0.036677
0.037054
0.0374933
0.0379949
0.0385575
0.0391815
0.0398682
0.0406201
0.0414407
0.0423346
0.0433083
0.0443698
0.0455295
0.0468007
0.0482002
0.0497493
0.0514756
0.0534144
0.0556116
0.0581284
0.0610461
0.0644764
0.0685748
0.0735636
0.0797758
0.0876823
0.0983272
0.11313
0.0352357
0.0355714
0.0359289
0.0363249
0.0367768
0.037286
0.0378515
0.0384739
0.039155
0.0398975
0.0407051
0.0415827
0.0425365
0.0435749
0.0447081
0.0459494
0.0473152
0.0488269
0.0505115
0.0524039
0.0545498
0.0570092
0.059863
0.0632214
0.0672386
0.0721346
0.0782381
0.0860131
0.0965104
0.111031
0.0342238
0.0346112
0.0350073
0.0354284
0.0358973
0.0364172
0.0369875
0.0376092
0.0382845
0.0390164
0.0398089
0.0406669
0.041597
0.0426073
0.0437081
0.0449125
0.0462368
0.047702
0.0493347
0.0511692
0.0532505
0.0556379
0.0584109
0.0616784
0.0655923
0.07037
0.0763347
0.0839419
0.0942352
0.108401
0.0330257
0.033472
0.0339147
0.0343676
0.0348588
0.0353936
0.0359717
0.0365944
0.0372645
0.0379854
0.0387612
0.0395971
0.0404998
0.0414775
0.0425403
0.0437012
0.0449763
0.0463859
0.0479564
0.0497213
0.0517246
0.0540244
0.0566989
0.059855
0.0636421
0.0682737
0.0740668
0.0814664
0.0914915
0.105219
0.0316486
0.0321605
0.0326581
0.0331504
0.0336705
0.0342254
0.0348152
0.0354419
0.0361085
0.0368189
0.0375775
0.0383898
0.0392625
0.0402037
0.0412236
0.042335
0.0435535
0.0448991
0.0463974
0.0480811
0.0499929
0.0521897
0.0547477
0.0577713
0.0614066
0.0658628
0.071449
0.0785982
0.0882839
0.10148
0.0301007
0.0306857
0.0312474
0.0317881
0.0323448
0.0329265
0.0335337
0.0341686
0.0348349
0.0355367
0.0362789
0.0370672
0.0379083
0.0388105
0.0397838
0.0408407
0.0419965
0.0432705
0.0446875
0.0462791
0.0480867
0.0501651
0.0525882
0.0554574
0.0589149
0.0631641
0.0685053
0.0753581
0.0846295
0.0971974
0.0283869
0.0290538
0.0296912
0.0302912
0.030895
0.0315125
0.0321446
0.0327938
0.0334644
0.0341612
0.0348894
0.0356547
0.0364642
0.0373261
0.0382502
0.0392485
0.0403359
0.0415312
0.0428579
0.0443462
0.0460356
0.0479788
0.0502466
0.0529366
0.056186
0.0601919
0.0652448
0.0717512
0.0805368
0.0923969
0.0265099
0.0272693
0.0279961
0.0286669
0.0293305
0.0299966
0.0306644
0.0313366
0.0320182
0.0327147
0.0334316
0.0341753
0.0349528
0.0357722
0.036643
0.037577
0.0385885
0.0396952
0.0409195
0.04229
0.0438441
0.0456316
0.0477199
0.0502019
0.0532092
0.0569311
0.0616484
0.0677564
0.0759973
0.0871086
0.0244983
0.0253665
0.0262084
0.0269587
0.027686
0.0284067
0.0291178
0.0298201
0.0305185
0.031219
0.0319274
0.0326506
0.0333957
0.0341711
0.0349861
0.0358522
0.0367835
0.0377972
0.0389147
0.0401629
0.0415771
0.0432042
0.0451072
0.0473735
0.0501268
0.0535466
0.0578991
0.0635629
0.0711892
0.0814693
0.0221912
0.0231663
0.0242905
0.0252256
0.0260584
0.026851
0.0276149
0.0283543
0.0290766
0.0297897
0.0305017
0.0312205
0.0319544
0.0327124
0.0335042
0.0343412
0.0352375
0.03621
0.0372788
0.0384688
0.0398123
0.0413525
0.0431459
0.0452707
0.0478367
0.0510064
0.0550143
0.0601825
0.0669983
0.0760502
0.0178715
0.018809
0.0205564
0.0219378
0.0230912
0.0241631
0.0251874
0.0261729
0.0271296
0.028067
0.0289932
0.0299161
0.0308438
0.0317849
0.0327478
0.0337428
0.0347828
0.0358841
0.0370655
0.0383485
0.0397607
0.0413415
0.0431386
0.0452177
0.0476678
0.0506242
0.054272
0.0588242
0.0645082
0.0718454
0.0656079
0.0637131
0.0597223
0.0548455
0.049728
0.0444659
0.039056
0.0335336
0.0279566
0.0223855
0.0168776
0.011486
0.00625848
0.00123646
-0.00354573
-0.0080607
-0.0122877
-0.0162119
-0.0198252
-0.0231252
-0.0261079
-0.0287614
-0.0311111
-0.0331656
-0.0349359
-0.0364475
-0.0377458
-0.03882
-0.0393744
-0.0388546
0.0548004
0.0545923
0.0521562
0.0485099
0.0445563
0.0404678
0.036213
0.0317972
0.0272613
0.0226562
0.0180348
0.0134511
0.00895824
0.00460643
0.000440883
-0.00349975
-0.00718438
-0.0105898
-0.0137001
-0.0165061
-0.0190095
-0.0212294
-0.0231614
-0.0248201
-0.0262266
-0.0274192
-0.0284507
-0.0292469
-0.0293155
-0.0281462
0.0486102
0.0491492
0.047458
0.0445126
0.0412645
0.0378973
0.0343672
0.0306655
0.0268215
0.0228763
0.0188758
0.0148695
0.0109091
0.00704584
0.00332814
-0.000201126
-0.00350628
-0.00656001
-0.00934378
-0.0118478
-0.0140708
-0.0160186
-0.0177018
-0.0191351
-0.020339
-0.021354
-0.0222373
-0.0228992
-0.0227712
-0.0212809
0.044428
0.0453394
0.0441022
0.0416494
0.0389006
0.0360298
0.032992
0.0297758
0.0264062
0.0229195
0.0193572
0.0157659
0.0121954
0.00869666
0.00531866
0.00210598
-0.000903597
-0.00368062
-0.00620477
-0.00846501
-0.010459
-0.0121918
-0.0136744
-0.0149212
-0.0159522
-0.0168069
-0.0175431
-0.0180703
-0.0178087
-0.0161641
0.0413814
0.0424538
0.0414948
0.0393977
0.0370221
0.0345241
0.0318585
0.0290133
0.0260104
0.0228823
0.0196672
0.0164086
0.0131545
0.00995467
0.00685791
0.00390906
0.00114664
-0.00139901
-0.00370677
-0.00576493
-0.00757067
-0.00912887
-0.0104502
-0.0115487
-0.0124434
-0.0131722
-0.0137917
-0.0142174
-0.0138807
-0.0121672
0.0390882
0.0402098
0.0394282
0.0375967
0.0355076
0.0332969
0.0309198
0.0283653
0.0256528
0.0228118
0.0198775
0.016891
0.0138982
0.0109475
0.00808675
0.00536028
0.00280662
0.000456261
-0.0016694
-0.00355835
-0.00520748
-0.00662136
-0.00781034
-0.00878805
-0.00957258
-0.0101995
-0.0107245
-0.0110719
-0.0106934
-0.00895185
0.0372923
0.0384135
0.0377463
0.0361193
0.0342579
0.0322765
0.0301313
0.0278122
0.0253369
0.0227323
0.0200312
0.0172725
0.0145002
0.011761
0.00910161
0.00656572
0.00419132
0.00200868
3.9146e-05
-0.00170524
-0.00322122
-0.00451313
-0.00559106
-0.00646834
-0.00716217
-0.00770601
-0.00815443
-0.00844223
-0.0080433
-0.00629494
0.0358666
0.0369414
0.0363494
0.0348818
0.0332064
0.0314137
0.0294601
0.0273369
0.0250603
0.0226552
0.0201521
0.017588
0.0150051
0.0124486
0.00996392
0.00759373
0.00537538
0.0033387
0.00150472
-0.000114608
-0.00151601
-0.00270371
-0.00368759
-0.00448075
-0.00509963
-0.00557567
-0.00596251
-0.00620526
-0.00580031
-0.00405594
0.0346983
0.0356994
0.0351656
0.0338295
0.032307
0.0306729
0.0288817
0.0269252
0.0248189
0.0225855
0.0202538
0.017859
0.0154416
0.0130453
0.0107141
0.00848986
0.00640898
0.0045007
0.00278569
0.00127563
-2.6248e-05
-0.00112411
-0.00202771
-0.00274995
-0.00330664
-0.00372728
-0.0040646
-0.00427369
-0.00387243
-0.00213736
0.0337195
0.0346273
0.0341344
0.0329214
0.0315264
0.0300271
0.0283764
0.0265651
0.0246074
0.0225247
0.0203441
0.0180989
0.0158282
0.0135743
0.0113799
0.00928558
0.00732708
0.00553293
0.0039233
0.00250957
0.00129485
0.000275004
-0.000559627
-0.00122179
-0.00172673
-0.00210214
-0.00239979
-0.00258419
-0.00219352
-0.000470197
0.0328836
0.0336799
0.0332154
0.0321201
0.0308406
0.0294556
0.0279284
0.026246
0.0244207
0.0224725
0.020427
0.0183161
0.0161774
0.0140517
0.0119805
0.0100033
0.00815493
0.00646318
0.00494771
0.00361961
0.00248178
0.00153011
0.000755037
0.000143934
-0.000317918
-0.000656528
-0.000922617
-0.00108954
-0.000714548
0.000995844
0.0321498
0.0328357
0.0323882
0.0313907
0.0302281
0.0289423
0.0275247
0.0259588
0.0242534
0.0224271
0.0205045
0.018516
0.0164976
0.0144889
0.01253
0.0106595
0.0089112
0.0073122
0.00588163
0.00463021
0.00356071
0.00266897
0.00194555
0.00137793
0.000951885
0.000642996
0.000401676
0.000246337
0.000601683
0.00229822
0.0314923
0.0320614
0.0316317
0.0307211
0.0296661
0.028474
0.0271542
0.0256953
0.0241004
0.0223866
0.0205774
0.0187019
0.0167947
0.014894
0.0130388
0.0112666
0.00961014
0.00809596
0.0067426
0.00556042
0.00455203
0.00371327
0.00303478
0.00250423
0.00210778
0.00182256
0.00160021
0.00145152
0.00178391
0.0034652
0.0308923
0.0313376
0.0309282
0.0300987
0.0291367
0.0280418
0.0268081
0.0254481
0.023957
0.0223486
0.0206455
0.0188758
0.0170727
0.015273
0.0135147
0.011834
0.0102629
0.00882703
0.00754452
0.00642538
0.00547203
0.00468033
0.00404105
0.00354202
0.0031698
0.00290296
0.00269448
0.00254817
0.00285466
0.0045182
0.030326
0.0306543
0.0302669
0.0295091
0.0286301
0.0276341
0.0264814
0.0252121
0.0238191
0.0223107
0.0207082
0.0190389
0.0173345
0.0156306
0.0139638
0.0123694
0.0108783
0.00951558
0.00829873
0.00723745
0.00633402
0.00558434
0.00497931
0.00450694
0.00415418
0.00390097
0.00370176
0.003554
0.00383178
0.00547338
0.0297768
0.029998
0.0296341
0.0289447
0.0281424
0.0272356
0.0261695
0.024982
0.0236825
0.0222704
0.0207647
0.0191918
0.0175822
0.0159702
0.014391
0.0128788
0.0114637
0.01017
0.00901464
0.00800697
0.00714916
0.00643713
0.00586198
0.00541192
0.00507429
0.00483031
0.00463603
0.00448323
0.00472946
0.00634269
0.0292344
0.0293563
0.0290185
0.028397
0.0276643
0.026836
0.0258657
0.024754
0.0235436
0.0222252
0.0208137
0.0193346
0.0178172
0.0162944
0.0148001
0.0133674
0.0120254
0.0107976
0.00970034
0.00874279
0.00792695
0.00724879
0.0066996
0.00626784
0.00594122
0.00570221
0.00550862
0.00534724
0.00555892
0.00713454
0.0286916
0.0287179
0.0284077
0.0278535
0.0271897
0.0264348
0.0255586
0.0245253
0.0233989
0.0221726
0.0208539
0.0194671
0.0180405
0.0166054
0.0151945
0.0138395
0.0125686
0.0114045
0.0103629
0.0094527
0.00867573
0.00802806
0.00750121
0.0070839
0.00676427
0.00652593
0.00632866
0.00615507
0.00632891
0.0078543
0.028141
0.0280733
0.0277935
0.0273064
0.0267112
0.0260279
0.0252391
0.0242929
0.023245
0.0221097
0.0208838
0.0195889
0.0182527
0.0169049
0.0155769
0.014299
0.0130982
0.0119964
0.0110088
0.0101437
0.00940294
0.00878268
0.00827467
0.00786799
0.00755116
0.00730898
0.00710337
0.00691362
0.00704595
0.00850467
0.027573
0.0274159
0.0271692
0.0267496
0.0262242
0.0256084
0.0248994
0.0240526
0.0230798
0.022034
0.0209015
0.0196992
0.0184541
0.0171944
0.0159499
0.0147494
0.0136187
0.0125787
0.0116439
0.0108222
0.0101154
0.0095196
0.00902693
0.00862683
0.00830832
0.00805734
0.00783822
0.00762787
0.00771449
0.00908595
0.0269777
0.0267385
0.0265278
0.0261751
0.0257196
0.0251733
0.0245407
0.0237948
0.0229015
0.0219433
0.0209053
0.0197973
0.0186449
0.0174751
0.0163156
0.0151939
0.0141342
0.0131563
0.0122739
0.0114944
0.0108194
0.0102452
0.00976409
0.00936615
0.00904093
0.00877554
0.00853697
0.00830092
0.00833701
0.00959629
0.0263451
0.0260337
0.0258627
0.0255774
0.0251921
0.0247172
0.0241608
0.0235118
0.0227083
0.0218345
0.020893
0.0198819
0.0188249
0.0177477
0.0166762
0.0156357
0.014649
0.0137343
0.0129045
0.0121664
0.0115211
0.0109653
0.0104916
0.0100908
0.00975302
0.0094667
0.00920179
0.00893407
0.00891393
0.0100321
0.0256626
0.0252937
0.0251669
0.0249504
0.0246371
0.0242373
0.0237563
0.0231963
0.0224969
0.0217044
0.0208619
0.0199516
0.0189938
0.0180133
0.0170336
0.0160781
0.0151673
0.014318
0.0135416
0.0128442
0.0122266
0.0116856
0.0112145
0.0108047
0.0104475
0.0101325
0.00983317
0.00952673
0.00944361
0.0103881
0.0249135
0.0245085
0.0244321
0.0242873
0.0240481
0.023726
0.023323
0.0228475
0.0222613
0.0215524
0.02081
0.0200047
0.019151
0.0182723
0.0173899
0.0165243
0.0156936
0.0149126
0.0141909
0.0135336
0.0129413
0.0124108
0.0119364
0.0115105
0.0111254
0.0107728
0.0104295
0.010076
0.00992192
0.0106585
0.0240756
0.0236644
0.0236462
0.0235781
0.0234178
0.0231765
0.0228553
0.0224662
0.0219926
0.0213775
0.0207352
0.0200398
0.0192959
0.0185255
0.0177469
0.0169773
0.016232
0.0155227
0.0148573
0.0142394
0.0136691
0.0131437
0.0126587
0.0122079
0.0117852
0.0113841
0.0109859
0.0105764
0.0103422
0.010837
0.0231285
0.0227564
0.022803
0.0228151
0.0227407
0.0225859
0.022351
0.0220515
0.0216852
0.0211754
0.020633
0.0200534
0.0194264
0.0187719
0.0181054
0.01744
0.016787
0.0161544
0.0155476
0.0149681
0.0144153
0.0138886
0.0133845
0.0128982
0.0124259
0.0119638
0.0114984
0.0110228
0.0106982
0.0109203
0.022038
0.0218139
0.0219427
0.0220255
0.0220346
0.0219672
0.0218183
0.0216048
0.0213355
0.0209412
0.020495
0.0200356
0.0195341
0.0190071
0.0184664
0.0179198
0.0173729
0.0168285
0.0162874
0.0157484
0.0152098
0.0146754
0.0141418
0.0136061
0.0130682
0.0125282
0.0119791
0.0114235
0.0109904
0.0109082
0.0205952
0.0207788
0.0210937
0.0212476
0.0213233
0.0213315
0.0212601
0.0211198
0.0209321
0.0206612
0.0203116
0.0199764
0.0196132
0.019233
0.0188418
0.0184394
0.0180226
0.017586
0.0171241
0.0166322
0.016109
0.015554
0.0149736
0.0143673
0.0137398
0.0130971
0.0124402
0.01178
0.0112033
0.0107863
0.0181148
0.0189104
0.0197101
0.0201109
0.0203398
0.0204811
0.0205369
0.0205164
0.0204485
0.0203303
0.0201205
0.0199334
0.019728
0.0195072
0.0192695
0.0190059
0.0187039
0.0183524
0.0179409
0.0174664
0.0169468
0.0163134
0.0156488
0.0149441
0.0142072
0.0134496
0.0126793
0.0119109
0.0111845
0.01048
0.0142051
0.0147978
0.016266
0.0173509
0.0181374
0.0187623
0.019252
0.0196179
0.0198879
0.0200723
0.0201342
0.0201479
0.0200853
0.0199425
0.0197182
0.0194087
0.019011
0.0185282
0.0179634
0.0173166
0.0165824
0.0158653
0.0151103
0.0143325
0.0135521
0.0127817
0.012031
0.0113147
0.0106428
0.00996004
-0.0405331
-0.0325898
-0.0265918
-0.0217212
-0.0177009
-0.0143539
-0.0115305
-0.00912117
-0.00704279
-0.00523214
-0.00364055
-0.00223005
-0.000970625
0.000161766
0.00118662
0.0021199
0.00297474
0.00376194
0.00449026
0.00516656
0.00579578
0.00638091
0.00692285
0.00742031
0.00786941
0.00826182
0.00858762
0.00884453
0.00903418
0.00908026
-0.0406843
-0.0326138
-0.0263211
-0.0213206
-0.0172244
-0.0138223
-0.010953
-0.00850192
-0.0063842
-0.00453625
-0.00290969
-0.00146721
-0.00017983
0.000975146
0.00201549
0.00295505
0.0038045
0.00457187
0.00526301
0.0058819
0.00643096
0.00691138
0.00732334
0.00766638
0.0079393
0.00813993
0.00826654
0.00834049
0.00845564
0.00865393
-0.041508
-0.0335868
-0.0272782
-0.0222726
-0.0181631
-0.0147428
-0.0118535
-0.00938224
-0.00724557
-0.00538087
-0.00374033
-0.00228698
-0.000991894
0.000167747
0.00121005
0.0021494
0.00299719
0.00376239
0.00445191
0.00507095
0.00562324
0.00611124
0.00653634
0.00689921
0.00719961
0.00743396
0.0075927
0.00769032
0.00785733
0.0082498
-0.0425091
-0.0348899
-0.0286962
-0.0237332
-0.0196176
-0.0161665
-0.0132349
-0.0107161
-0.0085308
-0.00661848
-0.00493265
-0.00343702
-0.00210299
-0.000907831
0.000166661
0.00113508
0.00200916
0.00279826
0.00350983
0.00414968
0.00472224
0.00523077
0.00567759
0.00606449
0.00639272
0.00665971
0.00685401
0.0069863
0.00720625
0.00776317
-0.0434168
-0.0360512
-0.0299783
-0.0250654
-0.0209511
-0.0174745
-0.0145033
-0.0119382
-0.0097041
-0.00774311
-0.00601027
-0.00447019
-0.00309475
-0.00186143
-0.000752084
0.000247986
0.00115069
0.00196569
0.00270076
0.00336214
0.00395475
0.00448239
0.00494792
0.00535376
0.00570199
0.00599105
0.00620935
0.00636499
0.00661342
0.00726221
-0.0441961
-0.0370131
-0.0310484
-0.0261879
-0.0220864
-0.0185983
-0.0156014
-0.0130028
-0.0107314
-0.00873194
-0.00696095
-0.00538405
-0.00397372
-0.00270777
-0.00156817
-0.000540251
0.000388007
0.00122643
0.00198307
0.00266445
0.00327588
0.00382157
0.00430484
0.00472856
0.00509535
0.0054045
0.00564499
0.00582233
0.00608626
0.00676994
-0.0448628
-0.0378189
-0.0319554
-0.0271476
-0.0230663
-0.0195767
-0.0165646
-0.0139427
-0.0116432
-0.00961328
-0.00781116
-0.00620343
-0.00476322
-0.00346873
-0.00230216
-0.00124893
-0.000297011
0.000563508
0.00134081
0.00204166
0.00267159
0.00323512
0.00373592
0.00417718
0.00456189
0.00489015
0.00515221
0.00535131
0.00562318
0.00629777
-0.0454263
-0.0384931
-0.0327247
-0.0279667
-0.0239083
-0.0204227
-0.0174018
-0.0147631
-0.0124419
-0.0103876
-0.00855966
-0.00692583
-0.00545984
-0.00414032
-0.00294976
-0.00187368
-0.000900131
-1.91657e-05
0.000777483
0.0014967
0.0021442
0.00272473
0.00324221
0.00370004
0.00410146
0.00444733
0.00472965
0.00494993
0.00522444
0.00585768
-0.0458925
-0.0390469
-0.0333654
-0.028652
-0.0246165
-0.0211375
-0.0181122
-0.0154616
-0.0131239
-0.0110502
-0.00920138
-0.00754595
-0.00605832
-0.00471753
-0.0035063
-0.00241036
-0.0014178
-0.000518706
0.00029524
0.001031
0.00169442
0.0022904
0.00282304
0.00329592
0.00371243
0.00407407
0.00437486
0.00461518
0.00488913
0.00546048
-0.0462687
-0.0394902
-0.0338857
-0.0292105
-0.025196
-0.0217247
-0.0186978
-0.0160393
-0.0136893
-0.0116007
-0.00973538
-0.00806265
-0.00655744
-0.00519916
-0.00397079
-0.00285821
-0.0018496
-0.000935069
-0.000106295
0.000643738
0.00132096
0.00193039
0.00247625
0.00296226
0.00339189
0.00376718
0.00408424
0.00434286
0.00461478
0.00511452
-0.0465639
-0.0398338
-0.0342952
-0.0296511
-0.0256549
-0.0221912
-0.0191643
-0.0165005
-0.0141418
-0.012042
-0.0101641
-0.00847797
-0.00695896
-0.00558683
-0.00434478
-0.0032188
-0.00219718
-0.00127007
-0.00042913
0.000332669
0.00102131
0.0016419
0.00219877
0.00269573
0.00313628
0.0035229
0.00385363
0.00412823
0.00439784
0.00482559
-0.0467872
-0.0400887
-0.0346042
-0.029984
-0.0260025
-0.0225455
-0.0195194
-0.0168523
-0.0144874
-0.0123796
-0.0104924
-0.0087963
-0.00726694
-0.00588433
-0.00463185
-0.00349561
-0.00246397
-0.00152711
-0.000676723
9.42542e-05
0.00079184
0.00142119
0.00198671
0.00249229
0.00294144
0.00333695
0.00367853
0.00396626
0.00423404
0.00459684
-0.0469473
-0.0402653
-0.0348229
-0.0302198
-0.0262491
-0.0227972
-0.0197721
-0.0171029
-0.014734
-0.0126207
-0.0107271
-0.00902399
-0.00748733
-0.0060973
-0.00483739
-0.00369382
-0.002655
-0.00171113
-0.000853913
-7.62933e-05
0.000627778
0.00126349
0.00183532
0.00234717
0.0028026
0.00320458
0.00355409
0.00385176
0.0041185
0.00442896
-0.047052
-0.0403737
-0.0349615
-0.0303689
-0.0264053
-0.0229568
-0.0199324
-0.0172621
-0.0148906
-0.0127739
-0.0108763
-0.00916881
-0.00762755
-0.00623282
-0.0049682
-0.00381997
-0.00277657
-0.00182822
-0.000966648
-0.000184774
0.000523454
0.00116325
0.00173912
0.00225502
0.00271448
0.00312062
0.00347523
0.00377951
0.00404593
0.00432038
-0.047105
-0.0404233
-0.0350279
-0.0304404
-0.0264801
-0.0230333
-0.0200092
-0.0173383
-0.0149657
-0.0128473
-0.0109478
-0.00923818
-0.00769471
-0.00629773
-0.00503086
-0.00388039
-0.00283479
-0.0018843
-0.00102063
-0.000236715
0.000473509
0.00111527
0.00169308
0.00221092
0.00267232
0.00308045
0.00343752
0.00374506
0.00401152
0.00426818
-0.047105
-0.0404233
-0.0350279
-0.0304404
-0.0264801
-0.0230333
-0.0200092
-0.0173383
-0.0149657
-0.0128473
-0.0109478
-0.00923817
-0.0076947
-0.00629771
-0.00503084
-0.00388037
-0.00283477
-0.00188428
-0.00102061
-0.000236695
0.00047353
0.00111529
0.0016931
0.00221094
0.00267234
0.00308047
0.00343754
0.00374508
0.00401155
0.00426821
-0.0470519
-0.0403736
-0.0349614
-0.0303689
-0.0264052
-0.0229568
-0.0199323
-0.017262
-0.0148906
-0.0127739
-0.0108763
-0.00916876
-0.00762749
-0.00623276
-0.00496814
-0.00381991
-0.00277651
-0.00182816
-0.000966588
-0.000184714
0.000523516
0.00116331
0.00173919
0.00225508
0.00271455
0.00312068
0.0034753
0.00377958
0.004046
0.00432044
-0.0469472
-0.0402652
-0.0348228
-0.0302197
-0.026249
-0.0227971
-0.019772
-0.0171029
-0.0147339
-0.0126206
-0.010727
-0.0090239
-0.00748724
-0.0060972
-0.0048373
-0.00369372
-0.0026549
-0.00171103
-0.000853813
-7.61912e-05
0.000627881
0.00126359
0.00183542
0.00234728
0.00280271
0.00320469
0.0035542
0.00385188
0.00411862
0.00442907
-0.0467871
-0.0400886
-0.034604
-0.0299839
-0.0260023
-0.0225453
-0.0195193
-0.0168521
-0.0144873
-0.0123795
-0.0104923
-0.00879617
-0.00726681
-0.0058842
-0.00463171
-0.00349547
-0.00246383
-0.00152697
-0.00067658
9.43986e-05
0.000791987
0.00142134
0.00198687
0.00249244
0.0029416
0.00333711
0.00367869
0.00396642
0.00423421
0.00459701
-0.0465638
-0.0398337
-0.034295
-0.029651
-0.0256547
-0.0221911
-0.0191642
-0.0165004
-0.0141416
-0.0120419
-0.010164
-0.0084778
-0.00695879
-0.00558666
-0.0043446
-0.00321863
-0.002197
-0.00126988
-0.000428945
0.000332856
0.00102151
0.0016421
0.00219897
0.00269593
0.00313648
0.0035231
0.00385384
0.00412844
0.00439805
0.0048258
-0.0462685
-0.03949
-0.0338855
-0.0292103
-0.0251958
-0.0217245
-0.0186976
-0.0160391
-0.0136891
-0.0116005
-0.00973518
-0.00806244
-0.00655723
-0.00519894
-0.00397058
-0.00285799
-0.00184938
-0.000934844
-0.000106067
0.00064397
0.0013212
0.00193063
0.00247649
0.00296251
0.00339214
0.00376743
0.00408449
0.00434312
0.00461504
0.00511478
-0.0458922
-0.0390467
-0.0333651
-0.0286518
-0.0246163
-0.0211372
-0.018112
-0.0154614
-0.0131237
-0.01105
-0.00920114
-0.00754571
-0.00605807
-0.00471727
-0.00350605
-0.0024101
-0.00141754
-0.000518437
0.000295513
0.00103128
0.00169471
0.00229069
0.00282333
0.00329622
0.00371273
0.00407437
0.00437517
0.00461549
0.00488945
0.00546079
-0.045426
-0.0384928
-0.0327244
-0.0279664
-0.0239081
-0.0204224
-0.0174016
-0.0147628
-0.0124416
-0.0103873
-0.00855939
-0.00692554
-0.00545955
-0.00414003
-0.00294946
-0.00187338
-0.000899821
-1.88514e-05
0.000777802
0.00149702
0.00214453
0.00272507
0.00324255
0.00370038
0.00410181
0.00444768
0.00473
0.00495029
0.0052248
0.00585804
-0.0448625
-0.0378185
-0.0319551
-0.0271473
-0.023066
-0.0195764
-0.0165643
-0.0139424
-0.0116429
-0.00961297
-0.00781085
-0.00620311
-0.00476289
-0.00346839
-0.00230182
-0.00124858
-0.000296656
0.000563869
0.00134118
0.00204203
0.00267197
0.00323551
0.00373631
0.00417758
0.00456229
0.00489056
0.00515261
0.00535172
0.00562359
0.00629818
-0.0441957
-0.0370128
-0.0310481
-0.0261876
-0.0220861
-0.018598
-0.015601
-0.0130025
-0.0107311
-0.0087316
-0.0069606
-0.00538369
-0.00397335
-0.00270739
-0.00156779
-0.000539857
0.000388409
0.00122684
0.00198348
0.00266487
0.00327631
0.003822
0.00430528
0.00472901
0.0050958
0.00540496
0.00564545
0.00582279
0.00608672
0.0067704
-0.0434164
-0.0360508
-0.0299779
-0.025065
-0.0209507
-0.0174741
-0.0145029
-0.0119378
-0.00970372
-0.00774273
-0.00600988
-0.00446979
-0.00309434
-0.00186101
-0.000751653
0.000248425
0.00115114
0.00196614
0.00270122
0.00336261
0.00395523
0.00448287
0.00494841
0.00535426
0.00570249
0.00599155
0.00620985
0.0063655
0.00661393
0.00726273
-0.0425086
-0.0348895
-0.0286958
-0.0237328
-0.0196172
-0.0161661
-0.0132345
-0.0107157
-0.00853039
-0.00661806
-0.00493222
-0.00343658
-0.00210255
-0.000907371
0.000167133
0.00113557
0.00200965
0.00279876
0.00351034
0.00415019
0.00472276
0.00523131
0.00567813
0.00606504
0.00639327
0.00666026
0.00685457
0.00698686
0.00720681
0.00776373
-0.0415075
-0.0335863
-0.0272777
-0.0222722
-0.0181626
-0.0147423
-0.0118531
-0.0093818
-0.00724513
-0.00538042
-0.00373987
-0.00228651
-0.00099141
0.000168244
0.00121056
0.00214992
0.00299773
0.00376294
0.00445247
0.00507152
0.00562382
0.00611182
0.00653693
0.0068998
0.00720021
0.00743457
0.00759332
0.00769094
0.00785795
0.00825042
-0.0406838
-0.0326133
-0.0263206
-0.0213201
-0.0172239
-0.0138218
-0.0109525
-0.00850143
-0.00638371
-0.00453576
-0.00290918
-0.0014667
-0.000179305
0.000975684
0.00201604
0.00295561
0.00380508
0.00457247
0.00526362
0.00588251
0.00643159
0.00691201
0.00732398
0.00766703
0.00793995
0.00814059
0.00826721
0.00834116
0.00845631
0.0086546
-0.0405325
-0.0325893
-0.0265913
-0.0217207
-0.0177004
-0.0143534
-0.01153
-0.00912063
-0.00704225
-0.00523159
-0.00363998
-0.00222947
-0.000970036
0.000162369
0.00118724
0.00212053
0.00297539
0.0037626
0.00449093
0.00516724
0.00579646
0.00638161
0.00692356
0.00742103
0.00787013
0.00826255
0.00858835
0.00884527
0.00903494
0.00908101
0.00842753
0.00793917
0.00733846
0.00672026
0.00613427
0.00558487
0.00506813
0.00458274
0.00412859
0.00370531
0.00331209
0.0029479
0.00261158
0.00230186
0.00201745
0.00175698
0.0015191
0.00130246
0.00110572
0.000927593
0.000766807
0.000622148
0.000492448
0.000376589
0.00027351
0.000182203
0.000101713
3.11405e-05
-3.03599e-05
-8.35828e-05
-0.000129272
-0.000168121
-0.000200779
-0.000227847
-0.000249884
-0.000267409
-0.0002809
-0.000290799
-0.000297513
-0.000301416
-0.00030285
-0.000302129
-0.00029954
-0.000295342
-0.000289774
-0.00028305
-0.000275364
-0.00026689
-0.000257788
-0.000248197
-0.000238245
-0.000228043
-0.000217692
-0.000207282
-0.000196898
-0.000186636
-0.000176546
-0.000166421
-0.000156301
-0.00014654
-0.000137148
-0.000128101
-0.000119399
-0.000111051
-0.000103065
-9.54437e-05
-8.81895e-05
-8.13012e-05
-7.47756e-05
-6.86079e-05
-6.27936e-05
-5.73387e-05
-5.22018e-05
-4.73894e-05
-4.28963e-05
-3.87099e-05
-3.48173e-05
-3.12063e-05
-2.78644e-05
-2.47792e-05
-2.19383e-05
-1.93291e-05
-1.69394e-05
-1.47571e-05
-1.27704e-05
-1.09678e-05
-9.33842e-06
-7.87171e-06
-6.55779e-06
-5.38751e-06
-4.3525e-06
-3.44541e-06
-2.66009e-06
-1.99175e-06
-1.43622e-06
-9.89479e-07
-6.56934e-07
-4.83664e-07
-5.31054e-07
-5.07754e-07
0.00764973
0.00742493
0.00701508
0.00652758
0.00605293
0.00560326
0.00517355
0.00476255
0.00437116
0.00400007
0.00364948
0.00331935
0.00300943
0.00271936
0.00244864
0.00219667
0.00196281
0.00174631
0.00154643
0.00136236
0.00119331
0.00103847
0.000897024
0.000768179
0.000651151
0.000545177
0.000449517
0.000363455
0.000286306
0.00021741
0.000156142
0.000101904
5.4132e-05
1.22906e-05
-2.41235e-05
-5.55838e-05
-8.25343e-05
-0.000105391
-0.000124541
-0.000140346
-0.000153141
-0.000163239
-0.000170927
-0.00017647
-0.000180114
-0.000182085
-0.000182587
-0.000181811
-0.000179928
-0.000177096
-0.000173455
-0.000169133
-0.000164246
-0.000158895
-0.000153164
-0.000147103
-0.000140765
-0.000134478
-0.0001283
-0.000121982
-0.000115621
-0.000109307
-0.000103084
-9.69849e-05
-9.10338e-05
-8.52523e-05
-7.96572e-05
-7.42612e-05
-6.90743e-05
-6.41058e-05
-5.9361e-05
-5.48598e-05
-5.05632e-05
-4.64906e-05
-4.26437e-05
-3.90185e-05
-3.561e-05
-3.24131e-05
-2.94219e-05
-2.66299e-05
-2.40304e-05
-2.16159e-05
-1.93792e-05
-1.73125e-05
-1.54082e-05
-1.36584e-05
-1.20557e-05
-1.05924e-05
-9.26138e-06
-8.05544e-06
-6.96794e-06
-5.99233e-06
-5.12276e-06
-4.35346e-06
-3.67748e-06
-3.08393e-06
-2.57161e-06
-2.20507e-06
-2.0787e-06
-1.53914e-06
0.00698905
0.00698641
0.00671636
0.00631952
0.00592416
0.00554782
0.00518331
0.00482891
0.00448609
0.0041562
0.00384007
0.00353825
0.00325111
0.00297886
0.00272155
0.00247912
0.00225137
0.00203802
0.00183871
0.00165303
0.00148049
0.00132058
0.00117277
0.0010365
0.000911181
0.000796246
0.000691115
0.000595217
0.000507988
0.000428878
0.000357352
0.000292894
0.000235004
0.000183205
0.000137041
9.60767e-05
5.98987e-05
2.81166e-05
3.61577e-07
-2.37136e-05
-4.4435e-05
-6.21081e-05
-7.70182e-05
-8.94314e-05
-9.95953e-05
-0.00010774
-0.000114077
-0.000118805
-0.000122103
-0.00012414
-0.000125068
-0.000125027
-0.000124146
-0.000122542
-0.00012032
-0.000117572
-0.000114382
-0.000110829
-0.000106996
-0.000102928
-9.86909e-05
-9.43429e-05
-8.99298e-05
-8.54893e-05
-8.10548e-05
-7.66555e-05
-7.23165e-05
-6.80592e-05
-6.39017e-05
-5.98597e-05
-5.59467e-05
-5.21758e-05
-4.85429e-05
-4.50598e-05
-4.17321e-05
-3.85622e-05
-3.55509e-05
-3.26983e-05
-3.00031e-05
-2.74633e-05
-2.50763e-05
-2.28385e-05
-2.0746e-05
-1.87945e-05
-1.69791e-05
-1.5295e-05
-1.37368e-05
-1.22993e-05
-1.0977e-05
-9.76443e-06
-8.65606e-06
-7.64627e-06
-6.72954e-06
-5.90017e-06
-5.14984e-06
-4.46347e-06
-3.8384e-06
-3.374e-06
-3.23215e-06
-2.43162e-06
0.00643147
0.00658311
0.00641633
0.00609505
0.00576788
0.00545443
0.0051461
0.00484104
0.00454114
0.00424822
0.00396354
0.0036881
0.00342273
0.00316807
0.0029246
0.00269266
0.00247244
0.00226402
0.00206735
0.00188232
0.00170873
0.00154631
0.00139476
0.0012537
0.00112276
0.0010015
0.00088951
0.000786327
0.000691505
0.000604592
0.000525138
0.000452698
0.000386838
0.000327133
0.000273173
0.000224562
0.000180917
0.000141875
0.000107087
7.62229e-05
4.89681e-05
2.5026e-05
4.11734e-06
-1.40213e-05
-2.96363e-05
-4.29589e-05
-5.42046e-05
-6.35743e-05
-7.12546e-05
-7.74189e-05
-8.22273e-05
-8.58278e-05
-8.83568e-05
-8.99395e-05
-9.06912e-05
-9.0717e-05
-9.01122e-05
-8.89605e-05
-8.73433e-05
-8.53365e-05
-8.30072e-05
-8.0415e-05
-7.76131e-05
-7.4649e-05
-7.15648e-05
-6.83978e-05
-6.51811e-05
-6.19435e-05
-5.87102e-05
-5.55033e-05
-5.23417e-05
-4.92416e-05
-4.62145e-05
-4.32722e-05
-4.04245e-05
-3.76788e-05
-3.50407e-05
-3.25145e-05
-3.01031e-05
-2.78082e-05
-2.56306e-05
-2.35701e-05
-2.16258e-05
-1.9796e-05
-1.80786e-05
-1.6471e-05
-1.49701e-05
-1.35724e-05
-1.22742e-05
-1.10714e-05
-9.95973e-06
-8.9345e-06
-7.991e-06
-7.12411e-06
-6.32538e-06
-5.577e-06
-4.87631e-06
-4.36007e-06
-4.2693e-06
-3.30107e-06
0.0059548
0.0062127
0.0061231
0.00586871
0.00560343
0.00534592
0.00508722
0.00482591
0.00456432
0.0043046
0.00404841
0.00379711
0.00355191
0.00331382
0.00308367
0.00286213
0.00264972
0.00244679
0.0022536
0.00207027
0.00189685
0.00173327
0.00157941
0.0014351
0.0013001
0.00117413
0.00105688
0.000948022
0.000847204
0.000754059
0.000668213
0.000589289
0.00051691
0.000450703
0.000390298
0.000335335
0.000285463
0.000240343
0.000199647
0.000163061
0.000130283
0.000101028
7.50205e-05
5.20038e-05
3.1733e-05
1.39777e-05
-1.4787e-06
-1.48394e-05
-2.62948e-05
-3.60223e-05
-4.41876e-05
-5.09443e-05
-5.64354e-05
-6.07927e-05
-6.41385e-05
-6.65851e-05
-6.82363e-05
-6.91876e-05
-6.95263e-05
-6.93324e-05
-6.86791e-05
-6.76332e-05
-6.6255e-05
-6.45991e-05
-6.27146e-05
-6.06455e-05
-5.84311e-05
-5.61066e-05
-5.37031e-05
-5.12481e-05
-4.87658e-05
-4.62773e-05
-4.38006e-05
-4.13515e-05
-3.89437e-05
-3.65888e-05
-3.42964e-05
-3.20745e-05
-2.99293e-05
-2.78659e-05
-2.58881e-05
-2.39986e-05
-2.2199e-05
-2.04902e-05
-1.88723e-05
-1.73447e-05
-1.59062e-05
-1.45552e-05
-1.32894e-05
-1.21062e-05
-1.10024e-05
-9.97458e-06
-9.01886e-06
-8.13132e-06
-7.30402e-06
-6.51747e-06
-5.76867e-06
-5.23024e-06
-5.22909e-06
-4.15827e-06
0.00556018
0.005882
0.00584929
0.0056535
0.00544306
0.00523417
0.0050184
0.00479505
0.00456681
0.00433616
0.00410504
0.00387515
0.003648
0.00342491
0.003207
0.00299523
0.00279034
0.00259297
0.00240358
0.00222251
0.00204999
0.00188615
0.00173103
0.00158458
0.00144672
0.00131729
0.00119608
0.00108286
0.000977359
0.000879297
0.000788361
0.000704235
0.000626592
0.000555103
0.000489437
0.000429268
0.000374272
0.000324133
0.000278543
0.000237202
0.000199823
0.000166128
0.000135852
0.000108742
8.45551e-05
6.30641e-05
4.40521e-05
2.73148e-05
1.26599e-05
-9.3208e-08
-1.11137e-05
-2.05599e-05
-2.85792e-05
-3.53092e-05
-4.08774e-05
-4.54021e-05
-4.89931e-05
-5.17518e-05
-5.37717e-05
-5.51384e-05
-5.5931e-05
-5.6222e-05
-5.60774e-05
-5.55575e-05
-5.4717e-05
-5.36051e-05
-5.22667e-05
-5.07417e-05
-4.90664e-05
-4.72729e-05
-4.53899e-05
-4.34428e-05
-4.14541e-05
-3.94433e-05
-3.7428e-05
-3.54231e-05
-3.34415e-05
-3.14943e-05
-2.95907e-05
-2.77387e-05
-2.59445e-05
-2.42133e-05
-2.2549e-05
-2.09547e-05
-1.94322e-05
-1.7983e-05
-1.66074e-05
-1.53053e-05
-1.40759e-05
-1.29179e-05
-1.18293e-05
-1.08078e-05
-9.85072e-06
-8.95527e-06
-8.11467e-06
-7.30827e-06
-6.53191e-06
-5.98961e-06
-6.0984e-06
-4.98138e-06
0.00524284
0.00559223
0.00560057
0.00545634
0.00529402
0.00512689
0.00494776
0.00475684
0.00455717
0.00435146
0.00414194
0.00393058
0.00371917
0.00350927
0.00330225
0.00309927
0.00290131
0.00270919
0.00252357
0.00234495
0.00217372
0.00201016
0.00185444
0.00170666
0.00156681
0.00143486
0.00131068
0.00119412
0.001085
0.000983078
0.000888117
0.000799845
0.000717983
0.000642238
0.000572316
0.000507916
0.000448742
0.000394497
0.000344891
0.00029964
0.000258467
0.000221103
0.000187292
0.000156784
0.000129342
0.00010474
8.27615e-05
6.32028e-05
4.58701e-05
3.05811e-05
1.71638e-05
5.45694e-06
-4.69081e-06
-1.34207e-05
-2.08649e-05
-2.71461e-05
-3.23787e-05
-3.66688e-05
-4.01145e-05
-4.28066e-05
-4.4829e-05
-4.62586e-05
-4.71663e-05
-4.76169e-05
-4.76695e-05
-4.7378e-05
-4.67913e-05
-4.59539e-05
-4.49058e-05
-4.36831e-05
-4.23184e-05
-4.08406e-05
-3.92756e-05
-3.76465e-05
-3.59735e-05
-3.42748e-05
-3.2566e-05
-3.08608e-05
-2.91709e-05
-2.75065e-05
-2.58762e-05
-2.42871e-05
-2.27451e-05
-2.1255e-05
-1.98205e-05
-1.84443e-05
-1.71285e-05
-1.58742e-05
-1.46819e-05
-1.35515e-05
-1.24821e-05
-1.14725e-05
-1.0521e-05
-9.62636e-06
-8.78298e-06
-7.96971e-06
-7.17988e-06
-6.64297e-06
-6.8672e-06
-5.75242e-06
0.00499476
0.00534312
0.00538051
0.00528145
0.00516082
0.00502904
0.00488076
0.00471714
0.00454152
0.00435684
0.00416556
0.00396992
0.0037719
0.0035733
0.00337567
0.00318036
0.00298853
0.00280113
0.002619
0.00244276
0.00227296
0.00210996
0.00195407
0.00180547
0.00166426
0.00153048
0.00140408
0.00128498
0.00117305
0.00106812
0.000969996
0.000878442
0.00079322
0.000714072
0.000640731
0.000572924
0.000510372
0.0004528
0.000399932
0.000351496
0.000307227
0.000266864
0.000230157
0.000196862
0.000166746
0.000139583
0.00011516
9.32734e-05
7.37282e-05
5.63411e-05
4.09386e-05
2.73569e-05
1.54421e-05
5.04989e-06
-3.95511e-06
-1.16994e-05
-1.83007e-05
-2.38691e-05
-2.85064e-05
-3.23072e-05
-3.53591e-05
-3.77432e-05
-3.95339e-05
-4.07999e-05
-4.16038e-05
-4.20032e-05
-4.20506e-05
-4.17938e-05
-4.12761e-05
-4.0537e-05
-3.96118e-05
-3.85328e-05
-3.73285e-05
-3.60246e-05
-3.46442e-05
-3.32076e-05
-3.17329e-05
-3.02358e-05
-2.87303e-05
-2.72283e-05
-2.57404e-05
-2.42753e-05
-2.28405e-05
-2.14424e-05
-2.00861e-05
-1.87756e-05
-1.75142e-05
-1.63042e-05
-1.51472e-05
-1.40441e-05
-1.29951e-05
-1.2e-05
-1.10582e-05
-1.01695e-05
-9.32999e-06
-8.51819e-06
-7.724e-06
-7.19498e-06
-7.52933e-06
-6.45848e-06
0.00480689
0.00513343
0.00519115
0.00513116
0.00504592
0.00494352
0.00482074
0.00467968
0.00452392
0.0043566
0.00418041
0.00399778
0.0038109
0.00362173
0.00343198
0.00324316
0.00305654
0.00287324
0.00269418
0.00252012
0.00235169
0.00218937
0.00203354
0.00188447
0.00174233
0.00160722
0.00147917
0.00135814
0.00124406
0.00113681
0.00103621
0.000942079
0.000854209
0.000772369
0.000696314
0.000625793
0.000560546
0.000500312
0.000444828
0.000393834
0.000347074
0.000304294
0.00026525
0.000229702
0.000197421
0.000168183
0.000141778
0.000118
9.66555e-05
7.75609e-05
6.05409e-05
4.54304e-05
3.20733e-05
2.0323e-05
1.00416e-05
1.10005e-06
-6.62259e-06
-1.32389e-05
-1.88538e-05
-2.35648e-05
-2.74629e-05
-3.06319e-05
-3.31496e-05
-3.50874e-05
-3.6511e-05
-3.74809e-05
-3.80524e-05
-3.82759e-05
-3.81976e-05
-3.78594e-05
-3.72993e-05
-3.65517e-05
-3.56476e-05
-3.46149e-05
-3.34787e-05
-3.22613e-05
-3.09826e-05
-2.96602e-05
-2.83097e-05
-2.69447e-05
-2.55771e-05
-2.42172e-05
-2.28738e-05
-2.15544e-05
-2.02653e-05
-1.90117e-05
-1.77978e-05
-1.66271e-05
-1.55019e-05
-1.44242e-05
-1.3395e-05
-1.24149e-05
-1.14844e-05
-1.06042e-05
-9.772e-06
-8.96667e-06
-8.1734e-06
-7.65033e-06
-8.0818e-06
-7.09092e-06
0.00466959
0.00496125
0.00503322
0.00500632
0.00495031
0.00487173
0.00476956
0.00464671
0.00450696
0.00435362
0.00418959
0.00401746
0.00383959
0.00365807
0.00347474
0.00329122
0.00310891
0.00292901
0.00275254
0.00258036
0.00241316
0.00225151
0.00209586
0.00194652
0.00180375
0.00166769
0.00153842
0.00141595
0.00130024
0.0011912
0.0010887
0.000992582
0.000902658
0.000818721
0.000740548
0.000667902
0.00060054
0.000538213
0.00048067
0.00042766
0.000378932
0.000334241
0.000293346
0.000256013
0.000222014
0.00019113
0.000163147
0.000137865
0.000115088
9.46329e-05
7.6323e-05
5.99921e-05
4.5483e-05
3.26471e-05
2.13448e-05
1.14447e-05
2.82398e-06
-4.63257e-06
-1.10315e-05
-1.64728e-05
-2.10501e-05
-2.485e-05
-2.79523e-05
-3.04307e-05
-3.23535e-05
-3.37832e-05
-3.47773e-05
-3.53886e-05
-3.56653e-05
-3.56514e-05
-3.53867e-05
-3.49076e-05
-3.4247e-05
-3.34344e-05
-3.24967e-05
-3.14576e-05
-3.03387e-05
-2.91589e-05
-2.79351e-05
-2.66823e-05
-2.54135e-05
-2.41401e-05
-2.2872e-05
-2.16177e-05
-2.03845e-05
-1.91785e-05
-1.80047e-05
-1.68672e-05
-1.57694e-05
-1.47138e-05
-1.37024e-05
-1.27365e-05
-1.18171e-05
-1.09461e-05
-1.01226e-05
-9.326e-06
-8.53638e-06
-8.01447e-06
-8.52495e-06
-7.64489e-06
0.00457336
0.00482423
0.00490638
0.00490664
0.00487393
0.00481404
0.00472802
0.00461942
0.00449218
0.00434976
0.00419521
0.00403128
0.00386046
0.00368494
0.00350665
0.00332732
0.00314842
0.00297124
0.00279686
0.0026262
0.00246004
0.00229898
0.00214353
0.00199407
0.00185087
0.00171414
0.00158398
0.00146044
0.00134352
0.00123314
0.0011292
0.00103158
0.000940097
0.000854565
0.000774775
0.000700507
0.000631527
0.000567597
0.000508473
0.000453913
0.000403672
0.000357509
0.000315189
0.000276479
0.000241154
0.000208996
0.000179795
0.000153349
0.000129463
0.000107954
8.86441e-05
7.13668e-05
5.59637e-05
4.2285e-05
3.01895e-05
1.95445e-05
1.0225e-05
2.11427e-06
-4.89525e-06
-1.09046e-05
-1.6011e-05
-2.03026e-05
-2.38608e-05
-2.67613e-05
-2.90738e-05
-3.08627e-05
-3.21874e-05
-3.31021e-05
-3.36566e-05
-3.38966e-05
-3.38635e-05
-3.35951e-05
-3.31255e-05
-3.2486e-05
-3.17042e-05
-3.08056e-05
-2.98124e-05
-2.87451e-05
-2.76214e-05
-2.64572e-05
-2.52666e-05
-2.40618e-05
-2.28536e-05
-2.16513e-05
-2.04627e-05
-1.92948e-05
-1.81533e-05
-1.70429e-05
-1.59675e-05
-1.49303e-05
-1.39339e-05
-1.29802e-05
-1.20708e-05
-1.12084e-05
-1.03932e-05
-9.60584e-06
-8.82079e-06
-8.2939e-06
-8.86206e-06
-8.11863e-06
0.00450941
0.00471988
0.00480949
0.00483101
0.00481597
0.00477012
0.0046962
0.00459828
0.00448039
0.00434612
0.00419866
0.00404086
0.00387531
0.00370427
0.00352977
0.00335359
0.00317726
0.00300214
0.00282935
0.00265987
0.00249451
0.00233393
0.00217867
0.00202915
0.00188567
0.00174847
0.00161768
0.00149337
0.00137557
0.00126422
0.00115924
0.00106052
0.000967891
0.000881188
0.000800211
0.000724748
0.000654575
0.000589462
0.000529171
0.000473465
0.000422104
0.000374852
0.000331475
0.000291744
0.000255436
0.000222333
0.000192227
0.000164916
0.000140206
0.000117913
9.78589e-05
7.98772e-05
6.38084e-05
4.95018e-05
3.68153e-05
2.56149e-05
1.57743e-05
7.17419e-06
-2.9158e-07
-6.72358e-06
-1.22246e-05
-1.68835e-05
-2.07826e-05
-2.39987e-05
-2.66028e-05
-2.86606e-05
-3.02327e-05
-3.13746e-05
-3.21374e-05
-3.25677e-05
-3.27083e-05
-3.25979e-05
-3.22719e-05
-3.17621e-05
-3.10977e-05
-3.03046e-05
-2.94062e-05
-2.84235e-05
-2.73752e-05
-2.6278e-05
-2.51464e-05
-2.39936e-05
-2.28307e-05
-2.16677e-05
-2.05132e-05
-1.93743e-05
-1.82575e-05
-1.71678e-05
-1.61097e-05
-1.50869e-05
-1.41023e-05
-1.31584e-05
-1.22573e-05
-1.1402e-05
-1.05938e-05
-9.81494e-06
-9.03434e-06
-8.496e-06
-9.09886e-06
-8.51256e-06
0.00447003
0.00464563
0.00474078
0.00477778
0.00477521
0.00473918
0.00467375
0.00458329
0.00447193
0.00434335
0.00420082
0.0040473
0.00388542
0.00371752
0.00354567
0.00337169
0.00319717
0.00302349
0.00285183
0.00268318
0.0025184
0.00235817
0.00220306
0.0020535
0.00190984
0.00177233
0.00164111
0.00151628
0.00139787
0.00128585
0.00118016
0.00108067
0.000987259
0.000899746
0.000817946
0.000741655
0.000670654
0.00060472
0.000543618
0.000487116
0.000434977
0.000386967
0.000342855
0.000302413
0.000265419
0.000231658
0.000200921
0.000173007
0.000147723
0.000124882
0.000104309
8.5836e-05
6.93025e-05
5.45577e-05
4.14585e-05
2.98706e-05
1.96664e-05
1.07205e-05
2.93321e-06
-3.78905e-06
-9.56555e-06
-1.44819e-05
-1.86198e-05
-2.20568e-05
-2.48651e-05
-2.71113e-05
-2.88567e-05
-3.01578e-05
-3.10665e-05
-3.16303e-05
-3.18926e-05
-3.1893e-05
-3.16677e-05
-3.12491e-05
-3.0667e-05
-2.9948e-05
-2.91162e-05
-2.8193e-05
-2.71978e-05
-2.61476e-05
-2.50577e-05
-2.39414e-05
-2.28106e-05
-2.16754e-05
-2.05448e-05
-1.94266e-05
-1.83272e-05
-1.72523e-05
-1.62066e-05
-1.51941e-05
-1.42181e-05
-1.32814e-05
-1.23864e-05
-1.15363e-05
-1.07332e-05
-9.96138e-06
-9.18456e-06
-8.62874e-06
-9.24298e-06
-8.8286e-06
0.0044488
0.00459905
0.00469807
0.004745
0.00475015
0.00472019
0.00466001
0.00457417
0.00446684
0.00434176
0.00420228
0.0040514
0.00389178
0.00372581
0.00355559
0.00338297
0.00320956
0.00303677
0.0028658
0.00269767
0.00253324
0.00237323
0.00221821
0.00206863
0.00192486
0.00178714
0.00165566
0.00153051
0.00141173
0.00129929
0.00119315
0.0010932
0.000999292
0.000911276
0.000828966
0.00075216
0.000680647
0.000614202
0.000552597
0.0004956
0.000442978
0.000394497
0.000349928
0.000309045
0.000271626
0.000237456
0.000206327
0.000178038
0.000152396
0.000129216
0.000108321
8.95419e-05
7.27198e-05
5.77027e-05
4.43476e-05
3.25208e-05
2.20925e-05
1.29177e-05
4.92776e-06
-1.95781e-06
-7.9073e-06
-1.29861e-05
-1.7273e-05
-2.08477e-05
-2.37831e-05
-2.61465e-05
-2.79997e-05
-2.93998e-05
-3.03993e-05
-3.10461e-05
-3.13841e-05
-3.14535e-05
-3.12908e-05
-3.09289e-05
-3.03981e-05
-2.97252e-05
-2.89348e-05
-2.80487e-05
-2.70865e-05
-2.60656e-05
-2.50016e-05
-2.39081e-05
-2.27971e-05
-2.16793e-05
-2.05637e-05
-1.94583e-05
-1.83698e-05
-1.73042e-05
-1.62662e-05
-1.52602e-05
-1.42896e-05
-1.33575e-05
-1.24663e-05
-1.16194e-05
-1.08196e-05
-1.00529e-05
-9.27875e-06
-8.70081e-06
-9.3049e-06
-9.06728e-06
0.00444059
0.00457766
0.00467878
0.00473037
0.00473905
0.00471186
0.00465409
0.00457036
0.00446487
0.00434139
0.00420329
0.0040536
0.00389502
0.00372992
0.00356044
0.00338844
0.00321553
0.00304314
0.00287248
0.00270457
0.0025403
0.00238037
0.00222538
0.00207579
0.00193196
0.00179414
0.00166253
0.00153722
0.00141825
0.00130562
0.00119927
0.00109909
0.00100495
0.000916696
0.000834143
0.000757094
0.000685338
0.000618652
0.00055681
0.00049958
0.000446729
0.000398027
0.000353243
0.000312152
0.000274532
0.00024017
0.000208857
0.000180392
0.000154583
0.000131243
0.000110196
9.12742e-05
7.43167e-05
5.91722e-05
4.56979e-05
3.37624e-05
2.32334e-05
1.39081e-05
5.85006e-06
-1.08464e-06
-7.12697e-06
-1.22872e-05
-1.66451e-05
-2.02845e-05
-2.32795e-05
-2.56976e-05
-2.76012e-05
-2.90476e-05
-3.00894e-05
-3.07749e-05
-3.11483e-05
-3.12498e-05
-3.11162e-05
-3.07808e-05
-3.02738e-05
-2.96224e-05
-2.88513e-05
-2.79824e-05
-2.70355e-05
-2.60283e-05
-2.49762e-05
-2.38933e-05
-2.27916e-05
-2.16818e-05
-2.05731e-05
-1.94736e-05
-1.83902e-05
-1.73288e-05
-1.62945e-05
-1.52914e-05
-1.43233e-05
-1.33933e-05
-1.25039e-05
-1.16584e-05
-1.086e-05
-1.00963e-05
-9.32352e-06
-8.72604e-06
-9.30949e-06
-9.21137e-06
0.00444062
0.00457768
0.0046788
0.00473039
0.00473907
0.00471188
0.00465411
0.00457038
0.00446488
0.0043414
0.00420331
0.00405362
0.00389503
0.00372994
0.00356046
0.00338845
0.00321554
0.00304315
0.00287249
0.00270458
0.00254031
0.00238038
0.00222539
0.0020758
0.00193197
0.00179415
0.00166254
0.00153722
0.00141826
0.00130563
0.00119927
0.00109909
0.00100496
0.000916701
0.000834149
0.0007571
0.000685343
0.000618657
0.000556814
0.000499584
0.000446734
0.000398031
0.000353247
0.000312155
0.000274536
0.000240174
0.000208861
0.000180396
0.000154586
0.000131246
0.000110199
9.12772e-05
7.43197e-05
5.9175e-05
4.57007e-05
3.3765e-05
2.32358e-05
1.39111e-05
5.85286e-06
-1.08254e-06
-7.12477e-06
-1.22849e-05
-1.66429e-05
-2.02823e-05
-2.32774e-05
-2.56956e-05
-2.75992e-05
-2.90457e-05
-3.00875e-05
-3.07731e-05
-3.11465e-05
-3.12481e-05
-3.11146e-05
-3.07792e-05
-3.02722e-05
-2.96209e-05
-2.88498e-05
-2.79809e-05
-2.70341e-05
-2.60269e-05
-2.49749e-05
-2.3892e-05
-2.27904e-05
-2.16806e-05
-2.0572e-05
-1.94725e-05
-1.83892e-05
-1.73278e-05
-1.62934e-05
-1.52904e-05
-1.43224e-05
-1.33924e-05
-1.25031e-05
-1.16577e-05
-1.08594e-05
-1.00957e-05
-9.32303e-06
-8.72565e-06
-9.3092e-06
-9.21123e-06
0.00444887
0.00459911
0.00469814
0.00474506
0.00475021
0.00472024
0.00466006
0.00457422
0.00446689
0.00434181
0.00420232
0.00405144
0.00389182
0.00372585
0.00355563
0.003383
0.0032096
0.0030368
0.00286583
0.0026977
0.00253327
0.00237325
0.00221823
0.00206866
0.00192488
0.00178717
0.00165568
0.00153053
0.00141175
0.00129931
0.00119317
0.00109321
0.000999309
0.000911293
0.000828982
0.000752176
0.000680662
0.000614216
0.000552611
0.000495614
0.000442991
0.00039451
0.00034994
0.000309057
0.000271637
0.000237467
0.000206338
0.000178049
0.000152406
0.000129226
0.00010833
8.95512e-05
7.27287e-05
5.77113e-05
4.4356e-05
3.25289e-05
2.21004e-05
1.29257e-05
4.93538e-06
-1.9507e-06
-7.90035e-06
-1.29793e-05
-1.72664e-05
-2.08412e-05
-2.37768e-05
-2.61404e-05
-2.79937e-05
-2.9394e-05
-3.03936e-05
-3.10405e-05
-3.13787e-05
-3.14483e-05
-3.12857e-05
-3.0924e-05
-3.03932e-05
-2.97205e-05
-2.89302e-05
-2.80443e-05
-2.70822e-05
-2.60615e-05
-2.49976e-05
-2.39042e-05
-2.27934e-05
-2.16757e-05
-2.05602e-05
-1.94549e-05
-1.83666e-05
-1.7301e-05
-1.62632e-05
-1.52572e-05
-1.42868e-05
-1.33549e-05
-1.24639e-05
-1.16172e-05
-1.08176e-05
-1.00512e-05
-9.27731e-06
-8.69966e-06
-9.30408e-06
-9.06688e-06
0.00447015
0.00464574
0.00474088
0.00477789
0.00477531
0.00473927
0.00467383
0.00458338
0.00447201
0.00434342
0.0042009
0.00404737
0.00388549
0.00371759
0.00354573
0.00337175
0.00319723
0.00302354
0.00285188
0.00268323
0.00251845
0.00235821
0.0022031
0.00205354
0.00190988
0.00177236
0.00164114
0.00151632
0.0013979
0.00128589
0.00118019
0.0010807
0.000987288
0.000899774
0.000817973
0.000741681
0.00067068
0.000604744
0.000543642
0.000487139
0.000434999
0.000386989
0.000342876
0.000302433
0.000265439
0.000231678
0.00020094
0.000173025
0.00014774
0.000124899
0.000104326
8.58517e-05
6.93178e-05
5.45724e-05
4.14729e-05
2.98845e-05
1.96798e-05
1.07337e-05
2.94592e-06
-3.7768e-06
-9.55365e-06
-1.44704e-05
-1.86085e-05
-2.20458e-05
-2.48545e-05
-2.71009e-05
-2.88466e-05
-3.01479e-05
-3.10569e-05
-3.16209e-05
-3.18835e-05
-3.18842e-05
-3.1659e-05
-3.12407e-05
-3.06588e-05
-2.99401e-05
-2.91085e-05
-2.81855e-05
-2.71905e-05
-2.61406e-05
-2.50509e-05
-2.39348e-05
-2.28041e-05
-2.16692e-05
-2.05388e-05
-1.94207e-05
-1.83215e-05
-1.72468e-05
-1.62013e-05
-1.5189e-05
-1.42132e-05
-1.32769e-05
-1.23823e-05
-1.15326e-05
-1.073e-05
-9.95856e-06
-9.18219e-06
-8.62688e-06
-9.24168e-06
-8.82799e-06
0.00450958
0.00472003
0.00480964
0.00483115
0.00481611
0.00477025
0.00469633
0.0045984
0.00448051
0.00434623
0.00419876
0.00404096
0.0038754
0.00370436
0.00352986
0.00335367
0.00317734
0.00300221
0.00282942
0.00265994
0.00249458
0.002334
0.00217873
0.00202921
0.00188573
0.00174852
0.00161773
0.00149342
0.00137562
0.00126426
0.00115929
0.00106056
0.000967933
0.000881229
0.000800251
0.000724786
0.000654612
0.000589497
0.000529206
0.000473499
0.000422137
0.000374884
0.000331506
0.000291774
0.000255464
0.000222361
0.000192254
0.000164942
0.000140231
0.000117937
9.78823e-05
7.98998e-05
6.38303e-05
4.9523e-05
3.68359e-05
2.56348e-05
1.57936e-05
7.19293e-06
-2.73435e-07
-6.70599e-06
-1.22075e-05
-1.68669e-05
-2.07665e-05
-2.3983e-05
-2.65875e-05
-2.86457e-05
-3.02182e-05
-3.13604e-05
-3.21235e-05
-3.25542e-05
-3.26951e-05
-3.2585e-05
-3.22593e-05
-3.17499e-05
-3.10858e-05
-3.0293e-05
-2.93949e-05
-2.84126e-05
-2.73646e-05
-2.62676e-05
-2.51364e-05
-2.39839e-05
-2.28213e-05
-2.16586e-05
-2.05043e-05
-1.93657e-05
-1.82491e-05
-1.71596e-05
-1.61018e-05
-1.50793e-05
-1.40951e-05
-1.31516e-05
-1.22512e-05
-1.13966e-05
-1.05891e-05
-9.81092e-06
-9.03102e-06
-8.49343e-06
-9.09711e-06
-8.51177e-06
0.00457357
0.00482444
0.00490657
0.00490682
0.0048741
0.00481421
0.00472818
0.00461957
0.00449233
0.0043499
0.00419534
0.00403141
0.00386058
0.00368505
0.00350677
0.00332743
0.00314852
0.00297134
0.00279695
0.00262629
0.00246012
0.00229906
0.00214361
0.00199414
0.00185095
0.00171421
0.00158405
0.00146051
0.00134358
0.0012332
0.00112926
0.00103164
0.000940153
0.000854619
0.000774828
0.000700557
0.000631576
0.000567644
0.000508519
0.000453957
0.000403715
0.000357551
0.000315229
0.000276518
0.000241192
0.000209033
0.000179831
0.000153383
0.000129497
0.000107986
8.8675e-05
7.13968e-05
5.59926e-05
4.2313e-05
3.02166e-05
1.95708e-05
1.02505e-05
2.13899e-06
-4.87126e-06
-1.08814e-05
-1.59884e-05
-2.02806e-05
-2.38394e-05
-2.67404e-05
-2.90534e-05
-3.08429e-05
-3.2168e-05
-3.30832e-05
-3.36382e-05
-3.38786e-05
-3.38459e-05
-3.35779e-05
-3.31087e-05
-3.24696e-05
-3.16882e-05
-3.079e-05
-2.97973e-05
-2.87303e-05
-2.7607e-05
-2.64432e-05
-2.5253e-05
-2.40486e-05
-2.28408e-05
-2.16388e-05
-2.04507e-05
-1.92831e-05
-1.81419e-05
-1.70317e-05
-1.59567e-05
-1.49199e-05
-1.39239e-05
-1.29708e-05
-1.20623e-05
-1.12009e-05
-1.03868e-05
-9.6005e-06
-8.81645e-06
-8.29058e-06
-8.85984e-06
-8.11767e-06
0.00466985
0.00496149
0.00503346
0.00500655
0.00495053
0.00487194
0.00476976
0.0046469
0.00450714
0.0043538
0.00418975
0.00401762
0.00383974
0.00365821
0.00347488
0.00329135
0.00310904
0.00292913
0.00275266
0.00258047
0.00241327
0.00225161
0.00209595
0.00194662
0.00180385
0.00166778
0.00153851
0.00141604
0.00130032
0.00119128
0.00108878
0.000992655
0.000902728
0.000818789
0.000740613
0.000667965
0.000600602
0.000538273
0.000480728
0.000427715
0.000378986
0.000334293
0.000293397
0.000256062
0.000222062
0.000191175
0.000163192
0.000137908
0.00011513
9.46732e-05
7.6362e-05
6.00299e-05
4.55196e-05
3.26825e-05
2.13791e-05
1.1478e-05
2.85621e-06
-4.6013e-06
-1.10012e-05
-1.64433e-05
-2.10215e-05
-2.48221e-05
-2.79251e-05
-3.04042e-05
-3.23276e-05
-3.37579e-05
-3.47526e-05
-3.53645e-05
-3.56418e-05
-3.56283e-05
-3.53642e-05
-3.48856e-05
-3.42255e-05
-3.34134e-05
-3.24762e-05
-3.14376e-05
-3.03192e-05
-2.91399e-05
-2.79166e-05
-2.66643e-05
-2.5396e-05
-2.41231e-05
-2.28555e-05
-2.16017e-05
-2.0369e-05
-1.91634e-05
-1.799e-05
-1.68529e-05
-1.57556e-05
-1.47004e-05
-1.36896e-05
-1.27244e-05
-1.18061e-05
-1.09363e-05
-1.01142e-05
-9.31908e-06
-8.53089e-06
-8.01035e-06
-8.52225e-06
-7.64376e-06
0.0048072
0.00513373
0.00519143
0.00513144
0.00504618
0.00494377
0.00482098
0.00467991
0.00452414
0.00435681
0.0041806
0.00399796
0.00381108
0.0036219
0.00343215
0.00324331
0.00305669
0.00287338
0.00269432
0.00252025
0.00235182
0.00218949
0.00203366
0.00188458
0.00174244
0.00160733
0.00147927
0.00135824
0.00124416
0.0011369
0.0010363
0.000942166
0.000854294
0.000772451
0.000696394
0.00062587
0.000560621
0.000500384
0.000444898
0.000393902
0.00034714
0.000304358
0.000265312
0.000229762
0.000197479
0.00016824
0.000141832
0.000118052
9.67066e-05
7.76104e-05
6.05889e-05
4.54769e-05
3.21183e-05
2.03666e-05
1.00839e-05
1.14103e-06
-6.58284e-06
-1.32003e-05
-1.88163e-05
-2.35284e-05
-2.74274e-05
-3.05974e-05
-3.3116e-05
-3.50546e-05
-3.6479e-05
-3.74496e-05
-3.80218e-05
-3.8246e-05
-3.81684e-05
-3.78308e-05
-3.72713e-05
-3.65244e-05
-3.56209e-05
-3.45889e-05
-3.34533e-05
-3.22365e-05
-3.09584e-05
-2.96367e-05
-2.82868e-05
-2.69225e-05
-2.55555e-05
-2.41962e-05
-2.28534e-05
-2.15347e-05
-2.02462e-05
-1.89932e-05
-1.77799e-05
-1.66097e-05
-1.54851e-05
-1.44079e-05
-1.33794e-05
-1.24002e-05
-1.14707e-05
-1.0592e-05
-9.76149e-06
-8.958e-06
-8.16659e-06
-7.64534e-06
-8.07859e-06
-7.08962e-06
0.00499512
0.00534346
0.00538084
0.00528176
0.00516112
0.00502933
0.00488103
0.0047174
0.00454177
0.00435708
0.00416579
0.00397013
0.00377211
0.0035735
0.00337587
0.00318055
0.0029887
0.0028013
0.00261916
0.00244292
0.00227311
0.00211011
0.00195421
0.00180561
0.00166439
0.0015306
0.0014042
0.0012851
0.00117317
0.00106824
0.000970103
0.000878546
0.000793321
0.00071417
0.000640826
0.000573015
0.000510461
0.000452886
0.000400016
0.000351577
0.000307306
0.000266941
0.000230231
0.000196934
0.000166816
0.000139651
0.000115226
9.33371e-05
7.379e-05
5.6401e-05
4.09967e-05
2.74131e-05
1.54967e-05
5.10279e-06
-3.90377e-06
-1.16496e-05
-1.82524e-05
-2.38222e-05
-2.84608e-05
-3.22628e-05
-3.53159e-05
-3.77011e-05
-3.94929e-05
-4.07599e-05
-4.15647e-05
-4.19651e-05
-4.20133e-05
-4.17574e-05
-4.12405e-05
-4.05022e-05
-3.95779e-05
-3.84996e-05
-3.72961e-05
-3.59931e-05
-3.46135e-05
-3.31777e-05
-3.17038e-05
-3.02075e-05
-2.87028e-05
-2.72017e-05
-2.57145e-05
-2.42502e-05
-2.28164e-05
-2.1419e-05
-2.00635e-05
-1.87538e-05
-1.74932e-05
-1.62839e-05
-1.51276e-05
-1.40252e-05
-1.29771e-05
-1.19829e-05
-1.10424e-05
-1.01551e-05
-9.31747e-06
-8.50776e-06
-7.71581e-06
-7.18904e-06
-7.52562e-06
-6.45704e-06
0.00524324
0.00559262
0.00560095
0.00545669
0.00529437
0.00512721
0.00494807
0.00475714
0.00455746
0.00435173
0.0041422
0.00393084
0.00371941
0.0035095
0.00330247
0.00309948
0.00290152
0.00270939
0.00252376
0.00234513
0.00217389
0.00201033
0.00185461
0.00170681
0.00156696
0.001435
0.00131082
0.00119426
0.00108513
0.000983207
0.000888241
0.000799966
0.0007181
0.000642352
0.000572426
0.000508024
0.000448846
0.000394599
0.00034499
0.000299736
0.00025856
0.000221194
0.00018738
0.000156869
0.000129425
0.00010482
8.28397e-05
6.32787e-05
4.59438e-05
3.06526e-05
1.72332e-05
5.52433e-06
-4.62538e-06
-1.33572e-05
-2.08032e-05
-2.70862e-05
-3.23206e-05
-3.66123e-05
-4.00596e-05
-4.27533e-05
-4.4777e-05
-4.6208e-05
-4.7117e-05
-4.75688e-05
-4.76225e-05
-4.73321e-05
-4.67466e-05
-4.59102e-05
-4.48631e-05
-4.36415e-05
-4.22778e-05
-4.0801e-05
-3.92371e-05
-3.7609e-05
-3.59371e-05
-3.42394e-05
-3.25317e-05
-3.08275e-05
-2.91387e-05
-2.74754e-05
-2.58461e-05
-2.42581e-05
-2.27172e-05
-2.12282e-05
-1.97947e-05
-1.84196e-05
-1.71048e-05
-1.58514e-05
-1.46601e-05
-1.35306e-05
-1.24621e-05
-1.14536e-05
-1.05034e-05
-9.61032e-06
-8.76886e-06
-7.9578e-06
-7.17046e-06
-6.63613e-06
-6.863e-06
-5.75084e-06
0.00556063
0.00588243
0.00584971
0.0056539
0.00544344
0.00523453
0.00501875
0.00479538
0.00456713
0.00433647
0.00410533
0.00387543
0.00364827
0.00342517
0.00320725
0.00299547
0.00279058
0.00259319
0.0024038
0.00222272
0.00205019
0.00188634
0.00173121
0.00158476
0.00144689
0.00131745
0.00119624
0.00108301
0.000977511
0.000879444
0.000788504
0.000704374
0.000626727
0.000555234
0.000489565
0.000429392
0.000374393
0.000324251
0.000278657
0.000237313
0.000199931
0.000166233
0.000135955
0.000108841
8.46521e-05
6.31584e-05
4.41439e-05
2.74041e-05
1.27468e-05
-8.78275e-09
-1.10316e-05
-2.04801e-05
-2.85017e-05
-3.52339e-05
-4.08042e-05
-4.53311e-05
-4.8924e-05
-5.16847e-05
-5.37063e-05
-5.50749e-05
-5.58692e-05
-5.61617e-05
-5.60187e-05
-5.55003e-05
-5.46612e-05
-5.35507e-05
-5.22136e-05
-5.069e-05
-4.9016e-05
-4.72237e-05
-4.5342e-05
-4.33963e-05
-4.14089e-05
-3.93995e-05
-3.73856e-05
-3.5382e-05
-3.34018e-05
-3.14559e-05
-2.95538e-05
-2.77031e-05
-2.59103e-05
-2.41805e-05
-2.25176e-05
-2.09245e-05
-1.94035e-05
-1.79555e-05
-1.65812e-05
-1.52804e-05
-1.40522e-05
-1.28954e-05
-1.1808e-05
-1.07877e-05
-9.83201e-06
-8.93816e-06
-8.09952e-06
-7.29537e-06
-6.52162e-06
-5.9821e-06
-6.09381e-06
-4.97971e-06
0.00595529
0.00621318
0.00612356
0.00586915
0.00560386
0.00534632
0.00508761
0.00482628
0.00456467
0.00430494
0.00404874
0.00379743
0.00355221
0.00331411
0.00308395
0.0028624
0.00264998
0.00244704
0.00225384
0.00207051
0.00189707
0.00173348
0.00157962
0.0014353
0.00130029
0.00117431
0.00105706
0.000948199
0.000847376
0.000754225
0.000668375
0.000589446
0.000517063
0.000450852
0.000390443
0.000335476
0.0002856
0.000240477
0.000199778
0.000163188
0.000130408
0.000101149
7.51385e-05
5.21188e-05
3.18451e-05
1.4087e-05
-1.37216e-06
-1.47356e-05
-2.61937e-05
-3.59238e-05
-4.40917e-05
-5.0851e-05
-5.63446e-05
-6.07045e-05
-6.40527e-05
-6.65017e-05
-6.81553e-05
-6.91089e-05
-6.94497e-05
-6.92579e-05
-6.86066e-05
-6.75625e-05
-6.61861e-05
-6.4532e-05
-6.26492e-05
-6.05817e-05
-5.83691e-05
-5.60462e-05
-5.36443e-05
-5.11909e-05
-4.87102e-05
-4.62234e-05
-4.37484e-05
-4.1301e-05
-3.8895e-05
-3.65418e-05
-3.42511e-05
-3.20309e-05
-2.98875e-05
-2.78258e-05
-2.58498e-05
-2.39619e-05
-2.21641e-05
-2.0457e-05
-1.88408e-05
-1.73148e-05
-1.5878e-05
-1.45285e-05
-1.32642e-05
-1.20825e-05
-1.09802e-05
-9.95375e-06
-8.99957e-06
-8.11373e-06
-7.28842e-06
-6.50413e-06
-5.75797e-06
-5.2224e-06
-5.22433e-06
-4.15657e-06
0.00643202
0.00658364
0.00641683
0.00609553
0.00576834
0.00545487
0.00514652
0.00484144
0.00454153
0.00424859
0.0039639
0.00368844
0.00342306
0.00316839
0.00292491
0.00269296
0.00247273
0.00226429
0.00206761
0.00188258
0.00170898
0.00154655
0.00139499
0.00125393
0.00112298
0.00100172
0.000889714
0.000786525
0.000691698
0.000604779
0.00052532
0.000452875
0.00038701
0.000327301
0.000273337
0.000224721
0.000181072
0.000142027
0.000107235
7.63672e-05
4.91089e-05
2.51636e-05
4.25164e-06
-1.38901e-05
-2.95083e-05
-4.28339e-05
-5.40826e-05
-6.34553e-05
-7.11385e-05
-7.73057e-05
-8.2117e-05
-8.57204e-05
-8.82521e-05
-8.98377e-05
-9.05921e-05
-9.06207e-05
-9.00187e-05
-8.88702e-05
-8.72555e-05
-8.52511e-05
-8.29239e-05
-8.03337e-05
-7.75339e-05
-7.45718e-05
-7.14895e-05
-6.83246e-05
-6.51098e-05
-6.18742e-05
-5.86428e-05
-5.54377e-05
-5.2278e-05
-4.91801e-05
-4.61551e-05
-4.3215e-05
-4.03694e-05
-3.76258e-05
-3.49898e-05
-3.24657e-05
-3.00564e-05
-2.77637e-05
-2.55882e-05
-2.35297e-05
-2.15875e-05
-1.97598e-05
-1.80445e-05
-1.64388e-05
-1.49399e-05
-1.35441e-05
-1.22477e-05
-1.10467e-05
-9.93679e-06
-8.91327e-06
-7.9715e-06
-7.10645e-06
-6.30977e-06
-5.56369e-06
-4.86559e-06
-4.35223e-06
-4.26454e-06
-3.2994e-06
0.00698964
0.00698697
0.0067169
0.00632003
0.00592466
0.0055483
0.00518377
0.00482935
0.00448651
0.0041566
0.00384046
0.00353863
0.00325147
0.00297921
0.00272189
0.00247944
0.00225168
0.00203832
0.001839
0.00165331
0.00148076
0.00132085
0.00117303
0.00103675
0.000911422
0.00079648
0.000691342
0.000595437
0.000508202
0.000429086
0.000357555
0.000293091
0.000235196
0.000183393
0.000137224
9.6255e-05
6.00727e-05
2.82865e-05
5.27476e-07
-2.35515e-05
-4.42767e-05
-6.19533e-05
-7.6867e-05
-8.92836e-05
-9.94509e-05
-0.000107598
-0.000113939
-0.00011867
-0.000121972
-0.000124012
-0.000124943
-0.000124905
-0.000124028
-0.000122426
-0.000120207
-0.000117463
-0.000114276
-0.000110726
-0.000106897
-0.000102833
-9.85978e-05
-9.42519e-05
-8.98409e-05
-8.54025e-05
-8.09703e-05
-7.65732e-05
-7.22365e-05
-6.79816e-05
-6.38263e-05
-5.97859e-05
-5.58747e-05
-5.21069e-05
-4.84769e-05
-4.49962e-05
-4.16709e-05
-3.85034e-05
-3.54946e-05
-3.26444e-05
-2.99517e-05
-2.74145e-05
-2.50299e-05
-2.27946e-05
-2.07045e-05
-1.87554e-05
-1.69424e-05
-1.52606e-05
-1.37047e-05
-1.22695e-05
-1.09493e-05
-9.73887e-06
-8.6325e-06
-7.62472e-06
-6.70994e-06
-5.88262e-06
-5.13443e-06
-4.45043e-06
-3.82791e-06
-3.36638e-06
-3.22753e-06
-2.43003e-06
0.00765036
0.00742553
0.00701565
0.00652813
0.00605345
0.00560377
0.00517404
0.00476303
0.00437162
0.00400051
0.00364991
0.00331976
0.00300983
0.00271974
0.00244901
0.00219703
0.00196315
0.00174665
0.00154675
0.00136268
0.00119362
0.00103876
0.000897309
0.000768455
0.000651419
0.000545437
0.000449769
0.000363701
0.000286544
0.000217642
0.000156368
0.000102124
5.43463e-05
1.24995e-05
-2.39198e-05
-5.5385e-05
-8.23404e-05
-0.000105201
-0.000124356
-0.000140165
-0.000152965
-0.000163067
-0.000170758
-0.000176305
-0.000179954
-0.000181928
-0.000182434
-0.000181662
-0.000179783
-0.000176954
-0.000173317
-0.000168999
-0.000164116
-0.00015877
-0.000153045
-0.000146994
-0.000140665
-0.00013434
-0.000128179
-0.000121873
-0.000115517
-0.000109206
-0.000102986
-9.68891e-05
-9.09407e-05
-8.51618e-05
-7.95694e-05
-7.41764e-05
-6.89922e-05
-6.40233e-05
-5.92814e-05
-5.47846e-05
-5.04916e-05
-4.64215e-05
-4.25771e-05
-3.89546e-05
-3.55488e-05
-3.23547e-05
-2.93662e-05
-2.65771e-05
-2.39803e-05
-2.15686e-05
-1.93346e-05
-1.72706e-05
-1.53689e-05
-1.36218e-05
-1.20217e-05
-1.05609e-05
-9.2323e-06
-8.02876e-06
-6.9435e-06
-5.97018e-06
-5.10278e-06
-4.33574e-06
-3.66204e-06
-3.071e-06
-2.5613e-06
-2.19763e-06
-2.07423e-06
-1.53762e-06
0.00842817
0.00793978
0.00733905
0.00672084
0.00613483
0.00558541
0.00506865
0.00458325
0.00412909
0.00370579
0.00331255
0.00294835
0.00261201
0.00230229
0.00201786
0.00175737
0.00151948
0.00130283
0.00110608
0.000927945
0.000767148
0.000622479
0.000492769
0.000376902
0.000273814
0.000182498
0.000101999
3.14194e-05
-3.00886e-05
-8.33187e-05
-0.000129015
-0.000167871
-0.000200535
-0.000227609
-0.000249652
-0.000267182
-0.000280679
-0.000290583
-0.000297302
-0.00030121
-0.000302649
-0.000301933
-0.000299349
-0.000295156
-0.000289592
-0.000282872
-0.000275191
-0.000266722
-0.000257623
-0.000248037
-0.000238089
-0.000227891
-0.000217545
-0.000207139
-0.000196758
-0.000186495
-0.00017641
-0.00016633
-0.000156201
-0.000146433
-0.000137041
-0.000127995
-0.000119295
-0.000110949
-0.000102965
-9.53467e-05
-8.80952e-05
-8.12097e-05
-7.46867e-05
-6.85213e-05
-6.27106e-05
-5.72579e-05
-5.2125e-05
-4.73154e-05
-4.2825e-05
-3.86415e-05
-3.47519e-05
-3.11438e-05
-2.78049e-05
-2.47227e-05
-2.18848e-05
-1.92786e-05
-1.68918e-05
-1.47125e-05
-1.27286e-05
-1.09289e-05
-9.30225e-06
-7.83827e-06
-6.52699e-06
-5.35931e-06
-4.32679e-06
-3.42218e-06
-2.63928e-06
-1.97342e-06
-1.42041e-06
-9.76349e-07
-6.46608e-07
-4.76298e-07
-5.26723e-07
-5.06334e-07
)
;

boundaryField
{
    inlet
    {
        type            zeroGradient;
    }
    outlet
    {
        type            totalPressure;
        rho             none;
        psi             none;
        gamma           1;
        p0              uniform 0;
        value           uniform 0;
    }
    top
    {
        type            zeroGradient;
    }
    bottom
    {
        type            zeroGradient;
    }
    obstacle
    {
        type            zeroGradient;
    }
    frontAndBack
    {
        type            empty;
    }
}


// ************************************************************************* //
