/*--------------------------------*- C++ -*----------------------------------*\
  =========                 |
  \\      /  F ield         | OpenFOAM: The Open Source CFD Toolbox
   \\    /   O peration     | Website:  https://openfoam.org
    \\  /    A nd           | Version:  12
     \\/     M anipulation  |
\*---------------------------------------------------------------------------*/
FoamFile
{
    format      ascii;
    class       volScalarField;
    location    "300";
    object      pMean;
}
// * * * * * * * * * * * * * * * * * * * * * * * * * * * * * * * * * * * * * //

dimensions      [0 2 -2 0 0 0 0];

internalField   nonuniform List<scalar> 
6750
(
0.0101248
0.0100983
0.0100549
0.00987927
0.00889999
0.0117909
0.011762
0.0116444
0.0113885
0.0110466
0.0137109
0.0136603
0.0135397
0.0133509
0.0132097
0.0157041
0.0156188
0.0155043
0.0153727
0.0153061
0.0176734
0.0175442
0.0174203
0.0173171
0.0172888
0.0195393
0.0193618
0.0192178
0.0191257
0.0191159
0.0212529
0.021026
0.0208582
0.0207704
0.0207707
0.0227849
0.0225093
0.0223178
0.0222324
0.0222397
0.0241168
0.0237949
0.0235817
0.0234987
0.0235113
0.0252385
0.0248743
0.0246424
0.0245623
0.0245791
0.0261469
0.0257459
0.0254991
0.0254221
0.0254421
0.0268459
0.0264142
0.0261568
0.0260832
0.0261054
0.0273455
0.0268893
0.0266261
0.0265556
0.0265789
0.0276607
0.0271857
0.0269229
0.0268541
0.0268772
0.0278054
0.0273247
0.0270673
0.0269963
0.0270176
0.0278056
0.0273248
0.0270674
0.0269964
0.0270177
0.0276611
0.027186
0.0269233
0.0268545
0.0268776
0.0273461
0.0268899
0.0266267
0.0265562
0.0265796
0.0268468
0.0264151
0.0261577
0.0260841
0.0261063
0.026148
0.025747
0.0255002
0.0254233
0.0254433
0.0252398
0.0248757
0.0246438
0.0245636
0.0245804
0.0241184
0.0237965
0.0235832
0.0235003
0.0235129
0.0227866
0.022511
0.0223195
0.0222342
0.0222414
0.0212548
0.0210279
0.0208601
0.0207724
0.0207727
0.0195413
0.0193639
0.0192199
0.0191278
0.019118
0.0176756
0.0175464
0.0174225
0.0173193
0.017291
0.0157064
0.015621
0.0155066
0.015375
0.0153084
0.0137132
0.0136626
0.013542
0.0133532
0.013212
0.0117932
0.0117644
0.0116468
0.0113909
0.0110488
0.0101271
0.0101006
0.0100573
0.00988162
0.00890227
0.00305116
0.00359061
0.00495787
0.00595955
0.00667968
0.0072509
0.00770068
0.00804377
0.00830718
0.00849787
0.00859735
0.00866632
0.00868242
0.00864304
0.00854639
0.00838768
0.00816226
0.0078699
0.00751053
0.00708226
0.00658201
0.00609794
0.00557846
0.00503786
0.00449379
0.00395719
0.00343661
0.00294894
0.00250439
0.00199382
0.00680731
0.00753646
0.00827654
0.00863759
0.00883879
0.0089622
0.00901118
0.00899749
0.00894645
0.00885063
0.00869524
0.0085694
0.00844194
0.00831663
0.00819177
0.00805797
0.00790199
0.00771123
0.00747349
0.0071835
0.00685276
0.00641858
0.00595754
0.0054581
0.0049272
0.004375
0.00380869
0.00324466
0.002729
0.002217
0.00925501
0.00941906
0.00971208
0.00984808
0.00991216
0.00991635
0.00985039
0.00972606
0.00955998
0.00931886
0.00902537
0.00874755
0.00845509
0.00815916
0.00786568
0.00757453
0.00728218
0.00698282
0.00666983
0.00633717
0.00598169
0.00560398
0.00520452
0.00478283
0.00434239
0.00388774
0.00341885
0.00294609
0.0025522
0.00228096
0.0107304
0.0105205
0.0106448
0.0107191
0.010725
0.0106616
0.0105249
0.0103302
0.010082
0.00972439
0.00932943
0.00892192
0.00848341
0.00803035
0.00757461
0.00712441
0.00668545
0.00626056
0.00585018
0.0054523
0.00506426
0.00468877
0.00431977
0.00395335
0.00358801
0.0032226
0.00284968
0.00247134
0.00220291
0.00221604
0.011876
0.0115344
0.0115855
0.0115965
0.0115266
0.0113825
0.0111649
0.0108866
0.0105412
0.0100721
0.00957473
0.00904194
0.00847057
0.00788019
0.00728672
0.00670409
0.00614406
0.00561521
0.0051226
0.00466764
0.004249
0.0038647
0.00350986
0.00317833
0.00286488
0.00256438
0.00226334
0.00195561
0.00178317
0.00206011
0.0128907
0.0125176
0.0125103
0.0124479
0.0122984
0.012073
0.0117727
0.0114063
0.0109541
0.0103804
0.00977697
0.00912301
0.00842702
0.00771079
0.00699363
0.00629377
0.00562728
0.00500664
0.00444003
0.00393104
0.00347921
0.00308106
0.00273087
0.00242103
0.00214406
0.00189211
0.00164684
0.00139568
0.00130246
0.00181759
0.0138071
0.0134424
0.0133816
0.0132482
0.0130244
0.0127217
0.0123417
0.0118885
0.0113255
0.0106554
0.00994576
0.00917577
0.00836174
0.00752738
0.00669504
0.00588647
0.00512113
0.00441451
0.00377712
0.00321417
0.00272592
0.0023086
0.00195548
0.00165768
0.0014062
0.00119114
0.000990028
0.000785821
0.000762141
0.00148861
0.0146441
0.014313
0.0142049
0.0140042
0.0137097
0.0133316
0.0128741
0.012334
0.0116607
0.010901
0.0100854
0.00920373
0.00827716
0.00733095
0.00639015
0.00547942
0.00462096
0.00383265
0.00312687
0.00251007
0.00198313
0.00154221
0.00117984
0.000886243
0.000651234
0.000463134
0.000296188
0.000130137
0.000167549
0.00107656
0.0154222
0.0151421
0.0149914
0.0147251
0.0143611
0.0139095
0.0133748
0.0127432
0.0119674
0.0111191
0.0101986
0.00920888
0.00817424
0.00712125
0.00607737
0.0050697
0.0041227
0.00325617
0.00248397
0.00181357
0.0012463
0.000778285
0.000401595
0.000105713
-0.000120409
-0.000289914
-0.000431515
-0.000567036
-0.000475921
0.000586535
0.0161571
0.015939
0.0157488
0.0154176
0.0149848
0.0144614
0.0138484
0.013119
0.0122513
0.0113111
0.0102876
0.00919314
0.00805386
0.00689792
0.00575495
0.00465417
0.00362195
0.00267964
0.00184234
0.0011183
0.000509226
1.12261e-05
-0.00038399
-0.000687484
-0.000911084
-0.00106901
-0.00119291
-0.00130457
-0.00116573
2.33867e-05
0.0168602
0.0167112
0.0164841
0.0160876
0.0155854
0.0149911
0.0142986
0.0134681
0.0125154
0.0114806
0.0103554
0.00915833
0.00791672
0.00666045
0.0054211
0.00422975
0.0031144
0.00209776
0.00119591
0.000417765
-0.00023465
-0.000765257
-0.00118263
-0.00149827
-0.00172459
-0.00187693
-0.00198955
-0.00208299
-0.00190134
-0.000609104
0.017541
0.017466
0.0172039
0.0167412
0.0161688
0.0155038
0.0147278
0.013798
0.0127624
0.0116309
0.0104046
0.00910592
0.00776327
0.00640814
0.00507392
0.00379335
0.00259587
0.00150536
0.000538777
-0.000294415
-0.000991929
-0.0015577
-0.00200054
-0.00233233
-0.00256595
-0.00271787
-0.00282464
-0.00290474
-0.00268443
-0.00130872
0.0182085
0.0182107
0.0179153
0.0173857
0.0167433
0.0160035
0.015137
0.0141168
0.0129944
0.0117646
0.0104372
0.00903708
0.00759364
0.00614004
0.00471134
0.0033418
0.00206213
0.000897303
-0.000134969
-0.00102472
-0.00176943
-0.00237304
-0.00284458
-0.00319623
-0.00344128
-0.00359735
-0.00370317
-0.00377423
-0.00351867
-0.0020752
0.0188716
0.0189522
0.0186253
0.0180277
0.017314
0.0164968
0.0155338
0.0144289
0.0132143
0.0118845
0.0104553
0.00895278
0.00740775
0.00585498
0.00433107
0.00287169
0.00150877
0.00026823
-0.000831477
-0.00177993
-0.00257439
-0.00321881
-0.00372237
-0.00409755
-0.00435798
-0.00452247
-0.00463182
-0.0046977
-0.00440974
-0.00291051
0.0195376
0.0197004
0.019343
0.0186757
0.0178884
0.0169881
0.0159272
0.0147378
0.013426
0.0119938
0.0104607
0.00885376
0.00720525
0.00555146
0.00393048
0.00237931
0.000930999
-0.000387592
-0.00155733
-0.00256735
-0.00341469
-0.00410328
-0.00464247
-0.00504493
-0.00532471
-0.0055018
-0.00561897
-0.0056833
-0.00536544
-0.00381917
0.0202138
0.0204666
0.0200805
0.0193418
0.0184738
0.01748
0.0163273
0.0150469
0.0136331
0.0120953
0.0104551
0.00874058
0.00698548
0.00522762
0.00350652
0.00186043
0.000323511
-0.00107649
-0.00231979
-0.00339505
-0.00429908
-0.00503579
-0.00561462
-0.00604844
-0.00635171
-0.00654567
-0.00667496
-0.00674133
-0.00639586
-0.00480847
0.0209106
0.0212637
0.0208497
0.0200353
0.0190794
0.0179829
0.016741
0.015361
0.01384
0.012192
0.0104401
0.00861351
0.0067474
0.00488111
0.00305553
0.00131016
-0.000319771
-0.00180566
-0.00312704
-0.00427214
-0.0052375
-0.00602698
-0.00665011
-0.00711989
-0.00745112
-0.00766654
-0.00781252
-0.00788464
-0.00751374
-0.00588892
0.021645
0.0221054
0.021665
0.020765
0.0197103
0.0185117
0.0171741
0.0156859
0.0140512
0.012287
0.0104173
0.00847253
0.00648947
0.0045089
0.00257306
0.000722669
-0.001006
-0.00258348
-0.00398863
-0.00520921
-0.00624151
-0.00708928
-0.00776212
-0.00827315
-0.00863751
-0.00887945
-0.00904713
-0.00912914
-0.00873506
-0.0070748
0.0224392
0.0230038
0.0225386
0.0215458
0.0203786
0.0190783
0.017633
0.0160279
0.0142718
0.0123834
0.0103879
0.00831716
0.00620946
0.00410704
0.00205352
9.07926e-05
-0.00174382
-0.00341998
-0.0049159
-0.00621886
-0.00732484
-0.00823749
-0.00896645
-0.00952496
-0.00992846
-0.0102028
-0.0103978
-0.0104944
-0.0100795
-0.00838487
0.0233132
0.0239805
0.0234898
0.022392
0.0211026
0.019693
0.0181278
0.0163953
0.0145076
0.0124847
0.0103531
0.00814634
0.00590417
0.00367032
0.00148975
-0.000594442
-0.00254392
-0.0043275
-0.00592273
-0.00731639
-0.00850418
-0.00948961
-0.0102823
-0.0108956
-0.0113453
-0.0116589
-0.0118878
-0.0120047
-0.0115723
-0.00984363
0.0242948
0.0250675
0.0245414
0.0233201
0.021906
0.0203709
0.0186711
0.0167979
0.0147651
0.0125944
0.0103136
0.00795803
0.00556897
0.00319165
0.000872367
-0.0013446
-0.00341992
-0.00532159
-0.00702649
-0.00852093
-0.00980032
-0.010868
-0.0117336
-0.0124105
-0.0129148
-0.013276
-0.0135471
-0.0136908
-0.0132449
-0.011483
0.0254259
0.0262917
0.0257177
0.0243652
0.0228121
0.0211306
0.0192781
0.0172468
0.0150517
0.012716
0.0102693
0.00774872
0.00519712
0.00266125
0.000188734
-0.00217498
-0.0043896
-0.00642236
-0.00824952
-0.00985696
-0.0112398
-0.0124012
-0.0133507
-0.0141018
-0.0146711
-0.0150899
-0.0154126
-0.0155919
-0.0151381
-0.0133446
0.0267566
0.027701
0.0270635
0.0255675
0.0238488
0.0219962
0.0199681
0.0177559
0.0153758
0.0128529
0.0102189
0.00751258
0.00477861
0.00206523
-0.000578592
-0.00310634
-0.00547683
-0.00765661
-0.0096214
-0.0113567
-0.0128573
-0.0141263
-0.0151733
-0.0160116
-0.0166586
-0.0171471
-0.0175334
-0.0177595
-0.0173059
-0.0154845
0.0283601
0.0293622
0.028643
0.0269734
0.0250549
0.0229996
0.0207651
0.0183417
0.0157468
0.0130078
0.0101586
0.00723999
0.00429833
0.00138347
-0.00145438
-0.00416771
-0.00671461
-0.00906106
-0.0111824
-0.0130637
-0.0146998
-0.0160936
-0.0172546
-0.0181962
-0.0189363
-0.01951
-0.0199747
-0.0202615
-0.0198201
-0.0179785
0.0303538
0.0313744
0.0305351
0.0286459
0.0264839
0.0241834
0.0217009
0.0190252
0.0161755
0.013182
0.0100808
0.00691499
0.00373286
0.000585742
-0.00247501
-0.00540111
-0.00815015
-0.0106878
-0.0129892
-0.0150394
-0.0168329
-0.0183727
-0.0196684
-0.0207334
-0.0215863
-0.0222644
-0.0228263
-0.0231917
-0.0227798
-0.0209328
0.0328827
0.0338743
0.0328521
0.0306803
0.0282134
0.0256079
0.0228187
0.0198336
0.0166741
0.0133732
0.00997035
0.00651077
0.00304479
-0.000374827
-0.00369586
-0.00686965
-0.00985371
-0.0126138
-0.0151252
-0.0173731
-0.019352
-0.0210649
-0.0225215
-0.0237353
-0.0247254
-0.0255319
-0.0262148
-0.0266823
-0.0263264
-0.0245008
0.0362187
0.0370732
0.0357674
0.0332207
0.0303601
0.027362
0.0241801
0.0208025
0.017254
0.0135714
0.00979737
0.00598009
0.00217172
-0.00157395
-0.00520449
-0.00867164
-0.0119337
-0.0149572
-0.0177182
-0.0202022
-0.0224041
-0.0243268
-0.0259799
-0.0273767
-0.028537
-0.0295027
-0.030335
-0.0309349
-0.0306748
-0.0289196
0.0407963
0.0412995
0.0395289
0.0364649
0.0330795
0.0295595
0.0258595
0.0219698
0.0179194
0.0137502
0.00950885
0.00524652
0.00101708
-0.00312539
-0.00712939
-0.0109484
-0.0145429
-0.0178818
-0.0209426
-0.0237122
-0.0261864
-0.0283682
-0.0302667
-0.031895
-0.0332733
-0.034444
-0.0354678
-0.0362455
-0.0361551
-0.0345734
0.0475132
0.0472819
0.0447533
0.0409661
0.0368505
0.032583
0.0281299
0.0234954
0.0187204
0.0138565
0.00895798
0.00408035
-0.000721013
-0.00539323
-0.00988802
-0.0141632
-0.0181842
-0.0219241
-0.0253633
-0.0284898
-0.0313025
-0.0338122
-0.0360163
-0.0379272
-0.0395644
-0.0409669
-0.0421908
-0.043153
-0.043309
-0.0420924
0.0593206
0.0573734
0.0532333
0.0481617
0.0428286
0.0373314
0.0316642
0.0258626
0.0199856
0.0140951
0.00824993
0.00250487
-0.00309028
-0.00849197
-0.0136636
-0.0185753
-0.0232036
-0.0275309
-0.0315457
-0.0352416
-0.038611
-0.0416452
-0.0443611
-0.0467641
-0.048863
-0.0506826
-0.0522695
-0.0536089
-0.0543648
-0.0539035
0.00656909
0.00756372
0.00932859
0.010746
0.0119488
0.0130762
0.0141595
0.0152068
0.0162278
0.0172319
0.0182277
0.0192236
0.0202287
0.0212525
0.0223048
0.0233975
0.024545
0.0257652
0.0270787
0.0285092
0.030088
0.031857
0.0338686
0.0361939
0.0389301
0.0422223
0.046267
0.0513108
0.0575668
0.0657582
0.0109268
0.0119542
0.0131232
0.0141092
0.0149995
0.0158543
0.0166852
0.0174964
0.0182953
0.0190901
0.0198887
0.0206993
0.0215304
0.0223913
0.0232921
0.024245
0.0252646
0.0263686
0.0275786
0.0289211
0.0304308
0.0321539
0.034151
0.036506
0.0393366
0.0428164
0.0471949
0.05283
0.0602083
0.0701056
0.0133421
0.0142608
0.015155
0.0159603
0.0167458
0.0175287
0.0183063
0.01908
0.0198547
0.0206365
0.0214317
0.0222473
0.0230909
0.0239712
0.024898
0.0258836
0.0269425
0.028093
0.0293574
0.0307645
0.0323514
0.034168
0.0362809
0.0387829
0.0418055
0.0455392
0.0502659
0.0563995
0.0645924
0.0757151
0.0154613
0.0162706
0.0170497
0.0177745
0.0184952
0.0192223
0.0199554
0.0206976
0.021454
0.0222305
0.023033
0.0238683
0.0247437
0.0256678
0.026651
0.0277054
0.0288463
0.0300925
0.0314676
0.0330019
0.034735
0.0367196
0.0390268
0.0417549
0.0450431
0.0490915
0.0541959
0.0607845
0.0695989
0.0815453
0.01744
0.0181551
0.0188434
0.0194961
0.0201558
0.0208333
0.0215296
0.0222478
0.0229925
0.0237687
0.024582
0.0254389
0.0263466
0.0273139
0.0283514
0.0294718
0.030691
0.0320286
0.0335098
0.0351664
0.0370403
0.0391871
0.0416813
0.0446261
0.0481662
0.0525087
0.057959
0.0649539
0.0743172
0.087005
0.0192484
0.0198794
0.0204901
0.0210819
0.0216934
0.0223339
0.0230045
0.0237076
0.0244474
0.0252285
0.026056
0.0269361
0.0278763
0.0288851
0.0299735
0.0311546
0.0324447
0.0338643
0.0354396
0.037204
0.0392011
0.0414887
0.0441447
0.0472757
0.051031
0.0556243
0.0613695
0.0687153
0.0785658
0.0919557
0.0208818
0.0214374
0.021982
0.0225239
0.0230974
0.0237102
0.0243627
0.0250571
0.025797
0.0265866
0.0274308
0.0283356
0.0293082
0.0303575
0.0314942
0.0327319
0.0340873
0.0355816
0.0372418
0.0391023
0.0412083
0.0436193
0.0464155
0.0497065
0.0536455
0.0584512
0.0644459
0.0720905
0.0823553
0.0963682
0.0223344
0.022822
0.0233098
0.0238109
0.0243546
0.0249464
0.0255865
0.0262766
0.0270199
0.0278201
0.028682
0.0296111
0.0306148
0.0317018
0.032883
0.0341723
0.0355866
0.0371478
0.0388834
0.0408287
0.0430301
0.0455485
0.0484658
0.0518939
0.055989
0.0609742
0.0671788
0.0750749
0.0856797
0.100216
0.0235972
0.0240239
0.0244635
0.0249316
0.0254519
0.0260283
0.0266602
0.027349
0.0280975
0.028909
0.029788
0.0307399
0.0317719
0.0328927
0.0341135
0.0354481
0.036914
0.0385331
0.0403337
0.0423519
0.0446346
0.0472441
0.0502635
0.0538066
0.058032
0.0631661
0.0695442
0.0776479
0.0885244
0.103485
0.0246632
0.0250364
0.0254359
0.025878
0.0263806
0.0269457
0.0275724
0.0282619
0.0290162
0.0298386
0.0307331
0.0317053
0.0327619
0.033912
0.0351665
0.0365396
0.0380488
0.0397166
0.0415714
0.04365
0.046
0.0486845
0.0517876
0.0554244
0.0597556
0.06501
0.0715279
0.0797985
0.0908829
0.106184
0.0255295
0.0258574
0.0262248
0.026647
0.0271365
0.0276936
0.0283172
0.0290082
0.0297683
0.0306003
0.0315082
0.0324974
0.0335746
0.0347486
0.0360308
0.0374352
0.0389796
0.0406866
0.042585
0.044712
0.0471157
0.0498596
0.0530289
0.0567398
0.0611541
0.0665025
0.0731294
0.0815296
0.0927658
0.108338
0.0261988
0.0264902
0.0268332
0.0272408
0.0277209
0.0282725
0.0288944
0.0295871
0.0303522
0.0311921
0.0321108
0.0331134
0.0342068
0.0353996
0.0367032
0.0381318
0.0397033
0.0414404
0.0433722
0.0455361
0.0479806
0.0507698
0.0539892
0.0577559
0.0622326
0.0676515
0.0743599
0.0828564
0.0941975
0.109979
0.0266787
0.026943
0.0272687
0.0276663
0.0281401
0.0286881
0.0293092
0.0300035
0.0307724
0.0316184
0.032545
0.0335574
0.0346625
0.035869
0.0371881
0.038634
0.0402249
0.0419836
0.0439392
0.0461294
0.048603
0.0514242
0.0546792
0.0584852
0.063006
0.0684742
0.07524
0.0838032
0.0952116
0.111147
0.0269819
0.0272286
0.0275434
0.0279349
0.0284048
0.0289508
0.0295715
0.030267
0.0310386
0.0318885
0.0328203
0.0338391
0.0349517
0.0361669
0.0374958
0.0389529
0.0405562
0.0423285
0.0442993
0.0465062
0.0489981
0.0518396
0.055117
0.0589479
0.0634964
0.0689955
0.0757974
0.0844015
0.0958445
0.111892
0.0271244
0.0273625
0.0276722
0.0280609
0.0285291
0.0290742
0.0296948
0.030391
0.0311638
0.0320156
0.03295
0.0339719
0.0350881
0.0363075
0.0376412
0.0391036
0.0407128
0.0424917
0.0444697
0.0466846
0.0491853
0.0520365
0.0553246
0.0591673
0.063729
0.0692429
0.076062
0.0846849
0.0961378
0.112252
0.0271246
0.0273627
0.0276723
0.028061
0.0285292
0.0290743
0.0296949
0.0303911
0.031164
0.0320158
0.0329501
0.033972
0.0350882
0.0363076
0.0376413
0.0391037
0.0407128
0.0424918
0.0444698
0.0466846
0.0491853
0.0520365
0.0553246
0.0591674
0.0637291
0.0692429
0.076062
0.0846849
0.0961379
0.112252
0.0269823
0.027229
0.0275438
0.0279353
0.0284052
0.0289512
0.0295719
0.0302674
0.0310389
0.0318888
0.0328206
0.0338394
0.034952
0.0361671
0.0374961
0.0389532
0.0405564
0.0423287
0.0442995
0.0465064
0.0489983
0.0518398
0.0551172
0.0589481
0.0634966
0.0689957
0.0757974
0.0844015
0.0958446
0.111892
0.0266794
0.0269437
0.0272694
0.027667
0.0281407
0.0286887
0.0293098
0.0300041
0.030773
0.0316189
0.0325455
0.033558
0.034663
0.0358694
0.0371885
0.0386344
0.0402253
0.0419839
0.0439396
0.0461298
0.0486033
0.0514245
0.0546795
0.0584855
0.0630063
0.0684745
0.0752402
0.0838033
0.0952118
0.111148
0.0261997
0.0264911
0.0268341
0.0272417
0.0277218
0.0282733
0.0288953
0.029588
0.030353
0.0311929
0.0321116
0.0331141
0.0342074
0.0354003
0.0367038
0.0381324
0.0397038
0.0414409
0.0433727
0.0455366
0.0479811
0.0507702
0.0539897
0.0577563
0.0622331
0.0676519
0.0743602
0.0828566
0.0941979
0.109979
0.0255307
0.0258586
0.026226
0.0266481
0.0271376
0.0276947
0.0283183
0.0290092
0.0297693
0.0306013
0.0315092
0.0324982
0.0335754
0.0347495
0.0360316
0.0374359
0.0389802
0.0406872
0.0425856
0.0447126
0.0471162
0.0498602
0.0530295
0.0567403
0.0611546
0.066503
0.0731299
0.0815301
0.0927662
0.108338
0.0246646
0.0250378
0.0254373
0.0258793
0.0263819
0.026947
0.0275737
0.0282631
0.0290174
0.0298398
0.0307343
0.0317063
0.0327629
0.0339129
0.0351674
0.0365404
0.0380496
0.0397174
0.0415722
0.0436507
0.0460007
0.0486851
0.0517882
0.055425
0.0597562
0.0650107
0.0715287
0.0797991
0.0908836
0.106184
0.0235988
0.0240256
0.024465
0.0249331
0.0254535
0.0260298
0.0266616
0.0273505
0.0280989
0.0289104
0.0297893
0.0307411
0.031773
0.0328938
0.0341146
0.0354491
0.0369149
0.0385341
0.0403346
0.0423527
0.0446354
0.0472448
0.0502642
0.0538072
0.0580327
0.063167
0.0695453
0.0776488
0.0885252
0.103486
0.0223362
0.0228239
0.0233116
0.0238127
0.0243563
0.0249481
0.0255881
0.0262782
0.0270214
0.0278216
0.0286834
0.0296125
0.0306161
0.031703
0.0328842
0.0341734
0.0355877
0.0371489
0.0388844
0.0408297
0.043031
0.0455494
0.0484665
0.0518946
0.0559899
0.0609754
0.0671802
0.0750761
0.0856806
0.100217
0.0208838
0.0214394
0.0219839
0.0225258
0.0230993
0.023712
0.0243645
0.0250589
0.0257987
0.0265883
0.0274324
0.0283371
0.0293097
0.0303588
0.0314955
0.0327331
0.0340885
0.0355828
0.0372429
0.0391034
0.0412093
0.0436203
0.0464164
0.0497073
0.0536465
0.0584527
0.0644476
0.072092
0.0823561
0.0963684
0.0192505
0.0198815
0.0204922
0.021084
0.0216954
0.0223359
0.0230064
0.0237095
0.0244493
0.0252302
0.0260577
0.0269378
0.0278778
0.0288866
0.029975
0.031156
0.032446
0.0338656
0.0354409
0.0372052
0.0392022
0.0414898
0.0441456
0.0472766
0.0510322
0.055626
0.0613715
0.068717
0.0785666
0.0919558
0.0174422
0.0181573
0.0188456
0.0194983
0.0201579
0.0208354
0.0215317
0.0222498
0.0229944
0.0237706
0.0245839
0.0254406
0.0263483
0.0273155
0.0283529
0.0294733
0.0306924
0.0320301
0.0335112
0.0351677
0.0370416
0.0391882
0.0416824
0.0446273
0.0481676
0.0525107
0.0579612
0.0649557
0.0743179
0.0870048
0.0154635
0.0162729
0.017052
0.0177768
0.0184974
0.0192245
0.0199576
0.0206997
0.0214561
0.0222325
0.023035
0.0238702
0.0247455
0.0256696
0.0266526
0.027707
0.0288479
0.030094
0.0314691
0.0330033
0.0347364
0.0367209
0.039028
0.0417563
0.0450447
0.0490936
0.0541982
0.0607863
0.0695995
0.0815449
0.0133443
0.0142631
0.0151573
0.0159626
0.0167481
0.0175309
0.0183086
0.0190822
0.0198568
0.0206386
0.0214338
0.0222493
0.0230929
0.023973
0.0248998
0.0258853
0.0269442
0.0280946
0.029359
0.030766
0.0323529
0.0341694
0.0362823
0.0387845
0.0418073
0.0455414
0.0502681
0.0564009
0.0645928
0.0757146
0.0109291
0.0119566
0.0131256
0.0141116
0.0150018
0.0158566
0.0166875
0.0174987
0.0182975
0.0190923
0.0198908
0.0207014
0.0215325
0.0223933
0.023294
0.0242469
0.0252663
0.0263703
0.0275802
0.0289227
0.0304324
0.0321554
0.0341526
0.0365078
0.0393385
0.0428185
0.0471967
0.0528309
0.0602084
0.0701051
0.00657139
0.00756614
0.00933099
0.0107483
0.0119511
0.0130785
0.0141617
0.015209
0.01623
0.017234
0.0182297
0.0192256
0.0202307
0.0212544
0.0223067
0.0233993
0.0245467
0.0257668
0.0270802
0.0285107
0.0300894
0.0318585
0.0338701
0.0361957
0.0389321
0.042224
0.0462683
0.0513111
0.0575666
0.0657578
0.0593204
0.0573734
0.0532331
0.0481613
0.0428282
0.037331
0.0316638
0.0258621
0.0199849
0.0140942
0.0082487
0.00250333
-0.00309211
-0.0084941
-0.0136659
-0.0185779
-0.0232065
-0.0275338
-0.0315488
-0.0352448
-0.0386143
-0.0416485
-0.0443644
-0.0467673
-0.0488662
-0.0506858
-0.0522727
-0.0536121
-0.0543682
-0.0539071
0.0475127
0.0472813
0.0447528
0.0409658
0.0368502
0.0325827
0.0281295
0.0234947
0.0187195
0.0138554
0.00895658
0.00407869
-0.000722915
-0.00539537
-0.00989038
-0.0141658
-0.0181869
-0.021927
-0.0253664
-0.028493
-0.0313058
-0.0338156
-0.0360197
-0.0379306
-0.0395677
-0.0409702
-0.0421941
-0.0431562
-0.0433121
-0.0420954
0.0407963
0.0412996
0.0395291
0.0364652
0.0330797
0.0295594
0.0258592
0.0219691
0.0179185
0.013749
0.00950738
0.00524483
0.00101518
-0.0031275
-0.00713169
-0.0109509
-0.0145456
-0.0178846
-0.0209457
-0.0237155
-0.0261898
-0.0283717
-0.0302703
-0.0318987
-0.033277
-0.0344476
-0.0354713
-0.0362488
-0.0361582
-0.0345763
0.0362194
0.037074
0.035768
0.0332211
0.0303602
0.0273616
0.0241794
0.0208016
0.0172527
0.0135699
0.00979573
0.00597829
0.00216978
-0.00157604
-0.00520674
-0.00867407
-0.0119363
-0.01496
-0.0177212
-0.0202055
-0.0224076
-0.0243306
-0.0259838
-0.0273807
-0.0285411
-0.0295068
-0.0303389
-0.0309385
-0.0306781
-0.0289224
0.0328839
0.0338754
0.0328528
0.0306805
0.0282131
0.0256072
0.0228177
0.0198322
0.0166725
0.0133715
0.00996851
0.00650883
0.00304277
-0.00037694
-0.0036981
-0.00687203
-0.00985628
-0.0126166
-0.0151283
-0.0173764
-0.0193555
-0.0210688
-0.0225256
-0.0237395
-0.0247298
-0.0255363
-0.026219
-0.0266863
-0.02633
-0.0245038
0.0303554
0.0313755
0.0305356
0.0286458
0.0264833
0.0241824
0.0216995
0.0190235
0.0161737
0.01318
0.0100788
0.00691293
0.00373076
0.000583587
-0.00247725
-0.00540347
-0.00815268
-0.0106905
-0.0129922
-0.0150426
-0.0168364
-0.0183765
-0.0196724
-0.0207376
-0.0215905
-0.0222688
-0.0228306
-0.0231959
-0.0227837
-0.0209363
0.0283616
0.0293632
0.0286433
0.0269733
0.0250541
0.0229984
0.0207636
0.0183399
0.0157449
0.0130058
0.0101565
0.00723785
0.00429618
0.00138128
-0.00145663
-0.00417005
-0.00671709
-0.00906372
-0.0111852
-0.0130668
-0.0147031
-0.0160971
-0.0172583
-0.0182001
-0.0189404
-0.0195142
-0.019979
-0.0202657
-0.0198242
-0.0179823
0.0267578
0.0277018
0.0270638
0.0255673
0.0238481
0.0219951
0.0199666
0.0177542
0.0153739
0.0128508
0.0102168
0.00751044
0.00477645
0.00206306
-0.000580804
-0.00310863
-0.00547924
-0.00765916
-0.00962412
-0.0113596
-0.0128604
-0.0141296
-0.0151768
-0.0160153
-0.0166624
-0.0171511
-0.0175374
-0.0177636
-0.01731
-0.0154886
0.0254271
0.0262926
0.0257183
0.0243652
0.0228115
0.0211296
0.0192768
0.0172452
0.0150499
0.012714
0.0102673
0.00774662
0.00519501
0.00265913
0.000186592
-0.00217718
-0.00439189
-0.00642477
-0.00825207
-0.00985967
-0.0112426
-0.0124042
-0.0133539
-0.0141052
-0.0146746
-0.0150936
-0.0154164
-0.0155959
-0.0151422
-0.0133488
0.024296
0.0250684
0.024542
0.0233202
0.0219056
0.0203701
0.0186699
0.0167964
0.0147634
0.0125925
0.0103116
0.00795601
0.00556695
0.00318963
0.00087033
-0.00134668
-0.00342206
-0.00532382
-0.00702884
-0.00852342
-0.00980294
-0.0108708
-0.0117366
-0.0124136
-0.0129181
-0.0132795
-0.0135507
-0.0136947
-0.0132489
-0.0114871
0.0233144
0.0239816
0.0234905
0.0223922
0.0211025
0.0196924
0.0181268
0.016394
0.014506
0.0124829
0.0103512
0.00814443
0.00590226
0.00366842
0.00148784
-0.000596375
-0.0025459
-0.00432956
-0.00592488
-0.00731866
-0.00850658
-0.00949216
-0.010285
-0.0108985
-0.0113484
-0.0116623
-0.0118913
-0.0120084
-0.0115762
-0.00984764
0.0224406
0.0230049
0.0225394
0.0215462
0.0203785
0.0190778
0.0176321
0.0160267
0.0142703
0.0123818
0.0103861
0.00831538
0.00620768
0.00410528
0.00205175
8.90048e-05
-0.00174564
-0.00342187
-0.00491787
-0.00622093
-0.00732703
-0.00823984
-0.00896898
-0.00952769
-0.00993139
-0.0102059
-0.0104012
-0.010498
-0.0100834
-0.00838878
0.0216464
0.0221067
0.0216659
0.0207655
0.0197104
0.0185114
0.0171734
0.0156849
0.0140499
0.0122855
0.0104157
0.0084709
0.00648784
0.00450728
0.00257144
0.000721024
-0.00100769
-0.00258522
-0.00399044
-0.00521112
-0.00624354
-0.00709146
-0.00776449
-0.00827574
-0.00864032
-0.00888252
-0.00905044
-0.00913269
-0.00873879
-0.00707862
0.0209121
0.0212651
0.0208507
0.0200359
0.0190795
0.0179827
0.0167404
0.0153601
0.0138388
0.0121907
0.0104387
0.00861205
0.00674594
0.00487964
0.00305405
0.00130865
-0.000321329
-0.00180728
-0.00312873
-0.00427392
-0.0052394
-0.00602904
-0.00665236
-0.00712238
-0.00745386
-0.00766954
-0.00781576
-0.00788808
-0.00751735
-0.00589262
0.0202155
0.0204681
0.0200816
0.0193425
0.0184741
0.0174799
0.0163269
0.0150462
0.0136322
0.0120941
0.0104538
0.0087393
0.00698418
0.0052263
0.00350516
0.00185903
0.000322061
-0.00107801
-0.00232138
-0.00339673
-0.0043009
-0.00503777
-0.00561681
-0.00605086
-0.00635438
-0.0065486
-0.00667813
-0.00674471
-0.0063994
-0.00481206
0.0195393
0.019702
0.0193442
0.0186766
0.0178889
0.0169881
0.0159269
0.0147372
0.0134252
0.0119928
0.0104596
0.00885267
0.00720411
0.00555027
0.00392924
0.00237801
0.000929635
-0.000389031
-0.00155886
-0.00256898
-0.00341646
-0.00410522
-0.00464461
-0.0050473
-0.00532734
-0.00550467
-0.00562209
-0.00568662
-0.00536891
-0.00382266
0.0188735
0.0189539
0.0186267
0.0180287
0.0173146
0.0164971
0.0155337
0.0144286
0.0132138
0.0118838
0.0104545
0.00895187
0.00740677
0.00585392
0.00432994
0.00287048
0.00150748
0.000266847
-0.000832962
-0.00178153
-0.00257614
-0.00322073
-0.0037245
-0.00409991
-0.00436059
-0.00452533
-0.00463491
-0.00470098
-0.00441315
-0.00291392
0.0182104
0.0182125
0.0179167
0.0173868
0.0167441
0.016004
0.0151372
0.0141167
0.0129941
0.0117641
0.0104366
0.00903636
0.00759281
0.00613911
0.00471031
0.00334067
0.0020609
0.000895955
-0.000136436
-0.00102632
-0.00177119
-0.00237499
-0.00284673
-0.0031986
-0.0034439
-0.0036002
-0.00370625
-0.00377749
-0.00352204
-0.00207854
0.017543
0.0174679
0.0172055
0.0167425
0.0161698
0.0155045
0.0147283
0.0137982
0.0127623
0.0116307
0.0104042
0.00910538
0.00776259
0.00640733
0.00507299
0.00379229
0.00259467
0.00150403
0.00053731
-0.000296033
-0.000993716
-0.00155968
-0.00200273
-0.00233474
-0.00256858
-0.00272073
-0.00282771
-0.00290797
-0.00268777
-0.00131202
0.0168622
0.0167132
0.0164859
0.0160891
0.0155866
0.014992
0.0142993
0.0134685
0.0125156
0.0114806
0.0103552
0.00915797
0.0079162
0.00665977
0.00542026
0.00422875
0.00311324
0.00209644
0.00119443
0.000416114
-0.00023648
-0.000767283
-0.00118486
-0.00150072
-0.00172725
-0.00187979
-0.00199261
-0.00208622
-0.00190465
-0.000612379
0.0161592
0.015941
0.0157506
0.0154192
0.0149863
0.0144626
0.0138493
0.0131196
0.0122517
0.0113113
0.0102876
0.00919294
0.00805348
0.00689736
0.00575419
0.00465323
0.00362081
0.00267832
0.00184084
0.0011166
0.000507341
9.14262e-06
-0.00038628
-0.000689994
-0.000913775
-0.00107187
-0.00119594
-0.00130778
-0.00116902
2.01224e-05
0.0154244
0.0151442
0.0149934
0.0147268
0.0143627
0.0139108
0.0133758
0.012744
0.011968
0.0111195
0.0101988
0.00920885
0.008174
0.0071208
0.00607669
0.0050688
0.00412159
0.00325484
0.00248243
0.00181182
0.00124435
0.000776137
0.000399247
0.000103163
-0.000123145
-0.000292839
-0.00043458
-0.00057024
-0.0004792
0.000583282
0.0146463
0.0143152
0.0142069
0.014006
0.0137113
0.0133331
0.0128754
0.012335
0.0116615
0.0109016
0.0100858
0.00920387
0.00827706
0.00733061
0.00638956
0.00547857
0.00461986
0.0038313
0.00312529
0.00250827
0.00198112
0.00154
0.00117744
0.000883655
0.000648461
0.000460197
0.000293087
0.000126938
0.00016431
0.00107333
0.0138093
0.0134446
0.0133837
0.0132502
0.0130262
0.0127233
0.0123432
0.0118897
0.0113265
0.0106562
0.00994631
0.00917606
0.00836177
0.00752714
0.00669452
0.00588566
0.00512004
0.00441315
0.0037755
0.00321231
0.00272384
0.00230633
0.00195301
0.00165505
0.00140339
0.00118821
0.000986996
0.000782732
0.000758943
0.00148539
0.012893
0.0125198
0.0125125
0.01245
0.0123004
0.0120747
0.0117743
0.0114077
0.0109553
0.0103814
0.00977768
0.00912346
0.00842718
0.00771065
0.00699317
0.00629299
0.00562619
0.00500526
0.00443837
0.00392913
0.00347707
0.00307872
0.00272835
0.00241835
0.00214124
0.00188917
0.00164381
0.00139254
0.00129928
0.00181442
0.0118783
0.0115367
0.0115877
0.0115986
0.0115286
0.0113844
0.0111667
0.0108882
0.0105425
0.0100732
0.0095756
0.00904253
0.00847085
0.00788014
0.00728633
0.00670335
0.00614298
0.0056138
0.0051209
0.00466567
0.00424681
0.00386231
0.00350729
0.00317561
0.00286204
0.00256145
0.00226034
0.00195253
0.00178012
0.00205701
0.0107327
0.0105228
0.0106471
0.0107213
0.0107271
0.0106636
0.0105268
0.0103319
0.0100835
0.00972565
0.00933044
0.00892263
0.00848379
0.00803038
0.00757426
0.00712369
0.00668437
0.00625914
0.00584845
0.00545029
0.00506203
0.00468634
0.00431717
0.00395062
0.00358517
0.00321967
0.00284667
0.00246835
0.00219991
0.00221303
0.00925744
0.00942139
0.00971438
0.00985037
0.00991439
0.00991848
0.00985239
0.00972789
0.00956162
0.00932026
0.0090265
0.00874837
0.00845556
0.00815926
0.00786539
0.00757385
0.00728111
0.0069814
0.00666807
0.00633513
0.00597942
0.00560152
0.0052019
0.00478009
0.00433956
0.00388483
0.00341589
0.00294313
0.00254924
0.00227807
0.00680977
0.00753884
0.00827892
0.00863995
0.00884111
0.0089644
0.00901322
0.00899943
0.00894826
0.00885223
0.00869657
0.00857041
0.00844256
0.00831683
0.00819154
0.00805731
0.0079009
0.00770975
0.00747164
0.00718135
0.00685031
0.00641604
0.00595489
0.00545537
0.00492437
0.00437212
0.00380584
0.00324183
0.00272619
0.00221424
0.00305353
0.00359308
0.00496039
0.00596208
0.0066822
0.00725344
0.00770314
0.00804599
0.00830911
0.00849951
0.00859868
0.00866731
0.00868304
0.00864326
0.00854619
0.00838706
0.00816122
0.00786848
0.00750875
0.00708018
0.00657976
0.00609538
0.00557569
0.00503496
0.0044909
0.00395437
0.00343384
0.00294619
0.00250157
0.00199074
-0.0558976
-0.047073
-0.0404264
-0.0349652
-0.0304495
-0.0266718
-0.0234715
-0.0207289
-0.0183526
-0.0162727
-0.0144357
-0.0127996
-0.0113313
-0.0100045
-0.00879755
-0.00769314
-0.00667684
-0.00573678
-0.00486324
-0.00404848
-0.00328665
-0.00257383
-0.00190812
-0.00128968
-0.000721222
-0.000209668
0.000236965
0.000621614
0.000951553
0.00111231
-0.0562442
-0.0472114
-0.0402228
-0.0346178
-0.0300263
-0.0262034
-0.0229729
-0.0202079
-0.017814
-0.0157203
-0.0138725
-0.0122288
-0.0107565
-0.0094298
-0.0082284
-0.00713624
-0.00614076
-0.00523225
-0.00440341
-0.00364893
-0.00296522
-0.00235008
-0.00180244
-0.00132202
-0.000909423
-0.000566542
-0.000294882
-7.35813e-05
0.000184311
0.000501611
-0.0573412
-0.0483956
-0.0413529
-0.0357212
-0.0311018
-0.0272514
-0.0239945
-0.0212044
-0.0187874
-0.0166731
-0.0148076
-0.0131491
-0.011665
-0.0103293
-0.0091215
-0.00802505
-0.00702683
-0.00611637
-0.00528548
-0.00452783
-0.00383871
-0.00321481
-0.00265397
-0.00215487
-0.00171721
-0.00134391
-0.00104345
-0.000802279
-0.000501951
-9.04273e-06
-0.0586282
-0.0499443
-0.0429864
-0.0373738
-0.0327275
-0.0288291
-0.0255146
-0.0226638
-0.0201863
-0.0180136
-0.0160931
-0.0143835
-0.0128524
-0.011474
-0.0102276
-0.00909639
-0.008067
-0.00712856
-0.00627234
-0.00549144
-0.00478045
-0.00413527
-0.00355284
-0.00303076
-0.00256727
-0.00216418
-0.00183142
-0.00155885
-0.00121152
-0.000571065
-0.0598012
-0.0513343
-0.0444719
-0.0388885
-0.0342247
-0.0302843
-0.0269161
-0.0240066
-0.0214694
-0.0192385
-0.0172625
-0.015501
-0.0139219
-0.0124996
-0.0112132
-0.010046
-0.00898417
-0.00801666
-0.00713436
-0.0063299
-0.0055974
-0.0049322
-0.00433069
-0.00378982
-0.00330702
-0.00288313
-0.00252805
-0.00223383
-0.00186029
-0.00113518
-0.060819
-0.0524989
-0.0457233
-0.0401752
-0.0355083
-0.0315427
-0.0281369
-0.0251833
-0.0225997
-0.0203221
-0.0183007
-0.0164959
-0.0148761
-0.0134161
-0.0120949
-0.0108959
-0.00980512
-0.00881123
-0.00790489
-0.00707843
-0.00632556
-0.00564123
-0.00502135
-0.00446243
-0.00396134
-0.00351809
-0.00314202
-0.00282746
-0.00243903
-0.00167995
-0.0616954
-0.0534844
-0.0467912
-0.0412818
-0.036622
-0.0326431
-0.0292119
-0.0262258
-0.0236058
-0.0212905
-0.0192314
-0.0173899
-0.015735
-0.0142417
-0.0128895
-0.0116615
-0.0105439
-0.00952516
-0.00859586
-0.00774807
-0.00697525
-0.00627203
-0.00563399
-0.00505729
-0.00453843
-0.00407663
-0.00368005
-0.00334505
-0.0029485
-0.00219479
-0.062435
-0.0543191
-0.0477017
-0.0422309
-0.0375828
-0.0335978
-0.0301489
-0.0271381
-0.0244893
-0.022143
-0.0200522
-0.0181793
-0.016494
-0.0149714
-0.0135914
-0.0123373
-0.0111952
-0.0101536
-0.00920293
-0.00833509
-0.00754339
-0.00682222
-0.0061669
-0.00557337
-0.00503785
-0.00455886
-0.00414296
-0.00378807
-0.00338827
-0.00266915
-0.063044
-0.0550123
-0.0484635
-0.0430285
-0.038394
-0.034407
-0.0309462
-0.0279168
-0.0252453
-0.022874
-0.0207571
-0.018858
-0.0171469
-0.0155994
-0.0141955
-0.0129186
-0.011755
-0.0106932
-0.00972335
-0.00883749
-0.0080287
-0.00729122
-0.00662018
-0.00601133
-0.00546074
-0.00496628
-0.00453271
-0.004159
-0.003759
-0.00309356
-0.0635375
-0.05557
-0.0490845
-0.043681
-0.0390603
-0.0350739
-0.0316052
-0.0285621
-0.0258732
-0.0234822
-0.0213446
-0.0194243
-0.0176921
-0.0161239
-0.0147001
-0.0134042
-0.0122224
-0.0111433
-0.0101571
-0.00925567
-0.00843208
-0.0076804
-0.00699563
-0.00637339
-0.00580965
-0.00530176
-0.0048526
-0.00446168
-0.00406296
-0.00346071
-0.0639247
-0.0560052
-0.0495744
-0.0441976
-0.0395894
-0.0356049
-0.0321313
-0.0290785
-0.0263765
-0.0239706
-0.0218169
-0.01988
-0.0181311
-0.0165465
-0.0151067
-0.0137954
-0.0125988
-0.0115056
-0.010506
-0.00959176
-0.00875589
-0.00799241
-0.00729621
-0.00666279
-0.00608807
-0.00556901
-0.00510671
-0.00470076
-0.00430369
-0.00376569
-0.0642146
-0.0563322
-0.0499443
-0.044589
-0.0399914
-0.0360089
-0.0325324
-0.0294728
-0.0267615
-0.0243446
-0.0221788
-0.0202295
-0.018468
-0.0168709
-0.0154189
-0.0140958
-0.0128878
-0.0117837
-0.0107736
-0.00984937
-0.00900389
-0.00823115
-0.00752594
-0.0068837
-0.00630033
-0.00577248
-0.00529975
-0.00488141
-0.00448567
-0.00400606
-0.0644161
-0.0565653
-0.0502054
-0.0448668
-0.040277
-0.0362964
-0.0328182
-0.029754
-0.0270364
-0.0246118
-0.0224377
-0.0204795
-0.0187091
-0.0171032
-0.0156425
-0.0143109
-0.0130947
-0.0119827
-0.0109651
-0.0100336
-0.00918114
-0.00840166
-0.00768988
-0.00704121
-0.00645151
-0.00591725
-0.00543687
-0.00500914
-0.00461411
-0.00418182
-0.0645428
-0.0567143
-0.050369
-0.0450429
-0.0404582
-0.0364788
-0.0329995
-0.0299326
-0.027211
-0.0247816
-0.0226022
-0.0206385
-0.0188624
-0.0172509
-0.0157847
-0.0144476
-0.0132263
-0.0121093
-0.0110868
-0.0101506
-0.00929371
-0.00850989
-0.00779389
-0.00714107
-0.0065473
-0.00600892
-0.0055236
-0.00508963
-0.00469473
-0.00429508
-0.0646066
-0.0567839
-0.0504465
-0.0451276
-0.040545
-0.0365661
-0.0330864
-0.0300181
-0.0272945
-0.0248629
-0.0226809
-0.0207146
-0.0189358
-0.0173215
-0.0158526
-0.014513
-0.0132892
-0.0121697
-0.011145
-0.0102066
-0.00934749
-0.00856158
-0.00784355
-0.00718873
-0.00659299
-0.00605262
-0.00556492
-0.00512787
-0.00473285
-0.00434933
-0.0646069
-0.0567842
-0.0504468
-0.0451278
-0.0405452
-0.0365663
-0.0330865
-0.0300182
-0.0272946
-0.0248629
-0.022681
-0.0207146
-0.0189359
-0.0173216
-0.0158527
-0.0145131
-0.0132893
-0.0121699
-0.0111451
-0.0102067
-0.00934763
-0.00856173
-0.0078437
-0.00718888
-0.00659314
-0.00605278
-0.00556508
-0.00512803
-0.00473301
-0.00434949
-0.0645436
-0.056715
-0.0503698
-0.0450436
-0.0404587
-0.0364792
-0.0329999
-0.0299329
-0.0272112
-0.0247818
-0.0226024
-0.0206387
-0.0188626
-0.0172511
-0.0157849
-0.0144479
-0.0132266
-0.0121096
-0.0110872
-0.010151
-0.00929414
-0.00851033
-0.00779434
-0.00714153
-0.00654775
-0.00600938
-0.00552406
-0.0050901
-0.0046952
-0.00429554
-0.0644174
-0.0565665
-0.0502068
-0.044868
-0.0402779
-0.0362972
-0.0328188
-0.0297545
-0.0270367
-0.0246121
-0.022438
-0.0204798
-0.0187094
-0.0171035
-0.0156429
-0.0143113
-0.0130952
-0.0119833
-0.0109657
-0.0100343
-0.00918183
-0.00840237
-0.00769061
-0.00704195
-0.00645226
-0.00591801
-0.00543763
-0.00500991
-0.00461488
-0.00418258
-0.0642164
-0.0563338
-0.0499463
-0.0445906
-0.0399926
-0.03601
-0.0325333
-0.0294735
-0.0267621
-0.0243451
-0.0221793
-0.0202299
-0.0184684
-0.0168714
-0.0154195
-0.0140964
-0.0128885
-0.0117845
-0.0107745
-0.00985027
-0.00900484
-0.00823213
-0.00752693
-0.00688472
-0.00630135
-0.00577351
-0.00530079
-0.00488246
-0.00448672
-0.00400711
-0.063927
-0.0560072
-0.0495768
-0.0441995
-0.039591
-0.0356063
-0.0321325
-0.0290794
-0.0263773
-0.0239713
-0.0218175
-0.0198806
-0.0181317
-0.0165472
-0.0151074
-0.0137962
-0.0125997
-0.0115066
-0.0105071
-0.0095929
-0.00875708
-0.00799364
-0.00729745
-0.00666405
-0.00608935
-0.00557031
-0.00510802
-0.00470207
-0.004305
-0.00376699
-0.0635403
-0.0555723
-0.0490871
-0.0436831
-0.0390621
-0.0350756
-0.0316068
-0.0285634
-0.0258742
-0.0234831
-0.0213454
-0.0194251
-0.0176929
-0.0161248
-0.014701
-0.0134052
-0.0122235
-0.0111445
-0.0101584
-0.00925704
-0.00843349
-0.00768185
-0.00699711
-0.00637489
-0.00581116
-0.00530329
-0.00485414
-0.00446323
-0.00406451
-0.00346224
-0.0630471
-0.0550148
-0.0484663
-0.0430307
-0.0383961
-0.0344091
-0.0309481
-0.0279183
-0.0252465
-0.0228751
-0.0207581
-0.018859
-0.0171479
-0.0156004
-0.0141966
-0.0129198
-0.0117564
-0.0106946
-0.00972487
-0.00883906
-0.00803032
-0.00729288
-0.00662187
-0.00601305
-0.00546247
-0.00496803
-0.00453447
-0.00416077
-0.00376077
-0.00309532
-0.0624386
-0.0543218
-0.0477046
-0.0422332
-0.037585
-0.0336001
-0.0301511
-0.0271399
-0.0244908
-0.0221444
-0.0200535
-0.0181805
-0.0164951
-0.0149727
-0.0135928
-0.0123388
-0.0111968
-0.0101553
-0.00920464
-0.00833686
-0.0075452
-0.00682407
-0.00616879
-0.00557529
-0.00503979
-0.00456081
-0.00414493
-0.00379005
-0.00339025
-0.00267111
-0.0616993
-0.0534872
-0.0467941
-0.0412842
-0.0366243
-0.0326456
-0.0292143
-0.0262279
-0.0236077
-0.0212922
-0.0192329
-0.0173913
-0.0157365
-0.0142432
-0.012891
-0.0116631
-0.0105456
-0.009527
-0.00859776
-0.00775002
-0.00697725
-0.00627407
-0.00563606
-0.00505939
-0.00454055
-0.00407877
-0.00368222
-0.00334722
-0.00295067
-0.00219694
-0.0608231
-0.0525017
-0.0457262
-0.0401775
-0.0355107
-0.0315454
-0.0281396
-0.0251858
-0.0226019
-0.0203241
-0.0183025
-0.0164976
-0.0148779
-0.0134178
-0.0120968
-0.0108978
-0.00980708
-0.00881326
-0.00790698
-0.00708056
-0.00632774
-0.00564345
-0.0050236
-0.00446471
-0.00396364
-0.00352042
-0.00314436
-0.00282981
-0.00244138
-0.00168229
-0.0598054
-0.0513372
-0.0444747
-0.0388908
-0.0342271
-0.0302871
-0.026919
-0.0240093
-0.021472
-0.0192409
-0.0172647
-0.0155031
-0.013924
-0.0125016
-0.0112153
-0.0100481
-0.00898635
-0.00801889
-0.00713663
-0.00633222
-0.00559976
-0.0049346
-0.00433311
-0.00379227
-0.00330949
-0.00288562
-0.00253055
-0.00223634
-0.00186281
-0.00113768
-0.0586323
-0.0499473
-0.0429892
-0.0373761
-0.03273
-0.028832
-0.0255177
-0.0226668
-0.0201891
-0.0180163
-0.0160957
-0.014386
-0.0128549
-0.0114764
-0.01023
-0.0090988
-0.00806943
-0.007131
-0.00627481
-0.00549394
-0.00478299
-0.00413784
-0.00355544
-0.00303338
-0.00256991
-0.00216683
-0.00183407
-0.0015615
-0.00121417
-0.000573719
-0.0573453
-0.0483986
-0.0413555
-0.0357234
-0.0311043
-0.0272544
-0.0239977
-0.0212077
-0.0187907
-0.0166762
-0.0148106
-0.013152
-0.0116678
-0.0103321
-0.00912424
-0.00802777
-0.00702953
-0.00611908
-0.0052882
-0.00453056
-0.00384146
-0.00321758
-0.00265675
-0.00215767
-0.00172001
-0.00134671
-0.00104625
-0.000805059
-0.000504716
-1.17942e-05
-0.0562481
-0.0472144
-0.0402255
-0.0346202
-0.0300288
-0.0262064
-0.0229763
-0.0202115
-0.0178176
-0.0157238
-0.013876
-0.0122322
-0.0107598
-0.009433
-0.00823152
-0.0071393
-0.00614378
-0.00523525
-0.00440639
-0.00365191
-0.00296819
-0.00235306
-0.00180541
-0.00132497
-0.000912363
-0.000569463
-0.000297783
-7.64581e-05
0.000181478
0.000498846
-0.0559015
-0.0470761
-0.0404292
-0.0349678
-0.0304522
-0.026675
-0.0234752
-0.0207329
-0.0183566
-0.0162768
-0.0144396
-0.0128034
-0.011335
-0.010008
-0.00880102
-0.00769652
-0.00668013
-0.00574001
-0.00486642
-0.00405163
-0.00328978
-0.00257695
-0.00191121
-0.00129274
-0.000724247
-0.00021265
0.000234027
0.000618714
0.000948685
0.00110952
0.000499836
0.000107207
-0.000345273
-0.000807722
-0.001242
-0.00164296
-0.00201355
-0.00235518
-0.00266829
-0.00295345
-0.00321156
-0.00344372
-0.00365114
-0.0038351
-0.0039969
-0.00413789
-0.0042594
-0.00436274
-0.0044492
-0.00452
-0.00457635
-0.00461938
-0.00465017
-0.00466975
-0.00467909
-0.0046791
-0.00467063
-0.00465446
-0.00463135
-0.00460199
-0.004567
-0.00452697
-0.00448245
-0.00443395
-0.0043819
-0.00432674
-0.00426885
-0.00420857
-0.00414622
-0.00408208
-0.00401642
-0.00394947
-0.00388144
-0.00381251
-0.00374285
-0.00367261
-0.00360193
-0.00353092
-0.00345969
-0.00338835
-0.00331697
-0.00324549
-0.00317401
-0.00310264
-0.00303142
-0.00296038
-0.00288951
-0.00281881
-0.00274838
-0.00267825
-0.0026084
-0.00253883
-0.00246954
-0.00240052
-0.00233178
-0.00226331
-0.0021951
-0.00212714
-0.00205942
-0.00199195
-0.0019247
-0.00185767
-0.00179084
-0.00172421
-0.00165777
-0.0015915
-0.0015254
-0.00145946
-0.00139366
-0.001328
-0.00126246
-0.00119705
-0.00113174
-0.00106654
-0.00100143
-0.000936411
-0.000871469
-0.000806601
-0.000741797
-0.000677064
-0.000612404
-0.000547799
-0.000483238
-0.000418716
-0.000354234
-0.000289781
-0.000225343
-0.000160955
-9.66578e-05
-3.23395e-05
-0.000308194
-0.000437468
-0.000722846
-0.00107018
-0.00140322
-0.00171243
-0.00200267
-0.0022754
-0.00253017
-0.00276662
-0.00298475
-0.00318478
-0.00336707
-0.00353207
-0.00368034
-0.0038125
-0.00392924
-0.00403129
-0.00411939
-0.00419432
-0.00425684
-0.00430772
-0.00434771
-0.00437755
-0.00439796
-0.00440963
-0.00441321
-0.00440935
-0.00439864
-0.00438165
-0.00435893
-0.00433097
-0.00429826
-0.00426124
-0.00422032
-0.00417589
-0.0041283
-0.00407788
-0.00402494
-0.00396976
-0.0039126
-0.00385368
-0.00379323
-0.00373143
-0.00366847
-0.00360451
-0.00353969
-0.00347413
-0.00340796
-0.00334125
-0.00327407
-0.00320667
-0.00313903
-0.00307119
-0.00300321
-0.00293513
-0.00286703
-0.00279899
-0.00273094
-0.00266292
-0.00259496
-0.0025271
-0.00245935
-0.00239173
-0.00232423
-0.00225688
-0.00218967
-0.0021226
-0.00205568
-0.00198891
-0.00192228
-0.00185579
-0.00178945
-0.00172323
-0.00165715
-0.0015912
-0.00152536
-0.00145965
-0.00139404
-0.00132854
-0.00126313
-0.00119782
-0.00113259
-0.00106745
-0.00100239
-0.000937405
-0.000872484
-0.000807623
-0.00074282
-0.000678071
-0.000613375
-0.000548731
-0.000484135
-0.000419585
-0.000355073
-0.00029057
-0.000226059
-0.000161598
-9.7237e-05
-3.27248e-05
-0.00101933
-0.000933257
-0.00108318
-0.00134179
-0.00159755
-0.00183596
-0.00206362
-0.00228219
-0.00249051
-0.00268753
-0.00287261
-0.00304537
-0.00320557
-0.00335309
-0.00348797
-0.00361033
-0.0037204
-0.00381849
-0.00390497
-0.00398027
-0.00404484
-0.00409917
-0.00414378
-0.00417918
-0.0042059
-0.00422446
-0.00423538
-0.00423915
-0.00423628
-0.00422724
-0.00421249
-0.00419246
-0.00416758
-0.00413824
-0.00410481
-0.00406766
-0.0040271
-0.00398346
-0.00393703
-0.00388806
-0.00383682
-0.00378354
-0.00372842
-0.00367168
-0.00361348
-0.00355401
-0.0034934
-0.0034318
-0.00336933
-0.00330611
-0.00324225
-0.00317782
-0.00311292
-0.00304761
-0.00298198
-0.00291607
-0.00284995
-0.00278366
-0.00271724
-0.00265073
-0.00258417
-0.00251759
-0.002451
-0.00238442
-0.00231788
-0.00225138
-0.00218494
-0.00211857
-0.00205228
-0.00198606
-0.00191992
-0.00185388
-0.00178792
-0.00172205
-0.00165626
-0.00159057
-0.00152496
-0.00145944
-0.001394
-0.00132864
-0.00126335
-0.00119814
-0.001133
-0.00106793
-0.00100292
-0.000937968
-0.000873075
-0.000808232
-0.000743439
-0.000678696
-0.000613998
-0.000549334
-0.000484714
-0.000420148
-0.00035562
-0.000291088
-0.00022654
-0.000162039
-9.76654e-05
-3.30557e-05
-0.00163604
-0.00139791
-0.00144419
-0.00162651
-0.00181431
-0.0019907
-0.00216329
-0.00233367
-0.00250014
-0.00266112
-0.00281551
-0.00296244
-0.00310119
-0.00323123
-0.00335215
-0.00346369
-0.00356571
-0.00365817
-0.00374114
-0.00381474
-0.00387919
-0.00393473
-0.00398166
-0.00402032
-0.00405106
-0.00407426
-0.0040903
-0.00409958
-0.00410248
-0.00409939
-0.00409071
-0.00407679
-0.004058
-0.0040347
-0.00400722
-0.00397588
-0.00394099
-0.00390284
-0.0038617
-0.00381782
-0.00377146
-0.00372283
-0.00367215
-0.00361961
-0.0035654
-0.00350969
-0.00345263
-0.00339436
-0.00333502
-0.00327473
-0.0032136
-0.00315172
-0.00308919
-0.0030261
-0.00296251
-0.0028985
-0.00283413
-0.00276946
-0.00270453
-0.00263939
-0.00257408
-0.00250863
-0.00244308
-0.00237745
-0.00231176
-0.00224604
-0.00218031
-0.00211457
-0.00204884
-0.00198314
-0.00191746
-0.00185182
-0.00178622
-0.00172067
-0.00165517
-0.00158973
-0.00152434
-0.00145901
-0.00139373
-0.00132851
-0.00126335
-0.00119824
-0.00113319
-0.00106818
-0.00100323
-0.000938334
-0.000873478
-0.000808661
-0.000743888
-0.000679158
-0.000614463
-0.000549797
-0.000485169
-0.000420591
-0.000356048
-0.000291497
-0.000226923
-0.000162407
-9.80561e-05
-3.33846e-05
-0.00217296
-0.00182753
-0.00179449
-0.00190886
-0.00203456
-0.00215519
-0.00227848
-0.00240553
-0.00253416
-0.00266236
-0.00278858
-0.00291158
-0.00303024
-0.00314363
-0.00325101
-0.00335177
-0.00344547
-0.00353177
-0.00361046
-0.00368145
-0.0037447
-0.00380028
-0.0038483
-0.00388892
-0.00392235
-0.00394884
-0.00396866
-0.0039821
-0.00398945
-0.00399104
-0.00398716
-0.00397814
-0.00396429
-0.00394591
-0.00392331
-0.00389677
-0.00386657
-0.00383299
-0.00379628
-0.00375668
-0.00371443
-0.00366974
-0.00362283
-0.00357388
-0.00352308
-0.00347059
-0.00341658
-0.00336118
-0.00330455
-0.00324679
-0.00318803
-0.00312837
-0.00306791
-0.00300675
-0.00294496
-0.00288261
-0.00281978
-0.00275653
-0.00269291
-0.00262898
-0.00256478
-0.00250035
-0.00243572
-0.00237094
-0.00230602
-0.002241
-0.0021759
-0.00211073
-0.00204552
-0.00198028
-0.00191503
-0.00184976
-0.0017845
-0.00171925
-0.00165401
-0.0015888
-0.00152362
-0.00145846
-0.00139334
-0.00132826
-0.00126322
-0.00119821
-0.00113325
-0.00106832
-0.00100343
-0.00093857
-0.000873753
-0.000808972
-0.000744225
-0.000679511
-0.000614827
-0.000550168
-0.00048554
-0.000420953
-0.000356399
-0.000291836
-0.000227246
-0.000162727
-9.84202e-05
-3.37125e-05
-0.00262702
-0.00221345
-0.00212023
-0.00217479
-0.00224518
-0.00231689
-0.0023971
-0.00248617
-0.00258148
-0.00268066
-0.00278183
-0.00288339
-0.00298388
-0.00308207
-0.0031769
-0.00326749
-0.00335314
-0.00343327
-0.00350746
-0.00357539
-0.00363685
-0.00369173
-0.00373998
-0.00378164
-0.00381678
-0.00384555
-0.0038681
-0.00388463
-0.00389537
-0.00390057
-0.00390046
-0.00389532
-0.00388541
-0.00387099
-0.00385234
-0.00382971
-0.00380336
-0.00377353
-0.00374048
-0.00370442
-0.00366559
-0.00362419
-0.00358042
-0.00353448
-0.00348654
-0.00343678
-0.00338534
-0.00333238
-0.00327804
-0.00322244
-0.0031657
-0.00310794
-0.00304926
-0.00298975
-0.0029295
-0.00286858
-0.00280708
-0.00274506
-0.00268258
-0.00261969
-0.00255645
-0.0024929
-0.00242909
-0.00236504
-0.0023008
-0.0022364
-0.00217186
-0.0021072
-0.00204245
-0.00197762
-0.00191273
-0.0018478
-0.00178284
-0.00171786
-0.00165286
-0.00158786
-0.00152287
-0.00145788
-0.0013929
-0.00132794
-0.00126301
-0.0011981
-0.00113321
-0.00106835
-0.00100352
-0.000938721
-0.000873944
-0.000809194
-0.000744473
-0.000679779
-0.000615111
-0.000550464
-0.000485839
-0.000421245
-0.000356685
-0.000292119
-0.000227525
-0.000163011
-9.87507e-05
-3.40267e-05
-0.00300119
-0.00255307
-0.0024149
-0.00241676
-0.00243846
-0.00246789
-0.00251103
-0.00256736
-0.00263389
-0.00270795
-0.00278736
-0.00287018
-0.0029547
-0.00303941
-0.00312301
-0.00320439
-0.00328263
-0.00335695
-0.00342675
-0.00349154
-0.00355095
-0.00360473
-0.00365271
-0.0036948
-0.00373097
-0.00376126
-0.00378576
-0.00380458
-0.00381788
-0.00382585
-0.00382868
-0.00382659
-0.0038198
-0.00380855
-0.00379306
-0.00377359
-0.00375035
-0.00372359
-0.00369353
-0.00366038
-0.00362436
-0.00358567
-0.00354451
-0.00350106
-0.0034555
-0.003408
-0.00335871
-0.00330779
-0.00325537
-0.00320158
-0.00314655
-0.00309039
-0.0030332
-0.00297509
-0.00291614
-0.00285644
-0.00279607
-0.00273509
-0.00267357
-0.00261158
-0.00254916
-0.00248637
-0.00242325
-0.00235984
-0.00229619
-0.00223232
-0.00216826
-0.00210404
-0.00203968
-0.00197522
-0.00191065
-0.00184602
-0.00178132
-0.00171657
-0.00165178
-0.00158697
-0.00152214
-0.00145729
-0.00139245
-0.00132761
-0.00126277
-0.00119795
-0.00113313
-0.00106834
-0.00100356
-0.000938806
-0.00087407
-0.000809354
-0.000744658
-0.000679983
-0.00061533
-0.000550696
-0.000486078
-0.000421485
-0.000356925
-0.000292361
-0.000227766
-0.000163258
-9.90437e-05
-3.43213e-05
-0.00330164
-0.00284594
-0.00267463
-0.00263033
-0.00260978
-0.00260322
-0.00261498
-0.00264359
-0.00268572
-0.00273846
-0.00279934
-0.00286618
-0.00293701
-0.0030101
-0.00308395
-0.00315726
-0.00322893
-0.00329803
-0.0033638
-0.0034256
-0.00348296
-0.00353549
-0.00358292
-0.00362506
-0.00366181
-0.00369311
-0.00371899
-0.00373949
-0.00375472
-0.00376481
-0.00376992
-0.00377021
-0.00376588
-0.00375714
-0.00374418
-0.00372724
-0.00370651
-0.00368222
-0.00365457
-0.00362378
-0.00359005
-0.00355358
-0.00351455
-0.00347314
-0.00342954
-0.0033839
-0.00333638
-0.00328714
-0.00323631
-0.00318403
-0.00313041
-0.00307557
-0.00301963
-0.00296268
-0.00290482
-0.00284614
-0.00278671
-0.0027266
-0.0026659
-0.00260465
-0.00254292
-0.00248077
-0.00241823
-0.00235537
-0.0022922
-0.00222878
-0.00216513
-0.00210129
-0.00203727
-0.00197311
-0.00190882
-0.00184443
-0.00177996
-0.00171541
-0.0016508
-0.00158615
-0.00152146
-0.00145675
-0.00139202
-0.00132728
-0.00126253
-0.00119778
-0.00113303
-0.00106829
-0.00100356
-0.000938851
-0.000874151
-0.000809465
-0.000744795
-0.00068014
-0.000615501
-0.000550879
-0.00048627
-0.000421683
-0.000357126
-0.000292564
-0.000227971
-0.000163468
-9.9296e-05
-3.45911e-05
-0.00353607
-0.0030929
-0.00289741
-0.00281321
-0.00275675
-0.00272019
-0.00270587
-0.00271146
-0.00273334
-0.00276838
-0.00281386
-0.00286738
-0.00292677
-0.00299011
-0.00305574
-0.0031222
-0.00318825
-0.00325283
-0.00331505
-0.00337419
-0.00342964
-0.00348093
-0.00352771
-0.0035697
-0.00360674
-0.0036387
-0.00366555
-0.00368728
-0.00370395
-0.00371566
-0.00372251
-0.00372465
-0.00372224
-0.00371547
-0.00370451
-0.00368956
-0.00367083
-0.00364851
-0.0036228
-0.0035939
-0.00356201
-0.00352731
-0.00349
-0.00345024
-0.00340822
-0.00336409
-0.00331802
-0.00327014
-0.0032206
-0.00316954
-0.00311707
-0.00306332
-0.0030084
-0.0029524
-0.00289543
-0.00283758
-0.00277892
-0.00271954
-0.0026595
-0.00259887
-0.00253771
-0.00247607
-0.00241402
-0.0023516
-0.00228885
-0.00222581
-0.0021625
-0.00209896
-0.00203523
-0.00197132
-0.00190726
-0.00184308
-0.00177879
-0.00171441
-0.00164996
-0.00158544
-0.00152087
-0.00145627
-0.00139163
-0.00132697
-0.0012623
-0.00119761
-0.00113292
-0.00106823
-0.00100355
-0.00093887
-0.0008742
-0.000809541
-0.000744894
-0.000680259
-0.000615637
-0.000551026
-0.000486423
-0.000421842
-0.000357288
-0.000292731
-0.000228142
-0.000163643
-9.95076e-05
-3.4833e-05
-0.00371321
-0.00329584
-0.00308271
-0.00296478
-0.00287862
-0.00281765
-0.0027822
-0.00276913
-0.00277463
-0.00279534
-0.00282836
-0.00287108
-0.00292117
-0.00297657
-0.00303548
-0.00309631
-0.00315772
-0.00321854
-0.00327778
-0.00333463
-0.00338842
-0.00343859
-0.00348472
-0.00352647
-0.00356363
-0.00359601
-0.00362353
-0.00364616
-0.0036639
-0.00367682
-0.003685
-0.00368856
-0.00368763
-0.00368238
-0.00367297
-0.00365958
-0.0036424
-0.00362162
-0.00359743
-0.00357002
-0.00353958
-0.00350629
-0.00347034
-0.00343189
-0.00339112
-0.00334819
-0.00330326
-0.00325646
-0.00320796
-0.00315787
-0.00310632
-0.00305344
-0.00299933
-0.0029441
-0.00288784
-0.00283065
-0.00277261
-0.00271381
-0.0026543
-0.00259417
-0.00253347
-0.00247226
-0.0024106
-0.00234854
-0.00228611
-0.00222336
-0.00216033
-0.00209704
-0.00203354
-0.00196984
-0.00190597
-0.00184196
-0.00177783
-0.00171358
-0.00164925
-0.00158485
-0.00152038
-0.00145586
-0.0013913
-0.00132671
-0.0012621
-0.00119746
-0.00113282
-0.00106817
-0.00100352
-0.000938875
-0.000874232
-0.000809595
-0.000744968
-0.000680351
-0.000615742
-0.00055114
-0.000486545
-0.000421969
-0.00035742
-0.000292867
-0.000228279
-0.000163781
-9.9677e-05
-3.50448e-05
-0.00384208
-0.00345727
-0.00323119
-0.00308565
-0.00297579
-0.00289562
-0.00284356
-0.00281586
-0.00280852
-0.00281802
-0.00284127
-0.00287553
-0.00291832
-0.00296747
-0.00302107
-0.00307746
-0.00313517
-0.00319298
-0.00324983
-0.00330483
-0.00335724
-0.00340647
-0.00345202
-0.00349352
-0.0035307
-0.00356334
-0.00359133
-0.0036146
-0.00363313
-0.00364694
-0.00365611
-0.00366073
-0.00366092
-0.00365682
-0.00364859
-0.00363639
-0.0036204
-0.00360079
-0.00357777
-0.0035515
-0.00352217
-0.00348996
-0.00345505
-0.00341761
-0.00337781
-0.0033358
-0.00329175
-0.0032458
-0.00319809
-0.00314876
-0.00309792
-0.00304571
-0.00299223
-0.00293759
-0.00288189
-0.00282522
-0.00276766
-0.00270931
-0.00265022
-0.00259047
-0.00253013
-0.00246926
-0.0024079
-0.00234612
-0.00228395
-0.00222143
-0.00215862
-0.00209553
-0.0020322
-0.00196866
-0.00190495
-0.00184107
-0.00177706
-0.00171292
-0.00164869
-0.00158436
-0.00151997
-0.00145553
-0.00139103
-0.00132649
-0.00126193
-0.00119734
-0.00113273
-0.00106812
-0.0010035
-0.000938874
-0.000874252
-0.000809635
-0.000745024
-0.00068042
-0.000615821
-0.000551227
-0.000486639
-0.000422068
-0.000357521
-0.000292972
-0.000228391
-0.000163892
-9.9807e-05
-3.52253e-05
-0.00393141
-0.00358008
-0.00334443
-0.00317731
-0.00304946
-0.00295486
-0.00289033
-0.00285164
-0.00283468
-0.00283578
-0.00285173
-0.00287964
-0.00291696
-0.00296142
-0.00301104
-0.00306406
-0.00311899
-0.00317452
-0.00322954
-0.00328312
-0.00333447
-0.00338294
-0.00342802
-0.0034693
-0.00350646
-0.00353927
-0.00356758
-0.0035913
-0.00361038
-0.00362484
-0.00363472
-0.00364011
-0.00364112
-0.00363786
-0.00363048
-0.00361916
-0.00360404
-0.0035853
-0.00356313
-0.00353771
-0.0035092
-0.00347779
-0.00344365
-0.00340696
-0.00336787
-0.00332656
-0.00328316
-0.00323783
-0.00319072
-0.00314194
-0.00309164
-0.00303993
-0.00298692
-0.00293272
-0.00287743
-0.00282115
-0.00276395
-0.00270593
-0.00264716
-0.0025877
-0.00252763
-0.002467
-0.00240587
-0.0023443
-0.00228232
-0.00221998
-0.00215732
-0.00209438
-0.00203119
-0.00196778
-0.00190417
-0.00184039
-0.00177647
-0.00171242
-0.00164825
-0.001584
-0.00151967
-0.00145527
-0.00139082
-0.00132633
-0.0012618
-0.00119724
-0.00113266
-0.00106807
-0.00100347
-0.00093887
-0.000874263
-0.00080966
-0.000745065
-0.000680473
-0.000615881
-0.000551293
-0.000486712
-0.000422146
-0.0003576
-0.000293052
-0.000228472
-0.000163969
-9.98975e-05
-3.53752e-05
-0.0039891
-0.00366732
-0.00342469
-0.00324188
-0.00310134
-0.00299662
-0.00292334
-0.00287696
-0.00285326
-0.0028485
-0.00285934
-0.00288282
-0.00291632
-0.0029575
-0.00300431
-0.00305498
-0.00310795
-0.00316187
-0.0032156
-0.00326817
-0.00331876
-0.0033667
-0.00341144
-0.00345254
-0.00348967
-0.00352259
-0.00355111
-0.00357512
-0.00359458
-0.00360948
-0.00361985
-0.00362577
-0.00362733
-0.00362466
-0.00361788
-0.00360715
-0.00359264
-0.00357451
-0.00355293
-0.00352809
-0.00350015
-0.0034693
-0.0034357
-0.00339952
-0.00336094
-0.0033201
-0.00327716
-0.00323227
-0.00318556
-0.00313718
-0.00308725
-0.00303589
-0.00298321
-0.00292931
-0.00287431
-0.0028183
-0.00276136
-0.00270357
-0.00264501
-0.00258576
-0.00252587
-0.00246542
-0.00240445
-0.00234302
-0.00228117
-0.00221896
-0.00215642
-0.00209358
-0.00203048
-0.00196715
-0.00190362
-0.00183992
-0.00177606
-0.00171206
-0.00164795
-0.00158374
-0.00151945
-0.00145509
-0.00139068
-0.00132621
-0.00126171
-0.00119717
-0.00113261
-0.00106804
-0.00100346
-0.000938864
-0.000874269
-0.000809682
-0.000745097
-0.000680509
-0.000615923
-0.000551342
-0.000486768
-0.000422204
-0.000357656
-0.00029311
-0.000228535
-0.000164023
-9.99481e-05
-3.54917e-05
-0.00402201
-0.003722
-0.00347463
-0.00328181
-0.00313339
-0.00302242
-0.00294371
-0.00289258
-0.00286472
-0.00285633
-0.00286402
-0.00288477
-0.0029159
-0.00295505
-0.00300014
-0.00304936
-0.00310111
-0.00315404
-0.00320697
-0.00325891
-0.00330903
-0.00335664
-0.00340116
-0.00344216
-0.00347927
-0.00351225
-0.0035409
-0.0035651
-0.00358479
-0.00359996
-0.00361063
-0.00361688
-0.00361879
-0.00361647
-0.00361006
-0.00359971
-0.00358557
-0.00356781
-0.0035466
-0.00352212
-0.00349454
-0.00346403
-0.00343076
-0.00339491
-0.00335663
-0.00331609
-0.00327343
-0.00322881
-0.00318236
-0.00313422
-0.00308452
-0.00303338
-0.0029809
-0.0029272
-0.00287238
-0.00281653
-0.00275975
-0.0027021
-0.00264368
-0.00258455
-0.00252478
-0.00246443
-0.00240356
-0.00234223
-0.00228047
-0.00221833
-0.00215585
-0.00209308
-0.00203004
-0.00196677
-0.00190329
-0.00183962
-0.0017758
-0.00171184
-0.00164776
-0.00158358
-0.00151932
-0.00145498
-0.00139059
-0.00132614
-0.00126165
-0.00119713
-0.00113258
-0.00106802
-0.00100345
-0.000938867
-0.000874276
-0.000809691
-0.000745117
-0.000680543
-0.000615959
-0.000551373
-0.000486801
-0.000422243
-0.000357692
-0.00029314
-0.000228564
-0.000164049
-9.99755e-05
-3.55851e-05
-0.0040358
-0.00374722
-0.00349739
-0.00329986
-0.00314785
-0.00303401
-0.00295282
-0.00289951
-0.00286975
-0.00285971
-0.00286596
-0.00288546
-0.00291551
-0.00295374
-0.00299804
-0.00304659
-0.0030978
-0.00315028
-0.00320285
-0.00325451
-0.00330442
-0.00335187
-0.00339631
-0.00343726
-0.00347437
-0.00350738
-0.0035361
-0.00356039
-0.00358019
-0.00359549
-0.00360631
-0.00361272
-0.00361479
-0.00361264
-0.0036064
-0.00359623
-0.00358226
-0.00356468
-0.00354365
-0.00351933
-0.00349192
-0.00346157
-0.00342846
-0.00339276
-0.00335463
-0.00331422
-0.0032717
-0.0032272
-0.00318087
-0.00313285
-0.00308326
-0.00303222
-0.00297983
-0.00292622
-0.00287148
-0.00281571
-0.002759
-0.00270143
-0.00264306
-0.00258399
-0.00252428
-0.00246398
-0.00240316
-0.00234186
-0.00228014
-0.00221804
-0.0021556
-0.00209285
-0.00202984
-0.00196659
-0.00190313
-0.00183949
-0.00177569
-0.00171174
-0.00164768
-0.00158351
-0.00151926
-0.00145493
-0.00139055
-0.00132611
-0.00126163
-0.00119712
-0.00113257
-0.00106802
-0.00100345
-0.00093887
-0.000874285
-0.000809702
-0.000745123
-0.000680544
-0.000615965
-0.000551393
-0.000486827
-0.000422272
-0.000357724
-0.000293168
-0.000228588
-0.000164059
-9.99713e-05
-3.56363e-05
-0.00403595
-0.00374737
-0.00349753
-0.00329999
-0.00314797
-0.00303413
-0.00295294
-0.00289962
-0.00286986
-0.00285981
-0.00286605
-0.00288555
-0.0029156
-0.00295382
-0.00299812
-0.00304667
-0.00309787
-0.00315034
-0.00320291
-0.00325457
-0.00330447
-0.00335193
-0.00339636
-0.00343731
-0.00347442
-0.00350743
-0.00353614
-0.00356043
-0.00358023
-0.00359553
-0.00360635
-0.00361275
-0.00361482
-0.00361267
-0.00360643
-0.00359625
-0.00358229
-0.0035647
-0.00354367
-0.00351936
-0.00349194
-0.00346159
-0.00342848
-0.00339278
-0.00335464
-0.00331424
-0.00327172
-0.00322722
-0.00318089
-0.00313286
-0.00308327
-0.00303223
-0.00297984
-0.00292623
-0.00287149
-0.00281572
-0.00275901
-0.00270144
-0.00264307
-0.002584
-0.00252428
-0.00246399
-0.00240317
-0.00234187
-0.00228015
-0.00221805
-0.0021556
-0.00209286
-0.00202985
-0.0019666
-0.00190314
-0.00183949
-0.00177569
-0.00171175
-0.00164769
-0.00158352
-0.00151926
-0.00145494
-0.00139055
-0.00132612
-0.00126164
-0.00119712
-0.00113258
-0.00106802
-0.00100345
-0.000938872
-0.000874288
-0.000809705
-0.000745122
-0.000680542
-0.000615968
-0.000551397
-0.000486832
-0.000422279
-0.000357733
-0.000293176
-0.000228592
-0.000164061
-9.99749e-05
-3.5638e-05
-0.00402247
-0.00372243
-0.00347504
-0.0032822
-0.00313377
-0.00302277
-0.00294405
-0.0028929
-0.00286503
-0.00285663
-0.0028643
-0.00288504
-0.00291615
-0.00295529
-0.00300037
-0.00304958
-0.00310132
-0.00315424
-0.00320716
-0.00325909
-0.0033092
-0.0033568
-0.00340132
-0.00344231
-0.00347941
-0.00351238
-0.00354102
-0.00356522
-0.0035849
-0.00360007
-0.00361074
-0.00361698
-0.00361888
-0.00361656
-0.00361015
-0.00359979
-0.00358564
-0.00356788
-0.00354667
-0.00352219
-0.0034946
-0.00346409
-0.00343082
-0.00339496
-0.00335668
-0.00331614
-0.00327348
-0.00322886
-0.00318241
-0.00313426
-0.00308456
-0.00303341
-0.00298094
-0.00292723
-0.00287241
-0.00281656
-0.00275978
-0.00270213
-0.00264371
-0.00258458
-0.00252481
-0.00246446
-0.00240359
-0.00234225
-0.00228049
-0.00221835
-0.00215587
-0.0020931
-0.00203006
-0.00196679
-0.0019033
-0.00183964
-0.00177582
-0.00171186
-0.00164778
-0.0015836
-0.00151933
-0.001455
-0.0013906
-0.00132616
-0.00126167
-0.00119715
-0.0011326
-0.00106804
-0.00100346
-0.000938875
-0.000874286
-0.000809703
-0.000745118
-0.000680536
-0.000615964
-0.000551391
-0.00048682
-0.000422264
-0.000357718
-0.000293168
-0.00022859
-0.000164061
-9.9973e-05
-3.55799e-05
-0.00398985
-0.00366802
-0.00342536
-0.00324252
-0.00310195
-0.0029972
-0.00292389
-0.00287749
-0.00285377
-0.00284898
-0.0028598
-0.00288326
-0.00291673
-0.00295789
-0.00300469
-0.00305534
-0.00310829
-0.0031622
-0.00321591
-0.00326847
-0.00331904
-0.00336697
-0.00341169
-0.00345278
-0.00348991
-0.00352281
-0.00355132
-0.00357532
-0.00359477
-0.00360966
-0.00362003
-0.00362594
-0.00362749
-0.0036248
-0.00361802
-0.00360729
-0.00359277
-0.00357463
-0.00355305
-0.0035282
-0.00350026
-0.0034694
-0.00343579
-0.00339961
-0.00336102
-0.00332018
-0.00327724
-0.00323234
-0.00318564
-0.00313725
-0.00308731
-0.00303595
-0.00298326
-0.00292937
-0.00287437
-0.00281835
-0.00276141
-0.00270362
-0.00264506
-0.0025858
-0.00252591
-0.00246546
-0.00240449
-0.00234306
-0.00228121
-0.002219
-0.00215645
-0.00209361
-0.00203052
-0.00196719
-0.00190365
-0.00183994
-0.00177608
-0.00171209
-0.00164798
-0.00158377
-0.00151948
-0.00145512
-0.0013907
-0.00132624
-0.00126173
-0.0011972
-0.00113264
-0.00106807
-0.00100348
-0.000938882
-0.000874288
-0.000809701
-0.000745111
-0.000680519
-0.000615938
-0.000551366
-0.000486798
-0.000422238
-0.00035769
-0.00029314
-0.000228563
-0.000164041
-9.99518e-05
-3.54883e-05
-0.00393242
-0.00358105
-0.00334535
-0.00317818
-0.00305029
-0.00295565
-0.00289108
-0.00285236
-0.00283536
-0.00283643
-0.00285235
-0.00288023
-0.00291753
-0.00296196
-0.00301155
-0.00306455
-0.00311945
-0.00317496
-0.00322996
-0.00328352
-0.00333485
-0.00338331
-0.00342837
-0.00346963
-0.00350678
-0.00353957
-0.00356787
-0.00359157
-0.00361064
-0.00362509
-0.00363496
-0.00364034
-0.00364133
-0.00363806
-0.00363068
-0.00361934
-0.00360421
-0.00358547
-0.00356329
-0.00353786
-0.00350934
-0.00347793
-0.00344379
-0.00340709
-0.00336799
-0.00332667
-0.00328327
-0.00323794
-0.00319082
-0.00314204
-0.00309174
-0.00304002
-0.002987
-0.0029328
-0.00287751
-0.00282123
-0.00276403
-0.002706
-0.00264722
-0.00258776
-0.00252769
-0.00246706
-0.00240593
-0.00234435
-0.00228237
-0.00222003
-0.00215737
-0.00209443
-0.00203124
-0.00196782
-0.00190421
-0.00184043
-0.00177651
-0.00171246
-0.00164829
-0.00158404
-0.00151971
-0.00145531
-0.00139086
-0.00132637
-0.00126184
-0.00119728
-0.0011327
-0.00106811
-0.00100351
-0.0009389
-0.000874292
-0.000809688
-0.00074509
-0.000680497
-0.00061591
-0.000551329
-0.000486754
-0.000422188
-0.000357637
-0.000293088
-0.00022851
-0.000163994
-9.98982e-05
-3.53678e-05
-0.00384335
-0.00345848
-0.00323234
-0.00308674
-0.00297683
-0.00289661
-0.0028445
-0.00281676
-0.00280937
-0.00281883
-0.00284205
-0.00287626
-0.00291902
-0.00296814
-0.00302171
-0.00307806
-0.00313575
-0.00319353
-0.00325036
-0.00330533
-0.00335772
-0.00340692
-0.00345245
-0.00349393
-0.00353109
-0.00356372
-0.00359169
-0.00361494
-0.00363345
-0.00364725
-0.00365641
-0.00366101
-0.00366119
-0.00365708
-0.00364883
-0.00363662
-0.00362062
-0.00360101
-0.00357797
-0.00355169
-0.00352235
-0.00349013
-0.00345522
-0.00341777
-0.00337796
-0.00333595
-0.00329189
-0.00324594
-0.00319822
-0.00314888
-0.00309804
-0.00304583
-0.00299234
-0.00293769
-0.00288199
-0.00282532
-0.00276776
-0.0027094
-0.00265031
-0.00259056
-0.00253022
-0.00246934
-0.00240798
-0.00234619
-0.00228402
-0.0022215
-0.00215868
-0.00209559
-0.00203226
-0.00196872
-0.001905
-0.00184112
-0.00177711
-0.00171297
-0.00164874
-0.00158442
-0.00152002
-0.00145558
-0.00139108
-0.00132654
-0.00126198
-0.00119739
-0.00113278
-0.00106817
-0.00100354
-0.000938918
-0.000874295
-0.000809677
-0.000745065
-0.000680461
-0.000615862
-0.00055127
-0.000486686
-0.000422113
-0.000357561
-0.00029301
-0.00022843
-0.000163919
-9.98091e-05
-3.52181e-05
-0.0037147
-0.00329727
-0.00308407
-0.00296607
-0.00287985
-0.00281882
-0.00278331
-0.00277019
-0.00277564
-0.0027963
-0.00282928
-0.00287195
-0.002922
-0.00297736
-0.00303623
-0.00309703
-0.0031584
-0.00321919
-0.0032784
-0.00333522
-0.00338898
-0.00343912
-0.00348523
-0.00352696
-0.00356409
-0.00359645
-0.00362395
-0.00364656
-0.00366429
-0.00367719
-0.00368535
-0.00368889
-0.00368795
-0.00368268
-0.00367326
-0.00365986
-0.00364267
-0.00362188
-0.00359767
-0.00357025
-0.0035398
-0.0035065
-0.00347054
-0.00343208
-0.0033913
-0.00334837
-0.00330342
-0.00325663
-0.00320811
-0.00315802
-0.00310647
-0.00305358
-0.00299946
-0.00294422
-0.00288796
-0.00283077
-0.00277273
-0.00271391
-0.0026544
-0.00259427
-0.00253357
-0.00247236
-0.00241069
-0.00234862
-0.00228619
-0.00222344
-0.00216041
-0.00209712
-0.00203361
-0.00196991
-0.00190604
-0.00184203
-0.00177789
-0.00171365
-0.00164932
-0.00158491
-0.00152044
-0.00145592
-0.00139136
-0.00132677
-0.00126215
-0.00119752
-0.00113288
-0.00106823
-0.00100358
-0.000938932
-0.000874289
-0.000809652
-0.000745023
-0.000680405
-0.000615795
-0.000551193
-0.000486597
-0.000422018
-0.000357464
-0.000292907
-0.000228316
-0.000163807
-9.96853e-05
-3.50425e-05
-0.00353777
-0.00309453
-0.00289896
-0.00281469
-0.00275815
-0.00272152
-0.00270714
-0.00271266
-0.00273449
-0.00276947
-0.00281491
-0.00286837
-0.00292771
-0.00299101
-0.0030566
-0.00312302
-0.00318903
-0.00325357
-0.00331576
-0.00337486
-0.00343028
-0.00348154
-0.00352829
-0.00357026
-0.00360727
-0.00363921
-0.00366603
-0.00368774
-0.00370439
-0.00371608
-0.00372291
-0.00372503
-0.00372261
-0.00371582
-0.00370484
-0.00368988
-0.00367113
-0.0036488
-0.00362307
-0.00359416
-0.00356226
-0.00352755
-0.00349023
-0.00345047
-0.00340843
-0.0033643
-0.00331821
-0.00327033
-0.00322078
-0.00316971
-0.00311724
-0.00306348
-0.00300855
-0.00295255
-0.00289558
-0.00283772
-0.00277905
-0.00271966
-0.00265962
-0.00259899
-0.00253783
-0.00247619
-0.00241414
-0.00235171
-0.00228895
-0.0022259
-0.00216259
-0.00209905
-0.00203531
-0.0019714
-0.00190735
-0.00184316
-0.00177887
-0.00171449
-0.00165004
-0.00158552
-0.00152095
-0.00145634
-0.0013917
-0.00132704
-0.00126237
-0.00119768
-0.00113299
-0.0010683
-0.00100362
-0.000938938
-0.000874268
-0.000809608
-0.000744961
-0.000680326
-0.000615702
-0.000551088
-0.000486483
-0.000421897
-0.000357339
-0.000292778
-0.000228185
-0.000163671
-9.95113e-05
-3.48272e-05
-0.00330353
-0.00284776
-0.00267637
-0.00263198
-0.00261134
-0.00260471
-0.00261639
-0.00264494
-0.002687
-0.00273968
-0.00280051
-0.00286729
-0.00293806
-0.00301111
-0.00308491
-0.00315818
-0.0032298
-0.00329886
-0.00336459
-0.00342635
-0.00348368
-0.00353617
-0.00358357
-0.00362569
-0.0036624
-0.00369368
-0.00371953
-0.00374001
-0.00375522
-0.00376529
-0.00377037
-0.00377064
-0.00376629
-0.00375753
-0.00374456
-0.00372759
-0.00370685
-0.00368254
-0.00365488
-0.00362408
-0.00359034
-0.00355385
-0.00351481
-0.00347339
-0.00342978
-0.00338413
-0.00333661
-0.00328735
-0.00323652
-0.00318422
-0.0031306
-0.00307576
-0.00301981
-0.00296285
-0.00290499
-0.00284629
-0.00278686
-0.00272675
-0.00266604
-0.00260479
-0.00254306
-0.0024809
-0.00241836
-0.00235549
-0.00229232
-0.00222889
-0.00216524
-0.00210139
-0.00203738
-0.00197321
-0.00190892
-0.00184453
-0.00178005
-0.0017155
-0.0016509
-0.00158624
-0.00152155
-0.00145684
-0.0013921
-0.00132736
-0.00126261
-0.00119786
-0.00113311
-0.00106837
-0.00100365
-0.00093893
-0.000874228
-0.00080954
-0.000744868
-0.000680215
-0.000615579
-0.000550953
-0.000486336
-0.000421743
-0.000357181
-0.000292611
-0.000228008
-0.000163491
-9.9304e-05
-3.45901e-05
-0.00300327
-0.00255507
-0.0024168
-0.00241857
-0.00244018
-0.00246952
-0.00251258
-0.00256884
-0.0026353
-0.00270929
-0.00278863
-0.00287139
-0.00295586
-0.00304052
-0.00312406
-0.0032054
-0.00328359
-0.00335787
-0.00342762
-0.00349237
-0.00355175
-0.00360549
-0.00365343
-0.00369549
-0.00373163
-0.00376189
-0.00378636
-0.00380515
-0.00381843
-0.00382637
-0.00382918
-0.00382706
-0.00382025
-0.00380898
-0.00379348
-0.00377399
-0.00375073
-0.00372396
-0.00369388
-0.00366071
-0.00362468
-0.00358598
-0.0035448
-0.00350134
-0.00345577
-0.00340826
-0.00335896
-0.00330803
-0.0032556
-0.0032018
-0.00314676
-0.00309059
-0.0030334
-0.00297528
-0.00291633
-0.00285662
-0.00279624
-0.00273526
-0.00267373
-0.00261173
-0.00254931
-0.00248651
-0.00242339
-0.00235998
-0.00229632
-0.00223244
-0.00216838
-0.00210416
-0.0020398
-0.00197533
-0.00191077
-0.00184613
-0.00178142
-0.00171667
-0.00165188
-0.00158707
-0.00152223
-0.00145739
-0.00139254
-0.0013277
-0.00126286
-0.00119803
-0.00113322
-0.00106843
-0.00100365
-0.000938893
-0.000874156
-0.000809438
-0.000744742
-0.000680068
-0.000615415
-0.000550777
-0.00048615
-0.00042155
-0.000356982
-0.000292409
-0.000227803
-0.000163281
-9.90529e-05
-3.43219e-05
-0.00262928
-0.00221562
-0.00212229
-0.00217675
-0.00224704
-0.00231866
-0.00239878
-0.00248777
-0.002583
-0.0026821
-0.00278321
-0.0028847
-0.00298513
-0.00308326
-0.00317804
-0.00326858
-0.00335417
-0.00343426
-0.0035084
-0.00357629
-0.00363771
-0.00369255
-0.00374077
-0.00378239
-0.0038175
-0.00384623
-0.00386875
-0.00388525
-0.00389597
-0.00390114
-0.00390101
-0.00389584
-0.00388591
-0.00387147
-0.00385279
-0.00383014
-0.00380377
-0.00377393
-0.00374086
-0.00370479
-0.00366594
-0.00362453
-0.00358075
-0.00353479
-0.00348684
-0.00343706
-0.00338561
-0.00333264
-0.00327829
-0.00322268
-0.00316594
-0.00310817
-0.00304948
-0.00298996
-0.0029297
-0.00286878
-0.00280727
-0.00274524
-0.00268275
-0.00261986
-0.00255661
-0.00249306
-0.00242924
-0.0023652
-0.00230095
-0.00223654
-0.002172
-0.00210734
-0.00204258
-0.00197775
-0.00191286
-0.00184793
-0.00178296
-0.00171798
-0.00165298
-0.00158797
-0.00152297
-0.00145798
-0.00139301
-0.00132805
-0.00126311
-0.0011982
-0.00113331
-0.00106845
-0.00100362
-0.000938814
-0.000874037
-0.00080929
-0.000744568
-0.00067987
-0.000615197
-0.000550546
-0.000485913
-0.00042131
-0.000356741
-0.000292167
-0.000227563
-0.000163036
-9.87598e-05
-3.4027e-05
-0.00217538
-0.00182986
-0.0017967
-0.00191095
-0.00203654
-0.00215707
-0.00228027
-0.00240724
-0.00253579
-0.0026639
-0.00279006
-0.00291298
-0.00303158
-0.00314491
-0.00325223
-0.00335294
-0.00344658
-0.00353283
-0.00361148
-0.00368242
-0.00374563
-0.00380117
-0.00384914
-0.00388972
-0.00392312
-0.00394958
-0.00396937
-0.00398277
-0.0039901
-0.00399165
-0.00398775
-0.0039787
-0.00396483
-0.00394643
-0.0039238
-0.00389724
-0.00386703
-0.00383343
-0.0037967
-0.00375708
-0.00371481
-0.00367011
-0.00362318
-0.00357422
-0.0035234
-0.0034709
-0.00341687
-0.00336147
-0.00330482
-0.00324705
-0.00318828
-0.00312862
-0.00306815
-0.00300698
-0.00294518
-0.00288282
-0.00281999
-0.00275673
-0.00269311
-0.00262917
-0.00256496
-0.00250052
-0.00243589
-0.0023711
-0.00230619
-0.00224116
-0.00217605
-0.00211089
-0.00204567
-0.00198043
-0.00191517
-0.0018499
-0.00178463
-0.00171938
-0.00165414
-0.00158893
-0.00152374
-0.00145858
-0.00139346
-0.00132837
-0.00126333
-0.00119832
-0.00113335
-0.00106842
-0.00100352
-0.000938671
-0.000873861
-0.00080908
-0.000744326
-0.000679604
-0.000614918
-0.00055026
-0.000485622
-0.000421014
-0.000356444
-0.000291874
-0.000227279
-0.000162751
-9.84312e-05
-3.37139e-05
-0.00163861
-0.00140037
-0.00144653
-0.00162872
-0.0018164
-0.00199269
-0.00216518
-0.00233546
-0.00250185
-0.00266275
-0.00281707
-0.00296392
-0.00310261
-0.00323258
-0.00335344
-0.00346493
-0.00356689
-0.0036593
-0.00374221
-0.00381577
-0.00388017
-0.00393567
-0.00398256
-0.00402118
-0.00405189
-0.00407505
-0.00409106
-0.0041003
-0.00410317
-0.00410005
-0.00409133
-0.00407739
-0.00405858
-0.00403526
-0.00400775
-0.00397639
-0.00394148
-0.0039033
-0.00386214
-0.00381825
-0.00377187
-0.00372322
-0.00367253
-0.00361998
-0.00356575
-0.00351003
-0.00345295
-0.00339467
-0.00333532
-0.00327502
-0.00321388
-0.00315199
-0.00308945
-0.00302635
-0.00296275
-0.00289874
-0.00283436
-0.00276968
-0.00270474
-0.00263959
-0.00257427
-0.00250882
-0.00244327
-0.00237763
-0.00231194
-0.00224622
-0.00218048
-0.00211474
-0.002049
-0.00198329
-0.00191761
-0.00185197
-0.00178637
-0.00172082
-0.00165531
-0.00158987
-0.00152447
-0.00145913
-0.00139385
-0.00132863
-0.00126347
-0.00119836
-0.0011333
-0.0010683
-0.00100334
-0.000938438
-0.000873589
-0.000808775
-0.000743994
-0.000679255
-0.000614558
-0.000549893
-0.000485255
-0.000420652
-0.00035609
-0.000291533
-0.000226955
-0.00016243
-9.80651e-05
-3.33848e-05
-0.00102201
-0.000935823
-0.0010856
-0.00134407
-0.00159972
-0.00183802
-0.00206558
-0.00228405
-0.00249229
-0.00268922
-0.00287423
-0.00304692
-0.00320704
-0.0033545
-0.00348931
-0.00361161
-0.00372163
-0.00381967
-0.0039061
-0.00398134
-0.00404587
-0.00410016
-0.00414473
-0.00418009
-0.00420677
-0.00422529
-0.00423617
-0.00423991
-0.00423701
-0.00422794
-0.00421315
-0.0041931
-0.00416819
-0.00413882
-0.00410537
-0.0040682
-0.00402762
-0.00398396
-0.0039375
-0.00388852
-0.00383726
-0.00378396
-0.00372883
-0.00367207
-0.00361386
-0.00355436
-0.00349374
-0.00343213
-0.00336965
-0.00330642
-0.00324254
-0.0031781
-0.00311319
-0.00304788
-0.00298224
-0.00291632
-0.00285019
-0.00278389
-0.00271747
-0.00265096
-0.00258439
-0.0025178
-0.0024512
-0.00238462
-0.00231807
-0.00225157
-0.00218513
-0.00211875
-0.00205245
-0.00198623
-0.00192009
-0.00185404
-0.00178808
-0.0017222
-0.00165642
-0.00159072
-0.00152511
-0.00145958
-0.00139413
-0.00132877
-0.00126348
-0.00119827
-0.00113313
-0.00106805
-0.00100304
-0.000938085
-0.00087319
-0.000808347
-0.00074355
-0.000678801
-0.000614097
-0.000549429
-0.000484795
-0.000420203
-0.000355656
-0.000291119
-0.000226567
-0.000162059
-9.76744e-05
-3.30566e-05
-0.000310883
-0.000440057
-0.000725297
-0.0010725
-0.00140542
-0.00171453
-0.00200467
-0.00227731
-0.00253199
-0.00276835
-0.00298641
-0.00318637
-0.00336859
-0.00353352
-0.00368173
-0.00381383
-0.00393051
-0.0040325
-0.00412055
-0.00419543
-0.00425791
-0.00430874
-0.00434869
-0.00437849
-0.00439886
-0.00441049
-0.00441404
-0.00441014
-0.00439939
-0.00438238
-0.00435962
-0.00433164
-0.0042989
-0.00426186
-0.00422091
-0.00417645
-0.00412884
-0.0040784
-0.00402544
-0.00397024
-0.00391306
-0.00385412
-0.00379365
-0.00373184
-0.00366887
-0.00360489
-0.00354005
-0.00347449
-0.0034083
-0.00334158
-0.00327441
-0.00320698
-0.00313933
-0.00307148
-0.00300349
-0.0029354
-0.00286729
-0.00279924
-0.00273118
-0.00266315
-0.00259519
-0.00252733
-0.00245957
-0.00239194
-0.00232444
-0.00225708
-0.00218986
-0.00212279
-0.00205587
-0.00198909
-0.00192246
-0.00185597
-0.00178962
-0.0017234
-0.00165732
-0.00159136
-0.00152552
-0.00145979
-0.00139418
-0.00132867
-0.00126327
-0.00119795
-0.00113273
-0.00106759
-0.00100253
-0.000937533
-0.000872609
-0.000807744
-0.000742935
-0.000678183
-0.000613483
-0.000548823
-0.000484202
-0.00041963
-0.000355108
-0.000290601
-0.000226087
-0.000161617
-9.72433e-05
-3.27241e-05
0.000497246
0.000104708
-0.000347672
-0.000810011
-0.00124419
-0.00164505
-0.00201554
-0.00235709
-0.00267011
-0.00295519
-0.00321323
-0.00344532
-0.00365267
-0.00383656
-0.00399831
-0.00413924
-0.00426069
-0.00436398
-0.00445038
-0.00452114
-0.00457744
-0.00462042
-0.00465117
-0.00467071
-0.00468002
-0.00467999
-0.00467147
-0.00465528
-0.00463214
-0.00460274
-0.00456771
-0.00452766
-0.00448312
-0.00443458
-0.00438251
-0.00432733
-0.00426941
-0.00420911
-0.00414674
-0.00408258
-0.00401691
-0.00394994
-0.00388188
-0.00381294
-0.00374326
-0.00367301
-0.00360232
-0.00353129
-0.00346005
-0.00338868
-0.00331729
-0.00324581
-0.00317433
-0.00310295
-0.00303172
-0.00296066
-0.00288979
-0.00281908
-0.00274865
-0.00267851
-0.00260866
-0.00253908
-0.00246978
-0.00240075
-0.00233201
-0.00226353
-0.00219531
-0.00212735
-0.00205963
-0.00199215
-0.00192489
-0.00185786
-0.00179103
-0.00172439
-0.00165795
-0.00159168
-0.00152557
-0.00145962
-0.00139382
-0.00132815
-0.00126261
-0.00119719
-0.00113189
-0.00106669
-0.00100158
-0.000936551
-0.000871604
-0.000806732
-0.000741933
-0.000677194
-0.000612504
-0.000547862
-0.000483283
-0.000418763
-0.000354278
-0.000289812
-0.000225363
-0.000160969
-9.6665e-05
-3.2341e-05
)
;

boundaryField
{
    inlet
    {
        type            calculated;
        value           nonuniform List<scalar> 
30
(
0.0101248
0.0117909
0.0137109
0.0157041
0.0176734
0.0195393
0.0212529
0.0227849
0.0241168
0.0252385
0.0261469
0.0268459
0.0273455
0.0276607
0.0278054
0.0278056
0.0276611
0.0273461
0.0268468
0.026148
0.0252398
0.0241184
0.0227866
0.0212548
0.0195413
0.0176756
0.0157064
0.0137132
0.0117932
0.0101271
)
;
    }
    outlet
    {
        type            calculated;
        value           uniform 0;
    }
    top
    {
        type            calculated;
        value           nonuniform List<scalar> 
135
(
0.0101271
0.0101006
0.0100573
0.00988162
0.00890227
0.00305353
0.00359308
0.00496039
0.00596208
0.0066822
0.00725344
0.00770314
0.00804599
0.00830911
0.00849951
0.00859868
0.00866731
0.00868304
0.00864326
0.00854619
0.00838706
0.00816122
0.00786848
0.00750875
0.00708018
0.00657976
0.00609538
0.00557569
0.00503496
0.0044909
0.00395437
0.00343384
0.00294619
0.00250157
0.00199074
0.000497246
0.000104708
-0.000347672
-0.000810011
-0.00124419
-0.00164505
-0.00201554
-0.00235709
-0.00267011
-0.00295519
-0.00321323
-0.00344532
-0.00365267
-0.00383656
-0.00399831
-0.00413924
-0.00426069
-0.00436398
-0.00445038
-0.00452114
-0.00457744
-0.00462042
-0.00465117
-0.00467071
-0.00468002
-0.00467999
-0.00467147
-0.00465528
-0.00463214
-0.00460274
-0.00456771
-0.00452766
-0.00448312
-0.00443458
-0.00438251
-0.00432733
-0.00426941
-0.00420911
-0.00414674
-0.00408258
-0.00401691
-0.00394994
-0.00388188
-0.00381294
-0.00374326
-0.00367301
-0.00360232
-0.00353129
-0.00346005
-0.00338868
-0.00331729
-0.00324581
-0.00317433
-0.00310295
-0.00303172
-0.00296066
-0.00288979
-0.00281908
-0.00274865
-0.00267851
-0.00260866
-0.00253908
-0.00246978
-0.00240075
-0.00233201
-0.00226353
-0.00219531
-0.00212735
-0.00205963
-0.00199215
-0.00192489
-0.00185786
-0.00179103
-0.00172439
-0.00165795
-0.00159168
-0.00152557
-0.00145962
-0.00139382
-0.00132815
-0.00126261
-0.00119719
-0.00113189
-0.00106669
-0.00100158
-0.000936551
-0.000871604
-0.000806732
-0.000741933
-0.000677194
-0.000612504
-0.000547862
-0.000483283
-0.000418763
-0.000354278
-0.000289812
-0.000225363
-0.000160969
-9.6665e-05
-3.2341e-05
)
;
    }
    bottom
    {
        type            calculated;
        value           nonuniform List<scalar> 
135
(
0.0101248
0.0100983
0.0100549
0.00987927
0.00889999
0.00305116
0.00359061
0.00495787
0.00595955
0.00667968
0.0072509
0.00770068
0.00804377
0.00830718
0.00849787
0.00859735
0.00866632
0.00868242
0.00864304
0.00854639
0.00838768
0.00816226
0.0078699
0.00751053
0.00708226
0.00658201
0.00609794
0.00557846
0.00503786
0.00449379
0.00395719
0.00343661
0.00294894
0.00250439
0.00199382
0.000499836
0.000107207
-0.000345273
-0.000807722
-0.001242
-0.00164296
-0.00201355
-0.00235518
-0.00266829
-0.00295345
-0.00321156
-0.00344372
-0.00365114
-0.0038351
-0.0039969
-0.00413789
-0.0042594
-0.00436274
-0.0044492
-0.00452
-0.00457635
-0.00461938
-0.00465017
-0.00466975
-0.00467909
-0.0046791
-0.00467063
-0.00465446
-0.00463135
-0.00460199
-0.004567
-0.00452697
-0.00448245
-0.00443395
-0.0043819
-0.00432674
-0.00426885
-0.00420857
-0.00414622
-0.00408208
-0.00401642
-0.00394947
-0.00388144
-0.00381251
-0.00374285
-0.00367261
-0.00360193
-0.00353092
-0.00345969
-0.00338835
-0.00331697
-0.00324549
-0.00317401
-0.00310264
-0.00303142
-0.00296038
-0.00288951
-0.00281881
-0.00274838
-0.00267825
-0.0026084
-0.00253883
-0.00246954
-0.00240052
-0.00233178
-0.00226331
-0.0021951
-0.00212714
-0.00205942
-0.00199195
-0.0019247
-0.00185767
-0.00179084
-0.00172421
-0.00165777
-0.0015915
-0.0015254
-0.00145946
-0.00139366
-0.001328
-0.00126246
-0.00119705
-0.00113174
-0.00106654
-0.00100143
-0.000936411
-0.000871469
-0.000806601
-0.000741797
-0.000677064
-0.000612404
-0.000547799
-0.000483238
-0.000418716
-0.000354234
-0.000289781
-0.000225343
-0.000160955
-9.66578e-05
-3.23395e-05
)
;
    }
    obstacle
    {
        type            calculated;
        value           nonuniform List<scalar> 
120
(
0.0593206
0.0573734
0.0532333
0.0481617
0.0428286
0.0373314
0.0316642
0.0258626
0.0199856
0.0140951
0.00824993
0.00250487
-0.00309028
-0.00849197
-0.0136636
-0.0185753
-0.0232036
-0.0275309
-0.0315457
-0.0352416
-0.038611
-0.0416452
-0.0443611
-0.0467641
-0.048863
-0.0506826
-0.0522695
-0.0536089
-0.0543648
-0.0539035
-0.0558976
-0.0562442
-0.0573412
-0.0586282
-0.0598012
-0.060819
-0.0616954
-0.062435
-0.063044
-0.0635375
-0.0639247
-0.0642146
-0.0644161
-0.0645428
-0.0646066
-0.0646069
-0.0645436
-0.0644174
-0.0642164
-0.063927
-0.0635403
-0.0630471
-0.0624386
-0.0616993
-0.0608231
-0.0598054
-0.0586323
-0.0573453
-0.0562481
-0.0559015
0.0593204
0.0573734
0.0532331
0.0481613
0.0428282
0.037331
0.0316638
0.0258621
0.0199849
0.0140942
0.0082487
0.00250333
-0.00309211
-0.0084941
-0.0136659
-0.0185779
-0.0232065
-0.0275338
-0.0315488
-0.0352448
-0.0386143
-0.0416485
-0.0443644
-0.0467673
-0.0488662
-0.0506858
-0.0522727
-0.0536121
-0.0543682
-0.0539071
0.0657582
0.0701056
0.0757151
0.0815453
0.087005
0.0919557
0.0963682
0.100216
0.103485
0.106184
0.108338
0.109979
0.111147
0.111892
0.112252
0.112252
0.111892
0.111148
0.109979
0.108338
0.106184
0.103486
0.100217
0.0963684
0.0919558
0.0870048
0.0815449
0.0757146
0.0701051
0.0657578
)
;
    }
    frontAndBack
    {
        type            empty;
    }
}


// ************************************************************************* //
