/*--------------------------------*- C++ -*----------------------------------*\
  =========                 |
  \\      /  F ield         | OpenFOAM: The Open Source CFD Toolbox
   \\    /   O peration     | Website:  https://openfoam.org
    \\  /    A nd           | Version:  12
     \\/     M anipulation  |
\*---------------------------------------------------------------------------*/
FoamFile
{
    format      ascii;
    class       volScalarField;
    location    "300";
    object      pPrime2Mean;
}
// * * * * * * * * * * * * * * * * * * * * * * * * * * * * * * * * * * * * * //

dimensions      [0 4 -4 0 0 0 0];

internalField   nonuniform List<scalar> 
6750
(
0.00437407
0.0043677
0.00435962
0.00435247
0.00434449
0.00437562
0.00436672
0.00435277
0.00433621
0.00431883
0.00439613
0.0043851
0.00436701
0.00434386
0.00431898
0.00443472
0.00442297
0.0044035
0.00437816
0.00435101
0.00448902
0.00447826
0.00446036
0.00443681
0.00441158
0.00455521
0.00454692
0.00453303
0.00451437
0.00449429
0.00462839
0.00462372
0.00461567
0.00460419
0.00459172
0.00470343
0.00470311
0.00470208
0.00469931
0.00469614
0.00477554
0.00477989
0.00478639
0.00479305
0.00480007
0.00484069
0.00484961
0.00486356
0.00487958
0.00489682
0.00489581
0.00490892
0.00492966
0.00495428
0.00498102
0.00493896
0.00495558
0.00498202
0.00501391
0.00504875
0.0049692
0.00498848
0.00501924
0.00505667
0.00509775
0.0049865
0.00500751
0.00504105
0.00508208
0.00512726
0.00499155
0.00501334
0.00504812
0.0050908
0.00513787
0.00498553
0.0050072
0.00504181
0.00508429
0.00513114
0.00496842
0.00498908
0.00502209
0.00506252
0.00510703
0.00493916
0.00495786
0.00498775
0.00502417
0.00506413
0.00489724
0.00491308
0.00493834
0.00496886
0.00500218
0.00484288
0.00485505
0.00487435
0.0048973
0.00492218
0.00477717
0.00478505
0.00479738
0.00481151
0.00482666
0.00470224
0.00470547
0.00471027
0.00471492
0.00471972
0.00462128
0.00461983
0.00461706
0.00461227
0.00460686
0.00453844
0.00453266
0.0045229
0.00450945
0.00449478
0.00445857
0.00444922
0.0044337
0.00441315
0.00439098
0.00438688
0.0043751
0.00435565
0.00433032
0.00430316
0.00432825
0.00431555
0.00429464
0.00426765
0.00423872
0.00428657
0.00427466
0.00425521
0.0042305
0.00420399
0.00426419
0.00425449
0.00423929
0.00422127
0.00420239
0.0042619
0.00425486
0.00424578
0.00423748
0.00422849
0.00431618
0.0042834
0.00422073
0.00413181
0.00401825
0.00388123
0.00372122
0.00353864
0.00333527
0.00311382
0.00287676
0.00263004
0.00237893
0.00212955
0.00188805
0.00165993
0.00144961
0.00126011
0.00109286
0.000947704
0.00082325
0.000719284
0.000632359
0.00056017
0.000500615
0.000451683
0.000411703
0.000379115
0.000352803
0.000335966
0.00432153
0.00426712
0.00418675
0.0040831
0.00395716
0.00380973
0.00364179
0.00345484
0.0032513
0.00303391
0.00280467
0.00256966
0.0023329
0.00209935
0.00187383
0.00166058
0.00146301
0.00128348
0.00112327
0.000982755
0.000861637
0.000757247
0.000669266
0.000595462
0.000533923
0.000483006
0.000441166
0.000406813
0.000378222
0.000356026
0.00430674
0.00423485
0.00414055
0.00402639
0.0038922
0.0037387
0.00356701
0.00337891
0.00317715
0.00296403
0.00274239
0.00251763
0.00229304
0.00207274
0.00186053
0.00165969
0.00147285
0.00130186
0.00114782
0.00101103
0.000891206
0.000787561
0.000698902
0.000623719
0.00056046
0.000507632
0.000463809
0.000427502
0.000397501
0.000374463
0.00428196
0.0041986
0.00409444
0.00397289
0.00383381
0.00367742
0.00350473
0.00331768
0.00311897
0.00291023
0.00269548
0.00247893
0.00226358
0.00205301
0.00185043
0.00165858
0.00147962
0.00131513
0.00116603
0.00103267
0.000914865
0.000812121
0.00072344
0.000647603
0.000583278
0.000529065
0.000483479
0.000445119
0.000413293
0.000390929
0.00425396
0.00416261
0.00405105
0.00392386
0.00378158
0.00362395
0.00345186
0.00326708
0.00307201
0.00286792
0.00265936
0.00244952
0.00224133
0.00203806
0.00184258
0.00165737
0.00148438
0.00132503
0.00118017
0.0010501
0.000934675
0.000833383
0.000745383
0.000669592
0.000604786
0.000549627
0.000502628
0.000462288
0.000428814
0.000407068
0.00422715
0.00412975
0.00401267
0.00388118
0.00373655
0.00357869
0.003408
0.00322604
0.00303467
0.00283515
0.00263188
0.00242743
0.00222471
0.00202679
0.00183644
0.00165604
0.00148751
0.00133221
0.00119093
0.00106392
0.000950971
0.000851509
0.00076468
0.000689426
0.000624556
0.000568804
0.000520671
0.000478734
0.000443906
0.000422878
0.00420424
0.00410217
0.00398078
0.00384613
0.00369984
0.00354217
0.00337323
0.00319418
0.00300618
0.00281081
0.00261188
0.00241159
0.00221285
0.00201865
0.00183179
0.0016547
0.00148934
0.00133711
0.00119876
0.00107447
0.00096394
0.000866457
0.000781069
0.000706656
0.000642024
0.000585962
0.000537019
0.00049387
0.000457987
0.00043778
0.00418749
0.00408172
0.00395686
0.00381969
0.00367242
0.003515
0.00334781
0.00317141
0.00298621
0.00279437
0.00259871
0.00240136
0.00220522
0.00201331
0.0018285
0.00165341
0.0014901
0.00134003
0.00120397
0.00108202
0.000973716
0.000878212
0.000794391
0.000721025
0.000656901
0.000600736
0.000551274
0.000507314
0.000470646
0.00045123
0.00417891
0.00407011
0.00394219
0.0038028
0.00365478
0.00349768
0.00333198
0.00315769
0.0029747
0.00278548
0.00259195
0.00239631
0.00220147
0.0020105
0.00182649
0.00165221
0.00148993
0.00134119
0.00120677
0.00108669
0.00098037
0.000886751
0.000804541
0.000732375
0.000668987
0.000613037
0.000563365
0.000518819
0.000481564
0.00046279
0.0041805
0.00406903
0.00393812
0.0037965
0.00364764
0.00349087
0.00332613
0.00315314
0.0029717
0.002784
0.00259143
0.00239625
0.00220139
0.0020101
0.00182566
0.00165111
0.00148889
0.00134068
0.00120725
0.00108858
0.000983922
0.000892033
0.000811428
0.000740589
0.000678095
0.000622673
0.00057306
0.000528124
0.000490422
0.000472079
0.00419431
0.00408021
0.00394606
0.00380182
0.00365174
0.00349496
0.00333067
0.0031581
0.00297738
0.00278999
0.00259714
0.0024011
0.00220491
0.00201203
0.00182599
0.00165011
0.00148703
0.00133854
0.00120547
0.0010877
0.000984357
0.000894009
0.00081497
0.000745541
0.000684156
0.00062949
0.000580125
0.000534965
0.000496928
0.000478774
0.00422257
0.00410555
0.00396762
0.00382008
0.00366816
0.0035108
0.00334616
0.00317311
0.00299206
0.00280371
0.00260922
0.00241096
0.00221208
0.0020163
0.00182748
0.0016492
0.00148433
0.00133478
0.00120141
0.00108403
0.000981639
0.000892624
0.000815096
0.000747153
0.000687024
0.000633314
0.000584321
0.000539079
0.000500829
0.00048263
0.00426789
0.00414731
0.00400481
0.00385307
0.00369857
0.00353945
0.00337341
0.00319895
0.00301629
0.00282555
0.00262799
0.00242602
0.002223
0.00202297
0.00183014
0.00164837
0.00148076
0.00132934
0.00119501
0.00107752
0.000975716
0.00088782
0.000811732
0.000745307
0.000686528
0.000633805
0.00058539
0.00054024
0.000501934
0.000483491
0.0043334
0.00420821
0.00406008
0.00390289
0.00374454
0.00358245
0.00341374
0.00323664
0.00305084
0.00285617
0.0026539
0.00244659
0.00223788
0.00203216
0.00183401
0.00164761
0.00147627
0.00132216
0.00118619
0.00106808
0.000966526
0.000879545
0.000804802
0.00073987
0.00068253
0.000630884
0.000583169
0.000538315
0.000500157
0.000481322
0.00442287
0.0042917
0.00413654
0.00397229
0.0038086
0.00364197
0.0034689
0.00328762
0.00309688
0.00289642
0.00268757
0.0024731
0.00225698
0.00204401
0.00183917
0.00164693
0.00147081
0.00131314
0.00117486
0.00105563
0.000953984
0.000867715
0.000794207
0.000730758
0.000674871
0.000624404
0.000577579
0.000533285
0.000495557
0.000476276
0.00454106
0.00440226
0.0042384
0.00406517
0.00389418
0.0037209
0.00354155
0.0033539
0.00315594
0.00294744
0.00272981
0.00250607
0.00228063
0.00205872
0.00184568
0.00164629
0.00146431
0.00130219
0.0011609
0.00104004
0.000937963
0.000852183
0.000779789
0.000717813
0.000663432
0.00061431
0.00056865
0.000525289
0.000488398
0.000468789
0.00469423
0.00454582
0.00437134
0.00418667
0.00400589
0.00382333
0.00363517
0.00343815
0.00323006
0.00301069
0.0027816
0.00254617
0.00230925
0.0020765
0.00185361
0.00164567
0.00145669
0.00128922
0.00114424
0.00102121
0.000918313
0.000832774
0.000761368
0.000700843
0.000648149
0.00060067
0.000556602
0.000514732
0.000479293
0.000459729
0.00489079
0.00473043
0.00454296
0.00434359
0.00414973
0.00395458
0.00375391
0.00354371
0.00332178
0.00308798
0.00284417
0.00259418
0.00234329
0.00209755
0.001863
0.00164503
0.00144786
0.00127413
0.00112475
0.000999028
0.000894906
0.00080936
0.000738867
0.000679869
0.0006291
0.000583774
0.000541978
0.00050247
0.000469441
0.000450679
0.00514234
0.00496686
0.00476325
0.00454484
0.00433355
0.00412128
0.00390306
0.00367474
0.00343422
0.00318156
0.00291907
0.00265105
0.00238324
0.00212205
0.00187386
0.00164431
0.00143774
0.0012568
0.0011023
0.000973344
0.000867649
0.000781931
0.000712392
0.000655166
0.000606786
0.000564374
0.000525951
0.000490186
0.000461036
0.000444369
0.00546489
0.00526979
0.00504565
0.0048022
0.00456745
0.00433156
0.00408929
0.0038364
0.00357119
0.00329411
0.00300804
0.00271779
0.00242958
0.00215017
0.0018862
0.00164345
0.00142626
0.00123716
0.00107681
0.00094411
0.000836572
0.000750688
0.000682395
0.000627557
0.000582494
0.000544231
0.00051088
0.000481066
0.000458056
0.000445531
0.00588079
0.00565972
0.00540871
0.00513172
0.00486463
0.00459623
0.00432103
0.00403514
0.00373734
0.00342877
0.00311301
0.00279549
0.00248283
0.0021821
0.00190004
0.00164239
0.00141332
0.00121514
0.00104827
0.000911423
0.000801947
0.00071617
0.000649832
0.000598576
0.000558511
0.000526629
0.000501107
0.000480871
0.000467574
0.000462511
0.00642149
0.0061647
0.0058779
0.00555506
0.00524314
0.00492974
0.00460943
0.00427909
0.00393831
0.00358922
0.00323622
0.00288536
0.00254358
0.00221804
0.00191537
0.00164103
0.00139882
0.0011907
0.00101678
0.0008756
0.000764403
0.000679467
0.000616468
0.000570946
0.000538873
0.000517259
0.000504414
0.000499703
0.000501887
0.000509954
0.00712942
0.00682302
0.00648816
0.00610158
0.00572712
0.00535118
0.00496865
0.00457826
0.00418086
0.00377977
0.00338026
0.00298882
0.00261249
0.00225821
0.00193217
0.00163923
0.00138264
0.00116383
0.000982591
0.000837267
0.000725103
0.000642506
0.000585342
0.000549296
0.000530405
0.000525764
0.000533821
0.00055465
0.000581363
0.000612037
0.00805808
0.00768446
0.0072844
0.00680975
0.006348
0.0058845
0.0054163
0.00494493
0.00447313
0.00400554
0.00354811
0.00310745
0.00269024
0.00230274
0.00195025
0.00163673
0.00136457
0.00113457
0.000946131
0.000797463
0.000685964
0.000608462
0.000561436
0.000541208
0.000544304
0.000567977
0.000610711
0.000672979
0.000737556
0.000804489
0.00926976
0.008807
0.00832168
0.00772753
0.00714462
0.00655859
0.00597309
0.00539331
0.00482438
0.00427222
0.00374299
0.0032428
0.00277732
0.00235149
0.00196919
0.00163299
0.00134417
0.00110277
0.000907785
0.000757477
0.000649669
0.000582054
0.000552365
0.00055835
0.000597718
0.00066809
0.000766966
0.000893847
0.001014
0.00113361
0.0108285
0.01025
0.00965424
0.00890052
0.00815139
0.00739965
0.00665773
0.0059363
0.0052432
0.0045852
0.00396798
0.00339632
0.00287408
0.00240408
0.00198808
0.00162681
0.00132013
0.00106724
0.000866929
0.000717822
0.000618709
0.000568842
0.000568066
0.000616522
0.000713882
0.000858035
0.00104388
0.00126605
0.001463
0.00165419
0.0127687
0.0120402
0.0112961
0.0103379
0.0093766
0.00841717
0.0074814
0.0065863
0.00574222
0.00495625
0.00423309
0.00357565
0.00298544
0.00246269
0.00200665
0.00161593
0.00128889
0.00102401
0.000820189
0.000676971
0.000594813
0.000575276
0.000620965
0.000734849
0.00091866
0.00116994
0.00147918
0.00183201
0.0021361
0.00242213
0.0152245
0.0142454
0.0132597
0.0120614
0.0108658
0.00968019
0.00853038
0.0074369
0.00641297
0.00546779
0.00460708
0.00383365
0.0031479
0.00254846
0.00203282
0.00159811
0.00124175
0.000961989
0.000758283
0.000631398
0.000583352
0.000617168
0.000736287
0.000943455
0.0012391
0.00161881
0.00207082
0.00257911
0.00305395
0.00350975
0.0190383
0.017775
0.0164988
0.01502
0.0135292
0.0120245
0.010541
0.00911236
0.00776491
0.00651929
0.00538912
0.00438155
0.00349851
0.00273841
0.00209791
0.00157348
0.00116261
0.000864502
0.000680406
0.000613179
0.000665956
0.000840523
0.00113606
0.00154645
0.0020593
0.00265428
0.00330548
0.0039967
0.00460185
0.00520176
0.0309337
0.0286681
0.0260954
0.0234796
0.0208709
0.018269
0.0157322
0.0133161
0.0110665
0.00901903
0.00719651
0.00560895
0.00425655
0.00313368
0.00223286
0.00154833
0.00107844
0.000826978
0.000802178
0.0010147
0.0014746
0.00218712
0.00314768
0.00433972
0.00573362
0.00728687
0.0089465
0.0106987
0.0124957
0.0141181
0.00432738
0.00430466
0.0042852
0.00426666
0.00425007
0.00423665
0.00422796
0.00422568
0.00423158
0.00424758
0.00427572
0.00431836
0.00437823
0.00445864
0.00456363
0.00469827
0.00486916
0.0050853
0.00535919
0.00570846
0.00615808
0.00674331
0.00751169
0.00852181
0.0098406
0.0115408
0.0137007
0.0165545
0.0208781
0.0334656
0.00430229
0.00428564
0.00427151
0.00425986
0.00425256
0.00425044
0.00425453
0.00426608
0.0042866
0.00431787
0.00436201
0.00442151
0.00449942
0.00459941
0.00472603
0.00488502
0.00508395
0.005333
0.00564619
0.00604303
0.00655091
0.00720794
0.00806493
0.00918381
0.0106345
0.0125015
0.0149214
0.0181756
0.022875
0.0361866
0.0043044
0.00430048
0.00429847
0.00429856
0.00430282
0.00431241
0.00432869
0.00435315
0.00438745
0.0044335
0.00449353
0.00457022
0.00466679
0.00478722
0.00493646
0.00512086
0.00534884
0.00563169
0.00598485
0.00642957
0.00699534
0.00772294
0.00866603
0.00988885
0.011463
0.0134843
0.0161417
0.0197615
0.0247256
0.039205
0.00434122
0.0043502
0.00436089
0.00437349
0.00439035
0.00441287
0.00444258
0.00448113
0.00453035
0.00459232
0.00466947
0.00476467
0.0048814
0.00502392
0.00519758
0.0054093
0.00566817
0.0059864
0.00638033
0.00687225
0.0074927
0.00828333
0.0092981
0.0105995
0.0122556
0.0143718
0.0172073
0.0212012
0.0263487
0.042447
0.00440792
0.00442864
0.00445154
0.00447661
0.00450633
0.00454237
0.00458642
0.00464025
0.00470581
0.00478532
0.0048814
0.00499712
0.00513622
0.00530328
0.00550406
0.005746
0.00603888
0.00639559
0.00683318
0.00737445
0.00805027
0.00890201
0.00998211
0.0113486
0.0130628
0.0152383
0.0182202
0.0226242
0.0278193
0.0458762
0.00449763
0.00452869
0.00456296
0.00460018
0.00464277
0.00469258
0.00475144
0.00482127
0.00490413
0.00500237
0.00511876
0.00525656
0.00541972
0.00561313
0.00584291
0.00611696
0.00644556
0.00684214
0.00732405
0.00791416
0.00864281
0.00955003
0.0106851
0.0120994
0.013845
0.0160437
0.0191474
0.0240474
0.0291468
0.0496205
0.00460269
0.00464276
0.00468736
0.00473615
0.00479138
0.00485491
0.00492871
0.00501478
0.00511533
0.00523285
0.00537022
0.00553086
0.00571889
0.00593945
0.00619895
0.00650566
0.00687022
0.00730623
0.00783113
0.00846734
0.00924412
0.0101993
0.0113781
0.0128231
0.0145752
0.016764
0.0199678
0.0255006
0.0303676
0.05386
0.00471514
0.00476297
0.00481681
0.00487637
0.00494367
0.00502053
0.00510894
0.00521102
0.00532905
0.00546565
0.00562381
0.00580708
0.00601972
0.00626701
0.00655563
0.00689407
0.0072931
0.00776636
0.00833102
0.00900882
0.00982764
0.0108228
0.0120347
0.013496
0.0152342
0.0173844
0.0206648
0.027012
0.0315323
0.0587877
0.00482716
0.00488165
0.00494359
0.00501293
0.00509141
0.00518081
0.00528308
0.00540037
0.00553504
0.00568977
0.00586766
0.00607236
0.0063082
0.00658062
0.00689642
0.00726418
0.00769468
0.00820141
0.00880114
0.00951485
0.010369
0.0113965
0.012633
0.0141001
0.0158089
0.0178983
0.021226
0.0286015
0.032702
0.0645592
0.00493169
0.0049918
0.00506073
0.00513868
0.00522719
0.00532793
0.00544282
0.00557399
0.00572382
0.00589504
0.0060908
0.00631479
0.00657148
0.00686634
0.00720623
0.00759971
0.00805745
0.00859273
0.00922191
0.00996521
0.0108479
0.0119009
0.0131558
0.0146221
0.0162923
0.0183067
0.021647
0.0302727
0.0339403
0.0712168
0.00502293
0.00508765
0.00516243
0.00524769
0.00534481
0.00545537
0.00558122
0.00572442
0.00588738
0.00607281
0.00628391
0.00652439
0.0067988
0.00711261
0.00747266
0.00788742
0.00836745
0.00892578
0.0095784
0.0103449
0.0112496
0.0123224
0.0135913
0.0150539
0.0166814
0.0186159
0.0219336
0.0320042
0.0352922
0.0785986
0.0050966
0.00516498
0.00524441
0.00533558
0.00543971
0.00555828
0.00569305
0.00584606
0.00601966
0.00621658
0.00644001
0.00669373
0.00698224
0.00731103
0.00768685
0.00811811
0.00861522
0.00919102
0.00986117
0.0106447
0.0115655
0.0126529
0.0139328
0.0153913
0.0169768
0.0188355
0.0221011
0.0337375
0.0367566
0.0862485
0.00515013
0.00522121
0.00530411
0.0053997
0.00550908
0.00563365
0.0057751
0.00593541
0.00611692
0.00632236
0.00655492
0.00681835
0.00711716
0.00745678
0.00784392
0.00828691
0.00879607
0.00938405
0.0100663
0.0108614
0.011793
0.0128903
0.0141786
0.0156337
0.0171816
0.0189759
0.022173
0.0353738
0.0382627
0.0934396
0.00518263
0.00525545
0.00534062
0.00543911
0.00555193
0.00568041
0.00582618
0.00599121
0.00617784
0.00638878
0.00662721
0.00689687
0.0072022
0.00754864
0.00794285
0.00839313
0.00890971
0.00950514
0.0101946
0.0109966
0.0119344
0.0130379
0.0143319
0.0157848
0.017303
0.0190493
0.0221763
0.036748
0.0396327
0.0992721
0.00519464
0.0052683
0.00535458
0.00545447
0.00556894
0.00569927
0.00584709
0.00601435
0.00620339
0.00641693
0.00665812
0.00693066
0.00723899
0.00758855
0.00798601
0.00843966
0.00895968
0.00955857
0.0102514
0.0110565
0.0119973
0.0131037
0.014401
0.0158535
0.0173555
0.0190763
0.0221499
0.0375379
0.0404973
0.102595
0.0051878
0.00526149
0.0053478
0.00544772
0.00556218
0.00569247
0.00584024
0.00600743
0.0061964
0.00640984
0.00665089
0.00692325
0.0072314
0.00758077
0.0079781
0.00843167
0.00895172
0.0095507
0.0102437
0.0110491
0.0119903
0.0130973
0.0143954
0.0158486
0.0173512
0.0190728
0.0221422
0.0375235
0.040487
0.102722
0.00516208
0.005235
0.00532028
0.00541885
0.00553168
0.0056601
0.00580575
0.00597062
0.00615703
0.00636769
0.00660574
0.00687491
0.0071797
0.00752563
0.00791946
0.00836956
0.00888622
0.00948197
0.010172
0.0109749
0.011914
0.0130192
0.0143156
0.0157706
0.0172905
0.0190391
0.0221547
0.0367099
0.0396057
0.0996369
0.00511599
0.00518725
0.00527037
0.00536617
0.00547567
0.00560025
0.00574161
0.00590173
0.00608294
0.00628797
0.00651995
0.00678267
0.00708068
0.00741956
0.00780614
0.00824889
0.0087582
0.00934678
0.01003
0.0108267
0.0117605
0.0128608
0.0141527
0.0156112
0.0171621
0.01896
0.0221421
0.0353247
0.0382288
0.0939953
0.00504931
0.00511797
0.00519776
0.00528932
0.00539376
0.00551251
0.00564732
0.00580021
0.00597352
0.00616995
0.0063927
0.00664557
0.00693313
0.00726103
0.00763621
0.00806721
0.0085646
0.00914128
0.00981294
0.0105987
0.0115226
0.012614
0.0138984
0.0153612
0.0169513
0.0188154
0.0220676
0.0336926
0.0367262
0.0869416
0.00496325
0.00502837
0.00510366
0.00518952
0.00528719
0.00539817
0.00552425
0.00566751
0.00583027
0.00601525
0.00622565
0.00646525
0.00673866
0.00705155
0.00741093
0.00782548
0.00830591
0.00886538
0.00951996
0.0102893
0.0111978
0.0122752
0.0135492
0.0150169
0.0166509
0.0185936
0.0219051
0.0319764
0.0352738
0.079382
0.00486064
0.00492129
0.00499091
0.0050697
0.00515901
0.00526043
0.00537583
0.00550728
0.00565712
0.00582804
0.0060232
0.00624637
0.00650211
0.0067961
0.00713539
0.00752873
0.00798699
0.0085236
0.00915504
0.00990158
0.0107884
0.0118463
0.0131063
0.0145784
0.0162576
0.0182846
0.021631
0.0302715
0.0339408
0.0720494
0.00474596
0.0048012
0.00486407
0.0049345
0.00501405
0.00510441
0.00520749
0.00532536
0.00546031
0.005615
0.00579252
0.00599655
0.0062316
0.00650327
0.00681855
0.00718626
0.00761737
0.0081255
0.00872759
0.00944461
0.0103028
0.011335
0.0125763
0.0140499
0.015771
0.0178794
0.0212284
0.0286314
0.0327271
0.0654093
0.00462514
0.00467402
0.00472907
0.00479003
0.00485869
0.00493682
0.00502636
0.00512934
0.00524801
0.00538491
0.00554302
0.00572592
0.00593798
0.00618465
0.00647283
0.00681124
0.00721086
0.0076855
0.00825237
0.00893321
0.00975567
0.0107548
0.0119712
0.0134401
0.0151942
0.0173715
0.0206894
0.0270736
0.0315869
0.0596347
0.00450527
0.00454677
0.00459296
0.00464349
0.0047004
0.00476552
0.00484077
0.0049281
0.00502967
0.00514789
0.00528561
0.00544623
0.00563393
0.00585398
0.00611302
0.00641963
0.00678466
0.00722185
0.00774864
0.00838734
0.00916699
0.0101253
0.0113083
0.0127623
0.0145349
0.0167596
0.0200159
0.0255919
0.0304568
0.0546941
0.00439413
0.00442708
0.00446335
0.00450266
0.00454727
0.00459897
0.0046596
0.00473101
0.00481524
0.00491458
0.0050317
0.00516979
0.00533282
0.00552577
0.00575502
0.00602882
0.00635768
0.00675513
0.00723849
0.00783042
0.00856109
0.00947067
0.01061
0.012035
0.0138059
0.0160497
0.0192179
0.0241654
0.029276
0.0504424
0.00429963
0.00432271
0.00434801
0.0043755
0.00440749
0.00444564
0.00449166
0.00454729
0.00461446
0.00469531
0.00479235
0.00490856
0.00504762
0.00521423
0.0054144
0.0056559
0.00594882
0.00630612
0.00674472
0.00728722
0.00796438
0.00881807
0.00990283
0.0112823
0.0130267
0.0152554
0.0183109
0.0227666
0.0279946
0.0466945
0.00422938
0.00424116
0.00425458
0.00426978
0.00428899
0.00431365
0.00434532
0.00438565
0.00443645
0.00449973
0.00457782
0.0046735
0.00479017
0.00493219
0.00510516
0.00531634
0.00557514
0.00589381
0.00628851
0.00678133
0.00740294
0.00819578
0.00921643
0.0105335
0.0122244
0.0144005
0.0173157
0.0213668
0.0265759
0.0432759
0.00419016
0.00418945
0.00419038
0.00419304
0.00419944
0.00421087
0.00422875
0.00425459
0.00429005
0.00433701
0.00439762
0.00447451
0.00457087
0.00469073
0.00483928
0.0050232
0.00525116
0.00553452
0.00588853
0.00633436
0.0069019
0.00763299
0.00858426
0.00982622
0.0114393
0.013525
0.0162655
0.0199503
0.0250099
0.0400598
0.00418678
0.00417367
0.00416242
0.00415296
0.00414723
0.00414623
0.00415113
0.00416323
0.00418407
0.00421544
0.00425946
0.00431863
0.00439604
0.00449543
0.00462153
0.00478032
0.00497954
0.00522946
0.00554407
0.00594299
0.00645416
0.00711698
0.0079852
0.00912662
0.0106185
0.0125504
0.0150531
0.0183804
0.0232042
0.0370634
0.00421284
0.00419326
0.00417567
0.00415826
0.00414222
0.00412889
0.00411988
0.00411696
0.004122
0.00413699
0.00416406
0.00420563
0.00426456
0.00434428
0.00444896
0.00458376
0.00475537
0.00497287
0.00524908
0.00560189
0.00605683
0.0066504
0.00743281
0.00846805
0.00982834
0.0115908
0.0138311
0.0167663
0.0212358
0.0343586
0.0318165
0.0295116
0.0268633
0.0241508
0.0214417
0.0187445
0.0161211
0.0136295
0.0113163
0.00921722
0.00735434
0.00573662
0.004363
0.00322661
0.00231892
0.00163333
0.00116759
0.000925193
0.000914157
0.00114488
0.00162702
0.00236498
0.00335271
0.00457145
0.00598863
0.00755845
0.00922495
0.0109728
0.0127527
0.0143555
0.0194121
0.0181586
0.0168672
0.0153474
0.0138085
0.012257
0.0107315
0.0092677
0.00789241
0.00662573
0.00548031
0.00446221
0.00357233
0.00280824
0.00216591
0.00164121
0.00123115
0.00093434
0.000751576
0.000685308
0.000738297
0.000912025
0.00120541
0.00161209
0.00211945
0.00270675
0.00334826
0.00402881
0.0046166
0.00520797
0.0154461
0.0144834
0.0134998
0.0122852
0.0110642
0.00985111
0.00867494
0.00755844
0.00651579
0.00555621
0.00468498
0.0039042
0.00321357
0.00261103
0.00209349
0.00165749
0.00129983
0.00101809
0.000810958
0.000678484
0.000622096
0.000644503
0.000749209
0.00093943
0.00121645
0.00157699
0.00201092
0.00250438
0.00296549
0.00341742
0.0129003
0.0121811
0.0114383
0.0104701
0.00949507
0.00852183
0.00757355
0.00666795
0.00581555
0.00502333
0.00429572
0.00363532
0.00304327
0.00251949
0.00206291
0.00167176
0.00134391
0.00107722
0.000869875
0.00072075
0.000629887
0.000598917
0.000631113
0.000730577
0.000900297
0.00113883
0.00143728
0.00178174
0.00208148
0.00236766
0.0108792
0.0103044
0.00970721
0.00894845
0.00819558
0.00744247
0.00670081
0.00598047
0.0052887
0.00463194
0.00401579
0.00344505
0.00292363
0.00245437
0.00203896
0.00167795
0.00137085
0.00111636
0.000912683
0.00075795
0.00065077
0.00059076
0.000578752
0.000616299
0.00070443
0.000841841
0.00102335
0.00124272
0.00143913
0.00163016
0.00925972
0.00879824
0.00831118
0.00771617
0.00713608
0.0065568
0.00597981
0.00540879
0.00484779
0.00430215
0.00377795
0.00328147
0.00281869
0.00239477
0.00201369
0.00167797
0.00138866
0.00114542
0.000946909
0.000791131
0.000675999
0.000599741
0.000561051
0.000558855
0.000591876
0.000658263
0.000755363
0.000881787
0.00100273
0.00112256
0.00800709
0.0076349
0.00723456
0.00676242
0.00630712
0.00585386
0.00539791
0.00493915
0.00447896
0.00402117
0.00357146
0.00313656
0.00272349
0.00233882
0.00198804
0.00167513
0.00140235
0.0011703
0.000978236
0.000824428
0.000706572
0.000622086
0.000568223
0.000542078
0.000540737
0.000561712
0.00060341
0.000665932
0.000732128
0.000800758
0.00705255
0.0067487
0.00641537
0.00603331
0.00566671
0.00530208
0.00493287
0.00455645
0.00417234
0.00378287
0.00339284
0.00300869
0.00263771
0.00228716
0.00196339
0.00167135
0.00141421
0.00119338
0.0010087
0.000858796
0.000741352
0.000653347
0.000591219
0.000551079
0.000529172
0.000522623
0.000529822
0.00055077
0.000578976
0.000611746
0.00632899
0.0060752
0.00579112
0.00547366
0.00516997
0.00486782
0.00456074
0.00424455
0.00391764
0.00358112
0.00323875
0.00289634
0.00256097
0.00224005
0.00194035
0.0016674
0.00142499
0.00121514
0.00103822
0.000893158
0.000777728
0.000688737
0.000622274
0.000574083
0.000540122
0.000517249
0.000503658
0.000498683
0.000501564
0.000510996
0.00577811
0.00555992
0.00531214
0.00504116
0.00478211
0.0045245
0.00426201
0.00398997
0.00370609
0.00341055
0.00310617
0.00279802
0.00249271
0.00219745
0.00191913
0.00166351
0.00143479
0.00123542
0.00106613
0.000926159
0.000813395
0.000724674
0.000656045
0.000603222
0.000562166
0.000529601
0.000503485
0.000482618
0.000469131
0.000464379
0.00535521
0.00516254
0.00494174
0.00470418
0.00447734
0.00425172
0.00402157
0.00378207
0.0035306
0.00326673
0.00299253
0.00271238
0.00243233
0.00215922
0.00189976
0.00165975
0.00144356
0.0012539
0.00109181
0.000956739
0.000846758
0.000758843
0.000689179
0.000633626
0.000588276
0.000549802
0.000515987
0.000485304
0.00046141
0.000448299
0.00502759
0.00485391
0.00465352
0.00444079
0.00423721
0.00403468
0.00382805
0.00361259
0.00338549
0.00314596
0.0028956
0.00263822
0.00237928
0.00212515
0.0018822
0.00165608
0.00145118
0.00127035
0.00111481
0.000984213
0.000876839
0.000789859
0.000719692
0.000662418
0.000614297
0.000572049
0.00053327
0.000496505
0.000466009
0.000448114
0.00477237
0.00461297
0.00442843
0.00423444
0.00404797
0.00386238
0.00367285
0.00347502
0.00326606
0.00304511
0.00281346
0.00257448
0.00233307
0.00209507
0.00186641
0.00165248
0.00145759
0.00128461
0.00113488
0.00100822
0.000903118
0.000816979
0.000746473
0.000687946
0.000637829
0.000592903
0.000550888
0.000510362
0.000475758
0.000455386
0.00457337
0.00442498
0.00425306
0.00407356
0.00389993
0.00372661
0.0035493
0.00336413
0.00316845
0.0029615
0.00274443
0.00252022
0.00229326
0.00206881
0.00185236
0.00164897
0.00146279
0.00129665
0.00115195
0.00102865
0.000925415
0.000839878
0.000768953
0.000709274
0.000657479
0.000610586
0.000566442
0.000523652
0.000486635
0.000465327
0.00441877
0.00427924
0.00411765
0.00394939
0.00378531
0.00362083
0.00345193
0.00327556
0.0030894
0.00289288
0.00268708
0.00247463
0.00225943
0.00204622
0.00184002
0.00164559
0.00146684
0.00130655
0.0011661
0.00104557
0.000943767
0.000858513
0.000786985
0.000726097
0.000672757
0.000624337
0.000578758
0.0005347
0.000496458
0.000475221
0.00430004
0.00416774
0.00401463
0.00385511
0.003698
0.0035396
0.00337628
0.00320571
0.00302623
0.00283737
0.00264017
0.00243694
0.00223116
0.0020271
0.00182937
0.0016424
0.00146989
0.00131447
0.00117752
0.00105917
0.000958334
0.000873033
0.000800677
0.000738461
0.000683673
0.000633986
0.00058742
0.00054275
0.000504075
0.000483507
0.00421083
0.00408435
0.00393807
0.00378524
0.00363298
0.00347845
0.00331872
0.00315175
0.00297678
0.00279343
0.00260262
0.00240645
0.00220804
0.00201127
0.00182039
0.0016395
0.00147207
0.0013206
0.00118642
0.00106965
0.000969343
0.000883671
0.000810287
0.000746683
0.000690501
0.000639713
0.000592455
0.000547582
0.000508948
0.000489269
0.00414619
0.00402426
0.00388331
0.00373543
0.0035864
0.00343415
0.00327649
0.00311159
0.00293941
0.00275978
0.0025735
0.00238251
0.00218967
0.00199855
0.00181304
0.00163695
0.00147353
0.00132513
0.00119299
0.00107725
0.000977027
0.000890689
0.000816134
0.000751142
0.000693608
0.000641841
0.000594066
0.000549216
0.000510858
0.000491994
0.00410213
0.00398365
0.00384685
0.00370251
0.00355545
0.00340432
0.00324757
0.00308368
0.00291285
0.00273539
0.00255201
0.00236456
0.0021757
0.00198873
0.00180727
0.00163482
0.0014744
0.00132821
0.00119741
0.00108214
0.0009816
0.00089433
0.000818476
0.000752082
0.000693303
0.000640662
0.000592457
0.000547749
0.000509766
0.000491479
0.00407532
0.00395949
0.00382598
0.00368424
0.00353824
0.00338735
0.00323056
0.00306685
0.00289614
0.00271947
0.00253754
0.00235214
0.00216583
0.00198168
0.00180302
0.00163312
0.00147476
0.00132996
0.00119982
0.00108447
0.000983222
0.000894774
0.000817515
0.000749732
0.000689785
0.000636272
0.000587811
0.000543327
0.000505759
0.000487752
0.00406304
0.00394943
0.0038186
0.00367888
0.00353344
0.00338218
0.0032246
0.0030602
0.00288857
0.00271142
0.00252962
0.00234492
0.00215983
0.00197725
0.00180027
0.00163188
0.00147464
0.00133044
0.00120029
0.00108434
0.00098199
0.000892135
0.000813372
0.000744208
0.000683203
0.000628999
0.000580358
0.000536167
0.000499037
0.000480983
0.00406293
0.00395153
0.00382315
0.00368514
0.00354009
0.00338802
0.00322903
0.00306308
0.00288968
0.00271084
0.00252794
0.0023427
0.00215759
0.00197539
0.00179897
0.00163108
0.00147407
0.00132969
0.00119886
0.00108177
0.000977955
0.00088647
0.000806123
0.000735609
0.00067368
0.000618956
0.000570283
0.000526509
0.000489866
0.000471467
0.00407285
0.00396405
0.00383819
0.00370188
0.00355724
0.00340433
0.00324337
0.00307501
0.00289915
0.0027175
0.00253236
0.0023454
0.00215908
0.00197608
0.00179911
0.0016307
0.00147302
0.00132765
0.0011955
0.00107677
0.000971127
0.000877814
0.000795829
0.000724038
0.000661269
0.000606281
0.000557824
0.000514604
0.000478558
0.000459554
0.00409068
0.00398524
0.00386241
0.00372812
0.00358407
0.00343033
0.00326718
0.00309575
0.00291678
0.0027314
0.00254295
0.00235313
0.0021644
0.00197941
0.00180072
0.00163072
0.00147139
0.00132424
0.00119011
0.00106926
0.000961486
0.000866197
0.000782564
0.000709588
0.000646156
0.000591147
0.000543098
0.000500723
0.000465451
0.000445661
0.00411426
0.00401332
0.0038945
0.00376293
0.00362
0.00346545
0.00330004
0.00312518
0.00294247
0.00275273
0.00255995
0.00236617
0.00217381
0.00198554
0.00180387
0.00163107
0.00146906
0.00131925
0.0011825
0.00105911
0.000948967
0.000851646
0.000766437
0.000692436
0.000628581
0.0005737
0.000526384
0.000485167
0.000450891
0.000430278
0.00414128
0.00404638
0.0039329
0.00380528
0.00366394
0.00350906
0.00334155
0.00316323
0.00297637
0.00278186
0.00258387
0.00238505
0.00218774
0.00199475
0.00180863
0.00163168
0.00146579
0.0013124
0.00117238
0.00104608
0.000933453
0.000834189
0.000747621
0.00067285
0.000608824
0.000554339
0.000508001
0.000468293
0.000435309
0.000413987
0.00416901
0.00408235
0.00397608
0.00385361
0.00371488
0.0035604
0.00339143
0.00321005
0.00301902
0.00281968
0.00261568
0.00241069
0.00220697
0.00200755
0.00181521
0.00163243
0.00146126
0.00130324
0.00115931
0.00102984
0.000914782
0.000813893
0.000726395
0.000651285
0.000587451
0.000533658
0.000488485
0.000450576
0.000419343
0.000397425
0.00419331
0.00411851
0.00402201
0.00390617
0.00377145
0.00361883
0.00344978
0.00326638
0.00307168
0.00286784
0.00265731
0.00244489
0.002233
0.00202499
0.00182414
0.00163337
0.00145511
0.00129117
0.0011426
0.00100982
0.00089267
0.00079065
0.000702848
0.000628021
0.000564902
0.000512189
0.000468536
0.000432554
0.00040305
0.000380627
0.00420801
0.00415107
0.00406806
0.0039619
0.00383417
0.00368628
0.00351967
0.00333626
0.00313908
0.00293096
0.00271344
0.00249181
0.0022691
0.00204928
0.00183644
0.00163438
0.00144624
0.00127432
0.0011199
0.000983461
0.000864921
0.000761874
0.00067435
0.000600474
0.000538697
0.000487573
0.000445642
0.000411471
0.000383341
0.000361814
0.00420476
0.00416879
0.0041021
0.00400908
0.00389207
0.00375278
0.00359264
0.00341295
0.00321582
0.00300413
0.00277972
0.00254759
0.0023119
0.00207761
0.00184999
0.00163401
0.00143381
0.00125232
0.00109104
0.000950007
0.000828078
0.000725298
0.000638594
0.000566048
0.000505849
0.000456298
0.000415956
0.000383349
0.000357353
0.000341173
0.016058
0.00617851
0.00416394
0.00285745
0.0019527
0.00133873
0.000938672
0.000693517
0.000554095
0.000480472
0.00044464
0.00042948
0.000425193
0.000426191
0.00042922
0.000432368
0.000434544
0.000435162
0.000433973
0.000430935
0.000426126
0.000419698
0.000411852
0.000402819
0.000392834
0.000382126
0.000370885
0.00035903
0.000346533
0.000336514
0.0182571
0.00719706
0.00486724
0.00334535
0.00229086
0.00158121
0.0011102
0.000811286
0.000632109
0.000530333
0.000475447
0.000447932
0.000436016
0.000432664
0.000433613
0.000436241
0.000438947
0.000440767
0.000441136
0.000439775
0.000436596
0.000431644
0.000425045
0.000416971
0.000407622
0.000397222
0.00038601
0.000374226
0.000362494
0.00035193
0.020929
0.00816634
0.00559171
0.0038474
0.00265125
0.00185141
0.00131173
0.000957688
0.00073488
0.000599629
0.000519777
0.000474021
0.000448963
0.000436278
0.000430756
0.000429098
0.000429197
0.000429708
0.000429767
0.00042885
0.000426679
0.000423151
0.000418269
0.000412106
0.000404779
0.00039643
0.000387201
0.000377307
0.000367487
0.000358724
0.0240856
0.00900739
0.00628927
0.00429071
0.00298104
0.00211945
0.0015283
0.00112706
0.000862348
0.000691876
0.000583682
0.000515789
0.000473793
0.000448351
0.000433391
0.000424933
0.000420327
0.000417796
0.000416134
0.000414534
0.000412484
0.000409684
0.000405983
0.000401329
0.000395739
0.000389254
0.000381904
0.000373817
0.00036584
0.000359329
0.027785
0.00976445
0.00701127
0.00471688
0.00331332
0.00240521
0.00177007
0.00132485
0.00101842
0.000810998
0.00067166
0.000578389
0.000516188
0.000474934
0.000447784
0.000430094
0.000418664
0.000411259
0.000406305
0.000402681
0.000399609
0.000396561
0.000393199
0.000389315
0.000384799
0.000379588
0.00037362
0.000366952
0.000360439
0.00035567
0.0321967
0.0104343
0.00777605
0.00511027
0.00363535
0.00269722
0.00202693
0.00154331
0.00119805
0.00095439
0.00078311
0.000662709
0.00057806
0.000518581
0.000476844
0.00044764
0.000427275
0.000413084
0.000403123
0.000395957
0.000390531
0.000386076
0.000382042
0.000378047
0.00037384
0.000369245
0.000364111
0.000358417
0.000352931
0.000349294
0.0375272
0.0110388
0.00861408
0.00546094
0.00394128
0.00298767
0.00228967
0.00177344
0.0013933
0.00111571
0.0009134
0.00076574
0.000657778
0.000578753
0.00052087
0.000478483
0.000447491
0.000424871
0.00040835
0.000396202
0.00038711
0.000380069
0.000374319
0.000369298
0.000364599
0.000359928
0.000355039
0.000349822
0.000344888
0.000341771
0.0439809
0.0116173
0.00955838
0.00576061
0.00422768
0.00326857
0.00254797
0.00200438
0.00159376
0.00128562
0.00105467
0.000881194
0.000750559
0.000652
0.000577525
0.000521201
0.000478624
0.000446494
0.000422282
0.000404024
0.000390177
0.000379528
0.000371125
0.000364233
0.000358293
0.000352886
0.000347665
0.000342422
0.000337575
0.000334438
0.0516924
0.012224
0.0106386
0.0060032
0.00449232
0.00353109
0.00279093
0.00222472
0.0017881
0.00145347
0.00119734
0.00100076
0.000849412
0.000732587
0.000642223
0.000572216
0.00051797
0.000475986
0.000443559
0.000418553
0.000399257
0.00038429
0.000372543
0.000363129
0.00035535
0.000348661
0.000342618
0.000336911
0.000331759
0.000328183
0.0606509
0.0129243
0.0118719
0.00618695
0.00473351
0.00376632
0.00300845
0.00242399
0.00196578
0.00160908
0.00133186
0.00111573
0.000946568
0.000813733
0.000709132
0.000626606
0.000561437
0.000510015
0.000469518
0.000437705
0.000412757
0.000393178
0.00037774
0.000365434
0.000355445
0.000347119
0.000339916
0.000333434
0.000327698
0.000323412
0.0705624
0.0137761
0.0132505
0.00631489
0.00494877
0.00396628
0.00319252
0.00259394
0.00211838
0.00174409
0.00145016
0.00121841
0.00103485
0.000888842
0.000772324
0.000679101
0.000604424
0.00054462
0.00049681
0.000458693
0.000428392
0.000404347
0.000385251
0.000370009
0.000357714
0.00034762
0.00033911
0.0003317
0.000325241
0.000320129
0.0807695
0.0148001
0.014727
0.00639426
0.0051337
0.00412507
0.00333801
0.00272914
0.00224029
0.00185279
0.00154644
0.00130305
0.00110859
0.000952496
0.000826689
0.000724991
0.000642649
0.000575976
0.000522073
0.000478614
0.000443697
0.000415732
0.000393368
0.000375459
0.000361032
0.000349273
0.000339503
0.000331173
0.000323992
0.000318083
0.0902866
0.0159494
0.0162064
0.00643467
0.00528208
0.00423986
0.00344286
0.00282716
0.00232887
0.00193227
0.00161748
0.00136613
0.00116415
0.00100096
0.000868549
0.000760734
0.000672778
0.000601005
0.000542517
0.000494987
0.000456506
0.000425473
0.00040052
0.000380469
0.000364309
0.000351184
0.00034037
0.000331272
0.00032349
0.000316926
0.097929
0.0170709
0.0175182
0.00644655
0.0053872
0.00431125
0.00350791
0.00288832
0.00238417
0.00198215
0.00166241
0.00140636
0.00119986
0.00103237
0.000895875
0.000784244
0.000692748
0.000617724
0.000556284
0.000506111
0.000465293
0.000432228
0.000405542
0.000384045
0.000366709
0.000352655
0.000341132
0.000331516
0.000323336
0.00031634
0.102204
0.0178215
0.0183189
0.00644565
0.00544153
0.00434327
0.00353692
0.00291548
0.00240859
0.00200422
0.0016824
0.00142434
0.00121589
0.00104651
0.000908218
0.000794891
0.000701815
0.000625334
0.000562567
0.000511197
0.000469314
0.000435313
0.00040782
0.000385647
0.000367765
0.000353285
0.000341449
0.000331617
0.000323281
0.000316109
0.102244
0.0178349
0.0183498
0.00645081
0.00543769
0.00434083
0.00353417
0.00291237
0.00240549
0.00200129
0.00167967
0.00142184
0.00121361
0.00104445
0.000906376
0.000793259
0.000700391
0.000624111
0.000561533
0.00051033
0.000468589
0.000434699
0.000407297
0.000385203
0.000367398
0.000352998
0.000341243
0.000331494
0.000323241
0.000316147
0.0980439
0.0171075
0.0176025
0.00646216
0.00537702
0.00430434
0.00350007
0.00287934
0.00237511
0.00197354
0.00165443
0.00139904
0.0011932
0.00102636
0.000890509
0.000779505
0.000688621
0.000614186
0.000553293
0.000503601
0.000463185
0.000430442
0.000404019
0.000382755
0.000365649
0.00035183
0.00034055
0.000331181
0.000323246
0.000316481
0.0904624
0.0160007
0.0163225
0.00646003
0.00526882
0.00422966
0.00343099
0.00281323
0.00231458
0.00191858
0.00160478
0.00135451
0.00115362
0.000991519
0.000860155
0.000753364
0.000666398
0.000595556
0.000537913
0.000491115
0.000453238
0.000422695
0.000398153
0.00037848
0.000362694
0.000349953
0.000339533
0.000330833
0.000323447
0.00031726
0.0809894
0.0148583
0.0148508
0.00642731
0.00512103
0.00411311
0.00332344
0.00271146
0.00222172
0.00183483
0.00152975
0.00128785
0.00109492
0.000940327
0.000815981
0.000715688
0.000634669
0.000569209
0.000516371
0.00047381
0.000439628
0.000412268
0.000390435
0.000373029
0.000359105
0.000347862
0.000338619
0.000330822
0.000324167
0.000318758
0.0708109
0.0138365
0.0133621
0.00635209
0.0049397
0.00395419
0.00317659
0.00257381
0.00209666
0.00172283
0.00143038
0.0012005
0.00101889
0.000874812
0.000760152
0.000668679
0.000595609
0.000537223
0.000490613
0.000453476
0.000423972
0.000400604
0.000382127
0.000367489
0.000355805
0.000346337
0.000338462
0.000331691
0.000325861
0.000321343
0.0609155
0.0129854
0.011958
0.00622341
0.00472964
0.00375559
0.00299243
0.00240275
0.0019422
0.00158572
0.00131011
0.00109616
0.000929342
0.00079883
0.000696442
0.000615951
0.00055259
0.000502698
0.000463441
0.000432616
0.000408479
0.000389616
0.000374857
0.00036323
0.000353932
0.000346312
0.000339824
0.000334058
0.00032902
0.000325385
0.0519646
0.0122863
0.0106931
0.00603364
0.00449335
0.00352272
0.00277594
0.0022037
0.00176412
0.00142945
0.00117497
0.000980799
0.000832107
0.000717912
0.000630011
0.000562215
0.000509855
0.000469394
0.000438157
0.000414094
0.000395594
0.00038136
0.00037033
0.000361641
0.000354606
0.000348676
0.000343398
0.000338451
0.000334032
0.000331129
0.044256
0.0116817
0.00958125
0.00578029
0.00423152
0.00326274
0.00253483
0.00198485
0.00157094
0.00126255
0.00103324
0.000862289
0.000734476
0.000638691
0.000566764
0.000512652
0.000471877
0.000441142
0.000418004
0.000400615
0.000387536
0.00037762
0.000369953
0.000363812
0.000358645
0.000354021
0.000349587
0.000345117
0.000341008
0.000338537
0.0378022
0.0111056
0.00860922
0.00546642
0.00394453
0.00298356
0.00227878
0.0017565
0.00137315
0.00109524
0.000894516
0.000749354
0.000644171
0.000567838
0.000512363
0.000471978
0.00044255
0.000421113
0.000405517
0.000394157
0.000385799
0.000379485
0.000374477
0.000370217
0.000366295
0.000362408
0.000358301
0.000353846
0.00034963
0.000347147
0.0324691
0.0105024
0.00774885
0.00509961
0.00363425
0.00269325
0.00201823
0.00152979
0.00118182
0.000937952
0.000768147
0.000650041
0.000567896
0.000510779
0.000471079
0.000443499
0.000424364
0.000411117
0.000401934
0.000395482
0.000390761
0.000387027
0.000383732
0.00038049
0.00037704
0.000373202
0.000368817
0.000363851
0.000359045
0.00035599
0.0280517
0.00983137
0.00696675
0.00468972
0.00330478
0.00239962
0.00176319
0.00131514
0.00100691
0.000799466
0.000661432
0.000570085
0.000509909
0.000470494
0.000444866
0.00042835
0.000417819
0.000411147
0.000406856
0.000403893
0.000401507
0.00039917
0.000396528
0.000393361
0.000389553
0.00038504
0.000379757
0.000373757
0.00036787
0.000363623
0.024343
0.00906947
0.00623123
0.00424834
0.00296364
0.00211102
0.00152274
0.00112114
0.00085566
0.00068536
0.00057821
0.000511757
0.000471208
0.000447025
0.000433077
0.000425409
0.000421454
0.000419515
0.000418448
0.000417479
0.000416093
0.000413968
0.000410934
0.000406925
0.000401952
0.000396063
0.000389297
0.000381788
0.000374363
0.000368313
0.0211734
0.00821952
0.00552323
0.00379329
0.00262589
0.00183991
0.001307
0.000955006
0.000732397
0.000597404
0.000518271
0.000473463
0.00044933
0.000437441
0.000432588
0.000431513
0.000432159
0.000433218
0.000433847
0.000433527
0.000431958
0.00042901
0.000424672
0.000419014
0.000412152
0.000404242
0.000395446
0.000385998
0.000376633
0.000368273
0.0184881
0.00723464
0.00478838
0.00328561
0.00226206
0.00156833
0.00110628
0.000810988
0.00063261
0.000531045
0.000476561
0.000449624
0.000438316
0.000435552
0.000437092
0.000440338
0.000443667
0.00044609
0.000447032
0.000446189
0.000443461
0.000438889
0.000432599
0.000424773
0.000415625
0.000405405
0.000394388
0.000382858
0.000371446
0.000361223
0.0162852
0.00619677
0.00407527
0.00279915
0.00192537
0.0013261
0.000935142
0.000694202
0.000555871
0.000482473
0.000446956
0.000432304
0.000428631
0.000430316
0.000434103
0.000438066
0.00044104
0.000442364
0.000441726
0.000439056
0.000434439
0.00042806
0.000420145
0.000410951
0.000400749
0.000389808
0.000378367
0.000366417
0.000353994
0.00034426
0.0003323
0.000322296
0.000309419
0.000296619
0.00028454
0.000273155
0.000262411
0.000252286
0.000242752
0.00023377
0.000225299
0.000217296
0.000209722
0.000202542
0.000195722
0.000189234
0.000183049
0.000177143
0.000171493
0.00016608
0.000160885
0.000155891
0.000151083
0.000146448
0.000141971
0.000137643
0.000133452
0.000129389
0.000125446
0.000121614
0.000117886
0.000114257
0.00011072
0.00010727
0.000103902
0.000100612
9.73969e-05
9.42523e-05
9.11755e-05
8.81639e-05
8.5215e-05
8.23267e-05
7.94971e-05
7.67246e-05
7.40078e-05
7.13453e-05
6.8736e-05
6.61791e-05
6.36736e-05
6.12187e-05
5.88138e-05
5.64594e-05
5.41546e-05
5.18987e-05
4.96914e-05
4.75326e-05
4.5422e-05
4.33599e-05
4.13454e-05
3.93787e-05
3.74596e-05
3.55883e-05
3.37648e-05
3.19889e-05
3.02608e-05
2.85804e-05
2.69478e-05
2.53628e-05
2.38257e-05
2.23363e-05
2.08949e-05
1.95014e-05
1.81559e-05
1.68584e-05
1.56089e-05
1.44074e-05
1.32539e-05
1.21485e-05
1.10911e-05
1.00819e-05
9.12081e-06
8.20786e-06
7.34307e-06
6.5264e-06
5.75783e-06
5.03743e-06
4.36522e-06
3.74118e-06
3.16531e-06
2.63747e-06
2.15761e-06
1.72572e-06
1.3419e-06
1.00652e-06
7.19459e-07
4.80172e-07
2.88583e-07
1.45393e-07
5.08505e-08
5.49379e-09
0.000336571
0.000324528
0.000311993
0.000299619
0.000287885
0.000276822
0.000266361
0.000256461
0.000247087
0.000238204
0.000229778
0.000221774
0.00021416
0.000206906
0.000199986
0.000193375
0.00018705
0.000180991
0.000175178
0.000169596
0.000164227
0.000159057
0.000154073
0.000149263
0.000144616
0.00014012
0.000135766
0.000131546
0.000127451
0.000123475
0.000119609
0.000115848
0.000112186
0.000108619
0.00010514
0.000101746
9.84334e-05
9.51978e-05
9.20361e-05
8.89455e-05
8.59234e-05
8.29674e-05
8.00753e-05
7.72452e-05
7.44754e-05
7.17644e-05
6.91108e-05
6.65135e-05
6.39713e-05
6.14836e-05
5.90496e-05
5.66674e-05
5.43371e-05
5.20584e-05
4.98306e-05
4.76535e-05
4.55264e-05
4.34488e-05
4.1421e-05
3.94427e-05
3.75136e-05
3.56335e-05
3.38022e-05
3.20196e-05
3.02857e-05
2.86003e-05
2.69634e-05
2.53748e-05
2.38346e-05
2.23427e-05
2.08991e-05
1.95038e-05
1.81568e-05
1.68581e-05
1.56077e-05
1.44055e-05
1.32515e-05
1.21457e-05
1.10881e-05
1.00786e-05
9.1175e-06
8.20464e-06
7.33993e-06
6.52337e-06
5.75498e-06
5.03475e-06
4.36268e-06
3.73875e-06
3.16296e-06
2.63533e-06
2.15583e-06
1.7244e-06
1.34103e-06
1.00577e-06
7.18704e-07
4.79549e-07
2.88168e-07
1.45161e-07
5.07707e-08
5.47638e-09
0.00034005
0.000327097
0.000314114
0.000301532
0.000289796
0.000278859
0.000268575
0.000258852
0.000249635
0.000240878
0.000232542
0.000224594
0.000217003
0.000209745
0.000202796
0.000196135
0.000189743
0.000183602
0.000177698
0.000172015
0.00016654
0.00016126
0.000156164
0.00015124
0.000146479
0.000141872
0.000137408
0.000133081
0.000128883
0.000124807
0.000120845
0.000116993
0.000113244
0.000109594
0.000106038
0.00010257
9.91882e-05
9.58878e-05
9.26656e-05
8.95186e-05
8.6444e-05
8.34392e-05
8.0502e-05
7.76302e-05
7.4822e-05
7.20757e-05
6.93897e-05
6.67626e-05
6.41932e-05
6.16804e-05
5.92232e-05
5.68207e-05
5.44723e-05
5.2177e-05
4.99344e-05
4.77438e-05
4.56048e-05
4.35169e-05
4.14798e-05
3.94931e-05
3.75565e-05
3.56697e-05
3.38325e-05
3.20448e-05
3.03064e-05
2.86172e-05
2.69769e-05
2.53855e-05
2.38428e-05
2.23487e-05
2.09034e-05
1.95066e-05
1.81583e-05
1.68587e-05
1.56074e-05
1.44046e-05
1.32501e-05
1.21439e-05
1.1086e-05
1.00764e-05
9.11516e-06
8.20221e-06
7.33754e-06
6.52105e-06
5.7527e-06
5.03249e-06
4.36049e-06
3.73672e-06
3.16108e-06
2.63355e-06
2.1542e-06
1.72308e-06
1.34002e-06
1.00491e-06
7.1795e-07
4.7896e-07
2.8779e-07
1.44949e-07
5.06722e-08
5.45403e-09
0.00034032
0.000327485
0.000314573
0.000302105
0.000290569
0.000279878
0.000269844
0.000260354
0.000251338
0.000242747
0.000234541
0.000226687
0.000219158
0.000211933
0.000204992
0.000198317
0.000191892
0.000185705
0.000179742
0.00017399
0.000168439
0.000163078
0.000157897
0.000152886
0.000148037
0.000143341
0.00013879
0.000134377
0.000130095
0.000125937
0.000121898
0.00011797
0.00011415
0.000110431
0.000106809
0.00010328
9.98401e-05
9.64852e-05
9.32119e-05
9.00171e-05
8.68979e-05
8.38516e-05
8.08759e-05
7.79685e-05
7.51273e-05
7.23506e-05
6.96367e-05
6.6984e-05
6.43912e-05
6.18569e-05
5.93802e-05
5.696e-05
5.45954e-05
5.22855e-05
5.00296e-05
4.78272e-05
4.56774e-05
4.35799e-05
4.15342e-05
3.95398e-05
3.75964e-05
3.57036e-05
3.38611e-05
3.20687e-05
3.03262e-05
2.86334e-05
2.699e-05
2.53959e-05
2.38509e-05
2.23549e-05
2.09079e-05
1.95097e-05
1.81603e-05
1.68596e-05
1.56075e-05
1.4404e-05
1.32491e-05
1.21425e-05
1.10843e-05
1.00745e-05
9.11305e-06
8.19996e-06
7.33526e-06
6.51889e-06
5.75055e-06
5.03021e-06
4.35825e-06
3.73462e-06
3.15911e-06
2.63172e-06
2.15254e-06
1.72161e-06
1.33875e-06
1.00385e-06
7.17074e-07
4.78285e-07
2.87338e-07
1.44693e-07
5.05594e-08
5.42999e-09
0.000337552
0.00032561
0.000313342
0.00030142
0.000290365
0.000280093
0.000270419
0.000261232
0.000252468
0.000244081
0.000236034
0.000228301
0.000220858
0.000213688
0.000206775
0.000200107
0.000193672
0.000187457
0.000181454
0.000175653
0.000170045
0.000164621
0.000159372
0.000154291
0.00014937
0.000144602
0.000139979
0.000135494
0.000131142
0.000126916
0.000122809
0.000118818
0.000114936
0.000111159
0.000107482
0.0001039
0.00010041
9.70081e-05
9.36907e-05
9.04546e-05
8.72968e-05
8.42146e-05
8.12055e-05
7.82671e-05
7.53972e-05
7.2594e-05
6.98557e-05
6.71806e-05
6.45672e-05
6.20142e-05
5.95203e-05
5.70844e-05
5.47055e-05
5.23827e-05
5.01152e-05
4.79022e-05
4.57429e-05
4.36369e-05
4.15835e-05
3.95823e-05
3.76328e-05
3.57346e-05
3.38873e-05
3.20907e-05
3.03446e-05
2.86484e-05
2.7002e-05
2.54054e-05
2.38584e-05
2.23607e-05
2.09122e-05
1.95127e-05
1.81622e-05
1.68606e-05
1.56078e-05
1.44036e-05
1.3248e-05
1.21411e-05
1.10827e-05
1.00727e-05
9.111e-06
8.19772e-06
7.33288e-06
6.51639e-06
5.74811e-06
5.028e-06
4.35611e-06
3.73247e-06
3.15701e-06
2.62973e-06
2.15069e-06
1.7199e-06
1.33724e-06
1.0026e-06
7.1607e-07
4.77521e-07
2.86824e-07
1.44402e-07
5.04364e-08
5.40502e-09
0.000332806
0.000322155
0.000310888
0.000299795
0.000289416
0.000279687
0.000270451
0.00026162
0.000253142
0.000244983
0.000237115
0.000229517
0.000222174
0.000215073
0.000208203
0.000201556
0.000195123
0.000188896
0.000182869
0.000177033
0.000171383
0.00016591
0.000160609
0.000155472
0.000150493
0.000145666
0.000140984
0.00013644
0.00013203
0.000127747
0.000123585
0.000119541
0.000115607
0.000111781
0.000108057
0.000104431
0.000100899
9.7457e-05
9.41022e-05
9.0831e-05
8.76403e-05
8.45275e-05
8.14899e-05
7.8525e-05
7.56306e-05
7.28047e-05
7.00455e-05
6.73511e-05
6.472e-05
6.21508e-05
5.96421e-05
5.71927e-05
5.48016e-05
5.24676e-05
5.01899e-05
4.79678e-05
4.58003e-05
4.36868e-05
4.16268e-05
3.96197e-05
3.76649e-05
3.5762e-05
3.39106e-05
3.21103e-05
3.03607e-05
2.86615e-05
2.70126e-05
2.54138e-05
2.3865e-05
2.23657e-05
2.09158e-05
1.95153e-05
1.81638e-05
1.68614e-05
1.56078e-05
1.44031e-05
1.3247e-05
1.21397e-05
1.1081e-05
1.00707e-05
9.10891e-06
8.19551e-06
7.33055e-06
6.51392e-06
5.74557e-06
5.0255e-06
4.3537e-06
3.73014e-06
3.15476e-06
2.62759e-06
2.14866e-06
1.71798e-06
1.33553e-06
1.0012e-06
7.14956e-07
4.76686e-07
2.86277e-07
1.44097e-07
5.03092e-08
5.37952e-09
0.000327263
0.000317956
0.000307805
0.000297657
0.000288033
0.000278895
0.000270127
0.000261669
0.000253489
0.000245565
0.00023788
0.000230423
0.000223185
0.000216158
0.000209338
0.000202719
0.000196298
0.000190068
0.000184027
0.000178167
0.000172486
0.000166977
0.000161635
0.000156454
0.000151429
0.000146554
0.000141823
0.000137232
0.000132774
0.000128444
0.000124237
0.000120148
0.000116172
0.000112305
0.000108542
0.000104879
0.000101311
9.78364e-05
9.44503e-05
9.11496e-05
8.79315e-05
8.47929e-05
8.17312e-05
7.8744e-05
7.58289e-05
7.29839e-05
7.0207e-05
6.74963e-05
6.48503e-05
6.22673e-05
5.97461e-05
5.72852e-05
5.48836e-05
5.25401e-05
5.02539e-05
4.80239e-05
4.58494e-05
4.37296e-05
4.16639e-05
3.96517e-05
3.76924e-05
3.57855e-05
3.39304e-05
3.21268e-05
3.03744e-05
2.86727e-05
2.70217e-05
2.5421e-05
2.38705e-05
2.23698e-05
2.09187e-05
1.95171e-05
1.81649e-05
1.68617e-05
1.56076e-05
1.44024e-05
1.3246e-05
1.21382e-05
1.10791e-05
1.00686e-05
9.10666e-06
8.19318e-06
7.32812e-06
6.51143e-06
5.74303e-06
5.02292e-06
4.35113e-06
3.72764e-06
3.15237e-06
2.62529e-06
2.14647e-06
1.71593e-06
1.33371e-06
9.99662e-07
7.13726e-07
4.75784e-07
2.85706e-07
1.43793e-07
5.01874e-08
5.35519e-09
0.000321901
0.000313742
0.000304633
0.000295398
0.000286504
0.000277936
0.00026962
0.00026152
0.000253626
0.000245927
0.000238418
0.000231096
0.000223959
0.000217006
0.000210236
0.000203649
0.000197244
0.000191017
0.000184968
0.000179093
0.000173388
0.000167851
0.000162477
0.000157262
0.0001522
0.000147286
0.000142517
0.000137887
0.00013339
0.000129022
0.000124778
0.000120652
0.000116642
0.000112741
0.000108945
0.000105251
0.000101655
9.81526e-05
9.47405e-05
9.14155e-05
8.81744e-05
8.50145e-05
8.19329e-05
7.89271e-05
7.59948e-05
7.31338e-05
7.03422e-05
6.76179e-05
6.49594e-05
6.2365e-05
5.98332e-05
5.73628e-05
5.49524e-05
5.2601e-05
5.03075e-05
4.80709e-05
4.58905e-05
4.37654e-05
4.16949e-05
3.96784e-05
3.77154e-05
3.58051e-05
3.39471e-05
3.21406e-05
3.03857e-05
2.8682e-05
2.70291e-05
2.54268e-05
2.38749e-05
2.2373e-05
2.0921e-05
1.95185e-05
1.81654e-05
1.68617e-05
1.56071e-05
1.44015e-05
1.32446e-05
1.21365e-05
1.10772e-05
1.00665e-05
9.10437e-06
8.19079e-06
7.32566e-06
6.50889e-06
5.74044e-06
5.02031e-06
4.34851e-06
3.72503e-06
3.14982e-06
2.62287e-06
2.14418e-06
1.71381e-06
1.33182e-06
9.98066e-07
7.12461e-07
4.74876e-07
2.85141e-07
1.43504e-07
5.00781e-08
5.33315e-09
0.000317365
0.00031002
0.000301757
0.000293304
0.000285045
0.000276978
0.000269061
0.000261282
0.000253643
0.000246146
0.000238796
0.000231596
0.000224551
0.000217666
0.000210944
0.000204388
0.000197999
0.000191778
0.000185726
0.00017984
0.000174119
0.00016856
0.000163161
0.000157918
0.000152827
0.000147883
0.000143083
0.000138421
0.000133893
0.000129494
0.00012522
0.000121065
0.000117026
0.000113097
0.000109276
0.000105557
0.000101937
9.84119e-05
9.49787e-05
9.16337e-05
8.83739e-05
8.51965e-05
8.20985e-05
7.90775e-05
7.61312e-05
7.32571e-05
7.04533e-05
6.7718e-05
6.50492e-05
6.24453e-05
5.99049e-05
5.74266e-05
5.5009e-05
5.2651e-05
5.03516e-05
4.81096e-05
4.59244e-05
4.37948e-05
4.17204e-05
3.97004e-05
3.77342e-05
3.58215e-05
3.39611e-05
3.21521e-05
3.03947e-05
2.86892e-05
2.70349e-05
2.54314e-05
2.38783e-05
2.23755e-05
2.09226e-05
1.95193e-05
1.81656e-05
1.68614e-05
1.56063e-05
1.44003e-05
1.32432e-05
1.21348e-05
1.10752e-05
1.00644e-05
9.10211e-06
8.18842e-06
7.3232e-06
6.50637e-06
5.73789e-06
5.01774e-06
4.34593e-06
3.72245e-06
3.1473e-06
2.62044e-06
2.14188e-06
1.71168e-06
1.32993e-06
9.96494e-07
7.11241e-07
4.74023e-07
2.84632e-07
1.43254e-07
4.99909e-08
5.31471e-09
0.00031394
0.000307042
0.000299384
0.000291539
0.000283786
0.000276127
0.00026854
0.00026103
0.000253606
0.000246281
0.000239066
0.000231971
0.000225006
0.00021818
0.0002115
0.000204971
0.000198598
0.000192383
0.000186329
0.000180435
0.000174702
0.000169127
0.000163709
0.000158444
0.00015333
0.000148362
0.000143537
0.00013885
0.000134297
0.000129873
0.000125575
0.000121396
0.000117334
0.000113384
0.000109542
0.000105803
0.000102164
9.86207e-05
9.51704e-05
9.18094e-05
8.85347e-05
8.53431e-05
8.2232e-05
7.91988e-05
7.62411e-05
7.33565e-05
7.0543e-05
6.77986e-05
6.51216e-05
6.25101e-05
5.99628e-05
5.74781e-05
5.50547e-05
5.26914e-05
5.03872e-05
4.81409e-05
4.59516e-05
4.38185e-05
4.17409e-05
3.97181e-05
3.77493e-05
3.5834e-05
3.39713e-05
3.21608e-05
3.04023e-05
2.86954e-05
2.70399e-05
2.54352e-05
2.38812e-05
2.23775e-05
2.09238e-05
1.95199e-05
1.81656e-05
1.68608e-05
1.56054e-05
1.43991e-05
1.32417e-05
1.21332e-05
1.10734e-05
1.00624e-05
9.1e-06
8.1862e-06
7.32089e-06
6.50401e-06
5.73551e-06
5.01534e-06
4.3435e-06
3.72001e-06
3.14488e-06
2.61811e-06
2.13967e-06
1.70966e-06
1.32816e-06
9.95035e-07
7.10138e-07
4.73285e-07
2.84215e-07
1.43066e-07
4.99305e-08
5.30027e-09
0.000311615
0.000304854
0.000297578
0.000290166
0.000282788
0.000275439
0.00026811
0.000260812
0.000253561
0.000246374
0.000239268
0.000232258
0.000225358
0.00021858
0.000211934
0.000205427
0.000199067
0.000192858
0.000186803
0.000180903
0.00017516
0.000169573
0.000164139
0.000158858
0.000153725
0.000148738
0.000143894
0.000139187
0.000134615
0.000130172
0.000125854
0.000121657
0.000117577
0.00011361
0.000109751
0.000105996
0.000102342
9.8785e-05
9.53214e-05
9.19478e-05
8.86612e-05
8.54586e-05
8.23372e-05
7.92944e-05
7.63277e-05
7.34349e-05
7.06137e-05
6.78623e-05
6.51787e-05
6.25613e-05
6.00084e-05
5.75187e-05
5.50907e-05
5.27233e-05
5.04152e-05
4.81655e-05
4.59732e-05
4.38373e-05
4.17572e-05
3.9732e-05
3.77611e-05
3.58438e-05
3.39795e-05
3.21677e-05
3.04081e-05
2.87002e-05
2.70437e-05
2.54381e-05
2.38833e-05
2.23788e-05
2.09245e-05
1.952e-05
1.81653e-05
1.68602e-05
1.56045e-05
1.43979e-05
1.32404e-05
1.21317e-05
1.10718e-05
1.00606e-05
9.09809e-06
8.18421e-06
7.31885e-06
6.50192e-06
5.73338e-06
5.0132e-06
4.34136e-06
3.71786e-06
3.14274e-06
2.61599e-06
2.13767e-06
1.70785e-06
1.3266e-06
9.93781e-07
7.09227e-07
4.72699e-07
2.83893e-07
1.42927e-07
4.98946e-08
5.28991e-09
0.0003102
0.000303371
0.000296305
0.000289181
0.000282063
0.000274937
0.000267797
0.000260656
0.000253535
0.000246453
0.000239429
0.000232484
0.000225633
0.000218891
0.00021227
0.00020578
0.000199429
0.000193224
0.000187168
0.000181263
0.000175512
0.000169915
0.000164469
0.000159175
0.000154028
0.000149027
0.000144167
0.000139445
0.000134857
0.0001304
0.000126067
0.000121856
0.000117763
0.000113782
0.000109911
0.000106144
0.000102478
9.89105e-05
9.54366e-05
9.20534e-05
8.87578e-05
8.55468e-05
8.24175e-05
7.93674e-05
7.63939e-05
7.34947e-05
7.06677e-05
6.79109e-05
6.52224e-05
6.26004e-05
6.00434e-05
5.75498e-05
5.51184e-05
5.27478e-05
5.04368e-05
4.81845e-05
4.59897e-05
4.38517e-05
4.17697e-05
3.97427e-05
3.77702e-05
3.58515e-05
3.3986e-05
3.21732e-05
3.04126e-05
2.87039e-05
2.70466e-05
2.54404e-05
2.38848e-05
2.23798e-05
2.09249e-05
1.95202e-05
1.81652e-05
1.68598e-05
1.56038e-05
1.4397e-05
1.32393e-05
1.21305e-05
1.10704e-05
1.00591e-05
9.09652e-06
8.18256e-06
7.31715e-06
6.50017e-06
5.73159e-06
5.01146e-06
4.33967e-06
3.71617e-06
3.14097e-06
2.61417e-06
2.13597e-06
1.70636e-06
1.3253e-06
9.92759e-07
7.08526e-07
4.72269e-07
2.83674e-07
1.42843e-07
4.98781e-08
5.28235e-09
0.000309436
0.000302455
0.000295492
0.000288545
0.000281597
0.000274619
0.000267608
0.000260577
0.000253545
0.000246535
0.000239569
0.000232668
0.00022585
0.000219132
0.000212528
0.000206049
0.000199703
0.000193499
0.000187441
0.000181532
0.000175774
0.000170168
0.000164714
0.000159409
0.000154251
0.000149239
0.000144368
0.000139634
0.000135035
0.000130567
0.000126223
0.000122002
0.000117898
0.000113908
0.000110027
0.000106252
0.000102578
9.90019e-05
9.55206e-05
9.21304e-05
8.88283e-05
8.56111e-05
8.24761e-05
7.94206e-05
7.64422e-05
7.35385e-05
7.07072e-05
6.79465e-05
6.52543e-05
6.26291e-05
6.0069e-05
5.75727e-05
5.51387e-05
5.27658e-05
5.04527e-05
4.81984e-05
4.6002e-05
4.38624e-05
4.17789e-05
3.97507e-05
3.77771e-05
3.58573e-05
3.39909e-05
3.21773e-05
3.0416e-05
2.87067e-05
2.70488e-05
2.5442e-05
2.3886e-05
2.23805e-05
2.09253e-05
1.95203e-05
1.81651e-05
1.68595e-05
1.56033e-05
1.43963e-05
1.32384e-05
1.21295e-05
1.10694e-05
1.0058e-05
9.09531e-06
8.1813e-06
7.31585e-06
6.49884e-06
5.73026e-06
5.01017e-06
4.3384e-06
3.71496e-06
3.13976e-06
2.61281e-06
2.13462e-06
1.70517e-06
1.3243e-06
9.92007e-07
7.08023e-07
4.71963e-07
2.83518e-07
1.42789e-07
4.98772e-08
5.27782e-09
0.000309091
0.00030197
0.000295056
0.000288212
0.000281364
0.000274476
0.000267543
0.000260578
0.0002536
0.000246633
0.0002397
0.000232824
0.000226025
0.000219319
0.000212723
0.000206247
0.000199903
0.000193698
0.000187636
0.000181722
0.000175959
0.000170346
0.000164884
0.000159571
0.000154405
0.000149385
0.000144505
0.000139764
0.000135157
0.00013068
0.00012633
0.000122101
0.00011799
0.000113993
0.000110106
0.000106324
0.000102645
9.90637e-05
9.55773e-05
9.21824e-05
8.88758e-05
8.56545e-05
8.25157e-05
7.94566e-05
7.64749e-05
7.3568e-05
7.0734e-05
6.79706e-05
6.5276e-05
6.26486e-05
6.00865e-05
5.75883e-05
5.51526e-05
5.27781e-05
5.04637e-05
4.82081e-05
4.60105e-05
4.38698e-05
4.17854e-05
3.97563e-05
3.77819e-05
3.58615e-05
3.39944e-05
3.21803e-05
3.04185e-05
2.87087e-05
2.70504e-05
2.54432e-05
2.38869e-05
2.23811e-05
2.09257e-05
1.95205e-05
1.81652e-05
1.68594e-05
1.5603e-05
1.43959e-05
1.32379e-05
1.21289e-05
1.10687e-05
1.00572e-05
9.0945e-06
8.18045e-06
7.31498e-06
6.49789e-06
5.72921e-06
5.00905e-06
4.33733e-06
3.71387e-06
3.13878e-06
2.61221e-06
2.13413e-06
1.70442e-06
1.3235e-06
9.91497e-07
7.0775e-07
4.71778e-07
2.83389e-07
1.42743e-07
4.9891e-08
5.27696e-09
0.000309003
0.000301817
0.000294931
0.000288138
0.000281338
0.000274492
0.000267594
0.000260656
0.0002537
0.00024675
0.000239828
0.00023296
0.000226165
0.000219461
0.000212864
0.000206387
0.00020004
0.00019383
0.000187764
0.000181845
0.000176076
0.000170457
0.000164989
0.000159671
0.000154499
0.000149473
0.000144588
0.000139842
0.000135229
0.000130748
0.000126392
0.000122159
0.000118044
0.000114043
0.000110152
0.000106367
0.000102684
9.90994e-05
9.561e-05
9.22124e-05
8.89032e-05
8.56795e-05
8.25385e-05
7.94774e-05
7.64938e-05
7.35852e-05
7.07495e-05
6.79846e-05
6.52887e-05
6.266e-05
6.00968e-05
5.75975e-05
5.51609e-05
5.27855e-05
5.04702e-05
4.82139e-05
4.60156e-05
4.38744e-05
4.17895e-05
3.97599e-05
3.7785e-05
3.58642e-05
3.39968e-05
3.21823e-05
3.04202e-05
2.87101e-05
2.70515e-05
2.54442e-05
2.38876e-05
2.23817e-05
2.09262e-05
1.95209e-05
1.81654e-05
1.68594e-05
1.5603e-05
1.43958e-05
1.32377e-05
1.21286e-05
1.10683e-05
1.00568e-05
9.09403e-06
8.17991e-06
7.31441e-06
6.49732e-06
5.72855e-06
5.00834e-06
4.33657e-06
3.7131e-06
3.13804e-06
2.6115e-06
2.13351e-06
1.70408e-06
1.32342e-06
9.9152e-07
7.0774e-07
4.71627e-07
2.83267e-07
1.42727e-07
4.99073e-08
5.27686e-09
0.000309099
0.000301942
0.000295074
0.00028829
0.000281494
0.000274648
0.000267747
0.000260804
0.000253841
0.000246882
0.000239953
0.000233076
0.000226273
0.000219561
0.000212957
0.000206472
0.000200118
0.000193902
0.00018783
0.000181906
0.000176132
0.000170509
0.000165037
0.000159714
0.000154539
0.000149509
0.000144621
0.000139872
0.000135257
0.000130773
0.000126415
0.00012218
0.000118063
0.000114061
0.000110168
0.000106382
0.000102697
9.91118e-05
9.56214e-05
9.22227e-05
8.89127e-05
8.56882e-05
8.25463e-05
7.94847e-05
7.65006e-05
7.35913e-05
7.07549e-05
6.79895e-05
6.52932e-05
6.26643e-05
6.01007e-05
5.76011e-05
5.51642e-05
5.27886e-05
5.0473e-05
4.82164e-05
4.60179e-05
4.38765e-05
4.17914e-05
3.97617e-05
3.77866e-05
3.58656e-05
3.39981e-05
3.21835e-05
3.04213e-05
2.8711e-05
2.70523e-05
2.54448e-05
2.38882e-05
2.23823e-05
2.09267e-05
1.95213e-05
1.81657e-05
1.68597e-05
1.56031e-05
1.43958e-05
1.32377e-05
1.21285e-05
1.10682e-05
1.00567e-05
9.09387e-06
8.17969e-06
7.31408e-06
6.49696e-06
5.72829e-06
5.0081e-06
4.3363e-06
3.71281e-06
3.13777e-06
2.61122e-06
2.13324e-06
1.70396e-06
1.32338e-06
9.9146e-07
7.07707e-07
4.71651e-07
2.83291e-07
1.42738e-07
4.99115e-08
5.2772e-09
0.000309401
0.000302362
0.000295497
0.000288679
0.00028184
0.00027495
0.000268006
0.000261022
0.000254023
0.000247032
0.000240074
0.000233173
0.000226349
0.000219619
0.000213
0.000206503
0.000200139
0.000193914
0.000187835
0.000181905
0.000176127
0.0001705
0.000165025
0.0001597
0.000154524
0.000149493
0.000144604
0.000139855
0.00013524
0.000130756
0.000126399
0.000122164
0.000118048
0.000114046
0.000110154
0.000106368
0.000102685
9.91004e-05
9.56108e-05
9.2213e-05
8.89038e-05
8.56801e-05
8.2539e-05
7.9478e-05
7.64945e-05
7.35861e-05
7.07505e-05
6.79853e-05
6.52895e-05
6.26611e-05
6.0098e-05
5.75989e-05
5.51623e-05
5.2787e-05
5.04717e-05
4.82154e-05
4.60172e-05
4.3876e-05
4.1791e-05
3.97614e-05
3.77865e-05
3.58657e-05
3.39982e-05
3.21837e-05
3.04216e-05
2.87113e-05
2.70526e-05
2.54451e-05
2.38885e-05
2.23826e-05
2.09271e-05
1.95217e-05
1.8166e-05
1.686e-05
1.56035e-05
1.43961e-05
1.3238e-05
1.21288e-05
1.10684e-05
1.00568e-05
9.09401e-06
8.17978e-06
7.31413e-06
6.49701e-06
5.72837e-06
5.00822e-06
4.33642e-06
3.71289e-06
3.13779e-06
2.6112e-06
2.13327e-06
1.70404e-06
1.32344e-06
9.91431e-07
7.07719e-07
4.71787e-07
2.83419e-07
1.42768e-07
4.98944e-08
5.27658e-09
0.000310031
0.000303167
0.00029627
0.000289354
0.000282412
0.000275423
0.000268387
0.000261322
0.000254251
0.0002472
0.000240191
0.000233247
0.000226387
0.000219629
0.000212986
0.000206471
0.000200092
0.000193856
0.000187769
0.000181833
0.00017605
0.000170421
0.000164945
0.00015962
0.000154445
0.000149416
0.000144529
0.000139782
0.000135171
0.00013069
0.000126336
0.000122105
0.000117992
0.000113994
0.000110105
0.000106323
0.000102643
9.90613e-05
9.55748e-05
9.21799e-05
8.88735e-05
8.56524e-05
8.25138e-05
7.94551e-05
7.64737e-05
7.35673e-05
7.07335e-05
6.79704e-05
6.52763e-05
6.26491e-05
6.00875e-05
5.75897e-05
5.51543e-05
5.278e-05
5.04656e-05
4.82101e-05
4.60126e-05
4.38722e-05
4.17878e-05
3.97588e-05
3.77844e-05
3.58639e-05
3.39969e-05
3.21826e-05
3.04208e-05
2.87108e-05
2.70523e-05
2.54449e-05
2.38884e-05
2.23827e-05
2.09273e-05
1.95219e-05
1.81664e-05
1.68605e-05
1.56039e-05
1.43966e-05
1.32384e-05
1.21292e-05
1.10688e-05
1.00573e-05
9.09442e-06
8.18019e-06
7.31454e-06
6.49739e-06
5.72877e-06
5.00863e-06
4.33679e-06
3.71335e-06
3.13819e-06
2.61137e-06
2.13346e-06
1.70431e-06
1.32372e-06
9.91665e-07
7.07874e-07
4.71927e-07
2.83517e-07
1.42797e-07
4.9882e-08
5.27812e-09
0.000311198
0.000304489
0.00029748
0.000290372
0.000283244
0.000276087
0.000268901
0.000261707
0.000254525
0.000247381
0.000240295
0.000233287
0.000226377
0.000219578
0.000212903
0.000206362
0.000199965
0.000193715
0.000187618
0.000181676
0.00017589
0.00017026
0.000164786
0.000159464
0.000154292
0.000149268
0.000144387
0.000139646
0.000135041
0.000130567
0.00012622
0.000121995
0.00011789
0.000113898
0.000110016
0.00010624
0.000102566
9.89902e-05
9.55093e-05
9.21198e-05
8.88183e-05
8.5602e-05
8.24679e-05
7.94134e-05
7.64359e-05
7.35331e-05
7.07027e-05
6.79428e-05
6.52514e-05
6.2627e-05
6.00678e-05
5.75723e-05
5.51391e-05
5.27666e-05
5.04538e-05
4.81998e-05
4.60036e-05
4.38644e-05
4.17812e-05
3.97533e-05
3.77797e-05
3.58601e-05
3.39938e-05
3.21801e-05
3.04187e-05
2.87092e-05
2.70511e-05
2.5444e-05
2.38879e-05
2.23824e-05
2.09272e-05
1.95221e-05
1.81667e-05
1.68608e-05
1.56043e-05
1.43971e-05
1.3239e-05
1.21298e-05
1.10695e-05
1.0058e-05
9.09515e-06
8.18091e-06
7.31525e-06
6.4981e-06
5.72942e-06
5.00919e-06
4.33735e-06
3.71385e-06
3.13871e-06
2.61207e-06
2.13412e-06
1.70486e-06
1.32424e-06
9.92117e-07
7.08201e-07
4.72135e-07
2.8363e-07
1.42832e-07
4.98734e-08
5.28122e-09
0.000313171
0.00030649
0.00029923
0.000291797
0.000284373
0.000276961
0.000269556
0.000262175
0.000254838
0.000247565
0.000240374
0.000233282
0.000226303
0.000219451
0.000212734
0.000206163
0.000199742
0.000193476
0.000187369
0.000181421
0.000175634
0.000170005
0.000164534
0.000159218
0.000154054
0.000149039
0.000144167
0.000139437
0.000134842
0.000130379
0.000126042
0.000121829
0.000117734
0.000113752
0.00010988
0.000106114
0.00010245
9.88828e-05
9.54104e-05
9.20289e-05
8.87351e-05
8.5526e-05
8.23986e-05
7.93504e-05
7.63788e-05
7.34814e-05
7.06562e-05
6.7901e-05
6.5214e-05
6.25935e-05
6.00378e-05
5.75456e-05
5.51157e-05
5.27462e-05
5.04355e-05
4.81837e-05
4.59897e-05
4.38524e-05
4.17709e-05
3.97443e-05
3.77722e-05
3.58539e-05
3.39888e-05
3.2176e-05
3.04153e-05
2.87064e-05
2.70489e-05
2.54425e-05
2.38868e-05
2.23817e-05
2.09268e-05
1.9522e-05
1.81668e-05
1.68612e-05
1.56049e-05
1.43978e-05
1.32398e-05
1.21307e-05
1.10705e-05
1.0059e-05
9.09617e-06
8.18198e-06
7.31633e-06
6.49918e-06
5.73048e-06
5.01018e-06
4.33823e-06
3.71468e-06
3.13959e-06
2.613e-06
2.13505e-06
1.70574e-06
1.32502e-06
9.92742e-07
7.08645e-07
4.72415e-07
2.83773e-07
1.42879e-07
4.98745e-08
5.28668e-09
0.000316228
0.000309324
0.000301608
0.000293676
0.000285821
0.000278051
0.000270347
0.000262718
0.000255177
0.000247738
0.000240412
0.000233213
0.000226149
0.00021923
0.000212463
0.000205854
0.000199406
0.000193123
0.000187005
0.000181053
0.000175266
0.000169642
0.000164178
0.000158872
0.00015372
0.000148717
0.00014386
0.000139144
0.000134565
0.000130117
0.000125796
0.000121598
0.000117518
0.000113551
0.000109693
0.000105941
0.000102289
9.87348e-05
9.52742e-05
9.19039e-05
8.86206e-05
8.54214e-05
8.23033e-05
7.92637e-05
7.63002e-05
7.34104e-05
7.05921e-05
6.78434e-05
6.51624e-05
6.25473e-05
5.99967e-05
5.7509e-05
5.50829e-05
5.2717e-05
5.04104e-05
4.81619e-05
4.59707e-05
4.3836e-05
4.17567e-05
3.97321e-05
3.77618e-05
3.58452e-05
3.39815e-05
3.217e-05
3.04105e-05
2.87026e-05
2.70459e-05
2.54402e-05
2.38852e-05
2.23807e-05
2.09262e-05
1.95218e-05
1.81669e-05
1.68616e-05
1.56055e-05
1.43986e-05
1.32408e-05
1.21318e-05
1.10716e-05
1.00602e-05
9.09754e-06
8.18341e-06
7.31778e-06
6.50063e-06
5.73193e-06
5.0116e-06
4.33961e-06
3.71604e-06
3.14093e-06
2.61433e-06
2.13629e-06
1.70684e-06
1.326e-06
9.93525e-07
7.09198e-07
4.72767e-07
2.83963e-07
1.42956e-07
4.98906e-08
5.29509e-09
0.000320556
0.000313076
0.000304645
0.000296015
0.000287579
0.000279338
0.000271252
0.000263311
0.000255516
0.000247873
0.000240384
0.000233055
0.00022589
0.000218893
0.000212068
0.000205416
0.000198939
0.000192636
0.000186509
0.000180554
0.00017477
0.000169154
0.000163703
0.000158411
0.000153276
0.000148292
0.000143454
0.000138759
0.0001342
0.000129773
0.000125473
0.000121295
0.000117235
0.000113288
0.000109449
0.000105714
0.00010208
9.85416e-05
9.50965e-05
9.17408e-05
8.84714e-05
8.52851e-05
8.21792e-05
7.9151e-05
7.6198e-05
7.3318e-05
7.05089e-05
6.77685e-05
6.50952e-05
6.24873e-05
5.99432e-05
5.74614e-05
5.50407e-05
5.26798e-05
5.03776e-05
4.81334e-05
4.5946e-05
4.38144e-05
4.1738e-05
3.97162e-05
3.77485e-05
3.58338e-05
3.39718e-05
3.21621e-05
3.0404e-05
2.86974e-05
2.70419e-05
2.54373e-05
2.38831e-05
2.23792e-05
2.09254e-05
1.95215e-05
1.81671e-05
1.68621e-05
1.56063e-05
1.43997e-05
1.3242e-05
1.21332e-05
1.10732e-05
1.00619e-05
9.09928e-06
8.18522e-06
7.31963e-06
6.5025e-06
5.73379e-06
5.01346e-06
4.34146e-06
3.71786e-06
3.14272e-06
2.61605e-06
2.13787e-06
1.70825e-06
1.32719e-06
9.94468e-07
7.09888e-07
4.73222e-07
2.84219e-07
1.43068e-07
4.99224e-08
5.30613e-09
0.000326138
0.000317681
0.000308266
0.000298741
0.000289578
0.000280762
0.000272215
0.000263903
0.000255811
0.000247929
0.000240252
0.000232774
0.000225494
0.00021841
0.000211519
0.000204821
0.000198313
0.000191993
0.000185857
0.000179903
0.000174127
0.000168524
0.00016309
0.000157819
0.000152707
0.000147748
0.000142937
0.000138268
0.000133736
0.000129336
0.000125063
0.000120912
0.000116877
0.000112955
0.00010914
0.000105428
0.000101815
9.82983e-05
9.48729e-05
9.15358e-05
8.82839e-05
8.5114e-05
8.20234e-05
7.90096e-05
7.60699e-05
7.32023e-05
7.04045e-05
6.76748e-05
6.50112e-05
6.24122e-05
5.98763e-05
5.7402e-05
5.49881e-05
5.26335e-05
5.0337e-05
4.80978e-05
4.59149e-05
4.37875e-05
4.17148e-05
3.96964e-05
3.77315e-05
3.58195e-05
3.39599e-05
3.21522e-05
3.0396e-05
2.8691e-05
2.70369e-05
2.54335e-05
2.38804e-05
2.23775e-05
2.09244e-05
1.95211e-05
1.81673e-05
1.68627e-05
1.56073e-05
1.44009e-05
1.32435e-05
1.21349e-05
1.10751e-05
1.00639e-05
9.10139e-06
8.1874e-06
7.32188e-06
6.50477e-06
5.73606e-06
5.01571e-06
4.3437e-06
3.72007e-06
3.14487e-06
2.61811e-06
2.13977e-06
1.70993e-06
1.3286e-06
9.95596e-07
7.10727e-07
4.73782e-07
2.84537e-07
1.4322e-07
4.99801e-08
5.322e-09
0.000332641
0.000322847
0.000312233
0.000301668
0.000291673
0.000282204
0.000273139
0.000264414
0.000255991
0.000247847
0.000239962
0.000232323
0.000224918
0.000217739
0.00021078
0.000204034
0.000197497
0.000191161
0.000185022
0.000179075
0.000173312
0.000167729
0.000162319
0.000157076
0.000151995
0.000147069
0.000142291
0.000137657
0.00013316
0.000128795
0.000124556
0.000120438
0.000116435
0.000112544
0.000108759
0.000105076
0.00010149
9.79991e-05
9.45982e-05
9.12842e-05
8.80539e-05
8.49043e-05
8.18327e-05
7.88364e-05
7.59132e-05
7.30607e-05
7.0277e-05
6.75602e-05
6.49086e-05
6.23206e-05
5.97947e-05
5.73296e-05
5.4924e-05
5.2577e-05
5.02874e-05
4.80544e-05
4.58771e-05
4.37548e-05
4.16867e-05
3.96723e-05
3.77109e-05
3.58021e-05
3.39453e-05
3.21402e-05
3.03863e-05
2.86832e-05
2.70308e-05
2.54289e-05
2.38771e-05
2.23752e-05
2.09231e-05
1.95205e-05
1.81673e-05
1.68633e-05
1.56083e-05
1.44023e-05
1.32452e-05
1.21369e-05
1.10773e-05
1.00663e-05
9.10383e-06
8.18992e-06
7.32446e-06
6.5074e-06
5.73869e-06
5.01833e-06
4.34628e-06
3.72259e-06
3.1473e-06
2.6204e-06
2.14189e-06
1.71183e-06
1.33023e-06
9.96906e-07
7.11709e-07
4.74454e-07
2.84935e-07
1.43419e-07
5.00595e-08
5.34122e-09
0.000339352
0.000328013
0.000316116
0.000304474
0.00029362
0.000283477
0.000273876
0.000264722
0.000255957
0.000247541
0.000239441
0.000231634
0.000224101
0.000216828
0.000209802
0.000203013
0.00019645
0.000190105
0.00018397
0.000178036
0.000172295
0.000166741
0.000161365
0.00015616
0.000151119
0.000146235
0.000141501
0.000136911
0.000132457
0.000128135
0.000123938
0.000119861
0.000115899
0.000112046
0.000108297
0.000104649
0.000101098
9.76379e-05
9.42668e-05
9.09808e-05
8.77768e-05
8.46519e-05
8.16032e-05
7.86283e-05
7.57249e-05
7.28909e-05
7.01241e-05
6.7423e-05
6.47857e-05
6.22109e-05
5.9697e-05
5.72429e-05
5.48474e-05
5.25095e-05
5.02282e-05
4.80027e-05
4.58321e-05
4.37158e-05
4.16531e-05
3.96435e-05
3.76864e-05
3.57814e-05
3.39281e-05
3.21259e-05
3.03747e-05
2.86739e-05
2.70235e-05
2.54233e-05
2.3873e-05
2.23724e-05
2.09214e-05
1.95197e-05
1.81672e-05
1.68638e-05
1.56094e-05
1.44039e-05
1.32471e-05
1.2139e-05
1.10797e-05
1.00689e-05
9.10651e-06
8.19265e-06
7.32721e-06
6.51019e-06
5.74153e-06
5.02114e-06
4.34904e-06
3.7253e-06
3.14991e-06
2.62286e-06
2.14417e-06
1.7139e-06
1.33202e-06
9.98358e-07
7.12819e-07
4.75231e-07
2.85409e-07
1.43666e-07
5.01596e-08
5.36319e-09
0.000345197
0.000332371
0.000319315
0.00030672
0.000295094
0.000284332
0.000274232
0.000264673
0.00025558
0.0002469
0.000238592
0.000230624
0.00022297
0.000215609
0.000208524
0.000201699
0.000195121
0.000188777
0.000182656
0.000176748
0.000171042
0.000165528
0.000160198
0.000155043
0.000150054
0.000145224
0.000140544
0.000136009
0.00013161
0.000127341
0.000123196
0.00011917
0.000115256
0.00011145
0.000107746
0.000104141
0.000100629
9.72077e-05
9.38725e-05
9.06203e-05
8.74479e-05
8.43524e-05
8.13313e-05
7.8382e-05
7.55022e-05
7.269e-05
6.99435e-05
6.7261e-05
6.46408e-05
6.20816e-05
5.9582e-05
5.71409e-05
5.47573e-05
5.24302e-05
5.01586e-05
4.79419e-05
4.57792e-05
4.367e-05
4.16137e-05
3.96098e-05
3.76577e-05
3.57572e-05
3.39078e-05
3.21091e-05
3.0361e-05
2.8663e-05
2.70149e-05
2.54167e-05
2.38682e-05
2.23691e-05
2.09193e-05
1.95186e-05
1.8167e-05
1.68643e-05
1.56105e-05
1.44054e-05
1.32491e-05
1.21413e-05
1.10821e-05
1.00715e-05
9.10933e-06
8.19553e-06
7.33009e-06
6.5131e-06
5.74452e-06
5.02409e-06
4.3518e-06
3.72795e-06
3.15255e-06
2.62542e-06
2.14655e-06
1.71601e-06
1.33384e-06
9.99873e-07
7.14004e-07
4.76078e-07
2.85942e-07
1.43953e-07
5.02774e-08
5.38761e-09
0.000348861
0.000334983
0.000321157
0.000307923
0.000295744
0.000284504
0.000273996
0.000264092
0.000254712
0.000245799
0.000237306
0.000229196
0.000221437
0.000214004
0.000206875
0.000200031
0.000193453
0.000187126
0.000181035
0.000175168
0.000169512
0.000164055
0.000158786
0.000153696
0.000148774
0.000144012
0.000139401
0.000134933
0.000130601
0.000126398
0.000122316
0.000118351
0.000114496
0.000110746
0.000107097
0.000103542
0.000100079
9.67026e-05
9.34101e-05
9.01979e-05
8.7063e-05
8.40024e-05
8.10137e-05
7.80945e-05
7.52427e-05
7.24562e-05
6.97334e-05
6.70727e-05
6.44725e-05
6.19315e-05
5.94487e-05
5.70228e-05
5.4653e-05
5.23384e-05
5.00781e-05
4.78716e-05
4.57181e-05
4.36172e-05
4.15683e-05
3.95709e-05
3.76247e-05
3.57293e-05
3.38844e-05
3.20898e-05
3.03452e-05
2.86503e-05
2.7005e-05
2.54091e-05
2.38624e-05
2.2365e-05
2.09166e-05
1.95172e-05
1.81665e-05
1.68646e-05
1.56114e-05
1.44069e-05
1.3251e-05
1.21436e-05
1.10847e-05
1.00742e-05
9.11211e-06
8.1984e-06
7.33303e-06
6.51605e-06
5.74746e-06
5.02698e-06
4.35456e-06
3.73064e-06
3.15516e-06
2.6279e-06
2.14884e-06
1.71808e-06
1.33565e-06
1.00139e-06
7.15209e-07
4.76961e-07
2.86511e-07
1.44262e-07
5.04038e-08
5.41273e-09
0.000349086
0.000335035
0.000321093
0.000307709
0.000295297
0.00028378
0.000272992
0.000262828
0.000253222
0.00024412
0.000235477
0.000227255
0.000219419
0.00021194
0.000204791
0.00019795
0.000191395
0.000185107
0.000179068
0.000173263
0.000167676
0.000162295
0.000157106
0.000152099
0.000147261
0.000142583
0.000138056
0.000133672
0.000129421
0.000125296
0.000121291
0.000117399
0.000113614
0.000109931
0.000106344
0.00010285
9.94432e-05
9.61204e-05
9.28779e-05
8.97125e-05
8.66211e-05
8.36012e-05
8.06502e-05
7.77659e-05
7.49463e-05
7.21896e-05
6.94941e-05
6.68584e-05
6.42812e-05
6.17612e-05
5.92974e-05
5.6889e-05
5.4535e-05
5.22346e-05
4.99873e-05
4.77924e-05
4.56494e-05
4.35578e-05
4.15172e-05
3.95273e-05
3.75877e-05
3.56981e-05
3.38584e-05
3.20683e-05
3.03275e-05
2.86361e-05
2.69938e-05
2.54004e-05
2.3856e-05
2.23604e-05
2.09136e-05
1.95154e-05
1.81658e-05
1.68648e-05
1.56123e-05
1.44083e-05
1.32528e-05
1.21458e-05
1.10872e-05
1.00769e-05
9.11495e-06
8.20125e-06
7.33589e-06
6.51887e-06
5.75013e-06
5.02959e-06
4.35728e-06
3.73329e-06
3.15761e-06
2.63015e-06
2.15091e-06
1.71998e-06
1.33733e-06
1.0028e-06
7.16341e-07
4.77789e-07
2.87044e-07
1.44557e-07
5.05306e-08
5.43842e-09
0.000345478
0.000332503
0.000319101
0.000305971
0.000293575
0.00028193
0.000270954
0.000260598
0.00025082
0.000241578
0.000232832
0.000224542
0.000216671
0.000209187
0.000202059
0.000195261
0.000188766
0.000182553
0.000176601
0.000170891
0.000165407
0.000160132
0.000155052
0.000150155
0.000145428
0.00014086
0.00013644
0.00013216
0.00012801
0.000123984
0.000120073
0.000116271
0.000112572
0.00010897
0.00010546
0.000102038
9.86997e-05
9.54408e-05
9.22581e-05
8.91484e-05
8.61089e-05
8.3137e-05
8.02306e-05
7.73875e-05
7.46058e-05
7.1884e-05
6.92206e-05
6.66143e-05
6.40639e-05
6.15687e-05
5.91277e-05
5.67394e-05
5.44033e-05
5.21192e-05
4.98866e-05
4.77049e-05
4.55736e-05
4.34922e-05
4.14608e-05
3.94791e-05
3.75468e-05
3.56638e-05
3.38298e-05
3.20447e-05
3.03083e-05
2.86207e-05
2.69816e-05
2.5391e-05
2.3849e-05
2.23554e-05
2.09102e-05
1.95134e-05
1.8165e-05
1.6865e-05
1.56132e-05
1.44097e-05
1.32547e-05
1.21481e-05
1.10898e-05
1.00797e-05
9.11772e-06
8.20402e-06
7.33866e-06
6.52161e-06
5.75277e-06
5.03213e-06
4.35973e-06
3.73561e-06
3.15976e-06
2.63214e-06
2.15276e-06
1.72165e-06
1.3388e-06
1.00406e-06
7.17361e-07
4.78517e-07
2.87486e-07
1.44801e-07
5.06404e-08
5.46207e-09
0.000340462
0.00033001
0.000316481
0.000303009
0.0002903
0.000278342
0.000267081
0.000256495
0.00024655
0.000237202
0.000228405
0.00022011
0.000212275
0.00020486
0.000197829
0.000191149
0.000184791
0.000178729
0.000172937
0.000167395
0.000162083
0.000156982
0.000152077
0.000147353
0.000142796
0.000138394
0.000134136
0.000130012
0.000126013
0.000122131
0.000118358
0.000114686
0.000111111
0.000107627
0.000104227
0.000100909
9.76676e-05
9.44994e-05
9.14013e-05
8.83702e-05
8.54037e-05
8.24993e-05
7.96552e-05
7.68694e-05
7.41405e-05
7.1467e-05
6.88478e-05
6.62818e-05
6.37679e-05
6.13055e-05
5.88937e-05
5.65328e-05
5.42221e-05
5.19608e-05
4.97485e-05
4.75851e-05
4.54702e-05
4.34041e-05
4.1386e-05
3.94159e-05
3.74937e-05
3.56194e-05
3.3793e-05
3.20146e-05
3.0284e-05
2.86013e-05
2.69664e-05
2.53795e-05
2.38405e-05
2.23495e-05
2.09064e-05
1.95114e-05
1.81644e-05
1.68655e-05
1.56146e-05
1.44119e-05
1.32574e-05
1.21512e-05
1.1093e-05
1.0083e-05
9.1211e-06
8.20737e-06
7.3419e-06
6.52469e-06
5.75571e-06
5.03494e-06
4.36238e-06
3.73802e-06
3.16188e-06
2.63404e-06
2.15454e-06
1.72332e-06
1.3402e-06
1.00523e-06
7.18335e-07
4.79161e-07
2.87872e-07
1.45031e-07
5.07207e-08
5.47963e-09
)
;

boundaryField
{
    inlet
    {
        type            calculated;
        value           nonuniform List<scalar> 
30
(
0.00437407
0.00437562
0.00439613
0.00443472
0.00448902
0.00455521
0.00462839
0.00470343
0.00477554
0.00484069
0.00489581
0.00493896
0.0049692
0.0049865
0.00499155
0.00498553
0.00496842
0.00493916
0.00489724
0.00484288
0.00477717
0.00470224
0.00462128
0.00453844
0.00445857
0.00438688
0.00432825
0.00428657
0.00426419
0.0042619
)
;
    }
    outlet
    {
        type            calculated;
        value           uniform 0;
    }
    top
    {
        type            calculated;
        value           nonuniform List<scalar> 
135
(
0.0042619
0.00425486
0.00424578
0.00423748
0.00422849
0.00420476
0.00416879
0.0041021
0.00400908
0.00389207
0.00375278
0.00359264
0.00341295
0.00321582
0.00300413
0.00277972
0.00254759
0.0023119
0.00207761
0.00184999
0.00163401
0.00143381
0.00125232
0.00109104
0.000950007
0.000828078
0.000725298
0.000638594
0.000566048
0.000505849
0.000456298
0.000415956
0.000383349
0.000357353
0.000341173
0.000340462
0.00033001
0.000316481
0.000303009
0.0002903
0.000278342
0.000267081
0.000256495
0.00024655
0.000237202
0.000228405
0.00022011
0.000212275
0.00020486
0.000197829
0.000191149
0.000184791
0.000178729
0.000172937
0.000167395
0.000162083
0.000156982
0.000152077
0.000147353
0.000142796
0.000138394
0.000134136
0.000130012
0.000126013
0.000122131
0.000118358
0.000114686
0.000111111
0.000107627
0.000104227
0.000100909
9.76676e-05
9.44994e-05
9.14013e-05
8.83702e-05
8.54037e-05
8.24993e-05
7.96552e-05
7.68694e-05
7.41405e-05
7.1467e-05
6.88478e-05
6.62818e-05
6.37679e-05
6.13055e-05
5.88937e-05
5.65328e-05
5.42221e-05
5.19608e-05
4.97485e-05
4.75851e-05
4.54702e-05
4.34041e-05
4.1386e-05
3.94159e-05
3.74937e-05
3.56194e-05
3.3793e-05
3.20146e-05
3.0284e-05
2.86013e-05
2.69664e-05
2.53795e-05
2.38405e-05
2.23495e-05
2.09064e-05
1.95114e-05
1.81644e-05
1.68655e-05
1.56146e-05
1.44119e-05
1.32574e-05
1.21512e-05
1.1093e-05
1.0083e-05
9.1211e-06
8.20737e-06
7.3419e-06
6.52469e-06
5.75571e-06
5.03494e-06
4.36238e-06
3.73802e-06
3.16188e-06
2.63404e-06
2.15454e-06
1.72332e-06
1.3402e-06
1.00523e-06
7.18335e-07
4.79161e-07
2.87872e-07
1.45031e-07
5.07207e-08
5.47963e-09
)
;
    }
    bottom
    {
        type            calculated;
        value           nonuniform List<scalar> 
135
(
0.00437407
0.0043677
0.00435962
0.00435247
0.00434449
0.00431618
0.0042834
0.00422073
0.00413181
0.00401825
0.00388123
0.00372122
0.00353864
0.00333527
0.00311382
0.00287676
0.00263004
0.00237893
0.00212955
0.00188805
0.00165993
0.00144961
0.00126011
0.00109286
0.000947704
0.00082325
0.000719284
0.000632359
0.00056017
0.000500615
0.000451683
0.000411703
0.000379115
0.000352803
0.000335966
0.0003323
0.000322296
0.000309419
0.000296619
0.00028454
0.000273155
0.000262411
0.000252286
0.000242752
0.00023377
0.000225299
0.000217296
0.000209722
0.000202542
0.000195722
0.000189234
0.000183049
0.000177143
0.000171493
0.00016608
0.000160885
0.000155891
0.000151083
0.000146448
0.000141971
0.000137643
0.000133452
0.000129389
0.000125446
0.000121614
0.000117886
0.000114257
0.00011072
0.00010727
0.000103902
0.000100612
9.73969e-05
9.42523e-05
9.11755e-05
8.81639e-05
8.5215e-05
8.23267e-05
7.94971e-05
7.67246e-05
7.40078e-05
7.13453e-05
6.8736e-05
6.61791e-05
6.36736e-05
6.12187e-05
5.88138e-05
5.64594e-05
5.41546e-05
5.18987e-05
4.96914e-05
4.75326e-05
4.5422e-05
4.33599e-05
4.13454e-05
3.93787e-05
3.74596e-05
3.55883e-05
3.37648e-05
3.19889e-05
3.02608e-05
2.85804e-05
2.69478e-05
2.53628e-05
2.38257e-05
2.23363e-05
2.08949e-05
1.95014e-05
1.81559e-05
1.68584e-05
1.56089e-05
1.44074e-05
1.32539e-05
1.21485e-05
1.10911e-05
1.00819e-05
9.12081e-06
8.20786e-06
7.34307e-06
6.5264e-06
5.75783e-06
5.03743e-06
4.36522e-06
3.74118e-06
3.16531e-06
2.63747e-06
2.15761e-06
1.72572e-06
1.3419e-06
1.00652e-06
7.19459e-07
4.80172e-07
2.88583e-07
1.45393e-07
5.08505e-08
5.49379e-09
)
;
    }
    obstacle
    {
        type            calculated;
        value           nonuniform List<scalar> 
120
(
0.0309337
0.0286681
0.0260954
0.0234796
0.0208709
0.018269
0.0157322
0.0133161
0.0110665
0.00901903
0.00719651
0.00560895
0.00425655
0.00313368
0.00223286
0.00154833
0.00107844
0.000826978
0.000802178
0.0010147
0.0014746
0.00218712
0.00314768
0.00433972
0.00573362
0.00728687
0.0089465
0.0106987
0.0124957
0.0141181
0.016058
0.0182571
0.020929
0.0240856
0.027785
0.0321967
0.0375272
0.0439809
0.0516924
0.0606509
0.0705624
0.0807695
0.0902866
0.097929
0.102204
0.102244
0.0980439
0.0904624
0.0809894
0.0708109
0.0609155
0.0519646
0.044256
0.0378022
0.0324691
0.0280517
0.024343
0.0211734
0.0184881
0.0162852
0.0318165
0.0295116
0.0268633
0.0241508
0.0214417
0.0187445
0.0161211
0.0136295
0.0113163
0.00921722
0.00735434
0.00573662
0.004363
0.00322661
0.00231892
0.00163333
0.00116759
0.000925193
0.000914157
0.00114488
0.00162702
0.00236498
0.00335271
0.00457145
0.00598863
0.00755845
0.00922495
0.0109728
0.0127527
0.0143555
0.0334656
0.0361866
0.039205
0.042447
0.0458762
0.0496205
0.05386
0.0587877
0.0645592
0.0712168
0.0785986
0.0862485
0.0934396
0.0992721
0.102595
0.102722
0.0996369
0.0939953
0.0869416
0.079382
0.0720494
0.0654093
0.0596347
0.0546941
0.0504424
0.0466945
0.0432759
0.0400598
0.0370634
0.0343586
)
;
    }
    frontAndBack
    {
        type            empty;
    }
}


// ************************************************************************* //
