/*--------------------------------*- C++ -*----------------------------------*\
  =========                 |
  \\      /  F ield         | OpenFOAM: The Open Source CFD Toolbox
   \\    /   O peration     | Website:  https://openfoam.org
    \\  /    A nd           | Version:  12
     \\/     M anipulation  |
\*---------------------------------------------------------------------------*/
FoamFile
{
    format      ascii;
    class       volScalarField;
    location    "60";
    object      p;
}
// * * * * * * * * * * * * * * * * * * * * * * * * * * * * * * * * * * * * * //

dimensions      [0 2 -2 0 0 0 0];

internalField   nonuniform List<scalar> 
6750
(
0.000179092
0.000155937
0.000122445
-4.6833e-05
-0.00107874
0.00178723
0.00175341
0.00162881
0.00136394
0.0010072
0.00366551
0.00360739
0.00347799
0.00328094
0.00313234
0.0056245
0.0055293
0.00540466
0.00526492
0.00519212
0.0075633
0.00742165
0.00728547
0.00717284
0.00713746
0.00940125
0.0092087
0.00904992
0.00894623
0.00892729
0.0110895
0.0108449
0.0106597
0.0105579
0.0105464
0.0125988
0.012303
0.0120916
0.0119897
0.0119825
0.0139109
0.0135667
0.0133313
0.0132293
0.0132248
0.0150157
0.0146274
0.0143714
0.0142701
0.0142675
0.0159106
0.0154837
0.0152112
0.0151113
0.01511
0.016599
0.0161403
0.0158559
0.015758
0.0157572
0.0170911
0.0166068
0.0163159
0.0162201
0.0162193
0.0174015
0.0168977
0.0166068
0.0165121
0.0165103
0.0175438
0.0170341
0.0167487
0.0166514
0.0166472
0.0175439
0.0170342
0.0167488
0.0166514
0.0166473
0.0174018
0.0168979
0.0166071
0.0165124
0.0165105
0.0170915
0.0166072
0.0163163
0.0162205
0.0162197
0.0165996
0.0161408
0.0158564
0.0157586
0.0157578
0.0159113
0.0154845
0.0152119
0.0151121
0.0151107
0.0150166
0.0146283
0.0143723
0.014271
0.0142685
0.0139119
0.0135677
0.0133323
0.0132304
0.0132259
0.0126
0.0123042
0.0120929
0.011991
0.0119837
0.0110909
0.0108463
0.0106611
0.0105593
0.0105479
0.0094028
0.00921026
0.00905149
0.00894781
0.00892889
0.00756501
0.00742336
0.0072872
0.00717458
0.00713923
0.00562637
0.00553116
0.00540654
0.00526682
0.00519405
0.00366752
0.0036094
0.00348002
0.00328299
0.00313443
0.00178936
0.00175554
0.00163096
0.00136612
0.00100944
0.000181318
0.000158164
0.000124673
-4.45872e-05
-0.00107638
-0.00726053
-0.00664344
-0.00514548
-0.00403938
-0.00323922
-0.00260552
-0.00210994
-0.00173137
-0.00144075
-0.00125995
-0.00116429
-0.0011074
-0.00111277
-0.00117885
-0.0013048
-0.00149247
-0.00174302
-0.00205346
-0.00242319
-0.00285096
-0.00328922
-0.0037458
-0.00420831
-0.00465891
-0.00508301
-0.00547029
-0.00581109
-0.00608411
-0.00628173
-0.00657736
-0.00331611
-0.00251601
-0.00170768
-0.00130219
-0.00106886
-0.000921323
-0.000855892
-0.00084867
-0.000878291
-0.00100359
-0.00114955
-0.00127558
-0.00140638
-0.00153432
-0.00165986
-0.00179082
-0.00193871
-0.00211446
-0.0023276
-0.00257658
-0.00289398
-0.00325134
-0.00364365
-0.00406342
-0.00449957
-0.00494206
-0.00538343
-0.00580401
-0.00615247
-0.00649134
-0.000794046
-0.000606214
-0.000281796
-0.000120998
-3.66893e-05
-1.68795e-05
-7.08797e-05
-0.000176079
-0.000324515
-0.000592648
-0.00086225
-0.00113302
-0.00141693
-0.00170057
-0.00197808
-0.00224883
-0.00251556
-0.00278333
-0.00305803
-0.00334441
-0.00364483
-0.00395963
-0.00429031
-0.00463413
-0.00498619
-0.00534198
-0.00570167
-0.00605462
-0.00631983
-0.00647229
0.000686927
0.000474569
0.000618074
0.000712246
0.000734928
0.000685067
0.000561449
0.000384975
0.000146091
-0.000220467
-0.000587002
-0.000981175
-0.00140184
-0.00183222
-0.002261
-0.00267968
-0.00308226
-0.00346568
-0.00382941
-0.00417462
-0.00450049
-0.00481035
-0.00510814
-0.00539592
-0.00567439
-0.00594444
-0.00621328
-0.00647839
-0.00663024
-0.0065284
0.00181331
0.00146303
0.00152853
0.00155509
0.00149812
0.00136519
0.00116169
0.000903765
0.000557607
9.70605e-05
-0.000370865
-0.000882387
-0.00142685
-0.00198511
-0.00254179
-0.00308301
-0.0035971
-0.00407562
-0.0045136
-0.00490931
-0.00526298
-0.00557772
-0.00585855
-0.00611071
-0.00633868
-0.00654733
-0.00674979
-0.00695085
-0.00701237
-0.00665443
0.00279614
0.00241775
0.00242202
0.00237068
0.00223039
0.0020137
0.00172976
0.00138656
0.000925666
0.000376534
-0.000196012
-0.000821188
-0.00148184
-0.0021571
-0.00282823
-0.00347741
-0.00408904
-0.00465108
-0.00515569
-0.00559934
-0.00598223
-0.00630776
-0.00658193
-0.00681196
-0.00700477
-0.00716803
-0.00731991
-0.00747144
-0.00745759
-0.00685543
0.00367074
0.00330936
0.00325854
0.00313221
0.00291474
0.00261956
0.00226069
0.00182928
0.00125747
0.000624776
-5.196e-05
-0.000786331
-0.0015572
-0.0023423
-0.00312007
-0.00386949
-0.00457188
-0.0052125
-0.00578139
-0.00627362
-0.00668893
-0.007031
-0.00730663
-0.00752437
-0.00769283
-0.00782176
-0.0079337
-0.0080445
-0.00796365
-0.00713424
0.00445807
0.00414261
0.00404399
0.0038476
0.00355834
0.00319035
0.00275526
0.00222933
0.00156073
0.000843117
6.43966e-05
-0.000774574
-0.00165044
-0.00253954
-0.0034178
-0.00426158
-0.00504973
-0.00576537
-0.00639686
-0.0069382
-0.00738865
-0.00775205
-0.00803574
-0.00824923
-0.00840232
-0.00850641
-0.00858794
-0.00866602
-0.00852532
-0.00749032
0.00518027
0.00493077
0.00479023
0.00452662
0.00416814
0.00372976
0.00321724
0.00259283
0.00183918
0.00103365
0.000155627
-0.000784003
-0.00176059
-0.0027489
-0.00372266
-0.00465602
-0.00552587
-0.00631358
-0.00700622
-0.00759693
-0.0080846
-0.00847311
-0.00877023
-0.00898614
-0.00913147
-0.00921903
-0.00927877
-0.00933157
-0.00913753
-0.00792122
0.00585431
0.00568346
0.00550507
0.0051751
0.00474771
0.00424032
0.0036507
0.00292751
0.00209626
0.00120009
0.000224746
-0.000812607
-0.00188661
-0.00297047
-0.00403595
-0.00505536
-0.00600391
-0.00686161
-0.00761447
-0.00825494
-0.00878161
-0.00919841
-0.0095134
-0.00973726
-0.00988125
-0.00995937
-0.0100048
-0.0100389
-0.00979706
-0.00842399
0.00649236
0.00640803
0.00619475
0.00579836
0.00530245
0.00472933
0.00405947
0.00323972
0.0023328
0.00134511
0.00027433
-0.000858582
-0.00202761
-0.00320441
-0.00435899
-0.00546206
-0.00648741
-0.00741389
-0.00822664
-0.00891757
-0.00948501
-0.00993292
-0.0102696
-0.0105061
-0.0106542
-0.0107289
-0.0107666
-0.0107875
-0.0105027
-0.00899623
0.00710463
0.00711171
0.00686632
0.00640428
0.00584215
0.00519982
0.00444206
0.00353736
0.00255071
0.00147153
0.000306805
-0.00092033
-0.00218292
-0.00345106
-0.00469319
-0.00587857
-0.00697978
-0.00797466
-0.00884761
-0.00959007
-0.0102002
-0.0106819
-0.0110437
-0.011297
-0.0114539
-0.0115305
-0.0115659
-0.0115786
-0.0112549
-0.00963657
0.00770066
0.00780128
0.0075262
0.0069985
0.00637045
0.00565612
0.00480607
0.00382469
0.00275397
0.00158274
0.00032451
-0.000996452
-0.00235207
-0.00371095
-0.00504008
-0.00630745
-0.0074845
-0.00854819
-0.00948229
-0.0102778
-0.0109327
-0.0114509
-0.0118412
-0.0121151
-0.012285
-0.0123682
-0.0124064
-0.0124149
-0.0120561
-0.0103452
0.0082888
0.00848365
0.00818102
0.00758751
0.00689415
0.00610348
0.0051603
0.00410455
0.00294609
0.00168184
0.00032954
-0.00108577
-0.00253485
-0.00398486
-0.00540147
-0.00675145
-0.00800524
-0.00913899
-0.0101358
-0.0109865
-0.0116886
-0.0122462
-0.0126682
-0.0129663
-0.0131533
-0.0132474
-0.013293
-0.0133011
-0.0129105
-0.0111239
0.00887575
0.00916962
0.00884204
0.00818329
0.00741762
0.00654258
0.00551516
0.00438016
0.00313056
0.00177175
0.000323863
-0.00118732
-0.0027313
-0.00427388
-0.00577946
-0.00721369
-0.00854606
-0.00975193
-0.0108139
-0.0117223
-0.0124746
-0.0130748
-0.013532
-0.013858
-0.0140658
-0.0141751
-0.0142322
-0.0142434
-0.0138241
-0.0119768
0.00946904
0.0098698
0.00951952
0.00879297
0.00795004
0.00698329
0.00587677
0.0046554
0.00331121
0.00185541
0.000309329
-0.00130033
-0.00294176
-0.00457946
-0.00617661
-0.00769779
-0.00911156
-0.0103925
-0.0115228
-0.0124922
-0.0132982
-0.0139447
-0.0144409
-0.0147986
-0.0150313
-0.0151598
-0.0152326
-0.0152502
-0.0148052
-0.01291
0.0100785
0.0105978
0.0102254
0.00942759
0.00849919
0.00743631
0.00624944
0.00493527
0.00349241
0.00193583
0.000287662
-0.00142432
-0.00316701
-0.00490362
-0.00659613
-0.00820809
-0.00970714
-0.0110672
-0.0122698
-0.0133044
-0.0141682
-0.0148652
-0.0154045
-0.0157983
-0.0160601
-0.0162122
-0.016305
-0.0163322
-0.0158647
-0.0139325
0.0107266
0.011363
0.0109733
0.0100951
0.00906781
0.00791404
0.00663891
0.00522535
0.00367865
0.00201602
0.000260414
-0.0015592
-0.00340837
-0.00524906
-0.00704207
-0.00874991
-0.0103393
-0.0117835
-0.0130635
-0.0141683
-0.015095
-0.0158474
-0.0164348
-0.0168693
-0.0171649
-0.0173453
-0.0174625
-0.0175029
-0.017016
-0.0150565
0.0114315
0.012178
0.0117736
0.0108065
0.00966949
0.00842652
0.00705284
0.00553233
0.00387489
0.00209907
0.000228893
-0.00170537
-0.00366795
-0.0056195
-0.00751968
-0.00932994
-0.0110162
-0.0125508
-0.0139144
-0.0150955
-0.016091
-0.0169047
-0.0175458
-0.0180266
-0.0183612
-0.0185751
-0.0187217
-0.0187794
-0.0182767
-0.016298
0.0122103
0.0130698
0.0126436
0.0115711
0.0103265
0.00898507
0.00750119
0.00586405
0.00408646
0.00218804
0.000193986
-0.00186406
-0.00394896
-0.00602007
-0.00803588
-0.0099568
-0.0117479
-0.0133808
-0.0148354
-0.0161002
-0.0171717
-0.0180536
-0.018755
-0.0192885
-0.0196684
-0.0199219
-0.0201036
-0.0201832
-0.0196688
-0.0176783
0.0130951
0.0140534
0.013599
0.0124158
0.0110601
0.00960221
0.00799465
0.00622891
0.00431901
0.0022858
0.000155878
-0.00203766
-0.00425624
-0.00645791
-0.00859998
-0.0106418
-0.0125475
-0.0142882
-0.0158432
-0.0172005
-0.0183565
-0.0193148
-0.0200845
-0.0206782
-0.0211108
-0.0214111
-0.0216346
-0.0217417
-0.0212205
-0.019225
0.014121
0.0151671
0.0146688
0.013369
0.0118869
0.0102944
0.00854701
0.00663684
0.00457869
0.00239488
0.000113648
-0.00223035
-0.00459706
-0.00694315
-0.00922472
-0.0114001
-0.0134326
-0.0152927
-0.0169592
-0.0184197
-0.0196704
-0.020715
-0.0215626
-0.0222257
-0.0227197
-0.0230752
-0.0233488
-0.0234905
-0.0229688
-0.020975
0.0153364
0.0164515
0.0158964
0.0144679
0.0128332
0.0110835
0.00917527
0.00709953
0.00487207
0.00251705
6.45253e-05
-0.00244915
-0.00498235
-0.00749031
-0.00992794
-0.0122526
-0.0144268
-0.0164204
-0.0182119
-0.0197886
-0.0211466
-0.0222894
-0.0232263
-0.0239698
-0.024536
-0.0249572
-0.0252907
-0.0254762
-0.0249621
-0.0229776
0.0168101
0.0179681
0.0173397
0.015753
0.0139344
0.0119981
0.00990037
0.00763058
0.00520585
0.00265248
2.59296e-06
-0.0027056
-0.00542877
-0.00812074
-0.0107352
-0.0132286
-0.015563
-0.0177076
-0.0196407
-0.0213494
-0.0228298
-0.0240855
-0.0251258
-0.0259633
-0.0266148
-0.0271146
-0.0275203
-0.0277612
-0.0272661
-0.0253009
0.0186576
0.0198122
0.0190697
0.0172814
0.0152382
0.0130755
0.0107487
0.008246
0.00558628
0.00279832
-8.34248e-05
-0.00301866
-0.00596224
-0.00886655
-0.0116842
-0.014371
-0.0168885
-0.0192059
-0.0213011
-0.0231616
-0.0247833
-0.0261699
-0.027331
-0.0282795
-0.0290326
-0.0296268
-0.0301203
-0.0304319
-0.0299718
-0.0280412
0.0209979
0.0221059
0.0211889
0.0191385
0.0168126
0.0143667
0.011755
0.00896528
0.00601846
0.00294629
-0.000214011
-0.00341978
-0.00662399
-0.00977764
-0.0128326
-0.0157442
-0.0184741
-0.0209916
-0.0232752
-0.0253122
-0.027099
-0.0286395
-0.0299435
-0.0310239
-0.0318992
-0.0326075
-0.0332077
-0.0336097
-0.0332082
-0.0313372
0.0240968
0.025043
0.0238516
0.0214515
0.0187584
0.0159455
0.0129672
0.00981173
0.006503
0.00307648
-0.000427335
-0.00396314
-0.00748206
-0.0109341
-0.0142709
-0.0174484
-0.0204288
-0.0231825
-0.0256887
-0.0279355
-0.0299195
-0.0316449
-0.0331216
-0.0343629
-0.0353876
-0.0362357
-0.0369663
-0.0374838
-0.037177
-0.0354102
0.0283312
0.0289072
0.0272686
0.0243843
0.0212007
0.0178995
0.0144368
0.0108032
0.00702695
0.00314813
-0.00078873
-0.00473536
-0.00864125
-0.0124561
-0.0161324
-0.0196278
-0.0229069
-0.025942
-0.0287139
-0.0312123
-0.0334353
-0.0353868
-0.0370766
-0.0385182
-0.0397309
-0.0407552
-0.041649
-0.042318
-0.0421681
-0.0405947
0.034566
0.0344018
0.0320299
0.0284585
0.024583
0.020574
0.0163999
0.0120649
0.00760852
0.00308031
-0.00146824
-0.00598465
-0.0104171
-0.0147166
-0.0188388
-0.0227457
-0.0264065
-0.0297976
-0.0329018
-0.0357094
-0.0382348
-0.0404698
-0.0424226
-0.044107
-0.0455419
-0.0467643
-0.0478279
-0.0486541
-0.0487277
-0.0475168
0.0453971
0.0435672
0.0396652
0.0348868
0.0298699
0.0247091
0.0194002
0.0139772
0.00849641
0.00301653
-0.00240662
-0.00772137
-0.0128812
-0.0178459
-0.022582
-0.0270627
-0.0312674
-0.0351821
-0.0387995
-0.0421157
-0.0451094
-0.0477998
-0.0501939
-0.0522972
-0.0541206
-0.0556888
-0.0570458
-0.0581786
-0.0587837
-0.0582816
-0.00358245
-0.00259498
-0.000791848
0.000642781
0.00184853
0.00297265
0.00404834
0.00508385
0.00608862
0.00707188
0.0080417
0.00900599
0.009973
0.010951
0.0119491
0.0129779
0.0140511
0.0151855
0.0163994
0.0177136
0.0191594
0.0207728
0.0226023
0.0247142
0.0271961
0.0301858
0.0338663
0.0384485
0.0441598
0.051527
0.000856298
0.00187668
0.00304419
0.00401731
0.00488595
0.00571331
0.00651134
0.00728454
0.00804042
0.00878725
0.00953303
0.0102858
0.0110538
0.0118458
0.0126716
0.0135428
0.0144734
0.0154804
0.0165833
0.017807
0.0191847
0.0207583
0.0225847
0.0247418
0.0273386
0.0305383
0.0345724
0.0397601
0.046585
0.055631
0.00324575
0.00415151
0.00502807
0.00580995
0.0065679
0.00731915
0.00806055
0.00879308
0.00952169
0.0102522
0.0109908
0.011744
0.0125191
0.0133244
0.0141693
0.0150655
0.016027
0.017071
0.0182186
0.0194967
0.0209408
0.0225973
0.0245289
0.0268226
0.0296015
0.0330439
0.037413
0.0430833
0.0506989
0.0609407
0.00532824
0.00611975
0.00687621
0.00757446
0.00826495
0.00895795
0.00965247
0.0103513
0.0110594
0.0117823
0.0125256
0.0132957
0.0140995
0.0149452
0.0158423
0.0168026
0.0178404
0.0189734
0.0202238
0.0216201
0.0231997
0.0250119
0.0271237
0.0296275
0.0326536
0.0363898
0.0411133
0.0472147
0.0554264
0.0664724
0.00726903
0.00796298
0.00862536
0.00924853
0.00987525
0.0105158
0.0111708
0.011843
0.0125366
0.0132564
0.0140075
0.0147959
0.0156285
0.0165134
0.0174605
0.0184818
0.0195923
0.0208104
0.0221596
0.0236699
0.0253809
0.0273444
0.029631
0.0323373
0.0355993
0.0396117
0.0446614
0.0511491
0.0598891
0.0716605
0.00903895
0.00964627
0.0102285
0.0107884
0.0113644
0.0119656
0.0125924
0.013247
0.0139331
0.0146548
0.0154169
0.0162252
0.0170864
0.0180086
0.019002
0.0200789
0.0212545
0.0225483
0.0239845
0.0255948
0.0274202
0.029515
0.0319525
0.0348332
0.0382974
0.0425464
0.047876
0.0546997
0.0639111
0.0763703
0.0106353
0.0111652
0.0116794
0.0121875
0.0127236
0.0132949
0.0139015
0.014545
0.0152286
0.0159561
0.0167319
0.0175615
0.0184515
0.0194101
0.0204474
0.021576
0.0228116
0.0241741
0.0256886
0.0273879
0.0293142
0.0315239
0.0340923
0.0371229
0.0407599
0.0452098
0.0507771
0.0578882
0.0675016
0.080572
0.0120537
0.0125141
0.01297
0.0134357
0.0139402
0.0144887
0.0150808
0.0157179
0.0164025
0.0171381
0.0179288
0.0187797
0.0196975
0.0206901
0.0217679
0.0229437
0.0242333
0.0256573
0.0272414
0.029019
0.0310339
0.0333434
0.0360249
0.0391841
0.0429684
0.0475884
0.0533564
0.0607102
0.0706528
0.084241
0.0132862
0.0136843
0.0140907
0.0145221
0.0150019
0.0155333
0.0161154
0.0167493
0.0174371
0.0181817
0.018987
0.019858
0.020801
0.0218243
0.0229381
0.0241552
0.025492
0.0269693
0.0286133
0.0304583
0.0325486
0.0349429
0.0377199
0.0409871
0.0448944
0.049656
0.0555904
0.0631455
0.0733481
0.0873634
0.0143261
0.0146697
0.0150351
0.0154393
0.0159002
0.016419
0.0169945
0.0176273
0.0183192
0.0190727
0.0198915
0.0207803
0.0217454
0.0227951
0.0239395
0.0251917
0.0265683
0.0280902
0.0297842
0.031685
0.0338377
0.0363018
0.0391571
0.0425124
0.0465198
0.0513962
0.0574651
0.0651829
0.075583
0.0899442
0.0151711
0.0154685
0.0158011
0.0161846
0.0166313
0.017141
0.0177122
0.0183452
0.0190413
0.0198029
0.0206332
0.0215371
0.0225207
0.0235921
0.0247616
0.0260424
0.0274511
0.029009
0.0307431
0.0326886
0.0348911
0.0374106
0.0403278
0.0437528
0.0478389
0.0528052
0.0589794
0.0668246
0.0773675
0.092004
0.0158238
0.0160841
0.0163917
0.0167599
0.0171964
0.0176998
0.0182684
0.0189021
0.019602
0.0203702
0.02121
0.0221258
0.0231239
0.0242122
0.0254012
0.0267041
0.0281376
0.0297231
0.031488
0.0334676
0.0357078
0.0382694
0.0412336
0.0447111
0.0488565
0.0538902
0.0601433
0.0680844
0.0787235
0.093575
0.0162919
0.0165246
0.0168144
0.0171722
0.0176018
0.018101
0.018668
0.0193026
0.0200056
0.0207789
0.0216255
0.0225501
0.0235587
0.0246594
0.0258625
0.0271812
0.0286324
0.0302377
0.0320245
0.0340284
0.0362956
0.038887
0.0418844
0.045399
0.0495862
0.0546674
0.0609758
0.0689846
0.0796812
0.0946964
0.0165875
0.0168023
0.017081
0.0174324
0.0178579
0.0183546
0.0189208
0.0195561
0.0202612
0.0210378
0.0218891
0.0228193
0.0238347
0.0249433
0.0261553
0.0274842
0.0289468
0.0305646
0.0323653
0.0343846
0.0366688
0.0392791
0.0422974
0.0458355
0.050049
0.0551598
0.061503
0.0695543
0.0802776
0.0954118
0.0167265
0.0169325
0.017206
0.0175544
0.017978
0.0184737
0.0190396
0.0196753
0.0203815
0.0211598
0.0220132
0.0229463
0.023965
0.0250773
0.0262937
0.0276274
0.0290954
0.0307193
0.0325267
0.0345533
0.0368457
0.039465
0.0424934
0.0460425
0.0502686
0.0553935
0.0617533
0.0698246
0.0805542
0.0957579
0.0167265
0.0169326
0.017206
0.0175545
0.0179781
0.0184737
0.0190397
0.0196754
0.0203816
0.0211598
0.0220133
0.0229463
0.023965
0.0250774
0.0262938
0.0276275
0.0290955
0.0307193
0.0325268
0.0345534
0.0368457
0.0394651
0.0424934
0.0460426
0.0502687
0.0553936
0.0617534
0.0698247
0.0805542
0.095758
0.0165878
0.0168025
0.0170812
0.0174327
0.0178581
0.0183548
0.0189211
0.0195563
0.0202614
0.021038
0.0218893
0.0228195
0.0238349
0.0249435
0.0261555
0.0274844
0.0289469
0.0305648
0.0323655
0.0343848
0.036669
0.0392793
0.0422976
0.0458356
0.0500492
0.05516
0.0615032
0.0695545
0.0802778
0.095412
0.0162923
0.016525
0.0168148
0.0171726
0.0176022
0.0181014
0.0186684
0.019303
0.0200059
0.0207792
0.0216259
0.0225504
0.023559
0.0246597
0.0258628
0.0271815
0.0286327
0.030238
0.0320248
0.0340287
0.0362959
0.0388873
0.0418847
0.0453993
0.0495865
0.0546677
0.0609761
0.0689849
0.0796816
0.0946969
0.0158244
0.0160847
0.0163922
0.0167605
0.017197
0.0177003
0.0182689
0.0189026
0.0196025
0.0203707
0.0212104
0.0221262
0.0231243
0.0242126
0.0254017
0.0267045
0.028138
0.0297235
0.0314884
0.033468
0.0357082
0.0382698
0.041234
0.0447115
0.0488569
0.0538907
0.0601437
0.0680849
0.0787241
0.0935757
0.0151719
0.0154693
0.0158018
0.0161853
0.0166319
0.0171416
0.0177128
0.0183458
0.0190419
0.0198035
0.0206338
0.0215377
0.0225212
0.0235926
0.0247621
0.0260429
0.0274516
0.0290095
0.0307437
0.0326892
0.0348916
0.0374111
0.0403284
0.0437533
0.0478395
0.0528058
0.05898
0.0668253
0.0773683
0.0920049
0.0143271
0.0146706
0.015036
0.0154402
0.015901
0.0164197
0.0169953
0.0176281
0.0183199
0.0190734
0.0198922
0.020781
0.0217461
0.0227958
0.0239402
0.0251924
0.026569
0.0280908
0.0297849
0.0316857
0.0338384
0.0363024
0.0391577
0.0425131
0.0465205
0.0513969
0.0574659
0.0651837
0.0755839
0.0899453
0.0132873
0.0136854
0.0140917
0.0145231
0.0150028
0.0155342
0.0161164
0.0167502
0.017438
0.0181826
0.0189879
0.0198588
0.0208019
0.0218251
0.0229389
0.024156
0.0254928
0.02697
0.0286141
0.0304591
0.0325494
0.0349437
0.0377207
0.0409879
0.0448952
0.0496569
0.0555914
0.0631465
0.0733493
0.0873648
0.012055
0.0125153
0.0129712
0.0134368
0.0139413
0.0144898
0.0150818
0.0157189
0.0164035
0.0171391
0.0179297
0.0187807
0.0196984
0.0206911
0.0217689
0.0229446
0.0242342
0.0256582
0.0272423
0.02902
0.0310348
0.0333443
0.0360259
0.039185
0.0429694
0.0475895
0.0533575
0.0607114
0.0706541
0.0842426
0.0106367
0.0111666
0.0116807
0.0121888
0.0127249
0.0132961
0.0139026
0.0145461
0.0152297
0.0159572
0.016733
0.0175626
0.0184526
0.0194112
0.0204485
0.0215771
0.0228127
0.0241751
0.0256897
0.0273889
0.0293153
0.031525
0.0340934
0.037124
0.0407611
0.045211
0.0507784
0.0578896
0.0675031
0.0805738
0.00904054
0.00964779
0.01023
0.0107898
0.0113658
0.011967
0.0125937
0.0132483
0.0139343
0.014656
0.0154181
0.0162264
0.0170875
0.0180098
0.0190032
0.02008
0.0212557
0.0225494
0.0239857
0.025596
0.0274214
0.0295162
0.0319538
0.0348344
0.0382987
0.0425477
0.0478775
0.0547012
0.0639128
0.0763723
0.00727078
0.00796466
0.00862698
0.0092501
0.00987677
0.0105173
0.0111722
0.0118444
0.012538
0.0132578
0.0140089
0.0147972
0.0156298
0.0165147
0.0174617
0.0184831
0.0195936
0.0208117
0.0221609
0.0236712
0.0253822
0.0273458
0.0296323
0.0323387
0.0356007
0.0396132
0.044663
0.0511508
0.0598909
0.0716627
0.00533015
0.00612158
0.00687797
0.00757616
0.0082666
0.00895955
0.00965403
0.0103528
0.0110609
0.0117837
0.0125271
0.0132971
0.0141009
0.0149466
0.0158437
0.016804
0.0178418
0.0189748
0.0202252
0.0216216
0.0232012
0.0250134
0.0271252
0.029629
0.0326552
0.0363914
0.0411151
0.0472165
0.0554284
0.0664747
0.00324782
0.0041535
0.00502997
0.00581179
0.00656968
0.00732087
0.00806223
0.00879472
0.00952329
0.0102538
0.0109923
0.0117455
0.0125206
0.0133259
0.0141708
0.015067
0.0160285
0.0170725
0.0182201
0.0194983
0.0209424
0.0225989
0.0245305
0.0268243
0.0296032
0.0330457
0.0374149
0.0430853
0.0507011
0.0609433
0.000858559
0.00187883
0.00304623
0.00401928
0.00488785
0.00571515
0.00651314
0.0072863
0.00804215
0.00878894
0.00953471
0.0102874
0.0110554
0.0118475
0.0126733
0.0135444
0.014475
0.015482
0.016585
0.0178087
0.0191864
0.02076
0.0225864
0.0247436
0.0273404
0.0305402
0.0345744
0.0397622
0.0465872
0.0556336
-0.00357984
-0.00259246
-0.000789481
0.000645047
0.00185072
0.00297478
0.00405041
0.00508587
0.0060906
0.00707381
0.00804359
0.00900785
0.00997482
0.0109528
0.0119508
0.0129797
0.0140528
0.0151873
0.0164012
0.0177153
0.0191612
0.0207746
0.0226041
0.0247159
0.027198
0.0301877
0.0338682
0.0384507
0.0441621
0.0515297
0.0454002
0.0435704
0.0396687
0.0348906
0.0298741
0.0247136
0.0194051
0.0139825
0.00850195
0.00302232
-0.00240062
-0.00771521
-0.012875
-0.0178397
-0.0225758
-0.0270565
-0.0312615
-0.0351764
-0.0387941
-0.0421106
-0.0451047
-0.0477955
-0.0501899
-0.0522937
-0.0541174
-0.055686
-0.0570434
-0.0581765
-0.0587816
-0.0582795
0.0345686
0.0344046
0.0320328
0.0284617
0.0245864
0.0205777
0.0164038
0.012069
0.00761287
0.00308486
-0.00146352
-0.0059798
-0.0104122
-0.0147116
-0.0188338
-0.0227408
-0.0264017
-0.029793
-0.0328974
-0.0357052
-0.0382308
-0.0404661
-0.0424192
-0.0441039
-0.045539
-0.0467617
-0.0478255
-0.048652
-0.0487256
-0.0475143
0.0283336
0.0289097
0.0272711
0.024387
0.0212035
0.0179025
0.01444
0.0108065
0.00703044
0.00315175
-0.000784981
-0.00473152
-0.00863735
-0.0124522
-0.0161285
-0.019624
-0.0229031
-0.0259383
-0.0287104
-0.0312089
-0.0334321
-0.0353837
-0.0370737
-0.0385155
-0.0397284
-0.0407528
-0.0416468
-0.042316
-0.0421658
-0.0405921
0.0240991
0.0250452
0.0238538
0.0214538
0.0187608
0.015948
0.0129699
0.00981449
0.00650588
0.00307946
-0.000424269
-0.00396001
-0.00747889
-0.0109309
-0.0142677
-0.0174453
-0.0204258
-0.0231796
-0.0256858
-0.0279327
-0.0299168
-0.0316424
-0.0331192
-0.0343606
-0.0353853
-0.0362336
-0.0369643
-0.0374819
-0.0371749
-0.0354076
0.021
0.0221079
0.0211909
0.0191405
0.0168147
0.0143689
0.0117573
0.00896763
0.00602088
0.00294878
-0.000211461
-0.00341719
-0.00662137
-0.00977502
-0.01283
-0.0157416
-0.0184716
-0.0209892
-0.0232728
-0.0253099
-0.0270968
-0.0286374
-0.0299414
-0.0310219
-0.0318972
-0.0326056
-0.0332058
-0.0336078
-0.0332061
-0.0313347
0.0186596
0.0198141
0.0190716
0.0172833
0.0152401
0.0130775
0.0107507
0.00824804
0.00558836
0.00280045
-8.12643e-05
-0.00301647
-0.00596005
-0.00886437
-0.0116821
-0.0143689
-0.0168864
-0.0192038
-0.0212991
-0.0231597
-0.0247814
-0.0261681
-0.0273292
-0.0282777
-0.0290308
-0.029625
-0.0301184
-0.0304301
-0.0299697
-0.0280387
0.016812
0.01797
0.0173414
0.0157548
0.0139361
0.0119999
0.00990216
0.00763239
0.00520768
0.00265434
4.45965e-06
-0.00270373
-0.00542691
-0.00811888
-0.0107334
-0.0132269
-0.0155612
-0.0177059
-0.019639
-0.0213478
-0.0228282
-0.0240839
-0.0251242
-0.0259617
-0.0266132
-0.0271129
-0.0275185
-0.0277594
-0.027264
-0.0252986
0.0153383
0.0164533
0.0158982
0.0144696
0.0128349
0.0110851
0.00917693
0.00710119
0.00487373
0.00251871
6.6174e-05
-0.00244752
-0.00498072
-0.00748872
-0.00992637
-0.0122511
-0.0144253
-0.016419
-0.0182104
-0.0197872
-0.0211451
-0.0222879
-0.0232248
-0.0239683
-0.0245345
-0.0249556
-0.0252889
-0.0254744
-0.0249601
-0.0229754
0.0141229
0.0151689
0.0146705
0.0133707
0.0118886
0.010296
0.00854859
0.00663839
0.00458022
0.00239639
0.00011514
-0.00222888
-0.00459562
-0.00694174
-0.00922334
-0.0113988
-0.0134313
-0.0152914
-0.0169579
-0.0184184
-0.0196691
-0.0207137
-0.0215612
-0.0222243
-0.0227182
-0.0230737
-0.0233471
-0.0234887
-0.0229668
-0.0209729
0.0130969
0.0140552
0.0136007
0.0124175
0.0110617
0.00960379
0.00799618
0.0062304
0.00432047
0.00228722
0.000157263
-0.00203631
-0.00425492
-0.00645664
-0.00859874
-0.0106406
-0.0125464
-0.0142871
-0.0158421
-0.0171994
-0.0183553
-0.0193135
-0.0200832
-0.0206769
-0.0211094
-0.0214095
-0.021633
-0.0217399
-0.0212186
-0.019223
0.0122121
0.0130716
0.0126454
0.0115728
0.0103281
0.00898665
0.00750271
0.00586552
0.00408787
0.0021894
0.000195307
-0.00186279
-0.00394772
-0.00601888
-0.00803473
-0.00995569
-0.0117468
-0.0133797
-0.0148344
-0.0160991
-0.0171706
-0.0180524
-0.0187538
-0.0192871
-0.019667
-0.0199204
-0.020102
-0.0201814
-0.0196669
-0.0176764
0.0114333
0.0121798
0.0117754
0.0108082
0.00967114
0.00842812
0.00705437
0.0055338
0.00387629
0.00210041
0.000230185
-0.00170414
-0.00366676
-0.00561836
-0.00751858
-0.00932888
-0.0110151
-0.0125498
-0.0139133
-0.0150944
-0.0160899
-0.0169035
-0.0175445
-0.0180252
-0.0183598
-0.0185736
-0.0187201
-0.0187776
-0.0182748
-0.0162962
0.0107284
0.0113648
0.0109751
0.0100969
0.0090695
0.00791567
0.00664047
0.00522684
0.00368007
0.00201737
0.000261707
-0.00155796
-0.0034072
-0.00524793
-0.00704099
-0.00874887
-0.0103383
-0.0117825
-0.0130624
-0.0141672
-0.0150939
-0.0158463
-0.0164335
-0.016868
-0.0171634
-0.0173437
-0.0174608
-0.0175011
-0.0170141
-0.0150547
0.0100803
0.0105996
0.0102272
0.00942939
0.00850092
0.00743797
0.00625104
0.0049368
0.00349386
0.00193721
0.000288981
-0.00142307
-0.00316582
-0.00490248
-0.00659504
-0.00820704
-0.00970611
-0.0110662
-0.0122687
-0.0133033
-0.0141671
-0.014864
-0.0154033
-0.015797
-0.0160586
-0.0162106
-0.0163032
-0.0163304
-0.0158627
-0.0139308
0.00947082
0.00987166
0.00952139
0.0087948
0.00795183
0.00698499
0.00587842
0.00465698
0.00331272
0.00185685
0.000310693
-0.00129903
-0.00294053
-0.00457828
-0.00617548
-0.0076967
-0.00911049
-0.0103915
-0.0115217
-0.0124911
-0.013297
-0.0139435
-0.0144395
-0.0147972
-0.0150298
-0.0151582
-0.0152309
-0.0152483
-0.0148033
-0.0129083
0.00887755
0.0091715
0.00884394
0.00818516
0.00741945
0.00654433
0.00551685
0.0043818
0.00313212
0.00177324
0.000325286
-0.00118596
-0.00273
-0.00427264
-0.00577827
-0.00721253
-0.00854492
-0.0097508
-0.0108128
-0.0117211
-0.0124733
-0.0130735
-0.0135306
-0.0138565
-0.0140642
-0.0141734
-0.0142304
-0.0142415
-0.0138221
-0.0119751
0.00829061
0.00848555
0.00818294
0.00758941
0.00689602
0.00610529
0.00516204
0.00410625
0.00294772
0.0016834
0.000331032
-0.00108435
-0.00253348
-0.00398355
-0.0054002
-0.00675021
-0.00800402
-0.00913777
-0.0101346
-0.0109852
-0.0116873
-0.0122448
-0.0126667
-0.0129648
-0.0131516
-0.0132457
-0.0132911
-0.0132991
-0.0129084
-0.0111222
0.0077025
0.00780321
0.00752815
0.00700044
0.00637235
0.00565798
0.00480786
0.00382645
0.00275567
0.00158437
0.000326077
-0.000994945
-0.00235062
-0.00370955
-0.00503872
-0.00630611
-0.00748318
-0.00854687
-0.00948095
-0.0102764
-0.0109313
-0.0114494
-0.0118396
-0.0121134
-0.0122832
-0.0123664
-0.0124045
-0.0124129
-0.012054
-0.0103434
0.00710649
0.00711366
0.0068683
0.00640626
0.0058441
0.00520174
0.00444391
0.00353917
0.00255248
0.00147323
0.000308453
-0.000918738
-0.00218138
-0.00344956
-0.00469172
-0.00587713
-0.00697835
-0.00797323
-0.00884616
-0.00958858
-0.0101986
-0.0106803
-0.011042
-0.0112953
-0.011452
-0.0115286
-0.0115639
-0.0115764
-0.0112528
-0.0096348
0.00649426
0.00641001
0.00619676
0.00580037
0.00530444
0.0047313
0.00406138
0.00324157
0.00233464
0.0013469
0.000276059
-0.000856902
-0.00202598
-0.00320281
-0.00435742
-0.00546051
-0.00648586
-0.00741234
-0.00822507
-0.00891596
-0.00948336
-0.0099312
-0.0102678
-0.0105043
-0.0106523
-0.0107269
-0.0107645
-0.0107853
-0.0105005
-0.00899438
0.00585622
0.00568547
0.00550711
0.00517715
0.00474975
0.00424234
0.00365268
0.00292941
0.00209817
0.00120195
0.000226559
-0.000810835
-0.00188487
-0.00296876
-0.00403426
-0.00505369
-0.00600224
-0.00685993
-0.00761277
-0.0082532
-0.00877983
-0.00919656
-0.00951149
-0.00973529
-0.00987921
-0.00995726
-0.0100027
-0.0100366
-0.00979486
-0.00842207
0.00518222
0.00493281
0.0047923
0.0045287
0.00417022
0.00373183
0.00321929
0.00259479
0.00184113
0.00103558
0.000157522
-0.00078214
-0.00175875
-0.00274708
-0.00372085
-0.00465422
-0.00552406
-0.00631176
-0.00700438
-0.00759506
-0.00808268
-0.00847114
-0.0087682
-0.00898405
-0.00912933
-0.00921684
-0.00927654
-0.0093293
-0.00913528
-0.00791922
0.00446005
0.00414469
0.00404609
0.00384971
0.00356045
0.00319245
0.00275736
0.00223137
0.00156273
0.000845119
6.63738e-05
-0.000772619
-0.0016485
-0.00253761
-0.00341588
-0.00425965
-0.00504779
-0.00576342
-0.00639488
-0.00693619
-0.00738661
-0.00774996
-0.0080336
-0.00824704
-0.00840008
-0.00850414
-0.00858565
-0.0086637
-0.00852303
-0.00748825
0.00367276
0.00331147
0.00326067
0.00313435
0.00291687
0.0026217
0.00226283
0.0018314
0.00125952
0.00062685
-4.98998e-05
-0.000784284
-0.00155515
-0.00234026
-0.00311802
-0.00386743
-0.00456981
-0.00521041
-0.00577927
-0.00627147
-0.00668675
-0.00702879
-0.00730437
-0.00752208
-0.0076905
-0.00781941
-0.00793134
-0.00804213
-0.00796131
-0.00713209
0.0027982
0.0024199
0.00242419
0.00237284
0.00223256
0.00201586
0.00173192
0.00138874
0.000927765
0.000378668
-0.000193873
-0.000819049
-0.0014797
-0.00215494
-0.00282606
-0.00347522
-0.00408683
-0.00464885
-0.00515344
-0.00559706
-0.00597992
-0.00630542
-0.00657957
-0.00680957
-0.00700236
-0.00716561
-0.00731748
-0.00746902
-0.0074552
-0.0068532
0.00181543
0.00146523
0.00153073
0.00155728
0.00150031
0.00136738
0.00116389
0.000905987
0.000559769
9.92427e-05
-0.000368651
-0.00088016
-0.00142461
-0.00198285
-0.0025395
-0.00308069
-0.00359476
-0.00407326
-0.00451121
-0.0049069
-0.00526055
-0.00557527
-0.00585608
-0.00610823
-0.00633619
-0.00654484
-0.00674731
-0.00694838
-0.00700995
-0.00665213
0.000689124
0.000476817
0.000620308
0.000714464
0.000737138
0.000687275
0.000563671
0.000387226
0.000148314
-0.000218242
-0.000584716
-0.000978862
-0.0013995
-0.00182983
-0.00225858
-0.00267723
-0.00307978
-0.00346318
-0.00382689
-0.0041721
-0.00449794
-0.00480779
-0.00510557
-0.00539335
-0.00567183
-0.0059419
-0.00621075
-0.00647589
-0.00662778
-0.00652603
-0.000791734
-0.000603908
-0.000279533
-0.000118763
-3.44719e-05
-1.46701e-05
-6.86568e-05
-0.000173797
-0.000322235
-0.000590396
-0.000859897
-0.00113062
-0.00141448
-0.00169807
-0.00197554
-0.00224625
-0.00251294
-0.00278069
-0.00305538
-0.00334174
-0.00364216
-0.00395696
-0.00428766
-0.00463149
-0.00498357
-0.00533939
-0.00569911
-0.00605208
-0.00631733
-0.00646985
-0.00331359
-0.00251356
-0.00170534
-0.0012999
-0.0010666
-0.000919085
-0.000853657
-0.000846342
-0.00087591
-0.00100129
-0.00114712
-0.00127309
-0.00140382
-0.00153169
-0.00165717
-0.00178808
-0.00193594
-0.00211166
-0.00232478
-0.00257368
-0.00289119
-0.00324855
-0.00364089
-0.00406069
-0.00449688
-0.00493941
-0.00538081
-0.00580142
-0.00614992
-0.00648884
-0.00725766
-0.00664063
-0.00514283
-0.00403682
-0.00323674
-0.00260308
-0.00210752
-0.00172891
-0.00143822
-0.00125746
-0.00116172
-0.00110476
-0.00111008
-0.0011761
-0.00130199
-0.00148961
-0.0017401
-0.0020505
-0.00242022
-0.00284806
-0.00328623
-0.0037428
-0.00420537
-0.00465602
-0.00508018
-0.00546753
-0.0058084
-0.0060815
-0.00627921
-0.00657491
-0.0600552
-0.0521128
-0.0460887
-0.04118
-0.037115
-0.033718
-0.0308383
-0.0283659
-0.026217
-0.0243277
-0.0226488
-0.021142
-0.0197771
-0.0185305
-0.0173831
-0.0163197
-0.0153284
-0.0143995
-0.0135259
-0.0127023
-0.0119253
-0.0111933
-0.0105065
-0.00986681
-0.00927806
-0.00874776
-0.00828293
-0.00787791
-0.00752713
-0.00737489
-0.0602596
-0.0521244
-0.0457548
-0.0406747
-0.0364983
-0.0330153
-0.030064
-0.0275293
-0.0253264
-0.0233916
-0.0216764
-0.0201437
-0.0187644
-0.0175159
-0.0163802
-0.0153435
-0.0143948
-0.0135257
-0.01273
-0.012003
-0.0113418
-0.0107443
-0.0102097
-0.0097376
-0.00932847
-0.00898335
-0.00870253
-0.00846579
-0.00819505
-0.00788086
-0.0611628
-0.0531284
-0.0467111
-0.0416036
-0.0373971
-0.0338829
-0.0309015
-0.0283391
-0.0261115
-0.0241558
-0.0224236
-0.0208779
-0.0194893
-0.0182347
-0.0170957
-0.0160577
-0.0151088
-0.0142399
-0.0134436
-0.0127142
-0.0120477
-0.0114411
-0.0108925
-0.0104006
-0.00996512
-0.00958844
-0.00927792
-0.00902094
-0.00871112
-0.00823203
-0.0622538
-0.0544847
-0.0481589
-0.0430786
-0.0388544
-0.0353006
-0.0322696
-0.0296534
-0.0273716
-0.025363
-0.0235804
-0.0219872
-0.0205544
-0.0192588
-0.018082
-0.0170092
-0.0160282
-0.0151296
-0.0143055
-0.0135499
-0.012858
-0.0122263
-0.0116521
-0.0111332
-0.010668
-0.0102582
-0.00991252
-0.00962154
-0.00926236
-0.00863714
-0.0632506
-0.0557018
-0.049475
-0.0444299
-0.0401955
-0.0366069
-0.0335284
-0.0308589
-0.028522
-0.0264588
-0.0246237
-0.0229808
-0.0215014
-0.0201628
-0.0189465
-0.0178375
-0.0168237
-0.0158951
-0.0150438
-0.0142632
-0.0135481
-0.0128946
-0.0122993
-0.0117596
-0.0112732
-0.0108407
-0.0104713
-0.0101576
-0.0097701
-0.00905632
-0.0641141
-0.0567172
-0.0505781
-0.0455711
-0.0413383
-0.0377288
-0.0346168
-0.031907
-0.0295266
-0.0274193
-0.0255408
-0.0238562
-0.0223374
-0.0209619
-0.0197113
-0.0185707
-0.0175277
-0.0165724
-0.0156964
-0.014893
-0.0141567
-0.0134829
-0.0128681
-0.0123092
-0.0118032
-0.0113504
-0.0109593
-0.0106247
-0.0102204
-0.00946741
-0.0648587
-0.0575734
-0.0515172
-0.0465499
-0.042327
-0.0387075
-0.035573
-0.0328334
-0.0304192
-0.0282763
-0.0263618
-0.0246419
-0.0230889
-0.0216808
-0.0203995
-0.0192299
-0.0181599
-0.0171794
-0.0162799
-0.0154544
-0.0146973
-0.0140037
-0.0133698
-0.0127922
-0.0122676
-0.0117955
-0.0113836
-0.0110285
-0.0106144
-0.00986067
-0.0654922
-0.058294
-0.0523172
-0.0473882
-0.0431791
-0.0395559
-0.0364061
-0.033644
-0.0312028
-0.0290306
-0.0270859
-0.0253356
-0.0237529
-0.022316
-0.0210071
-0.0198113
-0.0187166
-0.0177127
-0.0167911
-0.0159449
-0.0151681
-0.0144557
-0.0138037
-0.0132085
-0.0126667
-0.0121769
-0.0117456
-0.0113708
-0.0109522
-0.0102267
-0.0660193
-0.0588891
-0.052986
-0.0480919
-0.0438977
-0.0402745
-0.0371145
-0.0343353
-0.031873
-0.0296772
-0.0277075
-0.0259318
-0.0243239
-0.0228624
-0.0215295
-0.0203109
-0.0191942
-0.0181695
-0.0172283
-0.0163633
-0.0155687
-0.0148393
-0.0141709
-0.0135597
-0.0130023
-0.0124967
-0.0120477
-0.0116544
-0.0112347
-0.0105571
-0.0664469
-0.0593676
-0.0535309
-0.0486668
-0.044487
-0.040866
-0.0376994
-0.0349079
-0.0324294
-0.0302149
-0.0282253
-0.0264291
-0.0248005
-0.0233185
-0.0219657
-0.0207277
-0.0195926
-0.0185501
-0.0175919
-0.0167107
-0.0159006
-0.0151563
-0.0144736
-0.0138485
-0.0132775
-0.0127582
-0.0122936
-0.0118835
-0.0114643
-0.0108451
-0.0667838
-0.0597399
-0.0539609
-0.0491214
-0.0449545
-0.0413365
-0.038166
-0.0353657
-0.0328752
-0.0306465
-0.0286415
-0.0268291
-0.0251841
-0.0236858
-0.022317
-0.0210634
-0.0199132
-0.0188562
-0.017884
-0.0169894
-0.0161664
-0.0154098
-0.0147151
-0.0140784
-0.013496
-0.0129654
-0.0124876
-0.0120627
-0.0116446
-0.0110859
-0.0670391
-0.0600169
-0.0542861
-0.0494655
-0.0453091
-0.0416943
-0.0385215
-0.0357152
-0.0332159
-0.0309769
-0.0289604
-0.0271359
-0.0254786
-0.0239678
-0.0225868
-0.0213212
-0.0201592
-0.0190909
-0.0181078
-0.0172028
-0.0163698
-0.0156034
-0.0148993
-0.0142533
-0.013662
-0.0131223
-0.0126342
-0.0121971
-0.0117799
-0.0112767
-0.0672223
-0.0602093
-0.0545166
-0.0497094
-0.0455609
-0.0419488
-0.0387748
-0.0359644
-0.0334592
-0.031213
-0.0291884
-0.0273555
-0.0256894
-0.0241698
-0.02278
-0.0215058
-0.0203354
-0.019259
-0.018268
-0.0173554
-0.016515
-0.0157416
-0.0150305
-0.0143779
-0.01378
-0.0132337
-0.0127379
-0.0122915
-0.0118748
-0.0114169
-0.0673418
-0.0603275
-0.0546626
-0.0498638
-0.0457205
-0.0421102
-0.0389355
-0.0361227
-0.0336139
-0.0313631
-0.0293335
-0.0274952
-0.0258236
-0.0242984
-0.022903
-0.0216233
-0.0204476
-0.019366
-0.01837
-0.0174525
-0.0166073
-0.0158293
-0.0151138
-0.0144568
-0.0138547
-0.0133042
-0.0128034
-0.0123508
-0.0119342
-0.0115076
-0.067402
-0.0603817
-0.0547326
-0.0499378
-0.045797
-0.0421875
-0.0390125
-0.0361985
-0.033688
-0.0314351
-0.0294031
-0.0275622
-0.0258879
-0.0243601
-0.022962
-0.0216797
-0.0205014
-0.0194172
-0.0184188
-0.0174989
-0.0166515
-0.0158713
-0.0151536
-0.0144945
-0.0138904
-0.0133378
-0.0128346
-0.0123789
-0.0119621
-0.011551
-0.0674019
-0.0603817
-0.0547326
-0.0499377
-0.0457969
-0.0421875
-0.0390125
-0.0361985
-0.0336879
-0.031435
-0.0294031
-0.0275621
-0.0258878
-0.02436
-0.0229619
-0.0216796
-0.0205013
-0.0194171
-0.0184187
-0.0174989
-0.0166515
-0.0158712
-0.0151536
-0.0144945
-0.0138903
-0.0133378
-0.0128345
-0.0123789
-0.011962
-0.0115509
-0.0673416
-0.0603274
-0.0546625
-0.0498637
-0.0457204
-0.0421101
-0.0389354
-0.0361226
-0.0336137
-0.031363
-0.0293334
-0.0274951
-0.0258234
-0.0242983
-0.0229029
-0.0216232
-0.0204474
-0.0193658
-0.0183698
-0.0174523
-0.0166071
-0.0158291
-0.0151136
-0.0144566
-0.0138545
-0.013304
-0.0128032
-0.0123506
-0.011934
-0.0115074
-0.0672221
-0.0602091
-0.0545163
-0.0497092
-0.0455607
-0.0419486
-0.0387746
-0.0359642
-0.033459
-0.0312128
-0.0291882
-0.0273552
-0.0256891
-0.0241696
-0.0227797
-0.0215055
-0.0203351
-0.0192587
-0.0182677
-0.0173551
-0.0165147
-0.0157412
-0.0150302
-0.0143775
-0.0137796
-0.0132334
-0.0127375
-0.0122912
-0.0118745
-0.0114166
-0.0670388
-0.0600166
-0.0542857
-0.0494651
-0.0453088
-0.041694
-0.0385212
-0.0357149
-0.0332156
-0.0309766
-0.02896
-0.0271355
-0.0254782
-0.0239675
-0.0225864
-0.0213208
-0.0201588
-0.0190905
-0.0181074
-0.0172024
-0.0163693
-0.0156029
-0.0148988
-0.0142529
-0.0136615
-0.0131219
-0.0126337
-0.0121966
-0.0117795
-0.0112762
-0.0667833
-0.0597395
-0.0539605
-0.049121
-0.044954
-0.0413361
-0.0381656
-0.0353653
-0.0328747
-0.030646
-0.028641
-0.0268286
-0.0251836
-0.0236853
-0.0223165
-0.0210629
-0.0199126
-0.0188556
-0.0178834
-0.0169888
-0.0161658
-0.0154092
-0.0147145
-0.0140778
-0.0134954
-0.0129647
-0.012487
-0.0120621
-0.011644
-0.0110852
-0.0664464
-0.0593671
-0.0535303
-0.0486662
-0.0444864
-0.0408653
-0.0376988
-0.0349073
-0.0324288
-0.0302143
-0.0282247
-0.0264284
-0.0247998
-0.0233178
-0.021965
-0.020727
-0.0195918
-0.0185494
-0.0175911
-0.01671
-0.0158998
-0.0151556
-0.0144728
-0.0138477
-0.0132767
-0.0127575
-0.0122929
-0.0118827
-0.0114635
-0.0108443
-0.0660187
-0.0588885
-0.0529853
-0.0480911
-0.0438969
-0.0402737
-0.0371137
-0.0343346
-0.0318723
-0.0296764
-0.0277067
-0.025931
-0.0243231
-0.0228615
-0.0215287
-0.02031
-0.0191934
-0.0181686
-0.0172274
-0.0163624
-0.0155677
-0.0148384
-0.01417
-0.0135588
-0.0130014
-0.0124958
-0.0120468
-0.0116535
-0.0112337
-0.0105561
-0.0654915
-0.0582933
-0.0523163
-0.0473873
-0.0431782
-0.039555
-0.0364052
-0.033643
-0.0312018
-0.0290296
-0.0270849
-0.0253346
-0.0237519
-0.022315
-0.0210061
-0.0198103
-0.0187156
-0.0177116
-0.0167901
-0.0159438
-0.015167
-0.0144547
-0.0138027
-0.0132075
-0.0126656
-0.0121759
-0.0117445
-0.0113697
-0.0109511
-0.0102256
-0.0648579
-0.0575724
-0.0515162
-0.0465488
-0.0423259
-0.0387064
-0.0355719
-0.0328322
-0.030418
-0.0282751
-0.0263607
-0.0246407
-0.0230878
-0.0216797
-0.0203983
-0.0192288
-0.0181588
-0.0171782
-0.0162787
-0.0154532
-0.0146961
-0.0140025
-0.0133686
-0.0127909
-0.0122664
-0.0117943
-0.0113823
-0.0110272
-0.0106131
-0.00985938
-0.0641131
-0.0567161
-0.0505769
-0.0455699
-0.041337
-0.0377275
-0.0346154
-0.0319056
-0.0295252
-0.0274179
-0.0255395
-0.0238549
-0.0223361
-0.0209606
-0.01971
-0.0185694
-0.0175264
-0.0165711
-0.0156951
-0.0148917
-0.0141554
-0.0134816
-0.0128668
-0.0123078
-0.0118019
-0.011349
-0.0109579
-0.0106232
-0.0102189
-0.00946596
-0.0632495
-0.0557005
-0.0494736
-0.0444284
-0.040194
-0.0366053
-0.0335268
-0.0308574
-0.0285204
-0.0264573
-0.0246222
-0.0229792
-0.0214999
-0.0201613
-0.018945
-0.017836
-0.0168222
-0.0158936
-0.0150423
-0.0142617
-0.0135467
-0.0128931
-0.0122978
-0.0117581
-0.0112717
-0.0108392
-0.0104698
-0.010156
-0.00976848
-0.0090547
-0.0622525
-0.0544832
-0.0481573
-0.0430768
-0.0388526
-0.0352988
-0.0322678
-0.0296516
-0.0273699
-0.0253612
-0.0235787
-0.0219855
-0.0205527
-0.0192572
-0.0180804
-0.0170076
-0.0160267
-0.015128
-0.0143039
-0.0135483
-0.0128565
-0.0122247
-0.0116505
-0.0111316
-0.0106664
-0.0102565
-0.0099108
-0.00961978
-0.00926057
-0.00863535
-0.0611614
-0.0531266
-0.0467092
-0.0416017
-0.0373951
-0.0338809
-0.0308996
-0.0283371
-0.0261096
-0.0241538
-0.0224218
-0.0208761
-0.0194875
-0.0182329
-0.017094
-0.016056
-0.0151071
-0.0142382
-0.0134419
-0.0127125
-0.012046
-0.0114394
-0.0108907
-0.0103988
-0.00996334
-0.00958662
-0.00927605
-0.00901903
-0.00870916
-0.00823004
-0.060258
-0.0521226
-0.0457529
-0.0406727
-0.0364963
-0.0330133
-0.0300619
-0.0275273
-0.0253244
-0.0233895
-0.0216744
-0.0201417
-0.0187625
-0.0175139
-0.0163783
-0.0153416
-0.0143929
-0.0135239
-0.0127281
-0.0120012
-0.0113399
-0.0107424
-0.0102078
-0.00973566
-0.0093265
-0.00898134
-0.00870049
-0.00846369
-0.00819288
-0.00787862
-0.0600536
-0.0521112
-0.0460871
-0.0411784
-0.0371134
-0.0337162
-0.0308364
-0.0283639
-0.026215
-0.0243255
-0.0226465
-0.0211396
-0.0197748
-0.0185281
-0.0173806
-0.0163173
-0.0153259
-0.014397
-0.0135234
-0.0126998
-0.0119228
-0.0111908
-0.010504
-0.00986439
-0.00927564
-0.00874535
-0.00828052
-0.00787549
-0.00752468
-0.00737236
-0.00799801
-0.00829255
-0.00859071
-0.00889231
-0.00916764
-0.00940933
-0.00961953
-0.00980033
-0.00995301
-0.0100789
-0.0101794
-0.0102563
-0.0103112
-0.0103459
-0.010362
-0.0103612
-0.010345
-0.010315
-0.0102724
-0.0102187
-0.0101551
-0.0100825
-0.0100021
-0.00991471
-0.00982119
-0.00972229
-0.00961865
-0.00951086
-0.00939946
-0.00928491
-0.00916762
-0.00904795
-0.00892623
-0.00880272
-0.00867769
-0.00855133
-0.00842384
-0.00829539
-0.00816611
-0.00803613
-0.00790555
-0.00777447
-0.00764297
-0.00751111
-0.00737896
-0.00724656
-0.00711397
-0.00698121
-0.00684832
-0.00671533
-0.00658226
-0.00644913
-0.00631595
-0.00618275
-0.00604952
-0.00591629
-0.00578305
-0.00564981
-0.00551659
-0.00538338
-0.00525019
-0.00511701
-0.00498386
-0.00485072
-0.00471761
-0.00458452
-0.00445146
-0.00431842
-0.0041854
-0.0040524
-0.00391942
-0.00378646
-0.00365353
-0.00352061
-0.00338771
-0.00325483
-0.00312197
-0.00298912
-0.00285629
-0.00272347
-0.00259066
-0.00245786
-0.00232504
-0.00219214
-0.00205918
-0.00192627
-0.00179339
-0.00166052
-0.00152767
-0.00139483
-0.001262
-0.00112918
-0.000996363
-0.000863518
-0.00073067
-0.000597823
-0.000464973
-0.000332121
-0.000199259
-6.64028e-05
-0.00855994
-0.00858882
-0.00874899
-0.00896081
-0.00915719
-0.00932897
-0.00948065
-0.00961405
-0.00972925
-0.00982638
-0.00990587
-0.00996833
-0.0100145
-0.0100452
-0.0100613
-0.0100637
-0.0100533
-0.0100311
-0.00999796
-0.0099548
-0.00990247
-0.00984178
-0.0097735
-0.00969835
-0.00961698
-0.00953002
-0.00943804
-0.00934155
-0.00924102
-0.00913688
-0.00902952
-0.00891929
-0.00880649
-0.00869143
-0.00857434
-0.00845545
-0.00833496
-0.00821307
-0.00808991
-0.00796565
-0.00784041
-0.00771429
-0.0075874
-0.00745983
-0.00733166
-0.00720295
-0.00707378
-0.00694418
-0.00681423
-0.00668394
-0.00655338
-0.00642256
-0.00629152
-0.00616028
-0.00602887
-0.00589731
-0.00576561
-0.0056338
-0.00550188
-0.00536987
-0.00523779
-0.00510563
-0.00497341
-0.00484113
-0.00470881
-0.00457645
-0.00444405
-0.00431161
-0.00417915
-0.00404666
-0.00391415
-0.00378163
-0.00364908
-0.00351652
-0.00338394
-0.00325135
-0.00311875
-0.00298613
-0.0028535
-0.00272086
-0.00258819
-0.0024555
-0.0023228
-0.00219014
-0.0020575
-0.00192481
-0.00179209
-0.00165937
-0.00152665
-0.00139392
-0.00126118
-0.00112844
-0.000995679
-0.00086294
-0.000730194
-0.000597437
-0.000464673
-0.000331902
-0.000199118
-6.63455e-05
-0.00908369
-0.00891692
-0.00895642
-0.00909342
-0.00922676
-0.00934235
-0.0094462
-0.00954004
-0.00962305
-0.00969447
-0.00975397
-0.00980145
-0.00983695
-0.00986067
-0.00987291
-0.00987406
-0.00986461
-0.00984508
-0.00981603
-0.00977805
-0.00973173
-0.00967767
-0.00961644
-0.00954861
-0.0094747
-0.00939524
-0.00931069
-0.00922151
-0.00912812
-0.0090309
-0.0089302
-0.00882637
-0.00871969
-0.00861044
-0.00849887
-0.0083852
-0.00826965
-0.0081524
-0.00803361
-0.00791344
-0.00779203
-0.00766949
-0.00754595
-0.0074215
-0.00729624
-0.00717024
-0.00704358
-0.00691632
-0.00678853
-0.00666026
-0.00653156
-0.00640246
-0.00627302
-0.00614325
-0.00601321
-0.0058829
-0.00575237
-0.00562163
-0.0054907
-0.0053596
-0.00522835
-0.00509697
-0.00496546
-0.00483384
-0.00470212
-0.00457031
-0.00443842
-0.00430645
-0.00417442
-0.00404233
-0.00391018
-0.00377798
-0.00364574
-0.00351346
-0.00338114
-0.00324879
-0.0031164
-0.00298399
-0.00285154
-0.00271908
-0.00258658
-0.00245406
-0.00232152
-0.00218897
-0.0020564
-0.0019238
-0.00179119
-0.00165856
-0.00152592
-0.00139327
-0.00126061
-0.00112794
-0.000995255
-0.000862568
-0.000729874
-0.000597173
-0.000464466
-0.000331752
-0.000199025
-6.63114e-05
-0.00955129
-0.00923969
-0.00918635
-0.00925846
-0.00933537
-0.00940081
-0.0094616
-0.00951916
-0.00957197
-0.00961861
-0.00965814
-0.00968991
-0.00971343
-0.00972841
-0.00973468
-0.00973225
-0.0097212
-0.00970174
-0.00967413
-0.00963871
-0.00959584
-0.00954592
-0.00948935
-0.00942656
-0.00935796
-0.00928396
-0.00920495
-0.00912131
-0.0090334
-0.00894157
-0.00884613
-0.00874739
-0.00864563
-0.00854109
-0.00843403
-0.00832466
-0.00821319
-0.0080998
-0.00798466
-0.00786793
-0.00774976
-0.00763026
-0.00750958
-0.0073878
-0.00726503
-0.00714136
-0.00701687
-0.00689164
-0.00676573
-0.00663921
-0.00651213
-0.00638454
-0.00625649
-0.00612803
-0.00599918
-0.00586999
-0.00574048
-0.00561069
-0.00548063
-0.00535034
-0.00521984
-0.00508914
-0.00495827
-0.00482723
-0.00469605
-0.00456474
-0.0044333
-0.00430175
-0.0041701
-0.00403837
-0.00390654
-0.00377465
-0.00364268
-0.00351065
-0.00337856
-0.00324642
-0.00311423
-0.00298199
-0.00284971
-0.00271739
-0.00258504
-0.00245265
-0.00232023
-0.00218779
-0.00205532
-0.00192282
-0.0017903
-0.00165776
-0.00152521
-0.00139263
-0.00126005
-0.00112745
-0.000994832
-0.000862208
-0.000729574
-0.000596931
-0.00046428
-0.000331619
-0.000198945
-6.62836e-05
-0.00995488
-0.00954211
-0.00941836
-0.00943321
-0.00945885
-0.00947923
-0.00950131
-0.00952595
-0.00955101
-0.00957455
-0.00959515
-0.00961168
-0.00962322
-0.00962905
-0.00962864
-0.00962164
-0.00960784
-0.00958715
-0.0095596
-0.00952529
-0.0094844
-0.00943714
-0.00938378
-0.00932462
-0.00925995
-0.0091901
-0.00911537
-0.00903608
-0.00895254
-0.00886504
-0.00877387
-0.0086793
-0.00858158
-0.00848096
-0.00837767
-0.0082719
-0.00816387
-0.00805376
-0.00794173
-0.00782794
-0.00771255
-0.00759567
-0.00747745
-0.00735798
-0.00723738
-0.00711574
-0.00699314
-0.00686968
-0.00674542
-0.00662044
-0.00649479
-0.00636853
-0.00624172
-0.0061144
-0.00598661
-0.0058584
-0.00572981
-0.00560086
-0.00547159
-0.00534202
-0.00521218
-0.0050821
-0.00495179
-0.00482128
-0.00469058
-0.00455971
-0.00442868
-0.00429751
-0.00416621
-0.00403479
-0.00390326
-0.00377163
-0.00363991
-0.0035081
-0.00337622
-0.00324427
-0.00311226
-0.00298018
-0.00284806
-0.00271588
-0.00258365
-0.00245138
-0.00231907
-0.00218673
-0.00205436
-0.00192195
-0.00178952
-0.00165706
-0.00152457
-0.00139207
-0.00125955
-0.00112701
-0.000994457
-0.00086189
-0.000729309
-0.000596718
-0.000464116
-0.000331503
-0.000198875
-6.62599e-05
-0.0102904
-0.00981548
-0.00963973
-0.00960444
-0.00958448
-0.00956542
-0.00955366
-0.00954931
-0.00954971
-0.00955253
-0.00955592
-0.00955837
-0.00955861
-0.00955556
-0.00954841
-0.0095365
-0.00951938
-0.00949673
-0.00946836
-0.0094342
-0.00939424
-0.00934858
-0.00929735
-0.00924072
-0.00917891
-0.00911215
-0.00904068
-0.00896475
-0.00888463
-0.00880057
-0.00871281
-0.00862161
-0.00852718
-0.00842976
-0.00832956
-0.00822678
-0.00812161
-0.00801423
-0.0079048
-0.00779349
-0.00768044
-0.00756578
-0.00744964
-0.00733214
-0.00721338
-0.00709348
-0.00697251
-0.00685056
-0.00672773
-0.00660406
-0.00647965
-0.00635454
-0.00622879
-0.00610247
-0.0059756
-0.00584825
-0.00572045
-0.00559223
-0.00546364
-0.0053347
-0.00520544
-0.0050759
-0.00494609
-0.00481603
-0.00468575
-0.00455527
-0.0044246
-0.00429376
-0.00416276
-0.00403162
-0.00390035
-0.00376896
-0.00363746
-0.00350586
-0.00337416
-0.00324238
-0.00311052
-0.00297859
-0.0028466
-0.00271454
-0.00258243
-0.00245027
-0.00231806
-0.0021858
-0.00205351
-0.00192119
-0.00178883
-0.00165644
-0.00152402
-0.00139158
-0.00125912
-0.00112663
-0.00099413
-0.000861613
-0.00072908
-0.000596533
-0.000463974
-0.000331403
-0.000198816
-6.62396e-05
-0.0105604
-0.010056
-0.00984288
-0.0097638
-0.00970392
-0.00965096
-0.0096102
-0.00958089
-0.00955994
-0.00954466
-0.00953291
-0.00952283
-0.00951285
-0.00950164
-0.0094881
-0.00947139
-0.00945081
-0.00942588
-0.00939622
-0.00936162
-0.00932194
-0.00927714
-0.00922726
-0.00917237
-0.0091126
-0.00904812
-0.00897911
-0.00890577
-0.00882831
-0.00874694
-0.00866189
-0.00857337
-0.0084816
-0.00838677
-0.00828909
-0.00818874
-0.00808592
-0.00798079
-0.00787352
-0.00776426
-0.00765316
-0.00754035
-0.00742596
-0.00731011
-0.00719291
-0.00707446
-0.00695486
-0.0068342
-0.00671256
-0.00659002
-0.00646665
-0.00634252
-0.00621769
-0.0060922
-0.00596613
-0.0058395
-0.00571238
-0.00558479
-0.00545678
-0.00532838
-0.00519963
-0.00507054
-0.00494115
-0.00481149
-0.00468158
-0.00455143
-0.00442107
-0.00429052
-0.00415978
-0.00402889
-0.00389784
-0.00376665
-0.00363534
-0.00350391
-0.00337237
-0.00324074
-0.00310902
-0.00297721
-0.00284533
-0.00271338
-0.00258137
-0.0024493
-0.00231718
-0.002185
-0.00205279
-0.00192053
-0.00178823
-0.0016559
-0.00152354
-0.00139116
-0.00125874
-0.00112631
-0.000993851
-0.000861377
-0.000728884
-0.000596377
-0.000463854
-0.000331318
-0.000198765
-6.62222e-05
-0.0107699
-0.0102624
-0.0100233
-0.0099062
-0.00981192
-0.00973035
-0.00966522
-0.00961484
-0.0095758
-0.00954514
-0.00952042
-0.00949952
-0.00948062
-0.00946218
-0.00944291
-0.00942176
-0.00939789
-0.00937064
-0.00933953
-0.00930419
-0.00926439
-0.00921998
-0.00917092
-0.00911721
-0.0090589
-0.00899609
-0.00892892
-0.00885755
-0.00878214
-0.00870289
-0.00861997
-0.00853358
-0.00844391
-0.00835116
-0.00825551
-0.00815715
-0.00805623
-0.00795294
-0.00784743
-0.00773985
-0.00763035
-0.00751906
-0.00740612
-0.00729163
-0.00717571
-0.00705848
-0.00694002
-0.00682043
-0.00669979
-0.00657819
-0.0064557
-0.00633238
-0.00620831
-0.00608354
-0.00595812
-0.00583211
-0.00570555
-0.0055785
-0.00545098
-0.00532303
-0.00519469
-0.005066
-0.00493697
-0.00480764
-0.00467804
-0.00454817
-0.00441808
-0.00428776
-0.00415725
-0.00402656
-0.0038957
-0.00376469
-0.00363353
-0.00350225
-0.00337085
-0.00323935
-0.00310774
-0.00297604
-0.00284426
-0.0027124
-0.00258047
-0.00244848
-0.00231643
-0.00218432
-0.00205217
-0.00191997
-0.00178773
-0.00165545
-0.00152314
-0.0013908
-0.00125843
-0.00112604
-0.000993618
-0.00086118
-0.000728722
-0.000596246
-0.000463754
-0.000331247
-0.000198722
-6.62075e-05
-0.0109262
-0.0104353
-0.0101786
-0.0100289
-0.00990558
-0.00980038
-0.00971517
-0.0096474
-0.00959339
-0.00954996
-0.00951443
-0.00948446
-0.00945803
-0.00943343
-0.00940921
-0.00938416
-0.00935733
-0.00932793
-0.00929537
-0.00925919
-0.00921907
-0.00917478
-0.00912619
-0.00907325
-0.00901597
-0.00895439
-0.00888859
-0.00881871
-0.00874488
-0.00866725
-0.00858599
-0.00850128
-0.00841328
-0.00832217
-0.00822814
-0.00813135
-0.00803196
-0.00793014
-0.00782605
-0.00771983
-0.00761163
-0.00750158
-0.0073898
-0.00727642
-0.00716156
-0.00704531
-0.00692778
-0.00680906
-0.00668925
-0.00656841
-0.00644664
-0.006324
-0.00620055
-0.00607636
-0.00595149
-0.00582598
-0.0056999
-0.00557328
-0.00544616
-0.00531859
-0.0051906
-0.00506223
-0.0049335
-0.00480445
-0.00467509
-0.00454547
-0.00441558
-0.00428547
-0.00415514
-0.00402462
-0.00389392
-0.00376305
-0.00363203
-0.00350087
-0.00336959
-0.00323818
-0.00310667
-0.00297506
-0.00284337
-0.00271158
-0.00257972
-0.0024478
-0.00231581
-0.00218376
-0.00205166
-0.00191951
-0.00178731
-0.00165508
-0.00152281
-0.00139051
-0.00125817
-0.00112581
-0.000993427
-0.000861018
-0.000728589
-0.000596139
-0.000463672
-0.000331188
-0.000198686
-6.6195e-05
-0.0110376
-0.0105764
-0.0103079
-0.0101308
-0.00998364
-0.00985941
-0.00975806
-0.00967629
-0.00961023
-0.00955649
-0.0095122
-0.00947485
-0.00944227
-0.0094126
-0.00938426
-0.00935594
-0.00932659
-0.00929531
-0.00926144
-0.00922444
-0.00918392
-0.00913958
-0.00909126
-0.00903883
-0.00898226
-0.00892157
-0.00885679
-0.00878803
-0.00871539
-0.008639
-0.00855902
-0.00847559
-0.00838889
-0.00829907
-0.0082063
-0.00811074
-0.00801256
-0.0079119
-0.00780893
-0.00770379
-0.00759661
-0.00748754
-0.00737669
-0.0072642
-0.00715017
-0.00703471
-0.00691792
-0.00679991
-0.00668075
-0.00656053
-0.00643933
-0.00631723
-0.00619428
-0.00607056
-0.00594613
-0.00582103
-0.00569532
-0.00556905
-0.00544227
-0.005315
-0.00518729
-0.00505918
-0.00493069
-0.00480186
-0.00467271
-0.00454327
-0.00441357
-0.00428361
-0.00415344
-0.00402305
-0.00389248
-0.00376173
-0.00363082
-0.00349976
-0.00336856
-0.00323724
-0.00310581
-0.00297427
-0.00284264
-0.00271092
-0.00257912
-0.00244724
-0.0023153
-0.0021833
-0.00205124
-0.00191913
-0.00178698
-0.00165478
-0.00152254
-0.00139027
-0.00125797
-0.00112563
-0.000993274
-0.000860889
-0.000728482
-0.000596053
-0.000463605
-0.00033114
-0.000198657
-6.61848e-05
-0.0111131
-0.0106879
-0.0104115
-0.010212
-0.010046
-0.00990689
-0.00979296
-0.00970029
-0.00962482
-0.00956304
-0.00951191
-0.00946878
-0.00943135
-0.00939766
-0.00936604
-0.0093351
-0.00930369
-0.00927088
-0.0092359
-0.00919818
-0.00915726
-0.00911282
-0.00906463
-0.00901253
-0.00895646
-0.00889639
-0.00883236
-0.00876442
-0.00869266
-0.00861721
-0.00853818
-0.00845574
-0.00837001
-0.00828117
-0.00818936
-0.00809475
-0.00799749
-0.00789772
-0.00779561
-0.0076913
-0.00758492
-0.0074766
-0.00736648
-0.00725467
-0.00714128
-0.00702644
-0.00691023
-0.00679276
-0.00667411
-0.00655437
-0.00643362
-0.00631193
-0.00618938
-0.00606603
-0.00594193
-0.00581715
-0.00569174
-0.00556575
-0.00543921
-0.00531218
-0.00518469
-0.00505678
-0.00492848
-0.00479983
-0.00467084
-0.00454155
-0.00441198
-0.00428216
-0.0041521
-0.00402182
-0.00389134
-0.00376069
-0.00362986
-0.00349888
-0.00336776
-0.0032365
-0.00310513
-0.00297365
-0.00284207
-0.0027104
-0.00257864
-0.00244681
-0.00231491
-0.00218294
-0.00205092
-0.00191884
-0.00178671
-0.00165454
-0.00152233
-0.00139008
-0.0012578
-0.00112549
-0.000993154
-0.000860788
-0.000728398
-0.000595985
-0.000463552
-0.000331102
-0.000198634
-6.61768e-05
-0.0111611
-0.0107723
-0.0104904
-0.0102735
-0.0100931
-0.009943
-0.00981969
-0.00971889
-0.00963641
-0.00956864
-0.0095124
-0.00946494
-0.00942387
-0.00938716
-0.00935306
-0.00932013
-0.00928715
-0.00925314
-0.0092173
-0.009179
-0.00913775
-0.00909319
-0.00904505
-0.00899317
-0.00893743
-0.00887781
-0.00881429
-0.00874694
-0.00867583
-0.00860105
-0.00852272
-0.00844099
-0.00835598
-0.00826785
-0.00817676
-0.00808284
-0.00798626
-0.00788715
-0.00778568
-0.00768198
-0.00757619
-0.00746843
-0.00735884
-0.00724754
-0.00713464
-0.00702025
-0.00690447
-0.0067874
-0.00666914
-0.00654975
-0.00642934
-0.00630797
-0.00618571
-0.00606263
-0.00593879
-0.00581425
-0.00568906
-0.00556327
-0.00543692
-0.00531007
-0.00518275
-0.00505499
-0.00492683
-0.0047983
-0.00466944
-0.00454026
-0.00441079
-0.00428106
-0.00415109
-0.0040209
-0.00389049
-0.0037599
-0.00362914
-0.00349822
-0.00336715
-0.00323595
-0.00310462
-0.00297318
-0.00284164
-0.00271001
-0.00257829
-0.00244648
-0.00231461
-0.00218267
-0.00205067
-0.00191862
-0.00178651
-0.00165436
-0.00152217
-0.00138994
-0.00125768
-0.00112539
-0.000993064
-0.000860712
-0.000728334
-0.000595933
-0.000463512
-0.000331073
-0.000198617
-6.61709e-05
-0.0111891
-0.010832
-0.0105462
-0.0103165
-0.0101262
-0.00996836
-0.00983852
-0.00973205
-0.00964471
-0.00957276
-0.00951296
-0.00946248
-0.00941888
-0.00938005
-0.00934422
-0.00930988
-0.00927579
-0.00924094
-0.00920447
-0.00916575
-0.00912426
-0.0090796
-0.00903149
-0.00897974
-0.00892423
-0.0088649
-0.00880174
-0.00873479
-0.00866411
-0.00858979
-0.00851195
-0.00843071
-0.0083462
-0.00825856
-0.00816796
-0.00807452
-0.00797841
-0.00787977
-0.00777874
-0.00767546
-0.00757008
-0.00746272
-0.0073535
-0.00724255
-0.00712999
-0.00701592
-0.00690044
-0.00678365
-0.00666565
-0.00654652
-0.00642634
-0.00630519
-0.00618313
-0.00606024
-0.00593658
-0.00581221
-0.00568717
-0.00556153
-0.00543532
-0.00530859
-0.00518138
-0.00505373
-0.00492567
-0.00479723
-0.00466845
-0.00453935
-0.00440996
-0.00428029
-0.00415038
-0.00402024
-0.0038899
-0.00375935
-0.00362864
-0.00349775
-0.00336672
-0.00323556
-0.00310426
-0.00297286
-0.00284134
-0.00270973
-0.00257803
-0.00244625
-0.0023144
-0.00218248
-0.0020505
-0.00191846
-0.00178637
-0.00165424
-0.00152206
-0.00138985
-0.0012576
-0.00112531
-0.000993
-0.000860658
-0.000728288
-0.000595896
-0.000463483
-0.000331052
-0.000198605
-6.61668e-05
-0.011203
-0.0108693
-0.0105806
-0.0103428
-0.0101463
-0.00998381
-0.00984995
-0.00974001
-0.00964968
-0.00957518
-0.0095132
-0.00946088
-0.00941572
-0.00937559
-0.00933869
-0.00930349
-0.00926872
-0.00923334
-0.0091965
-0.00915752
-0.00911587
-0.00907115
-0.00902306
-0.00897139
-0.00891602
-0.00885687
-0.00879394
-0.00872724
-0.00865683
-0.0085828
-0.00850525
-0.00842431
-0.00834011
-0.00825279
-0.00816248
-0.00806935
-0.00797353
-0.00787517
-0.00777442
-0.00767141
-0.00756628
-0.00745916
-0.00735018
-0.00723945
-0.00712709
-0.00701322
-0.00689793
-0.00678132
-0.00666348
-0.00654451
-0.00642447
-0.00630345
-0.00618153
-0.00605876
-0.00593521
-0.00581094
-0.005686
-0.00556044
-0.00543431
-0.00530766
-0.00518052
-0.00505294
-0.00492494
-0.00479656
-0.00466783
-0.00453878
-0.00440944
-0.00427981
-0.00414994
-0.00401984
-0.00388952
-0.00375901
-0.00362832
-0.00349746
-0.00336646
-0.00323531
-0.00310404
-0.00297265
-0.00284115
-0.00270956
-0.00257787
-0.00244611
-0.00231427
-0.00218236
-0.00205039
-0.00191836
-0.00178628
-0.00165416
-0.00152199
-0.00138978
-0.00125754
-0.00112527
-0.000992959
-0.000860623
-0.000728259
-0.000595872
-0.000463465
-0.000331039
-0.000198597
-6.61642e-05
-0.0112077
-0.0108861
-0.0105959
-0.0103544
-0.0101551
-0.00999044
-0.00985477
-0.00974326
-0.00965159
-0.00957594
-0.00951299
-0.00945984
-0.00941399
-0.00937328
-0.00933591
-0.00930033
-0.00926527
-0.00922966
-0.00919266
-0.00915357
-0.00911186
-0.00906712
-0.00901905
-0.00896743
-0.00891213
-0.00885308
-0.00879025
-0.00872367
-0.00865339
-0.0085795
-0.0085021
-0.0084213
-0.00833725
-0.00825007
-0.00815991
-0.00806692
-0.00797124
-0.00787301
-0.00777239
-0.0076695
-0.00756449
-0.00745749
-0.00734861
-0.00723799
-0.00712573
-0.00701195
-0.00689675
-0.00678022
-0.00666246
-0.00654356
-0.00642359
-0.00630264
-0.00618077
-0.00605806
-0.00593456
-0.00581034
-0.00568544
-0.00555993
-0.00543384
-0.00530723
-0.00518012
-0.00505257
-0.0049246
-0.00479625
-0.00466754
-0.00453852
-0.00440919
-0.00427959
-0.00414973
-0.00401965
-0.00388934
-0.00375885
-0.00362817
-0.00349733
-0.00336633
-0.00323519
-0.00310393
-0.00297255
-0.00284106
-0.00270947
-0.0025778
-0.00244604
-0.0023142
-0.0021823
-0.00205034
-0.00191831
-0.00178624
-0.00165412
-0.00152196
-0.00138975
-0.00125752
-0.00112524
-0.000992939
-0.000860605
-0.000728244
-0.00059586
-0.000463456
-0.000331032
-0.000198592
-6.61629e-05
-0.0112076
-0.0108861
-0.0105959
-0.0103543
-0.010155
-0.00999038
-0.00985472
-0.00974321
-0.00965154
-0.0095759
-0.00951295
-0.0094598
-0.00941394
-0.00937324
-0.00933587
-0.00930029
-0.00926523
-0.00922963
-0.00919262
-0.00915354
-0.00911183
-0.00906709
-0.00901902
-0.0089674
-0.0089121
-0.00885305
-0.00879022
-0.00872364
-0.00865336
-0.00857947
-0.00850207
-0.00842128
-0.00833723
-0.00825005
-0.00815989
-0.0080669
-0.00797122
-0.00787299
-0.00777237
-0.00766949
-0.00756448
-0.00745747
-0.0073486
-0.00723798
-0.00712572
-0.00701194
-0.00689674
-0.00678021
-0.00666245
-0.00654355
-0.00642358
-0.00630263
-0.00618076
-0.00605805
-0.00593455
-0.00581033
-0.00568544
-0.00555992
-0.00543384
-0.00530722
-0.00518012
-0.00505256
-0.00492459
-0.00479624
-0.00466754
-0.00453851
-0.00440918
-0.00427958
-0.00414973
-0.00401964
-0.00388934
-0.00375884
-0.00362816
-0.00349732
-0.00336633
-0.00323519
-0.00310393
-0.00297255
-0.00284106
-0.00270947
-0.00257779
-0.00244603
-0.0023142
-0.0021823
-0.00205033
-0.00191831
-0.00178624
-0.00165412
-0.00152195
-0.00138975
-0.00125751
-0.00112524
-0.000992936
-0.000860602
-0.000728241
-0.000595858
-0.000463453
-0.000331031
-0.000198592
-6.6163e-05
-0.0112029
-0.0108691
-0.0105804
-0.0103427
-0.0101462
-0.00998365
-0.0098498
-0.00973986
-0.00964953
-0.00957504
-0.00951306
-0.00946074
-0.00941558
-0.00937546
-0.00933857
-0.00930337
-0.00926861
-0.00923323
-0.00919639
-0.00915742
-0.00911577
-0.00907105
-0.00902297
-0.0089713
-0.00891593
-0.00885679
-0.00879386
-0.00872716
-0.00865675
-0.00858272
-0.00850518
-0.00842425
-0.00834005
-0.00825273
-0.00816242
-0.00806929
-0.00797348
-0.00787512
-0.00777437
-0.00767136
-0.00756623
-0.00745911
-0.00735013
-0.00723941
-0.00712705
-0.00701318
-0.00689789
-0.00678128
-0.00666345
-0.00654447
-0.00642444
-0.00630343
-0.0061815
-0.00605873
-0.00593518
-0.00581091
-0.00568597
-0.00556042
-0.00543429
-0.00530764
-0.00518051
-0.00505292
-0.00492492
-0.00479655
-0.00466782
-0.00453877
-0.00440942
-0.0042798
-0.00414993
-0.00401982
-0.00388951
-0.003759
-0.0036283
-0.00349745
-0.00336644
-0.0032353
-0.00310402
-0.00297263
-0.00284114
-0.00270954
-0.00257786
-0.00244609
-0.00231425
-0.00218234
-0.00205037
-0.00191835
-0.00178627
-0.00165415
-0.00152198
-0.00138977
-0.00125753
-0.00112526
-0.000992951
-0.000860614
-0.000728251
-0.000595865
-0.000463459
-0.000331035
-0.000198594
-6.6164e-05
-0.0111888
-0.0108317
-0.0105459
-0.0103162
-0.0101259
-0.00996809
-0.00983825
-0.00973179
-0.00964446
-0.00957252
-0.00951272
-0.00946225
-0.00941866
-0.00937983
-0.009344
-0.00930967
-0.00927559
-0.00924074
-0.00920429
-0.00916557
-0.00912408
-0.00907943
-0.00903132
-0.00897958
-0.00892408
-0.00886475
-0.0088016
-0.00873465
-0.00866398
-0.00858967
-0.00851183
-0.00843059
-0.00834609
-0.00825846
-0.00816785
-0.00807442
-0.00797832
-0.00787968
-0.00777865
-0.00767538
-0.00757
-0.00746264
-0.00735343
-0.00724248
-0.00712992
-0.00701585
-0.00690038
-0.00678359
-0.00666559
-0.00654647
-0.00642629
-0.00630514
-0.00618309
-0.0060602
-0.00593654
-0.00581217
-0.00568713
-0.00556149
-0.00543528
-0.00530855
-0.00518134
-0.00505369
-0.00492564
-0.0047972
-0.00466842
-0.00453932
-0.00440993
-0.00428027
-0.00415036
-0.00402022
-0.00388987
-0.00375933
-0.00362861
-0.00349773
-0.0033667
-0.00323553
-0.00310424
-0.00297283
-0.00284131
-0.0027097
-0.00257801
-0.00244623
-0.00231437
-0.00218245
-0.00205047
-0.00191844
-0.00178635
-0.00165422
-0.00152204
-0.00138983
-0.00125758
-0.0011253
-0.000992986
-0.000860644
-0.000728275
-0.000595884
-0.000463473
-0.000331045
-0.000198601
-6.61663e-05
-0.0111607
-0.0107719
-0.01049
-0.010273
-0.0100927
-0.00994261
-0.00981931
-0.00971852
-0.00963605
-0.00956829
-0.00951205
-0.0094646
-0.00942355
-0.00938684
-0.00935275
-0.00931983
-0.00928686
-0.00925286
-0.00921703
-0.00917874
-0.0091375
-0.00909294
-0.00904482
-0.00899294
-0.00893721
-0.0088776
-0.00881409
-0.00874675
-0.00867564
-0.00860087
-0.00852255
-0.00844082
-0.00835582
-0.0082677
-0.00817661
-0.0080827
-0.00798612
-0.00788702
-0.00778555
-0.00768186
-0.00757607
-0.00746832
-0.00735874
-0.00724744
-0.00713454
-0.00702016
-0.00690438
-0.00678732
-0.00666905
-0.00654967
-0.00642926
-0.00630789
-0.00618564
-0.00606256
-0.00593873
-0.00581419
-0.005689
-0.00556321
-0.00543687
-0.00531002
-0.0051827
-0.00505494
-0.00492678
-0.00479826
-0.00466939
-0.00454022
-0.00441075
-0.00428103
-0.00415105
-0.00402086
-0.00389046
-0.00375987
-0.0036291
-0.00349818
-0.00336711
-0.00323591
-0.00310458
-0.00297315
-0.0028416
-0.00270997
-0.00257824
-0.00244644
-0.00231457
-0.00218263
-0.00205063
-0.00191858
-0.00178648
-0.00165433
-0.00152215
-0.00138992
-0.00125766
-0.00112537
-0.000993044
-0.000860693
-0.000728316
-0.000595917
-0.000463499
-0.000331063
-0.000198612
-6.61701e-05
-0.0111125
-0.0106873
-0.0104109
-0.0102115
-0.0100454
-0.00990637
-0.00979246
-0.0096998
-0.00962434
-0.00956258
-0.00951146
-0.00946834
-0.00943092
-0.00939724
-0.00936563
-0.00933471
-0.00930331
-0.00927051
-0.00923555
-0.00919784
-0.00915693
-0.0091125
-0.00906432
-0.00901223
-0.00895617
-0.00889611
-0.00883209
-0.00876416
-0.00869241
-0.00861697
-0.00853795
-0.00845551
-0.0083698
-0.00828096
-0.00818916
-0.00809456
-0.0079973
-0.00789755
-0.00779544
-0.00769114
-0.00758476
-0.00747645
-0.00736633
-0.00725453
-0.00714115
-0.00702631
-0.00691011
-0.00679264
-0.006674
-0.00655426
-0.00643352
-0.00631184
-0.00618929
-0.00606594
-0.00594185
-0.00581707
-0.00569167
-0.00556567
-0.00543914
-0.00531211
-0.00518463
-0.00505672
-0.00492842
-0.00479977
-0.00467078
-0.0045415
-0.00441193
-0.00428211
-0.00415205
-0.00402177
-0.0038913
-0.00376064
-0.00362981
-0.00349883
-0.00336771
-0.00323645
-0.00310508
-0.0029736
-0.00284202
-0.00271034
-0.00257859
-0.00244676
-0.00231485
-0.00218289
-0.00205086
-0.00191879
-0.00178667
-0.0016545
-0.00152229
-0.00139005
-0.00125777
-0.00112547
-0.000993129
-0.000860764
-0.000728375
-0.000595965
-0.000463535
-0.00033109
-0.000198628
-6.61757e-05
-0.0110369
-0.0105756
-0.0103072
-0.0101301
-0.00998297
-0.00985876
-0.00975742
-0.00967568
-0.00960962
-0.0095559
-0.00951163
-0.0094743
-0.00944173
-0.00941207
-0.00938375
-0.00935545
-0.00932611
-0.00929485
-0.00926099
-0.00922401
-0.0091835
-0.00913918
-0.00909087
-0.00903845
-0.0089819
-0.00892121
-0.00885645
-0.0087877
-0.00871507
-0.0086387
-0.00855872
-0.00847531
-0.00838862
-0.00829881
-0.00820605
-0.0081105
-0.00801232
-0.00791168
-0.00780871
-0.00770358
-0.00759641
-0.00748735
-0.00737651
-0.00726402
-0.00715
-0.00703455
-0.00691777
-0.00679976
-0.00668061
-0.00656039
-0.0064392
-0.0063171
-0.00619417
-0.00607045
-0.00594602
-0.00582093
-0.00569523
-0.00556896
-0.00544218
-0.00531491
-0.00518721
-0.0050591
-0.00493061
-0.00480178
-0.00467264
-0.0045432
-0.0044135
-0.00428355
-0.00415337
-0.00402299
-0.00389241
-0.00376166
-0.00363075
-0.00349969
-0.0033685
-0.00323718
-0.00310574
-0.00297421
-0.00284257
-0.00271085
-0.00257905
-0.00244717
-0.00231523
-0.00218323
-0.00205117
-0.00191907
-0.00178692
-0.00165472
-0.00152249
-0.00139022
-0.00125793
-0.0011256
-0.000993241
-0.00086086
-0.000728455
-0.000596029
-0.000463585
-0.000331125
-0.000198649
-6.61834e-05
-0.0109253
-0.0104344
-0.0101777
-0.0100281
-0.00990476
-0.00979959
-0.0097144
-0.00964665
-0.00959266
-0.00954925
-0.00951373
-0.00948378
-0.00945738
-0.00943279
-0.00940859
-0.00938356
-0.00935675
-0.00932737
-0.00929483
-0.00925866
-0.00921855
-0.00917428
-0.00912571
-0.00907279
-0.00901552
-0.00895396
-0.00888818
-0.00881831
-0.00874449
-0.00866688
-0.00858563
-0.00850093
-0.00841294
-0.00832185
-0.00822783
-0.00813105
-0.00803167
-0.00792987
-0.00782579
-0.00771958
-0.00761139
-0.00750134
-0.00738957
-0.00727621
-0.00716135
-0.00704511
-0.00692759
-0.00680888
-0.00668907
-0.00656825
-0.00644648
-0.00632384
-0.0062004
-0.00607622
-0.00595135
-0.00582586
-0.00569978
-0.00557316
-0.00544605
-0.00531848
-0.0051905
-0.00506213
-0.00493341
-0.00480436
-0.00467501
-0.00454538
-0.0044155
-0.00428539
-0.00415506
-0.00402454
-0.00389384
-0.00376297
-0.00363195
-0.00350079
-0.00336951
-0.0032381
-0.00310659
-0.00297498
-0.00284328
-0.00271149
-0.00257963
-0.00244771
-0.00231572
-0.00218367
-0.00205157
-0.00191942
-0.00178723
-0.00165501
-0.00152274
-0.00139045
-0.00125812
-0.00112577
-0.000993386
-0.000860982
-0.000728556
-0.00059611
-0.000463648
-0.00033117
-0.000198676
-6.61931e-05
-0.0107688
-0.0102613
-0.0100223
-0.0099052
-0.00981095
-0.00972941
-0.0096643
-0.00961395
-0.00957493
-0.00954429
-0.00951959
-0.00949872
-0.00947984
-0.00946143
-0.00944218
-0.00942105
-0.0093972
-0.00936997
-0.00933888
-0.00930356
-0.00926378
-0.0092194
-0.00917035
-0.00911666
-0.00905836
-0.00899558
-0.00892843
-0.00885707
-0.00878168
-0.00870244
-0.00861954
-0.00853317
-0.00844352
-0.00835078
-0.00825514
-0.00815679
-0.00805589
-0.00795261
-0.00784711
-0.00773955
-0.00763006
-0.00751878
-0.00740584
-0.00729137
-0.00717546
-0.00705824
-0.00693979
-0.00682021
-0.00669958
-0.00657799
-0.0064555
-0.0063322
-0.00620813
-0.00608337
-0.00595796
-0.00583195
-0.00570541
-0.00557835
-0.00545084
-0.0053229
-0.00519457
-0.00506588
-0.00493686
-0.00480753
-0.00467793
-0.00454807
-0.00441797
-0.00428766
-0.00415715
-0.00402646
-0.0038956
-0.00376459
-0.00363344
-0.00350215
-0.00337075
-0.00323924
-0.00310763
-0.00297593
-0.00284415
-0.00271229
-0.00258036
-0.00244837
-0.00231631
-0.00218421
-0.00205206
-0.00191986
-0.00178763
-0.00165536
-0.00152305
-0.00139072
-0.00125836
-0.00112597
-0.000993564
-0.000861132
-0.000728681
-0.000596211
-0.000463725
-0.000331226
-0.00019871
-6.62049e-05
-0.0105591
-0.0100547
-0.00984169
-0.00976264
-0.00970279
-0.00964986
-0.00960913
-0.00957985
-0.00955892
-0.00954368
-0.00953195
-0.0095219
-0.00951194
-0.00950075
-0.00948725
-0.00947056
-0.00945001
-0.00942509
-0.00939546
-0.00936088
-0.00932123
-0.00927645
-0.00922659
-0.00917173
-0.00911198
-0.00904752
-0.00897853
-0.00890521
-0.00882777
-0.00874642
-0.00866139
-0.00857289
-0.00848113
-0.00838632
-0.00828865
-0.00818833
-0.00808552
-0.00798041
-0.00787315
-0.0077639
-0.00765281
-0.00754002
-0.00742564
-0.0073098
-0.00719261
-0.00707417
-0.00695459
-0.00683394
-0.00671231
-0.00658978
-0.00646642
-0.0063423
-0.00621748
-0.006092
-0.00596593
-0.00583932
-0.0057122
-0.00558462
-0.00545662
-0.00532823
-0.00519948
-0.0050704
-0.00494102
-0.00481136
-0.00468145
-0.00455131
-0.00442095
-0.0042904
-0.00415967
-0.00402877
-0.00389772
-0.00376654
-0.00363522
-0.00350379
-0.00337225
-0.00324062
-0.00310889
-0.00297708
-0.0028452
-0.00271325
-0.00258123
-0.00244916
-0.00231703
-0.00218486
-0.00205265
-0.00192039
-0.0017881
-0.00165578
-0.00152343
-0.00139105
-0.00125865
-0.00112623
-0.00099378
-0.000861315
-0.000728832
-0.000596333
-0.000463819
-0.000331292
-0.00019875
-6.62188e-05
-0.0102889
-0.00981406
-0.00963837
-0.00960311
-0.00958319
-0.00956415
-0.00955243
-0.00954811
-0.00954855
-0.00955139
-0.00955481
-0.0095573
-0.00955756
-0.00955455
-0.00954742
-0.00953555
-0.00951846
-0.00949583
-0.00946749
-0.00943335
-0.00939343
-0.00934779
-0.00929659
-0.00923998
-0.0091782
-0.00911146
-0.00904001
-0.00896411
-0.00888401
-0.00879997
-0.00871223
-0.00862105
-0.00852664
-0.00842924
-0.00832906
-0.00822629
-0.00812114
-0.00801378
-0.00790437
-0.00779307
-0.00768003
-0.00756539
-0.00744927
-0.00733178
-0.00721304
-0.00709314
-0.00697219
-0.00685026
-0.00672743
-0.00660378
-0.00647938
-0.00635428
-0.00622855
-0.00610223
-0.00597538
-0.00584803
-0.00572024
-0.00559203
-0.00546345
-0.00533452
-0.00520527
-0.00507573
-0.00494592
-0.00481588
-0.0046856
-0.00455512
-0.00442446
-0.00429362
-0.00416263
-0.00403149
-0.00390022
-0.00376883
-0.00363732
-0.00350572
-0.00337402
-0.00324224
-0.00311037
-0.00297844
-0.00284644
-0.00271438
-0.00258226
-0.00245009
-0.00231788
-0.00218563
-0.00205334
-0.00192102
-0.00178866
-0.00165628
-0.00152387
-0.00139144
-0.00125899
-0.00112652
-0.000994035
-0.00086153
-0.000729011
-0.000596476
-0.000463929
-0.00033137
-0.000198797
-6.62348e-05
-0.00995321
-0.00954051
-0.00941681
-0.00943171
-0.00945738
-0.0094778
-0.00949992
-0.00952459
-0.00954969
-0.00957327
-0.0095939
-0.00961046
-0.00962203
-0.0096279
-0.00962752
-0.00962056
-0.00960679
-0.00958613
-0.00955861
-0.00952433
-0.00948347
-0.00943624
-0.00938292
-0.00932378
-0.00925914
-0.00918931
-0.00911461
-0.00903535
-0.00895183
-0.00886436
-0.00877321
-0.00867866
-0.00858097
-0.00848037
-0.00837709
-0.00827135
-0.00816334
-0.00805324
-0.00794123
-0.00782746
-0.00771209
-0.00759523
-0.00747702
-0.00735757
-0.00723698
-0.00711535
-0.00699278
-0.00686933
-0.00674509
-0.00662012
-0.00649448
-0.00636823
-0.00624143
-0.00611412
-0.00598635
-0.00585815
-0.00572957
-0.00560063
-0.00547137
-0.00534181
-0.00521198
-0.0050819
-0.0049516
-0.0048211
-0.0046904
-0.00455954
-0.00442852
-0.00429735
-0.00416605
-0.00403463
-0.0039031
-0.00377147
-0.00363975
-0.00350795
-0.00337606
-0.00324411
-0.00311208
-0.00298
-0.00284787
-0.00271568
-0.00258345
-0.00245117
-0.00231886
-0.00218651
-0.00205414
-0.00192174
-0.00178931
-0.00165686
-0.00152439
-0.0013919
-0.00125939
-0.00112687
-0.000994332
-0.000861781
-0.000729219
-0.000596644
-0.000464058
-0.000331461
-0.000198851
-6.62532e-05
-0.00954942
-0.0092379
-0.00918462
-0.00925677
-0.00933372
-0.0093992
-0.00946003
-0.00951763
-0.00957048
-0.00961716
-0.00965673
-0.00968854
-0.0097121
-0.00972711
-0.00973343
-0.00973103
-0.00972002
-0.00970059
-0.00967302
-0.00963763
-0.0095948
-0.00954491
-0.00948837
-0.00942561
-0.00935704
-0.00928307
-0.00920409
-0.00912048
-0.0090326
-0.0089408
-0.00884539
-0.00874667
-0.00864493
-0.00854042
-0.00843338
-0.00832403
-0.00821258
-0.00809921
-0.00798409
-0.00786739
-0.00774923
-0.00762976
-0.00750909
-0.00738733
-0.00726458
-0.00714092
-0.00701645
-0.00689124
-0.00676535
-0.00663884
-0.00651177
-0.0063842
-0.00625617
-0.00612771
-0.00599888
-0.0058697
-0.0057402
-0.00561042
-0.00548038
-0.0053501
-0.00521961
-0.00508892
-0.00495806
-0.00482703
-0.00469586
-0.00456455
-0.00443312
-0.00430157
-0.00416993
-0.00403819
-0.00390637
-0.00377448
-0.00364251
-0.00351047
-0.00337838
-0.00324623
-0.00311403
-0.00298178
-0.00284949
-0.00271716
-0.00258479
-0.0024524
-0.00231997
-0.00218752
-0.00205505
-0.00192255
-0.00179004
-0.00165751
-0.00152497
-0.00139241
-0.00125984
-0.00112726
-0.00099467
-0.000862068
-0.000729456
-0.000596835
-0.000464205
-0.000331566
-0.000198914
-6.62745e-05
-0.00908162
-0.00891493
-0.00895449
-0.00909153
-0.00922492
-0.00934055
-0.00944445
-0.00953834
-0.00962139
-0.00969286
-0.0097524
-0.00979992
-0.00983547
-0.00985923
-0.00987151
-0.00987271
-0.00986329
-0.0098438
-0.00981479
-0.00977685
-0.00973057
-0.00967655
-0.00961535
-0.00954755
-0.00947368
-0.00939425
-0.00930973
-0.00922059
-0.00912722
-0.00903003
-0.00892937
-0.00882556
-0.00871891
-0.00860968
-0.00849814
-0.0083845
-0.00826897
-0.00815174
-0.00803298
-0.00791283
-0.00779144
-0.00766892
-0.0075454
-0.00742098
-0.00729573
-0.00716975
-0.00704311
-0.00691587
-0.0067881
-0.00665985
-0.00653116
-0.00640208
-0.00627265
-0.0061429
-0.00601287
-0.00588258
-0.00575206
-0.00562133
-0.00549042
-0.00535933
-0.0052281
-0.00509672
-0.00496522
-0.00483361
-0.0047019
-0.0045701
-0.00443821
-0.00430626
-0.00417423
-0.00404214
-0.00390999
-0.0037778
-0.00364556
-0.00351327
-0.00338094
-0.00324858
-0.00311619
-0.00298375
-0.00285129
-0.00271881
-0.0025863
-0.00245376
-0.0023212
-0.00218863
-0.00205605
-0.00192345
-0.00179085
-0.00165823
-0.00152561
-0.00139298
-0.00126034
-0.0011277
-0.000995047
-0.000862388
-0.000729722
-0.00059705
-0.000464371
-0.000331684
-0.000198986
-6.62995e-05
-0.00855765
-0.0085866
-0.00874684
-0.00895872
-0.00915515
-0.00932697
-0.0094787
-0.00961216
-0.00972741
-0.00982459
-0.00990412
-0.00996664
-0.0100129
-0.0100436
-0.0100597
-0.0100622
-0.0100518
-0.0100297
-0.00999658
-0.00995347
-0.00990118
-0.00984053
-0.00977229
-0.00969718
-0.00961585
-0.00952893
-0.00943698
-0.00934052
-0.00924003
-0.00913592
-0.00902859
-0.00891839
-0.00880563
-0.00869059
-0.00857352
-0.00845466
-0.00833421
-0.00821233
-0.00808921
-0.00796497
-0.00783975
-0.00771365
-0.00758679
-0.00745924
-0.00733109
-0.0072024
-0.00707325
-0.00694368
-0.00681374
-0.00668348
-0.00655293
-0.00642213
-0.0062911
-0.00615988
-0.00602849
-0.00589694
-0.00576526
-0.00563347
-0.00550156
-0.00536957
-0.0052375
-0.00510535
-0.00497314
-0.00484088
-0.00470857
-0.00457621
-0.00444382
-0.00431139
-0.00417894
-0.00404646
-0.00391395
-0.00378142
-0.00364887
-0.0035163
-0.0033837
-0.00325109
-0.00311844
-0.00298578
-0.00285313
-0.00272053
-0.00258788
-0.0024552
-0.00232251
-0.00218982
-0.00205712
-0.00192442
-0.00179172
-0.00165902
-0.00152631
-0.0013936
-0.00126089
-0.00112818
-0.000995458
-0.000862738
-0.000730015
-0.000597286
-0.000464553
-0.000331814
-0.000199065
-6.63294e-05
-0.00799543
-0.00829005
-0.00858829
-0.00888994
-0.00916533
-0.00940708
-0.00961734
-0.0097982
-0.00995094
-0.0100769
-0.0101775
-0.0102544
-0.0103094
-0.0103441
-0.0103603
-0.0103595
-0.0103434
-0.0103134
-0.0102709
-0.0102172
-0.0101536
-0.0100811
-0.0100007
-0.0099134
-0.00981993
-0.00972106
-0.00961746
-0.00950971
-0.00939835
-0.00928383
-0.00916658
-0.00904694
-0.00892525
-0.00880178
-0.00867677
-0.00855045
-0.00842299
-0.00829457
-0.00816531
-0.00803536
-0.00790481
-0.00777375
-0.00764228
-0.00751044
-0.00737832
-0.00724594
-0.00711337
-0.00698064
-0.00684777
-0.0067148
-0.00658175
-0.00644864
-0.00631549
-0.0061823
-0.00604909
-0.00591588
-0.00578266
-0.00564944
-0.00551624
-0.00538304
-0.00524986
-0.0051167
-0.00498356
-0.00485045
-0.00471735
-0.00458427
-0.00445122
-0.00431819
-0.00418519
-0.0040522
-0.00391923
-0.00378629
-0.00365336
-0.00352045
-0.00338756
-0.00325468
-0.00312182
-0.00298895
-0.00285604
-0.00272305
-0.0025901
-0.00245718
-0.00232429
-0.00219142
-0.00205856
-0.00192571
-0.00179288
-0.00166005
-0.00152723
-0.00139442
-0.00126161
-0.00112881
-0.00099601
-0.000863212
-0.000730413
-0.000597613
-0.000464811
-0.000332006
-0.000199191
-6.63806e-05
)
;

boundaryField
{
    inlet
    {
        type            zeroGradient;
    }
    outlet
    {
        type            totalPressure;
        rho             none;
        psi             none;
        gamma           1;
        p0              uniform 0;
        value           uniform 0;
    }
    top
    {
        type            zeroGradient;
    }
    bottom
    {
        type            zeroGradient;
    }
    obstacle
    {
        type            zeroGradient;
    }
    frontAndBack
    {
        type            empty;
    }
}


// ************************************************************************* //
