/*--------------------------------*- C++ -*----------------------------------*\
  =========                 |
  \\      /  F ield         | OpenFOAM: The Open Source CFD Toolbox
   \\    /   O peration     | Website:  https://openfoam.org
    \\  /    A nd           | Version:  12
     \\/     M anipulation  |
\*---------------------------------------------------------------------------*/
FoamFile
{
    format      ascii;
    class       volScalarField;
    location    "60";
    object      pPrime2Mean;
}
// * * * * * * * * * * * * * * * * * * * * * * * * * * * * * * * * * * * * * //

dimensions      [0 4 -4 0 0 0 0];

internalField   nonuniform List<scalar> 
6750
(
0.0198205
0.0197868
0.0197409
0.0197003
0.0196806
0.0198859
0.0198444
0.0197786
0.0196998
0.0196199
0.0200372
0.0199855
0.019899
0.0197869
0.0196671
0.0202727
0.0202173
0.0201238
0.0200006
0.0198689
0.0205823
0.020532
0.0204465
0.0203324
0.0202102
0.0209472
0.0209094
0.0208442
0.0207549
0.020659
0.0213429
0.0213233
0.0212876
0.0212349
0.0211775
0.0217439
0.0217461
0.0217459
0.0217373
0.0217271
0.0221261
0.0221518
0.0221896
0.0222287
0.02227
0.0224697
0.0225184
0.0225938
0.0226802
0.0227732
0.0227595
0.0228292
0.0229388
0.0230687
0.0232096
0.022986
0.0230733
0.0232116
0.0233782
0.0235601
0.0231448
0.0232455
0.0234055
0.0236001
0.0238134
0.023236
0.0233455
0.0235195
0.0237322
0.0239662
0.0232636
0.0233769
0.0235572
0.0237782
0.0240218
0.0232335
0.0233463
0.0235257
0.0237457
0.0239882
0.0231458
0.0232535
0.0234249
0.0236346
0.0238652
0.0229948
0.0230927
0.0232484
0.0234379
0.0236456
0.0227778
0.0228613
0.0229937
0.0231534
0.0233276
0.0224953
0.0225604
0.0226628
0.0227843
0.0229159
0.0221527
0.0221962
0.0222635
0.0223405
0.022423
0.0217604
0.0217805
0.0218098
0.0218389
0.0218691
0.021334
0.0213306
0.0213217
0.021303
0.0212815
0.0208941
0.020869
0.0208248
0.0207622
0.0206939
0.0204651
0.0204219
0.0203486
0.0202499
0.0201435
0.0200728
0.0200174
0.0199241
0.0198011
0.0196693
0.0197416
0.0196815
0.0195808
0.0194493
0.0193087
0.0194908
0.0194346
0.0193413
0.0192215
0.0190935
0.0193302
0.0192847
0.0192126
0.0191266
0.0190391
0.019261
0.0192241
0.0191731
0.0191268
0.0191021
0.0196719
0.0194865
0.0191324
0.018654
0.0180592
0.0173525
0.0165364
0.0156147
0.0145957
0.0134921
0.0123227
0.0111121
0.00988875
0.00868328
0.00752587
0.00644318
0.0054561
0.00457813
0.00381487
0.00316486
0.00262214
0.00217583
0.00181378
0.00152363
0.00129376
0.00111357
0.000974504
0.000869496
0.000793229
0.000748001
0.0196368
0.0193381
0.0189121
0.018378
0.0177373
0.0169932
0.0161512
0.0152195
0.0142088
0.0131321
0.0120076
0.0108571
0.00970415
0.00857357
0.00748911
0.00647154
0.00553734
0.00469741
0.00395733
0.00331761
0.00277329
0.00231775
0.00194161
0.00163491
0.0013879
0.00119192
0.001039
0.000921781
0.000833393
0.000770366
0.0195487
0.0191815
0.0187013
0.0181234
0.0174481
0.0166793
0.0158233
0.0148893
0.0138891
0.0128365
0.0117498
0.0106485
0.0095529
0.00848344
0.00745899
0.00649576
0.00560656
0.00480028
0.00408178
0.00345208
0.00290907
0.00244773
0.00206129
0.0017419
0.00148137
0.00127171
0.00110549
0.00097515
0.000873687
0.000795932
0.019437
0.0190259
0.0185033
0.0178923
0.0171957
0.0164155
0.015557
0.0146292
0.013644
0.0126154
0.0115608
0.010498
0.0094452
0.00841997
0.00743835
0.00651404
0.00565779
0.00487725
0.00417679
0.00355772
0.00301876
0.00255619
0.00216462
0.00183754
0.00156773
0.00134774
0.00116998
0.00102729
0.000912416
0.000824932
0.0193183
0.0188734
0.0183173
0.0176809
0.0169713
0.0161875
0.0153338
0.0144181
0.0134512
0.0124465
0.0114203
0.0103888
0.00936856
0.00837567
0.00742472
0.00652821
0.00569603
0.00493524
0.00424993
0.00364141
0.00310852
0.00264805
0.00225522
0.00192411
0.00164808
0.00141996
0.00123233
0.00107779
0.000951828
0.000856238
0.0192103
0.0187378
0.0181565
0.0175013
0.0167823
0.0159992
0.0151537
0.0142524
0.0133044
0.0123221
0.01132
0.010313
0.00931683
0.00834671
0.00741676
0.00653924
0.00572393
0.00497778
0.00430476
0.003706
0.00318014
0.00272387
0.00233239
0.00199986
0.00171983
0.00148545
0.00128934
0.0011248
0.000989455
0.000887254
0.019126
0.0186306
0.0180294
0.0173605
0.016635
0.015854
0.0150178
0.0141307
0.0132002
0.0122372
0.0112543
0.0102656
0.009286
0.00833057
0.00741362
0.0065478
0.00574327
0.00500724
0.00434365
0.00375339
0.00323468
0.00278368
0.00239515
0.00206297
0.00178065
0.00154162
0.00133878
0.00116613
0.00102297
0.000915308
0.0190757
0.0185604
0.0179429
0.017263
0.0165339
0.0157549
0.0149273
0.0140527
0.0131368
0.012189
0.0112202
0.0102435
0.00927354
0.00832565
0.00741474
0.00655428
0.00575518
0.00502508
0.00436804
0.00378464
0.00327253
0.00282712
0.00244244
0.00211187
0.00182883
0.00158634
0.0013784
0.00119968
0.00105011
0.000937872
0.0190689
0.0185356
0.0179033
0.0172135
0.0164813
0.0157042
0.0148835
0.0140186
0.0131138
0.0121763
0.0112158
0.0102448
0.00927788
0.0083309
0.00741973
0.00655892
0.00576032
0.00503219
0.00437874
0.00380026
0.00329372
0.00285369
0.00247333
0.00214535
0.00186289
0.00161869
0.00140737
0.00122382
0.00106893
0.000952675
0.0191151
0.0185642
0.0179169
0.0172167
0.0164807
0.015705
0.0148882
0.0140296
0.0131311
0.0121985
0.0112404
0.0102686
0.00929821
0.00834575
0.00742834
0.00656181
0.00575907
0.00502906
0.00437616
0.00380041
0.0032981
0.00286289
0.00248701
0.00216243
0.00188149
0.00163732
0.00142403
0.00123669
0.00107735
0.00095758
0.0192239
0.0186547
0.0179908
0.017278
0.016536
0.0157596
0.0149439
0.0140871
0.0131899
0.0122563
0.0112941
0.0103149
0.00933431
0.00837001
0.00744049
0.00656299
0.00575157
0.00501583
0.00436039
0.00378502
0.00328536
0.00285417
0.00248273
0.00216211
0.00188391
0.00164103
0.00142684
0.00123659
0.00107353
0.000950678
0.0194063
0.0188167
0.018133
0.0174041
0.0166526
0.015872
0.0150533
0.0141937
0.013292
0.012351
0.0113778
0.0103842
0.00938648
0.00840379
0.00745622
0.00656247
0.00573776
0.00499241
0.00433125
0.0037538
0.00325508
0.002827
0.00245983
0.00214366
0.00186906
0.00162857
0.0014142
0.00122178
0.00105579
0.000930378
0.0196748
0.0190613
0.0183537
0.0176037
0.0168386
0.016048
0.0152213
0.014353
0.0134404
0.0124848
0.0114931
0.0104776
0.00945545
0.00844752
0.00747569
0.00656022
0.00571749
0.00495851
0.00428837
0.00370634
0.0032068
0.00278081
0.00241763
0.00210613
0.00183568
0.00159783
0.00138437
0.00119064
0.0010227
0.00089543
0.020045
0.0194024
0.0186651
0.0178874
0.0171021
0.0162953
0.0154542
0.0145703
0.0136391
0.012661
0.0116425
0.0105968
0.00954229
0.00850183
0.00749919
0.00655623
0.00569049
0.00491371
0.00423122
0.00364208
0.00313999
0.00271508
0.00235542
0.0020485
0.00178267
0.00154795
0.00133604
0.001142
0.000973391
0.000845136
0.0205355
0.0198571
0.0190831
0.0182694
0.0174559
0.0166246
0.0157608
0.0148529
0.0138942
0.0128841
0.0118293
0.010744
0.00964846
0.00856758
0.00752712
0.0065505
0.00565646
0.00485748
0.00415917
0.00356036
0.00305401
0.00262911
0.00227239
0.00196998
0.00170883
0.00147775
0.00126831
0.00107525
0.000907617
0.00077964
0.0211703
0.020448
0.0196285
0.0187687
0.0179172
0.0170513
0.016154
0.0152111
0.0142134
0.0131598
0.0120576
0.010922
0.00977574
0.00864582
0.00755989
0.006543
0.00561506
0.00478934
0.00407163
0.00346045
0.002948
0.00252189
0.00216741
0.00186939
0.00161311
0.00138645
0.00118079
0.000990503
0.000826125
0.000700411
0.0219804
0.0212046
0.0203299
0.0194115
0.0185093
0.0175957
0.0166514
0.0156587
0.0146072
0.0134957
0.0123324
0.0111343
0.00992634
0.00873772
0.00759793
0.00653359
0.00556589
0.00470877
0.00396803
0.00334167
0.00282097
0.00239224
0.00203921
0.0017453
0.0014947
0.00127383
0.00107397
0.000889147
0.000731323
0.000610983
0.0230079
0.0221674
0.0212257
0.0202321
0.0192627
0.0182842
0.0172741
0.0162124
0.0150884
0.0139011
0.0126601
0.011385
0.0101027
0.00884446
0.00764153
0.00652213
0.00550856
0.0046152
0.00384768
0.00320322
0.00267204
0.0022392
0.001887
0.00159735
0.00135341
0.00114071
0.000949835
0.000774664
0.000628397
0.000518316
0.0243103
0.0233909
0.0223662
0.0212754
0.0202171
0.0191502
0.0180491
0.0168935
0.0156729
0.0143874
0.0130488
0.0116791
0.0103075
0.00896712
0.00769095
0.00650847
0.00544269
0.0045081
0.00370983
0.00304425
0.00250048
0.00206236
0.00171085
0.00142636
0.00119107
0.00099005
0.000813418
0.000654577
0.000527422
0.000434957
0.0259681
0.024949
0.023819
0.0226006
0.0214231
0.0202347
0.01901
0.0177281
0.0163801
0.0149684
0.0135075
0.0120219
0.0105434
0.00910683
0.00774644
0.00649249
0.00536804
0.00438709
0.00355403
0.00286434
0.00230618
0.00186234
0.00151253
0.00123583
0.00101343
0.000829869
0.000675575
0.000543761
0.000447079
0.000383208
0.0280937
0.0269438
0.0256773
0.0242892
0.0229469
0.0215925
0.0201996
0.0187488
0.0172338
0.0156603
0.0140463
0.0124194
0.0108135
0.00926487
0.00780839
0.00647413
0.00528434
0.00425192
0.00338021
0.00266384
0.00209022
0.00164141
0.00129622
0.0010327
0.000831005
0.000675469
0.000556624
0.000469602
0.000421301
0.000403128
0.0308444
0.0295169
0.0280695
0.0264494
0.0248793
0.0232963
0.0216741
0.019997
0.0182628
0.016482
0.014677
0.0128782
0.0111213
0.00944284
0.0078773
0.00645329
0.00519131
0.00410253
0.0031889
0.00244419
0.00185544
0.00140455
0.0010701
0.0008297
0.000662898
0.000554088
0.000494257
0.000481035
0.000509752
0.000565865
0.0344336
0.0328606
0.0311714
0.0292289
0.0273423
0.0254428
0.0235055
0.0215238
0.0195019
0.0174563
0.0154135
0.0134063
0.0114708
0.00964257
0.00795362
0.00642982
0.00508877
0.00393923
0.00298147
0.00220847
0.00160737
0.00116086
0.000848562
0.000648914
0.000541842
0.000512279
0.000551567
0.000661192
0.000811735
0.000989541
0.0391299
0.0372252
0.0352085
0.0328215
0.0304943
0.028153
0.025783
0.0233918
0.0209931
0.0186098
0.016272
0.0140129
0.0118668
0.00986577
0.00803752
0.00640325
0.00497644
0.00376267
0.00276032
0.00196187
0.00135533
0.000925625
0.000655591
0.000526986
0.000522276
0.00062718
0.000833037
0.00114371
0.00148184
0.00184919
0.0452459
0.042902
0.0404577
0.037469
0.0345316
0.0315732
0.0286121
0.0256741
0.0227846
0.0199731
0.0172704
0.0147075
0.0123133
0.0101134
0.00812825
0.0063722
0.00485313
0.00357283
0.00252788
0.00171099
0.00111249
0.000721784
0.000528147
0.000520634
0.000687753
0.00101698
0.0014948
0.00212067
0.00273359
0.00337153
0.0531066
0.0501907
0.0471931
0.0434021
0.0396288
0.0358372
0.0320893
0.028438
0.0249223
0.0215758
0.018427
0.0155
0.0128146
0.0103858
0.00822346
0.00633255
0.00471389
0.00336514
0.00228187
0.00145877
0.000891166
0.000576415
0.000514553
0.000706804
0.00115166
0.00183792
0.00273875
0.00383055
0.00482212
0.00582324
0.0628868
0.0592284
0.0554885
0.0506704
0.0458316
0.0409968
0.0362747
0.0317498
0.0274734
0.0234808
0.0197955
0.0164322
0.0133988
0.0106973
0.00832481
0.00627571
0.00454329
0.00312162
0.00200685
0.0011984
0.000700077
0.000520987
0.000675226
0.00117842
0.00203958
0.00324583
0.00474824
0.00647889
0.00799748
0.00947504
0.0752688
0.0703639
0.0654143
0.0593908
0.0533748
0.047404
0.0416062
0.0360835
0.0309015
0.0261059
0.0217253
0.0177736
0.0142534
0.0111581
0.0084762
0.00619443
0.0043013
0.00278969
0.00165854
0.000913435
0.000566133
0.000633288
0.00113336
0.00208116
0.00347945
0.00530581
0.00749991
0.00998646
0.0123422
0.0146628
0.0944661
0.0881439
0.08174
0.0743108
0.0668156
0.0592455
0.0517746
0.0445704
0.0377645
0.0314595
0.0257233
0.0205916
0.0160741
0.0121634
0.00884345
0.0060976
0.00391461
0.00229175
0.001237
0.000766119
0.000896677
0.00164088
0.00299506
0.00493021
0.0073857
0.0102599
0.0134224
0.0167969
0.019779
0.0228016
0.154156
0.142818
0.129924
0.116803
0.103712
0.090649
0.0779031
0.0657528
0.0544261
0.0441007
0.0348907
0.0268458
0.0199671
0.0142265
0.00958707
0.00602033
0.00351885
0.00210268
0.00181421
0.00270858
0.00483766
0.00822764
0.0128593
0.0186521
0.0254595
0.0330705
0.0412201
0.0498422
0.05872
0.0668012
0.0196684
0.0195765
0.0194849
0.0194052
0.0193405
0.0192939
0.0192722
0.0192836
0.0193367
0.019441
0.0196071
0.0198468
0.020174
0.0206058
0.0211627
0.0218705
0.0227627
0.0238847
0.0252993
0.0270954
0.0293986
0.0323857
0.0362954
0.0414215
0.0481001
0.0566963
0.0676026
0.081995
0.103745
0.166854
0.0195552
0.0194916
0.0194377
0.0193986
0.0193838
0.0193966
0.0194421
0.0195266
0.0196576
0.0198439
0.0200961
0.0204268
0.0208511
0.0213874
0.0220586
0.0228935
0.0239301
0.0252194
0.0268319
0.0288655
0.0314577
0.0347998
0.0391467
0.044809
0.052138
0.0615583
0.0737542
0.0901396
0.113762
0.180486
0.0196065
0.0196059
0.0196154
0.0196365
0.0196796
0.0197508
0.0198569
0.0200054
0.0202048
0.0204646
0.020796
0.0212125
0.0217301
0.0223689
0.0231537
0.0241163
0.0252991
0.0267585
0.028572
0.0308462
0.033729
0.0374248
0.0422027
0.0483848
0.0563307
0.0665212
0.0799032
0.0981135
0.123057
0.195612
0.0198309
0.0198945
0.0199674
0.0200506
0.020156
0.0202911
0.0204637
0.020682
0.0209552
0.0212939
0.0217101
0.0222185
0.0228364
0.0235852
0.0244919
0.0255911
0.0269285
0.0285652
0.0305833
0.0330945
0.0362519
0.0402643
0.0454023
0.0519792
0.0603365
0.0710027
0.0852759
0.105356
0.131213
0.211855
0.0202022
0.0203237
0.0204571
0.0206019
0.0207711
0.0209732
0.0212169
0.021511
0.0218654
0.0222913
0.0228019
0.0234125
0.0241421
0.0250135
0.0260558
0.0273063
0.028814
0.0306436
0.0328806
0.0356393
0.0390745
0.0433935
0.0488593
0.0557629
0.0644116
0.0753748
0.0903802
0.112509
0.138601
0.229028
0.0206856
0.0208578
0.0210472
0.0212521
0.0214851
0.0217555
0.0220728
0.0224464
0.022887
0.0234062
0.0240181
0.024739
0.0255889
0.0265922
0.0277796
0.029191
0.0308777
0.0329072
0.0353665
0.0383701
0.0420703
0.0466675
0.0524091
0.0595522
0.0683584
0.0794378
0.0950512
0.119658
0.145268
0.247773
0.0212421
0.0214584
0.0216987
0.0219608
0.0222563
0.0225949
0.0229864
0.0234409
0.0239697
0.0245851
0.0253018
0.0261369
0.0271111
0.0282503
0.0295867
0.0311617
0.0330286
0.0352558
0.0379306
0.0411653
0.0451068
0.0499446
0.0559049
0.063202
0.072041
0.0830703
0.0991833
0.126952
0.151397
0.26899
0.0218316
0.0220859
0.0223715
0.0226869
0.0230423
0.0234471
0.0239114
0.0244457
0.0250616
0.0257723
0.0265929
0.0275412
0.0286385
0.0299116
0.0313938
0.0331277
0.0351674
0.0375813
0.0404554
0.0438987
0.0480508
0.053089
0.0592153
0.0665942
0.0753629
0.086199
0.102694
0.134532
0.157241
0.293644
0.0224151
0.0227018
0.0230273
0.023391
0.0238019
0.0242691
0.0248023
0.0254125
0.0261115
0.0269128
0.027832
0.0288875
0.030101
0.0314999
0.0331182
0.034999
0.0371965
0.0397781
0.042828
0.0464512
0.0507803
0.0559805
0.06223
0.0696377
0.0782599
0.0887911
0.105521
0.142499
0.163107
0.322514
0.0229571
0.0232712
0.0236311
0.0240374
0.0244981
0.0250217
0.0256179
0.0262973
0.027072
0.0279557
0.0289643
0.0301163
0.0314342
0.0329454
0.0346844
0.0366941
0.0390281
0.0417528
0.0449503
0.0487218
0.0531938
0.058522
0.0648634
0.0722673
0.0806958
0.0908513
0.107643
0.150871
0.169313
0.355811
0.0234287
0.0237654
0.024154
0.0245966
0.0251001
0.0256726
0.0263234
0.0270629
0.0279031
0.0288579
0.0299432
0.0311777
0.0325843
0.0341905
0.0360304
0.0381468
0.0405924
0.0434326
0.0467476
0.0506353
0.0552178
0.0606446
0.0670565
0.0744417
0.0826565
0.0924118
0.109089
0.15954
0.176083
0.392727
0.0238088
0.0241634
0.0245749
0.0250468
0.0255852
0.0261975
0.0268928
0.0276813
0.0285747
0.0295869
0.0307339
0.0320347
0.0335119
0.035193
0.0371121
0.039311
0.0418422
0.04477
0.0481728
0.0521461
0.0568091
0.0623089
0.0687758
0.0761402
0.0841447
0.0935207
0.109937
0.168215
0.183413
0.430982
0.0240849
0.0244526
0.0248812
0.025375
0.0259395
0.0265818
0.0273104
0.0281353
0.0290683
0.0301231
0.0313157
0.0326652
0.0341939
0.0359293
0.037905
0.0401628
0.0427543
0.0457432
0.0492063
0.0532376
0.0579546
0.0635046
0.0700134
0.0773608
0.0851769
0.0942306
0.110304
0.176402
0.19095
0.466941
0.0242526
0.0246289
0.0250687
0.0255769
0.0261585
0.0268203
0.0275704
0.0284189
0.0293775
0.0304598
0.0316818
0.0330624
0.0346238
0.0363933
0.0384044
0.0406987
0.0433275
0.0463536
0.0498532
0.0539188
0.0586673
0.0642477
0.0707853
0.0781214
0.0857887
0.0946022
0.110325
0.183277
0.197804
0.496106
0.0243152
0.0246956
0.0251408
0.025656
0.0262458
0.0269168
0.0276772
0.0285368
0.0295074
0.0306027
0.0318385
0.0332335
0.0348099
0.0365951
0.0386225
0.0409337
0.0435797
0.0466231
0.0501395
0.0542208
0.0589839
0.0645791
0.0711333
0.0784673
0.0860536
0.0947396
0.110195
0.187228
0.202129
0.512722
0.024281
0.0246616
0.025107
0.0256223
0.026212
0.0268829
0.027643
0.0285023
0.0294725
0.0305673
0.0318024
0.0331965
0.034772
0.0365562
0.038583
0.0408938
0.0435399
0.0465838
0.0501011
0.0541838
0.0589489
0.0645471
0.0711052
0.078443
0.0860322
0.0947221
0.110156
0.187156
0.202077
0.513358
0.02415
0.0245268
0.0249672
0.0254758
0.0260574
0.0267189
0.0274685
0.0283161
0.0292736
0.0303545
0.0315746
0.0329527
0.0345114
0.0362784
0.0382876
0.040581
0.0432101
0.0462379
0.0497403
0.0538102
0.0585651
0.0641546
0.0707036
0.0780506
0.0857265
0.0945512
0.110217
0.183086
0.197669
0.49793
0.0239145
0.0242831
0.0247128
0.0252076
0.0257728
0.0264151
0.0271432
0.0279672
0.0288987
0.0299514
0.0311412
0.032487
0.0340117
0.0357434
0.0377163
0.0399728
0.0425652
0.045557
0.0490253
0.0530642
0.0577923
0.0633572
0.0698839
0.0772482
0.0850794
0.094151
0.11015
0.176157
0.190781
0.469719
0.0235728
0.0239288
0.0243421
0.0248159
0.0253558
0.0259691
0.0266646
0.0274524
0.0283444
0.0293541
0.0304977
0.0317942
0.0332666
0.0349433
0.0368591
0.0390568
0.0415894
0.0445215
0.0479318
0.0519163
0.0565948
0.0621145
0.0686041
0.0759901
0.0840173
0.0934203
0.10977
0.16799
0.183262
0.434448
0.0231308
0.0234695
0.0238606
0.0243062
0.0248125
0.0253871
0.026039
0.0267787
0.027618
0.0285705
0.0296523
0.0308824
0.032284
0.0338855
0.0357221
0.0378374
0.040285
0.0431309
0.0464556
0.0503575
0.054959
0.060409
0.066846
0.0742565
0.0825039
0.0923004
0.108947
0.159401
0.175991
0.396645
0.0226025
0.0229193
0.0232826
0.0236931
0.0241578
0.0246848
0.0252835
0.0259643
0.026739
0.0276212
0.0286268
0.0297747
0.0310878
0.0325947
0.0343307
0.0363396
0.0386762
0.0414075
0.0446162
0.0484039
0.0528968
0.0582492
0.0646162
0.0720486
0.0805222
0.0907412
0.107563
0.150865
0.169315
0.359974
0.0220099
0.0223003
0.0226304
0.0229996
0.0234158
0.0238878
0.024425
0.0250381
0.0257385
0.0265396
0.0274569
0.028509
0.0297185
0.0311136
0.0327293
0.0346099
0.0368104
0.039399
0.0424606
0.0461004
0.05045
0.0556732
0.0619471
0.0693874
0.0780704
0.0886967
0.105533
0.142649
0.163233
0.326764
0.0213825
0.0216421
0.0219337
0.022256
0.0226182
0.0230293
0.0234992
0.024038
0.0246571
0.0253693
0.0261896
0.027136
0.0282304
0.0295003
0.0309803
0.0327141
0.0347568
0.0371775
0.0400626
0.0435211
0.0476914
0.0527494
0.0588983
0.066315
0.0751637
0.0861349
0.102817
0.134841
0.157514
0.297879
0.020756
0.0209795
0.0212276
0.0214984
0.0218023
0.0221488
0.0225475
0.0230083
0.0235421
0.0241611
0.0248794
0.0257144
0.026687
0.0278236
0.0291576
0.030732
0.0326014
0.0348344
0.0375186
0.0407659
0.0447216
0.0495751
0.0555565
0.0628983
0.0718397
0.0830491
0.0994241
0.127409
0.151843
0.273161
0.0201691
0.0203509
0.0205502
0.0207656
0.0210086
0.0212884
0.0216145
0.021996
0.0224434
0.0229681
0.0235836
0.0243059
0.0251551
0.0261561
0.0273409
0.0287509
0.0304389
0.0324727
0.0349392
0.037952
0.0416622
0.0462712
0.0520337
0.0592305
0.0681634
0.0794684
0.0954043
0.120249
0.145914
0.251883
0.0196619
0.0197952
0.0199406
0.0200974
0.0202779
0.0204906
0.0207441
0.0210472
0.0214096
0.0218422
0.0223575
0.0229706
0.0236999
0.024569
0.0256082
0.0268565
0.0283644
0.0301969
0.0324389
0.0352038
0.0386457
0.0429744
0.0484634
0.0554317
0.0642316
0.0754614
0.0908345
0.113222
0.139478
0.23312
0.019273
0.0193505
0.0194371
0.0195332
0.0196504
0.0197962
0.0199785
0.0202056
0.0204867
0.0208319
0.0212529
0.0217635
0.0223811
0.0231274
0.0240306
0.0251271
0.0264641
0.028103
0.0301249
0.0326406
0.0358038
0.0398272
0.0449945
0.0516497
0.060181
0.0711468
0.0858184
0.106184
0.132349
0.215999
0.0190366
0.019052
0.0190763
0.0191102
0.019164
0.0192442
0.0193583
0.0195137
0.0197189
0.0199832
0.0203175
0.0207349
0.0212514
0.0218873
0.0226687
0.0236289
0.0248115
0.0262734
0.0280911
0.0303709
0.0332625
0.0369757
0.0417945
0.0480724
0.0562127
0.0667253
0.0805232
0.0990581
0.124479
0.199886
0.018979
0.0189332
0.0188936
0.0188654
0.0188584
0.0188768
0.0189263
0.0190136
0.0191461
0.0193329
0.0195845
0.0199135
0.0203352
0.0208684
0.021537
0.0223709
0.0234088
0.0247025
0.0263221
0.0283661
0.0309748
0.0343458
0.0387487
0.0445238
0.052059
0.0618035
0.0744135
0.0911639
0.115409
0.18487
0.0190973
0.019021
0.0189387
0.0188646
0.0188026
0.0187564
0.0187331
0.0187412
0.01879
0.0188893
0.0190499
0.0192842
0.0196067
0.020035
0.0205903
0.0212989
0.0221946
0.0233234
0.0247495
0.0265633
0.0288931
0.0319219
0.0359017
0.0411535
0.0480396
0.056947
0.0682554
0.0830546
0.105534
0.17132
0.15857
0.147035
0.133763
0.12016
0.106567
0.093027
0.0798482
0.0673203
0.0556756
0.045092
0.0356801
0.0274843
0.0204994
0.0146912
0.0100172
0.00644506
0.00396421
0.00259326
0.00237349
0.00335878
0.00559895
0.00911608
0.0138836
0.0198097
0.0267336
0.0344273
0.0426112
0.0512113
0.0600037
0.0679867
0.0963353
0.0900617
0.0835825
0.0759485
0.0682125
0.0604081
0.0527273
0.0453475
0.0384023
0.031992
0.0261794
0.0209949
0.0164432
0.0125124
0.00918323
0.00643595
0.00425686
0.00264039
0.00159219
0.00112601
0.00125754
0.00199746
0.00334082
0.00525737
0.00768534
0.0105212
0.0136352
0.0169562
0.0198516
0.0228315
0.0763774
0.0715542
0.0666153
0.0605104
0.0543677
0.0482591
0.0423294
0.0366915
0.0314158
0.0265482
0.0221149
0.0181264
0.0145816
0.0114708
0.00877927
0.00649095
0.00459126
0.0030696
0.00192123
0.00114806
0.000758928
0.000768933
0.00119686
0.00205985
0.00336499
0.00509546
0.00719917
0.00961163
0.0118988
0.0142002
0.0635454
0.0599333
0.0561998
0.0513321
0.0464243
0.0415204
0.0367357
0.0321582
0.0278402
0.0238163
0.0201087
0.0167304
0.0136878
0.0109811
0.00860583
0.00655448
0.0048179
0.00338707
0.00225457
0.00141644
0.000874455
0.000638069
0.000724718
0.00115572
0.00194637
0.00308887
0.00453736
0.00622621
0.00772327
0.00920174
0.0533607
0.0504632
0.0474585
0.0436422
0.0398501
0.0360515
0.0323048
0.0286589
0.0251498
0.0218094
0.0186659
0.0157434
0.0130621
0.010637
0.00847755
0.00658787
0.00496701
0.00361014
0.00250991
0.00165855
0.00105046
0.000684847
0.000566694
0.000704288
0.00110292
0.00175542
0.0026346
0.00371246
0.00470148
0.00570206
0.0451964
0.0428588
0.0404057
0.0374125
0.0344891
0.0315643
0.0286457
0.0257515
0.0229015
0.0201226
0.017445
0.0149006
0.0125199
0.0103295
0.00835041
0.00659672
0.00507508
0.00378552
0.00272279
0.00187841
0.00124316
0.000809095
0.000570326
0.000521799
0.000657096
0.000966353
0.00143527
0.00205889
0.00267588
0.00331504
0.0388757
0.0369781
0.0349597
0.0325851
0.03029
0.0279998
0.0256909
0.0233628
0.021022
0.0186877
0.0163884
0.0141582
0.0120327
0.0100458
0.00822614
0.00659487
0.00516485
0.00394071
0.00292016
0.00209589
0.00145745
0.000992703
0.000688371
0.000530076
0.000503094
0.000594439
0.000795071
0.00110702
0.00145328
0.00182918
0.0340499
0.0324895
0.0308079
0.0288879
0.0270404
0.0251973
0.0233265
0.0214146
0.019459
0.0174715
0.0154761
0.0135054
0.0115966
0.00978694
0.00810938
0.00659001
0.00524617
0.0040864
0.00311138
0.00231538
0.00168778
0.00121413
0.000876908
0.000656697
0.000534461
0.000495283
0.000530219
0.000640406
0.000798389
0.000986676
0.0303826
0.02907
0.0276361
0.0260427
0.0245136
0.0229868
0.0214306
0.0198242
0.0181592
0.0164413
0.0146893
0.0129328
0.0112079
0.00955253
0.00800184
0.00658472
0.00532168
0.00422424
0.00329552
0.00253133
0.00192132
0.00145007
0.00109821
0.000844379
0.000668048
0.000552862
0.000489235
0.000474642
0.000506768
0.000569658
0.027581
0.0264454
0.0251949
0.0238367
0.0225345
0.0212339
0.0199044
0.0185228
0.0170773
0.0155689
0.0140118
0.0124318
0.0108626
0.00934132
0.00790353
0.0065794
0.00539129
0.00435285
0.00346903
0.00273694
0.00214681
0.00168321
0.00132648
0.00105503
0.000848295
0.000689261
0.000567384
0.000477109
0.000427776
0.000411098
0.0254204
0.0244134
0.0233
0.0221109
0.0209728
0.0198357
0.0186715
0.0174563
0.016177
0.0148312
0.0134297
0.0119946
0.0105569
0.00915176
0.00781393
0.00657367
0.00545419
0.00447041
0.00362863
0.002927
0.00235655
0.00190248
0.00154573
0.00126537
0.00104144
0.000856727
0.000700031
0.000563792
0.000462609
0.000395736
0.0237373
0.0228268
0.0218181
0.0207556
0.0197357
0.0187174
0.0176741
0.0165827
0.015429
0.0142092
0.0129313
0.0116147
0.0102875
0.00898237
0.00773239
0.00656704
0.00550959
0.00457553
0.00377201
0.00309818
0.00254595
0.00210145
0.00174672
0.00146189
0.00122781
0.00102753
0.000848999
0.000685068
0.000551101
0.00045243
0.0224165
0.0215808
0.0206536
0.0196869
0.0187543
0.0178235
0.0168689
0.015869
0.0148097
0.0136866
0.0125064
0.0112862
0.0100514
0.00883186
0.00765838
0.00655916
0.00555695
0.00466734
0.00389799
0.00324881
0.00271268
0.0022768
0.00192446
0.00163707
0.00139629
0.00118549
0.000993413
0.000813065
0.000658841
0.000540651
0.0213769
0.0206012
0.0197392
0.0188464
0.0179799
0.0171124
0.0162221
0.0152886
0.014299
0.0132497
0.0121464
0.0110044
0.00984625
0.00869914
0.00759151
0.00654989
0.00559618
0.00474567
0.00400629
0.00337851
0.00285611
0.00242732
0.00207661
0.00178683
0.00154062
0.00132258
0.00112224
0.000932741
0.000766953
0.000637834
0.0205597
0.0198337
0.0190254
0.0181904
0.0173733
0.0165513
0.0157061
0.0148195
0.0138807
0.012887
0.0118438
0.0107647
0.00966964
0.00858319
0.00753148
0.00653934
0.00562755
0.00481094
0.0040974
0.00348782
0.00297668
0.00255313
0.0022029
0.00191021
0.00165904
0.00143579
0.00123044
0.00103659
0.000865391
0.000731487
0.0199223
0.0192382
0.0184743
0.0176841
0.0169033
0.0161132
0.0152979
0.0144435
0.013541
0.0125888
0.0115923
0.0105632
0.00951933
0.00848295
0.00747807
0.00652779
0.0056517
0.00486397
0.0041723
0.0035778
0.00307544
0.00265531
0.00230426
0.00200792
0.00175216
0.00152489
0.00131665
0.00112164
0.000949213
0.000814764
0.0194331
0.018784
0.0180558
0.0172999
0.0165448
0.0157757
0.0149794
0.0141461
0.013269
0.0123474
0.0113862
0.0103961
0.00939311
0.00839739
0.00743105
0.00651559
0.00566936
0.00490576
0.00423215
0.00364967
0.00315377
0.00273532
0.00238237
0.002082
0.00182186
0.00159134
0.00138162
0.00118742
0.00101638
0.000883887
0.0190673
0.018447
0.017747
0.0170162
0.0162783
0.015522
0.0147371
0.0139166
0.0130563
0.0121561
0.0112208
0.0102602
0.00928888
0.00832542
0.00739019
0.00650309
0.00568127
0.0049373
0.00427809
0.00370473
0.00321304
0.00279476
0.00243916
0.00213475
0.00187042
0.00163726
0.00142692
0.00123463
0.00106639
0.000936999
0.0188051
0.0182082
0.0175301
0.0168171
0.0160897
0.0153403
0.0145609
0.013747
0.0128963
0.0120097
0.0110919
0.0101524
0.00920473
0.00826605
0.00735517
0.00649053
0.00568805
0.00495942
0.0043111
0.00374408
0.00325456
0.00283512
0.00247624
0.00216773
0.00189979
0.00166456
0.00145406
0.00126425
0.00109956
0.0009737
0.0186301
0.0180522
0.0173913
0.016691
0.0159692
0.0152222
0.0144439
0.0136314
0.0127842
0.0119041
0.0109964
0.0100704
0.00913905
0.00821837
0.0073257
0.00647805
0.00569013
0.00497277
0.00433194
0.0037686
0.00327934
0.00285758
0.00249495
0.00218248
0.0019114
0.0016742
0.00146446
0.00127754
0.0011168
0.00099467
0.0185289
0.0179672
0.0173203
0.0166296
0.0159106
0.0151624
0.0143813
0.0135655
0.012716
0.0118361
0.0109317
0.0100123
0.00909066
0.00818169
0.00730147
0.00646565
0.00568777
0.00497775
0.00434114
0.00377889
0.00328808
0.00286296
0.00249621
0.00217992
0.00190636
0.00166822
0.00145973
0.00127607
0.00111956
0.00100122
0.0184902
0.0179438
0.0173092
0.0166261
0.0159088
0.0151568
0.0143695
0.0135462
0.0126893
0.0118035
0.0108961
0.00997705
0.00905878
0.00815554
0.00728225
0.00645328
0.00568101
0.00497454
0.00433896
0.00377534
0.00328126
0.00285183
0.0024807
0.00216091
0.00188568
0.00164755
0.00144117
0.00126144
0.00110959
0.000995198
0.0185037
0.0179733
0.0173508
0.0166751
0.015959
0.0152025
0.014406
0.0135714
0.0127022
0.0118053
0.010889
0.00996411
0.00904315
0.00813978
0.00726792
0.00644079
0.00566971
0.00496301
0.00432541
0.00375808
0.00325918
0.00282465
0.00244908
0.00212632
0.00184998
0.00161332
0.00141036
0.00123532
0.00108885
0.000978657
0.0185595
0.0180472
0.0174387
0.0167716
0.0160572
0.0152958
0.0144885
0.0136394
0.0127539
0.0118408
0.0109103
0.00997377
0.00904411
0.00813463
0.00725848
0.00642796
0.00565348
0.00494273
0.00430014
0.00372699
0.00322198
0.00278188
0.00240205
0.002077
0.00180062
0.00156683
0.00136842
0.00119963
0.00105949
0.000953897
0.0186472
0.018157
0.0175669
0.0169113
0.0162007
0.0154341
0.0146149
0.0137491
0.0128442
0.0119108
0.010961
0.0100073
0.00906273
0.00814076
0.00725411
0.00641447
0.00563163
0.00491284
0.00426236
0.00368158
0.00316968
0.00272403
0.00234059
0.00201428
0.00173927
0.00150921
0.00131717
0.00115619
0.0010236
0.000923469
0.0187563
0.0182936
0.0177279
0.0170893
0.0163844
0.0156142
0.0147833
0.0138999
0.0129739
0.012017
0.0110436
0.0100671
0.00910109
0.00815948
0.00725519
0.00639984
0.00560304
0.00487192
0.00421071
0.00362091
0.00310194
0.00265154
0.00226581
0.00193976
0.00166759
0.00144281
0.00125847
0.00110708
0.000983587
0.000890092
0.0188737
0.0184461
0.0179129
0.0172972
0.0166024
0.0158317
0.0149917
0.0140922
0.0131453
0.0121635
0.0111626
0.0101575
0.00916273
0.00819305
0.00726249
0.0063834
0.00556595
0.00481763
0.00414287
0.00354315
0.00301787
0.0025645
0.0021788
0.00185531
0.00158793
0.00137001
0.0011943
0.00105388
0.000941973
0.000856718
0.018983
0.0186013
0.01811
0.0175238
0.0168457
0.0160812
0.0152384
0.0143278
0.0133628
0.0123565
0.0113253
0.0102855
0.00925327
0.00824513
0.00727732
0.00636426
0.00551785
0.00474662
0.00405542
0.00344563
0.0029159
0.00246261
0.00208041
0.00176278
0.00150292
0.00129382
0.00112845
0.000999738
0.000900772
0.000826113
0.0190707
0.0187593
0.0183202
0.0177734
0.0171238
0.0163774
0.0155419
0.0146279
0.0136489
0.0126185
0.0115525
0.0104687
0.00938582
0.0083237
0.00730248
0.00634065
0.00545347
0.00465142
0.00394011
0.0033207
0.00278919
0.00234031
0.00196643
0.00165936
0.00141114
0.00121411
0.00106075
0.000944462
0.000858397
0.000798739
0.0191164
0.0189151
0.0185408
0.0180419
0.0174299
0.0167117
0.015895
0.0149876
0.0139997
0.0129448
0.0118385
0.0107007
0.00955426
0.00842405
0.00733589
0.00631373
0.00537707
0.00453901
0.00380546
0.00317596
0.00264578
0.00220533
0.00184434
0.00155238
0.00131931
0.00113606
0.000995209
0.000890128
0.000815436
0.000773427
0.0763288
0.0274135
0.017674
0.0114297
0.00713655
0.00425899
0.00242056
0.001333
0.000755493
0.000492134
0.000405733
0.000412836
0.000466086
0.000538824
0.000615776
0.000688177
0.000751232
0.000802573
0.000841445
0.00086809
0.000883312
0.000888294
0.000884461
0.000873387
0.000856672
0.000835896
0.00081253
0.00078762
0.000762539
0.000742167
0.087217
0.0324458
0.0211551
0.0138406
0.00879869
0.00543825
0.00323855
0.00187454
0.00109005
0.000677586
0.000487717
0.000425228
0.000433119
0.000477694
0.000538818
0.000604353
0.00066711
0.000722945
0.000769601
0.000806164
0.000832595
0.00084944
0.000857588
0.000858099
0.000852095
0.00084073
0.000825194
0.000806615
0.000786669
0.000765969
0.100423
0.0371807
0.02469
0.0162773
0.0105361
0.00673077
0.00419201
0.0025557
0.00155583
0.000978447
0.000666049
0.000514579
0.000458951
0.000459012
0.000489892
0.00053603
0.000587657
0.000638681
0.000685299
0.000725319
0.000757721
0.000782277
0.00079925
0.000809206
0.000812878
0.000811117
0.000804865
0.000794957
0.000782398
0.000766809
0.116044
0.0412548
0.0280682
0.0184005
0.012105
0.0080013
0.0052138
0.00334869
0.00214542
0.00139722
0.000947696
0.000689545
0.000552713
0.000492019
0.000478323
0.000492686
0.000522649
0.000559971
0.000599158
0.000636616
0.00067016
0.000698601
0.000721445
0.00073864
0.000750426
0.000757209
0.000759507
0.000757814
0.000752946
0.000744541
0.134387
0.0449162
0.0315734
0.0204414
0.0136889
0.00936268
0.00636348
0.00428525
0.00287916
0.00195103
0.0013499
0.000968365
0.000733505
0.000596309
0.00052384
0.000493887
0.00049128
0.000505517
0.000529279
0.000557432
0.000586473
0.000614091
0.000638862
0.000659972
0.000677039
0.000689958
0.00069884
0.000703926
0.000705867
0.00070423
0.156305
0.0481543
0.0353027
0.0223266
0.015228
0.0107604
0.00759259
0.00532837
0.00373311
0.00262807
0.00187087
0.00135682
0.00101242
0.000786416
0.000643013
0.000557212
0.000511396
0.000492942
0.0004927
0.000503983
0.000521918
0.000542989
0.000564739
0.00058549
0.000604157
0.00062008
0.000632948
0.000642707
0.000649716
0.000653413
0.182833
0.051077
0.0394079
0.0240059
0.0166928
0.0121555
0.00885555
0.00643359
0.0046685
0.00339767
0.00248869
0.00184123
0.00138276
0.00106119
0.000838911
0.000688794
0.000591213
0.000531768
0.000499693
0.000486853
0.000487078
0.000495694
0.000509195
0.000525013
0.000541309
0.000556826
0.00057077
0.000582709
0.000592612
0.000599778
0.214996
0.0538794
0.0440542
0.0254381
0.0180668
0.0135087
0.0101013
0.00754732
0.00563386
0.00421381
0.00316466
0.00239074
0.00182116
0.00140388
0.00110033
0.000881971
0.000727697
0.00062174
0.000552079
0.000509398
0.000486411
0.000477415
0.000477961
0.000484621
0.000494814
0.000506649
0.000518802
0.000530396
0.000540977
0.000549687
0.253467
0.0568339
0.0493904
0.0265935
0.0193392
0.0147764
0.0112761
0.00861307
0.00657313
0.00502375
0.00385132
0.00296418
0.00229303
0.00178614
0.00140463
0.00111913
0.000907593
0.000753282
0.000643308
0.000567512
0.000517779
0.000487583
0.000471687
0.00046592
0.000467012
0.000472455
0.000480381
0.000489448
0.000498773
0.000507324
0.298188
0.06027
0.0555023
0.0274637
0.0205022
0.0159146
0.0123296
0.00957889
0.00743399
0.00577682
0.00450124
0.00351829
0.00275979
0.00217432
0.00172289
0.00137588
0.00111066
0.000909937
0.000760266
0.000650973
0.000573408
0.000520484
0.000486373
0.00046631
0.000456444
0.000453714
0.000455742
0.000460732
0.000467394
0.000474505
0.34769
0.0644762
0.0623513
0.0280641
0.0215435
0.0168834
0.0132223
0.0104037
0.00817447
0.0064315
0.00507418
0.00401479
0.00318565
0.00253555
0.00202558
0.00162598
0.00131397
0.00107199
0.00088629
0.000745918
0.000641948
0.000566966
0.000514768
0.000480159
0.000458837
0.000447289
0.000442699
0.000442865
0.000446127
0.000451067
0.398684
0.0695549
0.0697009
0.0284304
0.022441
0.0176533
0.0139282
0.0110603
0.00876655
0.00695918
0.00554123
0.00442485
0.00354236
0.00284275
0.00228715
0.00184587
0.00149613
0.0012203
0.00100456
0.000837823
0.00071105
0.000616684
0.00054831
0.000500472
0.00046855
0.000448691
0.000437738
0.000433156
0.000432971
0.000435579
0.446244
0.0752684
0.0770747
0.0286105
0.0231633
0.01821
0.014437
0.0115365
0.00919687
0.00734519
0.00588611
0.00473086
0.0038115
0.00307714
0.00248909
0.00201773
0.00164036
0.00133939
0.00110103
0.000914187
0.000769799
0.00066025
0.000579044
0.000520575
0.000480039
0.000453362
0.000437143
0.000428601
0.00042552
0.000426132
0.484443
0.0808521
0.0836199
0.0286558
0.0236764
0.0185559
0.0147523
0.0118334
0.00946538
0.00758734
0.00610419
0.00492603
0.0039846
0.00322913
0.00262107
0.00213096
0.00173616
0.00141918
0.00116625
0.000966353
0.000810409
0.000690806
0.000601011
0.000535363
0.000488977
0.00045766
0.00043787
0.000426663
0.000421656
0.000420957
0.50581
0.0845933
0.0876175
0.0286444
0.023942
0.0187108
0.0148927
0.011965
0.00958371
0.0076943
0.00620101
0.00501311
0.00406218
0.00329748
0.00268062
0.00218218
0.00177961
0.00145545
0.00119598
0.000990177
0.00082897
0.000704735
0.00061094
0.000541942
0.000492837
0.000459401
0.000438031
0.000425702
0.000419941
0.000418781
0.50601
0.0846605
0.087772
0.0286701
0.0239227
0.0186985
0.0148789
0.0119494
0.00956818
0.00767959
0.00618737
0.00500059
0.00405077
0.00328718
0.00267138
0.00217399
0.00177246
0.0014493
0.00119077
0.000985804
0.000825301
0.000701624
0.000608282
0.000539679
0.000490959
0.00045792
0.000436958
0.000425045
0.000419697
0.00041893
0.485017
0.0810349
0.0840412
0.0287335
0.0236253
0.0185212
0.014713
0.0117884
0.00942004
0.00754425
0.00606421
0.00488937
0.00395127
0.00319905
0.00259418
0.00210719
0.00171544
0.00140139
0.00115118
0.000953685
0.000799744
0.000681748
0.000593265
0.000528786
0.000483548
0.000453408
0.000434832
0.00042486
0.000421078
0.000421544
0.447123
0.0755244
0.0776545
0.0287368
0.0230966
0.0181586
0.0143774
0.0114666
0.0091253
0.00727665
0.00582246
0.00467267
0.0037588
0.00302981
0.002447
0.00198075
0.00160831
0.00131198
0.00107782
0.000894629
0.000753254
0.000646151
0.000567
0.000510419
0.000471753
0.000446995
0.000432746
0.000426202
0.000425102
0.000427604
0.399783
0.0698448
0.0703189
0.0285949
0.0223771
0.017593
0.013855
0.0109717
0.00867353
0.00686922
0.00545764
0.00434873
0.00347387
0.00278176
0.00223344
0.00179917
0.00145602
0.00118624
0.000975797
0.000813535
0.000690423
0.00059908
0.000533358
0.000488033
0.000458631
0.000441354
0.000433037
0.000431119
0.000433571
0.000438686
0.348931
0.0647773
0.0629083
0.0282491
0.0214975
0.0168223
0.0131421
0.0103026
0.00806561
0.00632499
0.00497512
0.00392507
0.00310568
0.00246521
0.00196451
0.00157363
0.00126963
0.00103471
0.000854986
0.000719496
0.000619499
0.000547897
0.000498791
0.000467203
0.000448941
0.00044052
0.000439112
0.000442478
0.000448889
0.000456803
0.29951
0.0605745
0.0559315
0.0276451
0.020482
0.0158602
0.012249
0.0094722
0.00731576
0.00565974
0.00439224
0.00342021
0.00267343
0.00209956
0.00165917
0.00132231
0.00106609
0.000872989
0.000729493
0.000625124
0.000551608
0.000502257
0.000471543
0.000454873
0.000448464
0.000449267
0.000454878
0.00046345
0.000473606
0.000483982
0.254827
0.0571439
0.0496613
0.0267447
0.0193435
0.0147337
0.0112004
0.00850738
0.00645283
0.00490326
0.00373913
0.00286408
0.00220622
0.00171247
0.00134324
0.00106877
0.000866623
0.000719899
0.000615854
0.00054476
0.000499005
0.000472465
0.000460152
0.000458015
0.000462827
0.000472066
0.000483823
0.00049669
0.000509687
0.000521618
0.21637
0.0541998
0.0441671
0.0255355
0.018085
0.0134786
0.0100348
0.00744898
0.00551922
0.00409801
0.00305709
0.00229585
0.00174039
0.00133696
0.00104613
0.0008388
0.000693502
0.000594501
0.000530193
0.000491846
0.000472693
0.000467362
0.000471583
0.000482005
0.000496058
0.000511817
0.000527905
0.000543372
0.000557653
0.000569705
0.184206
0.0514094
0.0393823
0.0240322
0.0167081
0.012134
0.00880011
0.00634811
0.00456706
0.0032948
0.00239378
0.00175885
0.00131428
0.00100617
0.000795914
0.000655783
0.000565996
0.000512448
0.000484986
0.000476075
0.000479965
0.000492214
0.000509425
0.00052905
0.000549234
0.000568677
0.00058653
0.000602285
0.000615791
0.000626136
0.157665
0.0484934
0.0351654
0.0222723
0.0152215
0.0107394
0.00754805
0.00525983
0.00365119
0.00254521
0.00179547
0.00129293
0.000961066
0.000746882
0.00061365
0.000535952
0.000496274
0.000482525
0.000486173
0.000501018
0.000522473
0.000547146
0.000572592
0.000597105
0.000619564
0.000639278
0.000655893
0.000669297
0.000679718
0.00068634
0.135718
0.0452495
0.0313496
0.0203047
0.0136452
0.00933363
0.00632797
0.00423573
0.00282068
0.00189258
0.00129805
0.000926185
0.000701478
0.000573492
0.000508628
0.000484547
0.000486432
0.000504329
0.000531403
0.000562859
0.000595329
0.000626498
0.000654871
0.000679574
0.000700184
0.000716594
0.000728907
0.000737343
0.00074242
0.000743408
0.117328
0.0415639
0.0277769
0.0181878
0.012017
0.00795806
0.00518485
0.00331799
0.00211097
0.00136372
0.000919498
0.000668598
0.00053904
0.000484668
0.000476042
0.000494367
0.000527596
0.000567885
0.000610045
0.000650658
0.000687522
0.000719345
0.000745524
0.000765951
0.000780832
0.000790605
0.00079583
0.000797037
0.000794943
0.000788852
0.101644
0.0374454
0.0243466
0.0160059
0.0104085
0.00667217
0.00416715
0.00254109
0.00154228
0.000966268
0.000657535
0.000510861
0.000459904
0.000463981
0.000498236
0.000547315
0.000601701
0.000655476
0.000704957
0.000747972
0.000783387
0.000810849
0.000830552
0.000843044
0.000849052
0.0008495
0.000845424
0.000837763
0.000827498
0.000813935
0.08837
0.0326325
0.0207598
0.0135411
0.00865379
0.00537275
0.00321769
0.00187176
0.00109129
0.000679941
0.000492151
0.000432613
0.000443602
0.000491165
0.000555287
0.000623951
0.000689854
0.000748727
0.000798268
0.000837438
0.000866137
0.000884897
0.000894606
0.000896374
0.000891399
0.00088095
0.00086641
0.000849119
0.000830797
0.000811831
0.0774635
0.0275035
0.0172296
0.0111373
0.00699894
0.00419469
0.0024016
0.00133505
0.000762991
0.000500808
0.000416057
0.000425766
0.00048216
0.000558395
0.00063919
0.000715721
0.000782814
0.000837722
0.00087938
0.000907885
0.000924095
0.000929338
0.00092518
0.000913322
0.000895548
0.000873628
0.000849291
0.000823934
0.000799248
0.000780326
0.000726905
0.000697735
0.000666759
0.000637051
0.000609123
0.000583115
0.000559027
0.000536772
0.000516198
0.00049713
0.000479394
0.000462829
0.00044729
0.00043265
0.0004188
0.000405643
0.000393098
0.000381096
0.000369578
0.000358492
0.000347796
0.000337453
0.000327431
0.000317704
0.000308249
0.000299046
0.000290078
0.000281332
0.000272794
0.000264453
0.000256301
0.000248329
0.000240531
0.000232899
0.000225429
0.000218115
0.000210955
0.000203942
0.000197076
0.000190351
0.000183767
0.000177319
0.000171007
0.000164827
0.000158779
0.000152859
0.000147067
0.000141402
0.000135861
0.000130444
0.000125149
0.000119974
0.00011492
0.000109985
0.000105167
0.000100467
9.58818e-05
9.14123e-05
8.70569e-05
8.28151e-05
7.8686e-05
7.46688e-05
7.0763e-05
6.69677e-05
6.32825e-05
5.97063e-05
5.62385e-05
5.28784e-05
4.96254e-05
4.64795e-05
4.34401e-05
4.05069e-05
3.76792e-05
3.49567e-05
3.2339e-05
2.98255e-05
2.74157e-05
2.51091e-05
2.29058e-05
2.08055e-05
1.88078e-05
1.69123e-05
1.51189e-05
1.34269e-05
1.18363e-05
1.03469e-05
8.9586e-06
7.67116e-06
6.48447e-06
5.39729e-06
4.40921e-06
3.52031e-06
2.73114e-06
2.04341e-06
1.45639e-06
9.67235e-07
5.75572e-07
2.84511e-07
9.50746e-08
9.82613e-09
0.000734306
0.000695318
0.000660411
0.000629451
0.000601405
0.000575831
0.000552421
0.000530916
0.00051108
0.000492696
0.000475577
0.000459559
0.000444498
0.000430274
0.000416782
0.000403935
0.000391656
0.000379881
0.000368557
0.000357637
0.000347083
0.00033686
0.00032694
0.000317299
0.000307917
0.000298776
0.000289861
0.000281158
0.000272656
0.000264346
0.000256219
0.000248268
0.000240487
0.000232869
0.00022541
0.000218106
0.000210953
0.000203946
0.000197084
0.000190363
0.000183781
0.000177335
0.000171023
0.000164844
0.000158796
0.000152877
0.000147084
0.000141418
0.000135877
0.000130459
0.000125163
0.000119988
0.000114932
0.000109996
0.000105178
0.000100476
9.58905e-05
9.14201e-05
8.7064e-05
8.28214e-05
7.86916e-05
7.46738e-05
7.07673e-05
6.69714e-05
6.32855e-05
5.97089e-05
5.62408e-05
5.28803e-05
4.96272e-05
4.6481e-05
4.34414e-05
4.05078e-05
3.76799e-05
3.49571e-05
3.23391e-05
2.98255e-05
2.74156e-05
2.5109e-05
2.29054e-05
2.08048e-05
1.8807e-05
1.69119e-05
1.51185e-05
1.34265e-05
1.18358e-05
1.03461e-05
8.95743e-06
7.66946e-06
6.48197e-06
5.39488e-06
4.40785e-06
3.52042e-06
2.73249e-06
2.04421e-06
1.45601e-06
9.66624e-07
5.75273e-07
2.84476e-07
9.52668e-08
9.86775e-09
0.000732873
0.000688619
0.000650974
0.000619038
0.000591057
0.000566111
0.000543596
0.000523075
0.000504212
0.00048674
0.000470448
0.000455163
0.000440747
0.000427082
0.000414072
0.000401639
0.000389714
0.000378241
0.000367174
0.000356472
0.000346103
0.000336037
0.00032625
0.000316721
0.000307434
0.000298373
0.000289525
0.000280878
0.000272424
0.000264154
0.000256061
0.000248138
0.00024038
0.000232782
0.000225339
0.000218048
0.000210906
0.000203909
0.000197054
0.000190339
0.000183761
0.00017732
0.000171011
0.000164835
0.000158788
0.00015287
0.000147079
0.000141414
0.000135873
0.000130455
0.00012516
0.000119985
0.00011493
0.000109993
0.000105175
0.000100473
9.58877e-05
9.14172e-05
8.7061e-05
8.28183e-05
7.86884e-05
7.46704e-05
7.07637e-05
6.69677e-05
6.32817e-05
5.9705e-05
5.62369e-05
5.28766e-05
4.96234e-05
4.64772e-05
4.34375e-05
4.05039e-05
3.76759e-05
3.49533e-05
3.23355e-05
2.98219e-05
2.74121e-05
2.51056e-05
2.29021e-05
2.08014e-05
1.88036e-05
1.69083e-05
1.5115e-05
1.34231e-05
1.18324e-05
1.03425e-05
8.95364e-06
7.66593e-06
6.47859e-06
5.39128e-06
4.40435e-06
3.51799e-06
2.73112e-06
2.04291e-06
1.45447e-06
9.65314e-07
5.74506e-07
2.84156e-07
9.52289e-08
9.8711e-09
0.000713913
0.000670333
0.000633696
0.000603047
0.000576565
0.000553199
0.000532243
0.000513192
0.000495671
0.000479402
0.000464171
0.000449813
0.000436198
0.000423224
0.000410805
0.000398876
0.00038738
0.000376272
0.000365514
0.000355074
0.000344926
0.000335047
0.000325418
0.000316023
0.000306848
0.000297881
0.000289112
0.000280533
0.000272135
0.000263912
0.000255859
0.000247969
0.000240239
0.000232664
0.00022524
0.000217966
0.000210836
0.00020385
0.000197005
0.000190297
0.000183726
0.00017729
0.000170985
0.000164812
0.000158769
0.000152853
0.000147064
0.0001414
0.000135861
0.000130444
0.000125149
0.000119975
0.00011492
0.000109984
0.000105166
0.000100465
9.58792e-05
9.14089e-05
8.70529e-05
8.28104e-05
7.86806e-05
7.46627e-05
7.0756e-05
6.69599e-05
6.3274e-05
5.96973e-05
5.62292e-05
5.28691e-05
4.96163e-05
4.64702e-05
4.34307e-05
4.04973e-05
3.76695e-05
3.49469e-05
3.23291e-05
2.98157e-05
2.74061e-05
2.50998e-05
2.28964e-05
2.07958e-05
1.87979e-05
1.69024e-05
1.51093e-05
1.34183e-05
1.18275e-05
1.03366e-05
8.94765e-06
7.66032e-06
6.47319e-06
5.38611e-06
4.39962e-06
3.51385e-06
2.72753e-06
2.03986e-06
1.45193e-06
9.63328e-07
5.7323e-07
2.83526e-07
9.50582e-08
9.85725e-09
0.000679729
0.000641413
0.000609083
0.00058196
0.000558476
0.000537702
0.000518991
0.000501885
0.000486045
0.000471222
0.000457233
0.000443937
0.000431228
0.000419024
0.00040726
0.000395886
0.00038486
0.000374149
0.000363726
0.00035357
0.00034366
0.000333982
0.000324522
0.00031527
0.000306214
0.000297348
0.000288664
0.000280156
0.000271818
0.000263645
0.000255634
0.000247779
0.000240078
0.000232528
0.000225125
0.000217868
0.000210753
0.000203779
0.000196943
0.000190244
0.00018368
0.000177249
0.00017095
0.000164781
0.00015874
0.000152827
0.000147041
0.000141379
0.000135841
0.000130425
0.000125131
0.000119958
0.000114904
0.000109969
0.000105152
0.000100451
9.5866e-05
9.13962e-05
8.70406e-05
8.27985e-05
7.86689e-05
7.46512e-05
7.07445e-05
6.69489e-05
6.32636e-05
5.96869e-05
5.62182e-05
5.2858e-05
4.96058e-05
4.64605e-05
4.34214e-05
4.04883e-05
3.76608e-05
3.49386e-05
3.23208e-05
2.98072e-05
2.73975e-05
2.50916e-05
2.28888e-05
2.07886e-05
1.87904e-05
1.68945e-05
1.51011e-05
1.34096e-05
1.18193e-05
1.03298e-05
8.94106e-06
7.6533e-06
6.46609e-06
5.3793e-06
4.39317e-06
3.50771e-06
2.72207e-06
2.03546e-06
1.44846e-06
9.60727e-07
5.71563e-07
2.82668e-07
9.48017e-08
9.8343e-09
0.000636209
0.000605855
0.000579846
0.000557695
0.00053822
0.000520728
0.000504734
0.000489891
0.000475948
0.000462719
0.000450071
0.000437905
0.00042615
0.000414749
0.000403662
0.000392859
0.000382313
0.000372007
0.000361925
0.000352054
0.000342385
0.000332909
0.000323619
0.00031451
0.000305574
0.000296809
0.00028821
0.000279772
0.000271494
0.000263371
0.000255401
0.000247581
0.00023991
0.000232384
0.000225002
0.000217762
0.000210662
0.0002037
0.000196874
0.000190184
0.000183626
0.000177201
0.000170907
0.000164742
0.000158705
0.000152795
0.000147011
0.000141351
0.000135815
0.000130401
0.000125109
0.000119937
0.000114884
0.00010995
0.000105133
0.000100433
9.58488e-05
9.13796e-05
8.70246e-05
8.2783e-05
7.86541e-05
7.46369e-05
7.07311e-05
6.69359e-05
6.325e-05
5.96727e-05
5.62043e-05
5.28445e-05
4.95926e-05
4.64478e-05
4.34094e-05
4.0477e-05
3.76501e-05
3.4928e-05
3.23105e-05
2.97972e-05
2.73876e-05
2.50816e-05
2.2879e-05
2.07791e-05
1.87812e-05
1.68854e-05
1.5092e-05
1.34001e-05
1.18095e-05
1.03201e-05
8.93181e-06
7.64442e-06
6.45748e-06
5.37098e-06
4.38514e-06
3.49993e-06
2.71515e-06
2.02997e-06
1.4442e-06
9.57572e-07
5.69567e-07
2.81643e-07
9.44907e-08
9.80628e-09
0.000589731
0.000568226
0.000549239
0.000532588
0.000517501
0.000503551
0.000490442
0.000477969
0.000465983
0.000454378
0.000443083
0.000432046
0.000421235
0.000410625
0.000400201
0.000389953
0.000379873
0.000369958
0.000360203
0.000350607
0.000341168
0.000331886
0.000322758
0.000313784
0.000304962
0.000296292
0.000287773
0.000279403
0.00027118
0.000263105
0.000255174
0.000247388
0.000239744
0.000232241
0.000224879
0.000217655
0.000210568
0.000203618
0.000196802
0.00019012
0.000183569
0.00017715
0.000170861
0.0001647
0.000158666
0.000152759
0.000146978
0.00014132
0.000135786
0.000130374
0.000125083
0.000119912
0.00011486
0.000109927
0.000105111
0.000100412
9.58287e-05
9.13602e-05
8.7006e-05
8.27652e-05
7.86371e-05
7.4621e-05
7.07156e-05
6.692e-05
6.32339e-05
5.96571e-05
5.61891e-05
5.28296e-05
4.9578e-05
4.64337e-05
4.33958e-05
4.04638e-05
3.76373e-05
3.49158e-05
3.22989e-05
2.97861e-05
2.73769e-05
2.50709e-05
2.28678e-05
2.07676e-05
1.877e-05
1.68746e-05
1.50812e-05
1.33894e-05
1.17988e-05
1.03093e-05
8.92098e-06
7.63384e-06
6.44736e-06
5.36129e-06
4.37581e-06
3.49114e-06
2.70732e-06
2.02345e-06
1.43905e-06
9.53861e-07
5.67292e-07
2.8053e-07
9.41677e-08
9.77798e-09
0.000545656
0.000532422
0.000520089
0.000508701
0.000497836
0.000487299
0.000476971
0.000466775
0.000456662
0.000446606
0.000436594
0.000426624
0.0004167
0.000406831
0.000397024
0.000387292
0.000377643
0.000368088
0.000358634
0.00034929
0.000340062
0.000330956
0.000321975
0.000313124
0.000304406
0.000295823
0.000287376
0.000279066
0.000270894
0.000262861
0.000254966
0.000247209
0.00023959
0.000232108
0.000224763
0.000217554
0.00021048
0.00020354
0.000196732
0.000190057
0.000183513
0.000177099
0.000170814
0.000164657
0.000158627
0.000152723
0.000146944
0.000141288
0.000135756
0.000130345
0.000125055
0.000119886
0.000114835
0.000109903
0.000105088
0.00010039
9.58074e-05
9.13397e-05
8.69861e-05
8.27461e-05
7.86189e-05
7.46038e-05
7.0699e-05
6.69033e-05
6.3217e-05
5.96405e-05
5.61732e-05
5.28142e-05
4.95628e-05
4.64189e-05
4.33815e-05
4.04499e-05
3.76238e-05
3.49028e-05
3.22865e-05
2.97739e-05
2.73647e-05
2.50586e-05
2.28557e-05
2.07557e-05
1.87581e-05
1.68629e-05
1.50696e-05
1.33778e-05
1.17871e-05
1.02976e-05
8.90932e-06
7.6222e-06
6.43596e-06
5.35041e-06
4.36556e-06
3.48164e-06
2.69886e-06
2.01634e-06
1.43348e-06
9.4994e-07
5.64938e-07
2.79424e-07
9.38699e-08
9.75334e-09
0.000507595
0.00050111
0.000494363
0.000487494
0.000480316
0.000472798
0.000464949
0.000456794
0.000448365
0.000439702
0.000430844
0.000421831
0.000412703
0.000403494
0.000394238
0.000384964
0.000375697
0.000366459
0.000357271
0.000348148
0.000339105
0.000330152
0.0003213
0.000312557
0.000303928
0.000295419
0.000287034
0.000278777
0.000270648
0.000262651
0.000254786
0.000247055
0.000239457
0.000231993
0.000224663
0.000217466
0.000210402
0.000203471
0.000196671
0.000190002
0.000183463
0.000177053
0.000170772
0.000164618
0.000158591
0.000152689
0.000146912
0.000141258
0.000135727
0.000130318
0.000125029
0.000119861
0.000114812
0.00010988
0.000105066
0.000100369
9.57868e-05
9.13196e-05
8.69666e-05
8.27273e-05
7.86015e-05
7.4589e-05
7.06857e-05
6.68883e-05
6.31997e-05
5.9623e-05
5.61565e-05
5.27981e-05
4.95477e-05
4.64045e-05
4.33675e-05
4.04362e-05
3.76102e-05
3.48897e-05
3.22737e-05
2.97614e-05
2.73522e-05
2.50463e-05
2.28436e-05
2.07436e-05
1.8746e-05
1.68508e-05
1.50576e-05
1.33658e-05
1.17751e-05
1.02857e-05
8.89746e-06
7.61037e-06
6.42433e-06
5.33919e-06
4.35486e-06
3.47172e-06
2.69013e-06
2.00913e-06
1.42797e-06
9.46173e-07
5.6276e-07
2.78446e-07
9.3638e-08
9.73748e-09
0.000477259
0.000475621
0.000473096
0.000469773
0.00046557
0.000460539
0.000454762
0.000448331
0.000441334
0.000433859
0.000425987
0.000417793
0.000409344
0.0004007
0.000391912
0.000383026
0.000374083
0.000365114
0.000356149
0.000347212
0.000338323
0.000329499
0.000320753
0.000312098
0.000303543
0.000295096
0.000286762
0.000278546
0.000270453
0.000262485
0.000254645
0.000246934
0.000239353
0.000231903
0.000224584
0.000217397
0.000210341
0.000203416
0.000196622
0.000189958
0.000183423
0.000177016
0.000170738
0.000164586
0.000158561
0.000152661
0.000146885
0.000141233
0.000135703
0.000130295
0.000125007
0.00011984
0.000114791
0.00010986
0.000105047
0.00010035
9.57686e-05
9.13017e-05
8.69492e-05
8.27109e-05
7.85855e-05
7.45713e-05
7.06669e-05
6.68717e-05
6.31863e-05
5.96108e-05
5.61443e-05
5.27861e-05
4.95356e-05
4.63923e-05
4.33551e-05
4.04237e-05
3.75976e-05
3.48769e-05
3.22609e-05
2.9749e-05
2.73405e-05
2.50348e-05
2.2832e-05
2.0732e-05
1.87345e-05
1.68394e-05
1.5046e-05
1.33542e-05
1.17637e-05
1.02743e-05
8.88602e-06
7.59887e-06
6.41291e-06
5.3281e-06
4.34439e-06
3.46214e-06
2.68176e-06
2.00231e-06
1.42288e-06
9.42853e-07
5.60983e-07
2.77727e-07
9.3501e-08
9.73201e-09
0.000454765
0.000456174
0.000456544
0.000455794
0.000453835
0.00045073
0.000446588
0.000441533
0.000435689
0.000429176
0.000422105
0.000414577
0.00040668
0.000398493
0.000390084
0.000381512
0.000372829
0.000364075
0.000355288
0.000346499
0.000337732
0.000329008
0.000320346
0.000311761
0.000303263
0.000294862
0.000286567
0.000278384
0.000270317
0.000262371
0.000254548
0.000246852
0.000239283
0.000231843
0.000224532
0.000217351
0.000210301
0.000203381
0.00019659
0.000189929
0.000183396
0.000176992
0.000170715
0.000164565
0.000158541
0.000152642
0.000146867
0.000141215
0.000135686
0.000130278
0.000124991
0.000119824
0.000114776
0.000109846
0.000105033
0.000100336
9.57548e-05
9.12885e-05
8.69364e-05
8.26978e-05
7.85718e-05
7.45572e-05
7.0653e-05
6.68589e-05
6.31746e-05
5.95997e-05
5.61336e-05
5.27754e-05
4.95248e-05
4.63813e-05
4.3344e-05
4.04123e-05
3.75864e-05
3.48659e-05
3.22501e-05
2.97384e-05
2.73302e-05
2.50246e-05
2.28218e-05
2.07217e-05
1.87242e-05
1.6829e-05
1.50357e-05
1.33439e-05
1.17533e-05
1.0264e-05
8.87572e-06
7.58855e-06
6.40259e-06
5.31793e-06
4.3348e-06
3.4535e-06
2.67432e-06
1.99637e-06
1.41866e-06
9.40218e-07
5.59577e-07
2.77173e-07
9.34437e-08
9.73773e-09
0.000439207
0.000442267
0.000444451
0.000445441
0.000445073
0.000443374
0.000440449
0.000436431
0.000431463
0.000425684
0.000419224
0.000412203
0.000404727
0.000396888
0.000388766
0.000380432
0.000371943
0.00036335
0.000354696
0.000346015
0.000337337
0.000328687
0.000320085
0.000311548
0.00030309
0.000294722
0.000286454
0.000278292
0.000270242
0.00026231
0.000254499
0.000246812
0.00023925
0.000231816
0.000224509
0.000217332
0.000210285
0.000203366
0.000196577
0.000189917
0.000183386
0.000176982
0.000170706
0.000164556
0.000158532
0.000152633
0.000146858
0.000141206
0.000135677
0.00013027
0.000124983
0.000119815
0.000114767
0.000109837
0.000105024
0.000100327
9.5746e-05
9.12798e-05
8.69276e-05
8.26888e-05
7.85626e-05
7.45478e-05
7.06439e-05
6.68502e-05
6.31663e-05
5.95916e-05
5.61256e-05
5.27674e-05
4.95164e-05
4.63724e-05
4.33348e-05
4.04035e-05
3.75779e-05
3.48574e-05
3.22417e-05
2.97299e-05
2.73215e-05
2.50162e-05
2.28134e-05
2.07131e-05
1.87155e-05
1.68203e-05
1.5027e-05
1.33351e-05
1.17445e-05
1.02555e-05
8.86759e-06
7.58038e-06
6.39399e-06
5.309e-06
4.32651e-06
3.44628e-06
2.66801e-06
1.99144e-06
1.41535e-06
9.38265e-07
5.58648e-07
2.76871e-07
9.34499e-08
9.74764e-09
0.000429254
0.000433077
0.000436312
0.000438403
0.000439092
0.000438351
0.000436267
0.000432973
0.000428618
0.000423353
0.000417322
0.000410656
0.000403472
0.000395873
0.000387949
0.000379775
0.000371418
0.000362933
0.000354365
0.000345755
0.000337134
0.00032853
0.000319965
0.000311458
0.000303024
0.000294675
0.000286421
0.00027827
0.00027023
0.000262304
0.000254498
0.000246814
0.000239255
0.000231822
0.000224517
0.00021734
0.000210293
0.000203374
0.000196585
0.000189924
0.000183392
0.000176987
0.00017071
0.00016456
0.000158535
0.000152635
0.00014686
0.000141207
0.000135678
0.000130269
0.000124982
0.000119814
0.000114765
0.000109835
0.000105021
0.000100324
9.57428e-05
9.12763e-05
8.69238e-05
8.26847e-05
7.8558e-05
7.45431e-05
7.0639e-05
6.68453e-05
6.31614e-05
5.95868e-05
5.61206e-05
5.27621e-05
4.95106e-05
4.63661e-05
4.33285e-05
4.03974e-05
3.7572e-05
3.48516e-05
3.22357e-05
2.97237e-05
2.73152e-05
2.50097e-05
2.28069e-05
2.07066e-05
1.87089e-05
1.68136e-05
1.50203e-05
1.33284e-05
1.17379e-05
1.02492e-05
8.86143e-06
7.5744e-06
6.388e-06
5.30232e-06
4.31987e-06
3.44041e-06
2.66305e-06
1.98773e-06
1.41295e-06
9.36858e-07
5.57946e-07
2.76663e-07
9.35161e-08
9.76749e-09
0.000423617
0.000427761
0.000431567
0.000434302
0.000435626
0.000435471
0.000433903
0.000431051
0.000427069
0.000422116
0.000416342
0.000409886
0.000402874
0.000395414
0.000387601
0.000379517
0.000371232
0.000362803
0.00035428
0.000345705
0.000337111
0.000328527
0.000319978
0.000311482
0.000303056
0.000294713
0.000286462
0.000278314
0.000270274
0.000262348
0.000254541
0.000246855
0.000239294
0.000231859
0.000224552
0.000217373
0.000210323
0.000203402
0.000196611
0.000189948
0.000183413
0.000177007
0.000170728
0.000164576
0.000158549
0.000152648
0.000146871
0.000141217
0.000135686
0.000130277
0.000124989
0.00011982
0.00011477
0.000109839
0.000105025
0.000100327
9.57448e-05
9.12778e-05
8.69248e-05
8.26851e-05
7.8558e-05
7.45427e-05
7.06384e-05
6.68445e-05
6.31603e-05
5.95851e-05
5.61185e-05
5.27595e-05
4.95076e-05
4.63629e-05
4.33255e-05
4.03945e-05
3.75689e-05
3.48483e-05
3.22321e-05
2.97198e-05
2.73111e-05
2.50055e-05
2.28025e-05
2.07021e-05
1.87043e-05
1.68091e-05
1.50158e-05
1.33236e-05
1.17325e-05
1.02435e-05
8.85611e-06
7.56913e-06
6.3831e-06
5.29915e-06
4.3173e-06
3.43669e-06
2.6591e-06
1.98517e-06
1.41163e-06
9.36069e-07
5.57427e-07
2.76485e-07
9.35975e-08
9.78879e-09
0.000421313
0.000425631
0.000429722
0.000432771
0.000434399
0.000434516
0.000433181
0.000430523
0.0004267
0.000421874
0.0004162
0.000409823
0.000402871
0.000395456
0.000387677
0.000379618
0.000371348
0.00036293
0.000354413
0.00034584
0.000337246
0.00032866
0.000320107
0.000311607
0.000303175
0.000294825
0.000286568
0.000278413
0.000270367
0.000262435
0.000254621
0.00024693
0.000239363
0.000231923
0.000224611
0.000217427
0.000210372
0.000203448
0.000196652
0.000189986
0.000183448
0.000177039
0.000170757
0.000164602
0.000158574
0.00015267
0.000146891
0.000141235
0.000135702
0.000130292
0.000125002
0.000119832
0.000114781
0.000109849
0.000105033
0.000100334
9.57516e-05
9.12838e-05
8.69301e-05
8.26898e-05
7.85621e-05
7.45462e-05
7.06413e-05
6.6847e-05
6.31622e-05
5.95865e-05
5.61193e-05
5.276e-05
4.9508e-05
4.6363e-05
4.33253e-05
4.03941e-05
3.75681e-05
3.4847e-05
3.22305e-05
2.97181e-05
2.73092e-05
2.50033e-05
2.28001e-05
2.06996e-05
1.87017e-05
1.68061e-05
1.50128e-05
1.33207e-05
1.17292e-05
1.02399e-05
8.85221e-06
7.56518e-06
6.37954e-06
5.2959e-06
4.31437e-06
3.43495e-06
2.65859e-06
1.98513e-06
1.41143e-06
9.35246e-07
5.56798e-07
2.76419e-07
9.37032e-08
9.80978e-09
0.000421752
0.000426219
0.000430401
0.000433502
0.000435153
0.00043527
0.00043392
0.000431236
0.000427379
0.000422516
0.000416803
0.000410386
0.000403394
0.000395941
0.000388125
0.000380031
0.000371729
0.00036328
0.000354735
0.000346136
0.000337517
0.000328909
0.000320335
0.000311815
0.000303365
0.000294999
0.000286728
0.000278559
0.0002705
0.000262557
0.000254733
0.000247032
0.000239456
0.000232008
0.000224688
0.000217498
0.000210437
0.000203506
0.000196706
0.000190035
0.000183493
0.00017708
0.000170794
0.000164637
0.000158606
0.000152699
0.000146916
0.000141258
0.000135724
0.000130312
0.000125021
0.000119849
0.000114797
0.000109863
0.000105046
0.000100346
9.57623e-05
9.12936e-05
8.69391e-05
8.2698e-05
7.85696e-05
7.45529e-05
7.06474e-05
6.68524e-05
6.3167e-05
5.95906e-05
5.61227e-05
5.27628e-05
4.95105e-05
4.63656e-05
4.33277e-05
4.03961e-05
3.75695e-05
3.48479e-05
3.2231e-05
2.97182e-05
2.7309e-05
2.50029e-05
2.27995e-05
2.06988e-05
1.87007e-05
1.68048e-05
1.50109e-05
1.33187e-05
1.17278e-05
1.02387e-05
8.85079e-06
7.56372e-06
6.37826e-06
5.29457e-06
4.31302e-06
3.43428e-06
2.65831e-06
1.98472e-06
1.41116e-06
9.35279e-07
5.56889e-07
2.76465e-07
9.37118e-08
9.80953e-09
0.00042505
0.000429615
0.000433672
0.000436545
0.000437923
0.000437759
0.000436138
0.000433201
0.000429115
0.000424046
0.000418151
0.000411574
0.000404442
0.000396866
0.000388943
0.000380755
0.000372371
0.00036385
0.000355242
0.000346587
0.00033792
0.000329269
0.000320657
0.000312104
0.000303625
0.000295232
0.000286937
0.000278748
0.00027067
0.00026271
0.000254871
0.000247157
0.000239569
0.000232111
0.000224781
0.000217582
0.000210514
0.000203577
0.00019677
0.000190093
0.000183546
0.000177128
0.000170839
0.000164677
0.000158642
0.000152734
0.000146949
0.000141287
0.000135749
0.000130336
0.000125043
0.00011987
0.000114816
0.000109881
0.000105063
0.000100361
9.57762e-05
9.13065e-05
8.6951e-05
8.2709e-05
7.85797e-05
7.45622e-05
7.0656e-05
6.68603e-05
6.31743e-05
5.95973e-05
5.61285e-05
5.27678e-05
4.9515e-05
4.63698e-05
4.33316e-05
4.03996e-05
3.75727e-05
3.48509e-05
3.22336e-05
2.97204e-05
2.73108e-05
2.50043e-05
2.28006e-05
2.06997e-05
1.87013e-05
1.68052e-05
1.5011e-05
1.33187e-05
1.17281e-05
1.02393e-05
8.85137e-06
7.56401e-06
6.37822e-06
5.29435e-06
4.31297e-06
3.43453e-06
2.65851e-06
1.98455e-06
1.41117e-06
9.35832e-07
5.57377e-07
2.76544e-07
9.3624e-08
9.79301e-09
0.000432042
0.000436463
0.000440036
0.000442293
0.000443024
0.000442235
0.000440036
0.000436582
0.000432039
0.000426572
0.000420332
0.000413459
0.000406072
0.000398278
0.000390168
0.00038182
0.000373298
0.00036466
0.00035595
0.000347208
0.000338465
0.000329749
0.00032108
0.000312478
0.000303955
0.000295526
0.000287198
0.00027898
0.000270877
0.000262895
0.000255037
0.000247305
0.000239703
0.00023223
0.000224889
0.00021768
0.000210602
0.000203657
0.000196842
0.000190159
0.000183606
0.000177183
0.000170889
0.000164723
0.000158684
0.000152771
0.000146983
0.00014132
0.000135781
0.000130364
0.000125069
0.000119894
0.000114839
0.000109902
0.000105082
0.000100379
9.57923e-05
9.13218e-05
8.69655e-05
8.27224e-05
7.85921e-05
7.45738e-05
7.06668e-05
6.68701e-05
6.31833e-05
5.96057e-05
5.61363e-05
5.27747e-05
4.95211e-05
4.63754e-05
4.3337e-05
4.04048e-05
3.75777e-05
3.48554e-05
3.22377e-05
2.97241e-05
2.73141e-05
2.50072e-05
2.28033e-05
2.07022e-05
1.87036e-05
1.68072e-05
1.50129e-05
1.33205e-05
1.17299e-05
1.02411e-05
8.853e-06
7.56603e-06
6.37993e-06
5.29503e-06
4.31386e-06
3.43575e-06
2.65972e-06
1.98555e-06
1.4118e-06
9.36377e-07
5.57726e-07
2.76604e-07
9.35294e-08
9.77305e-09
0.000443943
0.000447616
0.000450103
0.000451192
0.000450785
0.000448944
0.000445804
0.000441525
0.000436267
0.000430185
0.000423421
0.0004161
0.000408333
0.000400217
0.000391833
0.000383252
0.000374533
0.000365726
0.000356873
0.000348008
0.000339161
0.000330355
0.000321609
0.00031294
0.000304361
0.000295882
0.000287511
0.000279256
0.000271121
0.000263111
0.000255229
0.000247476
0.000239855
0.000232367
0.000225012
0.00021779
0.000210701
0.000203746
0.000196923
0.000190232
0.000183673
0.000177244
0.000170944
0.000164774
0.00015873
0.000152814
0.000147023
0.000141356
0.000135814
0.000130394
0.000125097
0.000119921
0.000114865
0.000109926
0.000105103
0.000100399
9.58106e-05
9.13385e-05
8.69815e-05
8.27378e-05
7.86066e-05
7.45876e-05
7.06798e-05
6.68821e-05
6.31941e-05
5.96156e-05
5.61455e-05
5.27834e-05
4.95294e-05
4.63833e-05
4.33442e-05
4.04114e-05
3.75841e-05
3.48614e-05
3.22431e-05
2.97291e-05
2.73189e-05
2.50118e-05
2.28077e-05
2.07063e-05
1.87075e-05
1.68109e-05
1.50164e-05
1.33238e-05
1.17328e-05
1.02435e-05
8.85538e-06
7.56824e-06
6.38226e-06
5.2981e-06
4.31678e-06
3.43821e-06
2.66209e-06
1.98766e-06
1.4133e-06
9.3725e-07
5.58143e-07
2.76679e-07
9.3427e-08
9.75078e-09
0.000462231
0.000464058
0.000464532
0.000463694
0.000461522
0.000458114
0.000453609
0.000448155
0.000441894
0.000434961
0.000427476
0.000419546
0.000411266
0.000402716
0.000393966
0.000385076
0.000376096
0.000367067
0.000358026
0.000349002
0.000340019
0.000331097
0.000322252
0.000313499
0.000304847
0.000296306
0.000287882
0.000279581
0.000271407
0.000263363
0.000255451
0.000247673
0.000240029
0.000232522
0.00022515
0.000217913
0.000210812
0.000203845
0.000197013
0.000190313
0.000183746
0.000177311
0.000171005
0.000164829
0.000158782
0.000152861
0.000147066
0.000141397
0.000135851
0.000130429
0.000125129
0.00011995
0.000114893
0.000109953
0.000105127
0.00010042
9.58311e-05
9.13582e-05
8.69998e-05
8.27545e-05
7.86224e-05
7.46033e-05
7.06955e-05
6.68968e-05
6.32074e-05
5.96275e-05
5.61565e-05
5.27941e-05
4.95399e-05
4.63932e-05
4.33534e-05
4.04199e-05
3.75919e-05
3.48688e-05
3.22503e-05
2.97359e-05
2.73253e-05
2.5018e-05
2.28136e-05
2.07121e-05
1.87131e-05
1.68164e-05
1.50217e-05
1.33289e-05
1.17376e-05
1.02478e-05
8.85911e-06
7.57176e-06
6.38607e-06
5.30225e-06
4.32099e-06
3.44227e-06
2.66576e-06
1.9906e-06
1.41531e-06
9.38435e-07
5.58677e-07
2.76793e-07
9.33399e-08
9.73024e-09
0.000488335
0.000486689
0.000483892
0.00048016
0.000475469
0.000469899
0.000463555
0.000456546
0.000448976
0.000440941
0.000432532
0.000423826
0.000414894
0.000405797
0.000396587
0.000387309
0.000378001
0.000368697
0.000359422
0.0003502
0.000341049
0.000331985
0.000323019
0.000314162
0.000305422
0.000296806
0.000288317
0.000279961
0.000271739
0.000263654
0.000255707
0.000247898
0.000240229
0.000232699
0.000225307
0.000218053
0.000210937
0.000203958
0.000197114
0.000190405
0.000183829
0.000177386
0.000171074
0.000164892
0.000158839
0.000152914
0.000147116
0.000141443
0.000135894
0.000130469
0.000125166
0.000119984
0.000114922
0.000109979
0.000105155
0.000100447
9.58567e-05
9.13824e-05
8.70222e-05
8.27749e-05
7.86418e-05
7.4622e-05
7.07129e-05
6.69133e-05
6.32231e-05
5.96424e-05
5.61708e-05
5.28077e-05
4.95525e-05
4.64051e-05
4.33646e-05
4.04304e-05
3.76018e-05
3.48783e-05
3.22594e-05
2.97447e-05
2.73336e-05
2.50258e-05
2.28212e-05
2.07196e-05
1.87205e-05
1.68237e-05
1.50288e-05
1.33358e-05
1.17443e-05
1.02542e-05
8.86527e-06
7.57779e-06
6.39207e-06
5.30826e-06
4.32658e-06
3.44726e-06
2.67025e-06
1.99415e-06
1.4177e-06
9.39899e-07
5.59453e-07
2.77042e-07
9.32779e-08
9.70927e-09
0.000523139
0.000516005
0.000508442
0.000500711
0.000492672
0.000484305
0.000475631
0.000466681
0.000457493
0.000448111
0.000438577
0.000428932
0.000419214
0.000409457
0.000399694
0.000389952
0.000380253
0.000370619
0.000361066
0.000351608
0.000342258
0.000333024
0.000323914
0.000314935
0.000306091
0.000297386
0.000288821
0.0002804
0.000272123
0.00026399
0.000256001
0.000248158
0.000240458
0.000232901
0.000225487
0.000218214
0.00021108
0.000204086
0.00019723
0.000190509
0.000183924
0.000177472
0.000171153
0.000164964
0.000158905
0.000152975
0.000147172
0.000141495
0.000135942
0.000130514
0.000125208
0.000120023
0.000114959
0.000110013
0.000105186
0.000100478
9.58865e-05
9.14093e-05
8.70468e-05
8.27996e-05
7.8666e-05
7.4644e-05
7.07328e-05
6.69321e-05
6.32414e-05
5.96599e-05
5.61875e-05
5.28238e-05
4.95681e-05
4.64197e-05
4.33784e-05
4.04434e-05
3.76143e-05
3.48902e-05
3.22706e-05
2.97553e-05
2.73438e-05
2.50357e-05
2.28309e-05
2.0729e-05
1.87298e-05
1.68328e-05
1.50377e-05
1.33445e-05
1.17529e-05
1.02626e-05
8.87357e-06
7.58596e-06
6.40008e-06
5.31598e-06
4.33373e-06
3.4536e-06
2.67558e-06
1.99832e-06
1.42067e-06
9.41747e-07
5.60383e-07
2.7737e-07
9.32895e-08
9.70192e-09
0.000566389
0.000551688
0.000537852
0.000525042
0.000512861
0.000501105
0.000489648
0.000478406
0.000467325
0.000456374
0.000445535
0.000434803
0.000424177
0.000413662
0.000403262
0.000392984
0.000382835
0.000372821
0.000362947
0.000353219
0.000343639
0.000334211
0.000324936
0.000315816
0.000306853
0.000298046
0.000289394
0.000280898
0.000272557
0.00026437
0.000256335
0.000248451
0.000240717
0.00023313
0.00022569
0.000218395
0.000211242
0.000204232
0.00019736
0.000190627
0.000184031
0.00017757
0.000171242
0.000165046
0.00015898
0.000153044
0.000147236
0.000141554
0.000135998
0.000130565
0.000125256
0.000120068
0.000115001
0.000110054
0.000105225
0.000100514
9.59195e-05
9.14408e-05
8.70769e-05
8.28276e-05
7.86922e-05
7.46687e-05
7.07563e-05
6.69545e-05
6.32627e-05
5.96803e-05
5.62071e-05
5.28424e-05
4.95857e-05
4.64367e-05
4.33947e-05
4.0459e-05
3.7629e-05
3.49041e-05
3.22837e-05
2.97677e-05
2.73558e-05
2.50476e-05
2.28425e-05
2.07403e-05
1.87408e-05
1.68436e-05
1.50484e-05
1.3355e-05
1.17631e-05
1.02727e-05
8.88353e-06
7.59583e-06
6.40975e-06
5.32522e-06
4.3422e-06
3.46106e-06
2.68186e-06
2.00326e-06
1.42423e-06
9.44064e-07
5.61666e-07
2.77894e-07
9.33606e-08
9.69954e-09
0.000616134
0.000592221
0.000570944
0.000552236
0.000535324
0.000519746
0.000505176
0.000491386
0.000478208
0.000465522
0.000453243
0.00044131
0.000429682
0.000418326
0.00040722
0.000396349
0.000385701
0.000375265
0.000365036
0.000355006
0.000345171
0.000335527
0.000326068
0.000316793
0.000307697
0.000298776
0.000290028
0.00028145
0.000273038
0.00026479
0.000256704
0.000248775
0.000241002
0.000233383
0.000225915
0.000218595
0.000211421
0.000204392
0.000197505
0.000190758
0.000184149
0.000177677
0.00017134
0.000165136
0.000159063
0.000153121
0.000147307
0.00014162
0.000136059
0.000130623
0.000125309
0.000120118
0.000115048
0.000110098
0.000105267
0.000100553
9.59567e-05
9.14761e-05
8.71105e-05
8.28592e-05
7.87215e-05
7.46962e-05
7.07825e-05
6.69796e-05
6.32867e-05
5.97032e-05
5.62289e-05
5.28633e-05
4.96057e-05
4.64557e-05
4.34127e-05
4.04761e-05
3.76453e-05
3.49196e-05
3.22987e-05
2.9782e-05
2.73694e-05
2.50607e-05
2.28554e-05
2.07529e-05
1.87532e-05
1.68558e-05
1.50605e-05
1.33668e-05
1.17748e-05
1.02841e-05
8.89478e-06
7.6068e-06
6.42033e-06
5.33521e-06
4.35146e-06
3.46939e-06
2.68897e-06
2.00891e-06
1.42838e-06
9.46804e-07
5.63194e-07
2.78556e-07
9.35062e-08
9.70842e-09
0.000668415
0.000634648
0.000605522
0.000580657
0.000558836
0.0005393
0.000521511
0.000505079
0.00048972
0.000475223
0.000461435
0.00044824
0.000435553
0.000423307
0.000411453
0.000399951
0.000388769
0.000377884
0.000367273
0.000356921
0.000346813
0.000336936
0.000327281
0.000317838
0.000308599
0.000299557
0.000290705
0.000282038
0.000273551
0.000265238
0.000257096
0.00024912
0.000241306
0.000233652
0.000226153
0.000218807
0.00021161
0.000204561
0.000197657
0.000190895
0.000184274
0.000177791
0.000171443
0.000165231
0.000159151
0.000153201
0.000147381
0.000141689
0.000136123
0.000130683
0.000125366
0.000120171
0.000115098
0.000110145
0.000105311
0.000100595
9.59959e-05
9.15132e-05
8.71456e-05
8.28924e-05
7.87527e-05
7.47256e-05
7.08104e-05
6.70063e-05
6.33123e-05
5.97277e-05
5.62522e-05
5.28854e-05
4.96267e-05
4.64757e-05
4.34317e-05
4.04941e-05
3.76623e-05
3.49357e-05
3.23141e-05
2.97971e-05
2.73841e-05
2.50747e-05
2.28691e-05
2.07664e-05
1.87661e-05
1.68683e-05
1.50726e-05
1.33788e-05
1.17868e-05
1.0296e-05
8.90639e-06
7.61812e-06
6.43124e-06
5.34562e-06
4.36123e-06
3.47827e-06
2.6966e-06
2.01502e-06
1.43296e-06
9.49909e-07
5.64976e-07
2.79377e-07
9.37215e-08
9.72537e-09
0.000717399
0.000674692
0.000638456
0.000608008
0.0005817
0.000558502
0.00053769
0.000518745
0.000501282
0.000485018
0.000469741
0.000455291
0.000441543
0.000428401
0.000415788
0.000403644
0.000391918
0.000380572
0.000369571
0.000358888
0.000348498
0.000338383
0.000328525
0.000318909
0.000309523
0.000300355
0.000291397
0.000282639
0.000274073
0.000265694
0.000257494
0.000249469
0.000241613
0.000233923
0.000226392
0.000219019
0.0002118
0.000204731
0.000197809
0.000191033
0.000184398
0.000177903
0.000171546
0.000165325
0.000159237
0.000153281
0.000147455
0.000141757
0.000136187
0.000130742
0.000125421
0.000120223
0.000115147
0.000110191
0.000105354
0.000100636
9.60344e-05
9.15496e-05
8.718e-05
8.2925e-05
7.87834e-05
7.47547e-05
7.0838e-05
6.70324e-05
6.33372e-05
5.97517e-05
5.62753e-05
5.29075e-05
4.96479e-05
4.64959e-05
4.34508e-05
4.05122e-05
3.76793e-05
3.49518e-05
3.23294e-05
2.98119e-05
2.73984e-05
2.50886e-05
2.28822e-05
2.07791e-05
1.87787e-05
1.68805e-05
1.50843e-05
1.33905e-05
1.17989e-05
1.03077e-05
8.91696e-06
7.62831e-06
6.44175e-06
5.35606e-06
4.37094e-06
3.48684e-06
2.70397e-06
2.02116e-06
1.43773e-06
9.53225e-07
5.66952e-07
2.80319e-07
9.398e-08
9.74674e-09
0.000756036
0.000707276
0.000666107
0.000631663
0.000602
0.00057592
0.000552621
0.000531526
0.00051221
0.000494352
0.000477707
0.000462085
0.000447336
0.00043334
0.00042
0.000407237
0.000394986
0.000383192
0.000371811
0.000360804
0.000350139
0.00033979
0.000329733
0.000319948
0.000310418
0.000301127
0.000292064
0.000283216
0.000274575
0.00026613
0.000257874
0.000249801
0.000241904
0.000234178
0.000226618
0.000219219
0.000211977
0.000204889
0.00019795
0.000191159
0.000184512
0.000178006
0.00017164
0.00016541
0.000159315
0.000153353
0.000147521
0.000141819
0.000136244
0.000130795
0.00012547
0.000120269
0.00011519
0.000110232
0.000105393
0.000100672
9.60689e-05
9.15821e-05
8.72109e-05
8.29541e-05
7.88111e-05
7.47809e-05
7.08628e-05
6.7056e-05
6.33598e-05
5.97734e-05
5.62961e-05
5.29274e-05
4.96668e-05
4.65139e-05
4.3468e-05
4.05284e-05
3.76947e-05
3.49664e-05
3.23432e-05
2.98249e-05
2.74111e-05
2.51009e-05
2.28942e-05
2.07906e-05
1.87897e-05
1.68911e-05
1.50949e-05
1.3401e-05
1.18093e-05
1.03179e-05
8.92663e-06
7.63787e-06
6.45125e-06
5.3652e-06
4.37952e-06
3.49465e-06
2.71084e-06
2.02689e-06
1.44225e-06
9.56454e-07
5.68908e-07
2.81278e-07
9.42611e-08
9.77177e-09
0.000777463
0.000727746
0.00068535
0.000649442
0.000618117
0.000590299
0.000565292
0.00054259
0.000521806
0.000502633
0.000484828
0.000468192
0.000452565
0.000437811
0.000423821
0.0004105
0.000397773
0.000385573
0.000373846
0.000362544
0.000351628
0.000341065
0.000330825
0.000320885
0.000311223
0.000301819
0.00029266
0.00028373
0.000275019
0.000266514
0.000258207
0.000250091
0.000242157
0.000234398
0.000226811
0.000219388
0.000212126
0.000205021
0.000198068
0.000191264
0.000184605
0.00017809
0.000171716
0.000165479
0.000159377
0.00015341
0.000147573
0.000141867
0.000136288
0.000130836
0.000125509
0.000120306
0.000115224
0.000110264
0.000105423
0.0001007
9.60957e-05
9.16076e-05
8.72349e-05
8.2977e-05
7.88328e-05
7.48015e-05
7.08824e-05
6.70747e-05
6.33777e-05
5.97905e-05
5.63125e-05
5.29432e-05
4.9682e-05
4.65283e-05
4.34815e-05
4.05411e-05
3.77066e-05
3.49778e-05
3.2354e-05
2.98348e-05
2.74204e-05
2.51102e-05
2.29036e-05
2.08e-05
1.87988e-05
1.68998e-05
1.51033e-05
1.3409e-05
1.18165e-05
1.03252e-05
8.93493e-06
7.64624e-06
6.45895e-06
5.37228e-06
4.3862e-06
3.50103e-06
2.71658e-06
2.03175e-06
1.44613e-06
9.59257e-07
5.70626e-07
2.82118e-07
9.4502e-08
9.79324e-09
0.000778255
0.000734632
0.000695435
0.00066073
0.00062941
0.000600951
0.000574994
0.000551237
0.000529404
0.000509247
0.000490548
0.000473118
0.000456793
0.000441432
0.000426918
0.000413146
0.000400032
0.000387501
0.00037549
0.000363946
0.000352825
0.000342086
0.000331697
0.000321629
0.000311857
0.000302362
0.000293123
0.000284127
0.000275358
0.000266804
0.000258456
0.000250304
0.00024234
0.000234556
0.000226947
0.000219506
0.000212228
0.000205109
0.000198145
0.000191331
0.000184665
0.000178143
0.000171762
0.00016552
0.000159415
0.000153443
0.000147604
0.000141895
0.000136314
0.00013086
0.000125531
0.000120326
0.000115243
0.000110282
0.00010544
0.000100717
9.6111e-05
9.16221e-05
8.72488e-05
8.29902e-05
7.88454e-05
7.48137e-05
7.08941e-05
6.7086e-05
6.33885e-05
5.98009e-05
5.63225e-05
5.29527e-05
4.96909e-05
4.65367e-05
4.34894e-05
4.05487e-05
3.7714e-05
3.49848e-05
3.23605e-05
2.98409e-05
2.74263e-05
2.51164e-05
2.29098e-05
2.08059e-05
1.88041e-05
1.69048e-05
1.51082e-05
1.34139e-05
1.18212e-05
1.03298e-05
8.93976e-06
7.65111e-06
6.46364e-06
5.37679e-06
4.3906e-06
3.50526e-06
2.72049e-06
2.03523e-06
1.44902e-06
9.61261e-07
5.71716e-07
2.82601e-07
9.46056e-08
9.79822e-09
0.000767162
0.000735772
0.000701566
0.000668536
0.00063749
0.000608639
0.000581996
0.000557461
0.000534857
0.000513981
0.000494633
0.000476627
0.000459797
0.000443998
0.000429104
0.000415006
0.000401611
0.000388839
0.000376622
0.000364902
0.000353629
0.000342762
0.000332263
0.000322102
0.000312251
0.000302688
0.000293393
0.000284348
0.000275539
0.000266951
0.000258575
0.000250398
0.000242414
0.000234614
0.000226991
0.000219539
0.000212252
0.000205125
0.000198155
0.000191336
0.000184666
0.000178141
0.000171758
0.000165515
0.000159408
0.000153436
0.000147596
0.000141887
0.000136306
0.000130852
0.000125524
0.000120319
0.000115237
0.000110275
0.000105434
0.000100711
9.61064e-05
9.1618e-05
8.72452e-05
8.29871e-05
7.88428e-05
7.48115e-05
7.08924e-05
6.70846e-05
6.33874e-05
5.98e-05
5.6322e-05
5.29523e-05
4.96907e-05
4.65365e-05
4.34894e-05
4.05488e-05
3.77142e-05
3.4985e-05
3.23608e-05
2.98414e-05
2.74269e-05
2.5117e-05
2.29103e-05
2.08062e-05
1.88048e-05
1.69056e-05
1.51088e-05
1.34144e-05
1.18219e-05
1.03309e-05
8.94124e-06
7.65249e-06
6.46447e-06
5.37764e-06
4.3922e-06
3.50747e-06
2.7222e-06
2.03653e-06
1.45039e-06
9.6199e-07
5.71929e-07
2.82657e-07
9.44139e-08
9.75482e-09
)
;

boundaryField
{
    inlet
    {
        type            calculated;
        value           nonuniform List<scalar> 
30
(
0.0198205
0.0198859
0.0200372
0.0202727
0.0205823
0.0209472
0.0213429
0.0217439
0.0221261
0.0224697
0.0227595
0.022986
0.0231448
0.023236
0.0232636
0.0232335
0.0231458
0.0229948
0.0227778
0.0224953
0.0221527
0.0217604
0.021334
0.0208941
0.0204651
0.0200728
0.0197416
0.0194908
0.0193302
0.019261
)
;
    }
    outlet
    {
        type            calculated;
        value           uniform 0;
    }
    top
    {
        type            calculated;
        value           nonuniform List<scalar> 
135
(
0.019261
0.0192241
0.0191731
0.0191268
0.0191021
0.0191164
0.0189151
0.0185408
0.0180419
0.0174299
0.0167117
0.015895
0.0149876
0.0139997
0.0129448
0.0118385
0.0107007
0.00955426
0.00842405
0.00733589
0.00631373
0.00537707
0.00453901
0.00380546
0.00317596
0.00264578
0.00220533
0.00184434
0.00155238
0.00131931
0.00113606
0.000995209
0.000890128
0.000815436
0.000773427
0.000767162
0.000735772
0.000701566
0.000668536
0.00063749
0.000608639
0.000581996
0.000557461
0.000534857
0.000513981
0.000494633
0.000476627
0.000459797
0.000443998
0.000429104
0.000415006
0.000401611
0.000388839
0.000376622
0.000364902
0.000353629
0.000342762
0.000332263
0.000322102
0.000312251
0.000302688
0.000293393
0.000284348
0.000275539
0.000266951
0.000258575
0.000250398
0.000242414
0.000234614
0.000226991
0.000219539
0.000212252
0.000205125
0.000198155
0.000191336
0.000184666
0.000178141
0.000171758
0.000165515
0.000159408
0.000153436
0.000147596
0.000141887
0.000136306
0.000130852
0.000125524
0.000120319
0.000115237
0.000110275
0.000105434
0.000100711
9.61064e-05
9.1618e-05
8.72452e-05
8.29871e-05
7.88428e-05
7.48115e-05
7.08924e-05
6.70846e-05
6.33874e-05
5.98e-05
5.6322e-05
5.29523e-05
4.96907e-05
4.65365e-05
4.34894e-05
4.05488e-05
3.77142e-05
3.4985e-05
3.23608e-05
2.98414e-05
2.74269e-05
2.5117e-05
2.29103e-05
2.08062e-05
1.88048e-05
1.69056e-05
1.51088e-05
1.34144e-05
1.18219e-05
1.03309e-05
8.94124e-06
7.65249e-06
6.46447e-06
5.37764e-06
4.3922e-06
3.50747e-06
2.7222e-06
2.03653e-06
1.45039e-06
9.6199e-07
5.71929e-07
2.82657e-07
9.44139e-08
9.75482e-09
)
;
    }
    bottom
    {
        type            calculated;
        value           nonuniform List<scalar> 
135
(
0.0198205
0.0197868
0.0197409
0.0197003
0.0196806
0.0196719
0.0194865
0.0191324
0.018654
0.0180592
0.0173525
0.0165364
0.0156147
0.0145957
0.0134921
0.0123227
0.0111121
0.00988875
0.00868328
0.00752587
0.00644318
0.0054561
0.00457813
0.00381487
0.00316486
0.00262214
0.00217583
0.00181378
0.00152363
0.00129376
0.00111357
0.000974504
0.000869496
0.000793229
0.000748001
0.000726905
0.000697735
0.000666759
0.000637051
0.000609123
0.000583115
0.000559027
0.000536772
0.000516198
0.00049713
0.000479394
0.000462829
0.00044729
0.00043265
0.0004188
0.000405643
0.000393098
0.000381096
0.000369578
0.000358492
0.000347796
0.000337453
0.000327431
0.000317704
0.000308249
0.000299046
0.000290078
0.000281332
0.000272794
0.000264453
0.000256301
0.000248329
0.000240531
0.000232899
0.000225429
0.000218115
0.000210955
0.000203942
0.000197076
0.000190351
0.000183767
0.000177319
0.000171007
0.000164827
0.000158779
0.000152859
0.000147067
0.000141402
0.000135861
0.000130444
0.000125149
0.000119974
0.00011492
0.000109985
0.000105167
0.000100467
9.58818e-05
9.14123e-05
8.70569e-05
8.28151e-05
7.8686e-05
7.46688e-05
7.0763e-05
6.69677e-05
6.32825e-05
5.97063e-05
5.62385e-05
5.28784e-05
4.96254e-05
4.64795e-05
4.34401e-05
4.05069e-05
3.76792e-05
3.49567e-05
3.2339e-05
2.98255e-05
2.74157e-05
2.51091e-05
2.29058e-05
2.08055e-05
1.88078e-05
1.69123e-05
1.51189e-05
1.34269e-05
1.18363e-05
1.03469e-05
8.9586e-06
7.67116e-06
6.48447e-06
5.39729e-06
4.40921e-06
3.52031e-06
2.73114e-06
2.04341e-06
1.45639e-06
9.67235e-07
5.75572e-07
2.84511e-07
9.50746e-08
9.82613e-09
)
;
    }
    obstacle
    {
        type            calculated;
        value           nonuniform List<scalar> 
120
(
0.154156
0.142818
0.129924
0.116803
0.103712
0.090649
0.0779031
0.0657528
0.0544261
0.0441007
0.0348907
0.0268458
0.0199671
0.0142265
0.00958707
0.00602033
0.00351885
0.00210268
0.00181421
0.00270858
0.00483766
0.00822764
0.0128593
0.0186521
0.0254595
0.0330705
0.0412201
0.0498422
0.05872
0.0668012
0.0763288
0.087217
0.100423
0.116044
0.134387
0.156305
0.182833
0.214996
0.253467
0.298188
0.34769
0.398684
0.446244
0.484443
0.50581
0.50601
0.485017
0.447123
0.399783
0.348931
0.29951
0.254827
0.21637
0.184206
0.157665
0.135718
0.117328
0.101644
0.08837
0.0774635
0.15857
0.147035
0.133763
0.12016
0.106567
0.093027
0.0798482
0.0673203
0.0556756
0.045092
0.0356801
0.0274843
0.0204994
0.0146912
0.0100172
0.00644506
0.00396421
0.00259326
0.00237349
0.00335878
0.00559895
0.00911608
0.0138836
0.0198097
0.0267336
0.0344273
0.0426112
0.0512113
0.0600037
0.0679867
0.166854
0.180486
0.195612
0.211855
0.229028
0.247773
0.26899
0.293644
0.322514
0.355811
0.392727
0.430982
0.466941
0.496106
0.512722
0.513358
0.49793
0.469719
0.434448
0.396645
0.359974
0.326764
0.297879
0.273161
0.251883
0.23312
0.215999
0.199886
0.18487
0.17132
)
;
    }
    frontAndBack
    {
        type            empty;
    }
}


// ************************************************************************* //
