/*--------------------------------*- C++ -*----------------------------------*\
  =========                 |
  \\      /  F ield         | OpenFOAM: The Open Source CFD Toolbox
   \\    /   O peration     | Website:  https://openfoam.org
    \\  /    A nd           | Version:  12
     \\/     M anipulation  |
\*---------------------------------------------------------------------------*/
FoamFile
{
    format      ascii;
    class       volScalarField;
    location    "380";
    object      p;
}
// * * * * * * * * * * * * * * * * * * * * * * * * * * * * * * * * * * * * * //

dimensions      [0 2 -2 0 0 0 0];

internalField   nonuniform List<scalar> 
6750
(
0.0216393
0.0216173
0.0215878
0.0214243
0.0203959
0.0231577
0.0231212
0.0229938
0.0227279
0.0223686
0.0249505
0.0248913
0.0247607
0.0245626
0.0244096
0.0268311
0.0267371
0.0266129
0.0264725
0.0263956
0.0286981
0.0285602
0.0284262
0.0283136
0.0282749
0.030472
0.0302856
0.0301308
0.0300281
0.0300067
0.0321041
0.031868
0.0316885
0.0315886
0.0315757
0.0335653
0.0332801
0.0330759
0.0329769
0.0329692
0.0348371
0.0345053
0.0342784
0.0341801
0.0341761
0.035909
0.0355347
0.0352883
0.0351913
0.0351899
0.0367778
0.0363663
0.0361042
0.0360092
0.0360097
0.0374466
0.0370043
0.036731
0.0366383
0.0366398
0.0379248
0.0374578
0.0371783
0.037088
0.0370898
0.0382266
0.0377406
0.0374613
0.0373722
0.0373733
0.0383649
0.0378732
0.0375992
0.0375077
0.0375067
0.0383649
0.0378732
0.0375993
0.0375077
0.0375067
0.0382266
0.0377406
0.0374613
0.0373722
0.0373733
0.0379248
0.0374578
0.0371783
0.037088
0.0370898
0.0374466
0.0370043
0.036731
0.0366383
0.0366398
0.0367778
0.0363664
0.0361043
0.0360093
0.0360097
0.0359091
0.0355348
0.0352883
0.0351914
0.03519
0.0348371
0.0345054
0.0342785
0.0341802
0.0341761
0.0335654
0.0332802
0.033076
0.032977
0.0329693
0.0321042
0.0318681
0.0316886
0.0315887
0.0315759
0.0304721
0.0302857
0.0301309
0.0300282
0.0300068
0.0286983
0.0285604
0.0284263
0.0283138
0.028275
0.0268312
0.0267373
0.026613
0.0264726
0.0263958
0.0249506
0.0248914
0.0247609
0.0245628
0.0244098
0.0231579
0.0231214
0.022994
0.0227281
0.0223688
0.0216395
0.0216175
0.021588
0.0214245
0.0203961
0.014217
0.0148097
0.0162779
0.0173629
0.0181493
0.0187743
0.019264
0.0196299
0.0198999
0.0200844
0.0201463
0.02016
0.0200975
0.0199547
0.0197304
0.0194209
0.0190233
0.0185405
0.0179757
0.0173289
0.0165947
0.0158777
0.0151228
0.0143451
0.0135647
0.0127944
0.0120438
0.0113276
0.0106559
0.00997319
0.0181267
0.0189224
0.0197221
0.0201229
0.0203518
0.0204931
0.0205489
0.0205285
0.0204605
0.0203424
0.0201326
0.0199455
0.0197402
0.0195193
0.0192817
0.0190181
0.0187161
0.0183647
0.0179532
0.0174787
0.0169592
0.0163259
0.0156613
0.0149566
0.0142198
0.0134622
0.012692
0.0119237
0.0111974
0.0104929
0.0206072
0.0207908
0.0211057
0.0212596
0.0213354
0.0213435
0.0212722
0.0211319
0.0209442
0.0206733
0.0203237
0.0199885
0.0196254
0.0192452
0.018854
0.0184516
0.0180348
0.0175983
0.0171365
0.0166445
0.0161214
0.0155664
0.0149861
0.0143798
0.0137524
0.0131097
0.0124529
0.0117927
0.0112161
0.0107991
0.0220501
0.0218259
0.0219548
0.0220376
0.0220466
0.0219793
0.0218304
0.0216169
0.0213476
0.0209534
0.0205072
0.0200478
0.0195462
0.0190192
0.0184786
0.0179321
0.0173851
0.0168407
0.0162997
0.0157608
0.0152222
0.0146878
0.0141543
0.0136187
0.0130807
0.0125408
0.0119918
0.0114362
0.0110032
0.0109211
0.0231406
0.0227685
0.0228151
0.0228272
0.0227528
0.022598
0.0223631
0.0220637
0.0216973
0.0211875
0.0206452
0.0200656
0.0194386
0.0187841
0.0181176
0.0174523
0.0167992
0.0161667
0.0155599
0.0149804
0.0144277
0.013901
0.013397
0.0129107
0.0124384
0.0119765
0.0115111
0.0110355
0.010711
0.0109331
0.0240877
0.0236766
0.0236583
0.0235902
0.02343
0.0231887
0.0228674
0.0224784
0.0220047
0.0213897
0.0207473
0.020052
0.0193081
0.0185377
0.0177591
0.0169896
0.0162443
0.015535
0.0148696
0.0142518
0.0136815
0.0131561
0.0126712
0.0122204
0.0117977
0.0113967
0.0109986
0.0105891
0.0103549
0.0108497
0.0249256
0.0245206
0.0244442
0.0242994
0.0240603
0.0237382
0.0233352
0.0228597
0.0222734
0.0215646
0.0208221
0.0200169
0.0191632
0.0182845
0.0174021
0.0165365
0.0157059
0.0149249
0.0142032
0.013546
0.0129537
0.0124232
0.0119489
0.011523
0.011138
0.0107854
0.0104421
0.0100887
0.00993463
0.0106712
0.0256748
0.0253058
0.025179
0.0249626
0.0246493
0.0242494
0.0237685
0.0232084
0.0225091
0.0217165
0.0208741
0.0199638
0.019006
0.0180255
0.0170459
0.0160903
0.0151796
0.0143303
0.0135539
0.0128565
0.012239
0.011698
0.0112269
0.0108172
0.01046
0.0101451
0.00984579
0.00953938
0.0094563
0.0104008
0.0263573
0.0260459
0.0258748
0.0255896
0.0252043
0.0247294
0.024173
0.023524
0.0227204
0.0218467
0.0209052
0.0198941
0.0188371
0.01776
0.0166884
0.0156479
0.0146612
0.0137466
0.0129168
0.0121787
0.0115335
0.0109777
0.0105041
0.0101033
0.00976555
0.00947927
0.00921439
0.00894671
0.0089266
0.0100447
0.0269899
0.0267507
0.02654
0.0261873
0.0257318
0.0251855
0.024553
0.023807
0.0229137
0.0219555
0.0209176
0.0198095
0.0186571
0.0174873
0.0163279
0.0152061
0.0141465
0.0131686
0.0122862
0.0115068
0.0108318
0.0102576
0.00977654
0.00937864
0.00905345
0.0087881
0.00854956
0.00831354
0.00834966
0.00960896
0.0275852
0.0274282
0.0271815
0.0267618
0.0262365
0.0256206
0.0249116
0.0240648
0.023092
0.0220463
0.0209137
0.0197115
0.0184663
0.0172067
0.0159621
0.0147616
0.013631
0.012591
0.0116562
0.0108346
0.0101278
0.00953201
0.00903937
0.0086393
0.00832083
0.00806988
0.00785079
0.00764047
0.00772713
0.0090986
0.0281533
0.0280855
0.0278057
0.0273186
0.0267234
0.0260401
0.0252513
0.0243051
0.0232573
0.0221219
0.020896
0.0196011
0.0182649
0.0169172
0.0155892
0.0143113
0.0131105
0.0120087
0.0110211
0.010156
0.00941531
0.00879508
0.00828711
0.00788046
0.00756366
0.00732151
0.00711593
0.00692621
0.00705857
0.00851732
0.0287039
0.0287302
0.0284199
0.0278658
0.027202
0.0264471
0.0255708
0.0245375
0.0234112
0.0221849
0.0208662
0.0194793
0.0180527
0.0166176
0.0152067
0.0138518
0.0125809
0.0114168
0.0103752
0.00946504
0.00868809
0.00804046
0.00751363
0.00709636
0.00677675
0.00653844
0.00634121
0.00616765
0.00634153
0.00786695
0.0292467
0.0293686
0.0290307
0.0284093
0.0276765
0.0268482
0.0258779
0.0247663
0.0235558
0.0222375
0.0208259
0.0193468
0.0178294
0.0163066
0.0148124
0.0133797
0.0120377
0.0108098
0.00971265
0.00875513
0.00793931
0.00726118
0.00671202
0.00628029
0.0059537
0.00571471
0.00552115
0.00535981
0.00557153
0.00714718
0.0297891
0.0300103
0.0296463
0.0289569
0.0281547
0.0272479
0.0261817
0.0249942
0.0236947
0.0222826
0.0207769
0.019204
0.0175945
0.0159824
0.0144032
0.0128911
0.011476
0.0101823
0.00902695
0.0080193
0.00716151
0.00644952
0.00587439
0.00542436
0.00508676
0.0048428
0.00464855
0.00449578
0.00474205
0.00635533
0.0303383
0.0306666
0.0302792
0.0295214
0.0286424
0.0276464
0.0264937
0.0252243
0.0238314
0.0223229
0.0207205
0.0190511
0.0173468
0.0156428
0.0139761
0.0123816
0.0108906
0.00952786
0.00831103
0.00724977
0.00634637
0.00559671
0.00499171
0.00451936
0.00416664
0.00391346
0.00371428
0.00356655
0.00384437
0.00548602
0.0309046
0.0313499
0.0309405
0.030111
0.029149
0.0280541
0.0268203
0.0254604
0.0239693
0.0223609
0.0206577
0.018888
0.0170849
0.0152853
0.013527
0.0118462
0.0102751
0.00883931
0.00755682
0.0064377
0.00548437
0.0046927
0.00405345
0.00355444
0.00318225
0.00291544
0.00270699
0.00256071
0.00286724
0.00453082
0.0315046
0.0320737
0.031644
0.0307334
0.0296784
0.0284863
0.0271665
0.0257075
0.0241127
0.0223989
0.0205896
0.0187141
0.0168069
0.0149062
0.013051
0.0112788
0.0096224
0.00810824
0.00675489
0.00557274
0.00456436
0.00372563
0.00304717
0.00251664
0.00212023
0.00183504
0.00161271
0.00146405
0.00179648
0.00347782
0.0321621
0.032848
0.0324005
0.031403
0.0302404
0.0289546
0.027537
0.0259711
0.0242656
0.0224394
0.0205167
0.0185282
0.0165099
0.0145011
0.0125422
0.0106718
0.00892346
0.00732447
0.00589392
0.00464252
0.00357304
0.00268133
0.00195792
0.00139034
0.000964321
0.000655461
0.000414169
0.000258857
0.000614236
0.00231083
0.0328959
0.0336922
0.0332277
0.0321324
0.0308529
0.0294678
0.0279406
0.0262582
0.0244329
0.0224847
0.0204392
0.0183284
0.0161897
0.0140639
0.0119927
0.0100156
0.00816718
0.00647544
0.00495999
0.00363191
0.00249411
0.00154246
0.000767408
0.000156332
-0.000305492
-0.000644074
-0.000910137
-0.00107704
-0.000702011
0.00100843
0.0337318
0.0346396
0.0341467
0.0329337
0.0315386
0.0300393
0.0283886
0.0265773
0.0246197
0.022537
0.0203563
0.0181111
0.0158405
0.0135865
0.0113921
0.00929781
0.00733933
0.00554519
0.00393557
0.00252187
0.00130717
0.000287341
-0.000547265
-0.00120941
-0.00171431
-0.0020897
-0.00238733
-0.00257171
-0.002181
-0.000457626
0.0347106
0.0357118
0.0351779
0.0338418
0.0323193
0.0306852
0.0288939
0.0269374
0.0248311
0.0225977
0.020266
0.0178712
0.0154538
0.0130575
0.0107264
0.00850209
0.00642122
0.00451295
0.00279795
0.00128792
-1.3943e-05
-0.00111178
-0.00201536
-0.00273758
-0.00329424
-0.00371486
-0.00405216
-0.00426122
-0.00385993
-0.00212481
0.0358789
0.0369537
0.0363617
0.0348941
0.0332187
0.031426
0.0294724
0.0273491
0.0250725
0.0226674
0.0201643
0.0176002
0.0150173
0.0124608
0.00997613
0.00760595
0.00538761
0.00335094
0.00151698
-0.000102334
-0.00150372
-0.00269139
-0.00367526
-0.00446839
-0.00508726
-0.00556327
-0.00595009
-0.00619282
-0.00578783
-0.00404342
0.0373046
0.0384258
0.0377586
0.0361315
0.0342702
0.0322887
0.0301435
0.0278244
0.0253491
0.0227445
0.0200434
0.0172847
0.0145124
0.0117732
0.00911381
0.00657793
0.00420354
0.00202091
5.13912e-05
-0.00169298
-0.00320894
-0.00450083
-0.00557875
-0.00645601
-0.00714982
-0.00769364
-0.00814203
-0.00842981
-0.00803086
-0.00628244
0.0391005
0.0402221
0.0394405
0.037609
0.0355199
0.0333091
0.0309321
0.0283776
0.025665
0.022824
0.0198896
0.0169032
0.0139104
0.0109597
0.00809893
0.00537248
0.00281882
0.000468478
-0.00165717
-0.00354611
-0.00519522
-0.00660908
-0.00779804
-0.00877574
-0.00956025
-0.0101872
-0.0107121
-0.0110596
-0.010681
-0.00893938
0.0413937
0.042466
0.0415071
0.0394099
0.0370343
0.0345363
0.0318707
0.0290255
0.0260226
0.0228945
0.0196793
0.0164207
0.0131666
0.00996684
0.00687008
0.00392124
0.00115883
-0.00138681
-0.00369456
-0.00575271
-0.00755843
-0.00911662
-0.0104379
-0.0115364
-0.0124311
-0.0131599
-0.0137794
-0.014205
-0.0138683
-0.0121548
0.0444402
0.0453517
0.0441144
0.0416616
0.0389128
0.036042
0.0330041
0.029788
0.0264183
0.0229316
0.0193694
0.0157781
0.0122076
0.00870881
0.00533082
0.00211815
-0.000891425
-0.00366843
-0.00619258
-0.0084528
-0.0104467
-0.0121795
-0.0136622
-0.014909
-0.0159399
-0.0167946
-0.0175308
-0.018058
-0.0177963
-0.0161517
0.0486224
0.0491614
0.0474703
0.0445247
0.0412767
0.0379094
0.0343794
0.0306777
0.0268336
0.0228884
0.018888
0.0148816
0.0109212
0.00705796
0.00334027
-0.000188985
-0.00349413
-0.00654785
-0.00933161
-0.0118356
-0.0140586
-0.0160064
-0.0176896
-0.0191228
-0.0203267
-0.0213417
-0.0222251
-0.0228869
-0.0227589
-0.0212686
0.0548126
0.0546045
0.0521683
0.0485221
0.0445684
0.0404799
0.0362251
0.0318093
0.0272734
0.0226683
0.0180469
0.0134632
0.00897033
0.00461853
0.000452989
-0.00348764
-0.00717225
-0.0105777
-0.013688
-0.0164939
-0.0189974
-0.0212172
-0.0231492
-0.0248079
-0.0262144
-0.027407
-0.0284385
-0.0292346
-0.0293033
-0.0281339
0.06562
0.0637252
0.0597344
0.0548576
0.04974
0.0444779
0.039068
0.0335456
0.0279687
0.0223975
0.0168896
0.011498
0.00627053
0.00124852
-0.00353365
-0.00804862
-0.0122756
-0.0161998
-0.0198131
-0.023113
-0.0260958
-0.0287492
-0.0310989
-0.0331534
-0.0349237
-0.0364353
-0.0377336
-0.0388078
-0.0393622
-0.0388424
0.0178834
0.0188209
0.0205684
0.0219498
0.0231033
0.0241752
0.0251995
0.026185
0.0271418
0.0280792
0.0290054
0.0299284
0.0308561
0.0317972
0.0327601
0.0337551
0.0347952
0.0358964
0.0370779
0.0383609
0.039773
0.0413539
0.0431509
0.0452301
0.0476802
0.0506365
0.0542843
0.0588365
0.0645204
0.0718575
0.0222033
0.0231784
0.0243026
0.0252377
0.0260706
0.0268632
0.0276271
0.0283666
0.0290888
0.029802
0.030514
0.0312328
0.0319667
0.0327248
0.0335165
0.0343536
0.0352499
0.0362223
0.0372912
0.0384812
0.0398247
0.0413648
0.0431583
0.0452831
0.047849
0.0510187
0.0550267
0.0601948
0.0670106
0.0760623
0.0245104
0.0253787
0.0262206
0.0269709
0.0276982
0.028419
0.02913
0.0298324
0.0305308
0.0312313
0.0319397
0.0326629
0.0334081
0.0341834
0.0349984
0.0358646
0.0367959
0.0378096
0.0389271
0.0401753
0.0415895
0.0432166
0.0451196
0.0473858
0.0501392
0.053559
0.0579114
0.0635752
0.0712014
0.0814815
0.0265221
0.0272815
0.0280083
0.0286792
0.0293428
0.0300089
0.0306767
0.0313489
0.0320306
0.032727
0.033444
0.0341877
0.0349652
0.0357846
0.0366554
0.0375894
0.0386009
0.0397076
0.0409319
0.0423024
0.0438565
0.0456441
0.0477323
0.0502143
0.0532216
0.0569435
0.0616607
0.0677688
0.0760096
0.0871208
0.0283992
0.029066
0.0297035
0.0303035
0.0309073
0.0315249
0.0321569
0.0328062
0.0334768
0.0341736
0.0349018
0.0356671
0.0364767
0.0373385
0.0382626
0.0392609
0.0403484
0.0415437
0.0428703
0.0443586
0.0460481
0.0479913
0.050259
0.052949
0.0561985
0.0602043
0.0652572
0.0717636
0.0805491
0.0924091
0.0301131
0.0306981
0.0312598
0.0318004
0.0323572
0.0329389
0.0335461
0.034181
0.0348473
0.0355491
0.0362913
0.0370796
0.0379207
0.038823
0.0397963
0.0408531
0.0420089
0.043283
0.0447
0.0462916
0.0480992
0.0501776
0.0526007
0.0554699
0.0589274
0.0631765
0.0685177
0.0753705
0.0846419
0.0972097
0.031661
0.0321729
0.0326705
0.0331628
0.0336829
0.0342378
0.0348277
0.0354544
0.036121
0.0368314
0.03759
0.0384023
0.0392749
0.0402162
0.0412361
0.0423475
0.043566
0.0449117
0.0464099
0.0480936
0.0500055
0.0522023
0.0547602
0.0577838
0.0614191
0.0658753
0.0714615
0.0786106
0.0882963
0.101492
0.0330382
0.0334844
0.0339272
0.03438
0.0348713
0.0354061
0.0359842
0.0366069
0.037277
0.0379979
0.0387737
0.0396097
0.0405124
0.04149
0.0425529
0.0437138
0.0449888
0.0463985
0.0479689
0.0497338
0.0517371
0.054037
0.0567115
0.0598676
0.0636546
0.0682863
0.0740793
0.0814789
0.0915039
0.105232
0.0342362
0.0346237
0.0350198
0.0354409
0.0359098
0.0364297
0.0370001
0.0376218
0.0382971
0.039029
0.0398214
0.0406795
0.0416095
0.0426198
0.0437207
0.044925
0.0462494
0.0477146
0.0493472
0.0511818
0.0532631
0.0556505
0.0584235
0.061691
0.0656049
0.0703825
0.0763472
0.0839544
0.0942478
0.108414
0.0352482
0.0355839
0.0359415
0.0363375
0.0367894
0.0372986
0.0378641
0.0384865
0.0391676
0.0399101
0.0407177
0.0415953
0.0425491
0.0435875
0.0447207
0.045962
0.0473278
0.0488395
0.0505241
0.0524165
0.0545624
0.0570218
0.0598756
0.063234
0.0672512
0.0721472
0.0782507
0.0860257
0.096523
0.111044
0.0360712
0.036363
0.0366896
0.0370666
0.0375059
0.0380075
0.0385701
0.0391941
0.0398808
0.0406327
0.0414533
0.0423473
0.0433209
0.0443824
0.0455421
0.0468133
0.0482128
0.049762
0.0514883
0.053427
0.0556243
0.058141
0.0610588
0.0644891
0.0685875
0.0735763
0.0797884
0.0876949
0.0983399
0.113143
0.0367072
0.0369637
0.0372668
0.0376298
0.0380601
0.0385565
0.0391175
0.0397433
0.0404349
0.0411946
0.0420255
0.0429325
0.0439217
0.0450012
0.0461815
0.0474758
0.0489012
0.0504792
0.0522373
0.0542114
0.0564479
0.0590081
0.0619743
0.0654588
0.0696184
0.0746768
0.0809704
0.0889758
0.0997205
0.114744
0.0371635
0.0373937
0.0376801
0.0380335
0.0384578
0.0389508
0.0395111
0.0401385
0.0408339
0.0415993
0.042438
0.0433545
0.0443549
0.0454475
0.0466426
0.0479536
0.0493975
0.0509961
0.052777
0.0547763
0.0570406
0.0596317
0.0626322
0.0661551
0.0703578
0.0754652
0.0818159
0.0898911
0.100696
0.115886
0.0374518
0.0376648
0.0379408
0.0382884
0.038709
0.0392001
0.0397601
0.0403887
0.0410866
0.0418559
0.0426996
0.0436222
0.0446299
0.0457308
0.0469354
0.048257
0.0497128
0.0513244
0.0531198
0.0551351
0.057417
0.0600276
0.0630498
0.0665968
0.0708267
0.0759647
0.0823514
0.0904703
0.101303
0.116615
0.0375872
0.037792
0.038063
0.0384079
0.0388268
0.0393171
0.039877
0.0405063
0.0412055
0.0419767
0.0428228
0.0437484
0.0447596
0.0458646
0.0470737
0.0484004
0.0498618
0.0514798
0.0532821
0.055305
0.0575953
0.0602152
0.0632478
0.0668063
0.0710492
0.0762018
0.0826055
0.0907451
0.101584
0.116968
0.0375873
0.037792
0.038063
0.0384079
0.0388268
0.0393171
0.039877
0.0405063
0.0412055
0.0419767
0.0428228
0.0437484
0.0447596
0.0458646
0.0470737
0.0484004
0.0498619
0.0514798
0.0532821
0.055305
0.0575954
0.0602153
0.0632478
0.0668063
0.0710492
0.0762018
0.0826055
0.0907452
0.101584
0.116968
0.0374518
0.0376649
0.0379408
0.0382884
0.038709
0.0392001
0.0397601
0.0403887
0.0410866
0.0418559
0.0426996
0.0436222
0.0446299
0.0457308
0.0469354
0.0482571
0.0497128
0.0513244
0.0531199
0.0551351
0.057417
0.0600276
0.0630498
0.0665968
0.0708267
0.0759648
0.0823514
0.0904704
0.101303
0.116615
0.0371635
0.0373937
0.0376801
0.0380336
0.0384578
0.0389508
0.0395111
0.0401385
0.0408339
0.0415994
0.042438
0.0433545
0.044355
0.0454475
0.0466426
0.0479536
0.0493976
0.0509961
0.0527771
0.0547764
0.0570407
0.0596317
0.0626323
0.0661551
0.0703579
0.0754653
0.081816
0.0898912
0.100696
0.115887
0.0367072
0.0369637
0.0372668
0.0376298
0.0380601
0.0385565
0.0391176
0.0397433
0.040435
0.0411946
0.0420256
0.0429325
0.0439217
0.0450012
0.0461815
0.0474759
0.0489012
0.0504792
0.0522374
0.0542115
0.056448
0.0590082
0.0619744
0.0654589
0.0696185
0.074677
0.0809705
0.088976
0.0997207
0.114744
0.0360712
0.036363
0.0366897
0.0370666
0.0375059
0.0380075
0.0385702
0.0391941
0.0398809
0.0406328
0.0414534
0.0423473
0.043321
0.0443825
0.0455422
0.0468134
0.0482129
0.0497621
0.0514884
0.0534271
0.0556244
0.0581411
0.0610589
0.0644892
0.0685876
0.0735764
0.0797886
0.0876951
0.0983401
0.113143
0.0352483
0.035584
0.0359415
0.0363376
0.0367895
0.0372987
0.0378641
0.0384865
0.0391677
0.0399102
0.0407178
0.0415953
0.0425492
0.0435876
0.0447208
0.045962
0.0473279
0.0488396
0.0505242
0.0524166
0.0545625
0.0570219
0.0598757
0.0632342
0.0672514
0.0721474
0.0782509
0.0860259
0.0965233
0.111044
0.0342363
0.0346237
0.0350199
0.035441
0.0359099
0.0364298
0.0370001
0.0376218
0.0382971
0.0390291
0.0398215
0.0406795
0.0416096
0.0426199
0.0437207
0.0449251
0.0462495
0.0477147
0.0493474
0.0511819
0.0532633
0.0556506
0.0584237
0.0616912
0.0656051
0.0703828
0.0763475
0.0839547
0.0942481
0.108414
0.0330382
0.0334845
0.0339272
0.0343801
0.0348714
0.0354062
0.0359842
0.036607
0.0372771
0.037998
0.0387738
0.0396097
0.0405125
0.0414901
0.042553
0.0437139
0.0449889
0.0463986
0.0479691
0.049734
0.0517373
0.0540372
0.0567117
0.0598678
0.0636549
0.0682865
0.0740796
0.0814792
0.0915043
0.105232
0.0316611
0.032173
0.0326706
0.0331629
0.033683
0.0342379
0.0348278
0.0354545
0.0361211
0.0368315
0.0375901
0.0384024
0.039275
0.0402163
0.0412363
0.0423476
0.0435661
0.0449118
0.0464101
0.0480937
0.0500056
0.0522024
0.0547604
0.057784
0.0614194
0.0658756
0.0714618
0.078611
0.0882968
0.101493
0.0301132
0.0306982
0.0312599
0.0318005
0.0323573
0.032939
0.0335462
0.0341811
0.0348474
0.0355492
0.0362914
0.0370797
0.0379208
0.0388231
0.0397964
0.0408533
0.0420091
0.0432832
0.0447002
0.0462918
0.0480994
0.0501778
0.0526009
0.0554701
0.0589276
0.0631769
0.0685181
0.0753709
0.0846424
0.0972103
0.0283993
0.0290662
0.0297036
0.0303036
0.0309074
0.031525
0.032157
0.0328063
0.0334769
0.0341737
0.0349019
0.0356672
0.0364768
0.0373387
0.0382627
0.039261
0.0403485
0.0415438
0.0428705
0.0443588
0.0460483
0.0479915
0.0502593
0.0529493
0.0561988
0.0602046
0.0652576
0.071764
0.0805497
0.0924098
0.0265222
0.0272817
0.0280085
0.0286793
0.0293429
0.030009
0.0306768
0.0313491
0.0320307
0.0327271
0.0334441
0.0341878
0.0349653
0.0357847
0.0366556
0.0375896
0.038601
0.0397078
0.0409321
0.0423026
0.0438567
0.0456443
0.0477325
0.0502146
0.0532219
0.0569439
0.0616612
0.0677693
0.0760101
0.0871216
0.0245106
0.0253789
0.0262207
0.0269711
0.0276984
0.0284191
0.0291302
0.0298325
0.030531
0.0312314
0.0319399
0.032663
0.0334082
0.0341836
0.0349986
0.0358647
0.036796
0.0378098
0.0389273
0.0401755
0.0415897
0.0432169
0.0451199
0.0473862
0.0501395
0.0535594
0.0579119
0.0635758
0.071202
0.0814823
0.0222035
0.0231786
0.0243028
0.0252379
0.0260707
0.0268633
0.0276272
0.0283667
0.029089
0.0298021
0.0305141
0.0312329
0.0319669
0.0327249
0.0335167
0.0343537
0.03525
0.0362225
0.0372914
0.0384814
0.0398249
0.0413651
0.0431585
0.0452834
0.0478494
0.0510191
0.0550271
0.0601953
0.0670112
0.0760631
0.0178837
0.0188212
0.0205686
0.02195
0.0231035
0.0241754
0.0251997
0.0261852
0.0271419
0.0280793
0.0290056
0.0299285
0.0308563
0.0317974
0.0327603
0.0337553
0.0347953
0.0358966
0.0370781
0.038361
0.0397732
0.0413541
0.0431512
0.0452303
0.0476805
0.0506369
0.0542848
0.058837
0.0645211
0.0718583
0.0656209
0.0637261
0.0597353
0.0548585
0.0497409
0.0444789
0.039069
0.0335466
0.0279696
0.0223985
0.0168905
0.0114989
0.0062714
0.00124936
-0.00353285
-0.00804785
-0.0122748
-0.0161991
-0.0198124
-0.0231124
-0.0260952
-0.0287487
-0.0310985
-0.033153
-0.0349233
-0.036435
-0.0377333
-0.0388075
-0.0393619
-0.0388421
0.0548133
0.0546052
0.0521691
0.0485228
0.0445692
0.0404806
0.0362259
0.0318101
0.0272742
0.0226691
0.0180477
0.0134639
0.00897107
0.00461925
0.000453683
-0.00348697
-0.00717162
-0.0105771
-0.0136874
-0.0164934
-0.0189969
-0.0212168
-0.0231488
-0.0248075
-0.0262141
-0.0274066
-0.0284381
-0.0292343
-0.029303
-0.0281336
0.048623
0.049162
0.0474708
0.0445254
0.0412773
0.0379101
0.03438
0.0306783
0.0268343
0.0228891
0.0188886
0.0148823
0.0109218
0.00705859
0.00334088
-0.000188405
-0.00349357
-0.00654732
-0.00933111
-0.0118351
-0.0140582
-0.016006
-0.0176892
-0.0191225
-0.0203264
-0.0213414
-0.0222248
-0.0228867
-0.0227587
-0.0212683
0.0444407
0.0453522
0.0441149
0.0416621
0.0389133
0.0360425
0.0330047
0.0297886
0.0264189
0.0229322
0.01937
0.0157786
0.0122081
0.00870936
0.00533135
0.00211866
-0.000890935
-0.00366797
-0.00619213
-0.00845238
-0.0104464
-0.0121792
-0.0136618
-0.0149087
-0.0159396
-0.0167944
-0.0175305
-0.0180578
-0.0177961
-0.0161515
0.0413941
0.0424665
0.0415075
0.0394104
0.0370348
0.0345368
0.0318712
0.029026
0.0260231
0.022895
0.0196798
0.0164212
0.0131671
0.00996733
0.00687056
0.0039217
0.00115927
-0.0013864
-0.00369417
-0.00575233
-0.00755808
-0.00911629
-0.0104376
-0.0115361
-0.0124309
-0.0131597
-0.0137792
-0.0142048
-0.0138681
-0.0121546
0.0391009
0.0402224
0.0394409
0.0376094
0.0355203
0.0333095
0.0309325
0.028378
0.0256655
0.0228244
0.0198901
0.0169036
0.0139109
0.0109602
0.00809936
0.00537289
0.00281921
0.00046885
-0.00165681
-0.00354577
-0.0051949
-0.00660879
-0.00779776
-0.00877548
-0.00956001
-0.010187
-0.0107119
-0.0110594
-0.0106808
-0.00893922
0.037305
0.0384262
0.037759
0.0361319
0.0342706
0.0322891
0.0301439
0.0278248
0.0253495
0.0227449
0.0200438
0.0172851
0.0145128
0.0117736
0.0091142
0.0065783
0.00420389
0.00202125
5.17061e-05
-0.00169269
-0.00320866
-0.00450057
-0.0055785
-0.00645577
-0.00714959
-0.00769343
-0.00814185
-0.00842966
-0.00803072
-0.0062823
0.0358792
0.036954
0.036362
0.0348944
0.033219
0.0314263
0.0294727
0.0273495
0.0250729
0.0226678
0.0201647
0.0176006
0.0150177
0.0124612
0.00997648
0.00760629
0.00538793
0.00335124
0.00151726
-0.000102069
-0.00150347
-0.00269116
-0.00367504
-0.00446818
-0.00508705
-0.00556308
-0.00594991
-0.00619266
-0.0057877
-0.00404329
0.0347109
0.035712
0.0351782
0.0338421
0.0323196
0.0306855
0.0288943
0.0269378
0.0248314
0.0225981
0.0202664
0.0178716
0.0154542
0.0130578
0.0107267
0.0085024
0.00642151
0.00451323
0.00279821
0.00128816
-1.37233e-05
-0.00111158
-0.00201517
-0.0027374
-0.00329406
-0.00371468
-0.00405199
-0.00426107
-0.0038598
-0.00212468
0.0337321
0.0346398
0.034147
0.0329339
0.0315389
0.0300396
0.0283889
0.0265776
0.02462
0.0225373
0.0203566
0.0181114
0.0158408
0.0135868
0.0113924
0.00929809
0.0073396
0.00554544
0.00393581
0.00252209
0.00130737
0.000287522
-0.000547101
-0.00120925
-0.00171417
-0.00208956
-0.00238718
-0.00257157
-0.00218087
-0.000457497
0.0328961
0.0336924
0.0332279
0.0321326
0.0308531
0.0294681
0.0279409
0.0262585
0.0244332
0.022485
0.0204395
0.0183286
0.0161899
0.0140642
0.011993
0.0100158
0.00816742
0.00647567
0.00496021
0.00363211
0.00249429
0.00154262
0.000767556
0.000156463
-0.000305372
-0.000643958
-0.000910019
-0.00107692
-0.000701889
0.00100856
0.0321623
0.0328482
0.0324007
0.0314032
0.0302406
0.0289548
0.0275372
0.0259713
0.0242659
0.0224396
0.020517
0.0185285
0.0165101
0.0145013
0.0125425
0.010672
0.00892368
0.00732468
0.00589412
0.00464271
0.00357321
0.00268148
0.00195806
0.00139046
0.000964425
0.000655555
0.000414262
0.000258954
0.00061434
0.00231094
0.0315048
0.0320739
0.0316442
0.0307336
0.0296786
0.0284865
0.0271667
0.0257078
0.0241129
0.0223991
0.0205899
0.0187144
0.0168072
0.0149064
0.0130513
0.011279
0.00962261
0.00810843
0.00675507
0.00557291
0.00456452
0.00372577
0.0030473
0.00251676
0.00212033
0.00183512
0.00161278
0.00146412
0.00179656
0.00347791
0.0309047
0.0313501
0.0309407
0.0301112
0.0291492
0.0280543
0.0268205
0.0254606
0.0239695
0.0223611
0.020658
0.0188882
0.0170851
0.0152855
0.0135272
0.0118464
0.0102753
0.00883949
0.00755699
0.00643786
0.00548452
0.00469283
0.00405358
0.00355455
0.00318235
0.00291552
0.00270706
0.00256077
0.0028673
0.00453089
0.0303385
0.0306668
0.0302794
0.0295216
0.0286426
0.0276466
0.0264939
0.0252245
0.0238316
0.0223231
0.0207207
0.0190513
0.017347
0.015643
0.0139763
0.0123818
0.0108907
0.00952802
0.00831119
0.00724992
0.00634651
0.00559684
0.00499183
0.00451948
0.00416674
0.00391355
0.00371435
0.00356661
0.00384442
0.00548607
0.0297892
0.0300104
0.0296465
0.0289571
0.0281548
0.027248
0.0261819
0.0249944
0.0236949
0.0222828
0.0207771
0.0192042
0.0175946
0.0159826
0.0144034
0.0128912
0.0114762
0.0101825
0.00902709
0.00801943
0.00716163
0.00644963
0.0058745
0.00542446
0.00508686
0.00484289
0.00464863
0.00449585
0.00474211
0.00635538
0.0292468
0.0293687
0.0290309
0.0284095
0.0276767
0.0268484
0.0258781
0.0247664
0.023556
0.0222376
0.0208261
0.019347
0.0178296
0.0163068
0.0148125
0.0133798
0.0120378
0.01081
0.00971278
0.00875525
0.00793942
0.00726129
0.00671212
0.00628038
0.00595379
0.0057148
0.00552123
0.00535988
0.00557159
0.00714723
0.028704
0.0287303
0.02842
0.0278659
0.0272021
0.0264472
0.025571
0.0245377
0.0234113
0.022185
0.0208663
0.0194795
0.0180529
0.0166178
0.0152069
0.0138519
0.012581
0.0114169
0.0103753
0.00946515
0.0086882
0.00804055
0.00751372
0.00709645
0.00677684
0.00653853
0.00634129
0.00616772
0.00634159
0.00786699
0.0281534
0.0280857
0.0278058
0.0273188
0.0267236
0.0260403
0.0252515
0.0243052
0.0232574
0.0221221
0.0208961
0.0196012
0.018265
0.0169173
0.0155893
0.0143114
0.0131106
0.0120088
0.0110212
0.0101561
0.0094154
0.00879517
0.00828719
0.00788053
0.00756373
0.00732158
0.00711601
0.00692628
0.00705864
0.00851737
0.0275853
0.0274283
0.0271816
0.0267619
0.0262366
0.0256207
0.0249118
0.0240649
0.0230921
0.0220464
0.0209139
0.0197116
0.0184665
0.0172068
0.0159623
0.0147617
0.0136311
0.0125911
0.0116563
0.0108347
0.0101278
0.00953209
0.00903944
0.00863937
0.0083209
0.00806995
0.00785086
0.00764054
0.0077272
0.00909866
0.0269901
0.0267508
0.0265401
0.0261875
0.025732
0.0251856
0.0245531
0.0238071
0.0229139
0.0219556
0.0209177
0.0198096
0.0186572
0.0174874
0.016328
0.0152062
0.0141466
0.0131687
0.0122863
0.0115069
0.0108319
0.0102577
0.00977661
0.0093787
0.00905351
0.00878816
0.00854962
0.00831361
0.00834973
0.00960901
0.0263574
0.026046
0.025875
0.0255897
0.0252044
0.0247295
0.0241731
0.0235241
0.0227206
0.0218468
0.0209053
0.0198942
0.0188373
0.0177601
0.0166885
0.015648
0.0146613
0.0137467
0.0129169
0.0121788
0.0115336
0.0109778
0.0105042
0.0101033
0.0097656
0.00947933
0.00921445
0.00894677
0.00892667
0.0100448
0.0256749
0.025306
0.0251792
0.0249627
0.0246494
0.0242495
0.0237686
0.0232086
0.0225092
0.0217166
0.0208742
0.0199639
0.0190061
0.0180256
0.0170459
0.0160904
0.0151797
0.0143304
0.013554
0.0128566
0.0122391
0.011698
0.011227
0.0108173
0.0104601
0.0101452
0.00984584
0.00953944
0.00945637
0.0104009
0.0249257
0.0245207
0.0244443
0.0242995
0.0240604
0.0237383
0.0233353
0.0228598
0.0222735
0.0215647
0.0208222
0.020017
0.0191633
0.0182846
0.0174022
0.0165366
0.015706
0.0149249
0.0142033
0.0135461
0.0129538
0.0124233
0.0119489
0.0115231
0.011138
0.0107854
0.0104421
0.0100888
0.0099347
0.0106712
0.0240879
0.0236767
0.0236585
0.0235904
0.0234301
0.0231888
0.0228676
0.0224785
0.0220048
0.0213898
0.0207474
0.0200521
0.0193082
0.0185377
0.0177591
0.0169896
0.0162443
0.0155351
0.0148697
0.0142518
0.0136816
0.0131562
0.0126713
0.0122205
0.0117978
0.0113968
0.0109986
0.0105891
0.010355
0.0108498
0.0231408
0.0227687
0.0228152
0.0228273
0.022753
0.0225982
0.0223632
0.0220638
0.0216974
0.0211876
0.0206453
0.0200656
0.0194386
0.0187842
0.0181177
0.0174523
0.0167993
0.0161668
0.0155599
0.0149805
0.0144278
0.0139011
0.013397
0.0129107
0.0124385
0.0119765
0.0115111
0.0110356
0.0107111
0.0109332
0.0220503
0.0218261
0.0219549
0.0220377
0.0220468
0.0219794
0.0218305
0.021617
0.0213477
0.0209534
0.0205072
0.0200478
0.0195463
0.0190193
0.0184786
0.0179321
0.0173852
0.0168408
0.0162998
0.0157608
0.0152222
0.0146878
0.0141544
0.0136187
0.0130808
0.0125409
0.0119918
0.0114363
0.0110033
0.0109211
0.0206074
0.020791
0.0211059
0.0212598
0.0213355
0.0213436
0.0212723
0.021132
0.0209443
0.0206734
0.0203238
0.0199886
0.0196254
0.0192452
0.018854
0.0184517
0.0180348
0.0175983
0.0171365
0.0166445
0.0161214
0.0155664
0.0149861
0.0143799
0.0137524
0.0131098
0.012453
0.0117928
0.0112162
0.0107992
0.018127
0.0189226
0.0197223
0.0201231
0.0203519
0.0204932
0.0205491
0.0205286
0.0204606
0.0203424
0.0201327
0.0199456
0.0197402
0.0195194
0.0192817
0.0190181
0.0187161
0.0183647
0.0179533
0.0174787
0.0169593
0.0163259
0.0156613
0.0149567
0.0142198
0.0134623
0.0126921
0.0119237
0.0111975
0.010493
0.0142173
0.01481
0.0162782
0.0173631
0.0181495
0.0187744
0.0192642
0.01963
0.0199
0.0200844
0.0201464
0.0201601
0.0200975
0.0199547
0.0197304
0.0194209
0.0190232
0.0185405
0.0179757
0.0173289
0.0165947
0.0158777
0.0151228
0.0143451
0.0135648
0.0127945
0.0120439
0.0113277
0.010656
0.00997331
-0.0405203
-0.032577
-0.026579
-0.0217083
-0.0176879
-0.014341
-0.0115175
-0.00910815
-0.00702974
-0.00521906
-0.00362744
-0.00221691
-0.000957454
0.000174965
0.00119985
0.00213315
0.00298802
0.00377525
0.0045036
0.00517993
0.00580918
0.00639435
0.00693633
0.00743383
0.00788297
0.00827543
0.00860128
0.00885825
0.00904799
0.0090941
-0.0406715
-0.032601
-0.0263082
-0.0213077
-0.0172115
-0.0138093
-0.01094
-0.0084889
-0.00637116
-0.00452318
-0.00289659
-0.00145409
-0.000166681
0.000988317
0.00202868
0.00296826
0.00381773
0.00458513
0.00527629
0.00589519
0.00644428
0.00692472
0.00733671
0.00767978
0.00795273
0.0081534
0.00828004
0.00835404
0.00846923
0.00866757
-0.0414953
-0.033574
-0.0272654
-0.0222597
-0.0181502
-0.0147298
-0.0118405
-0.00936924
-0.00723254
-0.00536781
-0.00372724
-0.00227387
-0.000978763
0.000180898
0.00122322
0.00216259
0.0030104
0.00377562
0.00446516
0.00508422
0.00563653
0.00612455
0.00654967
0.00691257
0.00721299
0.00744738
0.00760615
0.0077038
0.00787084
0.00826334
-0.0424964
-0.0348772
-0.0286834
-0.0237204
-0.0196047
-0.0161536
-0.0132219
-0.0107031
-0.00851779
-0.00660544
-0.00491958
-0.00342393
-0.00208988
-0.0008947
0.000179811
0.00114825
0.00202234
0.00281147
0.00352305
0.00416292
0.0047355
0.00524405
0.0056909
0.00607782
0.00640606
0.00667307
0.00686741
0.00699972
0.00721969
0.00777662
-0.0434042
-0.0360385
-0.0299655
-0.0250526
-0.0209382
-0.0174616
-0.0144903
-0.0119253
-0.0096911
-0.00773009
-0.00599722
-0.00445712
-0.00308166
-0.00184832
-0.000738955
0.000261133
0.00116386
0.00197887
0.00271396
0.00337536
0.00396799
0.00449564
0.00496119
0.00536705
0.00571529
0.00600436
0.00622268
0.00637835
0.00662679
0.00727558
-0.0441835
-0.0370004
-0.0310357
-0.0261752
-0.0220736
-0.0185854
-0.0155885
-0.0129899
-0.0107185
-0.00871894
-0.00694792
-0.005371
-0.00396065
-0.00269468
-0.00155506
-0.000527124
0.000401152
0.0012396
0.00199624
0.00267764
0.00328909
0.00383478
0.00431807
0.00474181
0.00510861
0.00541777
0.00565827
0.00583562
0.00609956
0.00678324
-0.0448503
-0.0378062
-0.0319427
-0.0271348
-0.0230535
-0.0195639
-0.0165517
-0.0139297
-0.0116302
-0.00960029
-0.00779815
-0.0061904
-0.00475017
-0.00345565
-0.00228907
-0.00123582
-0.000283886
0.000576648
0.00135397
0.00205482
0.00268477
0.00324831
0.00374912
0.00419039
0.00457511
0.00490337
0.00516544
0.00536454
0.00563642
0.006311
-0.0454138
-0.0384805
-0.032712
-0.0279539
-0.0238955
-0.0204098
-0.017389
-0.0147502
-0.012429
-0.0103746
-0.00854667
-0.00691281
-0.0054468
-0.00412727
-0.00293668
-0.00186059
-0.000887025
-6.04592e-06
0.000790615
0.00150984
0.00215735
0.00273789
0.00325537
0.00371321
0.00411464
0.00446051
0.00474283
0.00496311
0.00523762
0.00587085
-0.04588
-0.0390344
-0.0333527
-0.0286393
-0.0246037
-0.0211246
-0.0180993
-0.0154487
-0.013111
-0.0110373
-0.0091884
-0.00753295
-0.0060453
-0.00470449
-0.00349325
-0.00239729
-0.00140472
-0.000505606
0.00030835
0.00104412
0.00170755
0.00230354
0.00283618
0.00330906
0.00372557
0.0040872
0.004388
0.00462831
0.00490226
0.00547358
-0.0462563
-0.0394777
-0.033873
-0.0291978
-0.0251832
-0.0217119
-0.018685
-0.0160264
-0.0136764
-0.0115878
-0.00972242
-0.00804967
-0.00654443
-0.00518613
-0.00395775
-0.00284515
-0.00183653
-0.000921988
-9.32048e-05
0.000656836
0.00133406
0.00194349
0.00248936
0.00297537
0.00340499
0.00378028
0.00409733
0.00435595
0.00462785
0.00512757
-0.0465515
-0.0398213
-0.0342825
-0.0296384
-0.0256421
-0.0221784
-0.0191515
-0.0164877
-0.0141289
-0.0120291
-0.0101512
-0.008465
-0.00694598
-0.00557383
-0.00433176
-0.00320577
-0.00218413
-0.001257
-0.000416059
0.000345745
0.0010344
0.00165498
0.00221186
0.00270881
0.00314935
0.00353596
0.00386669
0.00414127
0.00441087
0.00483859
-0.0467748
-0.0400762
-0.0345916
-0.0299714
-0.0259897
-0.0225327
-0.0195066
-0.0168394
-0.0144745
-0.0123667
-0.0104795
-0.00878335
-0.00725397
-0.00587134
-0.00461884
-0.00348259
-0.00245094
-0.00151407
-0.000663672
0.000107311
0.0008049
0.00143425
0.00199977
0.00250534
0.00295449
0.00334999
0.00369155
0.00397926
0.00424703
0.00460981
-0.0469349
-0.0402528
-0.0348103
-0.0302071
-0.0262364
-0.0227845
-0.0197593
-0.0170901
-0.0147211
-0.0126078
-0.0107142
-0.00901106
-0.00747438
-0.00608433
-0.0048244
-0.00368082
-0.00264198
-0.0016981
-0.000840881
-6.32562e-05
0.000640817
0.00127653
0.00184835
0.0023602
0.00281562
0.00321759
0.00356708
0.00386474
0.00413146
0.00444188
-0.0470396
-0.0403612
-0.0349489
-0.0303563
-0.0263926
-0.0229441
-0.0199196
-0.0172493
-0.0148778
-0.012761
-0.0108634
-0.00915589
-0.00761461
-0.00621986
-0.00495523
-0.00380699
-0.00276357
-0.00181521
-0.000953634
-0.000171756
0.000536474
0.00117627
0.00175214
0.00226803
0.00272748
0.0031336
0.0034882
0.00379246
0.00405886
0.00433328
-0.0470927
-0.0404109
-0.0350154
-0.0304278
-0.0264674
-0.0230206
-0.0199964
-0.0173255
-0.0149528
-0.0128345
-0.0109349
-0.00922528
-0.00768179
-0.00628479
-0.0050179
-0.00386742
-0.00282181
-0.00187131
-0.00100763
-0.000223715
0.00048651
0.00112827
0.00170608
0.00222391
0.0026853
0.00309341
0.00345046
0.00375798
0.00402443
0.00428106
-0.0470926
-0.0404109
-0.0350154
-0.0304278
-0.0264674
-0.0230206
-0.0199964
-0.0173255
-0.0149528
-0.0128345
-0.0109349
-0.00922528
-0.00768179
-0.00628479
-0.0050179
-0.00386742
-0.00282181
-0.00187131
-0.00100763
-0.000223713
0.000486512
0.00112827
0.00170608
0.00222391
0.0026853
0.00309341
0.00345047
0.00375799
0.00402443
0.00428106
-0.0470396
-0.0403612
-0.0349489
-0.0303563
-0.0263926
-0.0229441
-0.0199196
-0.0172493
-0.0148778
-0.012761
-0.0108634
-0.00915589
-0.0076146
-0.00621986
-0.00495523
-0.00380698
-0.00276356
-0.00181521
-0.000953628
-0.00017175
0.00053648
0.00117627
0.00175214
0.00226803
0.00272749
0.00313361
0.00348821
0.00379247
0.00405886
0.00433329
-0.0469349
-0.0402528
-0.0348103
-0.0302071
-0.0262364
-0.0227845
-0.0197593
-0.0170901
-0.0147211
-0.0126078
-0.0107142
-0.00901105
-0.00747437
-0.00608432
-0.00482439
-0.00368081
-0.00264197
-0.00169809
-0.000840871
-6.32463e-05
0.000640827
0.00127654
0.00184836
0.00236022
0.00281563
0.0032176
0.0035671
0.00386476
0.00413148
0.0044419
-0.0467748
-0.0400761
-0.0345915
-0.0299713
-0.0259897
-0.0225327
-0.0195065
-0.0168394
-0.0144745
-0.0123667
-0.0104795
-0.00878333
-0.00725395
-0.00587133
-0.00461883
-0.00348258
-0.00245092
-0.00151405
-0.000663658
0.000107325
0.000804914
0.00143426
0.00199979
0.00250536
0.0029545
0.00335001
0.00369157
0.00397928
0.00424705
0.00460983
-0.0465514
-0.0398213
-0.0342825
-0.0296384
-0.0256421
-0.0221784
-0.0191515
-0.0164876
-0.0141289
-0.0120291
-0.0101512
-0.00846498
-0.00694595
-0.00557381
-0.00433174
-0.00320575
-0.00218412
-0.00125699
-0.000416041
0.000345764
0.00103441
0.001655
0.00221188
0.00270883
0.00314937
0.00353599
0.00386671
0.0041413
0.0044109
0.00483863
-0.0462562
-0.0394776
-0.033873
-0.0291977
-0.0251832
-0.0217119
-0.0186849
-0.0160263
-0.0136764
-0.0115877
-0.00972239
-0.00804964
-0.0065444
-0.00518611
-0.00395773
-0.00284513
-0.00183651
-0.000921966
-9.31827e-05
0.000656859
0.00133409
0.00194352
0.00248938
0.00297539
0.00340502
0.00378031
0.00409736
0.00435598
0.00462788
0.00512761
-0.0458799
-0.0390343
-0.0333527
-0.0286392
-0.0246036
-0.0211246
-0.0180993
-0.0154487
-0.013111
-0.0110372
-0.00918837
-0.00753292
-0.00604527
-0.00470445
-0.00349322
-0.00239726
-0.00140469
-0.00050558
0.000308376
0.00104415
0.00170758
0.00230357
0.00283621
0.00330909
0.0037256
0.00408724
0.00438803
0.00462835
0.0049023
0.00547363
-0.0454137
-0.0384804
-0.0327119
-0.0279538
-0.0238955
-0.0204097
-0.0173889
-0.0147501
-0.0124289
-0.0103745
-0.00854663
-0.00691277
-0.00544676
-0.00412723
-0.00293664
-0.00186056
-0.000886992
-6.01494e-06
0.000790645
0.00150987
0.00215739
0.00273793
0.00325541
0.00371324
0.00411468
0.00446055
0.00474287
0.00496316
0.00523767
0.0058709
-0.0448502
-0.0378061
-0.0319426
-0.0271347
-0.0230534
-0.0195638
-0.0165517
-0.0139297
-0.0116301
-0.00960024
-0.00779811
-0.00619036
-0.00475012
-0.00345561
-0.00228903
-0.00123578
-0.000283846
0.000576685
0.001354
0.00205486
0.0026848
0.00324835
0.00374916
0.00419043
0.00457515
0.00490342
0.00516549
0.0053646
0.00563647
0.00631106
-0.0441833
-0.0370003
-0.0310356
-0.0261751
-0.0220735
-0.0185853
-0.0155884
-0.0129898
-0.0107184
-0.00871888
-0.00694787
-0.00537095
-0.0039606
-0.00269463
-0.00155501
-0.000527074
0.0004012
0.00123964
0.00199629
0.00267768
0.00328913
0.00383483
0.00431811
0.00474185
0.00510866
0.00541782
0.00565833
0.00583568
0.00609963
0.00678331
-0.043404
-0.0360384
-0.0299654
-0.0250524
-0.0209381
-0.0174615
-0.0144902
-0.0119252
-0.00969102
-0.00773002
-0.00599717
-0.00445707
-0.00308161
-0.00184827
-0.000738903
0.000261188
0.00116391
0.00197892
0.00271401
0.00337541
0.00396803
0.00449568
0.00496123
0.0053671
0.00571535
0.00600442
0.00622274
0.00637841
0.00662686
0.00727566
-0.0424962
-0.034877
-0.0286833
-0.0237203
-0.0196046
-0.0161535
-0.0132218
-0.010703
-0.00851769
-0.00660535
-0.00491951
-0.00342388
-0.00208984
-0.000894654
0.000179861
0.00114831
0.0020224
0.00281152
0.00352311
0.00416297
0.00473555
0.00524411
0.00569095
0.00607787
0.00640612
0.00667314
0.00686747
0.00699979
0.00721977
0.0077767
-0.041495
-0.0335738
-0.0272652
-0.0222596
-0.0181501
-0.0147297
-0.0118404
-0.00936913
-0.00723243
-0.00536771
-0.00372716
-0.00227381
-0.000978712
0.000180944
0.00122327
0.00216264
0.00301046
0.00377568
0.00446522
0.00508428
0.00563659
0.00612461
0.00654973
0.00691263
0.00721306
0.00744745
0.00760622
0.00770388
0.00787093
0.00826343
-0.0406713
-0.0326008
-0.026308
-0.0213075
-0.0172114
-0.0138092
-0.0109399
-0.00848879
-0.00637105
-0.00452308
-0.00289649
-0.00145401
-0.000166619
0.000988369
0.00202873
0.00296831
0.00381778
0.00458518
0.00527635
0.00589526
0.00644435
0.00692479
0.00733678
0.00767985
0.0079528
0.00815347
0.00828012
0.00835412
0.00846933
0.00866767
-0.0405201
-0.0325768
-0.0265788
-0.0217082
-0.0176878
-0.0143409
-0.0115174
-0.00910806
-0.00702965
-0.00521897
-0.00362734
-0.00221682
-0.000957377
0.000175032
0.00119991
0.00213321
0.00298808
0.00377532
0.00450368
0.00518001
0.00580926
0.00639444
0.00693642
0.00743392
0.00788307
0.00827553
0.00860138
0.00885836
0.00904811
0.00909422
0.0084412
0.00795282
0.00735216
0.00673401
0.00614806
0.0055987
0.00508201
0.00459666
0.00414254
0.00371928
0.00332608
0.0029619
0.00262558
0.00231586
0.00203142
0.00177092
0.00153299
0.00131629
0.00111948
0.000941252
0.000780353
0.000635563
0.00050571
0.00038968
0.000286407
0.000194883
0.000114155
4.33217e-05
-1.8463e-05
-7.19931e-05
-0.000118012
-0.000157214
-0.000190247
-0.000217711
-0.000240166
-0.000258128
-0.000272075
-0.000282447
-0.00028965
-0.000294057
-0.000296007
-0.000295813
-0.00029376
-0.000290106
-0.000285086
-0.000278912
-0.000271776
-0.000263852
-0.000255295
-0.000246243
-0.000236822
-0.000227143
-0.000217304
-0.000207391
-0.000197484
-0.000187683
-0.000178142
-0.000168857
-0.000158792
-0.000149197
-0.000140075
-0.000131304
-0.000122856
-0.00011474
-0.000106963
-9.95261e-05
-9.24311e-05
-8.5676e-05
-7.92577e-05
-7.31709e-05
-6.74079e-05
-6.19714e-05
-5.68498e-05
-5.20209e-05
-4.74857e-05
-4.32359e-05
-3.92603e-05
-3.55474e-05
-3.20862e-05
-2.88656e-05
-2.58745e-05
-2.31021e-05
-2.05374e-05
-1.81698e-05
-1.5989e-05
-1.39849e-05
-1.21478e-05
-1.04687e-05
-8.93899e-06
-7.55068e-06
-6.29665e-06
-5.17067e-06
-4.16774e-06
-3.28413e-06
-2.51665e-06
-1.86216e-06
-1.32722e-06
-9.59828e-07
-8.24815e-07
-6.1963e-07
0.00766338
0.00743856
0.00702871
0.00654123
0.00606659
0.00561694
0.00518723
0.00477625
0.00438486
0.00401376
0.00366317
0.00333302
0.00302307
0.00273297
0.0024622
0.00221018
0.00197625
0.00175967
0.00155969
0.00137551
0.00120633
0.00105134
0.000909737
0.000780712
0.000663485
0.000557293
0.000461396
0.000375077
0.000297651
0.000228459
0.000166874
0.000112301
6.41739e-05
2.19596e-05
-1.4845e-05
-4.67127e-05
-7.40864e-05
-9.73805e-05
-0.000116982
-0.00013325
-0.00014652
-0.0001571
-0.000165278
-0.000171317
-0.000175461
-0.000177933
-0.000178937
-0.000178661
-0.000177274
-0.000174931
-0.000171773
-0.000167925
-0.000163499
-0.000158596
-0.000153304
-0.000147672
-0.000141658
-0.000135292
-0.000129789
-0.000123925
-0.000117881
-0.000111843
-0.000105876
-0.000100008
-9.42638e-05
-8.86649e-05
-8.32284e-05
-7.79672e-05
-7.28909e-05
-6.80069e-05
-6.33294e-05
-5.88635e-05
-5.45907e-05
-5.05194e-05
-4.66519e-05
-4.29863e-05
-3.95192e-05
-3.62464e-05
-3.31632e-05
-3.02643e-05
-2.75442e-05
-2.49969e-05
-2.26159e-05
-2.03951e-05
-1.83279e-05
-1.64077e-05
-1.46282e-05
-1.2983e-05
-1.14659e-05
-1.00709e-05
-8.79231e-06
-7.62463e-06
-6.56281e-06
-5.60204e-06
-4.73595e-06
-3.95415e-06
-3.25612e-06
-2.71054e-06
-2.41725e-06
-1.6931e-06
0.00700263
0.00699997
0.0067299
0.00633306
0.0059377
0.00556136
0.00519684
0.00484243
0.00449959
0.00416968
0.00385352
0.00355167
0.00326449
0.00299219
0.00273482
0.00249231
0.00226447
0.00205103
0.00185161
0.00166581
0.00149313
0.00133308
0.0011851
0.00104864
0.000923119
0.000807966
0.000702599
0.000606448
0.000518948
0.00043955
0.000367719
0.000302938
0.000244709
0.000192554
0.000146019
0.000104668
6.80904e-05
3.58956e-05
7.71601e-06
-1.67942e-05
-3.79599e-05
-5.6085e-05
-7.14534e-05
-8.43297e-05
-9.49597e-05
-0.000103572
-0.000110377
-0.00011557
-0.00011933
-0.000121824
-0.000123201
-0.000123601
-0.00012315
-0.000121965
-0.000120151
-0.000117799
-0.000114983
-0.000111774
-0.000108285
-0.000104525
-0.000100562
-9.64688e-05
-9.22938e-05
-8.80721e-05
-8.38359e-05
-7.96137e-05
-7.54305e-05
-7.13075e-05
-6.72626e-05
-6.33111e-05
-5.94685e-05
-5.57498e-05
-5.21476e-05
-4.86755e-05
-4.53402e-05
-4.21448e-05
-3.90911e-05
-3.618e-05
-3.34113e-05
-3.07839e-05
-2.82963e-05
-2.59461e-05
-2.37303e-05
-2.16458e-05
-1.96888e-05
-1.78554e-05
-1.61414e-05
-1.45427e-05
-1.30546e-05
-1.16728e-05
-1.03925e-05
-9.20903e-06
-8.11762e-06
-7.11333e-06
-6.18835e-06
-5.32769e-06
-4.5294e-06
-3.89896e-06
-3.60753e-06
-2.62597e-06
0.00644496
0.00659659
0.00642978
0.00610848
0.0057813
0.00546784
0.00515949
0.0048544
0.00455447
0.00426151
0.00397679
0.00370131
0.00343588
0.00318115
0.00293761
0.00270559
0.00248527
0.00227674
0.00207996
0.0018948
0.00172106
0.00155849
0.00140676
0.00126552
0.00113437
0.0010129
0.000900673
0.000797242
0.000702155
0.000614961
0.00053521
0.000462458
0.000396271
0.000336225
0.000281909
0.000232929
0.000188903
0.000149469
0.000114278
8.30012e-05
5.53258e-05
3.09564e-05
9.61479e-06
-8.96073e-06
-2.50154e-05
-3.87787e-05
-5.04647e-05
-6.02727e-05
-6.83878e-05
-7.49818e-05
-8.02132e-05
-8.42285e-05
-8.71625e-05
-8.91391e-05
-9.02719e-05
-9.06651e-05
-9.04136e-05
-8.96002e-05
-8.82946e-05
-8.65792e-05
-8.45224e-05
-8.21838e-05
-7.96164e-05
-7.68671e-05
-7.39779e-05
-7.0986e-05
-6.79243e-05
-6.48216e-05
-6.17033e-05
-5.85915e-05
-5.55058e-05
-5.2463e-05
-4.94743e-05
-4.65524e-05
-4.37076e-05
-4.09481e-05
-3.82803e-05
-3.57092e-05
-3.32387e-05
-3.08713e-05
-2.86088e-05
-2.6452e-05
-2.44008e-05
-2.24548e-05
-2.06126e-05
-1.88726e-05
-1.72327e-05
-1.56904e-05
-1.42428e-05
-1.28868e-05
-1.16188e-05
-1.04349e-05
-9.33114e-06
-8.30314e-06
-7.34282e-06
-6.43229e-06
-5.56953e-06
-4.8995e-06
-4.67686e-06
-3.53405e-06
0.0059682
0.00622608
0.00613645
0.00588204
0.00561674
0.0053592
0.00510047
0.00483913
0.00457749
0.00431773
0.00406148
0.00381013
0.00356486
0.00332669
0.00309646
0.00287483
0.00266231
0.00245927
0.00226595
0.00208249
0.00190891
0.00174517
0.00159114
0.00144664
0.00131144
0.00118525
0.00106777
0.000958668
0.00085759
0.00076417
0.000678036
0.000598809
0.000526115
0.000459578
0.00039883
0.000343514
0.000293277
0.000247781
0.000206701
0.000169721
0.000136543
0.00010688
8.04613e-05
5.70293e-05
3.6341e-05
1.81674e-05
2.2932e-06
-1.14834e-05
-2.33511e-05
-3.34861e-05
-4.20526e-05
-4.92028e-05
-5.50782e-05
-5.98094e-05
-6.35169e-05
-6.63121e-05
-6.82972e-05
-6.95665e-05
-7.02065e-05
-7.02966e-05
-6.99092e-05
-6.91107e-05
-6.79614e-05
-6.65159e-05
-6.48231e-05
-6.29269e-05
-6.08667e-05
-5.86775e-05
-5.63906e-05
-5.40338e-05
-5.16315e-05
-4.92052e-05
-4.67732e-05
-4.43519e-05
-4.19555e-05
-3.95962e-05
-3.72843e-05
-3.50285e-05
-3.28359e-05
-3.07124e-05
-2.86625e-05
-2.66898e-05
-2.47969e-05
-2.29856e-05
-2.12568e-05
-1.96108e-05
-1.80473e-05
-1.65654e-05
-1.51639e-05
-1.38408e-05
-1.25937e-05
-1.142e-05
-1.03163e-05
-9.27954e-06
-8.30207e-06
-7.36412e-06
-6.46335e-06
-5.78233e-06
-5.66626e-06
-4.42855e-06
0.00557351
0.00589529
0.00586256
0.00566674
0.00545626
0.00524733
0.00503153
0.00480813
0.00457984
0.00434913
0.00411795
0.00388799
0.00366076
0.00343759
0.00321959
0.00300772
0.00280272
0.00260523
0.00241571
0.0022345
0.00206183
0.00189782
0.00174252
0.00159589
0.00145782
0.00132817
0.00120674
0.00109327
0.000987522
0.000889191
0.000797974
0.000713554
0.000635604
0.000563796
0.0004978
0.000437289
0.000381942
0.000331442
0.000285481
0.000243763
0.000206
0.000171915
0.000141245
0.000113737
8.91514e-05
6.72604e-05
4.78492e-05
3.07146e-05
1.56657e-05
2.52322e-06
-8.88066e-06
-1.87029e-05
-2.70897e-05
-3.41772e-05
-4.00918e-05
-4.49507e-05
-4.88622e-05
-5.19268e-05
-5.42376e-05
-5.58793e-05
-5.693e-05
-5.7462e-05
-5.75412e-05
-5.72276e-05
-5.65757e-05
-5.56348e-05
-5.44495e-05
-5.30601e-05
-5.15026e-05
-4.98094e-05
-4.80096e-05
-4.61289e-05
-4.41899e-05
-4.22129e-05
-4.02157e-05
-3.82139e-05
-3.6221e-05
-3.42489e-05
-3.23074e-05
-3.04052e-05
-2.85493e-05
-2.67457e-05
-2.49992e-05
-2.33135e-05
-2.16915e-05
-2.01353e-05
-1.86461e-05
-1.72245e-05
-1.58707e-05
-1.45839e-05
-1.3363e-05
-1.22063e-05
-1.11117e-05
-1.00771e-05
-9.09611e-06
-8.14768e-06
-7.22814e-06
-6.55305e-06
-6.56222e-06
-5.28677e-06
0.00525609
0.00560544
0.00561375
0.00546948
0.00530713
0.00513994
0.00496077
0.0047698
0.00457007
0.0043643
0.00415471
0.00394327
0.00373178
0.00352179
0.00331467
0.00311158
0.00291351
0.00272127
0.0025355
0.00235674
0.00218536
0.00202163
0.00186574
0.00171776
0.00157772
0.00144554
0.00132114
0.00120435
0.00109497
0.00099279
0.000897553
0.000808995
0.000726834
0.000650779
0.000580536
0.000515806
0.000456291
0.000401697
0.000351734
0.000306118
0.000264574
0.000226835
0.000192644
0.000161754
0.000133928
0.000108941
8.65782e-05
6.66372e-05
4.89256e-05
3.3262e-05
1.94759e-05
7.40716e-06
-3.09428e-06
-1.21687e-05
-1.99468e-05
-2.65504e-05
-3.20929e-05
-3.66793e-05
-4.04072e-05
-4.33665e-05
-4.56404e-05
-4.73056e-05
-4.84326e-05
-4.90859e-05
-4.93245e-05
-4.92022e-05
-4.87679e-05
-4.8066e-05
-4.71366e-05
-4.6016e-05
-4.4737e-05
-4.33288e-05
-4.18176e-05
-4.02269e-05
-3.85776e-05
-3.6888e-05
-3.51746e-05
-3.34516e-05
-3.17314e-05
-3.00249e-05
-2.83413e-05
-2.66886e-05
-2.50733e-05
-2.3501e-05
-2.19761e-05
-2.05024e-05
-1.90823e-05
-1.7718e-05
-1.64105e-05
-1.51605e-05
-1.39678e-05
-1.28319e-05
-1.17517e-05
-1.07264e-05
-9.75095e-06
-8.8036e-06
-7.87805e-06
-7.21645e-06
-7.35442e-06
-6.09014e-06
0.00500794
0.00535625
0.0053936
0.0052945
0.00517383
0.005042
0.00489366
0.00472999
0.0045543
0.00436955
0.0041782
0.00398247
0.00378437
0.00358567
0.00338794
0.00319252
0.00300056
0.00281304
0.00263077
0.00245439
0.00228442
0.00212126
0.0019652
0.00181641
0.001675
0.001541
0.00141438
0.00129504
0.00118287
0.00107768
0.000979285
0.000887451
0.000801937
0.000722487
0.000648833
0.000580704
0.000517821
0.00045991
0.000406694
0.000357905
0.000313277
0.00027255
0.000235475
0.00020181
0.000171321
0.000143786
0.000118992
9.67351e-05
7.68232e-05
5.90736e-05
4.3314e-05
2.93819e-05
1.71245e-05
6.39845e-06
-2.9305e-06
-1.09878e-05
-1.78904e-05
-2.37472e-05
-2.86595e-05
-3.27211e-05
-3.60192e-05
-3.86343e-05
-4.06405e-05
-4.21062e-05
-4.30939e-05
-4.36611e-05
-4.386e-05
-4.37386e-05
-4.33403e-05
-4.27046e-05
-4.18672e-05
-4.08603e-05
-3.9713e-05
-3.84515e-05
-3.7099e-05
-3.56765e-05
-3.42025e-05
-3.26934e-05
-3.11637e-05
-2.96261e-05
-2.80917e-05
-2.657e-05
-2.50692e-05
-2.35963e-05
-2.21571e-05
-2.07566e-05
-1.93986e-05
-1.80862e-05
-1.68217e-05
-1.56066e-05
-1.44418e-05
-1.33278e-05
-1.22644e-05
-1.12522e-05
-1.02875e-05
-9.34823e-06
-8.4244e-06
-7.77717e-06
-8.03649e-06
-6.82545e-06
0.00482
0.00514649
0.00520417
0.00514414
0.00505885
0.00495639
0.00483355
0.00469243
0.0045366
0.0043692
0.00419293
0.00401021
0.00382325
0.00363398
0.00344412
0.00325518
0.00306844
0.00288501
0.00270581
0.0025316
0.00236301
0.00220053
0.00204452
0.00189526
0.00175292
0.0016176
0.00148933
0.00136807
0.00125375
0.00114624
0.00104537
0.000950971
0.000862815
0.000780679
0.000704319
0.000633483
0.000567913
0.000507347
0.000451525
0.000400187
0.000353076
0.000309942
0.000270539
0.000234631
0.000201988
0.000172388
0.00014562
0.000121483
9.97815e-05
8.03341e-05
6.29666e-05
4.75148e-05
3.38239e-05
2.17483e-05
1.1151e-05
1.90391e-06
-6.11294e-06
-1.30115e-05
-1.88957e-05
-2.38625e-05
-2.80022e-05
-3.13985e-05
-3.41285e-05
-3.62636e-05
-3.78692e-05
-3.90055e-05
-3.97279e-05
-4.00868e-05
-4.01284e-05
-3.98946e-05
-3.94237e-05
-3.87504e-05
-3.79059e-05
-3.69185e-05
-3.58137e-05
-3.46143e-05
-3.33406e-05
-3.20108e-05
-3.06411e-05
-2.92457e-05
-2.7837e-05
-2.64261e-05
-2.50225e-05
-2.36342e-05
-2.22684e-05
-2.09309e-05
-1.96267e-05
-1.83597e-05
-1.71331e-05
-1.59496e-05
-1.48107e-05
-1.37177e-05
-1.26715e-05
-1.16735e-05
-1.07216e-05
-9.79412e-06
-8.8761e-06
-8.23972e-06
-8.60535e-06
-7.48393e-06
0.00468263
0.00497424
0.00504617
0.00501923
0.00496316
0.00488453
0.00478229
0.00465937
0.00451955
0.00436614
0.00420201
0.0040298
0.00385183
0.00367021
0.00348677
0.00330313
0.0031207
0.00294067
0.00276406
0.00259172
0.00242437
0.00226255
0.00210672
0.0019572
0.00181423
0.00167796
0.00154847
0.00142577
0.00130982
0.00120053
0.00109777
0.00100138
0.000911174
0.000826946
0.000748473
0.000675518
0.00060784
0.000545189
0.000487314
0.000433966
0.000384895
0.000339858
0.000298613
0.000260927
0.000226574
0.000195334
0.000166998
0.000141364
0.000118238
9.74377e-05
7.87877e-05
6.21229e-05
4.7287e-05
3.41325e-05
2.25205e-05
1.23209e-05
3.41132e-06
-4.32244e-06
-1.09864e-05
-1.66794e-05
-2.14948e-05
-2.55187e-05
-2.88309e-05
-3.15046e-05
-3.36078e-05
-3.52029e-05
-3.63475e-05
-3.70941e-05
-3.7491e-05
-3.75822e-05
-3.7408e-05
-3.70049e-05
-3.64059e-05
-3.5641e-05
-3.47374e-05
-3.37194e-05
-3.26088e-05
-3.14253e-05
-3.01861e-05
-2.89069e-05
-2.76014e-05
-2.62815e-05
-2.49577e-05
-2.36393e-05
-2.23342e-05
-2.10491e-05
-1.97898e-05
-1.85611e-05
-1.73669e-05
-1.62104e-05
-1.50941e-05
-1.402e-05
-1.29896e-05
-1.20053e-05
-1.10663e-05
-1.01518e-05
-9.24117e-06
-8.60954e-06
-9.06139e-06
-8.06075e-06
0.00458635
0.00483717
0.00491927
0.00491948
0.00488671
0.00482677
0.00474068
0.00463201
0.0045047
0.00436219
0.00420755
0.00404354
0.00387262
0.00369699
0.0035186
0.00333914
0.00316012
0.0029828
0.00280828
0.00263747
0.00247115
0.00230992
0.0021543
0.00200465
0.00186126
0.00172432
0.00159394
0.00147017
0.00135301
0.00124238
0.00113819
0.0010403
0.000948542
0.000862723
0.000782638
0.000708065
0.000638774
0.000574524
0.000515075
0.000460183
0.000409605
0.000363101
0.000320436
0.00028138
0.000245707
0.000213201
0.000183652
0.00015686
0.000132631
0.000110782
9.11383e-05
7.35327e-05
5.78082e-05
4.3816e-05
3.14158e-05
2.04757e-05
1.08717e-05
2.48735e-06
-4.78388e-06
-1.10418e-05
-1.63833e-05
-2.08965e-05
-2.46626e-05
-2.77568e-05
-3.02486e-05
-3.22022e-05
-3.36768e-05
-3.47267e-05
-3.54017e-05
-3.57476e-05
-3.58059e-05
-3.56146e-05
-3.52082e-05
-3.46182e-05
-3.38727e-05
-3.29974e-05
-3.20152e-05
-3.09469e-05
-2.98108e-05
-2.86234e-05
-2.73994e-05
-2.61515e-05
-2.48912e-05
-2.36284e-05
-2.23716e-05
-2.11285e-05
-1.99052e-05
-1.87073e-05
-1.75393e-05
-1.64051e-05
-1.53076e-05
-1.42494e-05
-1.32325e-05
-1.22601e-05
-1.13326e-05
-1.04305e-05
-9.52737e-06
-8.89318e-06
-9.40807e-06
-8.55421e-06
0.00452235
0.00473277
0.00482233
0.0048438
0.00482871
0.00478279
0.00470881
0.00461081
0.00449285
0.00435849
0.00421094
0.00405305
0.0038874
0.00371625
0.00354164
0.00336534
0.00318889
0.00301363
0.00284069
0.00267107
0.00250555
0.0023448
0.00218937
0.00203965
0.00189598
0.00175857
0.00162757
0.00150304
0.001385
0.0012734
0.00116817
0.00106918
0.000976281
0.000889295
0.000808026
0.000732262
0.000661781
0.000596352
0.00053574
0.000479706
0.000428013
0.000380425
0.000336708
0.000296635
0.000259983
0.000226536
0.000196087
0.000168435
0.000143386
0.000120758
0.000100374
8.20684e-05
6.56822e-05
5.1066e-05
3.80785e-05
2.65865e-05
1.64645e-05
7.59345e-06
-1.32423e-07
-6.81035e-06
-1.25438e-05
-1.74225e-05
-2.1528e-05
-2.49366e-05
-2.77191e-05
-2.9941e-05
-3.16626e-05
-3.29397e-05
-3.38232e-05
-3.43598e-05
-3.45925e-05
-3.45602e-05
-3.42984e-05
-3.38396e-05
-3.3213e-05
-3.24449e-05
-3.15594e-05
-3.05778e-05
-2.95194e-05
-2.84012e-05
-2.72387e-05
-2.60453e-05
-2.4833e-05
-2.36122e-05
-2.23922e-05
-2.11809e-05
-1.99851e-05
-1.88109e-05
-1.76631e-05
-1.6546e-05
-1.54631e-05
-1.44174e-05
-1.34113e-05
-1.24483e-05
-1.15302e-05
-1.06388e-05
-9.74241e-06
-9.09819e-06
-9.65131e-06
-8.96483e-06
0.00448293
0.00465849
0.00475358
0.00479054
0.0047879
0.00475181
0.00468631
0.00459578
0.00448434
0.00435567
0.00421306
0.00405944
0.00389746
0.00372945
0.00355749
0.00338339
0.00320874
0.00303493
0.00286312
0.00269432
0.00252938
0.00236899
0.0022137
0.00206396
0.0019201
0.00178238
0.00165095
0.0015259
0.00140725
0.00129499
0.00118904
0.0010893
0.000995609
0.000907815
0.000825725
0.000749136
0.00067783
0.000611583
0.000550163
0.000493336
0.000440868
0.000392524
0.000348075
0.000307294
0.000269961
0.00023586
0.000204783
0.000176531
0.00015091
0.000127738
0.000106839
8.8044e-05
7.11961e-05
5.61443e-05
4.27468e-05
3.08699e-05
2.03869e-05
1.1172e-05
3.12308e-06
-3.84253e-06
-9.84838e-06
-1.4983e-05
-1.93262e-05
-2.2955e-05
-2.59411e-05
-2.83509e-05
-3.02457e-05
-3.16819e-05
-3.27114e-05
-3.33818e-05
-3.37367e-05
-3.38159e-05
-3.36556e-05
-3.32888e-05
-3.27456e-05
-3.20529e-05
-3.12353e-05
-3.03146e-05
-2.93107e-05
-2.82413e-05
-2.71221e-05
-2.5967e-05
-2.47885e-05
-2.35974e-05
-2.24034e-05
-2.12146e-05
-2.00383e-05
-1.88808e-05
-1.77474e-05
-1.66426e-05
-1.55702e-05
-1.45335e-05
-1.35352e-05
-1.2579e-05
-1.16676e-05
-1.0785e-05
-9.8939e-06
-9.23269e-06
-9.79898e-06
-9.2946e-06
0.00446167
0.00461187
0.00471085
0.00475772
0.00476281
0.00473279
0.00467254
0.00458663
0.00447922
0.00435405
0.00421448
0.0040635
0.00390378
0.00373771
0.00356737
0.00339463
0.0032211
0.00304817
0.00287706
0.00270877
0.00254419
0.00238401
0.00222881
0.00207905
0.00193508
0.00179716
0.00166547
0.00154009
0.00142108
0.0013084
0.00120201
0.00110179
0.00100762
0.00091932
0.000836721
0.00075962
0.000687802
0.000621047
0.000559125
0.000501806
0.000448856
0.000400044
0.00035514
0.00031392
0.000276163
0.000241655
0.000210188
0.000181563
0.000155588
0.000132078
0.000110857
9.17593e-05
7.46245e-05
5.93023e-05
4.56506e-05
3.35367e-05
2.28321e-05
1.33889e-05
5.13171e-06
-1.99283e-06
-8.16698e-06
-1.34636e-05
-1.79558e-05
-2.17218e-05
-2.48346e-05
-2.73614e-05
-2.93639e-05
-3.0899e-05
-3.20194e-05
-3.27729e-05
-3.32038e-05
-3.33523e-05
-3.32552e-05
-3.29457e-05
-3.24543e-05
-3.18085e-05
-3.10331e-05
-3.01504e-05
-2.91805e-05
-2.81413e-05
-2.70491e-05
-2.59179e-05
-2.47604e-05
-2.35878e-05
-2.24099e-05
-2.12352e-05
-2.00711e-05
-1.8924e-05
-1.77996e-05
-1.67025e-05
-1.56367e-05
-1.46056e-05
-1.36122e-05
-1.26602e-05
-1.1753e-05
-1.08766e-05
-9.98916e-06
-9.30556e-06
-9.86192e-06
-9.54399e-06
0.00445344
0.00459046
0.00469152
0.00474307
0.00475169
0.00472444
0.0046666
0.00458279
0.00447722
0.00435365
0.00421547
0.00406569
0.003907
0.0037418
0.0035722
0.00340008
0.00322704
0.00305452
0.00288371
0.00271566
0.00255123
0.00239113
0.00223597
0.00208619
0.00194216
0.00180414
0.00167232
0.00154678
0.00142759
0.00131472
0.00120811
0.00110767
0.00101326
0.000924725
0.000841886
0.000764541
0.000692482
0.000625486
0.000563328
0.000505776
0.000452599
0.000403566
0.000358449
0.000317022
0.000279065
0.000244366
0.000212716
0.000183916
0.000157774
0.000134106
0.000112735
9.34943e-05
7.6225e-05
6.07762e-05
4.70062e-05
3.47846e-05
2.39794e-05
1.4376e-05
6.06164e-06
-1.10889e-06
-7.37242e-06
-1.27533e-05
-1.73175e-05
-2.11483e-05
-2.43206e-05
-2.6902e-05
-2.89548e-05
-3.05361e-05
-3.16988e-05
-3.24911e-05
-3.29575e-05
-3.31382e-05
-3.30704e-05
-3.27876e-05
-3.23204e-05
-3.16964e-05
-3.09406e-05
-3.00755e-05
-2.91213e-05
-2.80963e-05
-2.70165e-05
-2.58963e-05
-2.47486e-05
-2.35846e-05
-2.24141e-05
-2.12459e-05
-2.00874e-05
-1.89452e-05
-1.78249e-05
-1.67313e-05
-1.56685e-05
-1.464e-05
-1.36489e-05
-1.26986e-05
-1.17933e-05
-1.09203e-05
-1.00348e-05
-9.33098e-06
-9.86595e-06
-9.69479e-06
0.00445344
0.00459046
0.00469153
0.00474307
0.00475169
0.00472444
0.0046666
0.00458279
0.00447722
0.00435366
0.00421547
0.00406569
0.003907
0.0037418
0.00357221
0.00340008
0.00322705
0.00305452
0.00288371
0.00271566
0.00255123
0.00239114
0.00223597
0.00208619
0.00194216
0.00180415
0.00167232
0.00154678
0.00142759
0.00131472
0.00120811
0.00110767
0.00101326
0.000924727
0.000841887
0.000764543
0.000692483
0.000625487
0.000563329
0.000505777
0.0004526
0.000403567
0.000358449
0.000317022
0.000279065
0.000244366
0.000212716
0.000183916
0.000157774
0.000134105
0.000112734
9.34937e-05
7.62243e-05
6.07754e-05
4.70054e-05
3.47839e-05
2.39791e-05
1.43745e-05
6.05957e-06
-1.10962e-06
-7.37296e-06
-1.2754e-05
-1.73183e-05
-2.1149e-05
-2.43213e-05
-2.69027e-05
-2.89554e-05
-3.05367e-05
-3.16993e-05
-3.24916e-05
-3.29579e-05
-3.31386e-05
-3.30708e-05
-3.27879e-05
-3.23207e-05
-3.16966e-05
-3.09408e-05
-3.00756e-05
-2.91215e-05
-2.80964e-05
-2.70166e-05
-2.58964e-05
-2.47487e-05
-2.35847e-05
-2.24142e-05
-2.12459e-05
-2.00874e-05
-1.89452e-05
-1.78249e-05
-1.67313e-05
-1.56685e-05
-1.464e-05
-1.36489e-05
-1.26986e-05
-1.17933e-05
-1.09203e-05
-1.00347e-05
-9.33093e-06
-9.86588e-06
-9.6947e-06
0.00446167
0.00461188
0.00471086
0.00475773
0.00476282
0.0047328
0.00467255
0.00458664
0.00447923
0.00435406
0.00421449
0.00406351
0.00390379
0.00373772
0.00356738
0.00339464
0.00322111
0.00304818
0.00287706
0.00270878
0.0025442
0.00238401
0.00222882
0.00207906
0.00193509
0.00179717
0.00166547
0.0015401
0.00142108
0.00130841
0.00120201
0.0011018
0.00100762
0.000919324
0.000836725
0.000759623
0.000687805
0.000621049
0.000559127
0.000501808
0.000448857
0.000400045
0.000355141
0.00031392
0.000276163
0.000241654
0.000210187
0.000181562
0.000155587
0.000132076
0.000110856
9.17573e-05
7.46223e-05
5.92999e-05
4.56481e-05
3.35342e-05
2.28298e-05
1.33862e-05
5.12826e-06
-1.99567e-06
-8.16952e-06
-1.34661e-05
-1.79582e-05
-2.17241e-05
-2.48368e-05
-2.73634e-05
-2.93657e-05
-3.09008e-05
-3.20209e-05
-3.27744e-05
-3.32051e-05
-3.33535e-05
-3.32562e-05
-3.29466e-05
-3.24551e-05
-3.18092e-05
-3.10337e-05
-3.01509e-05
-2.91809e-05
-2.81417e-05
-2.70494e-05
-2.59182e-05
-2.47607e-05
-2.3588e-05
-2.24101e-05
-2.12353e-05
-2.00712e-05
-1.89241e-05
-1.77996e-05
-1.67025e-05
-1.56367e-05
-1.46056e-05
-1.36122e-05
-1.26601e-05
-1.17529e-05
-1.08764e-05
-9.98904e-06
-9.30541e-06
-9.8617e-06
-9.54372e-06
0.00448295
0.0046585
0.0047536
0.00479055
0.00478792
0.00475182
0.00468633
0.0045958
0.00448436
0.00435569
0.00421308
0.00405946
0.00389748
0.00372947
0.00355751
0.00338341
0.00320876
0.00303494
0.00286313
0.00269434
0.0025294
0.002369
0.00221371
0.00206397
0.00192012
0.00178239
0.00165096
0.00152591
0.00140726
0.001295
0.00118905
0.0010893
0.000995616
0.000907822
0.000825732
0.000749142
0.000677836
0.000611588
0.000550167
0.000493339
0.00044087
0.000392526
0.000348077
0.000307295
0.000269961
0.000235859
0.000204782
0.000176529
0.000150908
0.000127736
0.000106836
8.80406e-05
7.11923e-05
5.61402e-05
4.27425e-05
3.08654e-05
2.03823e-05
1.11672e-05
3.1181e-06
-3.84728e-06
-9.85291e-06
-1.49874e-05
-1.93304e-05
-2.29589e-05
-2.59448e-05
-2.83543e-05
-3.02488e-05
-3.16848e-05
-3.2714e-05
-3.33842e-05
-3.37388e-05
-3.38178e-05
-3.36573e-05
-3.32904e-05
-3.27469e-05
-3.20541e-05
-3.12363e-05
-3.03155e-05
-2.93115e-05
-2.8242e-05
-2.71227e-05
-2.59675e-05
-2.47889e-05
-2.35978e-05
-2.24037e-05
-2.12148e-05
-2.00385e-05
-1.8881e-05
-1.77475e-05
-1.66427e-05
-1.55703e-05
-1.45335e-05
-1.35352e-05
-1.25789e-05
-1.16675e-05
-1.07848e-05
-9.89371e-06
-9.23246e-06
-9.79863e-06
-9.29416e-06
0.00452238
0.0047328
0.00482236
0.00484383
0.00482874
0.00478282
0.00470884
0.00461084
0.00449287
0.00435852
0.00421097
0.00405308
0.00388742
0.00371628
0.00354167
0.00336536
0.00318891
0.00301365
0.00284072
0.00267109
0.00250557
0.00234482
0.00218938
0.00203967
0.001896
0.00175859
0.00162758
0.00150305
0.00138501
0.00127342
0.00116818
0.00106919
0.000976292
0.000889305
0.000808035
0.00073227
0.000661788
0.000596359
0.000535746
0.000479711
0.000428017
0.000380427
0.00033671
0.000296636
0.000259983
0.000226536
0.000196086
0.000168433
0.000143383
0.000120754
0.00010037
8.20635e-05
6.56768e-05
5.10602e-05
3.80723e-05
2.658e-05
1.64578e-05
7.58662e-06
-1.39291e-07
-6.81708e-06
-1.25503e-05
-1.74288e-05
-2.1534e-05
-2.49422e-05
-2.77243e-05
-2.99458e-05
-3.16671e-05
-3.29438e-05
-3.38269e-05
-3.43632e-05
-3.45955e-05
-3.45629e-05
-3.43008e-05
-3.38417e-05
-3.32148e-05
-3.24466e-05
-3.15609e-05
-3.05791e-05
-2.95205e-05
-2.84022e-05
-2.72395e-05
-2.6046e-05
-2.48336e-05
-2.36127e-05
-2.23926e-05
-2.11813e-05
-1.99855e-05
-1.88111e-05
-1.76633e-05
-1.65462e-05
-1.54633e-05
-1.44175e-05
-1.34113e-05
-1.24482e-05
-1.153e-05
-1.06386e-05
-9.74218e-06
-9.09789e-06
-9.65084e-06
-8.96427e-06
0.00458638
0.00483721
0.00491931
0.00491951
0.00488675
0.00482681
0.00474071
0.00463204
0.00450473
0.00436223
0.00420759
0.00404357
0.00387265
0.00369702
0.00351863
0.00333918
0.00316015
0.00298283
0.00280831
0.0026375
0.00247117
0.00230995
0.00215432
0.00200467
0.00186128
0.00172434
0.00159396
0.00147019
0.00135303
0.0012424
0.00113821
0.00104032
0.000948556
0.000862736
0.00078265
0.000708076
0.000638783
0.000574533
0.000515082
0.000460189
0.00040961
0.000363105
0.000320439
0.000281381
0.000245707
0.0002132
0.00018365
0.000156857
0.000132627
0.000110778
9.11327e-05
7.35263e-05
5.78011e-05
4.38082e-05
3.14076e-05
2.04671e-05
1.08628e-05
2.47835e-06
-4.79288e-06
-1.10506e-05
-1.63918e-05
-2.09047e-05
-2.46704e-05
-2.77641e-05
-3.02554e-05
-3.22085e-05
-3.36825e-05
-3.47319e-05
-3.54065e-05
-3.57519e-05
-3.58097e-05
-3.5618e-05
-3.52113e-05
-3.46209e-05
-3.38751e-05
-3.29995e-05
-3.20171e-05
-3.09485e-05
-2.98123e-05
-2.86247e-05
-2.74005e-05
-2.61525e-05
-2.48921e-05
-2.36291e-05
-2.23723e-05
-2.1129e-05
-1.99057e-05
-1.87078e-05
-1.75397e-05
-1.64054e-05
-1.53079e-05
-1.42496e-05
-1.32327e-05
-1.22601e-05
-1.13326e-05
-1.04303e-05
-9.52715e-06
-8.89285e-06
-9.40752e-06
-8.55357e-06
0.00468267
0.00497428
0.00504621
0.00501927
0.00496321
0.00488457
0.00478233
0.00465942
0.0045196
0.00436618
0.00420206
0.00402984
0.00385187
0.00367025
0.00348681
0.00330317
0.00312074
0.0029407
0.00276409
0.00259176
0.0024244
0.00226258
0.00210675
0.00195723
0.00181426
0.00167799
0.0015485
0.0014258
0.00130985
0.00120055
0.00109779
0.0010014
0.000911192
0.000826963
0.000748488
0.000675532
0.000607852
0.000545199
0.000487324
0.000433974
0.000384902
0.000339863
0.000298616
0.000260929
0.000226575
0.000195334
0.000166996
0.000141361
0.000118234
9.74318e-05
7.87807e-05
6.21148e-05
4.7278e-05
3.41227e-05
2.25101e-05
1.231e-05
3.40008e-06
-4.33382e-06
-1.09977e-05
-1.66905e-05
-2.15055e-05
-2.55291e-05
-2.88406e-05
-3.15137e-05
-3.36162e-05
-3.52107e-05
-3.63546e-05
-3.71005e-05
-3.74968e-05
-3.75875e-05
-3.74127e-05
-3.70091e-05
-3.64096e-05
-3.56444e-05
-3.47404e-05
-3.3722e-05
-3.26111e-05
-3.14273e-05
-3.01879e-05
-2.89085e-05
-2.76028e-05
-2.62827e-05
-2.49588e-05
-2.36403e-05
-2.23351e-05
-2.10499e-05
-1.97905e-05
-1.85617e-05
-1.73674e-05
-1.62109e-05
-1.50946e-05
-1.40204e-05
-1.29899e-05
-1.20055e-05
-1.10664e-05
-1.01517e-05
-9.241e-06
-8.60922e-06
-9.06081e-06
-8.06005e-06
0.00482004
0.00514654
0.00520422
0.00514419
0.0050589
0.00495645
0.00483361
0.00469248
0.00453665
0.00436926
0.00419298
0.00401026
0.0038233
0.00363402
0.00344417
0.00325523
0.00306849
0.00288505
0.00270585
0.00253164
0.00236305
0.00220057
0.00204456
0.00189529
0.00175295
0.00161763
0.00148936
0.0013681
0.00125378
0.00114626
0.0010454
0.000950994
0.000862837
0.000780699
0.000704337
0.0006335
0.000567928
0.00050736
0.000451537
0.000400197
0.000353084
0.000309948
0.000270544
0.000234634
0.000201989
0.000172387
0.000145618
0.000121478
9.97759e-05
8.03269e-05
6.2958e-05
4.75049e-05
3.38128e-05
2.17362e-05
1.11381e-05
1.89037e-06
-6.12687e-06
-1.30255e-05
-1.89097e-05
-2.38762e-05
-2.80154e-05
-3.1411e-05
-3.41404e-05
-3.62746e-05
-3.78793e-05
-3.90149e-05
-3.97364e-05
-4.00945e-05
-4.01352e-05
-3.99008e-05
-3.94292e-05
-3.87553e-05
-3.79103e-05
-3.69224e-05
-3.58172e-05
-3.46173e-05
-3.33433e-05
-3.20132e-05
-3.06432e-05
-2.92476e-05
-2.78387e-05
-2.64277e-05
-2.50238e-05
-2.36355e-05
-2.22695e-05
-2.09319e-05
-1.96276e-05
-1.83605e-05
-1.71339e-05
-1.59503e-05
-1.48114e-05
-1.37183e-05
-1.2672e-05
-1.16739e-05
-1.07218e-05
-9.79422e-06
-8.87604e-06
-8.23946e-06
-8.60477e-06
-7.4832e-06
0.00500799
0.00535631
0.00539366
0.00529456
0.00517389
0.00504206
0.00489372
0.00473005
0.00455436
0.00436961
0.00417826
0.00398253
0.00378443
0.00358573
0.003388
0.00319257
0.00300062
0.0028131
0.00263082
0.00245444
0.00228447
0.00212131
0.00196524
0.00181645
0.00167504
0.00154104
0.00141441
0.00129508
0.0011829
0.00107771
0.000979315
0.000887479
0.000801963
0.000722511
0.000648855
0.000580724
0.000517839
0.000459926
0.000406708
0.000357917
0.000313286
0.000272558
0.000235481
0.000201813
0.000171323
0.000143786
0.000118989
9.67303e-05
7.68164e-05
5.9065e-05
4.33036e-05
2.93699e-05
1.7111e-05
6.38366e-06
-2.94633e-06
-1.10044e-05
-1.79074e-05
-2.37644e-05
-2.86766e-05
-3.27378e-05
-3.60352e-05
-3.86494e-05
-4.06546e-05
-4.21192e-05
-4.31059e-05
-4.3672e-05
-4.38699e-05
-4.37475e-05
-4.33483e-05
-4.27117e-05
-4.18735e-05
-4.08659e-05
-3.9718e-05
-3.84559e-05
-3.71029e-05
-3.568e-05
-3.42056e-05
-3.26962e-05
-3.11662e-05
-2.96284e-05
-2.80937e-05
-2.65718e-05
-2.50708e-05
-2.35978e-05
-2.21586e-05
-2.07579e-05
-1.93998e-05
-1.80873e-05
-1.68227e-05
-1.56076e-05
-1.44428e-05
-1.33286e-05
-1.22652e-05
-1.12528e-05
-1.02879e-05
-9.34852e-06
-8.42448e-06
-7.777e-06
-8.03595e-06
-6.82473e-06
0.00525615
0.00560551
0.00561381
0.00546954
0.00530719
0.00514001
0.00496084
0.00476987
0.00457014
0.00436437
0.00415477
0.00394334
0.00373185
0.00352186
0.00331473
0.00311164
0.00291357
0.00272133
0.00253556
0.00235679
0.00218541
0.00202168
0.00186579
0.00171781
0.00157776
0.00144559
0.00132118
0.00120439
0.00109501
0.000992827
0.000897588
0.000809028
0.000726864
0.000650808
0.000580562
0.000515829
0.000456312
0.000401716
0.00035175
0.000306132
0.000264586
0.000226845
0.000192651
0.000161758
0.000133929
0.00010894
8.6575e-05
6.66317e-05
4.89177e-05
3.32518e-05
1.94635e-05
7.39267e-06
-3.11063e-06
-1.21866e-05
-1.9966e-05
-2.65707e-05
-3.21137e-05
-3.67003e-05
-4.0428e-05
-4.33867e-05
-4.56596e-05
-4.73236e-05
-4.84492e-05
-4.91012e-05
-4.93384e-05
-4.92148e-05
-4.87791e-05
-4.8076e-05
-4.71455e-05
-4.60239e-05
-4.4744e-05
-4.3335e-05
-4.18231e-05
-4.02318e-05
-3.8582e-05
-3.6892e-05
-3.51782e-05
-3.34548e-05
-3.17343e-05
-3.00275e-05
-2.83437e-05
-2.66908e-05
-2.50753e-05
-2.35028e-05
-2.19779e-05
-2.0504e-05
-1.90838e-05
-1.77194e-05
-1.64118e-05
-1.51617e-05
-1.3969e-05
-1.2833e-05
-1.17526e-05
-1.07272e-05
-9.75165e-06
-8.8041e-06
-7.87831e-06
-7.21641e-06
-7.35395e-06
-6.08946e-06
0.00557358
0.00589536
0.00586263
0.00566681
0.00545634
0.00524741
0.0050316
0.00480821
0.00457992
0.00434921
0.00411803
0.00388807
0.00366084
0.00343766
0.00321967
0.00300779
0.00280279
0.0026053
0.00241578
0.00223456
0.00206189
0.00189788
0.00174258
0.00159594
0.00145788
0.00132822
0.00120678
0.00109332
0.000987567
0.000889233
0.000798014
0.000713591
0.000635639
0.000563828
0.00049783
0.000437317
0.000381967
0.000331464
0.000285501
0.00024378
0.000206014
0.000171926
0.000141253
0.000113742
8.91536e-05
6.72598e-05
4.78456e-05
3.07081e-05
1.56563e-05
2.51107e-06
-8.89551e-06
-1.87203e-05
-2.71094e-05
-3.4199e-05
-4.01154e-05
-4.49754e-05
-4.88875e-05
-5.19522e-05
-5.42628e-05
-5.59036e-05
-5.69531e-05
-5.74833e-05
-5.75607e-05
-5.72452e-05
-5.65915e-05
-5.56489e-05
-5.44621e-05
-5.30712e-05
-5.15124e-05
-4.98181e-05
-4.80173e-05
-4.61356e-05
-4.41959e-05
-4.22183e-05
-4.02205e-05
-3.82182e-05
-3.6225e-05
-3.42524e-05
-3.23107e-05
-3.04082e-05
-2.85521e-05
-2.67483e-05
-2.50016e-05
-2.33157e-05
-2.16936e-05
-2.01372e-05
-1.86479e-05
-1.72263e-05
-1.58723e-05
-1.45855e-05
-1.33645e-05
-1.22076e-05
-1.11129e-05
-1.00782e-05
-9.09703e-06
-8.14839e-06
-7.22858e-06
-6.55315e-06
-6.56184e-06
-5.28615e-06
0.00596828
0.00622616
0.00613654
0.00588213
0.00561683
0.00535928
0.00510056
0.00483922
0.00457758
0.00431782
0.00406157
0.00381021
0.00356494
0.00332677
0.00309654
0.00287491
0.00266239
0.00245935
0.00226603
0.00208256
0.00190898
0.00174524
0.00159121
0.00144671
0.0013115
0.00118531
0.00106783
0.000958722
0.000857641
0.000764219
0.000678082
0.000598853
0.000526155
0.000459615
0.000398865
0.000343545
0.000293305
0.000247807
0.000206723
0.00016974
0.000136559
0.000106893
8.04709e-05
5.70355e-05
3.63439e-05
1.81668e-05
2.2892e-06
-1.14908e-05
-2.3362e-05
-3.35004e-05
-4.20702e-05
-4.92236e-05
-5.5102e-05
-5.98359e-05
-6.35457e-05
-6.63424e-05
-6.83284e-05
-6.95978e-05
-7.02372e-05
-7.0326e-05
-6.99367e-05
-6.91358e-05
-6.7984e-05
-6.65359e-05
-6.48408e-05
-6.29424e-05
-6.08803e-05
-5.86894e-05
-5.64011e-05
-5.40429e-05
-5.16396e-05
-4.92124e-05
-4.67796e-05
-4.43576e-05
-4.19606e-05
-3.96009e-05
-3.72886e-05
-3.50324e-05
-3.28395e-05
-3.07158e-05
-2.86657e-05
-2.66928e-05
-2.47998e-05
-2.29883e-05
-2.12593e-05
-1.96132e-05
-1.80495e-05
-1.65676e-05
-1.51659e-05
-1.38427e-05
-1.25955e-05
-1.14216e-05
-1.03179e-05
-9.28092e-06
-8.30324e-06
-7.36505e-06
-6.46398e-06
-5.78259e-06
-5.66601e-06
-4.42801e-06
0.00644505
0.00659668
0.00642987
0.00610857
0.0057814
0.00546793
0.00515958
0.0048545
0.00455457
0.00426161
0.00397689
0.0037014
0.00343597
0.00318124
0.0029377
0.00270568
0.00248536
0.00227683
0.00208004
0.00189488
0.00172114
0.00155857
0.00140684
0.00126559
0.00113444
0.00101297
0.000900737
0.000797303
0.000702213
0.000615016
0.000535262
0.000462507
0.000396317
0.000336267
0.000281949
0.000232965
0.000188936
0.000149498
0.000114304
8.30236e-05
5.53446e-05
3.09715e-05
9.62617e-06
-8.95317e-06
-2.50118e-05
-3.8779e-05
-5.0469e-05
-6.02811e-05
-6.84003e-05
-7.49984e-05
-8.02339e-05
-8.42533e-05
-8.71913e-05
-8.91715e-05
-9.03077e-05
-9.07041e-05
-9.04561e-05
-8.96454e-05
-8.83366e-05
-8.66169e-05
-8.45558e-05
-8.22132e-05
-7.9642e-05
-7.68893e-05
-7.3997e-05
-7.10025e-05
-6.79385e-05
-6.48339e-05
-6.1714e-05
-5.86008e-05
-5.55139e-05
-5.24702e-05
-4.94808e-05
-4.65582e-05
-4.37129e-05
-4.0953e-05
-3.82848e-05
-3.57135e-05
-3.32427e-05
-3.08751e-05
-2.86124e-05
-2.64554e-05
-2.44041e-05
-2.24579e-05
-2.06156e-05
-1.88755e-05
-1.72355e-05
-1.5693e-05
-1.42453e-05
-1.28891e-05
-1.1621e-05
-1.04369e-05
-9.33303e-06
-8.30483e-06
-7.34428e-06
-6.43347e-06
-5.57038e-06
-4.89994e-06
-4.67676e-06
-3.53362e-06
0.00700273
0.00700007
0.00673
0.00633316
0.00593781
0.00556146
0.00519694
0.00484254
0.0044997
0.00416978
0.00385363
0.00355177
0.00326459
0.00299229
0.00273492
0.00249241
0.00226457
0.00205112
0.00185171
0.0016659
0.00149322
0.00133316
0.00118518
0.00104872
0.000923196
0.00080804
0.000702671
0.000606516
0.000519013
0.000439612
0.000367778
0.000302993
0.000244761
0.000192603
0.000146064
0.00010471
6.8128e-05
3.59293e-05
7.74589e-06
-1.67683e-05
-3.7938e-05
-5.60673e-05
-7.14399e-05
-8.43205e-05
-9.4955e-05
-0.000103572
-0.000110381
-0.000115579
-0.000119344
-0.000121843
-0.000123225
-0.000123631
-0.000123185
-0.000122006
-0.000120199
-0.000117856
-0.000115045
-0.000111832
-0.000108349
-0.000104583
-0.000100608
-9.6505e-05
-9.23233e-05
-8.80965e-05
-8.38561e-05
-7.96305e-05
-7.54445e-05
-7.13194e-05
-6.72727e-05
-6.332e-05
-5.94763e-05
-5.57565e-05
-5.21537e-05
-4.86812e-05
-4.53455e-05
-4.21497e-05
-3.90958e-05
-3.61845e-05
-3.34156e-05
-3.07881e-05
-2.83004e-05
-2.595e-05
-2.37342e-05
-2.16495e-05
-1.96924e-05
-1.78588e-05
-1.61448e-05
-1.45459e-05
-1.30577e-05
-1.16757e-05
-1.03953e-05
-9.21158e-06
-8.11997e-06
-7.11544e-06
-6.19019e-06
-5.32921e-06
-4.53054e-06
-3.89963e-06
-3.60762e-06
-2.62567e-06
0.00766348
0.00743866
0.00702882
0.00654134
0.0060667
0.00561705
0.00518735
0.00477636
0.00438497
0.00401388
0.00366328
0.00333313
0.00302319
0.00273308
0.00246231
0.00221029
0.00197635
0.00175977
0.00155979
0.00137561
0.00120643
0.00105144
0.000909829
0.000780801
0.000663571
0.000557376
0.000461475
0.000375154
0.000297724
0.000228528
0.00016694
0.000112363
6.42324e-05
2.20143e-05
-1.47943e-05
-4.66659e-05
-7.40437e-05
-9.73421e-05
-0.000116948
-0.00013322
-0.000146494
-0.000157079
-0.000165262
-0.000171306
-0.000175455
-0.000177932
-0.000178941
-0.00017867
-0.000177289
-0.000174953
-0.0001718
-0.000167958
-0.000163537
-0.000158638
-0.000153349
-0.000147716
-0.000141634
-0.000135033
-0.000129756
-0.000123961
-0.000117915
-0.000111871
-0.0001059
-0.000100028
-9.42805e-05
-8.86787e-05
-8.32398e-05
-7.79769e-05
-7.28991e-05
-6.80142e-05
-6.33357e-05
-5.88689e-05
-5.4596e-05
-5.05245e-05
-4.66567e-05
-4.2991e-05
-3.95238e-05
-3.62509e-05
-3.31677e-05
-3.02689e-05
-2.75487e-05
-2.50013e-05
-2.26204e-05
-2.03995e-05
-1.83322e-05
-1.64119e-05
-1.46323e-05
-1.2987e-05
-1.14697e-05
-1.00745e-05
-8.79574e-06
-7.62785e-06
-6.56579e-06
-5.60474e-06
-4.73834e-06
-3.95616e-06
-3.25769e-06
-2.71158e-06
-2.41766e-06
-1.693e-06
0.00844132
0.00795294
0.00735228
0.00673414
0.00614819
0.00559883
0.00508214
0.00459679
0.00414267
0.00371941
0.00332621
0.00296203
0.00262571
0.00231598
0.00203154
0.00177104
0.00153311
0.00131641
0.00111959
0.000941365
0.000780464
0.00063567
0.000505814
0.00038978
0.000286504
0.000194977
0.000114245
4.34084e-05
-1.838e-05
-7.1914e-05
-0.000117937
-0.000157143
-0.00019018
-0.000217649
-0.000240108
-0.000258074
-0.000272025
-0.000282402
-0.00028961
-0.000294021
-0.000295977
-0.000295788
-0.00029374
-0.000290092
-0.000285077
-0.000278909
-0.000271779
-0.000263862
-0.000255311
-0.000246267
-0.000236855
-0.000227185
-0.000217357
-0.000207458
-0.000197565
-0.000187792
-0.000178348
-0.000169284
-0.000158987
-0.00014928
-0.000140127
-0.000131343
-0.000122885
-0.00011476
-0.000106976
-9.95355e-05
-9.24379e-05
-8.56812e-05
-7.92618e-05
-7.31745e-05
-6.74112e-05
-6.19746e-05
-5.68532e-05
-5.20244e-05
-4.74894e-05
-4.32399e-05
-3.92644e-05
-3.55517e-05
-3.20906e-05
-2.88702e-05
-2.58793e-05
-2.3107e-05
-2.05423e-05
-1.81748e-05
-1.59939e-05
-1.39898e-05
-1.21527e-05
-1.04735e-05
-8.94361e-06
-7.55514e-06
-6.30092e-06
-5.17473e-06
-4.17154e-06
-3.28763e-06
-2.5198e-06
-1.86488e-06
-1.32944e-06
-9.61441e-07
-8.25693e-07
-6.19806e-07
)
;

boundaryField
{
    inlet
    {
        type            zeroGradient;
    }
    outlet
    {
        type            totalPressure;
        rho             none;
        psi             none;
        gamma           1;
        p0              uniform 0;
        value           uniform 0;
    }
    top
    {
        type            zeroGradient;
    }
    bottom
    {
        type            zeroGradient;
    }
    obstacle
    {
        type            zeroGradient;
    }
    frontAndBack
    {
        type            empty;
    }
}


// ************************************************************************* //
