/*--------------------------------*- C++ -*----------------------------------*\
  =========                 |
  \\      /  F ield         | OpenFOAM: The Open Source CFD Toolbox
   \\    /   O peration     | Website:  https://openfoam.org
    \\  /    A nd           | Version:  12
     \\/     M anipulation  |
\*---------------------------------------------------------------------------*/
FoamFile
{
    format      ascii;
    class       volScalarField;
    location    "380";
    object      pPrime2Mean;
}
// * * * * * * * * * * * * * * * * * * * * * * * * * * * * * * * * * * * * * //

dimensions      [0 4 -4 0 0 0 0];

internalField   nonuniform List<scalar> 
6750
(
0.00347523
0.00347021
0.00346389
0.00345829
0.0034518
0.00347589
0.00346884
0.00345778
0.00344468
0.00343089
0.0034916
0.00348287
0.00346855
0.00345023
0.00343055
0.00352165
0.00351234
0.00349693
0.0034769
0.00345543
0.00356415
0.00355562
0.00354145
0.00352282
0.00350287
0.00361606
0.00360949
0.00359848
0.00358371
0.00356782
0.00367354
0.00366982
0.00366342
0.00365432
0.00364442
0.00373253
0.00373225
0.00373138
0.00372915
0.0037266
0.00378925
0.00379264
0.00379773
0.00380293
0.00380841
0.0038405
0.00384751
0.00385847
0.00387106
0.00388461
0.00388388
0.00389419
0.00391051
0.00392988
0.00395092
0.00391784
0.00393092
0.00395174
0.00397685
0.00400428
0.00394163
0.00395682
0.00398104
0.00401053
0.00404288
0.00395524
0.00397179
0.00399821
0.00403054
0.00406613
0.00395921
0.00397638
0.00400378
0.0040374
0.00407448
0.00395446
0.00397153
0.00399879
0.00403226
0.00406917
0.00394097
0.00395724
0.00398325
0.00401509
0.00405015
0.00391792
0.00393264
0.00395618
0.00398487
0.00401634
0.0038849
0.00389737
0.00391725
0.00394128
0.00396751
0.00384208
0.00385166
0.00386684
0.00388489
0.00390447
0.00379035
0.00379653
0.00380622
0.00381732
0.00382921
0.00373137
0.00373389
0.00373763
0.00374125
0.00374497
0.00366767
0.0036665
0.00366426
0.00366043
0.0036561
0.00360252
0.00359793
0.00359018
0.00357952
0.00356789
0.00353976
0.00353235
0.00352005
0.00350379
0.00348625
0.0034835
0.00347417
0.00345878
0.00343875
0.00341726
0.00343759
0.00342754
0.00341099
0.00338964
0.00336677
0.00340511
0.00339567
0.00338028
0.00336073
0.00333976
0.00338792
0.00338022
0.00336819
0.00335393
0.00333895
0.00338666
0.00338112
0.00337401
0.0033675
0.00336022
0.00342821
0.00340253
0.00335343
0.00328355
0.00319414
0.00308618
0.00296001
0.00281596
0.00265542
0.00248057
0.00229328
0.00209828
0.00189974
0.00170247
0.00151133
0.00133068
0.00116401
0.00101373
0.000880969
0.000765619
0.000666578
0.000583734
0.000514353
0.000456619
0.000408881
0.000369555
0.000337326
0.000310953
0.000289557
0.000275804
0.00343301
0.0033903
0.00332708
0.00324541
0.00314609
0.00302976
0.0028972
0.00274958
0.00258883
0.00241712
0.00223593
0.00205017
0.00186296
0.00167822
0.00149976
0.00133093
0.00117442
0.00103212
0.000905029
0.000793456
0.000697197
0.000614122
0.000544
0.000485079
0.000435853
0.000395028
0.000361388
0.000333671
0.000310499
0.000292441
0.00342145
0.00336478
0.00329041
0.00320035
0.00309445
0.00297329
0.00283772
0.00268916
0.0025298
0.00236143
0.00218624
0.00200858
0.00183101
0.00165678
0.00148888
0.00132993
0.00118197
0.0010465
0.000924358
0.00081582
0.000720652
0.000638236
0.000567649
0.000507699
0.000457168
0.000414879
0.000379713
0.000350493
0.000326276
0.000307673
0.00340177
0.00333591
0.00325369
0.00315777
0.00304798
0.00292449
0.00278811
0.00264037
0.00248341
0.00231849
0.00214876
0.0019776
0.00180736
0.00164084
0.00148061
0.0013288
0.00118713
0.00105684
0.000938682
0.000832911
0.000739393
0.000657747
0.000587193
0.000526774
0.000475442
0.000432097
0.000395568
0.00036475
0.00033914
0.000321206
0.00337946
0.00330723
0.00321913
0.00311872
0.00300638
0.0028819
0.00274598
0.00260002
0.00244594
0.00228466
0.00211984
0.001954
0.00178945
0.00162873
0.00147415
0.00132763
0.00119073
0.00106456
0.000949796
0.000846683
0.000755102
0.000674657
0.000604689
0.00054435
0.000492678
0.000448622
0.000411009
0.00037865
0.000351768
0.000334438
0.00335804
0.00328101
0.00318854
0.0030847
0.00297048
0.0028458
0.00271096
0.00256723
0.00241607
0.0022584
0.00209778
0.00193622
0.00177601
0.00161956
0.00146906
0.00132639
0.00119307
0.00107015
0.000958264
0.000857619
0.000768047
0.000689096
0.000620099
0.000560226
0.000508542
0.000464052
0.000425574
0.000391978
0.000364055
0.000347393
0.00333967
0.00325893
0.00316304
0.0030567
0.00294115
0.0028166
0.00268314
0.00254171
0.0023932
0.00223882
0.00208165
0.0019234
0.00176636
0.00161289
0.00146518
0.00132517
0.0011944
0.00107395
0.000964435
0.000865992
0.000778373
0.00070103
0.000633213
0.000574043
0.000522584
0.000477882
0.000438793
0.000404264
0.000375535
0.000359613
0.00332611
0.00324247
0.00314383
0.00303548
0.00291915
0.00279479
0.00266271
0.00252338
0.00237707
0.00222551
0.00207093
0.00191503
0.00176008
0.00160844
0.00146241
0.00132401
0.0011949
0.00107622
0.000968555
0.000871996
0.000786186
0.000710449
0.00064391
0.000585603
0.000534579
0.000489828
0.000450355
0.000415208
0.000385886
0.000370667
0.00331899
0.00323299
0.00313192
0.00302181
0.00290488
0.00278076
0.00264987
0.00251221
0.00236764
0.00221817
0.00206531
0.00191078
0.00175688
0.00160603
0.00146066
0.00132295
0.0011947
0.0010771
0.000970783
0.000875754
0.000791546
0.000717338
0.000652108
0.000594785
0.000544373
0.000499821
0.000460208
0.000424619
0.000394858
0.000380212
0.00331988
0.0032318
0.00312838
0.00301649
0.00289889
0.00277504
0.00264492
0.00250829
0.00236495
0.00221671
0.00206463
0.00191049
0.0017566
0.00160554
0.00145987
0.00132199
0.00119383
0.00107669
0.000971205
0.000877326
0.000794472
0.000721667
0.000657741
0.000601498
0.000551823
0.000507715
0.000468173
0.000432297
0.000402206
0.000387948
0.00333039
0.00324029
0.00313431
0.00302036
0.00290178
0.00277794
0.00264818
0.00251188
0.00236913
0.00222116
0.00206888
0.0019141
0.0017592
0.00160691
0.00146002
0.00132113
0.00119233
0.00107502
0.000969854
0.000876729
0.000794952
0.000723401
0.000660745
0.000605648
0.000556876
0.000513392
0.000474069
0.000438037
0.000407702
0.000393625
0.00335231
0.00325995
0.00315099
0.00303443
0.00291441
0.00279011
0.00266009
0.00252342
0.00238044
0.00223173
0.00207819
0.00192168
0.00176469
0.00161015
0.0014611
0.00132037
0.00119019
0.00107209
0.000966721
0.000873947
0.000792961
0.000722498
0.000661069
0.000607174
0.000559423
0.000516718
0.000477711
0.000441633
0.000411151
0.000397053
0.00338768
0.00329256
0.00318001
0.00306014
0.00293809
0.00281241
0.00268129
0.00254352
0.00239929
0.00224873
0.00209279
0.00193338
0.00177316
0.00161531
0.00146313
0.00131968
0.00118739
0.00106785
0.000961767
0.00086894
0.000788459
0.000718915
0.000658654
0.000605989
0.00055933
0.000517429
0.0004789
0.000442915
0.000412404
0.000398113
0.00343898
0.00334028
0.0032233
0.00309912
0.00297404
0.00284604
0.00271282
0.00257299
0.00242632
0.00227267
0.00211304
0.00194945
0.00178478
0.00162247
0.00146614
0.00131908
0.00118388
0.00106226
0.000954926
0.000861651
0.000781399
0.000712613
0.000653447
0.000601989
0.000556493
0.000515465
0.000477511
0.00044178
0.000411401
0.000396785
0.00350919
0.00340583
0.00328332
0.00315357
0.00302429
0.00289271
0.00275607
0.00261295
0.00246241
0.00230422
0.00213944
0.00197023
0.00179974
0.00163176
0.00147018
0.00131855
0.00117963
0.00105524
0.000946118
0.000851999
0.000771717
0.000703528
0.000645369
0.000595112
0.00055079
0.000510717
0.000473486
0.000438217
0.000408191
0.000393194
0.00360207
0.00349274
0.00336338
0.00322655
0.00309152
0.00295471
0.00281312
0.00266501
0.0025088
0.00234429
0.00217261
0.00199613
0.00181832
0.00164332
0.00147531
0.00131808
0.00117458
0.00104671
0.000935267
0.000839897
0.000759313
0.000691546
0.0006343
0.000585237
0.000542131
0.000503144
0.000466854
0.000432342
0.000402987
0.000387692
0.00372255
0.00360569
0.00346796
0.00332212
0.00317938
0.00303525
0.00288674
0.00273126
0.00256708
0.00239403
0.00221333
0.00202766
0.00184083
0.00165731
0.00148158
0.00131765
0.00116866
0.00103662
0.000922301
0.000825266
0.000744071
0.000676532
0.000620102
0.000572215
0.00053047
0.000492805
0.000457795
0.000424482
0.000396281
0.00038097
0.00387729
0.00375105
0.00360308
0.00344564
0.0032926
0.00313855
0.00298019
0.00281434
0.00263927
0.00245485
0.00226258
0.00206545
0.00186764
0.00167391
0.00148902
0.00131721
0.0011618
0.00102487
0.000907126
0.000808008
0.000725892
0.000658389
0.000602716
0.000556069
0.000515873
0.000479935
0.000446744
0.000415318
0.000389027
0.000374288
0.00407544
0.0039373
0.00377661
0.00360417
0.00343737
0.00326984
0.00309765
0.00291753
0.00272781
0.00252855
0.00232156
0.00211025
0.00189912
0.00169324
0.00149763
0.00131673
0.00115395
0.00101138
0.000889638
0.000788017
0.000704705
0.000637109
0.00058223
0.000537018
0.000498742
0.000465134
0.000434634
0.000406188
0.000382963
0.000369811
0.00432963
0.00417602
0.00399915
0.00380696
0.00362167
0.00343551
0.00324437
0.00304489
0.00283571
0.00261722
0.00239165
0.00216284
0.00193565
0.00171544
0.00150742
0.00131615
0.00114504
0.000996083
0.000869775
0.000765252
0.000680536
0.000612856
0.000559006
0.000515721
0.0004801
0.000449801
0.000423335
0.000399616
0.000381243
0.000371288
0.00465751
0.00448341
0.00428535
0.0040667
0.0038559
0.00364412
0.00342701
0.00320152
0.00296665
0.00272334
0.00247439
0.00222408
0.00197765
0.00174065
0.0015184
0.00131543
0.001135
0.000978929
0.000847532
0.000739792
0.000653601
0.00058606
0.000533803
0.000493392
0.00046176
0.000436537
0.000416289
0.000400163
0.000389462
0.000385324
0.00508391
0.0048816
0.0046553
0.00440048
0.00415432
0.00390705
0.00365437
0.00339382
0.00312507
0.00284981
0.0025715
0.00229493
0.00202555
0.00176903
0.00153057
0.00131448
0.00112374
0.00095988
0.000822985
0.000711887
0.000624401
0.000557584
0.000508021
0.000472191
0.000446918
0.000429847
0.000419651
0.00041582
0.000417347
0.000423498
0.0056423
0.00540081
0.00513658
0.00483147
0.00453598
0.00423937
0.00393762
0.0036297
0.00331629
0.00300002
0.00268505
0.00237649
0.0020799
0.00180074
0.00154389
0.00131318
0.00111115
0.000938934
0.000796329
0.000682032
0.000593853
0.000528953
0.000484064
0.00045578
0.000440974
0.000437358
0.000443717
0.000460097
0.000480999
0.000504922
0.00637493
0.00608031
0.00576464
0.00539005
0.00502568
0.00465998
0.00429063
0.00391882
0.00354672
0.00317801
0.00281736
0.00247
0.0021412
0.00183588
0.00155821
0.00131132
0.00109708
0.000916108
0.000767899
0.000651045
0.000563476
0.000502681
0.000465875
0.000450156
0.000452782
0.000471588
0.00050539
0.000554545
0.00060536
0.000657838
0.00733093
0.00696589
0.00658291
0.00611402
0.00565404
0.00519166
0.00472974
0.00427239
0.00382367
0.00338824
0.00297097
0.00257667
0.00220982
0.00187431
0.00157318
0.00130847
0.00108116
0.000891271
0.000737995
0.000619942
0.000535386
0.000482495
0.000459475
0.000464546
0.000495898
0.00055166
0.000629869
0.00073011
0.000824831
0.000918844
0.00856087
0.00810438
0.0076342
0.00703938
0.00644823
0.00585506
0.00526971
0.00470058
0.00415387
0.00363494
0.00314827
0.00269761
0.00228602
0.00191572
0.00158808
0.00130366
0.00106235
0.000863489
0.000706113
0.000589123
0.00051155
0.000472792
0.00047272
0.000511439
0.000588691
0.000702815
0.000849792
0.00102537
0.00118077
0.00133125
0.0100918
0.00951681
0.00892955
0.00817331
0.00741472
0.00665764
0.0059193
0.00521312
0.00454727
0.00392737
0.00335712
0.00283882
0.00237365
0.00196179
0.00160263
0.00129506
0.00103779
0.000829589
0.000669575
0.000557374
0.000493331
0.000478668
0.000515431
0.000605957
0.00075161
0.000950454
0.001195
0.00147386
0.00171394
0.00193928
0.0120295
0.0112566
0.0104787
0.00953295
0.0085894
0.00765383
0.00674656
0.00588382
0.00507606
0.00433054
0.00365177
0.00304197
0.00250147
0.00202916
0.00162306
0.00128089
0.0010006
0.000780795
0.00062103
0.000521895
0.000484965
0.000512614
0.000607547
0.000771922
0.00100607
0.00130652
0.00166398
0.00206577
0.00244082
0.00280025
0.0150391
0.0140418
0.0130345
0.0118673
0.0106908
0.0095034
0.00833274
0.00720544
0.00614233
0.00515969
0.00426828
0.00347374
0.00277757
0.00217854
0.001674
0.00126114
0.000937988
0.000703878
0.000559797
0.000507984
0.000550898
0.000689913
0.000924382
0.00124946
0.00165536
0.00212602
0.002641
0.00318746
0.00366562
0.00413901
0.0244279
0.0226394
0.0206087
0.018544
0.0164849
0.0144314
0.0124292
0.0105225
0.0087473
0.00713173
0.00569385
0.00444155
0.00337498
0.00248971
0.00177982
0.00124076
0.000871225
0.000674196
0.000656155
0.000825506
0.00119017
0.00175429
0.00251422
0.00345686
0.00455881
0.0057865
0.00709812
0.00848276
0.00990243
0.0111836
0.00343761
0.00341945
0.00340403
0.00338926
0.00337598
0.00336518
0.0033581
0.00335607
0.0033605
0.00337289
0.00339486
0.00342826
0.00347525
0.00353844
0.00362101
0.00372697
0.00386152
0.00403175
0.00424754
0.00452279
0.00487722
0.00533863
0.00594459
0.0067413
0.0077816
0.00912291
0.010827
0.0130787
0.0164907
0.0264264
0.00341766
0.00340432
0.00339299
0.00338361
0.00337764
0.00337574
0.00337872
0.00338758
0.0034035
0.0034279
0.00346243
0.00350909
0.00357026
0.00364884
0.00374843
0.00387356
0.0040302
0.00422639
0.00447318
0.00478599
0.00518642
0.00570456
0.00638052
0.00726317
0.00840768
0.00988081
0.0117902
0.0143582
0.0180669
0.0285743
0.00341892
0.00341564
0.00341386
0.00341373
0.00341688
0.00342423
0.00343684
0.00345589
0.0034827
0.00351877
0.00356586
0.00362608
0.00370198
0.0037967
0.00391414
0.00405932
0.00423889
0.00446175
0.00474009
0.00509068
0.00553681
0.00611065
0.00685457
0.00781927
0.00906127
0.0106562
0.0127532
0.0156097
0.0195274
0.0309569
0.00344759
0.0034545
0.00346274
0.0034725
0.0034856
0.00350316
0.00352639
0.00355657
0.00359516
0.00364381
0.00370442
0.00377926
0.00387109
0.00398324
0.00411997
0.00428672
0.00449067
0.00474145
0.00505197
0.00543982
0.0059291
0.00655269
0.00735319
0.00837993
0.00968661
0.0113564
0.013594
0.0167459
0.0208085
0.0335159
0.00349988
0.00351606
0.00353396
0.00355356
0.00357682
0.00360506
0.00363961
0.00368186
0.00373336
0.00379586
0.00387142
0.00396247
0.00407195
0.00420349
0.00436162
0.00455223
0.00478302
0.00506418
0.00540916
0.00583596
0.00636894
0.00704077
0.00789283
0.00897095
0.0103235
0.01204
0.0143932
0.0178689
0.0219691
0.0362229
0.00357036
0.00359472
0.00362159
0.00365079
0.00368423
0.00372334
0.00376959
0.00382448
0.00388964
0.00396692
0.00405852
0.00416699
0.00429548
0.00444782
0.00462884
0.00484479
0.00510379
0.00541641
0.00579638
0.00626173
0.00683642
0.00755203
0.0084475
0.00956333
0.0109406
0.0126756
0.0151249
0.0189921
0.0230167
0.0391787
0.00365299
0.00368447
0.00371951
0.00375786
0.00380127
0.00385122
0.00390927
0.00397698
0.00405612
0.00414862
0.00425678
0.00438329
0.00453141
0.00470518
0.00490967
0.0051514
0.00543877
0.00578253
0.00619643
0.00669816
0.00731083
0.00806433
0.00899424
0.0101343
0.0115168
0.0132439
0.0157722
0.0201391
0.0239803
0.0425254
0.0037415
0.00377912
0.00382146
0.00386832
0.00392126
0.00398174
0.00405133
0.00413168
0.00422462
0.00433218
0.00445676
0.00460114
0.00476867
0.00496355
0.00519102
0.0054578
0.00577239
0.00614554
0.00659082
0.00712539
0.00777124
0.00855629
0.00951235
0.0106653
0.0120367
0.0137334
0.0163222
0.0213321
0.0248995
0.0464155
0.00382971
0.00387259
0.00392134
0.00397592
0.0040377
0.00410807
0.0041886
0.00428097
0.00438704
0.00450893
0.00464908
0.00481037
0.00499623
0.00521093
0.00545986
0.00574979
0.00608922
0.00648879
0.00696176
0.00752467
0.00819839
0.00900896
0.00998445
0.011142
0.0124903
0.0141389
0.016765
0.0225867
0.0258228
0.0509718
0.00391205
0.00395936
0.00401364
0.00407502
0.00414472
0.00422406
0.00431455
0.00441788
0.00453592
0.00467082
0.00482508
0.0050016
0.00520392
0.00543634
0.00570428
0.00601451
0.00637544
0.00679755
0.00729376
0.00788003
0.00857627
0.00940702
0.010397
0.0115539
0.0128717
0.0144611
0.0170973
0.023906
0.0268003
0.0562277
0.00398392
0.00403489
0.00409378
0.00416094
0.00423744
0.00432454
0.00442368
0.00453651
0.00466491
0.00481104
0.0049774
0.00516694
0.00538324
0.00563063
0.00591448
0.00624151
0.00662004
0.00706034
0.00757506
0.00817963
0.00889327
0.00973957
0.0107407
0.0118947
0.0131787
0.0147051
0.0173233
0.0252728
0.0278674
0.0620554
0.00404196
0.00409583
0.0041584
0.00423022
0.00431226
0.00440567
0.00451187
0.00463244
0.00476924
0.00492444
0.00510054
0.00530053
0.00552796
0.00578717
0.00608348
0.00642353
0.00681553
0.00726963
0.00779818
0.00841624
0.00914258
0.0100004
0.0110102
0.0121609
0.0134118
0.0148783
0.0174555
0.0266411
0.0290234
0.0680947
0.00408415
0.00414014
0.00420545
0.00428076
0.00436695
0.00446511
0.00457657
0.0047029
0.00484595
0.00500787
0.00519118
0.00539885
0.00563441
0.00590217
0.00620741
0.00655672
0.00695823
0.00742195
0.00796001
0.0085872
0.00932204
0.0101878
0.0112041
0.0123522
0.0135734
0.0149891
0.0175122
0.0279329
0.0302124
0.0737719
0.00410975
0.00416712
0.00423423
0.00431183
0.00440073
0.00450197
0.00461685
0.00474691
0.004894
0.00506027
0.00524821
0.00546079
0.0057015
0.00597464
0.00628547
0.00664053
0.0070479
0.00751749
0.00806129
0.00869388
0.00943368
0.0103042
0.0113251
0.0124714
0.0136691
0.015047
0.0175147
0.0290177
0.0312939
0.0783764
0.00411921
0.00417725
0.00424523
0.00432394
0.00441414
0.00451685
0.00463333
0.00476516
0.00491415
0.00508247
0.00527259
0.00548744
0.00573052
0.00600612
0.00631952
0.00667723
0.00708733
0.00755965
0.00810609
0.00874116
0.00948325
0.0103561
0.0113797
0.0125256
0.0137106
0.0150683
0.0174938
0.0296412
0.0319764
0.0809999
0.00411381
0.00417187
0.00423988
0.0043186
0.0044088
0.00451148
0.00462793
0.0047597
0.00490864
0.00507687
0.00526688
0.0054816
0.00572453
0.00599998
0.00631327
0.00667093
0.00708104
0.00755344
0.00810003
0.00873531
0.00947773
0.010351
0.0113752
0.0125218
0.0137072
0.0150655
0.0174878
0.0296299
0.0319683
0.0811003
0.00409352
0.00415097
0.00421817
0.00429584
0.00438474
0.00448594
0.00460072
0.00473066
0.00487758
0.00504362
0.00523126
0.00544345
0.00568374
0.00595647
0.006267
0.00662192
0.00702935
0.0074992
0.00804345
0.00867672
0.00941754
0.0102895
0.0113122
0.0124602
0.0136593
0.0150389
0.0174977
0.0289876
0.0312726
0.0786644
0.00405719
0.00411333
0.00417881
0.00425429
0.00434057
0.00443874
0.00455013
0.00467631
0.00481913
0.00498072
0.00516358
0.00537067
0.00560561
0.00587277
0.00617758
0.0065267
0.00692834
0.00739252
0.0079314
0.0085598
0.00929638
0.0101645
0.0111837
0.0123344
0.013558
0.0149765
0.0174878
0.0278941
0.0301856
0.0742105
0.00400463
0.00405871
0.00412157
0.0041937
0.00427598
0.00436954
0.00447576
0.00459623
0.00473281
0.00488762
0.00506319
0.00526251
0.00548919
0.0057477
0.0060435
0.00638334
0.00677557
0.00723036
0.0077601
0.00837992
0.00910871
0.00996965
0.010983
0.0121371
0.0133917
0.0148624
0.0174291
0.0266056
0.0289994
0.0686419
0.0039368
0.00398809
0.00404738
0.00411501
0.00419195
0.00427937
0.0043787
0.00449157
0.00461982
0.00476559
0.00493141
0.00512025
0.00533576
0.00558242
0.00586575
0.00619261
0.00657145
0.00701266
0.00752892
0.00813573
0.00885237
0.00970233
0.0107074
0.0118654
0.0131546
0.0146874
0.0173008
0.0252509
0.0278529
0.0626739
0.00385595
0.00390369
0.00395852
0.00402055
0.00409088
0.00417077
0.00426166
0.00436521
0.00448325
0.00461792
0.00477171
0.00494758
0.00514915
0.00538089
0.00564836
0.00595847
0.00631981
0.00674297
0.00724097
0.00782979
0.00852932
0.0093639
0.0103579
0.0115193
0.0128442
0.0144437
0.0170846
0.023905
0.0268007
0.056885
0.0037656
0.00380907
0.00385855
0.00391399
0.00397661
0.00404776
0.00412892
0.00422174
0.00432804
0.0044499
0.00458975
0.00475052
0.00493575
0.00514986
0.00539839
0.00568827
0.00602818
0.00642886
0.00690369
0.00746921
0.00814618
0.00896038
0.00993974
0.0111024
0.0124603
0.0141239
0.0167669
0.0226103
0.0258426
0.0516429
0.00367044
0.00370889
0.00375219
0.00380014
0.00385416
0.00391565
0.00398612
0.00406719
0.00416063
0.00426844
0.00439297
0.00453706
0.00470414
0.00489852
0.00512565
0.0053924
0.00570746
0.00608171
0.00652873
0.0070657
0.00771442
0.0085026
0.00946225
0.0106212
0.0120052
0.0137232
0.0163417
0.0213807
0.0249427
0.0470842
0.00357608
0.00360869
0.00364498
0.0036847
0.00372944
0.00378065
0.00383984
0.00390855
0.00398848
0.00408155
0.00418998
0.00431648
0.00446433
0.00463769
0.00484182
0.00508348
0.00537123
0.00571591
0.0061313
0.006635
0.00724994
0.00800591
0.00893917
0.0100863
0.0114849
0.0132404
0.0158102
0.0202112
0.0240507
0.0431839
0.00348864
0.00351449
0.00354295
0.0035738
0.00360882
0.00364943
0.00369707
0.00375321
0.00381946
0.00389761
0.00398978
0.00409849
0.00422687
0.00437884
0.00455945
0.0047752
0.0050344
0.00534772
0.00572883
0.00619562
0.0067719
0.00748937
0.00838816
0.00951246
0.0109098
0.0126803
0.0151805
0.0190853
0.0231188
0.0398275
0.00341438
0.00343242
0.00345222
0.00347373
0.00349878
0.00352869
0.0035648
0.00360847
0.00366124
0.00372479
0.00380111
0.00389255
0.004002
0.00413318
0.00429083
0.00448109
0.00471192
0.00499354
0.00533932
0.0057671
0.00630114
0.0069745
0.00783024
0.00891856
0.0102949
0.0120536
0.0144648
0.0179813
0.0221074
0.0368689
0.00335929
0.00336841
0.00337881
0.00339062
0.00340558
0.00342483
0.0034496
0.00348119
0.00352102
0.0035707
0.00363206
0.00370728
0.00379905
0.00391082
0.004047
0.00421333
0.00441722
0.00466835
0.00497948
0.00536804
0.00585824
0.00648357
0.0072887
0.00832781
0.00966195
0.011379
0.0136795
0.0168766
0.0209878
0.0341703
0.00332873
0.00332798
0.00332852
0.00333042
0.00333526
0.00334406
0.00335793
0.00337808
0.0034058
0.00344258
0.00349013
0.00355052
0.00362625
0.00372052
0.00383742
0.00398222
0.00416177
0.00438503
0.00466404
0.00501551
0.00546303
0.00603963
0.00679002
0.00776982
0.00904252
0.0106883
0.0128509
0.0157588
0.0197519
0.0316317
0.00332646
0.00331592
0.00330687
0.00329921
0.00329447
0.00329346
0.00329708
0.00330638
0.00332255
0.00334703
0.00338147
0.00342786
0.00348863
0.00356674
0.00366593
0.0037909
0.00394776
0.00414464
0.00439255
0.004707
0.00511004
0.00563275
0.00631757
0.00721801
0.00839508
0.00991938
0.0118942
0.0145198
0.0183268
0.0292665
0.00334718
0.0033315
0.00331755
0.00330367
0.00329083
0.0032801
0.00327277
0.00327024
0.00327398
0.00328558
0.00330669
0.00333925
0.0033855
0.00344815
0.00353048
0.00363657
0.00377168
0.00394299
0.0041606
0.00443866
0.00479728
0.00526528
0.00588231
0.00669885
0.00777192
0.00916235
0.01093
0.013246
0.0167731
0.0271314
0.0251249
0.0233054
0.0212149
0.0190739
0.0169356
0.0148068
0.0127363
0.0107699
0.00894453
0.0072882
0.00581845
0.00454234
0.00345903
0.00256308
0.00184777
0.00130788
0.000941621
0.000751749
0.000744576
0.000928298
0.00131052
0.00189473
0.00267611
0.00363982
0.00476015
0.00600092
0.00731796
0.00869915
0.0101053
0.011371
0.0153342
0.0143446
0.0133254
0.0121259
0.0109113
0.0096869
0.00848311
0.00732808
0.006243
0.00524373
0.00434028
0.00353742
0.00283586
0.00223368
0.00172769
0.00131463
0.000992107
0.000759028
0.000616
0.000564944
0.000608027
0.00074638
0.000979149
0.0013013
0.00170286
0.00216746
0.00267479
0.00321283
0.00367728
0.00414393
0.0122045
0.0114445
0.0106682
0.00970966
0.00874609
0.00778877
0.00686069
0.00597978
0.00515724
0.00440035
0.00371328
0.00309769
0.00255332
0.00207857
0.00167096
0.00132777
0.00104647
0.000825096
0.000662631
0.000559084
0.000515569
0.000534212
0.000617767
0.000768763
0.000988208
0.00127352
0.00161671
0.00200679
0.002371
0.00272738
0.0101957
0.009628
0.00904178
0.00827772
0.00750825
0.00674027
0.00599205
0.00527758
0.00460517
0.00398034
0.00340658
0.00288593
0.00241931
0.00200664
0.00164705
0.00133915
0.00108124
0.000871609
0.000708815
0.000591952
0.000521038
0.00049735
0.000523461
0.000602603
0.000737132
0.000925913
0.00116194
0.00143419
0.00167084
0.00189629
0.00860088
0.0081473
0.00767602
0.00707721
0.00648311
0.00588887
0.00530372
0.00473546
0.0041898
0.00367185
0.00318602
0.00273609
0.00232514
0.00195542
0.00162825
0.00134405
0.0011024
0.000902279
0.000742249
0.000620819
0.000536877
0.000490113
0.000481174
0.000511282
0.000581249
0.000690049
0.000833604
0.00100696
0.00116194
0.00131229
0.007323
0.00695897
0.00657462
0.00610505
0.0056473
0.00519025
0.00473505
0.00428463
0.00384216
0.00341188
0.00299858
0.00260721
0.00224248
0.00190848
0.00160833
0.001344
0.0011163
0.00092496
0.000768896
0.000646526
0.000556188
0.000496475
0.00046635
0.000464963
0.000491305
0.000543922
0.000620728
0.000720608
0.000815953
0.000910132
0.00633466
0.00604119
0.00572529
0.00535268
0.0049934
0.0046358
0.00427612
0.00391427
0.00355134
0.00319036
0.00283581
0.00249299
0.00216745
0.00186437
0.00158806
0.00134166
0.00112692
0.000944323
0.000793258
0.000672347
0.00057976
0.000513452
0.00047125
0.00045086
0.000449984
0.00046666
0.000499644
0.000549
0.000601092
0.000654909
0.00558162
0.00534213
0.00507912
0.00477758
0.0044883
0.00420062
0.00390937
0.00361248
0.00330957
0.00300248
0.00269499
0.00239218
0.00209982
0.0018236
0.00156855
0.00133855
0.00113609
0.000962269
0.000816954
0.000699041
0.000606695
0.000537527
0.000488719
0.000457204
0.000440017
0.000434896
0.000440577
0.000457051
0.000479132
0.00050471
0.00501088
0.00481094
0.00458679
0.00433622
0.00409656
0.00385818
0.00361594
0.00336656
0.00310876
0.00284342
0.00257351
0.0023036
0.0020393
0.00178641
0.0015503
0.0013353
0.0011444
0.000979187
0.000839922
0.000725761
0.000634933
0.000564915
0.000512618
0.000474682
0.000447919
0.000429854
0.00041907
0.000415031
0.000417108
0.000424337
0.00457645
0.00440462
0.00420911
0.00399521
0.00379076
0.0035875
0.00338043
0.00316586
0.00294199
0.00270896
0.002469
0.00222609
0.00198545
0.00175278
0.00153349
0.00133211
0.00115196
0.000994945
0.000861647
0.000751437
0.000662651
0.000592786
0.00053872
0.000497074
0.000464659
0.000438898
0.000418182
0.000401558
0.000390708
0.000386815
0.00424304
0.00409135
0.00391711
0.00372958
0.00355052
0.00337249
0.00319092
0.003002
0.00280368
0.00259561
0.00237942
0.00215858
0.00193783
0.00172259
0.00151813
0.00132903
0.00115871
0.00100931
0.000881632
0.000775232
0.000688588
0.000619306
0.000564373
0.000520525
0.000484678
0.000454213
0.000427382
0.000402977
0.000383906
0.000373489
0.00398484
0.00384812
0.00368998
0.00352202
0.00336132
0.00320147
0.00303844
0.00286847
0.00268934
0.00250045
0.00230304
0.00210012
0.001896
0.00169569
0.00150422
0.00132602
0.00116457
0.00102208
0.000899523
0.000796607
0.00071197
0.000643379
0.000588004
0.000542756
0.000504684
0.000471206
0.000440425
0.000411191
0.000386904
0.000372783
0.0037838
0.00365831
0.00351266
0.00335948
0.00321227
0.00306577
0.0029162
0.00276012
0.00259528
0.00242102
0.00223834
0.0020499
0.00185958
0.00167196
0.00149172
0.0013231
0.00116949
0.00103315
0.000915127
0.000815273
0.000732385
0.000664413
0.000608731
0.000562456
0.000522776
0.000487155
0.000453792
0.000421563
0.000394028
0.000378018
0.00362713
0.0035103
0.00337458
0.00323282
0.00309573
0.0029589
0.00281895
0.00267283
0.00251845
0.0023552
0.002184
0.00200718
0.00182822
0.00165125
0.0014806
0.00132026
0.00117348
0.00104249
0.000928392
0.000831141
0.000749686
0.00068215
0.0006261
0.000578881
0.000537847
0.000500645
0.000465577
0.000431538
0.000402091
0.000385403
0.00350552
0.00339562
0.00326804
0.00313514
0.00300557
0.00287571
0.00274237
0.00260317
0.00245627
0.00230122
0.00213888
0.00197131
0.00180159
0.00163345
0.00147085
0.00131753
0.00117658
0.00105016
0.00093938
0.000844271
0.000763903
0.000696552
0.000639991
0.000591787
0.000549504
0.000511072
0.000474847
0.000439785
0.000409364
0.000392783
0.00341221
0.00330797
0.00318707
0.00306106
0.00293697
0.0028119
0.00268294
0.00254829
0.00240664
0.00225761
0.00210202
0.00194169
0.00177937
0.00161841
0.00146246
0.00131499
0.00117891
0.00105629
0.000948231
0.0008548
0.000775159
0.000707735
0.000650486
0.000601203
0.00055775
0.000518293
0.000481268
0.000445702
0.000414928
0.000398916
0.00334221
0.00324249
0.00312697
0.00300624
0.00288597
0.00276394
0.00263781
0.00250597
0.00236785
0.00222314
0.00207256
0.00191777
0.00176123
0.00160599
0.0014554
0.00131268
0.00118057
0.00106104
0.000955112
0.000862896
0.000783631
0.000715878
0.000657786
0.000607377
0.000562796
0.000522447
0.000484853
0.000449108
0.000418353
0.000403072
0.00329159
0.00319541
0.00308409
0.00296726
0.00284953
0.00272928
0.00260478
0.00247455
0.00233861
0.0021968
0.00204977
0.00189904
0.00174686
0.00159603
0.00144964
0.00131068
0.00118169
0.00106453
0.000960181
0.000868734
0.000789502
0.000721188
0.000662139
0.000610605
0.00056493
0.000523784
0.000485761
0.000450013
0.000419462
0.000404839
0.00325722
0.00316371
0.00305565
0.00294161
0.00282543
0.00270605
0.00258226
0.00245281
0.00231791
0.0021778
0.00203303
0.00188505
0.00173597
0.00158839
0.00144515
0.00130902
0.00118236
0.00106691
0.000963577
0.000872461
0.000792938
0.000723853
0.000663746
0.000611075
0.00056439
0.00052253
0.000484146
0.00044849
0.000418218
0.000404051
0.00323645
0.00314498
0.00303951
0.00292753
0.00281218
0.00269298
0.00256915
0.00243985
0.002305
0.00216548
0.00202183
0.00187545
0.00172835
0.00158295
0.00144189
0.00130773
0.00118265
0.00106825
0.000965399
0.000874187
0.000794064
0.000724013
0.000662764
0.000608966
0.000561331
0.000518756
0.000480148
0.00044465
0.000414686
0.000400724
0.00322714
0.00313737
0.00303402
0.00292363
0.00280873
0.00268924
0.00256476
0.00243492
0.00229933
0.00215941
0.00201583
0.00186997
0.0017238
0.00157961
0.00143983
0.00130682
0.00118259
0.00106862
0.000965715
0.000873982
0.000792955
0.000721756
0.000659285
0.000604365
0.000555866
0.000512719
0.000473946
0.000438659
0.000409019
0.000394989
0.00322743
0.00313936
0.00303794
0.00292891
0.00281433
0.00269419
0.00256859
0.00243751
0.00230052
0.00215924
0.00201477
0.00186845
0.00172224
0.00157831
0.00143894
0.00130628
0.00118219
0.00106803
0.000964546
0.000871876
0.000789648
0.000717125
0.000653367
0.000597348
0.000548089
0.000504504
0.000465681
0.000430702
0.000401424
0.000387073
0.00323561
0.00314957
0.00305014
0.00294247
0.00282821
0.00270741
0.00258026
0.00244727
0.00230834
0.00216481
0.00201856
0.00187085
0.00172365
0.00157906
0.00143921
0.00130609
0.00118142
0.00106645
0.000961871
0.000867862
0.00078415
0.000710144
0.000645055
0.000587993
0.000538037
0.000494216
0.000455538
0.000420975
0.000392143
0.00037725
0.00325001
0.00316661
0.00306959
0.00296353
0.00284975
0.0027283
0.00259942
0.00246399
0.00232262
0.00217613
0.00202723
0.00187725
0.00172811
0.00158191
0.00144066
0.00130624
0.00118023
0.0010638
0.000957612
0.000861885
0.000776444
0.000700834
0.000634403
0.000576369
0.000525857
0.000481987
0.000443604
0.000409685
0.000381439
0.000365846
0.00326891
0.00318908
0.00309523
0.00299134
0.00287846
0.0027564
0.00262573
0.0024876
0.00234328
0.00219333
0.002041
0.00188786
0.00173582
0.00158699
0.00144335
0.00130669
0.00117851
0.00105993
0.00095162
0.000853831
0.000766475
0.000689214
0.000621496
0.000562613
0.00051173
0.000467928
0.000430095
0.000397068
0.00036958
0.000353246
0.00329049
0.00321546
0.00312586
0.00302511
0.0029135
0.00279119
0.00265888
0.00251803
0.00237043
0.00221672
0.00206024
0.00190311
0.00174714
0.00159454
0.00144735
0.00130735
0.00117606
0.0010546
0.000943656
0.000843516
0.000754147
0.000675302
0.000606466
0.000546933
0.000495877
0.000452353
0.00041526
0.000383402
0.000356906
0.000339911
0.0033126
0.00324412
0.00316025
0.00306359
0.00295408
0.0028321
0.00269866
0.0025554
0.0024045
0.00224699
0.00208575
0.00192373
0.00176267
0.00160496
0.0014528
0.00130816
0.00117264
0.00104747
0.000933381
0.000830682
0.000739336
0.000659156
0.000589537
0.000529692
0.000478747
0.000435733
0.000399531
0.000369069
0.000343926
0.000326345
0.0033319
0.00327292
0.00319682
0.00310543
0.00299912
0.00287865
0.00274517
0.00260032
0.00244653
0.00228549
0.00211907
0.00195115
0.00178361
0.00161908
0.00146016
0.00130915
0.00116798
0.00103806
0.000920253
0.000814874
0.000721818
0.000640684
0.000570774
0.000511106
0.000460685
0.000418488
0.000383455
0.000354491
0.000330667
0.000312548
0.00334338
0.00329868
0.00323337
0.00314971
0.00304898
0.00293229
0.00280079
0.00265596
0.00250023
0.00233584
0.00216391
0.00198871
0.00181259
0.00163869
0.00147025
0.00131025
0.00116119
0.00102489
0.000902371
0.000794023
0.0006998
0.000617785
0.000548024
0.000489046
0.000439632
0.000398644
0.000364932
0.000337358
0.00031455
0.000297019
0.00334024
0.00331205
0.00325977
0.00318665
0.00309453
0.00298476
0.00285849
0.00271672
0.00256111
0.00239396
0.00221666
0.00203319
0.00184682
0.00166146
0.00148129
0.00131023
0.00115154
0.00100759
0.00087954
0.000767446
0.000670399
0.000588492
0.000519286
0.00046127
0.000413023
0.000373209
0.000340693
0.000314305
0.000293158
0.000279924
0.0127166
0.00491267
0.00331916
0.00228507
0.00156865
0.00108214
0.000764786
0.000569937
0.000458732
0.000399607
0.000370427
0.000357658
0.000353546
0.00035367
0.000355452
0.000357374
0.000358568
0.000358569
0.000357175
0.00035435
0.000350149
0.000344691
0.000338131
0.000330647
0.00032242
0.000313629
0.000304416
0.000294705
0.000284458
0.000276242
0.0144538
0.00571734
0.00387471
0.00267049
0.00183585
0.00127383
0.000900518
0.000663293
0.000520775
0.000439501
0.000395356
0.000372907
0.000362843
0.000359597
0.000359794
0.000361352
0.000363001
0.000363975
0.00036382
0.000362313
0.000359379
0.000355052
0.000349427
0.000342639
0.000334843
0.000326218
0.00031695
0.00030723
0.000297572
0.000288907
0.0165646
0.00648359
0.00444746
0.00306752
0.00212095
0.00148768
0.0010601
0.000779329
0.000602339
0.000494613
0.000430736
0.000393865
0.000373405
0.00036277
0.000357838
0.000355993
0.000355566
0.000355488
0.000355074
0.000353904
0.000351757
0.000348547
0.000344274
0.000338995
0.0003328
0.0003258
0.000318104
0.000309883
0.000301757
0.000294561
0.0190582
0.0071488
0.00499919
0.00341836
0.00238205
0.00169993
0.00123165
0.000913541
0.000703409
0.000567828
0.000481531
0.000427145
0.00039328
0.000372544
0.000360134
0.000352898
0.000348737
0.000346242
0.000344456
0.000342737
0.000340678
0.000338039
0.000334698
0.000330612
0.000325792
0.000320269
0.000314063
0.000307277
0.00030062
0.000295247
0.0219802
0.00774764
0.00557017
0.00375564
0.0026451
0.00192615
0.00142307
0.00107017
0.000827054
0.000662254
0.00055133
0.000476874
0.000427028
0.000393784
0.000371729
0.000357186
0.000347622
0.000341266
0.000336869
0.000333543
0.00033067
0.00032783
0.000324753
0.000321273
0.000317301
0.000312787
0.000307675
0.00030201
0.000296513
0.000292534
0.0254644
0.00827752
0.00617482
0.00406698
0.00289999
0.00215726
0.00162636
0.00124309
0.000969271
0.000775822
0.000639645
0.000543741
0.000476147
0.000428491
0.0003949
0.00037125
0.000354617
0.000342891
0.00033453
0.000328399
0.000323661
0.000319704
0.000316092
0.000312522
0.000308793
0.000304764
0.000300312
0.000295418
0.000290732
0.000287647
0.0296739
0.0087557
0.00683721
0.00434451
0.00314211
0.00238709
0.00183425
0.00142519
0.00112379
0.000903514
0.000742811
0.000625359
0.000539334
0.000476227
0.00042987
0.000395796
0.00037076
0.000352367
0.000338818
0.000328745
0.000321105
0.000315102
0.000310131
0.000305748
0.000301629
0.00029754
0.000293282
0.000288767
0.000284513
0.000281828
0.0347698
0.00921324
0.00758341
0.0045817
0.00336876
0.00260933
0.00203859
0.00160789
0.00128238
0.00103796
0.000854614
0.000716756
0.00061281
0.000534262
0.00047479
0.000429698
0.000395503
0.000369591
0.000349962
0.000335058
0.000323658
0.0003148
0.000307732
0.000301869
0.000296769
0.000292098
0.000287579
0.000283045
0.000278857
0.000276136
0.0408587
0.00969294
0.00843685
0.00477375
0.00357815
0.002817
0.00223077
0.00178217
0.0014361
0.00117075
0.000967491
0.00081137
0.000691052
0.000598067
0.000526035
0.000470129
0.00042671
0.00039301
0.000366886
0.000346648
0.00033094
0.00031867
0.000308958
0.000301102
0.000294548
0.000288865
0.000283698
0.0002788
0.000274368
0.000271275
0.0479319
0.0102464
0.00941099
0.00491927
0.00376897
0.00300306
0.00240281
0.00193978
0.00157663
0.00129382
0.0010739
0.000902322
0.000767925
0.000662285
0.000579002
0.0005132
0.000461149
0.000419989
0.000387488
0.00036187
0.000341695
0.00032578
0.000313151
0.00030301
0.00029471
0.000287734
0.000281652
0.000276144
0.000271247
0.000267569
0.0557573
0.0109193
0.0104997
0.00502064
0.00393923
0.00316121
0.00254839
0.00207417
0.00169731
0.00140059
0.00116746
0.00098354
0.000837756
0.000721709
0.000629007
0.000554751
0.000495186
0.000447402
0.000409121
0.000378522
0.000354117
0.000334673
0.000319154
0.000306693
0.000296571
0.000288199
0.000281085
0.000274846
0.000269376
0.000265023
0.0638159
0.0117282
0.0116657
0.00508359
0.00408548
0.00328679
0.00266345
0.00218109
0.00179372
0.00148655
0.0012436
0.00105047
0.000896084
0.00077206
0.000672016
0.000591064
0.00052544
0.000472228
0.000429132
0.000394312
0.00036626
0.000343719
0.000325618
0.00031105
0.000299244
0.000289557
0.000281449
0.000274486
0.000268442
0.000263441
0.0713296
0.0126358
0.0128339
0.0051157
0.0042028
0.00337758
0.00274637
0.0022586
0.00186376
0.0015494
0.00129978
0.00110037
0.000940021
0.000810395
0.000705129
0.000619341
0.000549282
0.000492039
0.00044532
0.000407283
0.000376416
0.00035145
0.000331304
0.000315043
0.000301869
0.000291103
0.000282172
0.000274602
0.000268083
0.000262549
0.0773633
0.0135214
0.0138696
0.00512521
0.00428591
0.00343404
0.00279781
0.00230697
0.0019075
0.00158885
0.00133531
0.00113218
0.000968264
0.000835231
0.000726742
0.000637939
0.000565082
0.00050527
0.00045622
0.000416093
0.000383379
0.000356809
0.000335293
0.00031789
0.000303788
0.000292288
0.000282797
0.000274819
0.000267985
0.0002621
0.0807381
0.0141141
0.0145018
0.00512456
0.00432885
0.00345937
0.00282076
0.00232845
0.00192682
0.00160631
0.00135112
0.0011464
0.000980941
0.000846417
0.000736506
0.000646363
0.000572256
0.000511294
0.000461194
0.000420122
0.000386566
0.000359256
0.000337103
0.000319167
0.000304632
0.000292796
0.000283058
0.00027491
0.000267953
0.000261924
0.0807697
0.0141247
0.0145263
0.00512864
0.00432583
0.00345744
0.00281859
0.00232599
0.00192437
0.00160399
0.00134897
0.00114443
0.000979145
0.000844794
0.000735052
0.000645074
0.000571132
0.000510328
0.000460378
0.000419439
0.000385995
0.000358772
0.000336691
0.000318817
0.000304343
0.00029257
0.000282896
0.000274814
0.000267921
0.000261954
0.077454
0.0135504
0.0139362
0.00513754
0.00427788
0.00342859
0.00279163
0.00229988
0.00190035
0.00158205
0.00132901
0.0011264
0.000963012
0.000830493
0.000722507
0.000634199
0.000561825
0.000502479
0.000453859
0.000414114
0.000381717
0.000355401
0.000334092
0.000316874
0.000302952
0.000291638
0.000282339
0.000274556
0.000267915
0.000262213
0.0714685
0.0126764
0.0129256
0.00513572
0.00419234
0.00336953
0.002737
0.0022476
0.00185249
0.0015386
0.00128975
0.00109119
0.000931716
0.00080294
0.000698503
0.000613525
0.000544247
0.000487739
0.000441688
0.000404229
0.000373838
0.00034926
0.000329438
0.000313476
0.000300597
0.000290134
0.000281513
0.000274258
0.000268052
0.000262815
0.0639895
0.0117741
0.0117635
0.00510969
0.00407548
0.00327736
0.00265195
0.00216713
0.00177906
0.00147238
0.00123043
0.00103848
0.000885294
0.000762455
0.000663564
0.000583721
0.000519143
0.000466888
0.000424634
0.000390523
0.000363051
0.000340987
0.000323306
0.000309134
0.000297726
0.000288447
0.000280755
0.000274211
0.000268584
0.000263977
0.0559535
0.0109671
0.0105879
0.00505002
0.00393208
0.00315167
0.00253582
0.00205828
0.00168017
0.00138381
0.00115185
0.000969406
0.00082516
0.000710635
0.0006194
0.000546527
0.00048823
0.000441566
0.000404233
0.000374407
0.000350632
0.000331722
0.000316692
0.000304707
0.000295069
0.00028719
0.000280578
0.000274844
0.00026987
0.000265985
0.0481408
0.0102947
0.00947897
0.00494807
0.00376592
0.0029946
0.00239018
0.00192301
0.00155803
0.00127538
0.00105673
0.000886875
0.000754329
0.000650523
0.000568986
0.000504793
0.000454169
0.000414217
0.000382694
0.000357857
0.000338323
0.000322973
0.00031088
0.000301275
0.000293521
0.000287102
0.000281584
0.000276642
0.000272295
0.000269131
0.0410737
0.00974211
0.00847986
0.0047978
0.00357898
0.0028104
0.00221895
0.00176558
0.00141719
0.00115178
0.000949832
0.000795616
0.000677395
0.000586486
0.000516399
0.000462238
0.000420309
0.000387811
0.000362627
0.000343133
0.000328055
0.000316363
0.000307217
0.000299933
0.000293967
0.000288883
0.00028432
0.000280021
0.000276167
0.000273606
0.0349871
0.00926407
0.00760148
0.00459726
0.0033718
0.00260474
0.00202823
0.00159248
0.00126438
0.00101975
0.000837699
0.000701836
0.000600118
0.00052376
0.000466299
0.000422955
0.000390182
0.000365372
0.000346591
0.000332373
0.000321579
0.000313301
0.000306813
0.000301543
0.000297053
0.000293001
0.000289103
0.00028518
0.000281574
0.000279378
0.029891
0.00880841
0.00683339
0.00434884
0.00314469
0.00238387
0.00182566
0.00141183
0.00110789
0.000887367
0.000727908
0.000612428
0.000528598
0.000467616
0.00042316
0.000390668
0.000366866
0.000349407
0.000336588
0.000327137
0.000320077
0.000314647
0.000310263
0.00030648
0.000302975
0.000299505
0.000295864
0.000291951
0.000288264
0.000286079
0.0256795
0.00833128
0.00615335
0.00405857
0.00289913
0.00215414
0.0016195
0.00123243
0.000956469
0.000762853
0.00062784
0.000533747
0.000468129
0.000422339
0.000390356
0.000367988
0.000352326
0.000341345
0.0003336
0.000328032
0.00032385
0.000320462
0.000317434
0.000314458
0.000311327
0.000307896
0.000304035
0.000299716
0.000295566
0.000292941
0.0221907
0.00780048
0.00553503
0.00373421
0.00263837
0.00192176
0.00141765
0.00106252
0.000817972
0.000653159
0.000543265
0.000470327
0.000422079
0.000390288
0.000369433
0.000355817
0.000346963
0.000341185
0.000337312
0.000334509
0.000332177
0.000329898
0.000327389
0.000324476
0.000321063
0.000317099
0.000312527
0.000307391
0.000302388
0.00029882
0.0192614
0.00719783
0.00495338
0.00338493
0.00236833
0.00169329
0.00122727
0.00090888
0.000698142
0.000562695
0.000477222
0.000423972
0.000391249
0.000371507
0.000359895
0.000353283
0.000349636
0.000347609
0.000346292
0.000345071
0.000343536
0.00034143
0.000338615
0.000335038
0.000330706
0.000325654
0.000319909
0.000313578
0.000307357
0.000302348
0.0167576
0.0065256
0.00439342
0.00302481
0.00210094
0.00147861
0.00105638
0.000777225
0.000600392
0.00049287
0.000429559
0.000393435
0.000373706
0.000363699
0.000359294
0.00035791
0.000357915
0.000358269
0.000358305
0.000357606
0.000355934
0.000353181
0.000349338
0.000344458
0.000338631
0.000331977
0.000324622
0.000316754
0.000308987
0.000302108
0.0146361
0.00574703
0.00381247
0.00262334
0.00181312
0.00126368
0.000897436
0.000663073
0.000521186
0.000440078
0.000396249
0.000374255
0.000364671
0.00036189
0.000362552
0.000364598
0.000366739
0.000368188
0.000368486
0.000367387
0.00036481
0.000360782
0.000355401
0.000348808
0.000341172
0.000332688
0.000323574
0.000314054
0.000304649
0.000296253
0.0128961
0.0049271
0.00324918
0.00223906
0.00154708
0.00107218
0.000762014
0.000570494
0.00046015
0.000401203
0.000372272
0.000359901
0.000356275
0.00035694
0.000359319
0.000361884
0.000363708
0.000364266
0.000363307
0.000360771
0.000356723
0.000351303
0.000344689
0.000337077
0.000328679
0.000319703
0.000310332
0.000300546
0.000290358
0.000282367
0.000272809
0.00026466
0.000254111
0.000243612
0.000233699
0.000224351
0.000215521
0.000207192
0.000199343
0.000191943
0.000184958
0.000178356
0.000172106
0.000166178
0.000160546
0.000155187
0.000150078
0.000145199
0.000140533
0.000136063
0.000131774
0.000127652
0.000123685
0.000119862
0.000116171
0.000112605
0.000109153
0.000105809
0.000102565
9.94138e-05
9.63505e-05
9.33694e-05
9.04656e-05
8.76347e-05
8.48727e-05
8.21761e-05
7.95416e-05
7.69663e-05
7.44476e-05
7.19832e-05
6.95711e-05
6.72093e-05
6.48963e-05
6.26307e-05
6.04111e-05
5.82364e-05
5.61058e-05
5.40182e-05
5.1973e-05
4.99695e-05
4.80071e-05
4.6086e-05
4.42054e-05
4.23649e-05
4.05641e-05
3.88029e-05
3.7081e-05
3.53985e-05
3.37557e-05
3.21515e-05
3.05862e-05
2.90596e-05
2.7572e-05
2.61232e-05
2.47133e-05
2.33422e-05
2.201e-05
2.07166e-05
1.94621e-05
1.82465e-05
1.707e-05
1.59325e-05
1.48341e-05
1.37747e-05
1.27544e-05
1.17733e-05
1.08313e-05
9.9285e-06
9.06486e-06
8.24045e-06
7.45529e-06
6.7094e-06
6.00281e-06
5.33547e-06
4.7074e-06
4.11864e-06
3.56922e-06
3.05913e-06
2.58839e-06
2.15687e-06
1.76457e-06
1.41146e-06
1.09763e-06
8.23364e-07
5.88599e-07
3.9289e-07
2.36187e-07
1.19048e-07
4.16748e-08
4.50482e-09
0.000276261
0.000266502
0.000256282
0.000246156
0.000236537
0.000227458
0.000218864
0.00021072
0.000203003
0.000195684
0.000188737
0.000182133
0.000175848
0.000169859
0.000164143
0.000158682
0.000153456
0.00014845
0.000143649
0.000139037
0.000134603
0.000130335
0.000126221
0.000122253
0.000118419
0.000114712
0.000111125
0.000107648
0.000104277
0.000101005
9.78251e-05
9.47334e-05
9.17246e-05
8.87944e-05
8.59388e-05
8.31541e-05
8.04369e-05
7.77843e-05
7.51935e-05
7.26619e-05
7.01873e-05
6.77677e-05
6.54011e-05
6.30861e-05
6.0821e-05
5.86046e-05
5.64357e-05
5.43132e-05
5.22362e-05
5.0204e-05
4.8216e-05
4.62707e-05
4.4368e-05
4.25076e-05
4.0689e-05
3.89118e-05
3.71758e-05
3.54803e-05
3.3825e-05
3.22102e-05
3.06358e-05
2.91013e-05
2.76067e-05
2.61518e-05
2.47366e-05
2.33609e-05
2.20248e-05
2.07281e-05
1.94707e-05
1.82528e-05
1.70742e-05
1.5935e-05
1.48351e-05
1.37746e-05
1.27535e-05
1.17717e-05
1.08291e-05
9.92594e-06
9.06202e-06
8.23742e-06
7.45219e-06
6.70636e-06
5.99981e-06
5.33257e-06
4.70465e-06
4.11604e-06
3.56676e-06
3.0568e-06
2.58614e-06
2.15483e-06
1.76284e-06
1.41013e-06
1.09669e-06
8.22568e-07
5.87838e-07
3.92272e-07
2.35768e-07
1.18805e-07
4.15797e-08
4.48394e-09
0.000279141
0.00026868
0.000258116
0.000247827
0.000238209
0.000229233
0.000220781
0.00021278
0.000205188
0.000197969
0.000191092
0.000184532
0.000178264
0.000172268
0.000166526
0.000161022
0.000155739
0.000150665
0.000145785
0.00014109
0.000136566
0.000132206
0.000127998
0.000123933
0.000120005
0.000116205
0.000112525
0.000108959
0.0001055
0.000102144
9.88837e-05
9.57149e-05
9.26327e-05
8.96327e-05
8.67111e-05
8.38642e-05
8.10884e-05
7.83808e-05
7.57385e-05
7.31589e-05
7.06395e-05
6.81783e-05
6.57732e-05
6.34225e-05
6.11245e-05
5.88777e-05
5.66808e-05
5.45327e-05
5.24322e-05
5.03783e-05
4.83703e-05
4.64073e-05
4.44887e-05
4.26138e-05
4.07821e-05
3.89931e-05
3.72464e-05
3.55415e-05
3.38781e-05
3.2256e-05
3.06749e-05
2.91345e-05
2.76346e-05
2.61751e-05
2.47559e-05
2.33767e-05
2.20375e-05
2.07381e-05
1.94785e-05
1.82586e-05
1.70784e-05
1.59378e-05
1.48368e-05
1.37753e-05
1.27534e-05
1.1771e-05
1.0828e-05
9.92442e-06
9.06022e-06
8.23543e-06
7.45007e-06
6.70415e-06
5.99762e-06
5.33043e-06
4.70254e-06
4.11396e-06
3.56475e-06
3.05492e-06
2.58441e-06
2.1532e-06
1.76135e-06
1.4089e-06
1.09573e-06
8.2176e-07
5.87134e-07
3.91724e-07
2.3541e-07
1.18598e-07
4.1478e-08
4.46019e-09
0.000279512
0.000269149
0.000258637
0.000248434
0.000238971
0.000230188
0.000221934
0.000214116
0.000206683
0.000199594
0.000192819
0.000186331
0.00018011
0.000174138
0.000168399
0.00016288
0.000157569
0.000152453
0.000147523
0.000142769
0.000138181
0.000133751
0.000129472
0.000125334
0.000121331
0.000117457
0.000113703
0.000110065
0.000106536
0.000103111
9.97846e-05
9.65522e-05
9.34092e-05
9.03513e-05
8.73746e-05
8.44756e-05
8.16506e-05
7.88967e-05
7.6211e-05
7.35906e-05
7.10333e-05
6.85367e-05
6.60987e-05
6.37174e-05
6.13912e-05
5.91183e-05
5.68974e-05
5.47272e-05
5.26065e-05
5.05341e-05
4.85091e-05
4.65307e-05
4.45981e-05
4.27104e-05
4.08672e-05
3.90677e-05
3.73116e-05
3.55983e-05
3.39273e-05
3.22985e-05
3.07113e-05
2.91655e-05
2.76608e-05
2.61971e-05
2.47742e-05
2.33918e-05
2.20497e-05
2.0748e-05
1.94863e-05
1.82646e-05
1.70828e-05
1.59409e-05
1.48388e-05
1.37764e-05
1.27538e-05
1.17707e-05
1.08272e-05
9.92327e-06
9.05878e-06
8.23377e-06
7.44824e-06
6.70218e-06
5.99561e-06
5.3285e-06
4.70062e-06
4.11194e-06
3.56277e-06
3.05306e-06
2.58266e-06
2.15157e-06
1.75988e-06
1.4076e-06
1.0946e-06
8.2081e-07
5.86356e-07
3.91123e-07
2.35004e-07
1.18362e-07
4.13678e-08
4.43545e-09
0.000277489
0.000267826
0.000257815
0.000248037
0.000238951
0.000230497
0.000222525
0.000214946
0.00020771
0.00020078
0.000194129
0.000187735
0.000181579
0.000175647
0.000169929
0.000164412
0.000159088
0.000153947
0.000148983
0.000144185
0.000139549
0.000135065
0.000130728
0.000126531
0.000122468
0.000118532
0.000114717
0.000111018
0.00010743
0.000103947
0.000100565
9.72788e-05
9.4084e-05
9.09767e-05
8.79529e-05
8.50091e-05
8.21419e-05
7.93481e-05
7.66249e-05
7.39694e-05
7.13792e-05
6.88519e-05
6.63853e-05
6.39775e-05
6.16267e-05
5.93311e-05
5.70893e-05
5.48998e-05
5.27613e-05
5.06727e-05
4.86328e-05
4.66408e-05
4.46958e-05
4.27969e-05
4.09435e-05
3.91348e-05
3.73703e-05
3.56495e-05
3.39718e-05
3.23369e-05
3.07444e-05
2.91938e-05
2.76848e-05
2.62174e-05
2.47911e-05
2.34058e-05
2.20611e-05
2.0757e-05
1.94934e-05
1.82702e-05
1.7087e-05
1.59439e-05
1.48408e-05
1.37776e-05
1.27542e-05
1.17705e-05
1.08265e-05
9.92217e-06
9.05745e-06
8.23226e-06
7.44651e-06
6.70027e-06
5.99358e-06
5.32637e-06
4.69852e-06
4.11002e-06
3.5609e-06
3.05119e-06
2.58085e-06
2.14986e-06
1.75828e-06
1.40613e-06
1.09331e-06
8.19735e-07
5.8549e-07
3.90463e-07
2.34556e-07
1.18103e-07
4.12514e-08
4.41021e-09
0.000273904
0.000265247
0.000256015
0.000246886
0.00023833
0.000230302
0.000222672
0.000215372
0.00020836
0.000201608
0.000195096
0.000188806
0.000182727
0.000176847
0.00017116
0.000165657
0.000160332
0.000155179
0.000150191
0.000145363
0.00014069
0.000136165
0.000131783
0.000127539
0.000123426
0.00011944
0.000115575
0.000111827
0.000108189
0.000104659
0.00010123
9.78981e-05
9.46599e-05
9.15109e-05
8.84474e-05
8.54659e-05
8.2563e-05
7.97355e-05
7.69804e-05
7.42951e-05
7.16769e-05
6.91234e-05
6.66325e-05
6.42021e-05
6.18302e-05
5.95152e-05
5.72554e-05
5.50493e-05
5.28956e-05
5.0793e-05
4.87404e-05
4.67367e-05
4.4781e-05
4.28724e-05
4.10101e-05
3.91934e-05
3.74217e-05
3.56944e-05
3.40109e-05
3.23707e-05
3.07735e-05
2.92187e-05
2.77061e-05
2.62353e-05
2.48061e-05
2.3418e-05
2.2071e-05
2.0765e-05
1.94998e-05
1.8275e-05
1.70907e-05
1.59466e-05
1.48426e-05
1.37786e-05
1.27545e-05
1.17703e-05
1.08258e-05
9.92111e-06
9.05609e-06
8.23068e-06
7.44479e-06
6.69843e-06
5.99163e-06
5.3243e-06
4.69639e-06
4.10792e-06
3.55887e-06
3.04923e-06
2.57895e-06
2.14806e-06
1.75658e-06
1.40452e-06
1.09188e-06
8.18559e-07
5.8455e-07
3.89755e-07
2.34088e-07
1.17837e-07
4.11336e-08
4.38486e-09
0.000269682
0.000262065
0.000253703
0.000245315
0.000237351
0.000229786
0.000222524
0.000215515
0.000208735
0.000202167
0.000195798
0.000189617
0.000183617
0.000177795
0.000172144
0.000166661
0.000161342
0.000156184
0.000151182
0.000146333
0.000141633
0.000137076
0.000132659
0.000128376
0.000124224
0.000120198
0.000116293
0.000112503
0.000108826
0.000105255
0.000101788
9.84188e-05
9.51445e-05
9.1961e-05
8.88644e-05
8.58514e-05
8.29186e-05
8.00629e-05
7.72812e-05
7.45708e-05
7.19291e-05
6.93537e-05
6.68423e-05
6.43928e-05
6.20032e-05
5.96717e-05
5.73967e-05
5.51766e-05
5.301e-05
5.08956e-05
4.88321e-05
4.68185e-05
4.48537e-05
4.29368e-05
4.10671e-05
3.92436e-05
3.74657e-05
3.57328e-05
3.40443e-05
3.23997e-05
3.07984e-05
2.92401e-05
2.77243e-05
2.62506e-05
2.48188e-05
2.34285e-05
2.20796e-05
2.07719e-05
1.95051e-05
1.82791e-05
1.70937e-05
1.59486e-05
1.48438e-05
1.37792e-05
1.27546e-05
1.17699e-05
1.08251e-05
9.92002e-06
9.05465e-06
8.22899e-06
7.44298e-06
6.69654e-06
5.98964e-06
5.32224e-06
4.69429e-06
4.10579e-06
3.55674e-06
3.04716e-06
2.57697e-06
2.14616e-06
1.75476e-06
1.40283e-06
1.09037e-06
8.1729e-07
5.8353e-07
3.89003e-07
2.33606e-07
1.17575e-07
4.10221e-08
4.36086e-09
0.000265594
0.000258858
0.000251305
0.000243633
0.000236243
0.000229124
0.000222215
0.000215487
0.00020893
0.000202537
0.000196304
0.000190227
0.000184306
0.000178539
0.000172926
0.000167466
0.000162158
0.000157
0.00015199
0.000147125
0.000142404
0.000137823
0.000133379
0.000129066
0.000124883
0.000120824
0.000116885
0.000113063
0.000109353
0.00010575
0.000102251
9.88511e-05
9.55472e-05
9.23351e-05
8.92113e-05
8.61723e-05
8.32148e-05
8.03357e-05
7.75319e-05
7.48008e-05
7.21396e-05
6.9546e-05
6.70175e-05
6.45521e-05
6.21478e-05
5.98027e-05
5.7515e-05
5.52833e-05
5.31059e-05
5.09815e-05
4.8909e-05
4.6887e-05
4.49147e-05
4.29909e-05
4.11148e-05
3.92857e-05
3.75026e-05
3.57651e-05
3.40724e-05
3.2424e-05
3.08194e-05
2.92581e-05
2.77396e-05
2.62634e-05
2.48293e-05
2.34372e-05
2.20867e-05
2.07775e-05
1.95095e-05
1.82824e-05
1.7096e-05
1.59502e-05
1.48447e-05
1.37795e-05
1.27544e-05
1.17694e-05
1.08242e-05
9.91877e-06
9.05318e-06
8.22733e-06
7.44115e-06
6.69461e-06
5.98764e-06
5.32018e-06
4.69218e-06
4.10365e-06
3.5546e-06
3.04502e-06
2.57489e-06
2.14417e-06
1.75289e-06
1.4011e-06
1.08883e-06
8.15983e-07
5.82491e-07
3.88253e-07
2.33135e-07
1.17328e-07
4.09228e-08
4.33915e-09
0.000262141
0.000256021
0.000249123
0.000242066
0.000235173
0.000228447
0.000221851
0.000215373
0.000209016
0.00020278
0.00019667
0.000190688
0.000184838
0.000179123
0.000173546
0.000168108
0.000162811
0.000157655
0.00015264
0.000147766
0.00014303
0.00013843
0.000133963
0.000129627
0.000125419
0.000121334
0.000117369
0.00011352
0.000109783
0.000106154
0.000102629
9.92046e-05
9.58766e-05
9.26414e-05
8.94954e-05
8.64352e-05
8.34576e-05
8.05594e-05
7.77376e-05
7.49895e-05
7.23124e-05
6.97038e-05
6.71615e-05
6.46831e-05
6.22667e-05
5.99103e-05
5.76123e-05
5.53709e-05
5.31847e-05
5.10523e-05
4.89722e-05
4.69435e-05
4.49649e-05
4.30354e-05
4.11542e-05
3.93203e-05
3.7533e-05
3.57916e-05
3.40954e-05
3.24439e-05
3.08366e-05
2.9273e-05
2.77524e-05
2.6274e-05
2.48379e-05
2.34441e-05
2.20923e-05
2.0782e-05
1.9513e-05
1.8285e-05
1.70978e-05
1.59513e-05
1.48452e-05
1.37795e-05
1.27541e-05
1.17686e-05
1.08231e-05
9.91749e-06
9.05169e-06
8.22568e-06
7.43936e-06
6.69271e-06
5.98566e-06
5.31814e-06
4.69011e-06
4.10156e-06
3.5525e-06
3.04293e-06
2.57283e-06
2.1422e-06
1.75103e-06
1.39937e-06
1.0873e-06
8.14704e-07
5.81496e-07
3.87553e-07
2.32712e-07
1.17116e-07
4.08431e-08
4.32079e-09
0.000259548
0.000253754
0.000247324
0.000240743
0.000234248
0.000227841
0.000221502
0.000215235
0.000209046
0.000202944
0.000196939
0.000191038
0.000185249
0.000179579
0.000174033
0.000168615
0.000163329
0.000158176
0.000153159
0.000148277
0.000143529
0.000138914
0.000134431
0.000130077
0.000125848
0.000121743
0.000117757
0.000113886
0.000110128
0.000106478
0.000102933
9.94887e-05
9.61414e-05
9.28876e-05
8.97238e-05
8.66467e-05
8.36529e-05
8.07394e-05
7.79032e-05
7.51414e-05
7.24515e-05
6.9831e-05
6.72774e-05
6.47886e-05
6.23625e-05
5.99971e-05
5.76907e-05
5.54417e-05
5.32483e-05
5.11093e-05
4.90233e-05
4.6989e-05
4.50054e-05
4.30713e-05
4.11859e-05
3.93482e-05
3.75575e-05
3.58129e-05
3.41139e-05
3.24599e-05
3.08504e-05
2.92846e-05
2.7762e-05
2.62822e-05
2.48449e-05
2.345e-05
2.2097e-05
2.07857e-05
1.95158e-05
1.82871e-05
1.70992e-05
1.5952e-05
1.48454e-05
1.37793e-05
1.27535e-05
1.17678e-05
1.08221e-05
9.91626e-06
9.05028e-06
8.22411e-06
7.43769e-06
6.69095e-06
5.98382e-06
5.31625e-06
4.6882e-06
4.09963e-06
3.55055e-06
3.04096e-06
2.57089e-06
2.14032e-06
1.74925e-06
1.39773e-06
1.08586e-06
8.13523e-07
5.806e-07
3.86949e-07
2.32366e-07
1.16955e-07
4.07868e-08
4.30612e-09
0.000257804
0.000252094
0.000245956
0.000239715
0.000233514
0.00022735
0.000221213
0.00021511
0.000209056
0.000203062
0.000197142
0.000191307
0.000185567
0.000179934
0.000174413
0.000169012
0.000163734
0.000158585
0.000153566
0.000148678
0.000143921
0.000139295
0.000134799
0.00013043
0.000126186
0.000122064
0.000118061
0.000114174
0.0001104
0.000106733
0.000103172
9.97119e-05
9.63495e-05
9.30811e-05
8.99034e-05
8.68129e-05
8.38065e-05
8.08809e-05
7.80334e-05
7.52609e-05
7.2561e-05
6.9931e-05
6.73686e-05
6.48716e-05
6.24379e-05
6.00654e-05
5.77525e-05
5.54973e-05
5.32984e-05
5.11543e-05
4.90635e-05
4.70249e-05
4.50373e-05
4.30996e-05
4.12109e-05
3.93702e-05
3.75768e-05
3.58298e-05
3.41286e-05
3.24726e-05
3.08611e-05
2.92936e-05
2.77696e-05
2.62886e-05
2.48504e-05
2.34545e-05
2.21007e-05
2.07886e-05
1.95179e-05
1.82885e-05
1.71001e-05
1.59525e-05
1.48455e-05
1.3779e-05
1.27529e-05
1.1767e-05
1.08211e-05
9.91516e-06
9.04904e-06
8.22273e-06
7.4362e-06
6.68938e-06
5.98219e-06
5.31457e-06
4.68649e-06
4.09791e-06
3.54882e-06
3.03923e-06
2.56916e-06
2.13862e-06
1.74764e-06
1.39628e-06
1.08461e-06
8.12512e-07
5.79861e-07
3.8647e-07
2.321e-07
1.16837e-07
4.0752e-08
4.29516e-09
0.000256757
0.000250974
0.000244996
0.00023898
0.000232983
0.000226993
0.000221003
0.000215024
0.00020907
0.000203158
0.000197302
0.000191516
0.000185815
0.000180208
0.000174707
0.000169318
0.000164047
0.000158899
0.000153878
0.000148985
0.000144222
0.000139587
0.00013508
0.0001307
0.000126444
0.00012231
0.000118294
0.000114394
0.000110607
0.000106928
0.000103354
9.98822e-05
9.65082e-05
9.32287e-05
9.00403e-05
8.69396e-05
8.39235e-05
8.09888e-05
7.81325e-05
7.5352e-05
7.26444e-05
7.00073e-05
6.74382e-05
6.49349e-05
6.24954e-05
6.01175e-05
5.77996e-05
5.55398e-05
5.33367e-05
5.11886e-05
4.90942e-05
4.70523e-05
4.50617e-05
4.31213e-05
4.12301e-05
3.93871e-05
3.75916e-05
3.58428e-05
3.41399e-05
3.24823e-05
3.08694e-05
2.93007e-05
2.77756e-05
2.62937e-05
2.48546e-05
2.3458e-05
2.21035e-05
2.07908e-05
1.95195e-05
1.82896e-05
1.71007e-05
1.59528e-05
1.48455e-05
1.37788e-05
1.27525e-05
1.17663e-05
1.08203e-05
9.91423e-06
9.048e-06
8.22157e-06
7.43496e-06
6.68807e-06
5.98084e-06
5.31317e-06
4.68506e-06
4.09652e-06
3.54747e-06
3.03787e-06
2.56774e-06
2.13716e-06
1.74628e-06
1.39509e-06
1.08356e-06
8.11689e-07
5.79294e-07
3.86118e-07
2.31916e-07
1.16764e-07
4.07343e-08
4.2869e-09
0.000256206
0.000250286
0.000244385
0.000238508
0.000232644
0.00022677
0.000220881
0.000214987
0.000209103
0.000203247
0.000197435
0.000191684
0.000186008
0.00018042
0.00017493
0.000169549
0.000164282
0.000159135
0.000154111
0.000149214
0.000144444
0.000139802
0.000135287
0.000130898
0.000126633
0.000122489
0.000118464
0.000114555
0.000110758
0.00010707
0.000103487
0.000100006
9.66237e-05
9.33361e-05
9.01398e-05
8.70317e-05
8.40085e-05
8.10672e-05
7.82046e-05
7.54182e-05
7.2705e-05
7.00627e-05
6.74887e-05
6.49809e-05
6.25372e-05
6.01554e-05
5.78339e-05
5.55708e-05
5.33645e-05
5.12136e-05
4.91167e-05
4.70724e-05
4.50796e-05
4.31372e-05
4.12441e-05
3.93995e-05
3.76025e-05
3.58523e-05
3.41482e-05
3.24895e-05
3.08756e-05
2.9306e-05
2.77801e-05
2.62975e-05
2.48578e-05
2.34606e-05
2.21056e-05
2.07924e-05
1.95207e-05
1.82904e-05
1.71012e-05
1.5953e-05
1.48456e-05
1.37787e-05
1.27522e-05
1.17659e-05
1.08197e-05
9.9135e-06
9.0472e-06
8.22071e-06
7.43401e-06
6.68707e-06
5.97981e-06
5.31212e-06
4.68399e-06
4.09548e-06
3.54645e-06
3.0369e-06
2.56678e-06
2.13607e-06
1.7452e-06
1.39414e-06
1.08276e-06
8.11085e-07
5.78887e-07
3.85868e-07
2.31787e-07
1.16717e-07
4.07307e-08
4.28147e-09
0.000255966
0.000249926
0.00024406
0.000238264
0.000232478
0.000226674
0.000220846
0.000215003
0.000209162
0.000203339
0.000197553
0.000191821
0.000186159
0.00018058
0.000175097
0.000169718
0.000164451
0.000159302
0.000154276
0.000149374
0.0001446
0.000139952
0.000135431
0.000131035
0.000126763
0.000122613
0.000118581
0.000114665
0.000110861
0.000107166
0.000103577
0.00010009
9.67017e-05
9.34084e-05
9.02068e-05
8.70937e-05
8.40657e-05
8.11198e-05
7.8253e-05
7.54625e-05
7.27457e-05
7.00998e-05
6.75226e-05
6.50118e-05
6.25653e-05
6.01809e-05
5.78569e-05
5.55916e-05
5.33833e-05
5.12305e-05
4.91318e-05
4.70859e-05
4.50917e-05
4.31479e-05
4.12537e-05
3.9408e-05
3.76099e-05
3.58588e-05
3.41539e-05
3.24945e-05
3.08799e-05
2.93097e-05
2.77833e-05
2.63002e-05
2.48601e-05
2.34625e-05
2.21071e-05
2.07935e-05
1.95216e-05
1.8291e-05
1.71017e-05
1.59533e-05
1.48457e-05
1.37787e-05
1.2752e-05
1.17656e-05
1.08193e-05
9.91303e-06
9.04665e-06
8.22011e-06
7.43338e-06
6.68641e-06
5.97912e-06
5.31136e-06
4.68315e-06
4.09459e-06
3.54559e-06
3.03603e-06
2.56599e-06
2.13559e-06
1.7448e-06
1.39353e-06
1.08212e-06
8.10676e-07
5.78665e-07
3.85716e-07
2.3168e-07
1.16678e-07
4.07405e-08
4.27944e-09
0.000255913
0.000249816
0.000243971
0.000238214
0.000232466
0.000226695
0.000220894
0.000215073
0.000209248
0.000203438
0.000197661
0.000191934
0.000186276
0.000180698
0.000175214
0.000169834
0.000164564
0.000159412
0.000154382
0.000149476
0.000144697
0.000140044
0.000135518
0.000131118
0.000126841
0.000122686
0.00011865
0.000114729
0.000110921
0.000107222
0.000103629
0.000100139
9.67466e-05
9.345e-05
9.02452e-05
8.71291e-05
8.40983e-05
8.11498e-05
7.82806e-05
7.54878e-05
7.27688e-05
7.01209e-05
6.75419e-05
6.50294e-05
6.25813e-05
6.01955e-05
5.78701e-05
5.56035e-05
5.3394e-05
5.12402e-05
4.91406e-05
4.70938e-05
4.50988e-05
4.31543e-05
4.12593e-05
3.9413e-05
3.76144e-05
3.58627e-05
3.41574e-05
3.24976e-05
3.08826e-05
2.9312e-05
2.77853e-05
2.6302e-05
2.48615e-05
2.34637e-05
2.21081e-05
2.07944e-05
1.95223e-05
1.82915e-05
1.71021e-05
1.59536e-05
1.48459e-05
1.37787e-05
1.2752e-05
1.17655e-05
1.08191e-05
9.9128e-06
9.04636e-06
8.21978e-06
7.43301e-06
6.68598e-06
5.97867e-06
5.31091e-06
4.68264e-06
4.09402e-06
3.54499e-06
3.03542e-06
2.5654e-06
2.13503e-06
1.7443e-06
1.39326e-06
1.08206e-06
8.10693e-07
5.78656e-07
3.85595e-07
2.31582e-07
1.16665e-07
4.07531e-08
4.27852e-09
0.000255989
0.000249915
0.000244084
0.000238335
0.00023259
0.000226818
0.000221015
0.00021519
0.000209359
0.000203543
0.000197759
0.000192026
0.000186361
0.000180778
0.000175288
0.000169901
0.000164627
0.00015947
0.000154435
0.000149525
0.000144741
0.000140085
0.000135556
0.000131152
0.000126873
0.000122715
0.000118676
0.000114753
0.000110943
0.000107242
0.000103648
0.000100155
9.6762e-05
9.3464e-05
9.02581e-05
8.71408e-05
8.4109e-05
8.11596e-05
7.82895e-05
7.5496e-05
7.27763e-05
7.01278e-05
6.75482e-05
6.50352e-05
6.25866e-05
6.02003e-05
5.78744e-05
5.56074e-05
5.33977e-05
5.12437e-05
4.91437e-05
4.70967e-05
4.51014e-05
4.31567e-05
4.12615e-05
3.9415e-05
3.76162e-05
3.58644e-05
3.41589e-05
3.2499e-05
3.08839e-05
2.93132e-05
2.77863e-05
2.63029e-05
2.48624e-05
2.34644e-05
2.21087e-05
2.07949e-05
1.95227e-05
1.8292e-05
1.71025e-05
1.5954e-05
1.48462e-05
1.37789e-05
1.27521e-05
1.17656e-05
1.08192e-05
9.91278e-06
9.04631e-06
8.21969e-06
7.43288e-06
6.6858e-06
5.97841e-06
5.31063e-06
4.68243e-06
4.09383e-06
3.54478e-06
3.03519e-06
2.56519e-06
2.1348e-06
1.74409e-06
1.39317e-06
1.08203e-06
8.10647e-07
5.78632e-07
3.85615e-07
2.31601e-07
1.16674e-07
4.07565e-08
4.27879e-09
0.000256212
0.000250237
0.00024441
0.000238634
0.000232856
0.000227049
0.000221212
0.000215355
0.000209496
0.000203654
0.000197848
0.000192097
0.000186415
0.000180818
0.000175316
0.00016992
0.000164638
0.000159474
0.000154434
0.000149519
0.000144733
0.000140074
0.000135542
0.000131137
0.000126857
0.000122698
0.000118659
0.000114736
0.000110926
0.000107226
0.000103632
0.00010014
9.67473e-05
9.34501e-05
9.02449e-05
8.71285e-05
8.40975e-05
8.11489e-05
7.82796e-05
7.54868e-05
7.27678e-05
7.01201e-05
6.75412e-05
6.50288e-05
6.25808e-05
6.01952e-05
5.787e-05
5.56033e-05
5.3394e-05
5.12404e-05
4.9141e-05
4.70943e-05
4.50994e-05
4.3155e-05
4.12601e-05
3.94138e-05
3.76153e-05
3.58637e-05
3.41583e-05
3.24985e-05
3.08836e-05
2.9313e-05
2.77863e-05
2.63029e-05
2.48625e-05
2.34646e-05
2.21088e-05
2.0795e-05
1.95229e-05
1.82922e-05
1.71027e-05
1.59542e-05
1.48464e-05
1.37792e-05
1.27524e-05
1.17658e-05
1.08194e-05
9.91294e-06
9.04645e-06
8.21982e-06
7.43299e-06
6.68588e-06
5.97846e-06
5.31067e-06
4.6825e-06
4.09394e-06
3.54488e-06
3.03526e-06
2.56521e-06
2.13479e-06
1.74412e-06
1.39324e-06
1.08208e-06
8.10627e-07
5.78644e-07
3.85726e-07
2.31706e-07
1.16699e-07
4.07431e-08
4.27911e-09
0.000256678
0.000250851
0.000245001
0.000239148
0.000233289
0.000227405
0.000221497
0.000215576
0.000209662
0.000203772
0.000197927
0.000192142
0.000186433
0.000180813
0.000175293
0.000169883
0.000164589
0.000159417
0.000154371
0.000149452
0.000144663
0.000140002
0.000135471
0.000131066
0.000126787
0.00012263
0.000118593
0.000114672
0.000110865
0.000107168
0.000103576
0.000100088
9.6698e-05
9.34039e-05
9.02017e-05
8.70882e-05
8.40601e-05
8.11142e-05
7.82476e-05
7.54574e-05
7.27409e-05
7.00954e-05
6.75187e-05
6.50083e-05
6.25622e-05
6.01783e-05
5.78547e-05
5.55898e-05
5.33819e-05
5.12295e-05
4.91313e-05
4.70859e-05
4.5092e-05
4.31485e-05
4.12544e-05
3.94088e-05
3.76109e-05
3.586e-05
3.41552e-05
3.24959e-05
3.08814e-05
2.93112e-05
2.77848e-05
2.63017e-05
2.48616e-05
2.34639e-05
2.21084e-05
2.07947e-05
1.95227e-05
1.82921e-05
1.71028e-05
1.59544e-05
1.48466e-05
1.37795e-05
1.27527e-05
1.17661e-05
1.08197e-05
9.91327e-06
9.04678e-06
8.22016e-06
7.43332e-06
6.68621e-06
5.97878e-06
5.31099e-06
4.68282e-06
4.09427e-06
3.54518e-06
3.03564e-06
2.56554e-06
2.13494e-06
1.74428e-06
1.39346e-06
1.08231e-06
8.1082e-07
5.78773e-07
3.85842e-07
2.31788e-07
1.16725e-07
4.07346e-08
4.28169e-09
0.000257548
0.000251859
0.000245926
0.000239923
0.000233918
0.000227903
0.000221877
0.000215855
0.000209854
0.000203892
0.000197986
0.000192152
0.000186403
0.000180752
0.000175208
0.000169779
0.000164471
0.000159288
0.000154235
0.000149312
0.000144521
0.000139861
0.00013533
0.000130929
0.000126653
0.0001225
0.000118468
0.000114553
0.000110752
0.00010706
0.000103475
9.99923e-05
9.66086e-05
9.33202e-05
9.01237e-05
8.70157e-05
8.39928e-05
8.1052e-05
7.81902e-05
7.54046e-05
7.26924e-05
7.00511e-05
6.74782e-05
6.49714e-05
6.25287e-05
6.0148e-05
5.78273e-05
5.55652e-05
5.33597e-05
5.12097e-05
4.91136e-05
4.70702e-05
4.50782e-05
4.31363e-05
4.12436e-05
3.93993e-05
3.76027e-05
3.58528e-05
3.41491e-05
3.24907e-05
3.0877e-05
2.93076e-05
2.77818e-05
2.62992e-05
2.48595e-05
2.34622e-05
2.21071e-05
2.07937e-05
1.9522e-05
1.82917e-05
1.71025e-05
1.59543e-05
1.48468e-05
1.37797e-05
1.27529e-05
1.17665e-05
1.08201e-05
9.91376e-06
9.04731e-06
8.22071e-06
7.43389e-06
6.68679e-06
5.97936e-06
5.31156e-06
4.68335e-06
4.09473e-06
3.54564e-06
3.03605e-06
2.56597e-06
2.1355e-06
1.74482e-06
1.39391e-06
1.08273e-06
8.11188e-07
5.79041e-07
3.86015e-07
2.31885e-07
1.16756e-07
4.07306e-08
4.28595e-09
0.000259036
0.000253389
0.000247264
0.000241006
0.000234769
0.000228554
0.000222357
0.000216189
0.000210067
0.000204004
0.000198017
0.000192117
0.000186315
0.000180623
0.000175047
0.000169594
0.000164268
0.000159074
0.000154014
0.000149088
0.000144296
0.000139638
0.000135112
0.000130715
0.000126446
0.000122302
0.000118278
0.000114372
0.00011058
0.000106897
0.000103321
9.9848e-05
9.64734e-05
9.31939e-05
9.00061e-05
8.69064e-05
8.38916e-05
8.09585e-05
7.8104e-05
7.53253e-05
7.26196e-05
6.99845e-05
6.74174e-05
6.49161e-05
6.24784e-05
6.01024e-05
5.77862e-05
5.55281e-05
5.33265e-05
5.11798e-05
4.90869e-05
4.70463e-05
4.50572e-05
4.31178e-05
4.1227e-05
3.93847e-05
3.75899e-05
3.58418e-05
3.41396e-05
3.24824e-05
3.087e-05
2.93017e-05
2.7777e-05
2.62953e-05
2.48562e-05
2.34595e-05
2.21049e-05
2.07921e-05
1.95208e-05
1.82909e-05
1.7102e-05
1.5954e-05
1.48467e-05
1.37798e-05
1.27533e-05
1.17669e-05
1.08207e-05
9.9144e-06
9.04802e-06
8.22148e-06
7.4347e-06
6.68763e-06
5.98022e-06
5.31243e-06
4.68421e-06
4.09554e-06
3.54637e-06
3.03673e-06
2.56669e-06
2.13627e-06
1.74558e-06
1.39462e-06
1.08337e-06
8.11698e-07
5.79407e-07
3.86249e-07
2.32007e-07
1.16801e-07
4.07362e-08
4.29255e-09
0.000261359
0.00025556
0.000249083
0.000242434
0.000235859
0.000229363
0.000222932
0.000216571
0.000210288
0.000204096
0.000198004
0.00019202
0.000186153
0.00018041
0.000174795
0.000169314
0.000163969
0.000158762
0.000153694
0.000148766
0.000143976
0.000139322
0.000134803
0.000130416
0.000126157
0.000122024
0.000118013
0.00011412
0.000110341
0.000106672
0.000103109
9.96486e-05
9.62868e-05
9.30198e-05
8.98441e-05
8.6756e-05
8.37523e-05
8.08298e-05
7.79855e-05
7.52163e-05
7.25197e-05
6.98931e-05
6.73339e-05
6.48401e-05
6.24094e-05
6.00399e-05
5.77297e-05
5.54772e-05
5.32807e-05
5.11388e-05
4.90502e-05
4.70136e-05
4.50278e-05
4.30917e-05
4.12044e-05
3.9365e-05
3.75727e-05
3.58268e-05
3.41265e-05
3.24711e-05
3.08603e-05
2.92935e-05
2.77701e-05
2.62895e-05
2.48515e-05
2.34557e-05
2.21019e-05
2.07897e-05
1.95191e-05
1.82896e-05
1.71012e-05
1.59536e-05
1.48465e-05
1.37799e-05
1.27536e-05
1.17675e-05
1.08214e-05
9.91522e-06
9.04893e-06
8.22247e-06
7.43578e-06
6.68878e-06
5.98139e-06
5.3136e-06
4.68539e-06
4.09669e-06
3.54749e-06
3.03784e-06
2.56778e-06
2.13735e-06
1.74659e-06
1.39552e-06
1.08417e-06
8.12339e-07
5.79863e-07
3.86544e-07
2.3217e-07
1.1687e-07
4.07556e-08
4.30201e-09
0.000264666
0.000258439
0.000251408
0.00024421
0.000237178
0.000230315
0.000223584
0.000216978
0.000210498
0.000204147
0.000197927
0.000191843
0.000185898
0.000180094
0.000174435
0.000168921
0.000163554
0.000158334
0.000153261
0.000148332
0.000143546
0.0001389
0.000134392
0.000130018
0.000125774
0.000121657
0.000117663
0.000113787
0.000110026
0.000106375
0.00010283
9.93873e-05
9.60426e-05
9.27922e-05
8.96324e-05
8.65597e-05
8.35707e-05
8.06622e-05
7.78311e-05
7.50745e-05
7.23897e-05
6.97742e-05
6.72255e-05
6.47414e-05
6.23198e-05
5.99587e-05
5.76564e-05
5.54111e-05
5.32214e-05
5.10856e-05
4.90027e-05
4.69712e-05
4.49901e-05
4.30583e-05
4.11749e-05
3.93392e-05
3.75502e-05
3.58071e-05
3.41094e-05
3.24565e-05
3.08479e-05
2.92829e-05
2.77611e-05
2.6282e-05
2.48453e-05
2.34507e-05
2.20979e-05
2.07867e-05
1.95168e-05
1.8288e-05
1.71001e-05
1.5953e-05
1.48464e-05
1.37801e-05
1.27541e-05
1.17682e-05
1.08222e-05
9.91626e-06
9.05012e-06
8.22377e-06
7.43716e-06
6.69022e-06
5.98288e-06
5.31511e-06
4.6869e-06
4.0982e-06
3.549e-06
3.03932e-06
2.56924e-06
2.13875e-06
1.74788e-06
1.39667e-06
1.08514e-06
8.13113e-07
5.80434e-07
3.86925e-07
2.3239e-07
1.16971e-07
4.07892e-08
4.31398e-09
0.000268944
0.000261973
0.000254178
0.000246277
0.000238674
0.00023136
0.000224268
0.000217372
0.000210659
0.000204122
0.000197755
0.000191556
0.000185521
0.00017965
0.000173941
0.000168393
0.000163004
0.000157772
0.000152694
0.000147767
0.000142989
0.000138356
0.000133864
0.000129508
0.000125285
0.000121189
0.000117218
0.000113365
0.000109627
0.000105999
0.000102477
9.90567e-05
9.57339e-05
9.25047e-05
8.93654e-05
8.63123e-05
8.33419e-05
8.04512e-05
7.76369e-05
7.48963e-05
7.22265e-05
6.9625e-05
6.70894e-05
6.46176e-05
6.22075e-05
5.9857e-05
5.75646e-05
5.53284e-05
5.3147e-05
5.10191e-05
4.89432e-05
4.69182e-05
4.49431e-05
4.30167e-05
4.11383e-05
3.9307e-05
3.7522e-05
3.57826e-05
3.40882e-05
3.24382e-05
3.08323e-05
2.92696e-05
2.77498e-05
2.62726e-05
2.48376e-05
2.34444e-05
2.20929e-05
2.07829e-05
1.95139e-05
1.8286e-05
1.70988e-05
1.59523e-05
1.48462e-05
1.37803e-05
1.27546e-05
1.1769e-05
1.08233e-05
9.91753e-06
9.05157e-06
8.22536e-06
7.43883e-06
6.69197e-06
5.98469e-06
5.31696e-06
4.68875e-06
4.10004e-06
3.55083e-06
3.04113e-06
2.571e-06
2.14043e-06
1.74943e-06
1.39805e-06
1.0863e-06
8.14042e-07
5.81129e-07
3.87394e-07
2.32661e-07
1.17105e-07
4.08458e-08
4.33034e-09
0.000273935
0.000265933
0.000257204
0.000248486
0.00024023
0.000232403
0.000224906
0.000217686
0.000210715
0.000203973
0.000197445
0.000191119
0.000184988
0.000179045
0.000173285
0.000167701
0.000162291
0.000157049
0.00015197
0.000147051
0.000142286
0.000137671
0.000133201
0.00012887
0.000124673
0.000120606
0.000116663
0.00011284
0.000109132
0.000105533
0.00010204
9.86483e-05
9.5353e-05
9.21503e-05
8.90364e-05
8.60077e-05
8.30606e-05
8.01919e-05
7.73985e-05
7.46775e-05
7.20263e-05
6.94421e-05
6.69228e-05
6.44662e-05
6.20701e-05
5.97327e-05
5.74524e-05
5.52274e-05
5.30564e-05
5.09379e-05
4.88707e-05
4.68537e-05
4.48858e-05
4.29661e-05
4.10938e-05
3.92679e-05
3.74878e-05
3.57529e-05
3.40625e-05
3.24161e-05
3.08132e-05
2.92534e-05
2.77362e-05
2.62613e-05
2.48283e-05
2.34369e-05
2.20869e-05
2.07782e-05
1.95104e-05
1.82835e-05
1.70972e-05
1.59514e-05
1.48459e-05
1.37805e-05
1.27552e-05
1.17699e-05
1.08245e-05
9.919e-06
9.05325e-06
8.22719e-06
7.44078e-06
6.694e-06
5.98679e-06
5.3191e-06
4.6909e-06
4.10219e-06
3.55294e-06
3.0432e-06
2.57299e-06
2.14231e-06
1.75117e-06
1.39961e-06
1.08764e-06
8.15123e-07
5.81945e-07
3.87958e-07
2.33001e-07
1.17281e-07
4.09215e-08
4.34984e-09
0.000279078
0.000269878
0.000260148
0.000250585
0.000241654
0.000233298
0.000225381
0.000217826
0.000210587
0.000203632
0.000196936
0.000190481
0.000184252
0.000178236
0.000172425
0.00016681
0.000161382
0.000156135
0.000151062
0.000146157
0.000141413
0.000136823
0.000132382
0.000128083
0.000123922
0.000119891
0.000115985
0.000112199
0.000108528
0.000104966
0.000101509
9.81523e-05
9.48908e-05
9.17208e-05
8.86383e-05
8.56394e-05
8.27208e-05
7.9879e-05
7.7111e-05
7.4414e-05
7.17852e-05
6.92221e-05
6.67225e-05
6.42842e-05
6.19052e-05
5.95836e-05
5.73179e-05
5.51064e-05
5.29478e-05
5.08407e-05
4.8784e-05
4.67766e-05
4.48174e-05
4.29057e-05
4.10405e-05
3.92212e-05
3.7447e-05
3.57174e-05
3.40318e-05
3.23897e-05
3.07906e-05
2.92342e-05
2.77201e-05
2.62478e-05
2.48172e-05
2.34279e-05
2.20798e-05
2.07726e-05
1.95062e-05
1.82805e-05
1.70952e-05
1.59502e-05
1.48454e-05
1.37806e-05
1.27558e-05
1.1771e-05
1.08259e-05
9.92065e-06
9.05512e-06
8.22925e-06
7.44294e-06
6.69622e-06
5.98904e-06
5.32139e-06
4.69324e-06
4.10451e-06
3.55523e-06
3.04544e-06
2.57514e-06
2.14434e-06
1.75305e-06
1.40132e-06
1.08912e-06
8.16328e-07
5.82871e-07
3.88611e-07
2.33405e-07
1.17498e-07
4.10158e-08
4.37198e-09
0.000283532
0.00027317
0.000262537
0.000252228
0.000242691
0.000233849
0.00022554
0.000217667
0.000210171
0.00020301
0.000196153
0.000189572
0.00018325
0.000177168
0.000171312
0.000165672
0.000160235
0.000154992
0.000149934
0.000145052
0.000140338
0.000135784
0.000131382
0.000127126
0.000123009
0.000119024
0.000115165
0.000111426
0.000107801
0.000104285
0.000100872
9.75577e-05
9.43376e-05
9.12074e-05
8.81628e-05
8.52001e-05
8.23158e-05
7.95065e-05
7.67691e-05
7.41009e-05
7.14991e-05
6.89613e-05
6.64852e-05
6.40687e-05
6.17101e-05
5.94073e-05
5.7159e-05
5.49636e-05
5.28197e-05
5.07262e-05
4.86819e-05
4.66858e-05
4.4737e-05
4.28346e-05
4.0978e-05
3.91664e-05
3.73992e-05
3.56758e-05
3.39958e-05
3.23588e-05
3.07642e-05
2.92118e-05
2.77011e-05
2.62321e-05
2.48042e-05
2.34174e-05
2.20714e-05
2.07661e-05
1.95013e-05
1.82769e-05
1.70927e-05
1.59487e-05
1.48447e-05
1.37806e-05
1.27564e-05
1.1772e-05
1.08274e-05
9.92241e-06
9.05708e-06
8.23139e-06
7.44524e-06
6.69858e-06
5.99142e-06
5.32381e-06
4.69573e-06
4.10697e-06
3.55754e-06
3.04766e-06
2.57735e-06
2.14648e-06
1.75504e-06
1.40308e-06
1.09064e-06
8.17595e-07
5.83865e-07
3.89327e-07
2.33862e-07
1.1775e-07
4.11263e-08
4.39649e-09
0.000286263
0.000275076
0.000263842
0.000253033
0.000243063
0.000233846
0.000225217
0.000217073
0.000209352
0.000202008
0.000195006
0.000188316
0.000181913
0.000175777
0.00016989
0.000164237
0.000158803
0.000153577
0.000148547
0.000143701
0.00013903
0.000134525
0.000130176
0.000125975
0.000121915
0.000117988
0.000114187
0.000110505
0.000106937
0.000103475
0.000100116
9.68542e-05
9.36841e-05
9.06016e-05
8.76025e-05
8.46831e-05
8.18398e-05
7.90692e-05
7.63682e-05
7.37341e-05
7.11643e-05
6.86563e-05
6.62081e-05
6.38175e-05
6.14827e-05
5.92022e-05
5.69743e-05
5.47976e-05
5.2671e-05
5.05933e-05
4.85635e-05
4.65806e-05
4.46439e-05
4.27525e-05
4.09057e-05
3.91031e-05
3.7344e-05
3.56279e-05
3.39544e-05
3.23232e-05
3.07338e-05
2.9186e-05
2.76794e-05
2.62139e-05
2.47893e-05
2.34053e-05
2.20617e-05
2.07585e-05
1.94955e-05
1.82727e-05
1.70898e-05
1.59469e-05
1.48438e-05
1.37805e-05
1.27569e-05
1.1773e-05
1.08288e-05
9.9242e-06
9.05912e-06
8.23359e-06
7.44755e-06
6.70099e-06
5.9939e-06
5.32631e-06
4.69822e-06
4.10942e-06
3.55989e-06
3.04995e-06
2.57957e-06
2.14858e-06
1.75698e-06
1.40483e-06
1.09217e-06
8.18878e-07
5.84889e-07
3.90082e-07
2.34354e-07
1.18024e-07
4.12454e-08
4.42183e-09
0.000286283
0.000274954
0.000263633
0.000252711
0.000242559
0.000233124
0.000224273
0.000215924
0.000208025
0.000200533
0.000193414
0.000186637
0.000180175
0.000174005
0.000168105
0.000162458
0.000157046
0.000151855
0.000146869
0.000142077
0.000137466
0.000133025
0.000128744
0.000124613
0.000120624
0.000116768
0.000113038
0.000109426
0.000105926
0.000102532
9.92367e-05
9.60364e-05
9.29255e-05
8.98996e-05
8.69543e-05
8.40858e-05
8.12906e-05
7.85653e-05
7.59069e-05
7.33127e-05
7.07801e-05
6.83068e-05
6.58908e-05
6.35301e-05
6.12231e-05
5.89681e-05
5.67638e-05
5.46088e-05
5.25021e-05
5.04425e-05
4.84293e-05
4.64615e-05
4.45385e-05
4.26596e-05
4.08242e-05
3.90317e-05
3.72818e-05
3.5574e-05
3.39079e-05
3.22832e-05
3.06998e-05
2.91571e-05
2.76552e-05
2.61938e-05
2.47727e-05
2.33918e-05
2.20509e-05
2.07501e-05
1.94891e-05
1.8268e-05
1.70866e-05
1.59448e-05
1.48427e-05
1.37803e-05
1.27574e-05
1.1774e-05
1.08302e-05
9.92597e-06
9.06121e-06
8.23589e-06
7.44997e-06
6.70344e-06
5.99638e-06
5.32876e-06
4.70056e-06
4.11172e-06
3.56225e-06
3.05224e-06
2.5817e-06
2.15054e-06
1.75878e-06
1.40647e-06
1.09362e-06
8.20099e-07
5.85869e-07
3.90803e-07
2.34823e-07
1.1829e-07
4.13666e-08
4.44788e-09
0.0002833
0.000272805
0.000261902
0.000251178
0.000241036
0.000231497
0.000222495
0.000213992
0.000205955
0.000198353
0.000191152
0.000184323
0.000177835
0.000171663
0.000165783
0.000160174
0.000154814
0.000149686
0.000144774
0.000140062
0.000135537
0.000131186
0.000126996
0.000122959
0.000119062
0.000115298
0.000111658
0.000108135
0.00010472
0.000101408
9.81927e-05
9.50683e-05
9.20299e-05
8.90727e-05
8.61925e-05
8.33855e-05
8.06481e-05
7.79771e-05
7.53696e-05
7.28228e-05
7.03344e-05
6.79023e-05
6.55244e-05
6.3199e-05
6.09246e-05
5.86996e-05
5.65229e-05
5.43933e-05
5.23098e-05
5.02716e-05
4.82781e-05
4.63278e-05
4.44206e-05
4.2556e-05
4.07335e-05
3.89527e-05
3.72134e-05
3.5515e-05
3.38567e-05
3.22392e-05
3.06622e-05
2.91254e-05
2.76287e-05
2.61717e-05
2.47546e-05
2.33771e-05
2.20393e-05
2.0741e-05
1.94822e-05
1.8263e-05
1.70831e-05
1.59427e-05
1.48417e-05
1.37802e-05
1.2758e-05
1.17751e-05
1.08318e-05
9.92796e-06
9.06348e-06
8.2383e-06
7.45243e-06
6.70592e-06
5.99887e-06
5.33123e-06
4.70295e-06
4.11402e-06
3.56448e-06
3.05435e-06
2.58365e-06
2.15234e-06
1.76044e-06
1.40797e-06
1.09494e-06
8.21226e-07
5.86782e-07
3.91461e-07
2.35232e-07
1.18522e-07
4.14771e-08
4.47264e-09
0.000279261
0.000270758
0.000259694
0.000248663
0.000238254
0.000228452
0.000219214
0.00021052
0.000202346
0.000194657
0.000187415
0.000180582
0.000174125
0.000168011
0.000162212
0.000156702
0.000151456
0.000146454
0.000141676
0.000137103
0.000132722
0.000128515
0.000124472
0.000120578
0.000116824
0.0001132
0.000109695
0.000106303
0.000103014
9.98236e-05
9.67239e-05
9.37097e-05
9.07757e-05
8.79175e-05
8.51306e-05
8.24114e-05
7.97563e-05
7.71624e-05
7.46267e-05
7.21469e-05
6.97208e-05
6.73463e-05
6.50218e-05
6.27457e-05
6.05165e-05
5.83332e-05
5.61946e-05
5.40998e-05
5.2048e-05
5.00385e-05
4.80706e-05
4.61443e-05
4.42591e-05
4.24143e-05
4.06095e-05
3.88446e-05
3.71193e-05
3.54336e-05
3.37879e-05
3.21811e-05
3.06132e-05
2.90844e-05
2.75945e-05
2.61437e-05
2.47317e-05
2.33588e-05
2.20249e-05
2.07299e-05
1.9474e-05
1.82571e-05
1.70792e-05
1.59405e-05
1.48409e-05
1.37804e-05
1.27591e-05
1.1777e-05
1.08342e-05
9.9307e-06
9.06643e-06
8.24138e-06
7.45559e-06
6.70908e-06
6.00194e-06
5.33418e-06
4.70578e-06
4.11672e-06
3.56702e-06
3.05668e-06
2.58572e-06
2.1542e-06
1.76217e-06
1.40957e-06
1.09629e-06
8.22357e-07
5.87717e-07
3.92096e-07
2.35628e-07
1.18763e-07
4.15727e-08
4.49366e-09
)
;

boundaryField
{
    inlet
    {
        type            calculated;
        value           nonuniform List<scalar> 
30
(
0.00347523
0.00347589
0.0034916
0.00352165
0.00356415
0.00361606
0.00367354
0.00373253
0.00378925
0.0038405
0.00388388
0.00391784
0.00394163
0.00395524
0.00395921
0.00395446
0.00394097
0.00391792
0.0038849
0.00384208
0.00379035
0.00373137
0.00366767
0.00360252
0.00353976
0.0034835
0.00343759
0.00340511
0.00338792
0.00338666
)
;
    }
    outlet
    {
        type            calculated;
        value           uniform 0;
    }
    top
    {
        type            calculated;
        value           nonuniform List<scalar> 
135
(
0.00338666
0.00338112
0.00337401
0.0033675
0.00336022
0.00334024
0.00331205
0.00325977
0.00318665
0.00309453
0.00298476
0.00285849
0.00271672
0.00256111
0.00239396
0.00221666
0.00203319
0.00184682
0.00166146
0.00148129
0.00131023
0.00115154
0.00100759
0.00087954
0.000767446
0.000670399
0.000588492
0.000519286
0.00046127
0.000413023
0.000373209
0.000340693
0.000314305
0.000293158
0.000279924
0.000279261
0.000270758
0.000259694
0.000248663
0.000238254
0.000228452
0.000219214
0.00021052
0.000202346
0.000194657
0.000187415
0.000180582
0.000174125
0.000168011
0.000162212
0.000156702
0.000151456
0.000146454
0.000141676
0.000137103
0.000132722
0.000128515
0.000124472
0.000120578
0.000116824
0.0001132
0.000109695
0.000106303
0.000103014
9.98236e-05
9.67239e-05
9.37097e-05
9.07757e-05
8.79175e-05
8.51306e-05
8.24114e-05
7.97563e-05
7.71624e-05
7.46267e-05
7.21469e-05
6.97208e-05
6.73463e-05
6.50218e-05
6.27457e-05
6.05165e-05
5.83332e-05
5.61946e-05
5.40998e-05
5.2048e-05
5.00385e-05
4.80706e-05
4.61443e-05
4.42591e-05
4.24143e-05
4.06095e-05
3.88446e-05
3.71193e-05
3.54336e-05
3.37879e-05
3.21811e-05
3.06132e-05
2.90844e-05
2.75945e-05
2.61437e-05
2.47317e-05
2.33588e-05
2.20249e-05
2.07299e-05
1.9474e-05
1.82571e-05
1.70792e-05
1.59405e-05
1.48409e-05
1.37804e-05
1.27591e-05
1.1777e-05
1.08342e-05
9.9307e-06
9.06643e-06
8.24138e-06
7.45559e-06
6.70908e-06
6.00194e-06
5.33418e-06
4.70578e-06
4.11672e-06
3.56702e-06
3.05668e-06
2.58572e-06
2.1542e-06
1.76217e-06
1.40957e-06
1.09629e-06
8.22357e-07
5.87717e-07
3.92096e-07
2.35628e-07
1.18763e-07
4.15727e-08
4.49366e-09
)
;
    }
    bottom
    {
        type            calculated;
        value           nonuniform List<scalar> 
135
(
0.00347523
0.00347021
0.00346389
0.00345829
0.0034518
0.00342821
0.00340253
0.00335343
0.00328355
0.00319414
0.00308618
0.00296001
0.00281596
0.00265542
0.00248057
0.00229328
0.00209828
0.00189974
0.00170247
0.00151133
0.00133068
0.00116401
0.00101373
0.000880969
0.000765619
0.000666578
0.000583734
0.000514353
0.000456619
0.000408881
0.000369555
0.000337326
0.000310953
0.000289557
0.000275804
0.000272809
0.00026466
0.000254111
0.000243612
0.000233699
0.000224351
0.000215521
0.000207192
0.000199343
0.000191943
0.000184958
0.000178356
0.000172106
0.000166178
0.000160546
0.000155187
0.000150078
0.000145199
0.000140533
0.000136063
0.000131774
0.000127652
0.000123685
0.000119862
0.000116171
0.000112605
0.000109153
0.000105809
0.000102565
9.94138e-05
9.63505e-05
9.33694e-05
9.04656e-05
8.76347e-05
8.48727e-05
8.21761e-05
7.95416e-05
7.69663e-05
7.44476e-05
7.19832e-05
6.95711e-05
6.72093e-05
6.48963e-05
6.26307e-05
6.04111e-05
5.82364e-05
5.61058e-05
5.40182e-05
5.1973e-05
4.99695e-05
4.80071e-05
4.6086e-05
4.42054e-05
4.23649e-05
4.05641e-05
3.88029e-05
3.7081e-05
3.53985e-05
3.37557e-05
3.21515e-05
3.05862e-05
2.90596e-05
2.7572e-05
2.61232e-05
2.47133e-05
2.33422e-05
2.201e-05
2.07166e-05
1.94621e-05
1.82465e-05
1.707e-05
1.59325e-05
1.48341e-05
1.37747e-05
1.27544e-05
1.17733e-05
1.08313e-05
9.9285e-06
9.06486e-06
8.24045e-06
7.45529e-06
6.7094e-06
6.00281e-06
5.33547e-06
4.7074e-06
4.11864e-06
3.56922e-06
3.05913e-06
2.58839e-06
2.15687e-06
1.76457e-06
1.41146e-06
1.09763e-06
8.23364e-07
5.88599e-07
3.9289e-07
2.36187e-07
1.19048e-07
4.16748e-08
4.50482e-09
)
;
    }
    obstacle
    {
        type            calculated;
        value           nonuniform List<scalar> 
120
(
0.0244279
0.0226394
0.0206087
0.018544
0.0164849
0.0144314
0.0124292
0.0105225
0.0087473
0.00713173
0.00569385
0.00444155
0.00337498
0.00248971
0.00177982
0.00124076
0.000871225
0.000674196
0.000656155
0.000825506
0.00119017
0.00175429
0.00251422
0.00345686
0.00455881
0.0057865
0.00709812
0.00848276
0.00990243
0.0111836
0.0127166
0.0144538
0.0165646
0.0190582
0.0219802
0.0254644
0.0296739
0.0347698
0.0408587
0.0479319
0.0557573
0.0638159
0.0713296
0.0773633
0.0807381
0.0807697
0.077454
0.0714685
0.0639895
0.0559535
0.0481408
0.0410737
0.0349871
0.029891
0.0256795
0.0221907
0.0192614
0.0167576
0.0146361
0.0128961
0.0251249
0.0233054
0.0212149
0.0190739
0.0169356
0.0148068
0.0127363
0.0107699
0.00894453
0.0072882
0.00581845
0.00454234
0.00345903
0.00256308
0.00184777
0.00130788
0.000941621
0.000751749
0.000744576
0.000928298
0.00131052
0.00189473
0.00267611
0.00363982
0.00476015
0.00600092
0.00731796
0.00869915
0.0101053
0.011371
0.0264264
0.0285743
0.0309569
0.0335159
0.0362229
0.0391787
0.0425254
0.0464155
0.0509718
0.0562277
0.0620554
0.0680947
0.0737719
0.0783764
0.0809999
0.0811003
0.0786644
0.0742105
0.0686419
0.0626739
0.056885
0.0516429
0.0470842
0.0431839
0.0398275
0.0368689
0.0341703
0.0316317
0.0292665
0.0271314
)
;
    }
    frontAndBack
    {
        type            empty;
    }
}


// ************************************************************************* //
