/*--------------------------------*- C++ -*----------------------------------*\
  =========                 |
  \\      /  F ield         | OpenFOAM: The Open Source CFD Toolbox
   \\    /   O peration     | Website:  https://openfoam.org
    \\  /    A nd           | Version:  12
     \\/     M anipulation  |
\*---------------------------------------------------------------------------*/
FoamFile
{
    format      ascii;
    class       volScalarField;
    location    "80";
    object      p;
}
// * * * * * * * * * * * * * * * * * * * * * * * * * * * * * * * * * * * * * //

dimensions      [0 2 -2 0 0 0 0];

internalField   nonuniform List<scalar> 
6750
(
0.0148195
0.0147975
0.0147682
0.0146039
0.013566
0.0163494
0.0163124
0.016184
0.0159163
0.0155545
0.0181556
0.0180954
0.0179633
0.0177636
0.0176098
0.0200501
0.0199544
0.0198283
0.0196864
0.0196089
0.0219307
0.0217902
0.0216537
0.0215395
0.0215
0.023717
0.0235272
0.0233693
0.0232647
0.0232423
0.0253603
0.0251199
0.0249369
0.0248346
0.0248204
0.0268311
0.026541
0.0263328
0.026231
0.0262215
0.028111
0.0277738
0.0275423
0.027441
0.0274349
0.0291897
0.0288094
0.028558
0.0284578
0.028454
0.0300638
0.0296458
0.0293786
0.0292801
0.0292779
0.0307366
0.0302874
0.0300087
0.0299124
0.0299111
0.0312176
0.0307435
0.0304585
0.0303644
0.0303633
0.0315211
0.0310278
0.030743
0.0306501
0.0306482
0.0316602
0.0311612
0.0308817
0.0307863
0.0307822
0.0316602
0.0311612
0.0308817
0.0307863
0.0307821
0.031521
0.0310278
0.0307429
0.03065
0.0306481
0.0312175
0.0307434
0.0304584
0.0303643
0.0303632
0.0307364
0.0302873
0.0300085
0.0299122
0.029911
0.0300635
0.0296456
0.0293783
0.0292798
0.0292776
0.0291894
0.0288091
0.0285577
0.0284575
0.0284537
0.0281107
0.0277734
0.027542
0.0274407
0.0274345
0.0268307
0.0265406
0.0263323
0.0262306
0.0262211
0.0253597
0.0251194
0.0249363
0.0248341
0.0248199
0.0237164
0.0235266
0.0233688
0.0232641
0.0232417
0.02193
0.0217895
0.021653
0.0215388
0.0214994
0.0200493
0.0199536
0.0198275
0.0196856
0.0196081
0.0181548
0.0180945
0.0179625
0.0177628
0.0176089
0.0163484
0.0163115
0.0161831
0.0159153
0.0155535
0.0148184
0.0147964
0.0147671
0.0146028
0.013565
0.00733399
0.00794123
0.00943251
0.0105339
0.0113304
0.0119599
0.0124492
0.0128107
0.0130732
0.0132417
0.0132914
0.0132914
0.0132149
0.0130606
0.0128286
0.012517
0.0121243
0.0116543
0.0111114
0.0105004
0.00983435
0.00916148
0.00847097
0.00777812
0.00709961
0.00644768
0.00583274
0.0052717
0.00477331
0.00425062
0.0112785
0.0120825
0.01289
0.0132931
0.0135209
0.0136589
0.0137094
0.0136839
0.0136124
0.0134745
0.0132626
0.0130704
0.0128608
0.0126392
0.0124051
0.0121505
0.0118642
0.0115359
0.0111562
0.0107229
0.0102416
0.00967543
0.0090788
0.00845077
0.00780079
0.00713991
0.00647617
0.00582552
0.00522998
0.00465735
0.0137775
0.0139615
0.0142783
0.0144316
0.0145051
0.0145095
0.0144334
0.0142901
0.014102
0.0138107
0.0134677
0.0131306
0.0127677
0.0123918
0.0120091
0.0116204
0.0112231
0.0108127
0.0103844
0.00993344
0.00945654
0.00896318
0.0084463
0.00791131
0.00736374
0.006809
0.00624786
0.00569112
0.00522182
0.00489806
0.0152275
0.0150013
0.0151313
0.0152137
0.0152211
0.0151511
0.0149995
0.0147833
0.0145122
0.0141064
0.0136693
0.0132094
0.0127108
0.0121909
0.0116613
0.0111305
0.0106047
0.0100874
0.00958
0.00908157
0.00858955
0.00811252
0.00764005
0.0071724
0.00671003
0.00625285
0.00579388
0.00533591
0.0050011
0.00498711
0.016321
0.0159483
0.0159964
0.0160081
0.0159324
0.0157759
0.0155399
0.0152395
0.0148678
0.0143557
0.0138218
0.0132442
0.012623
0.011978
0.0113247
0.0106768
0.0100462
0.00944144
0.00886822
0.00832876
0.00782236
0.00734896
0.00690368
0.00648243
0.00608173
0.00569758
0.00531653
0.00493274
0.00470078
0.00497857
0.0172694
0.016861
0.0168447
0.0167761
0.0166148
0.0163724
0.0160517
0.0156644
0.0151819
0.014572
0.0139373
0.0132466
0.012511
0.011752
0.0109884
0.0102378
0.00951596
0.00883499
0.00820314
0.00762449
0.00709911
0.00662463
0.00619613
0.00580737
0.0054524
0.00512457
0.00480523
0.00448136
0.00433504
0.00488091
0.0181075
0.0177097
0.017636
0.0174906
0.0172505
0.0169276
0.0165269
0.0160553
0.015459
0.0147613
0.0140258
0.0132272
0.0123836
0.011518
0.010652
0.00980646
0.00899995
0.00824736
0.0075589
0.0069399
0.00639098
0.00590927
0.00548883
0.00512197
0.00480108
0.00451742
0.00424798
0.00397452
0.0039041
0.00469269
0.0188565
0.0184997
0.0183763
0.0181592
0.0178451
0.0174455
0.0169698
0.0164117
0.0157056
0.0149265
0.0140911
0.0131893
0.0122431
0.011277
0.0103148
0.00938006
0.00849374
0.0076728
0.00692904
0.00626874
0.00569298
0.00519859
0.00477891
0.00442524
0.00412869
0.00387885
0.00364883
0.00341701
0.00341402
0.00441586
0.0195388
0.0192446
0.0190779
0.0187921
0.0184069
0.0179349
0.0173828
0.0167318
0.0159304
0.0150685
0.0141352
0.0131343
0.0120902
0.0110285
0.00997513
0.00895584
0.00799362
0.00710703
0.00630908
0.00560685
0.00500172
0.00449034
0.00406553
0.00371782
0.00343742
0.00321247
0.00301259
0.00281445
0.00287128
0.00405492
0.0201716
0.0199545
0.019749
0.019396
0.0189414
0.0183997
0.0177714
0.0170212
0.0161364
0.015189
0.0141604
0.0130639
0.0119254
0.0107718
0.0096311
0.00853077
0.00749547
0.00654509
0.00569363
0.00494874
0.00431207
0.00378011
0.00334531
0.00299759
0.00272647
0.00251884
0.00234117
0.00216985
0.00228004
0.00361475
0.0207677
0.0206371
0.0203963
0.0199763
0.0194525
0.018843
0.0181382
0.0172871
0.0163274
0.0152918
0.0141694
0.0129797
0.0117493
0.0105064
0.00928094
0.00810189
0.00699528
0.00598212
0.00507721
0.00428869
0.0036184
0.00306271
0.00261374
0.00226096
0.00199334
0.0017966
0.00163437
0.00148406
0.00164214
0.00309956
0.0213375
0.0212996
0.0210264
0.0205398
0.0199477
0.0192689
0.0184828
0.0175392
0.0165048
0.0153792
0.0141644
0.0128829
0.011562
0.0102315
0.00892279
0.00766624
0.00648911
0.00541337
0.00445449
0.00362103
0.00291497
0.00233259
0.00186572
0.00150347
0.00123437
0.00104298
0.000890346
0.000756108
0.00095739
0.00251234
0.021891
0.0219492
0.0216462
0.0210933
0.0204342
0.0196842
0.0188084
0.0177836
0.0166693
0.0154535
0.014147
0.0127744
0.0113637
0.00994614
0.00855459
0.00722077
0.005973
0.00483408
0.00382009
0.00293996
0.00219578
0.00158376
0.0010955
0.000719783
0.000444749
0.000253811
0.00010567
-1.67753e-05
0.00022361
0.00185446
0.0224372
0.0225922
0.0222622
0.0216428
0.0209167
0.0200936
0.019123
0.0180241
0.0168249
0.0155178
0.0141194
0.012655
0.011154
0.00964898
0.00817407
0.00676223
0.00544275
0.00423926
0.00316837
0.00223933
0.00145438
0.000809639
0.000296507
-9.64913e-05
-0.000381577
-0.000576526
-0.000724768
-0.000839206
-0.000563363
0.00112536
0.0229831
0.0232392
0.0228841
0.0221982
0.0214006
0.0204986
0.0194382
0.0182635
0.0169749
0.0155748
0.0140829
0.0125254
0.0109326
0.0093385
0.00777861
0.00628697
0.00489382
0.0036235
0.00249319
0.00151245
0.000683621
2.80595e-06
-0.000538796
-0.000952878
-0.00125201
-0.00145521
-0.00160783
-0.00171774
-0.00140975
0.00032225
0.0235359
0.0239012
0.0235238
0.02277
0.0218962
0.020904
0.0197616
0.0185039
0.0171224
0.015627
0.0140392
0.0123857
0.0106985
0.00901274
0.00736515
0.00579088
0.00432107
0.0029808
0.00178776
0.000751831
-0.000124499
-0.000845169
-0.00141913
-0.00185827
-0.00217549
-0.00239115
-0.00255232
-0.00266105
-0.00232401
-0.000560216
0.0241061
0.0245914
0.0241927
0.0233673
0.0224102
0.0213203
0.0200987
0.0187503
0.0172716
0.0156771
0.0139894
0.0122361
0.0104505
0.00866917
0.00692995
0.00526907
0.00371857
0.00230424
0.00104428
-5.108e-05
-0.000979209
-0.00174406
-0.00235471
-0.0028232
-0.00316282
-0.00339528
-0.00356924
-0.0036802
-0.00331709
-0.0015303
0.0247142
0.0253202
0.0249034
0.0239969
0.0229455
0.0217624
0.020455
0.0190082
0.0174267
0.0157278
0.0139346
0.0120761
0.0101868
0.00830454
0.00646841
0.00471567
0.00307925
0.00158565
0.000253603
-0.000906331
-0.00189135
-0.0027054
-0.00335766
-0.00386032
-0.00422706
-0.00448102
-0.00467227
-0.00478911
-0.00440293
-0.00259967
0.0253805
0.0260983
0.0256662
0.0246734
0.0235144
0.0222407
0.0208357
0.0192829
0.0175919
0.0157814
0.0138756
0.0119047
0.00990461
0.00791454
0.00597469
0.00412339
0.00239448
0.000815169
-0.000595291
-0.00182598
-0.00287392
-0.00374305
-0.00444263
-0.00498497
-0.00538415
-0.00566486
-0.00587838
-0.0060052
-0.00559915
-0.00378418
0.0261235
0.0269486
0.0264969
0.0254077
0.0241367
0.0227646
0.0212503
0.0195819
0.0177721
0.0158405
0.0138126
0.0117201
0.00960017
0.00749339
0.0054412
0.00348298
0.00165346
-1.94635e-05
-0.00151599
-0.00282485
-0.00394289
-0.00487403
-0.0056276
-0.00621602
-0.00665382
-0.00696729
-0.0072088
-0.0073504
-0.00692807
-0.00510486
0.0269687
0.0279012
0.0274205
0.026216
0.0248326
0.0233462
0.0217094
0.0199134
0.0179724
0.0159075
0.0137453
0.0115192
0.00926787
0.00703322
0.00485792
0.00278241
0.000842293
-0.000933826
-0.00252565
-0.00392157
-0.00511827
-0.00611965
-0.00693511
-0.00757717
-0.00806084
-0.00841413
-0.00869035
-0.0088525
-0.00841819
-0.00658952
0.0279568
0.0289792
0.0284572
0.0271323
0.0256228
0.0240026
0.0222266
0.0202869
0.0181984
0.015984
0.0136719
0.011297
0.00889961
0.00652306
0.00421124
0.00200565
-5.72596e-05
-0.00194823
-0.0036465
-0.00514017
-0.00642578
-0.00750721
-0.00839397
-0.00909869
-0.00963693
-0.0100385
-0.0103575
-0.0105473
-0.0101065
-0.00827511
0.0291345
0.030227
0.029648
0.0281933
0.0265318
0.0247545
0.0228179
0.0207129
0.0184557
0.0160708
0.0135885
0.0110454
0.0084834
0.00594731
0.00348227
0.00113081
-0.00106985
-0.00308989
-0.00490813
-0.00651245
-0.0078993
-0.00907262
-0.010042
-0.0108203
-0.0114236
-0.0118836
-0.0122552
-0.0124817
-0.0120416
-0.0102114
0.0305695
0.0317057
0.0310522
0.0294393
0.0275935
0.0256294
0.0235029
0.0212039
0.0187496
0.0161669
0.013488
0.0107516
0.00800125
0.0052833
0.00264413
0.000127166
-0.00222971
-0.00439624
-0.00635098
-0.00808169
-0.00958483
-0.0108645
-0.0119303
-0.0127954
-0.0134766
-0.0140075
-0.0144439
-0.0147185
-0.0142894
-0.0124666
0.0323745
0.0335083
0.0327406
0.0309252
0.0288541
0.0266628
0.0243067
0.0217743
0.0190849
0.0162677
0.0133574
0.0103948
0.00742545
0.00449711
0.00165729
-0.00104983
-0.00358594
-0.00592059
-0.00803229
-0.00990885
-0.0115469
-0.0129506
-0.0141299
-0.0150983
-0.0158733
-0.0164907
-0.0170068
-0.0173445
-0.0169411
-0.0151376
0.0346753
0.0357575
0.0348133
0.0327349
0.0303801
0.0279043
0.0252622
0.0224418
0.0194646
0.0163627
0.0131739
0.00994125
0.00671231
0.00353636
0.000461723
-0.00246705
-0.00521164
-0.00774179
-0.0100363
-0.0120833
-0.0138796
-0.0154298
-0.0167441
-0.0178362
-0.0187248
-0.0194476
-0.0200619
-0.0204815
-0.020126
-0.0183635
0.0377265
0.0386464
0.0374258
0.0349952
0.0322707
0.0294255
0.0264147
0.0232266
0.0198859
0.0164286
0.0128957
0.00933309
0.00579017
0.0023173
-0.00103694
-0.00422838
-0.00721948
-0.0099809
-0.0124923
-0.0147424
-0.0167287
-0.0184557
-0.0199341
-0.0211778
-0.0222063
-0.0230591
-0.0237942
-0.0243195
-0.024046
-0.022366
0.0419083
0.0424562
0.040785
0.0378662
0.0346471
0.0313101
0.0278115
0.0241424
0.0203317
0.0164201
0.0124529
0.00847896
0.00454938
0.000714914
-0.00297666
-0.00648288
-0.00976835
-0.0128059
-0.0155769
-0.0180715
-0.0202882
-0.0222325
-0.0239145
-0.0253483
-0.0265539
-0.0275716
-0.0284587
-0.029124
-0.0289919
-0.0274803
0.0480859
0.0478902
0.0454797
0.0418669
0.037949
0.0338976
0.0296813
0.0253052
0.0208094
0.0162445
0.0116626
0.00711694
0.00266008
-0.00165847
-0.00579412
-0.00970871
-0.0133715
-0.0167594
-0.0198565
-0.0226542
-0.0251577
-0.0273742
-0.0293072
-0.0309707
-0.0323843
-0.0335857
-0.0346279
-0.0354352
-0.0355083
-0.0343317
0.0588527
0.0569816
0.053029
0.048197
0.0431264
0.0379126
0.0325522
0.0270801
0.0215534
0.0160318
0.0105719
0.00522625
4.17726e-05
-0.00494079
-0.00968765
-0.0141719
-0.0183732
-0.0222772
-0.025876
-0.0291661
-0.0321393
-0.034797
-0.0371541
-0.0392188
-0.0410024
-0.0425303
-0.0438469
-0.0449407
-0.045515
-0.0450067
0.0110284
0.0119742
0.0137383
0.0151331
0.016298
0.017381
0.0184159
0.0194115
0.0203777
0.0213237
0.0222575
0.023187
0.0241202
0.0250653
0.0260306
0.0270269
0.0280672
0.0291685
0.0303492
0.0316306
0.0330405
0.0346184
0.0364121
0.0384873
0.040933
0.0438837
0.0475234
0.0520638
0.0577298
0.06504
0.015387
0.0163701
0.0175031
0.0184443
0.0192817
0.020078
0.0208449
0.0215867
0.022311
0.0230259
0.0237394
0.0244596
0.0251949
0.0259542
0.0267472
0.0275856
0.0284834
0.0294577
0.0305282
0.0317197
0.0330644
0.0346053
0.0363988
0.0385228
0.0410865
0.0442514
0.0482506
0.0534036
0.0601937
0.0692041
0.0177101
0.0185845
0.0194314
0.0201854
0.0209157
0.021639
0.0223522
0.0230563
0.0237562
0.0244577
0.025167
0.0258908
0.0266364
0.0274121
0.0282273
0.0290937
0.0300253
0.0310395
0.0321573
0.0334056
0.0348197
0.0364462
0.0383478
0.0406115
0.0433604
0.0467728
0.0511129
0.0567564
0.0643492
0.0745763
0.0197345
0.0204987
0.0212291
0.0219027
0.0225686
0.0232367
0.0239061
0.0245795
0.0252619
0.0259589
0.0266761
0.0274198
0.0281971
0.029016
0.0298862
0.0308194
0.03183
0.0329358
0.0341588
0.0355276
0.0370796
0.0388644
0.0409488
0.0434256
0.0464253
0.050136
0.0548364
0.0609189
0.0691195
0.0801688
0.0216232
0.0222936
0.0229335
0.0235353
0.0241406
0.0247593
0.0253921
0.0260418
0.0267126
0.0274092
0.0281369
0.0289016
0.0297101
0.0305707
0.0314932
0.0324898
0.0335753
0.0347684
0.0360923
0.0375775
0.0392631
0.0412016
0.0434633
0.0461455
0.0493844
0.0533756
0.0584078
0.064884
0.0736234
0.0854138
0.0233472
0.0239346
0.0244978
0.0250394
0.0255968
0.0261789
0.0267862
0.0274208
0.0280866
0.0287875
0.0295285
0.0303153
0.0311547
0.0320548
0.0330257
0.0340799
0.0352326
0.0365032
0.0379163
0.0395033
0.0413055
0.0433775
0.0457926
0.0486518
0.0520963
0.056328
0.0616451
0.0684638
0.077684
0.0901757
0.0249038
0.0254171
0.0259154
0.0264079
0.0269279
0.0274825
0.0280718
0.0286976
0.0293631
0.0300719
0.0308287
0.0316388
0.0325089
0.0334472
0.034464
0.0355716
0.0367861
0.0381272
0.0396203
0.0412981
0.0432032
0.045392
0.0479403
0.050952
0.0545721
0.0590084
0.0645676
0.0716794
0.0813097
0.094424
0.0262884
0.0267352
0.0271779
0.0276302
0.0281208
0.0286547
0.0292316
0.0298529
0.0305213
0.03124
0.0320134
0.0328465
0.033746
0.03472
0.0357788
0.0369352
0.0382053
0.0396094
0.0411737
0.0429315
0.0449268
0.0472173
0.0498807
0.0530231
0.0567931
0.0614027
0.0671664
0.0745259
0.0844922
0.0981338
0.0274928
0.0278799
0.0282753
0.0286953
0.029163
0.0296816
0.0302502
0.03087
0.031543
0.0322723
0.0330617
0.0339163
0.0348425
0.0358485
0.0369446
0.0381438
0.0394623
0.0409211
0.0425467
0.0443732
0.0464454
0.0488222
0.0515828
0.0548353
0.0587306
0.0634845
0.0694179
0.0769827
0.0872147
0.101291
0.0285098
0.0288446
0.0292008
0.0295954
0.0300456
0.030553
0.0311164
0.0317364
0.0324148
0.0331542
0.0339583
0.0348319
0.0357814
0.036815
0.0379428
0.0391782
0.0405376
0.0420421
0.0437188
0.0456024
0.0477382
0.0501861
0.0530264
0.0563687
0.060366
0.0652368
0.0713074
0.0790383
0.0894722
0.1039
0.0293368
0.0296271
0.0299521
0.0303271
0.0307644
0.0312638
0.031824
0.0324452
0.0331289
0.0338773
0.034694
0.0355836
0.0365525
0.0376087
0.0387625
0.0400273
0.0414198
0.0429613
0.044679
0.0466082
0.0487948
0.0512992
0.0542026
0.0576158
0.0616933
0.0666559
0.0728339
0.080695
0.091275
0.105983
0.0299758
0.0302304
0.0305315
0.0308923
0.0313203
0.0318143
0.0323726
0.0329954
0.0336836
0.0344395
0.0352663
0.0361686
0.0371526
0.0382264
0.0394005
0.040688
0.042106
0.0436757
0.0454249
0.0473889
0.0496141
0.0521614
0.0551127
0.0585794
0.0627174
0.0677488
0.0740073
0.0819662
0.092645
0.107572
0.0304342
0.0306623
0.0309464
0.0312974
0.0317192
0.0322096
0.032767
0.0333911
0.034083
0.0348444
0.0356787
0.0365903
0.0375853
0.038672
0.0398606
0.0411645
0.0426007
0.0441907
0.0459623
0.0479511
0.0502038
0.0527815
0.0557667
0.0592713
0.0634518
0.0685316
0.0748467
0.0828746
0.0936126
0.108706
0.0307239
0.0309346
0.0312081
0.0315532
0.0319712
0.0324595
0.0330164
0.0336417
0.0343359
0.0351011
0.0359402
0.0368578
0.03786
0.0389548
0.0401527
0.0414671
0.0429149
0.0445178
0.0463036
0.0483082
0.0505782
0.0531752
0.0561817
0.0597102
0.0639176
0.0690276
0.0753783
0.0834496
0.0942152
0.109429
0.0308599
0.0310622
0.0313307
0.031673
0.0320893
0.0325768
0.0331336
0.0337594
0.0344549
0.0352219
0.0360634
0.0369839
0.0379895
0.0390883
0.0402907
0.0416101
0.0430634
0.0446725
0.0464652
0.0484773
0.0507556
0.0533618
0.0563785
0.0599184
0.0641386
0.069263
0.0756306
0.0837224
0.0944946
0.109779
0.0308599
0.0310622
0.0313306
0.031673
0.0320893
0.0325768
0.0331336
0.0337594
0.0344549
0.0352219
0.0360634
0.0369839
0.0379895
0.0390883
0.0402907
0.0416101
0.0430634
0.0446725
0.0464652
0.0484773
0.0507556
0.0533619
0.0563786
0.0599184
0.0641386
0.0692631
0.0756306
0.0837224
0.0944947
0.109779
0.0307238
0.0309345
0.031208
0.0315531
0.0319711
0.0324594
0.0330164
0.0336416
0.0343359
0.0351011
0.0359402
0.0368578
0.03786
0.0389548
0.0401527
0.0414671
0.0429149
0.0445178
0.0463036
0.0483082
0.0505782
0.0531753
0.0561818
0.0597103
0.0639177
0.0690278
0.0753784
0.0834497
0.0942154
0.109429
0.0304341
0.0306621
0.0309463
0.0312973
0.0317191
0.0322095
0.0327669
0.033391
0.0340829
0.0348444
0.0356786
0.0365902
0.0375853
0.0386719
0.0398605
0.0411645
0.0426007
0.0441907
0.0459623
0.0479512
0.0502038
0.0527816
0.0557668
0.0592714
0.063452
0.0685318
0.074847
0.082875
0.093613
0.108706
0.0299757
0.0302303
0.0305313
0.0308921
0.0313202
0.0318141
0.0323725
0.0329952
0.0336835
0.0344394
0.0352662
0.0361685
0.0371525
0.0382264
0.0394004
0.040688
0.042106
0.0436757
0.0454249
0.047389
0.0496142
0.0521615
0.0551128
0.0585796
0.0627177
0.0677491
0.0740077
0.0819667
0.0926455
0.107572
0.0293365
0.0296269
0.0299518
0.0303269
0.0307642
0.0312637
0.0318238
0.0324451
0.0331287
0.0338772
0.0346939
0.0355835
0.0365524
0.0376086
0.0387625
0.0400273
0.0414198
0.0429613
0.044679
0.0466083
0.0487949
0.0512993
0.0542028
0.0576161
0.0616937
0.0666563
0.0728344
0.0806956
0.0912757
0.105984
0.0285095
0.0288443
0.0292006
0.0295951
0.0300454
0.0305528
0.0311162
0.0317362
0.0324146
0.033154
0.0339581
0.0348318
0.0357813
0.0368148
0.0379428
0.0391781
0.0405376
0.0420421
0.0437189
0.0456025
0.0477383
0.0501863
0.0530267
0.056369
0.0603664
0.0652373
0.071308
0.079039
0.0894731
0.103902
0.0274924
0.0278796
0.028275
0.028695
0.0291627
0.0296813
0.03025
0.0308697
0.0315428
0.0322721
0.0330615
0.0339161
0.0348424
0.0358484
0.0369445
0.0381437
0.0394623
0.0409211
0.0425467
0.0443733
0.0464456
0.0488224
0.0515831
0.0548356
0.058731
0.063485
0.0694185
0.0769835
0.0872157
0.101292
0.026288
0.0267348
0.0271775
0.0276299
0.0281205
0.0286544
0.0292313
0.0298526
0.030521
0.0312398
0.0320131
0.0328463
0.0337458
0.0347198
0.0357787
0.0369351
0.0382052
0.0396094
0.0411737
0.0429316
0.044927
0.0472175
0.049881
0.0530235
0.0567936
0.0614034
0.0671672
0.0745269
0.0844934
0.0981352
0.0249033
0.0254167
0.0259149
0.0264074
0.0269275
0.0274821
0.0280714
0.0286973
0.0293627
0.0300716
0.0308284
0.0316385
0.0325087
0.033447
0.0344638
0.0355715
0.036786
0.0381272
0.0396204
0.0412982
0.0432034
0.0453923
0.0479406
0.0509524
0.0545727
0.0590091
0.0645684
0.0716804
0.081311
0.0944257
0.0233466
0.023934
0.0244973
0.0250389
0.0255963
0.0261784
0.0267857
0.0274204
0.0280862
0.0287871
0.0295282
0.030315
0.0311544
0.0320545
0.0330255
0.0340797
0.0352325
0.0365032
0.0379163
0.0395034
0.0413057
0.0433777
0.045793
0.0486523
0.0520968
0.0563287
0.061646
0.0684648
0.0776854
0.0901775
0.0216225
0.0222929
0.0229329
0.0235347
0.02414
0.0247587
0.0253916
0.0260413
0.0267121
0.0274088
0.0281365
0.0289012
0.0297097
0.0305704
0.031493
0.0324896
0.0335752
0.0347683
0.0360923
0.0375775
0.0392632
0.0412018
0.0434637
0.0461459
0.049385
0.0533764
0.0584087
0.0648851
0.0736249
0.0854158
0.0197338
0.020498
0.0212284
0.021902
0.0225679
0.0232361
0.0239054
0.0245789
0.0252614
0.0259584
0.0266757
0.0274194
0.0281967
0.0290156
0.0298859
0.0308192
0.0318298
0.0329356
0.0341588
0.0355277
0.0370798
0.0388646
0.0409492
0.043426
0.0464258
0.0501367
0.0548373
0.0609201
0.069121
0.0801709
0.0177093
0.0185837
0.0194306
0.0201846
0.0209149
0.0216383
0.0223515
0.0230556
0.0237555
0.0244571
0.0251665
0.0258903
0.026636
0.0274117
0.028227
0.0290934
0.0300251
0.0310394
0.0321573
0.0334057
0.0348198
0.0364464
0.0383481
0.040612
0.043361
0.0467735
0.0511138
0.0567577
0.0643508
0.0745785
0.0153861
0.0163693
0.0175023
0.0184435
0.0192809
0.0200772
0.0208441
0.021586
0.0223103
0.0230252
0.0237388
0.024459
0.0251944
0.0259537
0.0267468
0.0275852
0.0284831
0.0294575
0.0305281
0.0317197
0.0330644
0.0346054
0.036399
0.0385232
0.041087
0.0442521
0.0482515
0.0534048
0.0601952
0.0692064
0.0110275
0.0119734
0.0137375
0.0151323
0.0162972
0.0173802
0.0184151
0.0194108
0.020377
0.021323
0.0222569
0.0231865
0.0241197
0.0250648
0.0260302
0.0270265
0.0280669
0.0291682
0.030349
0.0316304
0.0330404
0.0346184
0.0364122
0.0384876
0.0409335
0.0438843
0.0475243
0.052065
0.0577315
0.0650423
0.0588551
0.0569841
0.0530317
0.0481997
0.043129
0.0379153
0.032555
0.0270828
0.0215561
0.0160346
0.0105747
0.00522901
4.44972e-05
-0.00493812
-0.00968505
-0.0141694
-0.0183708
-0.0222749
-0.0258739
-0.0291641
-0.0321374
-0.0347953
-0.0371526
-0.0392174
-0.0410012
-0.0425292
-0.043846
-0.0449399
-0.0455144
-0.045006
0.0480877
0.0478921
0.0454819
0.0418691
0.0379512
0.0338998
0.0296836
0.0253074
0.0208117
0.0162467
0.0116648
0.00711911
0.00266221
-0.00165639
-0.0057921
-0.00970677
-0.0133697
-0.0167577
-0.0198549
-0.0226527
-0.0251563
-0.0273729
-0.0293061
-0.0309697
-0.0323835
-0.033585
-0.0346273
-0.0354347
-0.0355077
-0.0343309
0.0419096
0.0424577
0.0407867
0.037868
0.0346489
0.0313119
0.0278133
0.0241442
0.0203335
0.0164219
0.0124547
0.00848067
0.00455104
0.00071652
-0.00297512
-0.00648141
-0.00976696
-0.0128046
-0.0155757
-0.0180704
-0.0202872
-0.0222316
-0.0239137
-0.0253476
-0.0265533
-0.0275711
-0.0284583
-0.0291236
-0.0289915
-0.0274797
0.0377275
0.0386476
0.0374272
0.0349967
0.0322722
0.029427
0.0264161
0.0232281
0.0198874
0.01643
0.0128971
0.00933444
0.00579146
0.00231853
-0.00103576
-0.00422727
-0.00721845
-0.00997995
-0.0124914
-0.0147417
-0.016728
-0.0184551
-0.0199336
-0.0211774
-0.0222059
-0.0230588
-0.023794
-0.0243194
-0.0240458
-0.0223655
0.0346761
0.0357584
0.0348144
0.0327361
0.0303813
0.0279055
0.0252634
0.022443
0.0194657
0.0163638
0.0131749
0.00994229
0.0067133
0.00353729
0.000462592
-0.00246625
-0.00521091
-0.00774113
-0.0100357
-0.0120828
-0.0138792
-0.0154295
-0.0167439
-0.017836
-0.0187246
-0.0194475
-0.0200619
-0.0204814
-0.0201259
-0.0183631
0.0323752
0.033509
0.0327414
0.0309261
0.028855
0.0266638
0.0243076
0.0217753
0.0190858
0.0162686
0.0133582
0.0103956
0.00742618
0.00449778
0.0016579
-0.00104928
-0.00358547
-0.00592018
-0.00803196
-0.00990859
-0.0115467
-0.0129504
-0.0141299
-0.0150983
-0.0158733
-0.0164907
-0.0170069
-0.0173446
-0.0169411
-0.0151372
0.03057
0.0317063
0.0310529
0.02944
0.0275943
0.0256301
0.0235037
0.0212046
0.0187503
0.0161675
0.0134886
0.0107522
0.00800176
0.00528376
0.00264452
0.000127492
-0.00222945
-0.00439604
-0.00635085
-0.00808162
-0.00958482
-0.0108645
-0.0119304
-0.0127955
-0.0134767
-0.0140077
-0.014444
-0.0147187
-0.0142895
-0.0124664
0.0291349
0.0302274
0.0296485
0.0281939
0.0265324
0.0247551
0.0228184
0.0207134
0.0184562
0.0160713
0.0135889
0.0110458
0.00848372
0.00594757
0.00348247
0.00113095
-0.00106978
-0.00308987
-0.00490817
-0.00651254
-0.00789944
-0.00907281
-0.0100422
-0.0108205
-0.0114238
-0.0118838
-0.0122554
-0.012482
-0.0120418
-0.0102112
0.0279571
0.0289795
0.0284576
0.0271327
0.0256231
0.024003
0.022227
0.0202872
0.0181988
0.0159843
0.0136721
0.0112972
0.00889976
0.00652315
0.00421127
0.00200562
-5.73442e-05
-0.00194837
-0.00364669
-0.0051404
-0.00642605
-0.00750751
-0.0083943
-0.00909903
-0.00963728
-0.0100388
-0.0103578
-0.0105476
-0.0101067
-0.00827505
0.0269688
0.0279014
0.0274207
0.0262162
0.0248328
0.0233464
0.0217096
0.0199137
0.0179726
0.0159076
0.0137454
0.0115193
0.00926787
0.00703316
0.0048578
0.00278224
0.000842067
-0.000934098
-0.00252596
-0.00392192
-0.00511865
-0.00612005
-0.00693552
-0.00757759
-0.00806126
-0.00841454
-0.00869074
-0.00885286
-0.00841845
-0.00658954
0.0261235
0.0269486
0.026497
0.0254078
0.0241368
0.0227646
0.0212503
0.019582
0.0177721
0.0158406
0.0138126
0.01172
0.00960003
0.0074932
0.00544095
0.00348268
0.00165311
-1.98544e-05
-0.00151641
-0.0028253
-0.00394336
-0.00487451
-0.00562809
-0.0062165
-0.00665428
-0.00696773
-0.00720922
-0.00735078
-0.00692836
-0.00510496
0.0253804
0.0260983
0.0256662
0.0246734
0.0235143
0.0222407
0.0208356
0.0192828
0.0175918
0.0157813
0.0138754
0.0119045
0.00990435
0.00791422
0.00597432
0.00412298
0.00239403
0.000814675
-0.000595811
-0.00182652
-0.00287447
-0.00374359
-0.00444317
-0.00498549
-0.00538465
-0.00566533
-0.00587882
-0.00600559
-0.00559946
-0.00378435
0.024714
0.0253201
0.0249032
0.0239968
0.0229453
0.0217623
0.0204548
0.019008
0.0174265
0.0157275
0.0139343
0.0120758
0.0101864
0.00830412
0.00646794
0.00471516
0.0030787
0.00158507
0.000253
-0.000906942
-0.00189196
-0.002706
-0.00335824
-0.00386088
-0.00422758
-0.00448151
-0.00467271
-0.0047895
-0.00440324
-0.0025999
0.0241058
0.0245912
0.0241924
0.023367
0.02241
0.0213201
0.0200985
0.01875
0.0172713
0.0156768
0.013989
0.0122357
0.01045
0.00866866
0.00692939
0.00526847
0.00371794
0.00230358
0.00104361
-5.17543e-05
-0.000979873
-0.0017447
-0.00235532
-0.00282378
-0.00316337
-0.00339578
-0.00356968
-0.00368057
-0.00331739
-0.00153056
0.0235355
0.0239008
0.0235234
0.0227696
0.0218959
0.0209037
0.0197612
0.0185036
0.017122
0.0156266
0.0140387
0.0123852
0.0106979
0.00901214
0.00736451
0.0057902
0.00432037
0.00298008
0.00178703
0.000751105
-0.000125207
-0.000845849
-0.00141977
-0.00185886
-0.00217604
-0.00239164
-0.00255275
-0.0026614
-0.00232429
-0.000560514
0.0229826
0.0232387
0.0228837
0.0221978
0.0214002
0.0204981
0.0194377
0.0182631
0.0169744
0.0155743
0.0140824
0.0125248
0.0109319
0.00933783
0.00777791
0.00628623
0.00489305
0.00362273
0.00249241
0.00151168
0.000682879
2.09965e-06
-0.000539456
-0.000953484
-0.00125255
-0.00145568
-0.00160824
-0.00171806
-0.00141001
0.000321931
0.0224367
0.0225917
0.0222617
0.0216423
0.0209162
0.0200931
0.0191225
0.0180235
0.0168243
0.0155172
0.0141187
0.0126544
0.0111533
0.00964825
0.00817329
0.00676143
0.00544193
0.00423843
0.00316755
0.00223853
0.00145361
0.000808916
0.000295838
-9.70963e-05
-0.00038211
-0.000576982
-0.000725143
-0.000839491
-0.000563588
0.00112503
0.0218904
0.0219486
0.0216456
0.0210927
0.0204336
0.0196836
0.0188077
0.017783
0.0166687
0.0154528
0.0141463
0.0127736
0.0113629
0.00994534
0.00855376
0.00721992
0.00597213
0.00483321
0.00381924
0.00293914
0.002195
0.00158303
0.00109483
0.000719185
0.00044423
0.000253378
0.000105326
-1.70251e-05
0.000223417
0.00185412
0.0213368
0.021299
0.0210258
0.0205391
0.019947
0.0192682
0.0184821
0.0175385
0.0165041
0.0153785
0.0141636
0.0128821
0.0115612
0.0102307
0.0089219
0.00766534
0.0064882
0.00541247
0.00445361
0.00362019
0.00291417
0.00233185
0.00186506
0.00150289
0.00123387
0.00104257
0.000890032
0.000755893
0.000957229
0.00251201
0.020767
0.0206364
0.0203956
0.0199756
0.0194517
0.0188422
0.0181375
0.0172862
0.0163266
0.0152909
0.0141686
0.0129788
0.0117484
0.0105055
0.00928
0.00810094
0.00699433
0.00598118
0.0050763
0.00428783
0.00361759
0.00306197
0.00261308
0.00226038
0.00199286
0.00179622
0.00163408
0.00148388
0.00164201
0.00309926
0.0201708
0.0199537
0.0197482
0.0193952
0.0189406
0.0183989
0.0177705
0.0170204
0.0161355
0.0151881
0.0141594
0.0130629
0.0119244
0.0107708
0.0096301
0.00852978
0.00749448
0.00654413
0.0056927
0.00494786
0.00431126
0.00377938
0.00334466
0.00299703
0.00272601
0.00251848
0.00234092
0.0021697
0.00227994
0.00361448
0.0195379
0.0192438
0.019077
0.0187912
0.0184061
0.017934
0.0173819
0.0167308
0.0159294
0.0150675
0.0141342
0.0131332
0.0120892
0.0110274
0.00997408
0.0089548
0.00799259
0.00710603
0.00630813
0.00560595
0.0050009
0.0044896
0.00406489
0.00371728
0.00343698
0.00321213
0.00301236
0.00281432
0.00287122
0.0040547
0.0188556
0.0184988
0.0183754
0.0181583
0.0178441
0.0174445
0.0169688
0.0164107
0.0157046
0.0149254
0.01409
0.0131881
0.012242
0.0112759
0.0103137
0.00937896
0.00849266
0.00767177
0.00692806
0.00626783
0.00569215
0.00519785
0.00477828
0.00442472
0.00412828
0.00387854
0.00364863
0.00341692
0.003414
0.00441571
0.0181065
0.0177088
0.017635
0.0174896
0.0172495
0.0169266
0.0165258
0.0160542
0.0154579
0.0147602
0.0140246
0.013226
0.0123824
0.0115168
0.0106509
0.0098053
0.00899882
0.00824628
0.00755789
0.00693897
0.00639014
0.00590854
0.0054882
0.00512146
0.00480068
0.00451714
0.00424781
0.00397447
0.00390413
0.00469262
0.0172684
0.01686
0.0168437
0.0167751
0.0166137
0.0163713
0.0160506
0.0156632
0.0151806
0.0145707
0.013936
0.0132454
0.0125097
0.0117507
0.0109871
0.0102366
0.00951478
0.00883388
0.0082021
0.00762354
0.00709826
0.0066239
0.00619552
0.00580688
0.00545204
0.00512433
0.00480511
0.00448136
0.00433512
0.00488093
0.01632
0.0159473
0.0159953
0.0160069
0.0159312
0.0157747
0.0155386
0.0152383
0.0148665
0.0143544
0.0138205
0.0132428
0.0126216
0.0119766
0.0113233
0.0106755
0.0100449
0.00944028
0.00886714
0.00832779
0.00782152
0.00734822
0.00690308
0.00648196
0.00608139
0.00569737
0.00531645
0.00493279
0.00470093
0.0049787
0.0152265
0.0150002
0.0151302
0.0152125
0.0152198
0.0151498
0.0149981
0.0147819
0.0145108
0.0141049
0.0136678
0.0132079
0.0127093
0.0121894
0.0116599
0.0111292
0.0106034
0.0100862
0.00957887
0.00908058
0.00858879
0.00811179
0.00763945
0.00717194
0.00670971
0.00625268
0.00579385
0.00533602
0.00500132
0.00498735
0.0137764
0.0139604
0.0142772
0.0144304
0.0145038
0.0145082
0.0144319
0.0142887
0.0141005
0.0138091
0.0134661
0.013129
0.0127662
0.0123902
0.0120076
0.0116189
0.0112217
0.0108114
0.0103832
0.00993241
0.00945562
0.00896244
0.00844571
0.00791087
0.00736346
0.00680887
0.00624789
0.0056913
0.00522213
0.00489845
0.0112776
0.0120814
0.0128888
0.0132918
0.0135195
0.0136575
0.0137079
0.0136824
0.0136109
0.0134729
0.0132609
0.0130686
0.0128591
0.0126375
0.0124034
0.0121489
0.0118627
0.0115345
0.0111549
0.0107218
0.0102405
0.00967467
0.00907823
0.00845036
0.00780056
0.00713985
0.00647628
0.0058258
0.00523041
0.00465792
0.00733329
0.00794044
0.00943156
0.0105329
0.0113292
0.0119586
0.0124478
0.0128092
0.0130716
0.01324
0.0132897
0.0132896
0.0132131
0.0130587
0.0128269
0.0125153
0.0121227
0.0116528
0.01111
0.0104992
0.0098335
0.00916077
0.00847043
0.00777778
0.00709946
0.00644773
0.00583298
0.00527212
0.00477388
0.00425133
-0.0467172
-0.0388163
-0.0328399
-0.0279822
-0.0239696
-0.0206269
-0.0178044
-0.015393
-0.0133096
-0.0114907
-0.00988762
-0.00846217
-0.00718424
-0.0060297
-0.00497907
-0.00401651
-0.00312909
-0.00230635
-0.00153997
-0.00082367
-0.000153131
0.000473924
0.00105768
0.00159618
0.00208504
0.00251558
0.0028785
0.00317292
0.00340063
0.00347554
-0.0468927
-0.0388393
-0.03255
-0.0275463
-0.0234433
-0.0200316
-0.0171504
-0.0146855
-0.0125523
-0.0106874
-0.00904253
-0.00758059
-0.00627273
-0.00509637
-0.00403386
-0.00307139
-0.00219834
-0.00140663
-0.000690355
-4.53797e-05
0.000530952
0.0010401
0.00148262
0.00185842
0.00216681
0.0024064
0.00257612
0.00269584
0.00285075
0.00307462
-0.0477481
-0.0398236
-0.0335058
-0.028488
-0.0243647
-0.0209291
-0.0180234
-0.0155345
-0.0133791
-0.0114948
-0.00983372
-0.00835897
-0.00704166
-0.00585898
-0.0047928
-0.00382872
-0.0029553
-0.00216352
-0.00144636
-0.000798526
-0.000216138
0.000303429
0.000761791
0.00115985
0.00149768
0.00177245
0.0019758
0.00212106
0.00232507
0.00272569
-0.0487843
-0.041145
-0.034932
-0.0299502
-0.0258159
-0.022346
-0.0193948
-0.0168559
-0.0146496
-0.0127155
-0.0110069
-0.00948767
-0.00812905
-0.00690831
-0.00580723
-0.00481116
-0.00390835
-0.00308935
-0.00234666
-0.00167439
-0.00106801
-0.000524129
-4.02947e-05
0.000385429
0.000754449
0.00106476
0.00130638
0.00148936
0.00174867
0.00230624
-0.0497273
-0.0423263
-0.0362243
-0.0312862
-0.0271484
-0.0236491
-0.0206551
-0.018067
-0.0158092
-0.0138238
-0.0120658
-0.0104996
-0.00909707
-0.00783567
-0.0066972
-0.00566693
-0.00473288
-0.00388536
-0.00311652
-0.00242007
-0.00179098
-0.00122538
-0.000720253
-0.000273075
0.000118331
0.000452828
0.000720204
0.00092819
0.00121835
0.00186963
-0.0505405
-0.0433081
-0.0373052
-0.0324132
-0.0282834
-0.0247686
-0.0217456
-0.019121
-0.0168233
-0.0147969
-0.0129982
-0.0113929
-0.00995316
-0.00865685
-0.00748585
-0.00642546
-0.00546359
-0.00459038
-0.00379772
-0.00307902
-0.0024289
-0.00184307
-0.00131808
-0.000850991
-0.000439096
-8.27671e-05
0.000208207
0.000439129
0.000747219
0.00143748
-0.0512389
-0.044133
-0.0382231
-0.0333781
-0.029264
-0.0257441
-0.0227028
-0.020052
-0.0177237
-0.0156645
-0.0138325
-0.0121941
-0.0107223
-0.00939533
-0.00819525
-0.00710743
-0.0061198
-0.0052224
-0.004407
-0.00366679
-0.00299617
-0.00239055
-0.00184618
-0.00135979
-0.000928355
-0.000551486
-0.000237883
1.56595e-05
0.000334103
0.00102163
-0.0518311
-0.0448252
-0.0390032
-0.0342028
-0.0301077
-0.0265884
-0.0235356
-0.0208655
-0.0185131
-0.0164273
-0.0145674
-0.0129009
-0.0114014
-0.0100474
-0.00882133
-0.00770872
-0.00669752
-0.00577776
-0.00494112
-0.00418068
-0.00349068
-0.00286632
-0.00230364
-0.00179915
-0.00134959
-0.000953915
-0.000619244
-0.000343994
-2.06035e-05
0.000633466
-0.0523225
-0.0453953
-0.039654
-0.0348939
-0.0308181
-0.0273025
-0.0242427
-0.0215586
-0.0191877
-0.0170806
-0.0151979
-0.0135079
-0.011985
-0.0106079
-0.00935946
-0.00822523
-0.00719329
-0.00625368
-0.00539805
-0.00461941
-0.00391189
-0.00327055
-0.00269125
-0.00217038
-0.00170453
-0.00129205
-0.000938258
-0.000642659
-0.000317746
0.000282811
-0.0527201
-0.0458525
-0.0401832
-0.0354576
-0.0314
-0.0278897
-0.0248262
-0.0221321
-0.0197472
-0.0176235
-0.0157227
-0.0140139
-0.0124718
-0.0110757
-0.00980863
-0.00865625
-0.00760675
-0.00665021
-0.00577829
-0.00498395
-0.00426124
-0.00360513
-0.00301136
-0.0024762
-0.00199619
-0.00156917
-0.00119859
-0.00088449
-0.00055982
-2.28173e-05
-0.0530327
-0.0462076
-0.0406003
-0.0359029
-0.0318611
-0.0283564
-0.0252912
-0.0225904
-0.0201952
-0.018059
-0.0161443
-0.0144207
-0.0128636
-0.0114524
-0.0101703
-0.0090033
-0.00793954
-0.00696918
-0.00608387
-0.00527657
-0.00454127
-0.00387289
-0.00326707
-0.00272002
-0.00222821
-0.00178912
-0.00140442
-0.00107423
-0.000750385
-0.000278238
-0.0532695
-0.0464714
-0.0409154
-0.0362396
-0.0322106
-0.0287111
-0.0256453
-0.0229399
-0.0205375
-0.0183922
-0.0164672
-0.0147327
-0.0131641
-0.0117415
-0.010448
-0.00926973
-0.00819497
-0.00721389
-0.00631816
-0.00550074
-0.00475559
-0.00407757
-0.00346227
-0.00290582
-0.00240472
-0.00195615
-0.00156025
-0.00121684
-0.000893684
-0.000480577
-0.0534392
-0.0466544
-0.0411385
-0.0364781
-0.0324587
-0.0289632
-0.0258974
-0.0231892
-0.0207818
-0.0186302
-0.0166981
-0.0149558
-0.0133793
-0.0119485
-0.0106469
-0.00946053
-0.00837787
-0.00738907
-0.00648582
-0.00566106
-0.00490875
-0.00422372
-0.00360151
-0.00303822
-0.00253033
-0.00207485
-0.00167074
-0.00131733
-0.000994416
-0.000629162
-0.0535501
-0.0467668
-0.0412799
-0.0366291
-0.0326159
-0.0291231
-0.0260574
-0.0233474
-0.020937
-0.0187815
-0.0168449
-0.0150978
-0.0135162
-0.0120803
-0.0107735
-0.00958201
-0.00849431
-0.00750057
-0.00659251
-0.00576305
-0.00500615
-0.00431662
-0.00368996
-0.00312227
-0.00261
-0.00215007
-0.00174066
-0.0013806
-0.00105753
-0.00072527
-0.0536062
-0.0468183
-0.0413477
-0.0367014
-0.0326912
-0.0291997
-0.026134
-0.0234232
-0.0210114
-0.0188541
-0.0169153
-0.0151659
-0.0135818
-0.0121434
-0.0108341
-0.00964023
-0.0085501
-0.007554
-0.00664362
-0.0058119
-0.00505279
-0.00436109
-0.0037323
-0.00316247
-0.00264809
-0.00218602
-0.00177405
-0.00141071
-0.00108736
-0.000771394
-0.0536062
-0.0468183
-0.0413477
-0.0367014
-0.0326912
-0.0291997
-0.026134
-0.0234233
-0.0210114
-0.0188541
-0.0169153
-0.0151659
-0.0135818
-0.0121434
-0.0108341
-0.00964023
-0.00855011
-0.007554
-0.00664362
-0.0058119
-0.00505279
-0.00436109
-0.0037323
-0.00316247
-0.00264809
-0.00218601
-0.00177405
-0.00141071
-0.00108736
-0.000771382
-0.0535501
-0.0467668
-0.0412799
-0.0366291
-0.0326159
-0.0291231
-0.0260574
-0.0233474
-0.0209371
-0.0187816
-0.0168449
-0.0150978
-0.0135162
-0.0120803
-0.0107735
-0.00958203
-0.00849432
-0.00750059
-0.00659252
-0.00576305
-0.00500615
-0.00431662
-0.00368997
-0.00312226
-0.00260999
-0.00215006
-0.00174065
-0.00138059
-0.00105751
-0.000725235
-0.0534392
-0.0466544
-0.0411385
-0.0364781
-0.0324587
-0.0289632
-0.0258974
-0.0231892
-0.0207819
-0.0186303
-0.0166981
-0.0149559
-0.0133793
-0.0119485
-0.0106469
-0.00946057
-0.0083779
-0.00738909
-0.00648583
-0.00566107
-0.00490876
-0.00422373
-0.00360152
-0.00303822
-0.00253032
-0.00207483
-0.00167072
-0.0013173
-0.000994382
-0.000629101
-0.0532694
-0.0464714
-0.0409153
-0.0362396
-0.0322106
-0.0287111
-0.0256453
-0.02294
-0.0205376
-0.0183922
-0.0164673
-0.0147327
-0.0131642
-0.0117416
-0.0104481
-0.00926977
-0.008195
-0.00721391
-0.00631819
-0.00550076
-0.0047556
-0.00407758
-0.00346227
-0.00290582
-0.00240471
-0.00195613
-0.00156022
-0.0012168
-0.000893631
-0.000480488
-0.0530327
-0.0462076
-0.0406003
-0.0359029
-0.0318611
-0.0283565
-0.0252912
-0.0225904
-0.0201952
-0.018059
-0.0161443
-0.0144208
-0.0128636
-0.0114525
-0.0101704
-0.00900335
-0.00793959
-0.00696922
-0.00608391
-0.0052766
-0.0045413
-0.00387291
-0.00326708
-0.00272001
-0.00222819
-0.0017891
-0.00140438
-0.00107417
-0.000750308
-0.000278119
-0.0527201
-0.0458525
-0.0401832
-0.0354576
-0.0313999
-0.0278897
-0.0248262
-0.0221322
-0.0197473
-0.0176236
-0.0157228
-0.014014
-0.0124719
-0.0110758
-0.0098087
-0.00865631
-0.00760681
-0.00665027
-0.00577834
-0.00498399
-0.00426127
-0.00360515
-0.00301137
-0.0024762
-0.00199617
-0.00156914
-0.00119853
-0.000884414
-0.000559716
-2.26675e-05
-0.0523224
-0.0453952
-0.0396539
-0.0348938
-0.030818
-0.0273025
-0.0242428
-0.0215587
-0.0191878
-0.0170806
-0.015198
-0.013508
-0.011985
-0.010608
-0.00935955
-0.00822532
-0.00719337
-0.00625375
-0.00539812
-0.00461947
-0.00391194
-0.00327058
-0.00269127
-0.00217038
-0.0017045
-0.001292
-0.000938184
-0.000642557
-0.00031761
0.000282992
-0.051831
-0.0448251
-0.039003
-0.0342027
-0.0301076
-0.0265884
-0.0235356
-0.0208655
-0.0185132
-0.0164274
-0.0145675
-0.012901
-0.0114015
-0.0100475
-0.00882144
-0.00770882
-0.00669762
-0.00577785
-0.00494121
-0.00418076
-0.00349074
-0.00286636
-0.00230366
-0.00179915
-0.00134956
-0.000953854
-0.000619149
-0.000343863
-2.04313e-05
0.00063368
-0.0512388
-0.0441329
-0.038223
-0.033378
-0.0292639
-0.025744
-0.0227028
-0.0200521
-0.0177237
-0.0156646
-0.0138326
-0.0121942
-0.0107224
-0.00939545
-0.00819538
-0.00710756
-0.00611993
-0.00522252
-0.00440711
-0.00366688
-0.00299624
-0.0023906
-0.0018462
-0.00135979
-0.000928316
-0.00055141
-0.000237766
1.5823e-05
0.000334315
0.00102188
-0.0505403
-0.0433079
-0.037305
-0.0324131
-0.0282833
-0.0247685
-0.0217456
-0.019121
-0.0168233
-0.0147969
-0.0129983
-0.011393
-0.00995329
-0.00865698
-0.007486
-0.00642561
-0.00546374
-0.00459052
-0.00379785
-0.00307913
-0.00242899
-0.00184313
-0.00131811
-0.000850984
-0.000439049
-8.26744e-05
0.00020835
0.000439328
0.000747475
0.00143777
-0.049727
-0.042326
-0.0362241
-0.031286
-0.0271482
-0.0236489
-0.020655
-0.018067
-0.0158092
-0.0138239
-0.0120659
-0.0104997
-0.0090972
-0.00783583
-0.00669737
-0.00566709
-0.00473304
-0.00388551
-0.00311666
-0.00242019
-0.00179108
-0.00122544
-0.000720282
-0.000273063
0.00011839
0.000452941
0.000720376
0.000928429
0.00121865
0.00186997
-0.0487839
-0.0411447
-0.0349317
-0.02995
-0.0258157
-0.0223458
-0.0193948
-0.0168559
-0.0146496
-0.0127155
-0.011007
-0.00948778
-0.00812919
-0.00690848
-0.00580741
-0.00481135
-0.00390853
-0.00308951
-0.00234681
-0.00167452
-0.00106811
-0.000524196
-4.03229e-05
0.000385447
0.000754521
0.0010649
0.00130658
0.00148964
0.00174903
0.00230665
-0.0477477
-0.0398232
-0.0335055
-0.0284878
-0.0243645
-0.020929
-0.0180233
-0.0155344
-0.0133791
-0.0114948
-0.00983381
-0.0083591
-0.00704182
-0.00585916
-0.004793
-0.00382893
-0.0029555
-0.00216371
-0.00144653
-0.000798672
-0.000216254
0.00030335
0.000761758
0.00115987
0.00149776
0.0017726
0.00197603
0.00212138
0.00232548
0.00272619
-0.0468922
-0.0388389
-0.0325497
-0.0275462
-0.0234432
-0.0200315
-0.0171505
-0.0146856
-0.0125524
-0.0106875
-0.0090427
-0.00758078
-0.00627293
-0.00509659
-0.00403408
-0.00307161
-0.00219854
-0.00140682
-0.000690518
-4.55119e-05
0.000530857
0.00104005
0.00148262
0.00185849
0.00216694
0.00240661
0.00257642
0.00269625
0.00285127
0.00307526
-0.0467167
-0.0388161
-0.0328399
-0.0279823
-0.0239699
-0.0206272
-0.0178048
-0.0153934
-0.01331
-0.0114911
-0.00988795
-0.00846246
-0.00718447
-0.00602987
-0.00497918
-0.00401655
-0.00312907
-0.00230627
-0.00153984
-0.00082348
-0.00015289
0.000474214
0.00105801
0.00159656
0.00208548
0.00251607
0.00287906
0.00317355
0.00340136
0.00347642
0.00287345
0.00246975
0.00198922
0.00149929
0.00104239
0.000623308
0.0002386
-0.000113421
-0.000433462
-0.00072247
-0.000981777
-0.00121293
-0.00141759
-0.00159749
-0.00175439
-0.00189003
-0.00200615
-0.00210442
-0.00218646
-0.0022538
-0.0023079
-0.0023501
-0.00238169
-0.00240384
-0.00241761
-0.00242402
-0.00242394
-0.0024182
-0.00240753
-0.00239258
-0.00237395
-0.00235216
-0.00232767
-0.00230088
-0.00227216
-0.00224182
-0.00221012
-0.00217731
-0.00214359
-0.00210913
-0.00207409
-0.00203859
-0.00200274
-0.00196663
-0.00193033
-0.00189392
-0.00185743
-0.00182092
-0.00178443
-0.00174797
-0.00171156
-0.00167524
-0.001639
-0.00160286
-0.00156683
-0.00153093
-0.00149514
-0.00145919
-0.00142329
-0.00138759
-0.00135207
-0.00131671
-0.00128146
-0.00124633
-0.0012113
-0.00117638
-0.00114154
-0.00110679
-0.00107212
-0.00103753
-0.001003
-0.000968545
-0.000934146
-0.000899803
-0.000865511
-0.000831268
-0.000797068
-0.00076291
-0.000728789
-0.000694703
-0.000660649
-0.000626624
-0.000592626
-0.000558652
-0.0005247
-0.000490769
-0.000456855
-0.000422958
-0.000389075
-0.000355205
-0.000321347
-0.000287498
-0.000253657
-0.000219824
-0.000185996
-0.000152172
-0.000118352
-8.45343e-05
-5.07181e-05
-1.69056e-05
0.00221514
0.00207867
0.00177245
0.00139984
0.00104233
0.000710703
0.000400167
0.000109327
-0.000161324
-0.00041149
-0.000641327
-0.000851255
-0.00104186
-0.00121387
-0.0013681
-0.00150548
-0.00162696
-0.00173354
-0.00182624
-0.00190606
-0.00197399
-0.00203101
-0.00207804
-0.00211597
-0.00214565
-0.00216787
-0.00218337
-0.00219283
-0.0021969
-0.00219615
-0.00219111
-0.00218228
-0.00217009
-0.00215494
-0.00213718
-0.00211714
-0.0020951
-0.00207132
-0.00204601
-0.00201939
-0.00199162
-0.00196287
-0.00193326
-0.00190292
-0.00187196
-0.00184046
-0.0018085
-0.00177615
-0.00174347
-0.00171051
-0.00167731
-0.00164391
-0.00161033
-0.0015766
-0.00154272
-0.00150863
-0.0014743
-0.0014406
-0.00140678
-0.00137281
-0.00133875
-0.00130466
-0.00127057
-0.00123647
-0.00120239
-0.00116831
-0.00113424
-0.00110018
-0.00106615
-0.00103212
-0.000998119
-0.000964131
-0.000930158
-0.000896202
-0.000862261
-0.000828336
-0.000794425
-0.000760529
-0.000726646
-0.000692775
-0.000658917
-0.000625069
-0.000591232
-0.000557405
-0.000523587
-0.000489777
-0.000455975
-0.00042218
-0.00038839
-0.000354606
-0.000320826
-0.000287051
-0.000253278
-0.000219509
-0.00018574
-0.000151973
-0.000118206
-8.444e-05
-5.06753e-05
-1.69052e-05
0.00165185
0.00171803
0.00154246
0.00125436
0.000969173
0.000702959
0.000449183
0.000206203
-2.47773e-05
-0.000242668
-0.000446884
-0.000637129
-0.000813289
-0.000975421
-0.00112373
-0.00125855
-0.00138032
-0.00148956
-0.00158685
-0.00167283
-0.00174817
-0.00181352
-0.00186958
-0.00191701
-0.00195649
-0.00198864
-0.00201407
-0.00203337
-0.00204709
-0.00205574
-0.00205981
-0.00205973
-0.00205593
-0.00204877
-0.0020386
-0.00202574
-0.00201047
-0.00199306
-0.00197373
-0.00195271
-0.00193017
-0.00190629
-0.00188122
-0.0018551
-0.00182804
-0.00180016
-0.00177156
-0.00174231
-0.00171249
-0.00168218
-0.00165142
-0.00162028
-0.0015888
-0.00155703
-0.00152501
-0.00149281
-0.00146053
-0.00142765
-0.00139474
-0.00136174
-0.00132863
-0.00129543
-0.00126217
-0.00122883
-0.00119544
-0.001162
-0.00112851
-0.00109499
-0.00106143
-0.00102785
-0.00099425
-0.000960627
-0.000926987
-0.000893334
-0.000859668
-0.000825993
-0.00079231
-0.000758621
-0.000724925
-0.000691226
-0.000657523
-0.000623817
-0.000590109
-0.0005564
-0.000522689
-0.000488976
-0.000455264
-0.00042155
-0.000387836
-0.000354121
-0.000320406
-0.00028669
-0.000252973
-0.000219256
-0.000185537
-0.000151816
-0.000118093
-8.4371e-05
-5.06535e-05
-1.69195e-05
0.00116415
0.00137581
0.0012982
0.00108089
0.00085851
0.000649017
0.00044478
0.000244223
4.91102e-05
-0.000138907
-0.000318706
-0.000489452
-0.000650505
-0.000801409
-0.00094189
-0.00107183
-0.00119125
-0.00130029
-0.0013992
-0.00148828
-0.00156793
-0.00163857
-0.00170067
-0.00175472
-0.0018012
-0.00184062
-0.00187348
-0.00190025
-0.0019214
-0.00193737
-0.00194861
-0.00195549
-0.00195841
-0.00195771
-0.00195373
-0.00194676
-0.00193709
-0.00192498
-0.00191065
-0.00189432
-0.0018762
-0.00185645
-0.00183524
-0.00181273
-0.00178903
-0.00176427
-0.00173857
-0.00171201
-0.00168468
-0.00165667
-0.00162804
-0.00159887
-0.0015692
-0.00153909
-0.00150859
-0.00147774
-0.00144658
-0.00141508
-0.00138333
-0.00135136
-0.00131919
-0.00128686
-0.00125437
-0.00122174
-0.001189
-0.00115615
-0.0011232
-0.00109017
-0.00105707
-0.00102389
-0.000990658
-0.000957372
-0.000924039
-0.000890665
-0.000857254
-0.00082381
-0.000790338
-0.000756839
-0.000723319
-0.000689778
-0.000656219
-0.000622645
-0.000589057
-0.000555457
-0.000521846
-0.000488225
-0.000454596
-0.000420959
-0.000387316
-0.000353666
-0.000320011
-0.000286352
-0.000252687
-0.000219019
-0.000185347
-0.00015167
-0.000117989
-8.43095e-05
-5.06386e-05
-1.694e-05
0.000747272
0.00105981
0.00105568
0.000900433
0.000734537
0.000575313
0.000414865
0.000252078
8.92121e-05
-7.16399e-05
-0.000228917
-0.00038134
-0.000527835
-0.000667531
-0.000799754
-0.000924017
-0.00104
-0.00114752
-0.00124653
-0.0013371
-0.00141935
-0.00149353
-0.0015599
-0.00161879
-0.00167056
-0.00171557
-0.00175421
-0.00178689
-0.00181398
-0.00183587
-0.00185293
-0.00186552
-0.001874
-0.00187867
-0.00187985
-0.00187783
-0.00187288
-0.00186525
-0.00185518
-0.00184287
-0.00182853
-0.00181235
-0.00179448
-0.00177509
-0.00175431
-0.00173228
-0.00170911
-0.0016849
-0.00165977
-0.00163378
-0.00160704
-0.0015796
-0.00155153
-0.00152291
-0.00149377
-0.00146417
-0.00143415
-0.00140374
-0.00137299
-0.00134194
-0.00131061
-0.00127905
-0.00124726
-0.00121528
-0.00118312
-0.0011508
-0.00111834
-0.00108575
-0.00105305
-0.00102025
-0.000987355
-0.000954377
-0.000921325
-0.000888206
-0.000855028
-0.000821796
-0.000788516
-0.000755194
-0.000721833
-0.000688438
-0.000655013
-0.00062156
-0.000588082
-0.000554583
-0.000521064
-0.000487528
-0.000453976
-0.000420411
-0.000386833
-0.000353244
-0.000319646
-0.000286038
-0.000252423
-0.000218801
-0.000185172
-0.000151537
-0.000117895
-8.42552e-05
-5.06289e-05
-1.69641e-05
0.000402707
0.000776917
0.000826702
0.000725545
0.000609527
0.000493917
0.00037132
0.000241341
0.000106674
-3.02356e-05
-0.000167462
-0.000303358
-0.000436492
-0.00056565
-0.000689842
-0.000808276
-0.000920351
-0.00102563
-0.00112383
-0.00121479
-0.00129846
-0.00137489
-0.0014442
-0.00150658
-0.00156226
-0.0016115
-0.00165461
-0.00169189
-0.00172366
-0.00175026
-0.00177201
-0.00178922
-0.00180221
-0.00181129
-0.00181672
-0.0018188
-0.00181777
-0.00181389
-0.00180737
-0.00179845
-0.0017873
-0.00177413
-0.0017591
-0.00174237
-0.00172408
-0.00170438
-0.00168338
-0.0016612
-0.00163795
-0.00161372
-0.0015886
-0.00156267
-0.001536
-0.00150866
-0.00148071
-0.0014522
-0.0014232
-0.00139373
-0.00136385
-0.0013336
-0.001303
-0.00127211
-0.00124094
-0.00120952
-0.00117788
-0.00114603
-0.001114
-0.00108181
-0.00104947
-0.001017
-0.0009844
-0.000951695
-0.000918893
-0.000886002
-0.000853031
-0.000819988
-0.000786881
-0.000753715
-0.000720498
-0.000687233
-0.000653927
-0.000620582
-0.000587204
-0.000553796
-0.00052036
-0.0004869
-0.000453418
-0.000419917
-0.000386399
-0.000352865
-0.000319317
-0.000285758
-0.000252187
-0.000218606
-0.000185017
-0.000151419
-0.000117813
-8.42086e-05
-5.06229e-05
-1.69898e-05
0.000126849
0.00052895
0.000617521
0.000563685
0.000491278
0.000412989
0.000322611
0.000220633
0.000110129
-6.16501e-06
-0.000126009
-0.000247444
-0.000368741
-0.000488413
-0.000605207
-0.00071809
-0.000826234
-0.000928994
-0.00102589
-0.0011166
-0.0012009
-0.0012787
-0.00135
-0.00141486
-0.00147341
-0.00152584
-0.00157235
-0.00161321
-0.00164865
-0.00167898
-0.00170445
-0.00172537
-0.00174201
-0.00175465
-0.00176355
-0.00176898
-0.00177117
-0.00177038
-0.00176681
-0.00176069
-0.00175221
-0.00174155
-0.00172889
-0.00171439
-0.0016982
-0.00168046
-0.0016613
-0.00164084
-0.00161919
-0.00159645
-0.00157271
-0.00154806
-0.00152258
-0.00149634
-0.00146941
-0.00144185
-0.00141371
-0.00138505
-0.00135592
-0.00132635
-0.00129639
-0.00126607
-0.00123543
-0.0012045
-0.0011733
-0.00114187
-0.00111021
-0.00107836
-0.00104634
-0.00101415
-0.000981813
-0.000949346
-0.000916761
-0.000884068
-0.000851279
-0.000818401
-0.000785444
-0.000752416
-0.000719324
-0.000686174
-0.000652972
-0.000619723
-0.000586432
-0.000553103
-0.00051974
-0.000486347
-0.000452927
-0.000419483
-0.000386017
-0.000352532
-0.000319029
-0.000285512
-0.00025198
-0.000218437
-0.000184882
-0.000151317
-0.000117743
-8.4169e-05
-5.06194e-05
-1.70154e-05
-8.65423e-05
0.000316307
0.000432112
0.000419501
0.000384692
0.000337852
0.000274477
0.000195995
0.000105802
6.88652e-06
-9.82391e-05
-0.00020735
-0.000318475
-0.0004299
-0.000540163
-0.000648037
-0.000752511
-0.000852775
-0.000948198
-0.0010383
-0.00112276
-0.00120135
-0.00127397
-0.00134059
-0.00140125
-0.00145607
-0.00150518
-0.00154879
-0.0015871
-0.00162035
-0.00164878
-0.00167264
-0.0016922
-0.0017077
-0.0017194
-0.00172754
-0.00173236
-0.00173409
-0.00173293
-0.00172911
-0.00172282
-0.00171423
-0.00170353
-0.00169088
-0.00167643
-0.00166032
-0.00164269
-0.00162366
-0.00160334
-0.00158184
-0.00155926
-0.00153569
-0.00151121
-0.0014859
-0.00145983
-0.00143306
-0.00140566
-0.00137768
-0.00134917
-0.00132018
-0.00129075
-0.00126092
-0.00123073
-0.00120021
-0.0011694
-0.00113831
-0.00110697
-0.00107541
-0.00104365
-0.00101171
-0.000979595
-0.000947332
-0.000914932
-0.000882409
-0.000849774
-0.000817038
-0.00078421
-0.0007513
-0.000718315
-0.000685263
-0.000652151
-0.000618984
-0.000585768
-0.000552507
-0.000519208
-0.000485872
-0.000452505
-0.00041911
-0.000385689
-0.000352246
-0.000318783
-0.000285302
-0.000251804
-0.000218293
-0.000184768
-0.000151231
-0.000117683
-8.41358e-05
-5.06172e-05
-1.70397e-05
-0.000245461
0.000138096
0.000272649
0.000295507
0.000292457
0.000271606
0.000230441
0.000171291
9.78182e-05
1.32269e-05
-7.97325e-05
-0.000178612
-0.00028124
-0.00038572
-0.000490423
-0.000593967
-0.000695199
-0.000793176
-0.000887146
-0.000976524
-0.00106087
-0.00113989
-0.00121337
-0.00128122
-0.00134343
-0.00140002
-0.00145111
-0.00149683
-0.00153735
-0.00157288
-0.00160362
-0.00162981
-0.00165167
-0.00166945
-0.00168338
-0.00169369
-0.00170061
-0.00170436
-0.00170515
-0.00170318
-0.00169866
-0.00169176
-0.00168265
-0.0016715
-0.00165847
-0.00164369
-0.00162731
-0.00160945
-0.00159023
-0.00156975
-0.00154812
-0.00152543
-0.00150178
-0.00147723
-0.00145186
-0.00142575
-0.00139896
-0.00137154
-0.00134355
-0.00131503
-0.00128605
-0.00125663
-0.00122681
-0.00119663
-0.00116613
-0.00113533
-0.00110426
-0.00107295
-0.00104141
-0.00100966
-0.000977737
-0.000945644
-0.0009134
-0.000881018
-0.000848513
-0.000815895
-0.000783175
-0.000750363
-0.000717468
-0.000684498
-0.000651461
-0.000618363
-0.000585209
-0.000552007
-0.00051876
-0.000485473
-0.000452151
-0.000418797
-0.000385415
-0.000352007
-0.000318577
-0.000285127
-0.000251658
-0.000218173
-0.000184673
-0.00015116
-0.000117634
-8.41079e-05
-5.06153e-05
-1.7062e-05
-0.000358918
-7.50236e-06
0.000139879
0.000192638
0.000215702
0.000215802
0.000192485
0.000148865
8.88183e-05
1.57335e-05
-6.74358e-05
-0.000158057
-0.000253797
-0.000352615
-0.000452749
-0.000552697
-0.000651195
-0.000747199
-0.00083986
-0.000928509
-0.00101263
-0.00109184
-0.00116589
-0.00123461
-0.00129792
-0.00135584
-0.0014084
-0.00145572
-0.00149793
-0.00153521
-0.00156773
-0.00159572
-0.00161938
-0.00163894
-0.00165461
-0.00166663
-0.0016752
-0.00168055
-0.00168287
-0.00168238
-0.00167926
-0.00167369
-0.00166585
-0.0016559
-0.001644
-0.00163029
-0.00161491
-0.00159798
-0.00157964
-0.00155998
-0.00153911
-0.00151714
-0.00149414
-0.00147021
-0.00144541
-0.00141983
-0.00139353
-0.00136656
-0.00133899
-0.00131086
-0.00128223
-0.00125314
-0.00122362
-0.00119372
-0.00116348
-0.00113291
-0.00110205
-0.00107093
-0.00103958
-0.001008
-0.000976223
-0.000944268
-0.000912149
-0.000879883
-0.000847483
-0.000814961
-0.000782329
-0.000749598
-0.000716776
-0.000683873
-0.000650897
-0.000617855
-0.000584753
-0.000551598
-0.000518394
-0.000485148
-0.000451862
-0.000418542
-0.000385191
-0.000351813
-0.00031841
-0.000284984
-0.000251539
-0.000218076
-0.000184596
-0.000151102
-0.000117593
-8.40848e-05
-5.06134e-05
-1.70819e-05
-0.000436039
-0.000122785
3.34993e-05
0.000110704
0.000154493
0.000170947
0.000161539
0.000130015
8.0413e-05
1.6278e-05
-5.92685e-05
-0.000143447
-0.000233796
-0.000328165
-0.000424689
-0.000521775
-0.000618075
-0.000712466
-0.000804029
-0.00089203
-0.000975891
-0.00105518
-0.00112959
-0.00119891
-0.00126302
-0.0013219
-0.00137555
-0.00142406
-0.00146753
-0.00150612
-0.00154
-0.00156935
-0.00159438
-0.00161529
-0.0016323
-0.00164562
-0.00165546
-0.00166203
-0.00166554
-0.00166618
-0.00166414
-0.00165961
-0.00165275
-0.00164373
-0.0016327
-0.00161982
-0.00160521
-0.00158901
-0.00157135
-0.00155233
-0.00153206
-0.00151064
-0.00148816
-0.0014647
-0.00144035
-0.00141518
-0.00138926
-0.00136265
-0.0013354
-0.00130758
-0.00127923
-0.00125039
-0.00122111
-0.00119143
-0.00116139
-0.001131
-0.00110032
-0.00106935
-0.00103813
-0.00100668
-0.000975028
-0.000943182
-0.000911163
-0.000878987
-0.00084667
-0.000814224
-0.000781661
-0.000748993
-0.000716229
-0.000683379
-0.000650452
-0.000617454
-0.000584393
-0.000551274
-0.000518105
-0.00048489
-0.000451634
-0.000418341
-0.000385015
-0.000351659
-0.000318278
-0.000284872
-0.000251445
-0.000217999
-0.000184535
-0.000151055
-0.000117561
-8.4066e-05
-5.06111e-05
-1.70992e-05
-0.000485344
-0.000210216
-4.75563e-05
4.87442e-05
0.000108196
0.000136857
0.000137831
0.000115327
7.35009e-05
1.60258e-05
-5.38454e-05
-0.00013322
-0.000219543
-0.000310579
-0.00040439
-0.000499314
-0.000593941
-0.000687092
-0.000777798
-0.000865274
-0.000948902
-0.00102821
-0.00110284
-0.00117257
-0.00123725
-0.0012968
-0.00135124
-0.00140061
-0.001445
-0.00148455
-0.00151941
-0.00154976
-0.00157579
-0.00159769
-0.00161568
-0.00162996
-0.00164074
-0.00164822
-0.00165261
-0.00165409
-0.00165285
-0.00164908
-0.00164295
-0.00163462
-0.00162424
-0.00161197
-0.00159795
-0.00158229
-0.00156514
-0.00154659
-0.00152677
-0.00150576
-0.00148366
-0.00146057
-0.00143655
-0.00141169
-0.00138606
-0.00135971
-0.00133271
-0.00130511
-0.00127697
-0.00124832
-0.00121922
-0.00118971
-0.00115981
-0.00112957
-0.00109901
-0.00106816
-0.00103704
-0.00100569
-0.000974127
-0.000942362
-0.000910418
-0.000878311
-0.000846056
-0.000813667
-0.000781156
-0.000748536
-0.000715816
-0.000683006
-0.000650115
-0.00061715
-0.00058412
-0.00055103
-0.000517887
-0.000484695
-0.000451461
-0.000418188
-0.000384881
-0.000351544
-0.000318178
-0.000284788
-0.000251374
-0.000217941
-0.000184488
-0.00015102
-0.000117536
-8.4051e-05
-5.06085e-05
-1.71139e-05
-0.000514276
-0.000272207
-0.000104874
5.31101e-06
7.57649e-05
0.000112932
0.000121149
0.00010493
6.85124e-05
1.56664e-05
-5.02595e-05
-0.000126293
-0.000209813
-0.000298524
-0.000390439
-0.000483846
-0.000577296
-0.000669571
-0.000759665
-0.000846761
-0.00093021
-0.00100951
-0.00108429
-0.00115429
-0.00121934
-0.00127936
-0.00133433
-0.00138429
-0.00142931
-0.00146952
-0.00150506
-0.0015361
-0.00156282
-0.00158541
-0.00160408
-0.00161903
-0.00163046
-0.00163857
-0.00164356
-0.00164563
-0.00164495
-0.00164171
-0.00163609
-0.00162824
-0.00161832
-0.00160648
-0.00159286
-0.00157758
-0.00156078
-0.00154257
-0.00152305
-0.00150234
-0.00148051
-0.00145767
-0.00143388
-0.00140924
-0.00138381
-0.00135765
-0.00133081
-0.00130337
-0.00127538
-0.00124687
-0.00121789
-0.00118849
-0.0011587
-0.00112855
-0.00109808
-0.00106731
-0.00103628
-0.001005
-0.000973491
-0.000941784
-0.000909892
-0.000877833
-0.000845622
-0.000813273
-0.000780799
-0.000748213
-0.000715523
-0.000682742
-0.000649876
-0.000616936
-0.000583927
-0.000550857
-0.000517732
-0.000484558
-0.000451339
-0.000418081
-0.000384787
-0.000351462
-0.000318108
-0.000284728
-0.000251324
-0.000217899
-0.000184455
-0.000150994
-0.000117518
-8.40398e-05
-5.06054e-05
-1.71261e-05
-0.000528917
-0.000310959
-0.000140333
-2.12717e-05
5.59758e-05
9.83766e-05
0.000111058
9.87047e-05
6.56081e-05
1.56021e-05
-4.79044e-05
-0.00012189
-0.00020369
-0.000290977
-0.000381728
-0.000474206
-0.000566934
-0.000658671
-0.00074839
-0.000835254
-0.000918594
-0.000997895
-0.00107277
-0.00114294
-0.00120822
-0.00126853
-0.00132383
-0.00137415
-0.00141956
-0.00146017
-0.00149614
-0.0015276
-0.00155475
-0.00157777
-0.00159686
-0.00161223
-0.00162406
-0.00163256
-0.00163793
-0.00164036
-0.00164003
-0.00163713
-0.00163182
-0.00162427
-0.00161463
-0.00160305
-0.00158968
-0.00157464
-0.00155806
-0.00154006
-0.00152074
-0.0015002
-0.00147854
-0.00145585
-0.00143222
-0.00140771
-0.0013824
-0.00135636
-0.00132963
-0.00130229
-0.00127438
-0.00124596
-0.00121706
-0.00118773
-0.00115801
-0.00112792
-0.0010975
-0.00106679
-0.0010358
-0.00100456
-0.000973092
-0.00094142
-0.000909561
-0.000877532
-0.000845349
-0.000813025
-0.000780575
-0.000748009
-0.000715339
-0.000682575
-0.000649726
-0.0006168
-0.000583805
-0.000550748
-0.000517634
-0.000484471
-0.000451262
-0.000418013
-0.000384728
-0.00035141
-0.000318063
-0.00028469
-0.000251292
-0.000217872
-0.000184434
-0.000150978
-0.000117507
-8.40321e-05
-5.06022e-05
-1.71357e-05
-0.000533983
-0.000328603
-0.000156184
-3.29578e-05
4.73759e-05
9.21518e-05
0.000106861
9.62616e-05
6.46673e-05
1.59438e-05
-4.64719e-05
-0.000119535
-0.000200564
-0.000287213
-0.000377446
-0.000469513
-0.000561924
-0.000653428
-0.000742988
-0.000829757
-0.00091306
-0.000992371
-0.0010673
-0.00113755
-0.00120296
-0.00126341
-0.00131887
-0.00136936
-0.00141496
-0.00145577
-0.00149193
-0.0015236
-0.00155095
-0.00157418
-0.00159347
-0.00160903
-0.00162105
-0.00162974
-0.00163529
-0.00163789
-0.00163772
-0.00163497
-0.00162981
-0.0016224
-0.00161289
-0.00160144
-0.00158819
-0.00157326
-0.00155679
-0.00153888
-0.00151965
-0.00149919
-0.00147762
-0.001455
-0.00143143
-0.00140698
-0.00138175
-0.00135575
-0.00132906
-0.00130177
-0.00127391
-0.00124553
-0.00121667
-0.00118737
-0.00115768
-0.00112762
-0.00109723
-0.00106653
-0.00103557
-0.00100435
-0.000972901
-0.000941246
-0.000909403
-0.000877388
-0.000845218
-0.000812906
-0.000780467
-0.000747911
-0.00071525
-0.000682495
-0.000649653
-0.000616734
-0.000583746
-0.000550695
-0.000517587
-0.000484428
-0.000451225
-0.00041798
-0.000384699
-0.000351385
-0.000318042
-0.000284671
-0.000251276
-0.000217859
-0.000184423
-0.00015097
-0.000117501
-8.40278e-05
-5.05994e-05
-1.71416e-05
-0.000533979
-0.000328592
-0.000156171
-3.29427e-05
4.73927e-05
9.21703e-05
0.000106882
9.62831e-05
6.46902e-05
1.59679e-05
-4.64468e-05
-0.000119509
-0.000200538
-0.000287186
-0.000377418
-0.000469484
-0.000561895
-0.000653399
-0.000742958
-0.000829728
-0.000913031
-0.000992342
-0.00106727
-0.00113752
-0.00120293
-0.00126338
-0.00131884
-0.00136933
-0.00141493
-0.00145574
-0.00149191
-0.00152357
-0.00155093
-0.00157415
-0.00159345
-0.001609
-0.00162103
-0.00162972
-0.00163526
-0.00163786
-0.0016377
-0.00163495
-0.00162979
-0.00162238
-0.00161287
-0.00160142
-0.00158817
-0.00157324
-0.00155677
-0.00153886
-0.00151963
-0.00149918
-0.0014776
-0.00145498
-0.00143141
-0.00140697
-0.00138173
-0.00135574
-0.00132905
-0.00130176
-0.0012739
-0.00124552
-0.00121666
-0.00118736
-0.00115766
-0.00112761
-0.00109722
-0.00106652
-0.00103556
-0.00100434
-0.000972892
-0.000941238
-0.000909395
-0.00087738
-0.00084521
-0.000812899
-0.00078046
-0.000747904
-0.000715244
-0.000682489
-0.000649648
-0.000616729
-0.000583741
-0.00055069
-0.000517583
-0.000484425
-0.000451222
-0.000417977
-0.000384697
-0.000351383
-0.00031804
-0.00028467
-0.000251275
-0.000217858
-0.000184422
-0.000150969
-0.0001175
-8.40271e-05
-5.05991e-05
-1.71416e-05
-0.000528902
-0.000310925
-0.000140291
-2.12249e-05
5.60277e-05
9.84336e-05
0.000111119
9.8771e-05
6.56784e-05
1.5676e-05
-4.78273e-05
-0.00012181
-0.000203608
-0.000290892
-0.000381642
-0.000474119
-0.000566846
-0.000658582
-0.000748301
-0.000835164
-0.000918505
-0.000997805
-0.00107268
-0.00114285
-0.00120813
-0.00126844
-0.00132374
-0.00137406
-0.00141947
-0.00146009
-0.00149605
-0.00152752
-0.00155467
-0.00157769
-0.00159679
-0.00161215
-0.00162399
-0.00163249
-0.00163786
-0.00164029
-0.00163996
-0.00163706
-0.00163175
-0.0016242
-0.00161457
-0.00160299
-0.00158962
-0.00157458
-0.00155801
-0.00154
-0.00152068
-0.00150015
-0.00147849
-0.0014558
-0.00143217
-0.00140766
-0.00138235
-0.00135631
-0.00132958
-0.00130224
-0.00127434
-0.00124592
-0.00121702
-0.00118769
-0.00115797
-0.00112788
-0.00109747
-0.00106675
-0.00103576
-0.00100453
-0.000973063
-0.000941393
-0.000909535
-0.000877507
-0.000845325
-0.000813003
-0.000780553
-0.000747989
-0.00071532
-0.000682557
-0.000649709
-0.000616785
-0.000583791
-0.000550735
-0.000517622
-0.00048446
-0.000451253
-0.000418005
-0.000384721
-0.000351405
-0.000318058
-0.000284685
-0.000251288
-0.000217869
-0.00018443
-0.000150975
-0.000117504
-8.403e-05
-5.06011e-05
-1.71355e-05
-0.000514246
-0.000272146
-0.0001048
5.39309e-06
7.58557e-05
0.000113032
0.000121257
0.000105045
6.8634e-05
1.57941e-05
-5.01264e-05
-0.000126155
-0.000209671
-0.000298379
-0.00039029
-0.000483696
-0.000577144
-0.000669418
-0.000759511
-0.000846607
-0.000930056
-0.00100936
-0.00108414
-0.00115414
-0.00121919
-0.00127922
-0.00133419
-0.00138414
-0.00142917
-0.00146938
-0.00150492
-0.00153596
-0.00156268
-0.00158528
-0.00160395
-0.0016189
-0.00163033
-0.00163844
-0.00164344
-0.00164551
-0.00164483
-0.0016416
-0.00163598
-0.00162813
-0.00161821
-0.00160637
-0.00159275
-0.00157748
-0.00156068
-0.00154247
-0.00152296
-0.00150224
-0.00148042
-0.00145758
-0.0014338
-0.00140916
-0.00138372
-0.00135757
-0.00133074
-0.0013033
-0.00127531
-0.0012468
-0.00121783
-0.00118843
-0.00115864
-0.00112849
-0.00109802
-0.00106726
-0.00103622
-0.00100494
-0.000973442
-0.000941736
-0.000909847
-0.00087779
-0.000845581
-0.000813234
-0.000780762
-0.000748178
-0.00071549
-0.000682711
-0.000649847
-0.000616909
-0.000583902
-0.000550834
-0.000517712
-0.00048454
-0.000451323
-0.000418067
-0.000384776
-0.000351452
-0.0003181
-0.000284721
-0.000251317
-0.000217893
-0.000184449
-0.000150989
-0.000117514
-8.40365e-05
-5.06037e-05
-1.71259e-05
-0.000485292
-0.000210124
-4.74464e-05
4.88659e-05
0.00010833
0.000137003
0.000137988
0.000115495
7.36785e-05
1.6212e-05
-5.36516e-05
-0.00013302
-0.000219337
-0.000310369
-0.000404176
-0.000499096
-0.000593721
-0.000686871
-0.000777576
-0.000865052
-0.000948679
-0.00102799
-0.00110262
-0.00117235
-0.00123703
-0.00129659
-0.00135103
-0.0014004
-0.00144479
-0.00148434
-0.00151921
-0.00154956
-0.00157559
-0.0015975
-0.00161549
-0.00162977
-0.00164056
-0.00164804
-0.00165243
-0.00165391
-0.00165268
-0.00164892
-0.00164279
-0.00163446
-0.00162409
-0.00161182
-0.0015978
-0.00158215
-0.00156499
-0.00154645
-0.00152663
-0.00150562
-0.00148353
-0.00146044
-0.00143643
-0.00141157
-0.00138594
-0.00135959
-0.0013326
-0.001305
-0.00127686
-0.00124822
-0.00121913
-0.00118961
-0.00115972
-0.00112948
-0.00109892
-0.00106808
-0.00103697
-0.00100562
-0.000974056
-0.000942294
-0.000910352
-0.000878248
-0.000845996
-0.00081361
-0.000781102
-0.000748485
-0.000715768
-0.000682961
-0.000650073
-0.000617111
-0.000584084
-0.000550997
-0.000517857
-0.000484669
-0.000451438
-0.000418169
-0.000384865
-0.00035153
-0.000318167
-0.000284778
-0.000251366
-0.000217932
-0.00018448
-0.000151012
-0.00011753
-8.40465e-05
-5.06061e-05
-1.71137e-05
-0.000435956
-0.000122657
3.365e-05
0.000110871
0.000154676
0.000171145
0.000161752
0.000130242
8.06519e-05
1.6528e-05
-5.90088e-05
-0.000143178
-0.000233521
-0.000327883
-0.000424403
-0.000521485
-0.000617782
-0.000712171
-0.000803733
-0.000891733
-0.000975595
-0.00105488
-0.00112929
-0.00119861
-0.00126273
-0.00132161
-0.00137527
-0.00142378
-0.00146726
-0.00150585
-0.00153973
-0.00156909
-0.00159412
-0.00161503
-0.00163204
-0.00164537
-0.00165521
-0.00166179
-0.00166531
-0.00166595
-0.00166392
-0.00165939
-0.00165253
-0.00164351
-0.00163249
-0.00161961
-0.00160501
-0.00158882
-0.00157116
-0.00155214
-0.00153187
-0.00151046
-0.00148798
-0.00146453
-0.00144019
-0.00141502
-0.0013891
-0.00136249
-0.00133525
-0.00130743
-0.00127909
-0.00125026
-0.00122098
-0.00119131
-0.00116126
-0.00113089
-0.0011002
-0.00106924
-0.00103803
-0.00100659
-0.000974933
-0.000943091
-0.000911076
-0.000878904
-0.00084659
-0.000814148
-0.000781589
-0.000748925
-0.000716165
-0.000683319
-0.000650395
-0.000617401
-0.000584344
-0.00055123
-0.000518065
-0.000484855
-0.000451603
-0.000418314
-0.000384993
-0.000351641
-0.000318263
-0.00028486
-0.000251434
-0.000217989
-0.000184525
-0.000151046
-0.000117553
-8.40604e-05
-5.06082e-05
-1.70989e-05
-0.000358795
-7.33207e-06
0.000140076
0.000192855
0.000215939
0.000216058
0.000192759
0.000149156
8.91245e-05
1.60532e-05
-6.71042e-05
-0.000157715
-0.000253446
-0.000352257
-0.000452385
-0.000552329
-0.000650823
-0.000746825
-0.000839485
-0.000928133
-0.00101225
-0.00109147
-0.00116552
-0.00123424
-0.00129756
-0.00135547
-0.00140804
-0.00145537
-0.00149758
-0.00153486
-0.00156739
-0.00159539
-0.00161905
-0.00163861
-0.00165429
-0.00166631
-0.00167489
-0.00168024
-0.00168258
-0.00168209
-0.00167897
-0.00167341
-0.00166558
-0.00165563
-0.00164374
-0.00163003
-0.00161466
-0.00159774
-0.0015794
-0.00155974
-0.00153888
-0.00151691
-0.00149392
-0.00146999
-0.0014452
-0.00141962
-0.00139332
-0.00136636
-0.0013388
-0.00131068
-0.00128205
-0.00125296
-0.00122346
-0.00119357
-0.00116332
-0.00113276
-0.00110191
-0.0010708
-0.00103945
-0.00100787
-0.000976103
-0.000944152
-0.000912039
-0.000879778
-0.000847382
-0.000814865
-0.000782238
-0.000749511
-0.000716694
-0.000683796
-0.000650825
-0.000617788
-0.000584691
-0.000551541
-0.000518343
-0.000485102
-0.000451822
-0.000418508
-0.000385162
-0.000351789
-0.00031839
-0.000284968
-0.000251525
-0.000218063
-0.000184585
-0.000151091
-0.000117584
-8.40783e-05
-5.06099e-05
-1.70816e-05
-0.000245288
0.000138315
0.000272899
0.000295781
0.000292755
0.000271927
0.000230784
0.000171653
9.81983e-05
1.36228e-05
-7.93226e-05
-0.00017819
-0.000280808
-0.00038528
-0.000489976
-0.000593514
-0.000694743
-0.000792718
-0.000886687
-0.000976064
-0.00106041
-0.00113943
-0.00121292
-0.00128077
-0.00134298
-0.00139958
-0.00145067
-0.00149639
-0.00153692
-0.00157245
-0.0016032
-0.00162939
-0.00165127
-0.00166905
-0.00168299
-0.0016933
-0.00170023
-0.00170399
-0.00170478
-0.00170283
-0.00169831
-0.00169141
-0.00168231
-0.00167117
-0.00165815
-0.00164338
-0.001627
-0.00160915
-0.00158993
-0.00156946
-0.00154784
-0.00152516
-0.0015015
-0.00147696
-0.0014516
-0.0014255
-0.00139871
-0.0013713
-0.00134331
-0.00131481
-0.00128583
-0.00125642
-0.00122661
-0.00119644
-0.00116595
-0.00113515
-0.00110409
-0.00107278
-0.00104125
-0.00100951
-0.00097759
-0.000945503
-0.000913264
-0.000880888
-0.000848388
-0.000815776
-0.000783062
-0.000750256
-0.000717367
-0.000684403
-0.000651372
-0.00061828
-0.000585133
-0.000551936
-0.000518696
-0.000485416
-0.000452101
-0.000418754
-0.000385378
-0.000351976
-0.000318552
-0.000285106
-0.00025164
-0.000218158
-0.00018466
-0.000151148
-0.000117624
-8.41006e-05
-5.06114e-05
-1.70616e-05
-8.63091e-05
0.000316582
0.00043242
0.000419839
0.000385058
0.000338245
0.000274895
0.000196435
0.000106263
7.36581e-06
-9.7744e-05
-0.000206841
-0.000317955
-0.000429371
-0.000539626
-0.000647494
-0.000751964
-0.000852226
-0.000947647
-0.00103775
-0.00112221
-0.00120081
-0.00127343
-0.00134005
-0.00140072
-0.00145553
-0.00150466
-0.00154827
-0.00158659
-0.00161984
-0.00164828
-0.00167215
-0.00169172
-0.00170723
-0.00171893
-0.00172708
-0.00173191
-0.00173364
-0.0017325
-0.00172868
-0.0017224
-0.00171382
-0.00170313
-0.00169049
-0.00167605
-0.00165995
-0.00164232
-0.0016233
-0.00160299
-0.0015815
-0.00155893
-0.00153536
-0.00151089
-0.00148558
-0.00145951
-0.00143275
-0.00140536
-0.00137739
-0.00134889
-0.00131991
-0.00129049
-0.00126067
-0.00123049
-0.00119998
-0.00116917
-0.00113809
-0.00110677
-0.00107521
-0.00104346
-0.00101152
-0.000979418
-0.000947162
-0.000914769
-0.000882253
-0.000849625
-0.000816895
-0.000784074
-0.000751171
-0.000718193
-0.000685148
-0.000652043
-0.000618883
-0.000585674
-0.000552421
-0.000519129
-0.000485801
-0.000452442
-0.000419055
-0.000385642
-0.000352206
-0.000318749
-0.000285274
-0.000251782
-0.000218274
-0.000184752
-0.000151217
-0.000117672
-8.41274e-05
-5.06126e-05
-1.70392e-05
0.000127152
0.000529289
0.000617895
0.000564095
0.000491721
0.000413463
0.000323113
0.000221161
0.00011068
-5.59423e-06
-0.000125421
-0.00024684
-0.000368125
-0.000487787
-0.000604572
-0.000717449
-0.000825589
-0.000928347
-0.00102524
-0.00111595
-0.00120025
-0.00127806
-0.00134936
-0.00141422
-0.00147278
-0.00152521
-0.00157174
-0.0016126
-0.00164805
-0.00167838
-0.00170387
-0.0017248
-0.00174144
-0.00175409
-0.001763
-0.00176844
-0.00177064
-0.00176986
-0.0017663
-0.00176019
-0.00175172
-0.00174107
-0.00172842
-0.00171393
-0.00169775
-0.00168002
-0.00166087
-0.00164042
-0.00161878
-0.00159604
-0.00157231
-0.00154767
-0.0015222
-0.00149597
-0.00146904
-0.00144149
-0.00141336
-0.00138471
-0.00135559
-0.00132603
-0.00129608
-0.00126578
-0.00123515
-0.00120423
-0.00117304
-0.00114162
-0.00110997
-0.00107813
-0.00104611
-0.00101393
-0.000981604
-0.000949146
-0.000916569
-0.000883884
-0.000851102
-0.000818232
-0.000785283
-0.000752263
-0.000719179
-0.000686037
-0.000652843
-0.000619602
-0.000586319
-0.000552999
-0.000519645
-0.000486261
-0.00045285
-0.000419414
-0.000385957
-0.00035248
-0.000318986
-0.000285475
-0.00025195
-0.000218412
-0.000184862
-0.0001513
-0.000117729
-8.41593e-05
-5.0614e-05
-1.70147e-05
0.000403089
0.000777329
0.000827153
0.000726036
0.000610056
0.000494481
0.000371915
0.000241965
0.000107324
-2.9564e-05
-0.000166772
-0.000302651
-0.000435771
-0.000564919
-0.000689102
-0.00080753
-0.000919601
-0.00102488
-0.00112308
-0.00121404
-0.00129771
-0.00137415
-0.00144346
-0.00150585
-0.00156153
-0.00161078
-0.00165389
-0.00169118
-0.00172297
-0.00174958
-0.00177133
-0.00178856
-0.00180156
-0.00181064
-0.00181609
-0.00181817
-0.00181716
-0.00181328
-0.00180678
-0.00179787
-0.00178673
-0.00177357
-0.00175855
-0.00174183
-0.00172356
-0.00170387
-0.00168288
-0.00166072
-0.00163748
-0.00161325
-0.00158814
-0.00156222
-0.00153556
-0.00150822
-0.00148028
-0.00145178
-0.00142278
-0.00139333
-0.00136347
-0.00133323
-0.00130265
-0.00127177
-0.00124061
-0.00120921
-0.00117757
-0.00114574
-0.00111372
-0.00108154
-0.00104921
-0.00101674
-0.000984158
-0.000951463
-0.000918669
-0.000885786
-0.000852824
-0.000819791
-0.000786692
-0.000753536
-0.000720327
-0.000687072
-0.000653775
-0.00062044
-0.000587071
-0.000553672
-0.000520246
-0.000486796
-0.000453324
-0.000419832
-0.000386324
-0.0003528
-0.000319261
-0.00028571
-0.000252147
-0.000218574
-0.00018499
-0.000151398
-0.000117797
-8.41967e-05
-5.06163e-05
-1.69886e-05
0.000747741
0.00106031
0.00105622
0.000901018
0.000735165
0.00057598
0.000415566
0.00025281
8.99718e-05
-7.08564e-05
-0.000228113
-0.000380519
-0.000527
-0.000666684
-0.000798899
-0.000923157
-0.00103913
-0.00114665
-0.00124567
-0.00133623
-0.00141849
-0.00149268
-0.00155905
-0.00161795
-0.00166972
-0.00171474
-0.0017534
-0.00178608
-0.00181318
-0.00183508
-0.00185215
-0.00186476
-0.00187324
-0.00187793
-0.00187912
-0.00187712
-0.00187218
-0.00186456
-0.0018545
-0.00184221
-0.00182788
-0.00181171
-0.00179386
-0.00177448
-0.00175372
-0.0017317
-0.00170854
-0.00168435
-0.00165923
-0.00163326
-0.00160652
-0.00157909
-0.00155103
-0.00152241
-0.00149327
-0.00146367
-0.00143366
-0.00140327
-0.00137255
-0.00134152
-0.00131021
-0.00127866
-0.00124689
-0.00121492
-0.00118278
-0.00115047
-0.00111802
-0.00108545
-0.00105276
-0.00101996
-0.000987078
-0.000954109
-0.000921067
-0.000887958
-0.00085479
-0.000821568
-0.000788299
-0.000754986
-0.000721636
-0.000688251
-0.000654836
-0.000621393
-0.000587926
-0.000554437
-0.000520929
-0.000487404
-0.000453863
-0.000420309
-0.000386742
-0.000353164
-0.000319575
-0.000285978
-0.000252372
-0.000218759
-0.000185138
-0.000151509
-0.000117874
-8.42402e-05
-5.06203e-05
-1.69623e-05
0.00116472
0.0013764
0.00129884
0.00108159
0.000859251
0.000649801
0.000445601
0.000245078
4.99939e-05
-0.000137998
-0.000317776
-0.000488505
-0.000649543
-0.000800437
-0.00094091
-0.00107085
-0.00119026
-0.00129931
-0.00139821
-0.0014873
-0.00156695
-0.0016376
-0.00169971
-0.00175376
-0.00180025
-0.00183968
-0.00187255
-0.00189933
-0.00192049
-0.00193648
-0.00194773
-0.00195462
-0.00195756
-0.00195687
-0.00195291
-0.00194595
-0.0019363
-0.00192419
-0.00190988
-0.00189357
-0.00187546
-0.00185573
-0.00183454
-0.00181204
-0.00178835
-0.00176361
-0.00173792
-0.00171138
-0.00168407
-0.00165607
-0.00162746
-0.0015983
-0.00156864
-0.00153853
-0.00150802
-0.00147716
-0.00144598
-0.00141453
-0.00138282
-0.00135088
-0.00131875
-0.00128643
-0.00125396
-0.00122135
-0.00118862
-0.00115578
-0.00112284
-0.00108982
-0.00105673
-0.00102356
-0.000990342
-0.000957067
-0.000923746
-0.000890382
-0.000856982
-0.00082355
-0.000790089
-0.000756602
-0.000723092
-0.000689563
-0.000656016
-0.000622453
-0.000588877
-0.000555288
-0.000521689
-0.00048808
-0.000454463
-0.000420838
-0.000387206
-0.000353569
-0.000319925
-0.000286277
-0.000252624
-0.000218965
-0.000185303
-0.000151635
-0.000117962
-8.42903e-05
-5.06276e-05
-1.69372e-05
0.00165252
0.00171874
0.00154322
0.00125518
0.000970045
0.000703877
0.000450141
0.000207196
-2.37541e-05
-0.000241619
-0.000445814
-0.000636041
-0.000812189
-0.000974311
-0.00112261
-0.00125743
-0.00137919
-0.00148843
-0.00158573
-0.00167172
-0.00174706
-0.00181242
-0.00186849
-0.00191593
-0.00195542
-0.00198758
-0.00201302
-0.00203234
-0.00204607
-0.00205474
-0.00205882
-0.00205876
-0.00205496
-0.00204782
-0.00203767
-0.00202482
-0.00200957
-0.00199218
-0.00197287
-0.00195186
-0.00192934
-0.00190548
-0.00188042
-0.00185432
-0.00182728
-0.00179942
-0.00177084
-0.00174161
-0.00171181
-0.00168152
-0.00165078
-0.00161966
-0.0015882
-0.00155643
-0.00152439
-0.00149213
-0.00145966
-0.001427
-0.00139418
-0.00136123
-0.00132815
-0.00129497
-0.00126172
-0.0012284
-0.00119501
-0.00116158
-0.00112811
-0.0010946
-0.00106106
-0.00102749
-0.000993895
-0.000960284
-0.000926656
-0.000893015
-0.000859362
-0.000825699
-0.000792028
-0.000758351
-0.000724669
-0.000690982
-0.000657292
-0.000623599
-0.000589903
-0.000556207
-0.000522509
-0.00048881
-0.00045511
-0.000421409
-0.000387708
-0.000354006
-0.000320304
-0.0002866
-0.000252896
-0.00021919
-0.000185482
-0.000151772
-0.000118059
-8.4347e-05
-5.06395e-05
-1.69156e-05
0.00221596
0.00207952
0.00177337
0.00140082
0.00104336
0.000711782
0.000401289
0.000110485
-0.000160136
-0.000410278
-0.000640094
-0.000850006
-0.0010406
-0.0012126
-0.00136683
-0.00150421
-0.00162569
-0.00173227
-0.00182497
-0.0019048
-0.00197274
-0.00202977
-0.00207681
-0.00211476
-0.00214445
-0.00216668
-0.0021822
-0.00219168
-0.00219576
-0.00219502
-0.00219
-0.00218119
-0.00216901
-0.00215388
-0.00213614
-0.00211612
-0.0020941
-0.00207033
-0.00204504
-0.00201844
-0.00199069
-0.00196196
-0.00193237
-0.00190205
-0.00187111
-0.00183963
-0.00180769
-0.00177537
-0.00174272
-0.00170978
-0.00167661
-0.00164324
-0.0016097
-0.00157601
-0.00154219
-0.0015082
-0.00147407
-0.00144022
-0.00140634
-0.00137234
-0.00133827
-0.00130418
-0.00127009
-0.001236
-0.00120192
-0.00116785
-0.00113379
-0.00109975
-0.00106572
-0.00103171
-0.000997722
-0.000963746
-0.000929787
-0.000895844
-0.000861917
-0.000828005
-0.000794109
-0.000760226
-0.000726357
-0.0006925
-0.000658656
-0.000624823
-0.000591
-0.000557187
-0.000523383
-0.000489588
-0.0004558
-0.000422018
-0.000388243
-0.000354473
-0.000320708
-0.000286946
-0.000253187
-0.00021943
-0.000185675
-0.00015192
-0.000118165
-8.44107e-05
-5.0658e-05
-1.69001e-05
0.00287447
0.00247082
0.00199035
0.00150049
0.00104365
0.00062462
0.000239954
-0.000112032
-0.000432043
-0.000721029
-0.000980319
-0.00121146
-0.00141611
-0.00159601
-0.00175291
-0.00188855
-0.00200468
-0.00210296
-0.002185
-0.00225235
-0.00230646
-0.00234868
-0.00238028
-0.00240244
-0.00241624
-0.00242266
-0.0024226
-0.00241688
-0.00240622
-0.0023913
-0.00237269
-0.00235091
-0.00232644
-0.00229967
-0.00227097
-0.00224065
-0.00220897
-0.00217619
-0.00214249
-0.00210805
-0.00207303
-0.00203755
-0.00200172
-0.00196563
-0.00192936
-0.00189297
-0.00185652
-0.00182003
-0.00178357
-0.00174714
-0.00171077
-0.00167449
-0.0016383
-0.00160222
-0.00156626
-0.00153045
-0.00149475
-0.00145875
-0.00142281
-0.00138708
-0.00135155
-0.00131617
-0.00128092
-0.00124579
-0.00121077
-0.00117585
-0.00114103
-0.00110629
-0.00107164
-0.00103706
-0.00100255
-0.000968106
-0.000933722
-0.000899394
-0.000865118
-0.00083089
-0.000796707
-0.000762564
-0.000728459
-0.000694389
-0.000660351
-0.000626342
-0.000592359
-0.000558401
-0.000524466
-0.00049055
-0.000456653
-0.000422771
-0.000388905
-0.000355051
-0.000321208
-0.000287374
-0.000253549
-0.000219731
-0.000185918
-0.000152108
-0.000118302
-8.44985e-05
-5.06965e-05
-1.68985e-05
)
;

boundaryField
{
    inlet
    {
        type            zeroGradient;
    }
    outlet
    {
        type            totalPressure;
        rho             none;
        psi             none;
        gamma           1;
        p0              uniform 0;
        value           uniform 0;
    }
    top
    {
        type            zeroGradient;
    }
    bottom
    {
        type            zeroGradient;
    }
    obstacle
    {
        type            zeroGradient;
    }
    frontAndBack
    {
        type            empty;
    }
}


// ************************************************************************* //
