/*--------------------------------*- C++ -*----------------------------------*\
  =========                 |
  \\      /  F ield         | OpenFOAM: The Open Source CFD Toolbox
   \\    /   O peration     | Website:  https://openfoam.org
    \\  /    A nd           | Version:  12
     \\/     M anipulation  |
\*---------------------------------------------------------------------------*/
FoamFile
{
    format      ascii;
    class       volScalarField;
    location    "80";
    object      pMean;
}
// * * * * * * * * * * * * * * * * * * * * * * * * * * * * * * * * * * * * * //

dimensions      [0 2 -2 0 0 0 0];

internalField   nonuniform List<scalar> 
6750
(
-0.0201538
-0.0201926
-0.0202745
-0.0204836
-0.0213245
-0.0180805
-0.018088
-0.0181781
-0.0184058
-0.0186991
-0.0158107
-0.0158374
-0.0159299
-0.0160924
-0.0162008
-0.0135083
-0.0135696
-0.0136566
-0.0137634
-0.0138011
-0.0112588
-0.0113633
-0.0114586
-0.0115357
-0.0115347
-0.00914094
-0.00929294
-0.00940625
-0.00946881
-0.00944609
-0.00720407
-0.00740464
-0.00753915
-0.00759301
-0.00755577
-0.005478
-0.00572631
-0.00588178
-0.0059286
-0.00587965
-0.00398119
-0.00427477
-0.00444929
-0.00448927
-0.00443023
-0.00272332
-0.00305822
-0.00324893
-0.00328203
-0.00321439
-0.00170622
-0.00207721
-0.00228069
-0.0023071
-0.00223245
-0.000924507
-0.00132549
-0.00153794
-0.00155821
-0.00147827
-0.000366202
-0.000791169
-0.00100822
-0.00102332
-0.000939931
-1.40859e-05
-0.000457466
-0.000673477
-0.000685546
-0.000600814
0.000148345
-0.000300843
-0.000511328
-0.000524828
-0.000441133
0.000148923
-0.000300259
-0.000510723
-0.000524218
-0.000440521
-1.23441e-05
-0.000455705
-0.000671685
-0.000683729
-0.000598983
-0.0003633
-0.000788239
-0.00100524
-0.0010203
-0.000936888
-0.00092046
-0.00132141
-0.00153381
-0.00155401
-0.00147404
-0.00170105
-0.002072
-0.00227542
-0.00230176
-0.00222707
-0.00271706
-0.00305192
-0.00324255
-0.00327558
-0.0032079
-0.00397387
-0.00426741
-0.00444185
-0.00448175
-0.00442267
-0.00546969
-0.00571794
-0.00587332
-0.00592002
-0.005871
-0.00719481
-0.00739532
-0.00752972
-0.00758345
-0.00754613
-0.00913083
-0.00928276
-0.00939596
-0.00945839
-0.00943561
-0.0112479
-0.0113524
-0.0114476
-0.0115245
-0.0115235
-0.0134968
-0.013558
-0.0136449
-0.0137516
-0.0137893
-0.0157986
-0.0158252
-0.0159177
-0.0160801
-0.0161885
-0.018068
-0.0180754
-0.0181655
-0.0183932
-0.0186866
-0.0201409
-0.0201797
-0.0202615
-0.0204707
-0.0213116
-0.0262463
-0.0258569
-0.0247738
-0.0240057
-0.0234706
-0.0230481
-0.0227075
-0.0224248
-0.0221755
-0.0219614
-0.0217522
-0.0215233
-0.0212819
-0.0210273
-0.0207634
-0.0204983
-0.020242
-0.0200039
-0.0197932
-0.0196132
-0.019451
-0.0193136
-0.0191989
-0.0190996
-0.019009
-0.0189225
-0.0188346
-0.0187222
-0.0185736
-0.0186512
-0.0229231
-0.0223796
-0.0218057
-0.0215546
-0.0214286
-0.0213527
-0.02132
-0.0213116
-0.0213123
-0.0213396
-0.0213406
-0.021292
-0.0211987
-0.021055
-0.0208636
-0.0206352
-0.0203856
-0.0201318
-0.0198906
-0.0196757
-0.0195081
-0.0193803
-0.0192917
-0.0192404
-0.0192204
-0.019226
-0.0192527
-0.0192787
-0.0192404
-0.0192511
-0.02057
-0.0204596
-0.0202269
-0.0201394
-0.020106
-0.0201106
-0.0201589
-0.020236
-0.0203395
-0.0204917
-0.020628
-0.0207431
-0.0208362
-0.0208957
-0.0209165
-0.0208985
-0.0208463
-0.0207675
-0.0206715
-0.0205674
-0.020462
-0.0203632
-0.0202763
-0.0202034
-0.0201446
-0.0200995
-0.0200713
-0.0200509
-0.0199655
-0.0198582
-0.0190058
-0.019175
-0.0190625
-0.0190107
-0.0190122
-0.0190625
-0.0191632
-0.0193032
-0.0194905
-0.0197414
-0.0199937
-0.0202543
-0.0205155
-0.0207618
-0.0209812
-0.0211644
-0.0213053
-0.0214015
-0.0214541
-0.0214663
-0.0214424
-0.0213901
-0.0213174
-0.0212309
-0.021136
-0.021038
-0.0209454
-0.0208575
-0.0206961
-0.0204404
-0.0177078
-0.0179639
-0.0178999
-0.0178909
-0.0179469
-0.0180596
-0.0182274
-0.0184448
-0.018729
-0.0190824
-0.0194546
-0.0198552
-0.0202707
-0.0206825
-0.0210733
-0.0214272
-0.0217313
-0.021976
-0.0221566
-0.0222726
-0.0223273
-0.0223274
-0.0222815
-0.0221993
-0.0220899
-0.0219622
-0.0218291
-0.0216954
-0.0214714
-0.0210622
-0.0165055
-0.0167733
-0.0167498
-0.0167952
-0.0169135
-0.0170935
-0.0173343
-0.0176364
-0.0180251
-0.0184832
-0.0189783
-0.0195159
-0.0200783
-0.0206439
-0.0211911
-0.0216992
-0.0221496
-0.0225282
-0.022826
-0.0230397
-0.0231713
-0.0232269
-0.0232159
-0.0231494
-0.0230389
-0.0228959
-0.0227376
-0.0225722
-0.0222989
-0.0217469
-0.0153715
-0.0156252
-0.0156427
-0.0157437
-0.0159235
-0.0161711
-0.0164863
-0.0168771
-0.0173713
-0.0179343
-0.0185525
-0.0192239
-0.0199275
-0.0206393
-0.0213338
-0.021986
-0.0225732
-0.0230774
-0.0234864
-0.0237947
-0.0240026
-0.0241161
-0.024145
-0.0241014
-0.0239982
-0.0238492
-0.0236753
-0.0234869
-0.0231723
-0.0224941
-0.0142909
-0.0145191
-0.0145754
-0.0147317
-0.0149726
-0.015289
-0.0156818
-0.0161657
-0.0167629
-0.0174325
-0.018173
-0.0189752
-0.0198155
-0.0206673
-0.0215018
-0.0222905
-0.0230071
-0.0236304
-0.0241458
-0.0245457
-0.0248295
-0.0250026
-0.0250749
-0.0250596
-0.0249705
-0.0248234
-0.0246413
-0.0244378
-0.0240887
-0.0233003
-0.0132476
-0.0134444
-0.0135388
-0.0137518
-0.0140555
-0.0144425
-0.0149165
-0.0154977
-0.0161951
-0.0169742
-0.0178364
-0.0187668
-0.0197402
-0.0207272
-0.0216961
-0.0226152
-0.0234554
-0.0241928
-0.0248106
-0.0252998
-0.0256588
-0.0258926
-0.0260113
-0.0260286
-0.0259592
-0.0258203
-0.0256369
-0.0254242
-0.0250463
-0.0241626
-0.0122294
-0.0123937
-0.0125274
-0.0127982
-0.0131673
-0.013627
-0.0141852
-0.0148666
-0.0156639
-0.0165548
-0.0175384
-0.0185958
-0.0196996
-0.0208185
-0.0219178
-0.022963
-0.0239225
-0.0247704
-0.0254879
-0.0260648
-0.0264986
-0.0267941
-0.0269615
-0.0270149
-0.0269699
-0.0268444
-0.0266661
-0.0264499
-0.026047
-0.0250795
-0.0112277
-0.0113601
-0.0115336
-0.0118651
-0.0123027
-0.0128371
-0.0134833
-0.0142669
-0.0151653
-0.0161703
-0.0172755
-0.0184592
-0.0196923
-0.0209409
-0.022168
-0.0233366
-0.0244129
-0.0253689
-0.0261845
-0.0268482
-0.027357
-0.0277153
-0.0279336
-0.0280262
-0.0280092
-0.0279017
-0.0277337
-0.0275187
-0.0270936
-0.0260506
-0.0102353
-0.0103369
-0.010551
-0.0109455
-0.0114542
-0.0120682
-0.0128078
-0.0136922
-0.0146954
-0.0158167
-0.0170446
-0.018355
-0.019717
-0.0210945
-0.0224482
-0.0237389
-0.0249306
-0.0259938
-0.026907
-0.0276576
-0.0282421
-0.0286648
-0.0289361
-0.0290705
-0.029085
-0.0289994
-0.0288457
-0.0286362
-0.0281912
-0.0270776
-0.00924499
-0.00931647
-0.00957206
-0.0100332
-0.0106162
-0.0113138
-0.0121524
-0.0131373
-0.0142501
-0.0154904
-0.0168427
-0.0182811
-0.0197729
-0.0212797
-0.0227601
-0.0241728
-0.0254801
-0.0266507
-0.0276619
-0.0285005
-0.0291622
-0.0296511
-0.0299778
-0.030157
-0.030206
-0.0301458
-0.0300106
-0.0298107
-0.0293471
-0.0281644
-0.00824981
-0.00829086
-0.00858876
-0.00912035
-0.00978115
-0.0105675
-0.0115098
-0.0125977
-0.0138249
-0.0151874
-0.0166669
-0.0182357
-0.0198593
-0.021497
-0.0231055
-0.0246415
-0.0260656
-0.0273451
-0.0284561
-0.0293845
-0.0301257
-0.0306835
-0.0310684
-0.0312956
-0.0313825
-0.0313513
-0.0312386
-0.0310519
-0.0305702
-0.0293178
-0.00724299
-0.00724956
-0.00759031
-0.00819633
-0.00894202
-0.00982474
-0.0108716
-0.012068
-0.0134151
-0.0149042
-0.0165147
-0.0182174
-0.0199758
-0.0217473
-0.0234865
-0.0251484
-0.0266919
-0.028083
-0.0292967
-0.030318
-0.0311418
-0.0317718
-0.0322186
-0.0324973
-0.0326258
-0.0326275
-0.0325414
-0.0323715
-0.0318721
-0.0305472
-0.00621652
-0.00618097
-0.00656512
-0.00725119
-0.00808894
-0.00907661
-0.0102306
-0.0115431
-0.0130159
-0.0146367
-0.0163832
-0.0182246
-0.0201222
-0.0220317
-0.0239057
-0.0256975
-0.0273643
-0.028871
-0.0301914
-0.0313098
-0.0322206
-0.0329271
-0.03344
-0.0337744
-0.0339488
-0.0339877
-0.0339327
-0.0337835
-0.0332666
-0.0318653
-0.00516
-0.00507102
-0.0054997
-0.00627268
-0.00721198
-0.00831264
-0.00957915
-0.0110161
-0.0126216
-0.0143808
-0.0162698
-0.0182558
-0.0202986
-0.0223517
-0.0243659
-0.0262929
-0.0280886
-0.0297162
-0.0311488
-0.0323698
-0.0333731
-0.0341617
-0.034746
-0.0351415
-0.0353667
-0.0354479
-0.0354293
-0.0353048
-0.0347707
-0.0332885
-0.00405652
-0.00390497
-0.00437765
-0.00524828
-0.00630174
-0.00751971
-0.00890863
-0.0104793
-0.0122261
-0.0141319
-0.0161712
-0.0183097
-0.0205051
-0.022709
-0.0248707
-0.02694
-0.0288714
-0.0306271
-0.0321789
-0.0335095
-0.0346122
-0.0354896
-0.0361521
-0.0366152
-0.0368974
-0.0370269
-0.0370507
-0.036956
-0.0364054
-0.0348377
-0.00288703
-0.00266517
-0.00318183
-0.00416155
-0.00534233
-0.00668466
-0.00820834
-0.00992366
-0.0118219
-0.0138845
-0.0160842
-0.0183848
-0.0207421
-0.0231061
-0.0254242
-0.0276447
-0.0297208
-0.0316133
-0.0332931
-0.0347421
-0.0359527
-0.0369275
-0.0376765
-0.0382152
-0.0385622
-0.0387475
-0.0388208
-0.0387619
-0.0381957
-0.0365388
-0.00162878
-0.00132376
-0.001889
-0.00299473
-0.00431268
-0.0057925
-0.00746468
-0.00933784
-0.0114005
-0.0136324
-0.0160048
-0.0184796
-0.0210106
-0.0235461
-0.0260318
-0.0284146
-0.0306463
-0.0326866
-0.0345053
-0.0360834
-0.0374127
-0.0384953
-0.0393409
-0.0399649
-0.0403861
-0.0406364
-0.040768
-0.0407525
-0.0401737
-0.038425
-0.000247202
0.000147162
-0.000472778
-0.00171852
-0.00318724
-0.00482356
-0.00666133
-0.00870823
-0.0109512
-0.0133683
-0.0159287
-0.0185924
-0.0213117
-0.0240329
-0.0267002
-0.0292591
-0.03166
-0.0338615
-0.0358325
-0.0375529
-0.039014
-0.0402172
-0.0411721
-0.0418936
-0.0424008
-0.0427278
-0.0429302
-0.0429667
-0.0423791
-0.0405383
0.00130163
0.00178929
0.00110259
-0.000297505
-0.0019376
-0.00375248
-0.00577655
-0.00801752
-0.010461
-0.0130829
-0.0158505
-0.018722
-0.0216476
-0.0245722
-0.0274384
-0.0301903
-0.0327771
-0.0351565
-0.0372961
-0.0391752
-0.0407842
-0.042124
-0.0432037
-0.0440378
-0.0446457
-0.0450635
-0.0453499
-0.0454515
-0.0448624
-0.0429325
0.0030779
0.00365912
0.00289316
0.00131651
-0.000524411
-0.00254515
-0.00478222
-0.00724343
-0.00991302
-0.0127648
-0.0157641
-0.0188669
-0.0220218
-0.0251719
-0.0282585
-0.0312245
-0.034018
-0.0365956
-0.0389242
-0.0409821
-0.042759
-0.0442551
-0.045479
-0.0464448
-0.0471724
-0.0476988
-0.0480868
-0.0482705
-0.0476911
-0.0456789
0.00516932
0.00583994
0.00497459
0.00318481
0.00110538
-0.00115692
-0.00364137
-0.00635675
-0.00928579
-0.0123999
-0.0156621
-0.0190265
-0.0224398
-0.0258435
-0.0291777
-0.0323842
-0.0354104
-0.0382117
-0.0407545
-0.0430162
-0.0449859
-0.046663
-0.0480553
-0.0491767
-0.050047
-0.0507056
-0.051218
-0.0515047
-0.0509532
-0.0488727
0.00770646
0.00844598
0.00744488
0.00539325
0.00302651
0.000474575
-0.00230324
-0.005318
-0.00855069
-0.01197
-0.0155363
-0.0192018
-0.0229112
-0.0266048
-0.0302213
-0.033702
-0.0369935
-0.0400509
-0.0428397
-0.0453368
-0.0475306
-0.0494197
-0.0510115
-0.0523188
-0.0533619
-0.0541832
-0.0548487
-0.0552655
-0.0547676
-0.0526444
0.0108828
0.0116505
0.0104511
0.00806957
0.00534632
0.00243978
-0.00069519
-0.00407179
-0.00766875
-0.0114516
-0.0153779
-0.0193974
-0.0234532
-0.0274841
-0.0314285
-0.0352269
-0.038826
-0.0421807
-0.0452564
-0.0480295
-0.0504876
-0.0526289
-0.0544597
-0.0559922
-0.0572467
-0.0582685
-0.0591268
-0.0597109
-0.0593065
-0.0571828
0.0150159
0.0157127
0.0142145
0.0114041
0.00823024
0.0048751
0.0012902
-0.00253864
-0.00658693
-0.0108162
-0.0151807
-0.0196275
-0.024098
-0.0285303
-0.0328626
-0.0370362
-0.0409985
-0.0447052
-0.0481219
-0.0512251
-0.0540018
-0.0564494
-0.0585729
-0.0603835
-0.0619009
-0.0631725
-0.0642698
-0.0650702
-0.0648169
-0.0627645
0.0206841
0.0210877
0.0190938
0.0156975
0.011927
0.0079789
0.00380355
-0.000611878
-0.00523859
-0.0100333
-0.0149463
-0.019922
-0.0249002
-0.0298194
-0.0346189
-0.0392422
-0.0436392
-0.0477679
-0.0515957
-0.0550997
-0.0582675
-0.0610953
-0.0635873
-0.065753
-0.0676115
-0.0692103
-0.0706203
-0.0717158
-0.0717296
-0.0699005
0.0288569
0.0285597
0.0257708
0.021588
0.0170177
0.0122485
0.0072399
0.00199319
-0.00345021
-0.00903667
-0.0147086
-0.0204056
-0.0260661
-0.0316298
-0.0370396
-0.0422437
-0.0471972
-0.0518636
-0.056213
-0.0602252
-0.0638908
-0.0672003
-0.0701542
-0.0727591
-0.0750302
-0.0770091
-0.0787607
-0.0801774
-0.0805725
-0.0792267
0.0434316
0.0413355
0.0367757
0.031157
0.0252194
0.0190628
0.012675
0.00609207
-0.000623607
-0.00740626
-0.0141929
-0.0209235
-0.0275429
-0.0340012
-0.0402553
-0.0462686
-0.0520104
-0.0574541
-0.0625799
-0.0673704
-0.0718086
-0.0758917
-0.0796153
-0.0829765
-0.0859782
-0.0886427
-0.0910204
-0.0930855
-0.0943916
-0.0940882
-0.0231465
-0.0219949
-0.0201851
-0.0186706
-0.0173332
-0.0160545
-0.0148099
-0.0135935
-0.0123967
-0.0112099
-0.0100235
-0.00882703
-0.00760925
-0.00635769
-0.00505859
-0.00369606
-0.00225154
-0.000702859
0.000975449
0.00281402
0.00485323
0.00714273
0.00974697
0.0127523
0.0162786
0.0204984
0.0256397
0.0320414
0.0398793
0.0504322
-0.0186917
-0.017521
-0.0162296
-0.0151036
-0.0140555
-0.0130288
-0.012013
-0.0110036
-0.00999287
-0.00897262
-0.00793461
-0.00687035
-0.0057707
-0.00462564
-0.00342364
-0.00215107
-0.000791425
0.000675578
0.00227477
0.00403778
0.00600611
0.00823361
0.0107926
0.0137822
0.0173431
0.0216792
0.0270815
0.0340077
0.0429433
0.0551812
-0.0159806
-0.0149231
-0.0138848
-0.0129282
-0.0119821
-0.0110275
-0.0100659
-0.00909522
-0.00810982
-0.00710312
-0.00606808
-0.00499701
-0.00388131
-0.0027112
-0.00147531
-0.000159996
0.00125133
0.00277921
0.00444929
0.00629457
0.00835824
0.0106974
0.0133896
0.0165423
0.0203083
0.0249094
0.0306709
0.0381044
0.0478678
0.0613255
-0.0135663
-0.0126198
-0.0116965
-0.0108227
-0.00994457
-0.00904898
-0.00813535
-0.00719994
-0.00623666
-0.00523896
-0.00419986
-0.00311165
-0.00196565
-0.000751834
0.000541619
0.00192893
0.00342752
0.00505901
0.00685061
0.00883731
0.0110648
0.0135934
0.0165053
0.0199134
0.0239779
0.0289291
0.0351049
0.0430242
0.0534293
0.067692
-0.0113086
-0.0104607
-0.00963192
-0.00883386
-0.00801977
-0.00717672
-0.00630272
-0.00539385
-0.00444457
-0.00344878
-0.00239979
-0.00129005
-0.000110804
0.00114821
0.00249925
0.00395721
0.0055404
0.00727163
0.00917972
0.0113016
0.0136853
0.0163945
0.0195149
0.0231643
0.0275079
0.0327824
0.039333
0.0476815
0.0586482
0.0736334
-0.00924085
-0.00848304
-0.00773693
-0.00700377
-0.00624134
-0.00543815
-0.00459232
-0.00370033
-0.00275712
-0.00175697
-0.000693424
0.000440961
0.00165495
0.00295896
0.00436557
0.00589015
0.00755171
0.00937398
0.011387
0.0136291
0.0161503
0.0190166
0.0223167
0.0261717
0.0307514
0.0362975
0.0431622
0.0518748
0.0633334
0.0790064
-0.00737276
-0.00669675
-0.00602228
-0.00534307
-0.00462177
-0.00384898
-0.00302321
-0.0021413
-0.00119862
-0.000189785
0.000891396
0.00205223
0.00330145
0.00464958
0.00610942
0.00769672
0.009431
0.0113367
0.0134447
0.0157946
0.0184376
0.0214416
0.0248971
0.0289283
0.0337079
0.0394819
0.0466091
0.0556278
0.0675016
0.0837842
-0.0057132
-0.00511131
-0.00449884
-0.00386424
-0.00317569
-0.00242601
-0.0016142
-0.000737466
0.000208383
0.00122835
0.00232838
0.00351562
0.00479876
0.0061884
0.00769751
0.00934215
0.0111423
0.0131228
0.0153153
0.0177603
0.0205099
0.0236333
0.0272227
0.031404
0.0363526
0.0423176
0.0496636
0.0589372
0.0711537
0.0879387
-0.00427258
-0.00373717
-0.00317762
-0.00257927
-0.00191637
-0.00118396
-0.000381478
0.000493459
0.00144459
0.00247657
0.00359508
0.00480715
0.00612139
0.00754846
0.00910148
0.0107967
0.0126544
0.0147
0.0169655
0.019492
0.0223325
0.025557
0.0292589
0.0335656
0.0386542
0.0447764
0.0523014
0.0617832
0.0742811
0.0914527
-0.00305836
-0.00258123
-0.00206566
-0.00149602
-0.000852782
-0.000132999
0.000663506
0.00153873
0.00249601
0.00353965
0.00467511
0.00590929
0.00725077
0.00871021
0.0103009
0.0120391
0.0139455
0.0160457
0.0183722
0.0209664
0.023882
0.0271896
0.0309834
0.0353918
0.0405935
0.0468416
0.0545095
0.0641561
0.0768732
0.0943451
-0.00207287
-0.00164498
-0.00116464
-0.000617017
1.15536e-05
0.000722321
0.00151518
0.00239179
0.0033551
0.00440915
0.00555922
0.00681207
0.00817626
0.00966245
0.011284
0.0130573
0.0150032
0.0171476
0.019523
0.0221714
0.0251469
0.0285204
0.0323869
0.0368753
0.0421654
0.0485113
0.0562895
0.0660609
0.078941
0.096653
-0.0013124
-0.000924011
-0.000470518
6.09363e-05
0.000678961
0.00138351
0.00217426
0.00305261
0.00402121
0.00508385
0.00624567
0.00751335
0.0088954
0.0104025
0.012048
0.0138486
0.0158249
0.0180031
0.0204161
0.023106
0.026127
0.0295506
0.0334719
0.0380206
0.0433769
0.0497955
0.0576558
0.0675164
0.0805162
0.0984081
-0.0007674
-0.000408315
2.61418e-05
0.000546483
0.00115737
0.00185785
0.00264749
0.00352746
0.00450018
0.00556928
0.00673979
0.00801834
0.0094134
0.0109357
0.0125985
0.0144186
0.0164168
0.0186193
0.0210591
0.0237784
0.0268319
0.0302909
0.0342511
0.0388423
0.0442452
0.0507146
0.0586326
0.0685519
0.0816394
0.0996502
-0.00042317
-8.31463e-05
0.000339368
0.000852915
0.0014595
0.00215761
0.00294674
0.00382792
0.00480342
0.00587678
0.00705295
0.00833851
0.00974192
0.0112739
0.0129478
0.0147804
0.0167925
0.0190104
0.0214672
0.0242052
0.0272792
0.0307607
0.0347454
0.0393635
0.0447956
0.0512968
0.0592514
0.0692038
0.0823441
0.100438
-0.000261215
6.95733e-05
0.000486437
0.000996852
0.00160148
0.00229856
0.00308754
0.00396937
0.00494626
0.0060217
0.00720061
0.00848955
0.00989698
0.0114336
0.0131128
0.0149513
0.0169701
0.0191953
0.0216603
0.0244073
0.0274911
0.0309834
0.0349799
0.0396107
0.0450569
0.0515731
0.0595454
0.0695115
0.0826707
0.100822
-0.000260598
7.01892e-05
0.000487046
0.000997452
0.00160207
0.00229914
0.00308811
0.00396994
0.00494681
0.00602223
0.00720112
0.00849004
0.00989745
0.011434
0.0131132
0.0149517
0.0169705
0.0191957
0.0216606
0.0244076
0.0274914
0.0309837
0.0349802
0.0396111
0.0450573
0.0515734
0.0595457
0.0695117
0.082671
0.100823
-0.000421325
-8.13023e-05
0.000341191
0.000854709
0.00146126
0.00215934
0.00294845
0.00382959
0.00480505
0.00587836
0.00705447
0.00833997
0.00974333
0.0112752
0.0129491
0.0147815
0.0167936
0.0190114
0.0214682
0.0242062
0.0272802
0.0307617
0.0347465
0.0393646
0.0447968
0.0512979
0.0592521
0.0692044
0.0823451
0.10044
-0.000764335
-0.000405253
2.9166e-05
0.000549458
0.00116029
0.00186072
0.00265031
0.00353021
0.00450286
0.00557188
0.0067423
0.00802075
0.00941571
0.0109379
0.0126006
0.0144206
0.0164187
0.0186211
0.0210608
0.0237801
0.0268335
0.0302926
0.0342529
0.0388441
0.044247
0.0507164
0.0586339
0.068553
0.0816412
0.0996523
-0.00130815
-0.000919762
-0.000466323
6.50581e-05
0.000683008
0.00138748
0.00217815
0.00305641
0.0040249
0.00508743
0.00624912
0.00751666
0.00889857
0.0104055
0.0120509
0.0138513
0.0158276
0.0180057
0.0204186
0.0231084
0.0261294
0.029553
0.0334743
0.0380231
0.0433794
0.049798
0.057658
0.0675184
0.0805187
0.0984109
-0.00206746
-0.00163959
-0.00115931
-0.000611791
1.66792e-05
0.000727343
0.00152009
0.00239658
0.00335976
0.00441366
0.00556356
0.00681624
0.00818025
0.00966628
0.0112876
0.0130609
0.0150066
0.0171508
0.0195262
0.0221745
0.02515
0.0285235
0.0323899
0.0368783
0.0421685
0.0485146
0.0562928
0.0660639
0.0789445
0.0966563
-0.00305185
-0.00257473
-0.00205925
-0.00148974
-0.000846628
-0.000126977
0.000669391
0.00154447
0.00250159
0.00354504
0.0046803
0.00591427
0.00725554
0.00871479
0.0103053
0.0120434
0.0139497
0.0160497
0.0183761
0.0209702
0.0238858
0.0271932
0.0309869
0.0353953
0.0405972
0.0468459
0.0545141
0.0641604
0.0768778
0.0943487
-0.00426498
-0.00372959
-0.00317017
-0.00257199
-0.00190925
-0.001177
-0.000374678
0.000500085
0.00145103
0.0024828
0.00360108
0.0048129
0.00612691
0.00755376
0.0091066
0.0108017
0.0126593
0.0147048
0.0169702
0.0194965
0.022337
0.0255613
0.029263
0.0335696
0.0386585
0.0447817
0.0523075
0.061789
0.0742867
0.0914565
-0.00570451
-0.00510267
-0.00449039
-0.003856
-0.00316765
-0.00241816
-0.00160654
-0.00073001
0.000215627
0.00123536
0.00233514
0.00352212
0.00480501
0.00619441
0.00770332
0.00934781
0.0111478
0.0131282
0.0153207
0.0177655
0.020515
0.0236381
0.0272272
0.0314085
0.0363577
0.0423241
0.0496711
0.0589444
0.0711599
0.0879431
-0.00736309
-0.00668717
-0.00601292
-0.00533395
-0.00461288
-0.00384031
-0.00301476
-0.00213307
-0.00119062
-0.000182029
0.000898897
0.00205947
0.00330841
0.00465628
0.0061159
0.00770303
0.0094372
0.0113428
0.0134507
0.0158005
0.0184433
0.0214469
0.0249022
0.0289334
0.0337138
0.0394896
0.0466182
0.0556363
0.067508
0.0837889
-0.00923038
-0.00847266
-0.00772678
-0.00699387
-0.00623168
-0.00542872
-0.00458312
-0.00369138
-0.00274841
-0.00174851
-0.000685224
0.00044889
0.00166259
0.00296632
0.00437269
0.00589709
0.00755852
0.00938071
0.0113936
0.0136356
0.0161566
0.0190225
0.0223223
0.0261776
0.0307583
0.0363065
0.0431726
0.0518843
0.0633402
0.0790109
-0.0112974
-0.0104497
-0.00962109
-0.00882327
-0.00800942
-0.00716661
-0.00629284
-0.00538422
-0.0044352
-0.00343966
-0.00239093
-0.00128145
-0.000102499
0.00115622
0.002507
0.00396474
0.00554779
0.00727893
0.00918691
0.0113086
0.0136921
0.016401
0.0195212
0.0231709
0.0275158
0.0327925
0.0393444
0.0476917
0.058655
0.0736375
-0.0135546
-0.0126082
-0.0116851
-0.0108115
-0.00993361
-0.00903824
-0.00812486
-0.00718969
-0.00622667
-0.00522922
-0.00419037
-0.00310243
-0.00195671
-0.000743194
0.000549972
0.00193705
0.00343547
0.00506684
0.00685832
0.00884486
0.0110721
0.0136006
0.0165124
0.0199211
0.0239869
0.0289402
0.0351169
0.0430345
0.053436
0.0676957
-0.0159685
-0.014911
-0.0138729
-0.0129165
-0.0119706
-0.0110163
-0.0100549
-0.00908441
-0.00809925
-0.00709279
-0.006058
-0.00498718
-0.00387175
-0.00270194
-0.00146633
-0.000151274
0.00125986
0.00278759
0.00445753
0.00630263
0.00836612
0.0107052
0.0133975
0.016551
0.0203182
0.0249209
0.0306827
0.0381137
0.0478738
0.0613291
-0.0186794
-0.0175085
-0.0162173
-0.0150915
-0.0140435
-0.0130171
-0.0120016
-0.0109923
-0.00998183
-0.00896181
-0.00792402
-0.00686
-0.00576061
-0.00461582
-0.0034141
-0.0021418
-0.000782384
0.000684406
0.00228339
0.00404621
0.0060144
0.0082419
0.0108011
0.0137919
0.0173537
0.0216904
0.0270921
0.0340153
0.0429483
0.0551852
-0.0231331
-0.0219813
-0.0201719
-0.0186578
-0.0173207
-0.0160424
-0.0147981
-0.013582
-0.0123855
-0.0111989
-0.0100127
-0.00881656
-0.00759906
-0.00634776
-0.00504893
-0.00368671
-0.00224252
-0.000694172
0.000983848
0.00282221
0.00486135
0.00715097
0.00975553
0.0127623
0.0162892
0.0205084
0.0256479
0.0320466
0.0398832
0.0504368
0.0434373
0.0413419
0.0367814
0.0311623
0.0252247
0.0190684
0.0126806
0.00609721
-0.00061916
-0.00740275
-0.0141905
-0.0209224
-0.0275429
-0.0340025
-0.0402577
-0.0462721
-0.052015
-0.0574594
-0.062586
-0.0673771
-0.0718159
-0.0758993
-0.0796232
-0.0829845
-0.0859864
-0.088651
-0.091029
-0.0930945
-0.0944013
-0.0940987
0.0288608
0.028563
0.0257744
0.0215924
0.0170225
0.0122534
0.00724435
0.00199693
-0.00344735
-0.00903478
-0.0147077
-0.0204057
-0.0260672
-0.0316319
-0.0370427
-0.0422478
-0.0472021
-0.0518695
-0.0562197
-0.0602325
-0.0638986
-0.0672086
-0.0701628
-0.0727679
-0.0750391
-0.077018
-0.0787697
-0.0801864
-0.0805812
-0.0792355
0.0206887
0.0210928
0.0190994
0.0157035
0.0119326
0.00798381
0.00380751
-0.000608969
-0.00523673
-0.0100325
-0.0149464
-0.0199229
-0.024902
-0.029822
-0.0346223
-0.0392465
-0.0436444
-0.047774
-0.0516027
-0.0551076
-0.0582762
-0.0611047
-0.0635972
-0.0657633
-0.067622
-0.0692206
-0.0706304
-0.0717255
-0.0717387
-0.0699088
0.015023
0.0157198
0.0142211
0.01141
0.00823488
0.00487855
0.00129243
-0.00253749
-0.00658671
-0.0108168
-0.0151819
-0.0196294
-0.0241004
-0.0285334
-0.0328663
-0.0370407
-0.0410039
-0.0447115
-0.0481292
-0.0512334
-0.0540113
-0.0564598
-0.0585842
-0.0603954
-0.0619132
-0.0631848
-0.0642816
-0.0650813
-0.0648267
-0.0627727
0.0108913
0.0116583
0.0104576
0.00807426
0.00534925
0.00244136
-0.000694822
-0.00407243
-0.00767015
-0.0114535
-0.0153802
-0.0194001
-0.0234562
-0.0274876
-0.0314325
-0.0352315
-0.0388314
-0.0421871
-0.0452639
-0.0480381
-0.0504974
-0.0526398
-0.0544716
-0.056005
-0.05726
-0.058282
-0.0591401
-0.0597235
-0.0593176
-0.0571921
0.00771575
0.00845359
0.00745031
0.00539642
0.00302805
0.000474617
-0.0023044
-0.00532007
-0.00855339
-0.0119731
-0.0155397
-0.0192053
-0.0229148
-0.0266087
-0.0302256
-0.0337069
-0.0369991
-0.0400573
-0.0428471
-0.0453454
-0.0475402
-0.0494305
-0.0510233
-0.0523315
-0.0533752
-0.0541969
-0.0548624
-0.0552789
-0.05478
-0.0526554
0.00517817
0.00584674
0.0049791
0.00318771
0.00110623
-0.00115762
-0.00364322
-0.00635951
-0.00928918
-0.0124037
-0.0156661
-0.0190305
-0.0224438
-0.0258478
-0.0291822
-0.0323892
-0.0354159
-0.0382181
-0.0407618
-0.0430245
-0.0449951
-0.0466732
-0.0480665
-0.0491887
-0.0500597
-0.0507189
-0.0512315
-0.0515183
-0.0509664
-0.0488852
0.00308534
0.00366524
0.0028976
0.00131901
-0.000523701
-0.00254584
-0.0047841
-0.00724628
-0.00991655
-0.0127688
-0.0157682
-0.0188711
-0.0220261
-0.0251763
-0.0282631
-0.0312294
-0.0340235
-0.0366017
-0.0389311
-0.0409898
-0.0427676
-0.0442646
-0.0454893
-0.0464559
-0.0471841
-0.0477112
-0.0480997
-0.0482837
-0.0477045
-0.0456923
0.00130894
0.00179565
0.00110757
-0.000294525
-0.00193653
-0.00375284
-0.00577811
-0.0080201
-0.0104643
-0.0130867
-0.0158546
-0.0187262
-0.0216519
-0.0245765
-0.0274428
-0.030195
-0.0327823
-0.0351622
-0.0373024
-0.0391822
-0.040792
-0.0421326
-0.043213
-0.0440479
-0.0446566
-0.0450751
-0.0453621
-0.0454641
-0.0448757
-0.0429463
-0.000240004
0.000153544
-0.000467834
-0.00171498
-0.00318556
-0.00482342
-0.00666245
-0.00871042
-0.0109542
-0.0133719
-0.0159326
-0.0185965
-0.0213158
-0.024037
-0.0267044
-0.0292634
-0.0316647
-0.0338667
-0.0358382
-0.0375592
-0.039021
-0.0402249
-0.0411805
-0.0419028
-0.0424108
-0.0427385
-0.0429415
-0.042979
-0.0423921
-0.0405519
-0.00162142
-0.00131708
-0.0018837
-0.00299091
-0.00431034
-0.00579182
-0.00746537
-0.00933964
-0.0114032
-0.0136357
-0.0160084
-0.0184833
-0.0210143
-0.0235498
-0.0260356
-0.0284185
-0.0306505
-0.0326912
-0.0345103
-0.0360889
-0.0374189
-0.0385021
-0.0393485
-0.0399733
-0.0403954
-0.0406466
-0.0407791
-0.0407644
-0.0401863
-0.0384383
-0.00287939
-0.00265808
-0.00317604
-0.00415738
-0.0053395
-0.00668346
-0.0082085
-0.00992505
-0.0118242
-0.0138874
-0.0160874
-0.0183882
-0.0207455
-0.0231095
-0.0254275
-0.0276482
-0.0297245
-0.0316173
-0.0332975
-0.0347469
-0.0359582
-0.0369336
-0.0376834
-0.0382229
-0.0385708
-0.0387569
-0.0388313
-0.0387733
-0.038208
-0.0365517
-0.00404853
-0.00389749
-0.00437144
-0.00524362
-0.00629861
-0.00751789
-0.00890837
-0.0104803
-0.0122279
-0.0141343
-0.016174
-0.0183126
-0.0205079
-0.0227119
-0.0248736
-0.026943
-0.0288746
-0.0306306
-0.0321828
-0.0335138
-0.034617
-0.0354951
-0.0361585
-0.0366224
-0.0369056
-0.0370361
-0.037061
-0.0369672
-0.0364174
-0.0348502
-0.00515162
-0.0050632
-0.00549316
-0.00626771
-0.00720855
-0.00831057
-0.00957843
-0.0110166
-0.0126229
-0.0143827
-0.0162719
-0.0182581
-0.0203009
-0.022354
-0.0243683
-0.0262955
-0.0280914
-0.0297193
-0.0311522
-0.0323737
-0.0333775
-0.0341667
-0.0347519
-0.0351484
-0.0353746
-0.0354569
-0.0354392
-0.0353156
-0.0347822
-0.0333006
-0.00620775
-0.00617278
-0.00655819
-0.00724577
-0.00808507
-0.00907421
-0.0102293
-0.0115429
-0.0130165
-0.0146379
-0.0163847
-0.0182262
-0.020124
-0.0220335
-0.0239077
-0.0256996
-0.0273668
-0.0288737
-0.0301945
-0.0313133
-0.0322247
-0.0329319
-0.0334456
-0.033781
-0.0339565
-0.0339964
-0.0339425
-0.0337941
-0.0332778
-0.031877
-0.00723388
-0.00724099
-0.00758292
-0.00819037
-0.00893752
-0.00982162
-0.0108697
-0.0120671
-0.013415
-0.0149046
-0.0165154
-0.0182184
-0.0199769
-0.0217487
-0.0234881
-0.0251503
-0.0266941
-0.0280855
-0.0292995
-0.0303213
-0.0311458
-0.0317765
-0.0322241
-0.0325037
-0.0326333
-0.032636
-0.0325509
-0.0323819
-0.031883
-0.0305585
-0.00824039
-0.00828188
-0.00858088
-0.0091138
-0.00977597
-0.0105636
-0.0115071
-0.0125958
-0.0138239
-0.015187
-0.0166669
-0.0182361
-0.0198599
-0.0214979
-0.0231067
-0.024643
-0.0260675
-0.0273474
-0.0284588
-0.0293878
-0.0301296
-0.0306881
-0.0310739
-0.0313021
-0.03139
-0.0313598
-0.031248
-0.0310621
-0.030581
-0.0293287
-0.00923525
-0.00930707
-0.00956367
-0.0100261
-0.0106103
-0.011309
-0.0121487
-0.0131346
-0.0142482
-0.0154891
-0.0168419
-0.0182807
-0.0197729
-0.0212801
-0.0227609
-0.024174
-0.0254818
-0.0266529
-0.0276646
-0.0285037
-0.0291661
-0.0296558
-0.0299833
-0.0301635
-0.0302135
-0.0301542
-0.03002
-0.0298208
-0.0293577
-0.0281751
-0.0102252
-0.0103271
-0.010542
-0.0109377
-0.0114476
-0.0120626
-0.0128032
-0.0136885
-0.0146926
-0.0158146
-0.0170431
-0.018354
-0.0197165
-0.0210945
-0.0224487
-0.0237399
-0.0249322
-0.0259959
-0.0269097
-0.0276609
-0.0282461
-0.0286696
-0.0289418
-0.0290771
-0.0290925
-0.0290078
-0.028855
-0.0286462
-0.0282017
-0.0270881
-0.0112173
-0.0113499
-0.0115242
-0.0118567
-0.0122953
-0.0128307
-0.0134778
-0.0142624
-0.0151616
-0.0161673
-0.0172732
-0.0184576
-0.0196912
-0.0209404
-0.0221681
-0.0233374
-0.0244143
-0.025371
-0.0261872
-0.0268516
-0.0273612
-0.0277203
-0.0279395
-0.0280329
-0.0280168
-0.0279102
-0.0277429
-0.0275286
-0.027104
-0.026061
-0.0122186
-0.0123831
-0.0125175
-0.0127892
-0.013159
-0.0136197
-0.0141788
-0.0148612
-0.0156593
-0.016551
-0.0175353
-0.0185934
-0.019698
-0.0208175
-0.0219176
-0.0229635
-0.0239239
-0.0247725
-0.0254908
-0.0260684
-0.026503
-0.0267993
-0.0269676
-0.0270219
-0.0269776
-0.0268529
-0.0266753
-0.0264598
-0.0260573
-0.0250898
-0.0132365
-0.0134335
-0.0135285
-0.0137422
-0.0140466
-0.0144344
-0.0149094
-0.0154914
-0.0161897
-0.0169696
-0.0178326
-0.0187638
-0.019738
-0.0207259
-0.0216957
-0.0226156
-0.0234566
-0.0241949
-0.0248136
-0.0253037
-0.0256634
-0.025898
-0.0260176
-0.0260357
-0.025967
-0.025829
-0.0256461
-0.025434
-0.0250565
-0.0241729
-0.0142795
-0.0145079
-0.0145647
-0.0147217
-0.0149632
-0.0152802
-0.015674
-0.0161587
-0.0167566
-0.0174272
-0.0181685
-0.0189716
-0.0198128
-0.0206655
-0.0215011
-0.0222907
-0.0230083
-0.0236326
-0.0241489
-0.0245497
-0.0248344
-0.0250083
-0.0250814
-0.0250669
-0.0249785
-0.0248321
-0.0246506
-0.0244476
-0.0240987
-0.0233104
-0.0153598
-0.0156137
-0.0156316
-0.0157329
-0.0159134
-0.0161617
-0.0164778
-0.0168692
-0.0173643
-0.0179282
-0.0185473
-0.0192196
-0.0199243
-0.0206371
-0.0213328
-0.0219861
-0.0225744
-0.0230797
-0.0234897
-0.0237989
-0.0240078
-0.0241221
-0.0241517
-0.0241088
-0.0240064
-0.0238579
-0.0236843
-0.0234963
-0.0231822
-0.0225041
-0.0164936
-0.0167615
-0.0167382
-0.0167839
-0.0169028
-0.0170836
-0.017325
-0.0176278
-0.0180174
-0.0184764
-0.0189725
-0.0195111
-0.0200746
-0.0206413
-0.0211898
-0.0216991
-0.0221508
-0.0225305
-0.0228294
-0.0230442
-0.0231767
-0.023233
-0.0232228
-0.023157
-0.023047
-0.0229046
-0.0227467
-0.0225817
-0.0223087
-0.0217567
-0.0176954
-0.0179518
-0.0178879
-0.0178792
-0.0179358
-0.018049
-0.0182174
-0.0184355
-0.0187206
-0.0190749
-0.0194481
-0.0198498
-0.0202665
-0.0206796
-0.0210717
-0.021427
-0.0217324
-0.0219784
-0.0221601
-0.0222773
-0.0223329
-0.0223337
-0.0222886
-0.022207
-0.0220981
-0.0219708
-0.021838
-0.0217047
-0.0214805
-0.0210717
-0.0189931
-0.0191624
-0.0190501
-0.0189988
-0.0190006
-0.0190513
-0.0191526
-0.0192934
-0.0194814
-0.0197333
-0.0199866
-0.0202484
-0.0205109
-0.0207586
-0.0209794
-0.0211641
-0.0213064
-0.021404
-0.0214578
-0.0214711
-0.0214481
-0.0213966
-0.0213245
-0.0212386
-0.0211442
-0.0210465
-0.0209543
-0.0208664
-0.020705
-0.0204495
-0.0205568
-0.0204468
-0.0202143
-0.0201269
-0.0200938
-0.0200989
-0.0201478
-0.0202255
-0.0203298
-0.020483
-0.0206204
-0.0207368
-0.0208312
-0.0208922
-0.0209145
-0.020898
-0.0208473
-0.02077
-0.0206753
-0.0205723
-0.0204678
-0.0203698
-0.0202835
-0.0202111
-0.0201527
-0.0201079
-0.0200799
-0.0200596
-0.0199743
-0.0198667
-0.0229093
-0.0223662
-0.0217926
-0.0215416
-0.0214159
-0.0213406
-0.0213085
-0.0213006
-0.0213018
-0.02133
-0.0213322
-0.0212849
-0.0211931
-0.0210511
-0.0208614
-0.0206347
-0.0203867
-0.0201345
-0.0198947
-0.019681
-0.0195144
-0.0193872
-0.019299
-0.019248
-0.0192283
-0.0192342
-0.0192608
-0.0192868
-0.0192485
-0.019259
-0.0262321
-0.0258425
-0.0247595
-0.0239916
-0.0234567
-0.0230344
-0.0226943
-0.0224126
-0.0221646
-0.0219517
-0.0217438
-0.0215162
-0.0212763
-0.0210233
-0.020761
-0.0204975
-0.0202428
-0.0200063
-0.019797
-0.0196182
-0.019457
-0.0193205
-0.0192065
-0.0191076
-0.019017
-0.0189303
-0.0188423
-0.0187297
-0.0185814
-0.01866
-0.0969455
-0.0856791
-0.0772381
-0.0701449
-0.0642604
-0.059293
-0.0550525
-0.0513899
-0.0481916
-0.0453697
-0.0428566
-0.0405998
-0.0385577
-0.0366973
-0.034992
-0.0334201
-0.0319639
-0.0306083
-0.029341
-0.0281517
-0.0270319
-0.0259748
-0.0249756
-0.0240311
-0.0231403
-0.0223062
-0.0215315
-0.0207978
-0.0200815
-0.0196105
-0.0978235
-0.0861324
-0.0772233
-0.0699522
-0.0639959
-0.0590145
-0.0547903
-0.0511624
-0.0480101
-0.0452421
-0.042788
-0.0405933
-0.038615
-0.0368189
-0.0351776
-0.033669
-0.0322752
-0.030982
-0.029778
-0.0286542
-0.027604
-0.0266224
-0.025706
-0.0248527
-0.0240616
-0.023334
-0.0226708
-0.022052
-0.0214059
-0.0207628
-0.0996651
-0.0878955
-0.07883
-0.0714749
-0.0654526
-0.06042
-0.0561529
-0.0524875
-0.0493018
-0.0465036
-0.0440222
-0.0418028
-0.0398021
-0.0379859
-0.0363267
-0.0348022
-0.0333945
-0.032089
-0.0308739
-0.0297399
-0.0286796
-0.0276873
-0.0267589
-0.0258913
-0.0250828
-0.0243347
-0.0236531
-0.0230266
-0.022365
-0.0215922
-0.10173
-0.0901162
-0.0810556
-0.0736563
-0.0675515
-0.0624237
-0.0580584
-0.0542964
-0.0510182
-0.0481328
-0.0455703
-0.0432761
-0.0412072
-0.0393293
-0.0376147
-0.0360409
-0.0345897
-0.0332462
-0.0319981
-0.0308355
-0.0297504
-0.0287364
-0.0277884
-0.0269024
-0.0260753
-0.0253069
-0.0246036
-0.0239564
-0.0232657
-0.0223891
-0.103625
-0.0921309
-0.0830988
-0.0756732
-0.0694999
-0.0642863
-0.0598292
-0.0559753
-0.0526082
-0.0496389
-0.0469984
-0.0446325
-0.0424983
-0.0405614
-0.0387938
-0.0371729
-0.0356799
-0.0342997
-0.0330195
-0.0318289
-0.0307195
-0.0296841
-0.0287173
-0.0278142
-0.0269709
-0.0261865
-0.0254667
-0.0248038
-0.0240946
-0.0231542
-0.10529
-0.0938484
-0.0848469
-0.0774109
-0.0711924
-0.0659167
-0.0613901
-0.0574643
-0.0540261
-0.0509883
-0.0482831
-0.0458569
-0.0436671
-0.0416792
-0.0398654
-0.0382026
-0.0366721
-0.0352583
-0.0339482
-0.0327311
-0.0315981
-0.0305417
-0.0295558
-0.0286353
-0.0277756
-0.0269749
-0.0262384
-0.0255599
-0.0248389
-0.0238688
-0.106736
-0.0953242
-0.0863553
-0.0789213
-0.0726744
-0.0673542
-0.0627747
-0.058792
-0.0552958
-0.0522009
-0.0494407
-0.0469623
-0.0447236
-0.0426904
-0.0408348
-0.0391338
-0.0375685
-0.0361233
-0.0347848
-0.0335422
-0.0323862
-0.031309
-0.0303042
-0.0293662
-0.02849
-0.0276733
-0.02692
-0.0262255
-0.0254973
-0.024525
-0.107953
-0.0965961
-0.0876519
-0.080227
-0.0739624
-0.0686091
-0.0639884
-0.0599597
-0.0564154
-0.0532723
-0.0504649
-0.0479413
-0.0456597
-0.0435864
-0.0416935
-0.0399581
-0.0383613
-0.0368872
-0.0355226
-0.0342561
-0.0330784
-0.0319816
-0.0309587
-0.030004
-0.0291123
-0.0282803
-0.027511
-0.0268009
-0.0260691
-0.025116
-0.108948
-0.0976686
-0.0887447
-0.0813323
-0.0750571
-0.069679
-0.0650263
-0.0609609
-0.0573775
-0.0541944
-0.0513474
-0.0487855
-0.0464674
-0.0443596
-0.0424344
-0.0406691
-0.0390446
-0.037545
-0.036157
-0.0348692
-0.033672
-0.0325572
-0.0315179
-0.0305479
-0.0296419
-0.028796
-0.0280119
-0.0272868
-0.026554
-0.0256355
-0.109759
-0.0985377
-0.0896406
-0.0822425
-0.0759617
-0.0705652
-0.0658881
-0.0617941
-0.0581795
-0.0549642
-0.0520851
-0.0494917
-0.0471434
-0.0450069
-0.0430547
-0.0412641
-0.0396162
-0.0380949
-0.0366869
-0.0353807
-0.0341666
-0.0330362
-0.0319824
-0.030999
-0.0300804
-0.0292223
-0.0284251
-0.0276862
-0.0269537
-0.0260786
-0.110395
-0.0992222
-0.0903501
-0.0829672
-0.076684
-0.0712739
-0.0665789
-0.0624631
-0.0588244
-0.055584
-0.0526795
-0.0500611
-0.0476887
-0.0455291
-0.0435551
-0.0417441
-0.0400771
-0.0385381
-0.0371137
-0.0357923
-0.0345641
-0.0334207
-0.0323548
-0.0313602
-0.030431
-0.0295628
-0.0287543
-0.0280034
-0.0272716
-0.0264425
-0.110864
-0.0997452
-0.0908861
-0.0835187
-0.0772349
-0.071815
-0.067107
-0.0629753
-0.0593188
-0.0560594
-0.0531358
-0.0504985
-0.0481076
-0.0459304
-0.0439397
-0.0421129
-0.0404311
-0.0388784
-0.0374411
-0.0361078
-0.0348686
-0.033715
-0.0326396
-0.0316361
-0.0306986
-0.0298223
-0.0290049
-0.0282439
-0.0275128
-0.0267267
-0.111177
-0.100132
-0.0912626
-0.0839114
-0.0776278
-0.0722009
-0.0674841
-0.0633412
-0.0596722
-0.0563996
-0.0534623
-0.0508116
-0.0484076
-0.0462177
-0.044215
-0.0423769
-0.0406845
-0.0391218
-0.0376752
-0.0363333
-0.0350861
-0.0339251
-0.0328427
-0.0318326
-0.030889
-0.0300068
-0.0291828
-0.0284142
-0.0276833
-0.0269326
-0.111363
-0.100392
-0.0914942
-0.0841613
-0.0778774
-0.0724458
-0.0677235
-0.0635736
-0.0598967
-0.0566156
-0.0536697
-0.0510104
-0.048598
-0.0464001
-0.0443898
-0.0425444
-0.0408452
-0.0392761
-0.0378237
-0.0364763
-0.0352239
-0.034058
-0.0329712
-0.0319568
-0.0310092
-0.0301232
-0.0292949
-0.0285212
-0.0277903
-0.0270643
-0.111456
-0.100516
-0.0916017
-0.0842821
-0.0779971
-0.072563
-0.067838
-0.0636847
-0.0600039
-0.0567188
-0.0537687
-0.0511053
-0.0486889
-0.0464871
-0.044473
-0.0426242
-0.0409217
-0.0393496
-0.0378943
-0.0365442
-0.0352893
-0.0341211
-0.0330321
-0.0320157
-0.0310662
-0.0301783
-0.0293479
-0.0285717
-0.0278406
-0.0271268
-0.111457
-0.100517
-0.0916027
-0.0842829
-0.0779977
-0.0725635
-0.0678383
-0.063685
-0.0600041
-0.056719
-0.0537689
-0.0511055
-0.0486891
-0.0464873
-0.0444733
-0.0426245
-0.040922
-0.03935
-0.0378947
-0.0365446
-0.0352898
-0.0341216
-0.0330326
-0.0320162
-0.0310667
-0.0301788
-0.0293484
-0.0285722
-0.0278411
-0.0271274
-0.111366
-0.100394
-0.0914972
-0.0841638
-0.0778792
-0.0724474
-0.0677246
-0.0635745
-0.0598973
-0.0566162
-0.0536703
-0.051011
-0.0485986
-0.0464008
-0.0443905
-0.0425452
-0.0408461
-0.0392772
-0.0378249
-0.0364776
-0.0352253
-0.0340595
-0.0329727
-0.0319584
-0.0310107
-0.0301247
-0.0292964
-0.0285227
-0.0277919
-0.0270658
-0.111182
-0.100137
-0.0912676
-0.0839155
-0.0776309
-0.0722036
-0.0674861
-0.0633427
-0.0596734
-0.0564006
-0.0534633
-0.0508125
-0.0484085
-0.0462187
-0.0442161
-0.0423782
-0.040686
-0.0391235
-0.0376772
-0.0363355
-0.0350884
-0.0339274
-0.0328452
-0.0318351
-0.0308915
-0.0300093
-0.0291853
-0.0284167
-0.0276859
-0.0269352
-0.110871
-0.0997507
-0.0908929
-0.0835241
-0.0772392
-0.0718188
-0.06711
-0.0629775
-0.0593205
-0.0560609
-0.0531372
-0.0504998
-0.048109
-0.0459319
-0.0439413
-0.0421148
-0.0404333
-0.0388808
-0.0374439
-0.0361108
-0.0348717
-0.0337182
-0.0326429
-0.0316394
-0.0307019
-0.0298257
-0.0290083
-0.0282474
-0.0275162
-0.0267301
-0.110403
-0.0992289
-0.0903582
-0.0829737
-0.0766893
-0.0712788
-0.0665829
-0.0624661
-0.0588268
-0.055586
-0.0526813
-0.0500629
-0.0476905
-0.0455311
-0.0435573
-0.0417466
-0.0400799
-0.0385413
-0.0371171
-0.035796
-0.034568
-0.0334247
-0.0323589
-0.0313643
-0.0304352
-0.029567
-0.0287586
-0.0280077
-0.0272759
-0.0264467
-0.109769
-0.0985455
-0.0896496
-0.0822498
-0.0759679
-0.0705711
-0.0658932
-0.061798
-0.0581827
-0.0549669
-0.0520875
-0.049494
-0.0471457
-0.0450093
-0.0430574
-0.0412672
-0.0396197
-0.0380988
-0.0366911
-0.0353851
-0.0341712
-0.0330409
-0.0319872
-0.0310039
-0.0300853
-0.0292273
-0.0284301
-0.0276913
-0.0269587
-0.0260835
-0.108959
-0.0976771
-0.0887543
-0.0813399
-0.075064
-0.0696859
-0.0650324
-0.0609658
-0.0573815
-0.0541977
-0.0513504
-0.0487884
-0.0464703
-0.0443627
-0.0424378
-0.0406729
-0.0390488
-0.0375496
-0.0361619
-0.0348743
-0.0336772
-0.0325626
-0.0315233
-0.0305534
-0.0296475
-0.0288016
-0.0280176
-0.0272925
-0.0265597
-0.0256411
-0.107965
-0.0966052
-0.0876616
-0.0802348
-0.0739698
-0.0686169
-0.0639955
-0.0599657
-0.0564204
-0.0532765
-0.0504686
-0.0479448
-0.0456633
-0.0435902
-0.0416976
-0.0399626
-0.0383662
-0.0368924
-0.035528
-0.0342618
-0.0330843
-0.0319875
-0.0309648
-0.0300101
-0.0291185
-0.0282865
-0.0275173
-0.0268072
-0.0260754
-0.0251222
-0.106749
-0.0953334
-0.0863648
-0.078929
-0.0726821
-0.0673626
-0.0627828
-0.058799
-0.0553018
-0.0522061
-0.0494453
-0.0469667
-0.044728
-0.0426949
-0.0408396
-0.039139
-0.0375741
-0.0361291
-0.0347908
-0.0335484
-0.0323925
-0.0313155
-0.0303108
-0.0293729
-0.0284968
-0.0276801
-0.0269269
-0.0262324
-0.0255042
-0.0245318
-0.105304
-0.0938576
-0.0848561
-0.0774183
-0.0712002
-0.0659256
-0.061399
-0.0574723
-0.0540331
-0.0509946
-0.0482888
-0.0458623
-0.0436724
-0.0416847
-0.039871
-0.0382085
-0.0366782
-0.0352647
-0.0339548
-0.0327379
-0.031605
-0.0305487
-0.0295629
-0.0286425
-0.0277828
-0.0269822
-0.0262458
-0.0255673
-0.0248463
-0.0238761
-0.103638
-0.0921401
-0.0831077
-0.0756804
-0.0695077
-0.0642955
-0.0598387
-0.0559843
-0.0526164
-0.0496464
-0.0470053
-0.0446391
-0.0425047
-0.0405678
-0.0388004
-0.0371795
-0.0356867
-0.0343066
-0.0330266
-0.0318362
-0.0307269
-0.0296917
-0.0287249
-0.0278219
-0.0269787
-0.0261943
-0.0254745
-0.0248117
-0.0241025
-0.023162
-0.101744
-0.0901253
-0.081064
-0.0736631
-0.0675591
-0.062433
-0.0580685
-0.0543064
-0.0510276
-0.0481415
-0.0455785
-0.043284
-0.0412149
-0.0393369
-0.0376223
-0.0360485
-0.0345973
-0.0332538
-0.0320058
-0.0308434
-0.0297584
-0.0287445
-0.0277966
-0.0269106
-0.0260835
-0.0253152
-0.0246119
-0.0239647
-0.023274
-0.0223973
-0.0996783
-0.0879046
-0.0788381
-0.0714815
-0.0654602
-0.0604294
-0.0561635
-0.0524984
-0.0493124
-0.0465138
-0.0440319
-0.0418121
-0.0398112
-0.0379948
-0.0363354
-0.0348108
-0.0334031
-0.0320975
-0.0308825
-0.0297485
-0.0286882
-0.027696
-0.0267676
-0.0259
-0.0250915
-0.0243434
-0.0236618
-0.0230351
-0.0223735
-0.0216006
-0.0978359
-0.0861416
-0.0772313
-0.0699589
-0.0640035
-0.0590242
-0.0548015
-0.0511743
-0.0480222
-0.0452538
-0.0427993
-0.0406042
-0.0386256
-0.0368292
-0.0351876
-0.0336788
-0.0322848
-0.0309915
-0.0297874
-0.0286636
-0.0276133
-0.0266317
-0.0257153
-0.0248619
-0.0240707
-0.023343
-0.0226798
-0.0220608
-0.0214146
-0.0207712
-0.0969572
-0.0856885
-0.0772465
-0.0701525
-0.0642687
-0.0593031
-0.0550644
-0.0514029
-0.0482049
-0.0453829
-0.0428694
-0.0406122
-0.0385697
-0.0367088
-0.0350031
-0.0334308
-0.0319742
-0.0306184
-0.0293509
-0.0281615
-0.0270416
-0.0259844
-0.0249851
-0.0240405
-0.0231495
-0.0223152
-0.0215403
-0.0208065
-0.0200899
-0.0196187
-0.0201601
-0.0203195
-0.0203936
-0.0204599
-0.020511
-0.0205393
-0.0205449
-0.0205297
-0.0204949
-0.0204413
-0.0203701
-0.0202824
-0.0201792
-0.0200618
-0.0199312
-0.0197886
-0.019635
-0.0194715
-0.019299
-0.0191183
-0.0189304
-0.0187359
-0.0185356
-0.0183301
-0.01812
-0.0179058
-0.0176879
-0.0174669
-0.017243
-0.0170167
-0.0167881
-0.0165577
-0.0163255
-0.0160919
-0.015857
-0.015621
-0.0153841
-0.0151462
-0.0149077
-0.0146685
-0.0144288
-0.0141886
-0.013948
-0.013707
-0.0134657
-0.0132242
-0.0129825
-0.0127405
-0.0124984
-0.0122562
-0.0120139
-0.0117715
-0.011529
-0.0112864
-0.0110438
-0.0108012
-0.0105585
-0.0103158
-0.010073
-0.00983029
-0.00958752
-0.00934473
-0.00910195
-0.00885916
-0.00861638
-0.00837359
-0.00813082
-0.00788805
-0.00764529
-0.00740253
-0.00715978
-0.00691704
-0.00667431
-0.00643158
-0.00618885
-0.00594614
-0.00570344
-0.00546074
-0.00521804
-0.00497534
-0.00473265
-0.00448996
-0.00424727
-0.0040046
-0.00376192
-0.00351923
-0.00327656
-0.00303388
-0.00279119
-0.00254852
-0.00230592
-0.00206332
-0.0018207
-0.00157806
-0.00133539
-0.00109268
-0.000849861
-0.000607006
-0.000364183
-0.000121382
-0.0210871
-0.0209802
-0.0209539
-0.0209492
-0.0209269
-0.0208846
-0.0208266
-0.0207553
-0.0206714
-0.0205754
-0.0204678
-0.0203493
-0.0202203
-0.0200814
-0.0199332
-0.0197764
-0.0196115
-0.0194391
-0.0192599
-0.0190742
-0.0188827
-0.018686
-0.0184844
-0.0182784
-0.0180685
-0.017855
-0.0176383
-0.0174187
-0.0171965
-0.016972
-0.0167454
-0.016517
-0.0162869
-0.0160554
-0.0158226
-0.0155886
-0.0153536
-0.0151176
-0.0148809
-0.0146435
-0.0144054
-0.0141668
-0.0139277
-0.0136881
-0.0134482
-0.0132079
-0.0129674
-0.0127265
-0.0124855
-0.0122442
-0.0120028
-0.0117612
-0.0115195
-0.0112777
-0.0110357
-0.0107937
-0.0105516
-0.0103094
-0.0100672
-0.00982487
-0.00958253
-0.00934016
-0.00909775
-0.00885531
-0.00861284
-0.00837035
-0.00812785
-0.00788533
-0.0076428
-0.00740025
-0.00715769
-0.00691513
-0.00667256
-0.00642999
-0.00618741
-0.00594481
-0.00570222
-0.00545964
-0.00521704
-0.00497444
-0.00473183
-0.00448921
-0.00424658
-0.00400397
-0.00376136
-0.00351875
-0.00327613
-0.0030335
-0.00279087
-0.00254823
-0.00230561
-0.00206299
-0.0018204
-0.00157782
-0.00133524
-0.00109258
-0.000849773
-0.00060694
-0.000364146
-0.000121367
-0.0219724
-0.0216629
-0.0215113
-0.0214223
-0.0213274
-0.02122
-0.0211051
-0.0209845
-0.0208578
-0.0207249
-0.0205856
-0.0204398
-0.0202878
-0.0201294
-0.0199649
-0.0197945
-0.0196184
-0.0194368
-0.0192502
-0.0190586
-0.0188626
-0.0186624
-0.0184582
-0.0182505
-0.0180394
-0.0178253
-0.0176084
-0.0173889
-0.0171672
-0.0169433
-0.0167176
-0.0164901
-0.0162611
-0.0160307
-0.015799
-0.0155662
-0.0153324
-0.0150976
-0.0148621
-0.0146257
-0.0143888
-0.0141512
-0.0139131
-0.0136745
-0.0134355
-0.0131961
-0.0129563
-0.0127163
-0.012476
-0.0122354
-0.0119946
-0.0117536
-0.0115125
-0.0112712
-0.0110297
-0.0107882
-0.0105465
-0.0103047
-0.0100628
-0.00982089
-0.00957887
-0.00933678
-0.00909464
-0.00885245
-0.00861022
-0.00836794
-0.00812563
-0.0078833
-0.00764094
-0.00739855
-0.00715613
-0.0069137
-0.00667125
-0.00642879
-0.00618631
-0.00594382
-0.00570131
-0.0054588
-0.00521628
-0.00497374
-0.0047312
-0.00448865
-0.00424609
-0.00400353
-0.00376095
-0.00351838
-0.0032758
-0.00303321
-0.0027906
-0.00254801
-0.00230541
-0.00206279
-0.00182019
-0.00157765
-0.00133514
-0.00109251
-0.000849735
-0.000606909
-0.000364104
-0.000121342
-0.0227814
-0.0223224
-0.0220645
-0.0218963
-0.0217329
-0.0215644
-0.021396
-0.0212286
-0.0210613
-0.0208929
-0.0207228
-0.0205505
-0.0203755
-0.0201976
-0.0200164
-0.0198318
-0.0196438
-0.0194523
-0.0192574
-0.0190591
-0.0188575
-0.0186529
-0.0184452
-0.0182348
-0.0180216
-0.0178061
-0.0175882
-0.0173681
-0.0171461
-0.0169223
-0.0166967
-0.0164696
-0.0162412
-0.0160114
-0.0157804
-0.0155483
-0.0153153
-0.0150813
-0.0148466
-0.0146111
-0.0143749
-0.0141381
-0.0139008
-0.0136629
-0.0134246
-0.0131859
-0.0129469
-0.0127075
-0.0124677
-0.0122277
-0.0119875
-0.011747
-0.0115063
-0.0112655
-0.0110245
-0.0107833
-0.010542
-0.0103005
-0.010059
-0.00981731
-0.00957557
-0.00933374
-0.00909184
-0.00884987
-0.00860784
-0.00836575
-0.00812362
-0.00788145
-0.00763924
-0.00739699
-0.00715471
-0.00691239
-0.00667005
-0.00642769
-0.0061853
-0.00594289
-0.00570047
-0.00545803
-0.00521558
-0.00497311
-0.00473063
-0.00448813
-0.00424562
-0.00400309
-0.00376057
-0.00351805
-0.00327551
-0.00303294
-0.00279037
-0.00254781
-0.00230524
-0.00206263
-0.00182004
-0.00157752
-0.00133502
-0.00109243
-0.00084967
-0.000606867
-0.000364084
-0.000121337
-0.0235105
-0.0229389
-0.0225944
-0.0223544
-0.0221271
-0.0219019
-0.0216836
-0.0214726
-0.0212669
-0.0210651
-0.0208658
-0.0206682
-0.0204713
-0.0202744
-0.020077
-0.0198785
-0.0196787
-0.0194772
-0.0192739
-0.0190685
-0.0188612
-0.0186517
-0.0184402
-0.0182266
-0.0180111
-0.0177936
-0.0175743
-0.0173532
-0.0171305
-0.0169063
-0.0166806
-0.0164536
-0.0162253
-0.0159958
-0.0157652
-0.0155336
-0.0153011
-0.0150677
-0.0148336
-0.0145987
-0.0143631
-0.014127
-0.0138903
-0.013653
-0.0134153
-0.0131772
-0.0129387
-0.0126998
-0.0124606
-0.012221
-0.0119812
-0.0117412
-0.0115009
-0.0112605
-0.0110198
-0.0107789
-0.0105379
-0.0102968
-0.0100555
-0.00981413
-0.00957263
-0.00933103
-0.00908934
-0.00884756
-0.00860571
-0.00836379
-0.00812181
-0.00787978
-0.00763771
-0.00739558
-0.00715342
-0.00691122
-0.00666898
-0.00642671
-0.0061844
-0.00594207
-0.00569972
-0.00545734
-0.00521494
-0.00497253
-0.00473011
-0.00448767
-0.00424522
-0.00400274
-0.00376025
-0.00351774
-0.00327523
-0.00303271
-0.00279018
-0.00254764
-0.00230509
-0.00206251
-0.00181993
-0.00157741
-0.00133492
-0.00109233
-0.000849588
-0.000606812
-0.000364071
-0.000121341
-0.0241509
-0.0234986
-0.023084
-0.0227797
-0.0224945
-0.0222182
-0.021955
-0.0217044
-0.021464
-0.0212316
-0.0210057
-0.0207848
-0.0205677
-0.0203533
-0.0201407
-0.0199292
-0.0197182
-0.0195071
-0.0192957
-0.0190835
-0.0188704
-0.0186561
-0.0184407
-0.0182239
-0.0180057
-0.0177861
-0.0175652
-0.017343
-0.0171194
-0.0168945
-0.0166684
-0.0164412
-0.0162128
-0.0159834
-0.015753
-0.0155217
-0.0152896
-0.0150566
-0.0148229
-0.0145884
-0.0143534
-0.0141177
-0.0138814
-0.0136447
-0.0134074
-0.0131698
-0.0129317
-0.0126932
-0.0124544
-0.0122153
-0.0119759
-0.0117362
-0.0114963
-0.0112561
-0.0110157
-0.0107752
-0.0105345
-0.0102936
-0.0100525
-0.00981136
-0.00957006
-0.00932866
-0.00908715
-0.00884554
-0.00860384
-0.00836208
-0.00812024
-0.00787834
-0.00763637
-0.00739436
-0.00715229
-0.00691018
-0.00666803
-0.00642584
-0.00618361
-0.00594135
-0.00569906
-0.00545674
-0.0052144
-0.00497203
-0.00472965
-0.00448726
-0.00424484
-0.0040024
-0.00375996
-0.0035175
-0.00327502
-0.00303252
-0.00279001
-0.0025475
-0.00230497
-0.00206242
-0.00181986
-0.00157732
-0.00133482
-0.00109225
-0.00084953
-0.00060678
-0.00036406
-0.000121339
-0.0247008
-0.0239951
-0.0235243
-0.0231629
-0.0228262
-0.0225049
-0.0222022
-0.0219166
-0.0216454
-0.021386
-0.0211364
-0.0208947
-0.0206595
-0.0204293
-0.020203
-0.0199796
-0.0197584
-0.0195386
-0.0193196
-0.0191011
-0.0188826
-0.0186638
-0.0184446
-0.0182246
-0.0180039
-0.0177823
-0.0175597
-0.0173361
-0.0171115
-0.0168859
-0.0166593
-0.0164317
-0.0162032
-0.0159738
-0.0157434
-0.0155123
-0.0152803
-0.0150476
-0.0148141
-0.01458
-0.0143453
-0.01411
-0.0138741
-0.0136377
-0.0134009
-0.0131635
-0.0129258
-0.0126877
-0.0124492
-0.0122104
-0.0119713
-0.011732
-0.0114923
-0.0112524
-0.0110123
-0.010772
-0.0105315
-0.0102908
-0.01005
-0.00980898
-0.00956786
-0.00932662
-0.00908526
-0.0088438
-0.00860225
-0.00836061
-0.00811889
-0.00787709
-0.00763523
-0.0073933
-0.00715132
-0.00690929
-0.00666721
-0.00642508
-0.00618292
-0.00594072
-0.00569848
-0.00545621
-0.00521391
-0.0049716
-0.00472927
-0.00448691
-0.00424452
-0.00400212
-0.00375971
-0.00351728
-0.00327483
-0.00303237
-0.00278988
-0.00254738
-0.00230488
-0.00206235
-0.00181979
-0.00157725
-0.00133476
-0.0010922
-0.0008495
-0.000606764
-0.000364051
-0.000121334
-0.0251621
-0.024426
-0.0239104
-0.023499
-0.0231172
-0.0227571
-0.0224203
-0.0221046
-0.0218068
-0.021524
-0.0212538
-0.0209941
-0.020743
-0.020499
-0.0202607
-0.020027
-0.0197967
-0.0195691
-0.0193435
-0.0191192
-0.0188959
-0.018673
-0.0184502
-0.0182274
-0.0180043
-0.0177807
-0.0175565
-0.0173317
-0.0171061
-0.0168798
-0.0166526
-0.0164246
-0.0161958
-0.0159663
-0.0157359
-0.0155048
-0.0152729
-0.0150403
-0.0148071
-0.0145732
-0.0143388
-0.0141037
-0.0138681
-0.013632
-0.0133954
-0.0131584
-0.012921
-0.0126831
-0.0124449
-0.0122064
-0.0119676
-0.0117284
-0.011489
-0.0112493
-0.0110094
-0.0107693
-0.010529
-0.0102885
-0.0100478
-0.00980699
-0.00956601
-0.0093249
-0.00908367
-0.00884233
-0.0086009
-0.00835937
-0.00811775
-0.00787604
-0.00763426
-0.00739241
-0.0071505
-0.00690853
-0.00666651
-0.00642445
-0.00618233
-0.00594018
-0.00569799
-0.00545577
-0.00521352
-0.00497124
-0.00472894
-0.00448661
-0.00424426
-0.00400189
-0.0037595
-0.0035171
-0.00327468
-0.00303224
-0.00278979
-0.0025473
-0.00230481
-0.00206229
-0.00181975
-0.00157722
-0.00133472
-0.00109218
-0.000849485
-0.000606753
-0.000364041
-0.000121329
-0.025539
-0.024791
-0.0242403
-0.0237856
-0.0233654
-0.0229724
-0.0226069
-0.0222659
-0.0219457
-0.0216431
-0.0213555
-0.0210805
-0.0208161
-0.0205604
-0.0203119
-0.0200692
-0.0198312
-0.019597
-0.0193656
-0.0191364
-0.0189088
-0.0186823
-0.0184566
-0.0182312
-0.0180059
-0.0177806
-0.017555
-0.017329
-0.0171025
-0.0168754
-0.0166477
-0.0164193
-0.0161902
-0.0159605
-0.01573
-0.0154989
-0.0152671
-0.0150346
-0.0148015
-0.0145678
-0.0143335
-0.0140987
-0.0138633
-0.0136274
-0.0133911
-0.0131543
-0.012917
-0.0126794
-0.0124414
-0.0122031
-0.0119645
-0.0117255
-0.0114863
-0.0112468
-0.0110071
-0.0107671
-0.0105269
-0.0102866
-0.0100461
-0.00980535
-0.00956448
-0.00932346
-0.00908233
-0.00884111
-0.0085998
-0.00835836
-0.00811682
-0.00787519
-0.00763348
-0.00739169
-0.00714983
-0.00690791
-0.00666594
-0.00642392
-0.00618185
-0.00593973
-0.00569759
-0.00545541
-0.00521319
-0.00497094
-0.00472868
-0.00448638
-0.00424405
-0.0040017
-0.00375934
-0.00351696
-0.00327456
-0.00303214
-0.0027897
-0.00254725
-0.00230477
-0.00206227
-0.00181973
-0.00157719
-0.0013347
-0.00109216
-0.000849479
-0.000606753
-0.000364037
-0.000121323
-0.0258378
-0.0250918
-0.0245138
-0.0240227
-0.0235705
-0.0231506
-0.0227616
-0.0223997
-0.0220611
-0.0217424
-0.0214406
-0.0211531
-0.0208776
-0.0206123
-0.0203554
-0.0201053
-0.019861
-0.0196211
-0.019385
-0.0191516
-0.0189205
-0.018691
-0.0184627
-0.0182352
-0.0180081
-0.0177812
-0.0175544
-0.0173274
-0.0171
-0.0168723
-0.0166441
-0.0164154
-0.0161861
-0.0159561
-0.0157256
-0.0154944
-0.0152626
-0.0150302
-0.0147972
-0.0145636
-0.0143294
-0.0140947
-0.0138595
-0.0136238
-0.0133876
-0.013151
-0.0129139
-0.0126765
-0.0124387
-0.0122005
-0.011962
-0.0117232
-0.0114841
-0.0112448
-0.0110052
-0.0107653
-0.0105253
-0.0102851
-0.0100446
-0.00980403
-0.00956326
-0.00932235
-0.00908131
-0.00884016
-0.00859889
-0.00835752
-0.00811604
-0.00787447
-0.00763282
-0.00739109
-0.00714928
-0.00690741
-0.00666549
-0.00642351
-0.00618147
-0.00593939
-0.00569727
-0.00545512
-0.00521293
-0.00497071
-0.00472846
-0.00448618
-0.00424387
-0.00400155
-0.00375921
-0.00351684
-0.00327446
-0.00303206
-0.00278965
-0.00254721
-0.00230475
-0.00206225
-0.00181972
-0.00157719
-0.0013347
-0.00109215
-0.000849471
-0.000606746
-0.000364031
-0.000121318
-0.0260663
-0.0253314
-0.0247325
-0.0242117
-0.0237339
-0.0232926
-0.0228849
-0.0225066
-0.0221535
-0.0218219
-0.0215088
-0.0212114
-0.0209273
-0.0206543
-0.0203907
-0.0201348
-0.0198853
-0.0196411
-0.019401
-0.0191644
-0.0189304
-0.0186985
-0.0184681
-0.0182388
-0.0180103
-0.0177822
-0.0175543
-0.0173265
-0.0170985
-0.0168702
-0.0166416
-0.0164125
-0.016183
-0.0159529
-0.0157222
-0.015491
-0.0152592
-0.0150268
-0.0147939
-0.0145603
-0.0143263
-0.0140917
-0.0138566
-0.013621
-0.0133849
-0.0131484
-0.0129115
-0.0126742
-0.0124365
-0.0121985
-0.0119601
-0.0117214
-0.0114824
-0.0112432
-0.0110037
-0.010764
-0.010524
-0.0102839
-0.0100435
-0.009803
-0.00956231
-0.00932148
-0.00908051
-0.00883941
-0.0085982
-0.00835687
-0.00811545
-0.00787393
-0.00763232
-0.00739062
-0.00714886
-0.00690703
-0.00666514
-0.00642319
-0.00618117
-0.00593911
-0.00569702
-0.00545489
-0.00521273
-0.00497053
-0.00472829
-0.00448603
-0.00424374
-0.00400143
-0.00375911
-0.00351676
-0.0032744
-0.00303201
-0.00278961
-0.00254719
-0.00230474
-0.00206224
-0.00181972
-0.00157719
-0.00133469
-0.00109214
-0.000849482
-0.00060676
-0.000364031
-0.000121312
-0.026233
-0.0255136
-0.0248991
-0.0243551
-0.0238577
-0.0234003
-0.0229785
-0.0225878
-0.0222237
-0.0218825
-0.0215609
-0.021256
-0.0209653
-0.0206865
-0.0204178
-0.0201575
-0.0199042
-0.0196565
-0.0194136
-0.0191745
-0.0189383
-0.0187045
-0.0184725
-0.0182419
-0.0180122
-0.0177832
-0.0175545
-0.017326
-0.0170975
-0.0168688
-0.0166399
-0.0164106
-0.0161808
-0.0159506
-0.0157198
-0.0154886
-0.0152567
-0.0150244
-0.0147914
-0.014558
-0.014324
-0.0140894
-0.0138544
-0.0136189
-0.013383
-0.0131465
-0.0129097
-0.0126725
-0.0124349
-0.012197
-0.0119587
-0.0117201
-0.0114812
-0.011242
-0.0110026
-0.010763
-0.0105231
-0.010283
-0.0100427
-0.00980224
-0.00956161
-0.00932083
-0.00907991
-0.00883885
-0.00859768
-0.0083564
-0.00811501
-0.00787352
-0.00763194
-0.00739028
-0.00714855
-0.00690675
-0.00666488
-0.00642294
-0.00618095
-0.00593891
-0.00569684
-0.00545473
-0.00521258
-0.00497039
-0.00472817
-0.00448593
-0.00424365
-0.00400136
-0.00375904
-0.0035167
-0.00327434
-0.00303197
-0.0027896
-0.00254719
-0.00230474
-0.00206225
-0.00181973
-0.00157721
-0.0013347
-0.00109215
-0.000849481
-0.000606759
-0.000364027
-0.000121306
-0.0263465
-0.0256427
-0.0250171
-0.0244563
-0.0239452
-0.0234763
-0.0230446
-0.0226451
-0.0222734
-0.0219254
-0.0215978
-0.0212877
-0.0209923
-0.0207095
-0.0204372
-0.0201737
-0.0199177
-0.0196677
-0.0194227
-0.0191817
-0.0189441
-0.0187089
-0.0184758
-0.0182442
-0.0180138
-0.017784
-0.0175548
-0.0173259
-0.017097
-0.016868
-0.0166388
-0.0164093
-0.0161794
-0.015949
-0.0157182
-0.0154869
-0.0152551
-0.0150227
-0.0147898
-0.0145564
-0.0143224
-0.0140879
-0.0138529
-0.0136175
-0.0133816
-0.0131453
-0.0129085
-0.0126713
-0.0124338
-0.0121959
-0.0119577
-0.0117192
-0.0114803
-0.0112412
-0.0110019
-0.0107623
-0.0105224
-0.0102824
-0.0100421
-0.00980172
-0.00956113
-0.00932038
-0.00907949
-0.00883847
-0.00859733
-0.00835607
-0.0081147
-0.00787324
-0.00763169
-0.00739005
-0.00714833
-0.00690655
-0.0066647
-0.00642278
-0.0061808
-0.00593877
-0.00569671
-0.00545461
-0.00521248
-0.0049703
-0.0047281
-0.00448586
-0.00424359
-0.0040013
-0.00375899
-0.00351666
-0.00327431
-0.00303196
-0.0027896
-0.00254719
-0.00230474
-0.00206226
-0.00181976
-0.00157723
-0.00133471
-0.00109215
-0.0008495
-0.00060677
-0.000364006
-0.000121287
-0.0264149
-0.0257237
-0.0250907
-0.0245193
-0.0239996
-0.0235237
-0.0230858
-0.0226809
-0.0223043
-0.0219522
-0.0216209
-0.0213074
-0.0210092
-0.0207238
-0.0204493
-0.020184
-0.0199262
-0.0196747
-0.0194284
-0.0191864
-0.0189477
-0.0187118
-0.018478
-0.0182458
-0.0180148
-0.0177846
-0.0175551
-0.0173258
-0.0170967
-0.0168675
-0.0166381
-0.0164085
-0.0161785
-0.0159481
-0.0157173
-0.0154859
-0.0152541
-0.0150217
-0.0147888
-0.0145554
-0.0143214
-0.014087
-0.013852
-0.0136166
-0.0133808
-0.0131445
-0.0129078
-0.0126706
-0.0124331
-0.0121953
-0.0119571
-0.0117186
-0.0114798
-0.0112407
-0.0110014
-0.0107618
-0.010522
-0.010282
-0.0100418
-0.0098014
-0.00956083
-0.00932011
-0.00907924
-0.00883824
-0.00859711
-0.00835587
-0.00811452
-0.00787307
-0.00763154
-0.00738991
-0.00714821
-0.00690643
-0.00666458
-0.00642268
-0.00618071
-0.0059387
-0.00569664
-0.00545454
-0.00521242
-0.00497025
-0.00472805
-0.00448582
-0.00424355
-0.00400127
-0.00375898
-0.00351665
-0.00327429
-0.00303194
-0.0027896
-0.00254723
-0.00230478
-0.00206227
-0.00181977
-0.00157726
-0.00133472
-0.00109214
-0.000849477
-0.000606762
-0.000364017
-0.000121293
-0.0264455
-0.0257613
-0.0251248
-0.0245484
-0.0240247
-0.0235456
-0.0231049
-0.0226975
-0.0223187
-0.0219646
-0.0216316
-0.0213166
-0.0210171
-0.0207305
-0.020455
-0.0201887
-0.0199302
-0.019678
-0.0194311
-0.0191886
-0.0189495
-0.0187131
-0.018479
-0.0182465
-0.0180153
-0.017785
-0.0175552
-0.0173258
-0.0170966
-0.0168673
-0.0166379
-0.0164082
-0.0161782
-0.0159477
-0.0157169
-0.0154855
-0.0152536
-0.0150213
-0.0147884
-0.0145549
-0.014321
-0.0140866
-0.0138517
-0.0136163
-0.0133804
-0.0131441
-0.0129074
-0.0126703
-0.0124328
-0.012195
-0.0119568
-0.0117184
-0.0114796
-0.0112405
-0.0110012
-0.0107616
-0.0105218
-0.0102818
-0.0100416
-0.00980126
-0.00956071
-0.00931999
-0.00907914
-0.00883814
-0.00859702
-0.00835578
-0.00811444
-0.007873
-0.00763147
-0.00738986
-0.00714815
-0.00690638
-0.00666454
-0.00642264
-0.00618068
-0.00593867
-0.00569661
-0.00545452
-0.0052124
-0.00497024
-0.00472804
-0.00448581
-0.00424354
-0.00400126
-0.00375897
-0.00351665
-0.0032743
-0.00303195
-0.00278959
-0.00254719
-0.00230475
-0.00206229
-0.00181981
-0.00157731
-0.00133478
-0.00109218
-0.000849501
-0.000606763
-0.000363993
-0.000121278
-0.0264461
-0.0257617
-0.0251252
-0.0245488
-0.0240251
-0.023546
-0.0231053
-0.0226978
-0.022319
-0.0219649
-0.0216319
-0.0213169
-0.0210174
-0.0207308
-0.0204553
-0.020189
-0.0199304
-0.0196782
-0.0194313
-0.0191888
-0.0189497
-0.0187133
-0.0184792
-0.0182467
-0.0180155
-0.0177851
-0.0175554
-0.017326
-0.0170967
-0.0168674
-0.016638
-0.0164083
-0.0161783
-0.0159478
-0.0157169
-0.0154856
-0.0152537
-0.0150213
-0.0147884
-0.014555
-0.0143211
-0.0140866
-0.0138517
-0.0136163
-0.0133805
-0.0131442
-0.0129075
-0.0126704
-0.0124329
-0.0121951
-0.0119569
-0.0117184
-0.0114796
-0.0112406
-0.0110012
-0.0107617
-0.0105219
-0.0102819
-0.0100417
-0.00980129
-0.00956073
-0.00932001
-0.00907915
-0.00883816
-0.00859704
-0.0083558
-0.00811446
-0.00787302
-0.00763149
-0.00738987
-0.00714816
-0.00690639
-0.00666455
-0.00642265
-0.00618069
-0.00593868
-0.00569662
-0.00545454
-0.00521242
-0.00497025
-0.00472806
-0.00448583
-0.00424356
-0.00400128
-0.00375898
-0.00351665
-0.00327431
-0.00303196
-0.00278958
-0.00254718
-0.00230476
-0.00206231
-0.00181983
-0.00157734
-0.00133481
-0.00109221
-0.000849515
-0.00060677
-0.000364006
-0.000121284
-0.0264164
-0.0257251
-0.0250921
-0.0245206
-0.0240008
-0.0235248
-0.0230869
-0.022682
-0.0223053
-0.0219531
-0.0216218
-0.0213083
-0.02101
-0.0207246
-0.0204501
-0.0201847
-0.0199269
-0.0196753
-0.019429
-0.0191869
-0.0189483
-0.0187123
-0.0184785
-0.0182462
-0.0180152
-0.0177851
-0.0175555
-0.0173262
-0.017097
-0.0168678
-0.0166384
-0.0164088
-0.0161788
-0.0159484
-0.0157175
-0.0154862
-0.0152543
-0.0150219
-0.014789
-0.0145556
-0.0143216
-0.0140872
-0.0138522
-0.0136168
-0.0133809
-0.0131446
-0.0129079
-0.0126708
-0.0124333
-0.0121954
-0.0119572
-0.0117187
-0.0114799
-0.0112408
-0.0110015
-0.0107619
-0.0105221
-0.0102821
-0.0100419
-0.00980147
-0.0095609
-0.00932017
-0.0090793
-0.00883829
-0.00859716
-0.00835592
-0.00811457
-0.00787312
-0.00763159
-0.00738996
-0.00714824
-0.00690646
-0.00666462
-0.00642272
-0.00618075
-0.00593873
-0.00569668
-0.00545459
-0.00521246
-0.0049703
-0.0047281
-0.00448586
-0.0042436
-0.00400131
-0.003759
-0.00351667
-0.00327432
-0.00303197
-0.00278959
-0.00254719
-0.00230479
-0.00206233
-0.00181983
-0.00157734
-0.00133482
-0.00109224
-0.000849568
-0.000606806
-0.000364007
-0.000121273
-0.0263489
-0.0256451
-0.0250193
-0.0244584
-0.0239471
-0.0234782
-0.0230464
-0.0226468
-0.022275
-0.0219269
-0.0215993
-0.0212891
-0.0209936
-0.0207107
-0.0204384
-0.0201749
-0.0199188
-0.0196687
-0.0194237
-0.0191827
-0.0189449
-0.0187098
-0.0184766
-0.018245
-0.0180145
-0.0177847
-0.0175555
-0.0173265
-0.0170975
-0.0168685
-0.0166393
-0.0164098
-0.0161798
-0.0159495
-0.0157187
-0.0154873
-0.0152555
-0.0150231
-0.0147901
-0.0145567
-0.0143227
-0.0140882
-0.0138532
-0.0136178
-0.0133818
-0.0131455
-0.0129087
-0.0126716
-0.012434
-0.0121961
-0.0119579
-0.0117193
-0.0114805
-0.0112414
-0.011002
-0.0107624
-0.0105226
-0.0102825
-0.0100423
-0.00980183
-0.00956123
-0.00932048
-0.00907959
-0.00883856
-0.00859741
-0.00835615
-0.00811478
-0.00787332
-0.00763178
-0.00739013
-0.0071484
-0.0069066
-0.00666475
-0.00642284
-0.00618087
-0.00593884
-0.00569678
-0.00545468
-0.00521254
-0.00497037
-0.00472817
-0.00448593
-0.00424367
-0.00400137
-0.00375905
-0.0035167
-0.00327435
-0.00303201
-0.00278963
-0.00254721
-0.00230478
-0.00206234
-0.00181986
-0.00157735
-0.00133483
-0.00109226
-0.0008496
-0.000606834
-0.000364018
-0.000121273
-0.0262363
-0.0255167
-0.0249021
-0.0243579
-0.0238604
-0.0234028
-0.0229809
-0.0225901
-0.0222259
-0.0218846
-0.0215629
-0.0212579
-0.0209671
-0.0206882
-0.0204194
-0.0201591
-0.0199056
-0.0196579
-0.0194149
-0.0191757
-0.0189395
-0.0187057
-0.0184736
-0.0182429
-0.0180132
-0.0177841
-0.0175554
-0.0173269
-0.0170983
-0.0168696
-0.0166406
-0.0164112
-0.0161815
-0.0159512
-0.0157204
-0.0154891
-0.0152573
-0.0150249
-0.0147919
-0.0145584
-0.0143244
-0.0140898
-0.0138548
-0.0136193
-0.0133833
-0.0131469
-0.01291
-0.0126728
-0.0124352
-0.0121972
-0.0119589
-0.0117203
-0.0114814
-0.0112422
-0.0110028
-0.0107631
-0.0105233
-0.0102832
-0.0100429
-0.0098024
-0.00956176
-0.00932097
-0.00908004
-0.00883898
-0.00859781
-0.00835652
-0.00811513
-0.00787363
-0.00763206
-0.00739039
-0.00714865
-0.00690684
-0.00666496
-0.00642303
-0.00618104
-0.00593901
-0.00569693
-0.00545482
-0.00521267
-0.00497049
-0.00472827
-0.00448603
-0.00424376
-0.00400146
-0.00375913
-0.00351679
-0.00327442
-0.00303205
-0.00278966
-0.00254725
-0.00230482
-0.00206236
-0.00181987
-0.00157735
-0.00133483
-0.00109227
-0.000849615
-0.000606847
-0.000364026
-0.000121277
-0.0260704
-0.0253353
-0.0247362
-0.0242152
-0.0237372
-0.0232957
-0.0228879
-0.0225094
-0.0221562
-0.0218245
-0.0215113
-0.0212138
-0.0209295
-0.0206564
-0.0203927
-0.0201367
-0.0198871
-0.0196428
-0.0194027
-0.019166
-0.0189319
-0.0186999
-0.0184695
-0.0182401
-0.0180115
-0.0177834
-0.0175554
-0.0173275
-0.0170995
-0.0168712
-0.0166425
-0.0164134
-0.0161838
-0.0159536
-0.015723
-0.0154917
-0.0152598
-0.0150274
-0.0147944
-0.0145609
-0.0143268
-0.0140922
-0.013857
-0.0136214
-0.0133853
-0.0131488
-0.0129119
-0.0126745
-0.0124368
-0.0121988
-0.0119604
-0.0117217
-0.0114827
-0.0112434
-0.011004
-0.0107642
-0.0105243
-0.0102841
-0.0100437
-0.00980321
-0.00956252
-0.00932167
-0.00908068
-0.00883957
-0.00859836
-0.00835703
-0.0081156
-0.00787408
-0.00763246
-0.00739076
-0.00714899
-0.00690716
-0.00666526
-0.0064233
-0.00618129
-0.00593924
-0.00569714
-0.00545501
-0.00521285
-0.00497065
-0.00472842
-0.00448616
-0.00424388
-0.00400157
-0.00375924
-0.00351689
-0.00327452
-0.00303213
-0.00278973
-0.00254731
-0.00230486
-0.00206238
-0.00181986
-0.00157734
-0.00133482
-0.00109228
-0.00084962
-0.000606853
-0.000364035
-0.000121283
-0.0258426
-0.0250964
-0.0245182
-0.0240269
-0.0235745
-0.0231543
-0.0227651
-0.0224031
-0.0220643
-0.0217454
-0.0214435
-0.0211558
-0.0208803
-0.0206148
-0.0203577
-0.0201076
-0.0198631
-0.0196232
-0.0193869
-0.0191535
-0.0189222
-0.0186927
-0.0184643
-0.0182366
-0.0180095
-0.0177826
-0.0175557
-0.0173286
-0.0171012
-0.0168734
-0.0166452
-0.0164164
-0.016187
-0.015957
-0.0157264
-0.0154952
-0.0152634
-0.0150309
-0.0147978
-0.0145642
-0.01433
-0.0140953
-0.01386
-0.0136243
-0.0133881
-0.0131514
-0.0129144
-0.0126769
-0.0124391
-0.0122009
-0.0119624
-0.0117236
-0.0114845
-0.0112451
-0.0110055
-0.0107656
-0.0105256
-0.0102853
-0.0100449
-0.00980427
-0.00956351
-0.00932258
-0.00908153
-0.00884037
-0.00859909
-0.00835771
-0.00811622
-0.00787465
-0.00763299
-0.00739126
-0.00714945
-0.00690757
-0.00666564
-0.00642366
-0.00618162
-0.00593954
-0.00569743
-0.00545527
-0.00521308
-0.00497085
-0.00472861
-0.00448634
-0.00424404
-0.00400171
-0.00375937
-0.003517
-0.00327462
-0.00303223
-0.00278981
-0.00254737
-0.00230491
-0.00206241
-0.00181988
-0.00157734
-0.00133484
-0.00109229
-0.000849597
-0.000606834
-0.000364057
-0.000121308
-0.0255445
-0.0247962
-0.0242452
-0.0237903
-0.0233699
-0.0229767
-0.0226109
-0.0222697
-0.0219493
-0.0216465
-0.0213588
-0.0210837
-0.0208191
-0.0205632
-0.0203146
-0.0200718
-0.0198337
-0.0195993
-0.0193678
-0.0191385
-0.0189108
-0.0186842
-0.0184583
-0.0182329
-0.0180075
-0.0177821
-0.0175564
-0.0173303
-0.0171038
-0.0168766
-0.0166488
-0.0164204
-0.0161913
-0.0159615
-0.015731
-0.0154998
-0.015268
-0.0150354
-0.0148023
-0.0145686
-0.0143342
-0.0140993
-0.0138639
-0.013628
-0.0133916
-0.0131548
-0.0129176
-0.0126799
-0.0124419
-0.0122036
-0.0119649
-0.0117259
-0.0114867
-0.0112472
-0.0110074
-0.0107674
-0.0105273
-0.0102869
-0.0100463
-0.00980563
-0.00956476
-0.00932375
-0.00908262
-0.00884138
-0.00860002
-0.00835857
-0.00811702
-0.00787538
-0.00763367
-0.00739188
-0.00715002
-0.00690811
-0.00666614
-0.00642411
-0.00618204
-0.00593993
-0.00569778
-0.00545559
-0.00521338
-0.00497113
-0.00472885
-0.00448655
-0.00424424
-0.00400189
-0.00375953
-0.00351715
-0.00327475
-0.00303233
-0.0027899
-0.00254745
-0.00230497
-0.00206246
-0.00181991
-0.00157737
-0.00133486
-0.00109231
-0.000849626
-0.000606848
-0.000364044
-0.0001213
-0.0251682
-0.0244318
-0.0239159
-0.0235042
-0.0231222
-0.0227617
-0.0224247
-0.0221088
-0.0218108
-0.0215278
-0.0212574
-0.0209975
-0.0207463
-0.0205021
-0.0202637
-0.0200298
-0.0197994
-0.0195716
-0.0193459
-0.0191215
-0.018898
-0.018675
-0.0184522
-0.0182293
-0.0180061
-0.0177824
-0.0175581
-0.0173332
-0.0171076
-0.0168811
-0.0166539
-0.0164259
-0.016197
-0.0159674
-0.0157369
-0.0155058
-0.0152739
-0.0150413
-0.014808
-0.0145741
-0.0143395
-0.0141045
-0.0138688
-0.0136327
-0.0133961
-0.013159
-0.0129215
-0.0126837
-0.0124455
-0.0122069
-0.011968
-0.0117289
-0.0114894
-0.0112497
-0.0110098
-0.0107697
-0.0105294
-0.0102888
-0.0100482
-0.00980731
-0.00956632
-0.0093252
-0.00908396
-0.00884262
-0.00860117
-0.00835962
-0.008118
-0.00787629
-0.00763451
-0.00739265
-0.00715073
-0.00690876
-0.00666674
-0.00642467
-0.00618256
-0.0059404
-0.00569821
-0.00545598
-0.00521373
-0.00497145
-0.00472914
-0.00448682
-0.00424447
-0.00400211
-0.00375973
-0.00351732
-0.0032749
-0.00303246
-0.00279
-0.00254753
-0.00230504
-0.00206252
-0.00181996
-0.00157741
-0.0013349
-0.00109233
-0.000849603
-0.000606828
-0.000364064
-0.000121323
-0.0247074
-0.0240014
-0.0235303
-0.0231686
-0.0228316
-0.02251
-0.022207
-0.0219212
-0.0216498
-0.0213902
-0.0211403
-0.0208985
-0.020663
-0.0204327
-0.0202062
-0.0199827
-0.0197613
-0.0195414
-0.0193223
-0.0191036
-0.018885
-0.0186661
-0.0184467
-0.0182267
-0.0180058
-0.0177841
-0.0175614
-0.0173378
-0.0171131
-0.0168874
-0.0166607
-0.0164331
-0.0162045
-0.015975
-0.0157446
-0.0155134
-0.0152813
-0.0150486
-0.0148151
-0.0145809
-0.0143462
-0.0141108
-0.0138749
-0.0136385
-0.0134016
-0.0131642
-0.0129264
-0.0126883
-0.0124498
-0.012211
-0.0119719
-0.0117324
-0.0114928
-0.0112529
-0.0110127
-0.0107724
-0.0105319
-0.0102912
-0.0100503
-0.00980934
-0.0095682
-0.00932695
-0.00908558
-0.00884412
-0.00860255
-0.0083609
-0.00811918
-0.00787737
-0.0076355
-0.00739357
-0.00715159
-0.00690955
-0.00666747
-0.00642534
-0.00618317
-0.00594096
-0.00569872
-0.00545645
-0.00521416
-0.00497184
-0.00472949
-0.00448713
-0.00424475
-0.00400236
-0.00375995
-0.00351752
-0.00327508
-0.00303261
-0.00279013
-0.00254764
-0.00230513
-0.0020626
-0.00182001
-0.00157745
-0.00133493
-0.00109235
-0.000849617
-0.000606835
-0.000364077
-0.000121334
-0.0241579
-0.0235054
-0.0230905
-0.0227858
-0.0225003
-0.0222237
-0.0219602
-0.0217093
-0.0214687
-0.0212361
-0.02101
-0.0207888
-0.0205715
-0.0203569
-0.0201442
-0.0199325
-0.0197213
-0.0195101
-0.0192985
-0.0190862
-0.0188729
-0.0186586
-0.018443
-0.0182261
-0.0180078
-0.0177881
-0.0175671
-0.0173448
-0.0171211
-0.0168961
-0.01667
-0.0164426
-0.0162142
-0.0159848
-0.0157543
-0.0155229
-0.0152907
-0.0150577
-0.0148239
-0.0145894
-0.0143543
-0.0141186
-0.0138823
-0.0136455
-0.0134082
-0.0131705
-0.0129324
-0.0126939
-0.012455
-0.0122159
-0.0119764
-0.0117367
-0.0114968
-0.0112566
-0.0110162
-0.0107756
-0.0105349
-0.010294
-0.0100529
-0.00981174
-0.00957044
-0.00932902
-0.0090875
-0.00884588
-0.00860418
-0.00836241
-0.00812056
-0.00787865
-0.00763668
-0.00739466
-0.00715259
-0.00691047
-0.00666832
-0.00642612
-0.00618389
-0.00594162
-0.00569932
-0.005457
-0.00521466
-0.00497229
-0.00472991
-0.0044875
-0.00424509
-0.00400266
-0.00376022
-0.00351775
-0.00327528
-0.00303279
-0.00279029
-0.00254777
-0.00230523
-0.00206267
-0.00182008
-0.00157751
-0.00133499
-0.0010924
-0.000849648
-0.000606855
-0.000364085
-0.000121337
-0.0235181
-0.0229462
-0.0226013
-0.0223608
-0.0221332
-0.0219077
-0.0216891
-0.0214778
-0.0212719
-0.0210698
-0.0208703
-0.0206724
-0.0204753
-0.0202783
-0.0200807
-0.019882
-0.019682
-0.0194804
-0.0192769
-0.0190714
-0.0188639
-0.0186543
-0.0184427
-0.018229
-0.0180133
-0.0177957
-0.0175763
-0.0173552
-0.0171324
-0.016908
-0.0166823
-0.0164551
-0.0162267
-0.0159972
-0.0157665
-0.0155349
-0.0153023
-0.0150689
-0.0148347
-0.0145997
-0.0143641
-0.0141279
-0.0138912
-0.0136539
-0.0134161
-0.013178
-0.0129394
-0.0127005
-0.0124612
-0.0122217
-0.0119819
-0.0117418
-0.0115015
-0.011261
-0.0110203
-0.0107794
-0.0105384
-0.0102973
-0.010056
-0.00981455
-0.00957303
-0.00933142
-0.00908972
-0.00884794
-0.00860608
-0.00836415
-0.00812217
-0.00788013
-0.00763805
-0.00739591
-0.00715374
-0.00691154
-0.00666929
-0.00642702
-0.00618471
-0.00594237
-0.00570001
-0.00545763
-0.00521523
-0.00497282
-0.00473038
-0.00448793
-0.00424547
-0.004003
-0.00376051
-0.00351802
-0.00327554
-0.00303303
-0.00279047
-0.00254791
-0.00230535
-0.00206279
-0.00182018
-0.00157759
-0.00133504
-0.00109244
-0.000849683
-0.000606881
-0.000364102
-0.000121343
-0.0227894
-0.02233
-0.0220717
-0.0219031
-0.0217393
-0.0215705
-0.0214018
-0.0212341
-0.0210665
-0.0208978
-0.0207275
-0.020555
-0.0203798
-0.0202016
-0.0200202
-0.0198355
-0.0196473
-0.0194556
-0.0192605
-0.0190621
-0.0188604
-0.0186556
-0.0184478
-0.0182372
-0.018024
-0.0178083
-0.0175903
-0.0173702
-0.017148
-0.0169241
-0.0166985
-0.0164713
-0.0162427
-0.0160128
-0.0157818
-0.0155497
-0.0153166
-0.0150825
-0.0148477
-0.0146122
-0.0143759
-0.0141391
-0.0139017
-0.0136638
-0.0134255
-0.0131868
-0.0129476
-0.0127082
-0.0124684
-0.0122284
-0.0119881
-0.0117476
-0.0115069
-0.0112661
-0.011025
-0.0107838
-0.0105425
-0.010301
-0.0100594
-0.00981776
-0.009576
-0.00933416
-0.00909225
-0.00885027
-0.00860823
-0.00836614
-0.008124
-0.00788182
-0.0076396
-0.00739734
-0.00715505
-0.00691274
-0.0066704
-0.00642803
-0.00618564
-0.00594323
-0.00570079
-0.00545834
-0.00521587
-0.0049734
-0.00473092
-0.00448843
-0.00424592
-0.0040034
-0.00376086
-0.00351833
-0.00327582
-0.00303327
-0.00279068
-0.00254809
-0.00230551
-0.00206292
-0.0018203
-0.00157769
-0.00133513
-0.00109252
-0.00084976
-0.000606931
-0.000364106
-0.000121335
-0.0219807
-0.0216708
-0.0215187
-0.0214293
-0.0213341
-0.0212262
-0.021111
-0.0209901
-0.0208632
-0.02073
-0.0205904
-0.0204445
-0.0202922
-0.0201336
-0.0199689
-0.0197983
-0.019622
-0.0194403
-0.0192534
-0.0190618
-0.0188656
-0.0186652
-0.0184609
-0.018253
-0.0180418
-0.0178276
-0.0176106
-0.017391
-0.0171692
-0.0169453
-0.0167194
-0.0164919
-0.0162628
-0.0160323
-0.0158005
-0.0155676
-0.0153337
-0.0150989
-0.0148633
-0.0146269
-0.0143899
-0.0141522
-0.0139141
-0.0136754
-0.0134364
-0.0131969
-0.0129572
-0.0127171
-0.0124767
-0.0122361
-0.0119953
-0.0117543
-0.0115131
-0.0112718
-0.0110303
-0.0107887
-0.010547
-0.0103052
-0.0100633
-0.00982137
-0.00957934
-0.00933724
-0.00909509
-0.00885288
-0.00861064
-0.00836835
-0.00812604
-0.00788369
-0.00764132
-0.00739893
-0.00715651
-0.00691407
-0.00667162
-0.00642915
-0.00618667
-0.00594418
-0.00570166
-0.00545913
-0.00521659
-0.00497405
-0.0047315
-0.00448895
-0.0042464
-0.00400384
-0.00376127
-0.0035187
-0.00327612
-0.00303353
-0.00279092
-0.00254831
-0.0023057
-0.00206307
-0.00182042
-0.0015778
-0.00133522
-0.00109259
-0.000849805
-0.000606962
-0.000364126
-0.000121342
-0.0210953
-0.0209881
-0.0209614
-0.0209562
-0.0209336
-0.0208909
-0.0208326
-0.020761
-0.0206769
-0.0205806
-0.0204728
-0.0203539
-0.0202247
-0.0200856
-0.0199373
-0.0197803
-0.0196152
-0.0194427
-0.0192632
-0.0190774
-0.0188858
-0.0186889
-0.0184871
-0.018281
-0.018071
-0.0178574
-0.0176405
-0.0174208
-0.0171985
-0.0169739
-0.0167473
-0.0165188
-0.0162886
-0.016057
-0.0158241
-0.01559
-0.0153549
-0.015119
-0.0148822
-0.0146447
-0.0144065
-0.0141679
-0.0139287
-0.0136891
-0.0134491
-0.0132088
-0.0129682
-0.0127274
-0.0124863
-0.012245
-0.0120035
-0.0117619
-0.0115202
-0.0112783
-0.0110363
-0.0107943
-0.0105522
-0.0103099
-0.0100677
-0.00982538
-0.00958303
-0.00934064
-0.00909821
-0.00885576
-0.00861329
-0.00837079
-0.00812828
-0.00788575
-0.00764321
-0.00740066
-0.0071581
-0.00691554
-0.00667296
-0.00643038
-0.00618779
-0.0059452
-0.00570259
-0.00545998
-0.00521736
-0.00497475
-0.00473214
-0.00448954
-0.00424694
-0.00400433
-0.00376171
-0.00351909
-0.00327648
-0.00303384
-0.00279119
-0.00254856
-0.00230592
-0.00206326
-0.00182058
-0.00157793
-0.00133532
-0.00109265
-0.000849842
-0.000606988
-0.000364156
-0.00012136
-0.0201679
-0.0203271
-0.0204009
-0.0204668
-0.0205176
-0.0205455
-0.0205509
-0.0205354
-0.0205003
-0.0204465
-0.020375
-0.020287
-0.0201837
-0.020066
-0.0199353
-0.0197925
-0.0196387
-0.019475
-0.0193023
-0.0191215
-0.0189334
-0.0187388
-0.0185384
-0.0183327
-0.0181225
-0.0179082
-0.0176902
-0.017469
-0.0172451
-0.0170186
-0.01679
-0.0165594
-0.0163272
-0.0160935
-0.0158586
-0.0156225
-0.0153855
-0.0151476
-0.014909
-0.0146697
-0.0144299
-0.0141897
-0.013949
-0.013708
-0.0134667
-0.0132251
-0.0129833
-0.0127414
-0.0124993
-0.012257
-0.0120146
-0.0117722
-0.0115297
-0.0112871
-0.0110445
-0.0108018
-0.0105591
-0.0103164
-0.0100736
-0.00983083
-0.00958804
-0.00934524
-0.00910245
-0.00885965
-0.00861685
-0.00837406
-0.00813128
-0.0078885
-0.00764573
-0.00740297
-0.00716022
-0.00691747
-0.00667473
-0.006432
-0.00618928
-0.00594656
-0.00570384
-0.00546111
-0.0052184
-0.00497569
-0.004733
-0.00449031
-0.00424764
-0.00400498
-0.0037623
-0.00351962
-0.00327693
-0.00303424
-0.00279158
-0.00254891
-0.0023062
-0.00206347
-0.0018208
-0.00157817
-0.0013355
-0.00109275
-0.0008499
-0.000607033
-0.000364195
-0.000121383
)
;

boundaryField
{
    inlet
    {
        type            calculated;
        value           nonuniform List<scalar> 
30
(
-0.0201538
-0.0180805
-0.0158107
-0.0135083
-0.0112588
-0.00914094
-0.00720407
-0.005478
-0.00398119
-0.00272332
-0.00170622
-0.000924507
-0.000366202
-1.40859e-05
0.000148345
0.000148923
-1.23441e-05
-0.0003633
-0.00092046
-0.00170105
-0.00271706
-0.00397387
-0.00546969
-0.00719481
-0.00913083
-0.0112479
-0.0134968
-0.0157986
-0.018068
-0.0201409
)
;
    }
    outlet
    {
        type            calculated;
        value           uniform 0;
    }
    top
    {
        type            calculated;
        value           nonuniform List<scalar> 
135
(
-0.0201409
-0.0201797
-0.0202615
-0.0204707
-0.0213116
-0.0262321
-0.0258425
-0.0247595
-0.0239916
-0.0234567
-0.0230344
-0.0226943
-0.0224126
-0.0221646
-0.0219517
-0.0217438
-0.0215162
-0.0212763
-0.0210233
-0.020761
-0.0204975
-0.0202428
-0.0200063
-0.019797
-0.0196182
-0.019457
-0.0193205
-0.0192065
-0.0191076
-0.019017
-0.0189303
-0.0188423
-0.0187297
-0.0185814
-0.01866
-0.0201679
-0.0203271
-0.0204009
-0.0204668
-0.0205176
-0.0205455
-0.0205509
-0.0205354
-0.0205003
-0.0204465
-0.020375
-0.020287
-0.0201837
-0.020066
-0.0199353
-0.0197925
-0.0196387
-0.019475
-0.0193023
-0.0191215
-0.0189334
-0.0187388
-0.0185384
-0.0183327
-0.0181225
-0.0179082
-0.0176902
-0.017469
-0.0172451
-0.0170186
-0.01679
-0.0165594
-0.0163272
-0.0160935
-0.0158586
-0.0156225
-0.0153855
-0.0151476
-0.014909
-0.0146697
-0.0144299
-0.0141897
-0.013949
-0.013708
-0.0134667
-0.0132251
-0.0129833
-0.0127414
-0.0124993
-0.012257
-0.0120146
-0.0117722
-0.0115297
-0.0112871
-0.0110445
-0.0108018
-0.0105591
-0.0103164
-0.0100736
-0.00983083
-0.00958804
-0.00934524
-0.00910245
-0.00885965
-0.00861685
-0.00837406
-0.00813128
-0.0078885
-0.00764573
-0.00740297
-0.00716022
-0.00691747
-0.00667473
-0.006432
-0.00618928
-0.00594656
-0.00570384
-0.00546111
-0.0052184
-0.00497569
-0.004733
-0.00449031
-0.00424764
-0.00400498
-0.0037623
-0.00351962
-0.00327693
-0.00303424
-0.00279158
-0.00254891
-0.0023062
-0.00206347
-0.0018208
-0.00157817
-0.0013355
-0.00109275
-0.0008499
-0.000607033
-0.000364195
-0.000121383
)
;
    }
    bottom
    {
        type            calculated;
        value           nonuniform List<scalar> 
135
(
-0.0201538
-0.0201926
-0.0202745
-0.0204836
-0.0213245
-0.0262463
-0.0258569
-0.0247738
-0.0240057
-0.0234706
-0.0230481
-0.0227075
-0.0224248
-0.0221755
-0.0219614
-0.0217522
-0.0215233
-0.0212819
-0.0210273
-0.0207634
-0.0204983
-0.020242
-0.0200039
-0.0197932
-0.0196132
-0.019451
-0.0193136
-0.0191989
-0.0190996
-0.019009
-0.0189225
-0.0188346
-0.0187222
-0.0185736
-0.0186512
-0.0201601
-0.0203195
-0.0203936
-0.0204599
-0.020511
-0.0205393
-0.0205449
-0.0205297
-0.0204949
-0.0204413
-0.0203701
-0.0202824
-0.0201792
-0.0200618
-0.0199312
-0.0197886
-0.019635
-0.0194715
-0.019299
-0.0191183
-0.0189304
-0.0187359
-0.0185356
-0.0183301
-0.01812
-0.0179058
-0.0176879
-0.0174669
-0.017243
-0.0170167
-0.0167881
-0.0165577
-0.0163255
-0.0160919
-0.015857
-0.015621
-0.0153841
-0.0151462
-0.0149077
-0.0146685
-0.0144288
-0.0141886
-0.013948
-0.013707
-0.0134657
-0.0132242
-0.0129825
-0.0127405
-0.0124984
-0.0122562
-0.0120139
-0.0117715
-0.011529
-0.0112864
-0.0110438
-0.0108012
-0.0105585
-0.0103158
-0.010073
-0.00983029
-0.00958752
-0.00934473
-0.00910195
-0.00885916
-0.00861638
-0.00837359
-0.00813082
-0.00788805
-0.00764529
-0.00740253
-0.00715978
-0.00691704
-0.00667431
-0.00643158
-0.00618885
-0.00594614
-0.00570344
-0.00546074
-0.00521804
-0.00497534
-0.00473265
-0.00448996
-0.00424727
-0.0040046
-0.00376192
-0.00351923
-0.00327656
-0.00303388
-0.00279119
-0.00254852
-0.00230592
-0.00206332
-0.0018207
-0.00157806
-0.00133539
-0.00109268
-0.000849861
-0.000607006
-0.000364183
-0.000121382
)
;
    }
    obstacle
    {
        type            calculated;
        value           nonuniform List<scalar> 
120
(
0.0434316
0.0413355
0.0367757
0.031157
0.0252194
0.0190628
0.012675
0.00609207
-0.000623607
-0.00740626
-0.0141929
-0.0209235
-0.0275429
-0.0340012
-0.0402553
-0.0462686
-0.0520104
-0.0574541
-0.0625799
-0.0673704
-0.0718086
-0.0758917
-0.0796153
-0.0829765
-0.0859782
-0.0886427
-0.0910204
-0.0930855
-0.0943916
-0.0940882
-0.0969455
-0.0978235
-0.0996651
-0.10173
-0.103625
-0.10529
-0.106736
-0.107953
-0.108948
-0.109759
-0.110395
-0.110864
-0.111177
-0.111363
-0.111456
-0.111457
-0.111366
-0.111182
-0.110871
-0.110403
-0.109769
-0.108959
-0.107965
-0.106749
-0.105304
-0.103638
-0.101744
-0.0996783
-0.0978359
-0.0969572
0.0434373
0.0413419
0.0367814
0.0311623
0.0252247
0.0190684
0.0126806
0.00609721
-0.00061916
-0.00740275
-0.0141905
-0.0209224
-0.0275429
-0.0340025
-0.0402577
-0.0462721
-0.052015
-0.0574594
-0.062586
-0.0673771
-0.0718159
-0.0758993
-0.0796232
-0.0829845
-0.0859864
-0.088651
-0.091029
-0.0930945
-0.0944013
-0.0940987
0.0504322
0.0551812
0.0613255
0.067692
0.0736334
0.0790064
0.0837842
0.0879387
0.0914527
0.0943451
0.096653
0.0984081
0.0996502
0.100438
0.100822
0.100823
0.10044
0.0996523
0.0984109
0.0966563
0.0943487
0.0914565
0.0879431
0.0837889
0.0790109
0.0736375
0.0676957
0.0613291
0.0551852
0.0504368
)
;
    }
    frontAndBack
    {
        type            empty;
    }
}


// ************************************************************************* //
