/*--------------------------------*- C++ -*----------------------------------*\
  =========                 |
  \\      /  F ield         | OpenFOAM: The Open Source CFD Toolbox
   \\    /   O peration     | Website:  https://openfoam.org
    \\  /    A nd           | Version:  12
     \\/     M anipulation  |
\*---------------------------------------------------------------------------*/
FoamFile
{
    format      ascii;
    class       volScalarField;
    location    "80";
    object      pPrime2Mean;
}
// * * * * * * * * * * * * * * * * * * * * * * * * * * * * * * * * * * * * * //

dimensions      [0 4 -4 0 0 0 0];

internalField   nonuniform List<scalar> 
6750
(
0.0151482
0.0151232
0.0150898
0.0150602
0.0150417
0.0151874
0.0151557
0.0151056
0.0150459
0.0149846
0.0152926
0.0152532
0.0151876
0.0151029
0.0150122
0.0154621
0.0154199
0.0153491
0.0152561
0.0151566
0.015688
0.0156496
0.0155847
0.0154984
0.0154061
0.015956
0.0159269
0.0158772
0.0158095
0.0157368
0.0162478
0.0162323
0.0162047
0.0161643
0.0161204
0.0165442
0.0165451
0.016544
0.0165366
0.0165279
0.0168273
0.0168458
0.0168731
0.0169014
0.0169312
0.017082
0.0171177
0.0171732
0.0172368
0.0173053
0.017297
0.0173485
0.0174295
0.0175257
0.0176301
0.0174651
0.0175298
0.0176323
0.0177559
0.0178909
0.017583
0.0176576
0.0177764
0.017921
0.0180795
0.0176506
0.0177318
0.0178611
0.0180192
0.0181933
0.0176709
0.017755
0.017889
0.0180533
0.0182345
0.0176484
0.017732
0.0178653
0.0180289
0.0182093
0.0175829
0.0176628
0.0177901
0.017946
0.0181175
0.0174705
0.017543
0.0176585
0.0177993
0.0179537
0.0173089
0.0173706
0.0174688
0.0175872
0.0177165
0.0170988
0.0171468
0.0172224
0.0173123
0.0174097
0.0168442
0.016876
0.0169254
0.016982
0.0170426
0.0165529
0.0165672
0.0165881
0.0166089
0.0166304
0.0162367
0.0162334
0.0162257
0.0162107
0.0161936
0.0159111
0.0158914
0.0158574
0.0158096
0.0157575
0.0155942
0.0155611
0.0155053
0.0154306
0.01535
0.0153056
0.0152634
0.0151927
0.0150998
0.0150002
0.0150636
0.0150179
0.0149417
0.0148424
0.0147362
0.0148826
0.0148398
0.0147691
0.0146786
0.0145818
0.0147704
0.0147357
0.0146809
0.0146157
0.0145488
0.0147284
0.014701
0.0146637
0.0146298
0.0146075
0.0150107
0.0148758
0.0146178
0.0142654
0.0138244
0.0132983
0.0126892
0.0119995
0.0112357
0.0104072
0.0095273
0.00861527
0.00769206
0.00678075
0.00590409
0.00508226
0.00433117
0.00366125
0.00307697
0.00257743
0.00215838
0.00181218
0.0015297
0.00130178
0.0011198
0.000975867
0.000863569
0.000777513
0.000713627
0.000675322
0.0149959
0.0147768
0.0144618
0.0140641
0.0135857
0.0130288
0.0123977
0.0116985
0.0109393
0.0101297
0.00928276
0.00841569
0.00754573
0.00669156
0.00587104
0.00509987
0.0043905
0.0037513
0.00318661
0.00269704
0.0022791
0.00192763
0.00163603
0.00139688
0.00120291
0.00104767
0.000925245
0.000830006
0.000756556
0.000703176
0.0149328
0.0146589
0.0143003
0.0138682
0.0133625
0.0127862
0.0121438
0.0114422
0.0106908
0.00989876
0.00908034
0.00825059
0.00742437
0.00661702
0.00584275
0.00511375
0.00443969
0.00382733
0.00328041
0.0027998
0.00238401
0.0020295
0.00173122
0.0014834
0.00127997
0.001115
0.000982967
0.000878204
0.000795576
0.000732352
0.0148471
0.0145378
0.0141462
0.0136886
0.0131665
0.012581
0.0119364
0.0112393
0.0104991
0.00972489
0.00893101
0.00813064
0.00733714
0.00656379
0.00582262
0.00512389
0.00447568
0.00388379
0.00335154
0.00287999
0.00246826
0.00211371
0.00181238
0.00155947
0.00134966
0.00117742
0.00103709
0.000923311
0.000831188
0.000762469
0.0147544
0.0144188
0.0140014
0.0135243
0.0129919
0.0124033
0.0117619
0.0110739
0.0103472
0.00959113
0.00881895
0.00804247
0.00727404
0.00652571
0.00580841
0.00513149
0.00450236
0.00392631
0.00340644
0.00294379
0.00253756
0.00218542
0.00188389
0.00162862
0.00141471
0.00123685
0.00108949
0.000967061
0.000867009
0.000793901
0.014669
0.0143122
0.0138756
0.0133838
0.012844
0.0122556
0.0116202
0.010943
0.0102304
0.00949124
0.00873751
0.00797993
0.00723015
0.00649963
0.00579891
0.00513713
0.0045216
0.0039575
0.00344781
0.0029934
0.00259332
0.00224513
0.00194533
0.00168963
0.00147327
0.0012912
0.00113786
0.00100816
0.000901441
0.000825031
0.0146005
0.0142265
0.0137747
0.0132724
0.0127272
0.0121403
0.0115119
0.0108454
0.0101457
0.00942147
0.0086826
0.00793917
0.00720243
0.00648364
0.00579345
0.0051413
0.00453474
0.00397912
0.0034774
0.00303023
0.00263631
0.00229282
0.00199591
0.00174107
0.00152352
0.00133841
0.00118038
0.00104487
0.000932648
0.000853796
0.0145569
0.0141684
0.0137043
0.0131934
0.0126453
0.0120598
0.0114378
0.0107807
0.0100921
0.00937971
0.00865176
0.00791784
0.00718895
0.0064765
0.0057916
0.00514428
0.00454262
0.00399229
0.0034963
0.00305507
0.00266685
0.00232826
0.00203487
0.0017818
0.0015642
0.00137693
0.00121544
0.00107562
0.000958969
0.000878242
0.0145456
0.0141441
0.0136688
0.0131502
0.0125998
0.0120157
0.011399
0.0107493
0.0100691
0.00936488
0.00864361
0.0079145
0.0071885
0.00647741
0.00579305
0.00514623
0.00454575
0.0039977
0.00350518
0.00306839
0.00268506
0.00235115
0.00206159
0.00181099
0.00159431
0.00140617
0.00124246
0.00109927
0.000978985
0.000896653
0.0145736
0.0141598
0.0136732
0.0131468
0.0125935
0.0120104
0.0113969
0.0107518
0.0100768
0.00937668
0.00865758
0.00792846
0.00720043
0.00648591
0.0057976
0.00514725
0.00454443
0.00399572
0.00350437
0.00307034
0.00269085
0.00236118
0.00207554
0.001828
0.0016129
0.00142516
0.00126031
0.0011145
0.000991226
0.000907441
0.0146484
0.0142218
0.0137228
0.0131869
0.012629
0.0120457
0.0114331
0.0107895
0.0101159
0.00941545
0.00869374
0.00795963
0.00722458
0.00650185
0.00580518
0.00514734
0.00453875
0.0039865
0.00349396
0.0030609
0.00268405
0.00235799
0.00207622
0.00183213
0.00161951
0.00143312
0.00126788
0.00112012
0.000994376
0.000909208
0.0147781
0.0143373
0.0138237
0.0132756
0.0127107
0.0121244
0.0115097
0.0108642
0.0101877
0.00948215
0.00875273
0.00800837
0.00726114
0.0065253
0.0058158
0.00514651
0.0045287
0.00396997
0.00347385
0.00303991
0.00266439
0.00234123
0.0020632
0.0018229
0.0016134
0.00142914
0.00126406
0.0011149
0.000987246
0.000900809
0.0149723
0.0145147
0.0139833
0.0134194
0.0128445
0.0122509
0.0116303
0.0109787
0.0102945
0.00957847
0.00883576
0.00807553
0.00731063
0.00655656
0.00582958
0.00514474
0.00451416
0.00394594
0.00344379
0.00300708
0.00263157
0.00231055
0.00203602
0.00179969
0.00159368
0.00141175
0.00124763
0.00109772
0.000968861
0.000881373
0.0152427
0.0147643
0.0142109
0.0136264
0.0130365
0.0124309
0.0117998
0.0111369
0.0104393
0.00970685
0.00894463
0.00816233
0.00737385
0.00659609
0.00584674
0.00514203
0.00449494
0.0039141
0.0034034
0.00296204
0.00258524
0.0022656
0.00199422
0.00176178
0.00155964
0.00138039
0.00121769
0.00106779
0.000938643
0.000850464
0.0156033
0.015099
0.0145184
0.013907
0.0132962
0.0126726
0.0120246
0.0113443
0.0106265
0.00987061
0.00908176
0.00827043
0.00745187
0.00664452
0.00586756
0.00513838
0.00447082
0.00387409
0.00335225
0.00290432
0.00252497
0.00220592
0.00193727
0.00170867
0.00151043
0.00133425
0.00117368
0.00102475
0.000896518
0.000808295
0.0160719
0.0155357
0.0149214
0.0142756
0.0136366
0.0129873
0.0123146
0.0116086
0.010862
0.0100741
0.00925022
0.00840191
0.00754602
0.00670264
0.00589236
0.00513375
0.00444157
0.00382556
0.00328992
0.00283343
0.00245016
0.00213081
0.00186438
0.00163954
0.00144537
0.00127284
0.00111541
0.000968817
0.000843155
0.00075609
0.016672
0.0160967
0.0154413
0.0147518
0.0140751
0.0133902
0.0126828
0.0119399
0.0111535
0.0103228
0.00945381
0.00855931
0.00765792
0.0067713
0.00592142
0.00512806
0.00440688
0.00376813
0.003216
0.00274887
0.00236012
0.00203944
0.00177468
0.00155343
0.00136395
0.00119614
0.00104336
0.000901148
0.000780488
0.000696648
0.0174352
0.0168121
0.0161068
0.0153613
0.0146344
0.0139012
0.0131451
0.012351
0.0115108
0.0106238
0.00969732
0.00874576
0.00778939
0.00685136
0.00595498
0.00512118
0.00436646
0.00370139
0.00313002
0.00265011
0.00225424
0.00193118
0.00166766
0.00145016
0.00126615
0.00110486
0.000959181
0.000824515
0.000712568
0.000635368
0.0184047
0.0177228
0.0169557
0.0161376
0.0153443
0.0145454
0.0137215
0.0128575
0.0119455
0.0109856
0.00998662
0.0089649
0.00794237
0.00694362
0.00599319
0.00511299
0.00432003
0.00362496
0.00303142
0.00253654
0.00213205
0.00180578
0.00154347
0.00133045
0.00115347
0.0010014
0.0008668
0.000744736
0.000647123
0.000581866
0.0196406
0.0188841
0.0180385
0.017125
0.0162427
0.0153533
0.0144373
0.0134792
0.0124723
0.0114185
0.0103285
0.00922074
0.00811888
0.00704886
0.00603621
0.00510338
0.0042674
0.00353855
0.00291989
0.00240788
0.00199351
0.0016638
0.00140353
0.00119706
0.00103036
0.00089192
0.000774552
0.00067318
0.000598405
0.000553134
0.0212272
0.0203727
0.019425
0.0183846
0.0173793
0.0163659
0.0153244
0.0142403
0.0131089
0.0119344
0.0107305
0.00951759
0.00832109
0.00716799
0.00608429
0.00509225
0.00420834
0.00344197
0.00279541
0.00226444
0.00183949
0.00150703
0.00125113
0.00105536
0.000904906
0.000788128
0.000697952
0.000630668
0.000592144
0.000579538
0.0232825
0.0222945
0.0212115
0.0199976
0.0188221
0.0176378
0.016425
0.0151719
0.0138768
0.0125477
0.0112013
0.00986038
0.00855155
0.00730214
0.00613771
0.0050795
0.00414262
0.00333517
0.00265837
0.00210735
0.00167222
0.00133931
0.00109252
0.000915059
0.000791653
0.000710703
0.000665521
0.000654219
0.00067345
0.000714848
0.0259663
0.0247937
0.0235296
0.0220746
0.0206623
0.0192413
0.0177928
0.016312
0.0148019
0.013275
0.0117512
0.010255
0.00881324
0.00745254
0.00619673
0.0050649
0.00407001
0.00321834
0.00250981
0.00193894
0.00149591
0.0011676
0.000938677
0.000792959
0.000715437
0.0006949
0.000724987
0.000806645
0.000917304
0.0010482
0.02948
0.0280578
0.0265482
0.0247605
0.0230185
0.0212668
0.0194945
0.0177074
0.0159155
0.0141362
0.0123921
0.010708
0.00910938
0.0076203
0.00626129
0.00504799
0.00399022
0.00309188
0.00235149
0.00176313
0.00131762
0.0010035
0.000807799
0.000716813
0.000717418
0.00079899
0.000955206
0.00118873
0.00144029
0.00171158
0.0340578
0.032305
0.0304749
0.0282366
0.0260376
0.0238239
0.0216091
0.0194126
0.0172535
0.015154
0.0131372
0.0112262
0.00944279
0.00780587
0.0063306
0.0050275
0.00390218
0.00295569
0.00218518
0.00158488
0.00114732
0.000864371
0.000727859
0.000729515
0.000860723
0.0011122
0.00147396
0.00194528
0.00240338
0.00287601
0.0399426
0.0377597
0.0355147
0.0326754
0.0298504
0.0270124
0.0242083
0.0214776
0.0188497
0.01635
0.0139996
0.0118168
0.00981627
0.00800912
0.00640255
0.00500004
0.00380193
0.00280614
0.00200905
0.00140637
0.000994329
0.000770723
0.000735419
0.000889229
0.00123099
0.00175242
0.00243361
0.00325629
0.00399925
0.00474293
0.0472654
0.0445242
0.0417226
0.0381137
0.0344901
0.0308706
0.0273365
0.0239515
0.0207541
0.0177708
0.0150192
0.0125104
0.0102503
0.00824024
0.00647786
0.00495871
0.00367749
0.00262943
0.00181133
0.00122242
0.000865244
0.00074639
0.000876209
0.00126626
0.00192324
0.00283757
0.00397282
0.00527732
0.00641702
0.00751723
0.0565359
0.0528588
0.0491501
0.0446378
0.0401322
0.0356614
0.0313214
0.0271888
0.0233132
0.0197288
0.016457
0.0135084
0.0108847
0.00858112
0.00658874
0.00489742
0.00349829
0.00238568
0.00155849
0.00102055
0.000780359
0.000850087
0.00124333
0.00197098
0.00303498
0.00441858
0.00607679
0.00795224
0.00972282
0.011456
0.0709147
0.066174
0.0613747
0.0558084
0.0501937
0.0445239
0.0389296
0.0335367
0.028444
0.0237286
0.0194414
0.0156093
0.0122396
0.00932652
0.00685808
0.00482153
0.00320822
0.00201584
0.00125005
0.000922376
0.00104549
0.00162816
0.00266738
0.00414107
0.0060035
0.00817844
0.0105682
0.0131147
0.0153597
0.0176225
0.115653
0.10715
0.0974841
0.0876498
0.0778386
0.0680494
0.0584997
0.0493982
0.0409162
0.033187
0.0262962
0.0202812
0.0151429
0.0108602
0.00740528
0.00475677
0.00290893
0.00187659
0.00169126
0.00239396
0.0040234
0.00659888
0.0101054
0.0144822
0.019619
0.0253572
0.0314981
0.0379916
0.0446706
0.0507373
0.0150191
0.0149465
0.0148772
0.0148155
0.0147641
0.0147258
0.014706
0.0147108
0.0147467
0.0148209
0.0149412
0.0151165
0.0153572
0.015676
0.0160882
0.0166131
0.0172758
0.0181102
0.0191634
0.020502
0.0222201
0.0244501
0.027371
0.031203
0.0361981
0.04263
0.0507929
0.0615684
0.0778616
0.125171
0.0149329
0.014882
0.0148388
0.0148063
0.0147915
0.0147971
0.014827
0.0148858
0.0149791
0.0151137
0.0152975
0.0155398
0.015852
0.016248
0.0167449
0.0173643
0.0181346
0.0190941
0.0202957
0.0218126
0.023748
0.0262451
0.029495
0.0337307
0.0392153
0.0462671
0.055399
0.0676709
0.08537
0.135392
0.0149646
0.014961
0.0149648
0.0149772
0.0150057
0.0150551
0.0151305
0.0152374
0.0153821
0.0155719
0.0158151
0.0161217
0.016504
0.0169768
0.0175588
0.0182739
0.0191537
0.0202406
0.0215927
0.0232899
0.0254431
0.0282054
0.0317786
0.0364042
0.0423516
0.0499813
0.0600033
0.0736446
0.0923348
0.146732
0.0151261
0.0151707
0.0152221
0.015281
0.0153565
0.0154539
0.0155792
0.0157385
0.0159388
0.0161878
0.0164948
0.0168705
0.017328
0.0178834
0.0185569
0.0193744
0.0203701
0.02159
0.0230954
0.0249702
0.0273291
0.0303287
0.0341717
0.0390932
0.045349
0.0533355
0.064026
0.0790699
0.0984466
0.15891
0.0153983
0.0154863
0.0155832
0.0156884
0.0158118
0.0159596
0.0161383
0.0163546
0.0166158
0.0169304
0.0173081
0.0177605
0.0183019
0.0189493
0.0197244
0.0206553
0.0217788
0.0231432
0.0248127
0.0268731
0.0294402
0.0326696
0.0367584
0.0419247
0.048399
0.0566083
0.0678481
0.0844294
0.103983
0.171787
0.0157549
0.0158813
0.0160202
0.0161706
0.0163419
0.016541
0.016775
0.017051
0.0173769
0.0177615
0.0182152
0.0187504
0.019382
0.0201282
0.0210122
0.0220637
0.0233214
0.0248357
0.0266718
0.0289157
0.0316815
0.0351195
0.039415
0.044761
0.0513535
0.05965
0.0713461
0.0897864
0.108979
0.185843
0.0161671
0.0163266
0.0165038
0.0166972
0.0169155
0.0171658
0.0174555
0.0177923
0.0181843
0.0186411
0.0191734
0.0197943
0.0205191
0.0213673
0.0223629
0.0235371
0.0249298
0.0265923
0.02859
0.0310072
0.0339539
0.0375723
0.0420318
0.0474933
0.0541105
0.0623696
0.0744408
0.0952529
0.113573
0.201754
0.0166046
0.0167927
0.0170041
0.0172376
0.0175008
0.0178009
0.0181452
0.0185418
0.0189993
0.0195275
0.0201378
0.0208435
0.0216607
0.0226092
0.0237142
0.0250076
0.0265298
0.0283323
0.0304794
0.0330529
0.0361575
0.0399261
0.0445102
0.0500331
0.0565977
0.0647121
0.0770699
0.100935
0.117954
0.220243
0.0170383
0.0172509
0.0174922
0.017762
0.018067
0.0184139
0.01881
0.0192635
0.0197833
0.0203795
0.0210638
0.0218499
0.0227541
0.023797
0.025004
0.0264075
0.0280481
0.0299762
0.0322551
0.0349636
0.0382009
0.0420909
0.0467674
0.052312
0.0587668
0.0666528
0.0791873
0.106908
0.122351
0.241894
0.0174415
0.0176748
0.017942
0.0182439
0.0185862
0.0189755
0.0194188
0.0199242
0.0205008
0.0211589
0.0219101
0.0227686
0.0237511
0.0248782
0.0261758
0.0276759
0.0294187
0.0314542
0.0338437
0.0366634
0.0400078
0.0439939
0.0487394
0.0542812
0.0605909
0.0681952
0.0807768
0.113184
0.127004
0.266867
0.0177927
0.0180429
0.0183317
0.0186608
0.0190354
0.0194613
0.0199456
0.0204961
0.0211219
0.0218332
0.022642
0.0235624
0.0246114
0.0258097
0.0271829
0.028763
0.0305896
0.0327116
0.0351892
0.038096
0.0415233
0.0455834
0.0503817
0.0559096
0.0620591
0.0693635
0.0818594
0.119685
0.13208
0.294554
0.0180758
0.0183395
0.0186456
0.0189967
0.0193973
0.0198532
0.020371
0.0209582
0.0216239
0.0223782
0.0232333
0.0242034
0.0253053
0.0265598
0.0279923
0.0296343
0.0315251
0.0337128
0.0362562
0.0392272
0.0427149
0.0468297
0.0516694
0.0571817
0.0631735
0.0701937
0.082494
0.12619
0.137577
0.323244
0.0182814
0.018555
0.018874
0.0192415
0.0196619
0.0201402
0.0206829
0.0212975
0.0219928
0.0227791
0.0236685
0.024675
0.0258156
0.0271108
0.0285857
0.0302718
0.0322078
0.0344413
0.0370301
0.0400445
0.0435727
0.0477251
0.0525962
0.0580958
0.0639465
0.0707249
0.0827681
0.13233
0.143229
0.350213
0.0184064
0.0186864
0.0190138
0.0193921
0.0198253
0.0203182
0.0208771
0.0215094
0.0222239
0.0230309
0.0239422
0.0249721
0.0261372
0.0274579
0.0289595
0.030673
0.0326369
0.0348983
0.0375144
0.0405545
0.0441063
0.0482816
0.0531743
0.0586655
0.0644045
0.0710029
0.0827829
0.137485
0.148369
0.372086
0.0184528
0.018736
0.0190675
0.0194511
0.0198904
0.0203903
0.0209568
0.0215974
0.022321
0.0231377
0.0240594
0.0251
0.0262764
0.0276089
0.0291227
0.0308488
0.0328256
0.0351
0.0377287
0.0407806
0.0443434
0.0485297
0.0534349
0.0589245
0.0646029
0.0711056
0.0826852
0.140448
0.151612
0.384549
0.0184272
0.0187105
0.0190421
0.0194258
0.019865
0.0203648
0.0209311
0.0215716
0.0222948
0.0231111
0.0240323
0.0250723
0.026248
0.0275798
0.029093
0.0308189
0.0327958
0.0350706
0.0376999
0.0407528
0.0443171
0.0485058
0.0534138
0.0589063
0.0645868
0.0710925
0.0826564
0.140394
0.151574
0.385026
0.0183294
0.0186098
0.0189376
0.0193163
0.0197495
0.0202422
0.0208006
0.0214323
0.022146
0.0229519
0.0238618
0.0248898
0.0260529
0.0273717
0.0288719
0.0305847
0.0325488
0.0348115
0.0374297
0.040473
0.0440297
0.0482117
0.053113
0.0586123
0.0643579
0.0709647
0.082702
0.137342
0.148268
0.373455
0.0181536
0.0184279
0.0187476
0.019116
0.0195367
0.0200151
0.0205575
0.0211713
0.0218656
0.0226503
0.0235375
0.0245413
0.0256789
0.0269713
0.0284441
0.0301293
0.0320659
0.0343016
0.0368943
0.0399144
0.0434509
0.0476146
0.0524991
0.0580113
0.0638733
0.0706652
0.0826522
0.132146
0.143102
0.352297
0.0178987
0.0181634
0.0184709
0.0188234
0.0192253
0.0196818
0.0201997
0.0207865
0.021451
0.0222036
0.0230561
0.024023
0.0251213
0.0263725
0.0278025
0.0294436
0.0313354
0.0335264
0.0360755
0.0390548
0.0425541
0.0466839
0.0515405
0.057069
0.063078
0.0701183
0.0823685
0.126022
0.137463
0.325844
0.0175692
0.0178209
0.0181117
0.018443
0.0188196
0.019247
0.0197323
0.020283
0.020908
0.0216176
0.0224238
0.0233408
0.0243861
0.0255809
0.0269516
0.0285309
0.0303589
0.0324853
0.0349703
0.0378876
0.0413292
0.0454066
0.0502239
0.0557707
0.0619446
0.06928
0.0817527
0.119581
0.132011
0.297492
0.0171755
0.0174107
0.0176806
0.0179855
0.0183309
0.0187227
0.0191679
0.0196744
0.020251
0.0209079
0.0216569
0.0225123
0.0234913
0.0246151
0.0259104
0.0274099
0.0291547
0.0311952
0.0335932
0.0364249
0.039785
0.0437893
0.048554
0.0541172
0.0604607
0.0681127
0.0807167
0.11318
0.127006
0.269989
0.0167343
0.0169496
0.0171944
0.0174683
0.0177773
0.0181278
0.0185269
0.0189826
0.0195034
0.0200995
0.0207823
0.0215659
0.0224672
0.0235072
0.0247123
0.0261156
0.0277584
0.0296918
0.0319796
0.0347004
0.0379531
0.0418604
0.0465553
0.0521242
0.0586246
0.066582
0.0791966
0.10702
0.122445
0.245082
0.0162677
0.0164597
0.0166756
0.0169143
0.0171826
0.0174874
0.017836
0.0182359
0.0186958
0.0192251
0.0198352
0.0205395
0.0213545
0.0223007
0.023404
0.0246973
0.0262218
0.0280293
0.0301848
0.0327696
0.0358879
0.0396713
0.0442724
0.0498236
0.0564482
0.064664
0.0771626
0.101167
0.118159
0.22342
0.0158023
0.0159672
0.0161503
0.0163503
0.0165749
0.0168311
0.0171263
0.0174677
0.0178635
0.0183229
0.0188566
0.0194773
0.0202009
0.0210471
0.022041
0.0232148
0.0246094
0.0262762
0.028281
0.0307075
0.0336649
0.037295
0.0417704
0.0472655
0.0539595
0.0623536
0.0746213
0.0955956
0.113908
0.204882
0.0153674
0.0155008
0.0156473
0.0158055
0.0159843
0.0161905
0.0164311
0.016713
0.017044
0.0174327
0.0178892
0.0184255
0.0190565
0.019801
0.0206831
0.0217336
0.0229922
0.0245098
0.0263513
0.0286021
0.0313754
0.0348222
0.0391334
0.0445197
0.0512072
0.0596729
0.0716109
0.0902294
0.109464
0.188926
0.0149929
0.0150898
0.0151956
0.0153099
0.0154418
0.0155975
0.0157836
0.0160066
0.0162738
0.0165934
0.0169747
0.0174289
0.0179701
0.0186158
0.0193886
0.0203179
0.0214415
0.0228081
0.0244814
0.0265464
0.0291185
0.0323552
0.0364614
0.0416763
0.048264
0.0566732
0.0681888
0.0849637
0.10464
0.174856
0.0147075
0.0147625
0.0148241
0.0148928
0.014977
0.0150825
0.0152151
0.0153811
0.0155873
0.0158412
0.0161517
0.0165291
0.0169864
0.01754
0.0182108
0.0190263
0.0200217
0.0212432
0.0227515
0.0246297
0.0269929
0.0300008
0.0338658
0.038846
0.0452323
0.0534435
0.0644327
0.079691
0.0992986
0.162018
0.014537
0.0145454
0.0145603
0.0145822
0.0146188
0.0146751
0.0147564
0.0148684
0.0150175
0.0152107
0.015456
0.0157634
0.0161448
0.0166155
0.0171949
0.0179081
0.0187878
0.0198767
0.0212319
0.0229333
0.0250931
0.0278685
0.0314724
0.0361698
0.042263
0.0501343
0.0604682
0.074353
0.0934014
0.149937
0.0145005
0.0144629
0.0144306
0.0144062
0.0143973
0.0144071
0.01444
0.0145008
0.0145953
0.0147303
0.0149135
0.0151546
0.0154649
0.0158587
0.0163536
0.0169722
0.0177435
0.0187064
0.0199132
0.0214379
0.0233856
0.0259044
0.0291965
0.0335167
0.0391559
0.0464508
0.0558933
0.068439
0.0866049
0.13868
0.0145905
0.0145297
0.0144674
0.0144099
0.0143605
0.0143225
0.0143015
0.0143038
0.0143365
0.0144069
0.0145231
0.0146944
0.0149316
0.0152477
0.0156588
0.0161843
0.0168496
0.0176891
0.018751
0.0201028
0.0218408
0.0241021
0.0270756
0.031002
0.0361527
0.0428179
0.0512824
0.0623631
0.0792033
0.12852
0.118963
0.110314
0.100364
0.090167
0.0799795
0.0698329
0.0599585
0.0505738
0.0418533
0.0339304
0.0268883
0.0207602
0.0155422
0.0112088
0.00772801
0.00507546
0.00324312
0.00224471
0.00211093
0.00288184
0.00459462
0.00726546
0.0108739
0.0153507
0.0205749
0.0263751
0.0325417
0.0390187
0.0456337
0.0516268
0.0723166
0.0676124
0.0627566
0.0570367
0.0512414
0.0453958
0.0396441
0.0341195
0.0289224
0.024128
0.0197836
0.0159119
0.0125164
0.0095884
0.00711302
0.00507543
0.00346506
0.0022775
0.00151665
0.00119251
0.00131637
0.00189585
0.00292696
0.00438671
0.0062285
0.00837465
0.0107281
0.0132345
0.0154145
0.0176452
0.0573673
0.0537515
0.0500509
0.0454775
0.0408768
0.0363026
0.0318637
0.0276448
0.0236989
0.0200605
0.0167492
0.013773
0.011131
0.00881572
0.00681615
0.00511994
0.0037159
0.00259579
0.0017557
0.00119674
0.000925191
0.000952074
0.00129122
0.00195528
0.00294943
0.00426111
0.00585151
0.00767139
0.00939052
0.0111093
0.0477592
0.0450528
0.042256
0.0386099
0.0349347
0.0312633
0.0276823
0.0242578
0.0210292
0.0180224
0.0152541
0.0127342
0.0104672
0.00845317
0.00668873
0.00516791
0.00388359
0.00282868
0.0019973
0.00138616
0.000996264
0.000834463
0.000913611
0.00124954
0.00185364
0.00272016
0.00381496
0.00508809
0.00621162
0.00731248
0.0401331
0.037964
0.0357137
0.0328554
0.0300163
0.0271732
0.0243699
0.0216433
0.0190204
0.0165252
0.0141789
0.0119995
0.010002
0.0081976
0.00659322
0.00519164
0.0039919
0.00299004
0.00218026
0.00155641
0.00111403
0.000852306
0.000774806
0.000887644
0.00119475
0.00169087
0.00235582
0.00316803
0.00390905
0.00465229
0.0340206
0.0322725
0.0304358
0.0281942
0.0260058
0.0238173
0.0216343
0.0194706
0.0173412
0.0152661
0.0132682
0.0113712
0.00959781
0.00796801
0.00649733
0.005196
0.00406877
0.00311536
0.00233153
0.00171064
0.00124554
0.000930098
0.000759761
0.000730677
0.000838034
0.00107454
0.00142962
0.00189925
0.00236039
0.0028339
0.0292892
0.0278723
0.0263616
0.0245832
0.0228653
0.021152
0.0194256
0.0176856
0.0159373
0.0141948
0.0124795
0.010817
0.00923391
0.00775545
0.00640286
0.00519181
0.00413165
0.00322555
0.00247153
0.00186383
0.00139441
0.00105403
0.000832629
0.000719395
0.000703311
0.000774727
0.000927031
0.0011615
0.00141916
0.00169686
0.0256785
0.0245154
0.0232569
0.0218188
0.0204358
0.0190572
0.0176586
0.0162301
0.0147698
0.0132865
0.0117982
0.0103293
0.00890767
0.00756091
0.00631365
0.00518515
0.00418818
0.00332884
0.00260739
0.00201928
0.0015564
0.00120775
0.000960156
0.000799032
0.000710152
0.000682418
0.000709251
0.000791338
0.000907583
0.00104634
0.0229361
0.0219593
0.0208864
0.0196926
0.0185478
0.0174057
0.0162424
0.0150423
0.0137992
0.0125172
0.0112106
0.00990141
0.00861662
0.0073845
0.00623121
0.00517817
0.0042405
0.00342657
0.00273847
0.00217285
0.00172179
0.00137363
0.00111379
0.000926277
0.00079574
0.000710024
0.000662008
0.000649687
0.000671489
0.000717982
0.0208425
0.0199988
0.0190632
0.0180453
0.01707
0.016097
0.0151031
0.0140709
0.0129916
0.011866
0.0107047
0.00952694
0.00835797
0.00722542
0.00615572
0.0051713
0.00428865
0.00351777
0.00286214
0.0023194
0.00188208
0.00153853
0.00127399
0.00107229
0.000918076
0.00079869
0.000706252
0.000636546
0.000597265
0.000585794
0.0192297
0.0184824
0.0176491
0.0167577
0.015905
0.015054
0.0141834
0.0132754
0.0123201
0.0113157
0.0102702
0.00920032
0.00812905
0.00708263
0.0060869
0.00516434
0.0043321
0.00360113
0.00297594
0.00245498
0.00203141
0.00169404
0.00142859
0.00121939
0.00105156
0.000912266
0.000793113
0.000688437
0.000610302
0.000562795
0.0179747
0.0172996
0.0165446
0.0157476
0.0149832
0.0142207
0.0134403
0.0126245
0.0117627
0.010852
0.00989852
0.00891667
0.00792741
0.00695512
0.00602434
0.00515699
0.00437028
0.00367561
0.00307814
0.00257708
0.00216625
0.00183521
0.0015705
0.00135725
0.00118119
0.00102969
0.00089369
0.000767827
0.000665121
0.000595223
0.0169916
0.0163721
0.0156777
0.0149523
0.014253
0.0135556
0.0128412
0.0120934
0.0113018
0.010463
0.00958207
0.00867178
0.00775097
0.00684197
0.00596768
0.00514901
0.00440282
0.00374056
0.00316783
0.00268439
0.00228482
0.00195949
0.00169587
0.00148009
0.00129847
0.00113862
0.000992061
0.000853529
0.000735629
0.000652358
0.0162193
0.015644
0.0149982
0.014328
0.013678
0.0130276
0.0123609
0.0116624
0.0109225
0.0101384
0.0093144
0.00846197
0.0075979
0.00674241
0.00591666
0.00514033
0.00442964
0.00379587
0.00324477
0.00277658
0.00238655
0.00206585
0.00180284
0.00158471
0.00139855
0.00123287
0.00107975
0.000934047
0.000807427
0.000717014
0.0156138
0.0150749
0.014469
0.0138418
0.0132286
0.0126122
0.0119787
0.0113149
0.0106125
0.00986947
0.00908996
0.00828398
0.00746648
0.0066557
0.00587109
0.00513105
0.00445098
0.00384182
0.0033093
0.00285402
0.00247175
0.00215433
0.0018911
0.00167029
0.00147996
0.00131001
0.00115283
0.00100358
0.000872812
0.000779613
0.0151432
0.0146347
0.0140617
0.0134679
0.0128817
0.012289
0.0116774
0.0110373
0.0103616
0.0096492
0.00890401
0.00813486
0.00735505
0.00658108
0.00583081
0.00512138
0.0044673
0.00387901
0.00336215
0.00291746
0.00254112
0.00222566
0.00196128
0.00173725
0.00154307
0.00136975
0.00121011
0.00105973
0.000927915
0.000834843
0.0147836
0.0143003
0.0137539
0.0131856
0.0126185
0.0120412
0.0114437
0.0108188
0.0101617
0.00947164
0.00875239
0.00801186
0.00726198
0.00651777
0.00579566
0.00511158
0.00447913
0.00390819
0.00340416
0.00296779
0.00259565
0.00228087
0.00201454
0.00178702
0.00158917
0.00141308
0.00125205
0.00110204
0.000971081
0.000879725
0.0145166
0.0140538
0.0135282
0.0129787
0.0124242
0.0118563
0.0112671
0.0106513
0.0100064
0.00933193
0.00863152
0.00791246
0.00718571
0.006465
0.00576547
0.00510192
0.00448703
0.00393007
0.00343613
0.00300594
0.00263633
0.00232111
0.00205227
0.00182127
0.00161988
0.00144148
0.00127971
0.00113089
0.00100182
0.00091274
0.014327
0.0138807
0.0133714
0.0128352
0.0122884
0.0117255
0.0111403
0.0105291
0.00989091
0.00922615
0.00853835
0.0078345
0.00712482
0.006422
0.00574003
0.00509258
0.00449145
0.00394527
0.00345879
0.00303269
0.00266407
0.00234742
0.00207561
0.00184108
0.00163658
0.00145629
0.00129412
0.00114694
0.00102026
0.000933484
0.0142028
0.0137697
0.0132731
0.0127465
0.0122038
0.0116425
0.011058
0.0104476
0.00981149
0.0091512
0.00847045
0.00777618
0.00707813
0.00638813
0.00571909
0.00508365
0.0044927
0.00395425
0.00347268
0.00304866
0.00267961
0.00236063
0.0020855
0.00184753
0.00164026
0.00145815
0.00129626
0.00115101
0.00102701
0.000942382
0.0141338
0.0137119
0.0132256
0.0127063
0.0121657
0.0116034
0.0110166
0.0104037
0.00976538
0.00910477
0.00842601
0.00773618
0.00704475
0.00636286
0.00570245
0.00507515
0.00449097
0.00395729
0.00347816
0.00305427
0.00268342
0.00236133
0.00208255
0.00184124
0.00163169
0.00144849
0.00128725
0.00114421
0.00102306
0.000940349
0.0141114
0.0137001
0.013223
0.0127096
0.0121703
0.011605
0.0110134
0.0103949
0.00975066
0.00908527
0.00840382
0.00771365
0.00702414
0.00634587
0.00568994
0.00506702
0.00448629
0.0039545
0.00347541
0.00304978
0.0026758
0.00234986
0.00206724
0.0018228
0.00161154
0.00142796
0.00126798
0.00112766
0.00100965
0.000928718
0.0141278
0.0137279
0.0132599
0.0127522
0.012214
0.0116453
0.0110467
0.0104197
0.00976606
0.0090918
0.00840328
0.00770825
0.00701612
0.00633707
0.00568148
0.00505917
0.00447854
0.00394578
0.0034644
0.00303523
0.00265693
0.00232651
0.00203997
0.00179277
0.00158021
0.00139732
0.00123957
0.00110252
0.000988189
0.000908999
0.0141754
0.0137888
0.0133316
0.0128305
0.0122937
0.0117215
0.0111147
0.0104767
0.00981092
0.00912407
0.00842445
0.00772023
0.00702096
0.00633664
0.00567708
0.00505143
0.00446742
0.00393079
0.00344483
0.0030105
0.00262688
0.00229158
0.00200121
0.00175172
0.00153864
0.00135746
0.00120277
0.00107015
0.000960205
0.000882903
0.0142464
0.0138763
0.0134332
0.0129411
0.0124076
0.0118316
0.011216
0.0105653
0.0098851
0.00918263
0.00846818
0.00775055
0.00703952
0.00634513
0.0056769
0.00504356
0.0044524
0.00390884
0.00341608
0.00297518
0.00258557
0.00224537
0.00195161
0.00170058
0.001488
0.00130917
0.00115888
0.00103187
0.00092721
0.000852353
0.0143327
0.0139837
0.0135592
0.0130804
0.0125514
0.0119731
0.0113489
0.0106851
0.00998915
0.0092689
0.00853629
0.00780108
0.00707337
0.00636352
0.00568125
0.00503521
0.00443264
0.00387886
0.0033771
0.00292851
0.00253273
0.00218816
0.00189196
0.00164049
0.00142949
0.00125414
0.00110925
0.000989183
0.000890978
0.000819445
0.0144244
0.0141027
0.0137032
0.0132421
0.0127212
0.012143
0.0115122
0.0108364
0.0101249
0.00938585
0.00863223
0.00787515
0.00712521
0.00639356
0.0056907
0.0050259
0.00440683
0.00383913
0.00332617
0.00286916
0.00246769
0.00212007
0.00182315
0.00157293
0.00136495
0.00119427
0.00105548
0.000943404
0.000853501
0.000786455
0.0145083
0.0142234
0.0138566
0.0134182
0.0129105
0.0123374
0.0117049
0.011021
0.0102959
0.00953862
0.00876181
0.00797826
0.00719956
0.00643824
0.00570647
0.00501513
0.00437319
0.00378714
0.00326072
0.00279506
0.00238925
0.00204078
0.0017457
0.0014992
0.00129627
0.00113173
0.00100033
0.000896788
0.00081603
0.000755123
0.0145712
0.0143425
0.0140176
0.0136105
0.0131253
0.0125667
0.0119406
0.0112545
0.0105192
0.00974434
0.00894124
0.00812425
0.00730689
0.00650409
0.00573104
0.0050017
0.00432763
0.00371686
0.00317378
0.00269945
0.00229114
0.00194467
0.00165478
0.00141534
0.00122047
0.00106446
0.000941694
0.000847149
0.000775438
0.000724579
0.0145938
0.0144469
0.0141739
0.0138061
0.0133522
0.0128175
0.0122079
0.011529
0.0107885
0.0099965
0.00916396
0.00830656
0.00744109
0.00658626
0.00576157
0.00498517
0.00427192
0.00363196
0.00306999
0.00258585
0.00217621
0.00183443
0.00155275
0.00132348
0.0011391
0.000992862
0.000879222
0.000793108
0.000730403
0.000694524
0.057916
0.0211333
0.0137631
0.009024
0.00575991
0.00356529
0.00215615
0.00131489
0.000859871
0.000643425
0.000562086
0.000552836
0.000579831
0.000622821
0.00067015
0.000715081
0.000753879
0.000784653
0.000806729
0.000820196
0.000825563
0.000823632
0.000815387
0.000801927
0.000784374
0.00076384
0.000741352
0.000717485
0.000693026
0.000673148
0.0661029
0.0249195
0.0163815
0.0108388
0.00701344
0.00445774
0.00277903
0.00173197
0.00112331
0.000796578
0.000639092
0.000578968
0.000573093
0.000595909
0.000632085
0.000672333
0.000711109
0.000745179
0.000772745
0.000793038
0.000805957
0.000811858
0.000811365
0.000805242
0.000794313
0.000779447
0.000761545
0.00074145
0.000720557
0.000700008
0.0760372
0.0284924
0.0190499
0.0126808
0.00832938
0.00543886
0.00350505
0.00225313
0.0014824
0.0010315
0.00078167
0.000654373
0.00060043
0.000589441
0.000602529
0.000627844
0.000657915
0.000688056
0.000715318
0.00073798
0.00075521
0.000766785
0.00077286
0.000773827
0.000770211
0.000762633
0.000751773
0.000738282
0.00072321
0.000706936
0.0877838
0.0315733
0.0216047
0.0142913
0.00952149
0.00640521
0.0042832
0.00285831
0.00193386
0.00135386
0.00100032
0.00079228
0.000676803
0.000619707
0.000598904
0.000600005
0.000613517
0.000633136
0.000654642
0.000675257
0.000693273
0.000707743
0.000718247
0.000724711
0.000727287
0.00072625
0.00072194
0.000714743
0.000705682
0.000695389
0.101571
0.0343433
0.0242539
0.0158394
0.0107244
0.00743928
0.00515691
0.00357088
0.00249323
0.00177738
0.00130938
0.00100815
0.000818611
0.00070368
0.000638412
0.000605953
0.000594769
0.000596856
0.000606618
0.00062012
0.00063466
0.000648446
0.00066036
0.000669752
0.000676304
0.000679904
0.000680577
0.000678503
0.000674631
0.000669738
0.118037
0.0367934
0.0270692
0.0172691
0.0118925
0.00849962
0.00608944
0.00436279
0.00314232
0.00229298
0.00170726
0.00130607
0.00103388
0.000851923
0.000733096
0.000658445
0.000614596
0.000591948
0.000583529
0.000584234
0.00059033
0.000599122
0.000608712
0.000617799
0.000625538
0.000631397
0.00063508
0.00063653
0.00063647
0.000635661
0.137957
0.0390047
0.0301645
0.0185429
0.0130036
0.00955706
0.00704652
0.00520054
0.00385184
0.00287744
0.00217725
0.00167548
0.00131728
0.00106326
0.000884939
0.000761768
0.000678855
0.000625261
0.0005928
0.000575276
0.000567985
0.000567353
0.000570698
0.000576048
0.000581989
0.000587541
0.000592043
0.000595148
0.000597238
0.00059894
0.162099
0.0411238
0.0336637
0.0196298
0.0140453
0.0105819
0.00798972
0.00604381
0.00458307
0.00349609
0.00269021
0.00209311
0.00165117
0.00132501
0.00108544
0.000910834
0.000785185
0.000696527
0.000635727
0.000595701
0.000570903
0.000556988
0.000550562
0.000549008
0.00055035
0.000553132
0.0005563
0.000559166
0.000561729
0.000564381
0.190969
0.043355
0.0376785
0.0205075
0.0150095
0.0115414
0.00887854
0.00685011
0.00529385
0.0041093
0.00321047
0.00252803
0.00200955
0.00161588
0.00131757
0.00109238
0.000923591
0.00079851
0.000707343
0.000642373
0.000597431
0.00056755
0.000548744
0.000537835
0.00053233
0.00053031
0.000530317
0.000531307
0.000532886
0.000535149
0.224523
0.0459447
0.0422729
0.0211695
0.0158901
0.0124023
0.00967532
0.00758042
0.00594487
0.00467899
0.00370238
0.00294772
0.00236342
0.00191054
0.00155957
0.00128806
0.00107885
0.000918823
0.000797772
0.000707588
0.000641699
0.000594716
0.000562206
0.000540547
0.000526804
0.000518646
0.000514236
0.000512189
0.00051173
0.000512626
0.26166
0.0491095
0.0474181
0.0216274
0.0166778
0.0131349
0.0103502
0.00820384
0.00650462
0.00517399
0.00413573
0.00332345
0.00268592
0.00218435
0.00178929
0.00147817
0.00123374
0.00104266
0.000894496
0.000780929
0.000695176
0.000631603
0.000585494
0.0005529
0.000530551
0.000515772
0.000506405
0.00050076
0.000497716
0.000496712
0.299914
0.0529265
0.0529367
0.0219081
0.0173562
0.013717
0.0108838
0.00870009
0.00695208
0.00557285
0.00448885
0.0036336
0.00295585
0.00241698
0.00198755
0.00164506
0.00137222
0.00115567
0.000984902
0.000851504
0.000748602
0.000670454
0.000612186
0.000569652
0.000539341
0.000518324
0.00050419
0.000495
0.000489346
0.00048636
0.335589
0.057218
0.0584715
0.0220474
0.0179017
0.0141379
0.0112684
0.00905992
0.00727728
0.00586459
0.00474955
0.00386497
0.00315943
0.00259438
0.00214051
0.00177536
0.00148173
0.00124626
0.00105847
0.000909955
0.000793808
0.000704247
0.000636336
0.000585815
0.000549034
0.000522899
0.00050482
0.000492674
0.00048483
0.000480167
0.36424
0.0614104
0.063383
0.0220841
0.0182889
0.0143995
0.0115068
0.00928434
0.00748022
0.00604761
0.00491441
0.00401254
0.00329035
0.00270938
0.00224044
0.00186118
0.00155442
0.0013069
0.00110816
0.000949821
0.000824986
0.000727868
0.000653502
0.000597588
0.000556415
0.000526797
0.000506042
0.000491907
0.000482609
0.000476841
0.380267
0.0642186
0.0663824
0.0220768
0.0184893
0.0145166
0.011613
0.00938385
0.00756971
0.00612851
0.00498763
0.0040784
0.00334904
0.00276112
0.00228554
0.0019
0.0015874
0.00133448
0.00113082
0.000968036
0.000839243
0.000738643
0.000661272
0.00060284
0.000559625
0.000528418
0.000506479
0.000491507
0.000481639
0.000475468
0.380417
0.064269
0.0664983
0.0220961
0.0184749
0.0145074
0.0116027
0.00937217
0.00755806
0.00611748
0.0049774
0.00406902
0.00334049
0.0027534
0.00227862
0.00189387
0.00158204
0.00132987
0.00112692
0.000964765
0.000836501
0.000736319
0.000659287
0.000601152
0.000558226
0.000527315
0.000505683
0.000491024
0.000481465
0.000475588
0.364671
0.0615476
0.0636991
0.0221424
0.0182506
0.0143735
0.0114773
0.0092506
0.00744623
0.00601531
0.00488443
0.00398505
0.00326536
0.00268684
0.00222028
0.00184336
0.0015389
0.00129358
0.00109688
0.000940345
0.000817013
0.0007211
0.000647718
0.000592681
0.000552368
0.000523634
0.000503789
0.00049058
0.0004822
0.000477306
0.336248
0.0574102
0.0589065
0.0221422
0.0178517
0.0140994
0.0112237
0.00900759
0.00722362
0.0058132
0.00470184
0.00382135
0.00311992
0.0025589
0.00210896
0.00174766
0.00145772
0.00122574
0.00104111
0.000895327
0.000781441
0.000693715
0.000627345
0.00057824
0.000542862
0.000518166
0.000501564
0.000490916
0.000484558
0.000481311
0.300738
0.0531441
0.0534004
0.0220316
0.0173083
0.0136719
0.0108289
0.00863365
0.00688236
0.00550541
0.00442619
0.00357654
0.00290451
0.00237127
0.00194731
0.00161007
0.00134219
0.00113017
0.000963383
0.000833342
0.000733188
0.000657309
0.00060103
0.00056038
0.000531959
0.000512878
0.00050072
0.000493529
0.000489851
0.000488745
0.262591
0.0493355
0.0478361
0.0217664
0.0166434
0.0130892
0.0102902
0.00812816
0.00642303
0.00509415
0.00406149
0.0032562
0.00262597
0.00213164
0.00174353
0.00143896
0.00120054
0.00101476
0.000871084
0.000761181
0.00067841
0.000617373
0.000573583
0.000543255
0.0005232
0.000510766
0.000503784
0.000500539
0.000499857
0.000501081
0.225515
0.0461733
0.042595
0.0213057
0.0158751
0.0123617
0.00961493
0.0075005
0.00585627
0.00459124
0.00362068
0.00287421
0.0022987
0.00185453
0.00151184
0.00124794
0.00104549
0.000891187
0.000774771
0.000688283
0.000625432
0.000581129
0.000551168
0.000532052
0.000520903
0.000515394
0.00051367
0.000514309
0.00051647
0.000519812
0.191989
0.0435877
0.037882
0.0206211
0.0150129
0.0115095
0.00882192
0.00677097
0.00520372
0.00401901
0.0031264
0.00245302
0.0019445
0.00156068
0.0012716
0.00105468
0.000892946
0.000773559
0.000686844
0.000625403
0.000583444
0.000556306
0.000540188
0.000532002
0.000529286
0.000530112
0.000532991
0.000536831
0.000541162
0.000545959
0.16313
0.0413645
0.0337487
0.0197031
0.0140592
0.0105595
0.00793997
0.0059702
0.00449721
0.00340933
0.00260963
0.00202203
0.00159067
0.00127491
0.00104488
0.000878546
0.000759634
0.000676197
0.000619414
0.00058264
0.000560719
0.000549553
0.000545884
0.00054715
0.000551387
0.000557112
0.000563231
0.000569001
0.000574337
0.000579493
0.138987
0.0392542
0.0301455
0.0185629
0.0130153
0.00954112
0.00700514
0.0051366
0.00377591
0.0028004
0.00210618
0.00161379
0.00126602
0.00102209
0.00085279
0.000737113
0.000660048
0.000610881
0.000581882
0.000567306
0.000562763
0.000564857
0.000570985
0.00057919
0.000588046
0.000596542
0.000603975
0.000609941
0.000614732
0.000618816
0.119057
0.037048
0.0269664
0.0172286
0.0118878
0.00848415
0.00605626
0.00431157
0.00308105
0.00223098
0.00165083
0.00125827
0.000995476
0.000822384
0.000711187
0.000642616
0.000603373
0.000584255
0.000578755
0.000582131
0.000590869
0.000602362
0.000614724
0.000626633
0.000637215
0.000645917
0.000652409
0.000656592
0.000659088
0.000660471
0.10257
0.0345936
0.0240863
0.015737
0.0106919
0.00741773
0.0051305
0.00353395
0.00244956
0.00173371
0.00127064
0.000976657
0.000794724
0.000686697
0.000627132
0.000599078
0.000591263
0.000596094
0.000608341
0.00062432
0.000641432
0.000657882
0.000672497
0.000684583
0.000693791
0.000700009
0.000703255
0.000703692
0.00070217
0.000699243
0.0887479
0.0318055
0.0213865
0.014132
0.00945574
0.00637303
0.00426173
0.00283551
0.00190824
0.00132892
0.000979351
0.000776734
0.000666704
0.000614344
0.00059734
0.00060141
0.000617369
0.000639213
0.000662948
0.000685928
0.000706434
0.000723439
0.000736444
0.000745331
0.000750227
0.000751431
0.000749315
0.00074429
0.000737308
0.000728749
0.0769528
0.0286912
0.0187925
0.0124775
0.00823381
0.00539514
0.00348666
0.00224243
0.00147247
0.00102259
0.000775488
0.000651776
0.000601327
0.000593342
0.000608954
0.000636469
0.000668606
0.000700807
0.000730214
0.000755119
0.000774608
0.000788361
0.000796482
0.000799349
0.000797484
0.00079156
0.000782329
0.000770521
0.000757168
0.00074241
0.066968
0.0250598
0.0160853
0.0106143
0.00690496
0.00440885
0.00276365
0.00173015
0.0011245
0.00079859
0.000642649
0.000584725
0.000581162
0.000606208
0.000644625
0.000687212
0.000728341
0.000764685
0.000794411
0.000816656
0.000831273
0.000838607
0.000839282
0.000834099
0.000823938
0.000809756
0.000792598
0.000773465
0.000753786
0.000734534
0.0587674
0.0212011
0.0134301
0.00880489
0.00565691
0.00351731
0.0021422
0.0013167
0.000865772
0.000650198
0.000570082
0.000562772
0.000592112
0.000637713
0.000687913
0.000735932
0.00077775
0.000811192
0.000835353
0.000850209
0.000856313
0.000854575
0.000846082
0.00083203
0.000813679
0.000792282
0.000769061
0.000744855
0.000720687
0.000701893
0.00066098
0.000636639
0.000609367
0.000582953
0.000558132
0.000534976
0.000513446
0.00049347
0.00047493
0.000457686
0.000441599
0.000426536
0.00041238
0.000399023
0.000386373
0.000374349
0.000362881
0.000351909
0.000341379
0.000331246
0.000321473
0.000312023
0.00030287
0.000293987
0.000285353
0.00027695
0.000268761
0.000260772
0.000252972
0.000245349
0.000237895
0.000230603
0.000223465
0.000216475
0.000209628
0.000202921
0.000196348
0.000189907
0.000183594
0.000177408
0.000171345
0.000165403
0.000159581
0.000153877
0.000148289
0.000142816
0.000137458
0.000132212
0.000127077
0.000122053
0.000117139
0.000112334
0.000107637
0.000103047
9.85644e-05
9.41874e-05
8.99158e-05
8.57491e-05
8.16866e-05
7.7728e-05
7.38725e-05
7.01196e-05
6.64688e-05
6.29197e-05
5.94717e-05
5.61243e-05
5.2877e-05
4.97292e-05
4.66806e-05
4.37311e-05
4.08804e-05
3.81283e-05
3.54741e-05
3.29178e-05
3.0459e-05
2.80974e-05
2.58324e-05
2.36639e-05
2.15918e-05
1.9616e-05
1.77361e-05
1.5952e-05
1.42634e-05
1.267e-05
1.11716e-05
9.76815e-06
8.45964e-06
7.24582e-06
6.12663e-06
5.10118e-06
4.1692e-06
3.33068e-06
2.58601e-06
1.93648e-06
1.38156e-06
9.19115e-07
5.48848e-07
2.73154e-07
9.28212e-08
9.75997e-09
0.000670422
0.000638669
0.000609104
0.000582088
0.000557297
0.000534487
0.000513422
0.000493913
0.000475789
0.000458892
0.000443078
0.000428221
0.000414209
0.000400946
0.000388345
0.000376336
0.000364853
0.000353842
0.000343256
0.000333055
0.000323202
0.000313668
0.000304426
0.000295452
0.000286727
0.000278233
0.000269956
0.000261882
0.000253999
0.000246298
0.00023877
0.000231407
0.000224203
0.000217152
0.000210248
0.000203487
0.000196864
0.000190377
0.000184022
0.000177796
0.000171697
0.000165723
0.00015987
0.000154139
0.000148526
0.00014303
0.00013765
0.000132385
0.000127233
0.000122194
0.000117266
0.000112448
0.000107739
0.000103139
9.86464e-05
9.4261e-05
8.99819e-05
8.58084e-05
8.17397e-05
7.77751e-05
7.39143e-05
7.01566e-05
6.65015e-05
6.29484e-05
5.94969e-05
5.61465e-05
5.28965e-05
4.97463e-05
4.66956e-05
4.37443e-05
4.08919e-05
3.81381e-05
3.54827e-05
3.29251e-05
3.04652e-05
2.81026e-05
2.58369e-05
2.36678e-05
2.1595e-05
1.96184e-05
1.7738e-05
1.59538e-05
1.42649e-05
1.26711e-05
1.11725e-05
9.76868e-06
8.45969e-06
7.24532e-06
6.1254e-06
5.09988e-06
4.16852e-06
3.33098e-06
2.58716e-06
1.93721e-06
1.3814e-06
9.18745e-07
5.48673e-07
2.73151e-07
9.29741e-08
9.79193e-09
0.000673669
0.000637876
0.000606218
0.000578355
0.000553493
0.000531043
0.000510537
0.000491644
0.000474116
0.00045776
0.000442416
0.000427954
0.000414266
0.000401261
0.000388862
0.000377004
0.000365632
0.000354697
0.000344159
0.000333982
0.000324135
0.000314592
0.000305329
0.000296327
0.000287567
0.000279034
0.000270714
0.000262596
0.00025467
0.000246925
0.000239353
0.000231948
0.000224704
0.000217613
0.000210672
0.000203876
0.000197221
0.000190703
0.00018432
0.000178067
0.000171944
0.000165946
0.000160073
0.000154322
0.000148691
0.000143179
0.000137785
0.000132506
0.000127342
0.000122291
0.000117352
0.000112525
0.000107808
0.0001032
9.87009e-05
9.43092e-05
9.00244e-05
8.58457e-05
8.17724e-05
7.78039e-05
7.39395e-05
7.01785e-05
6.65205e-05
6.29648e-05
5.9511e-05
5.61586e-05
5.29068e-05
4.97552e-05
4.67031e-05
4.37505e-05
4.0897e-05
3.81421e-05
3.54858e-05
3.29275e-05
3.04671e-05
2.8104e-05
2.58378e-05
2.36683e-05
2.15951e-05
1.96182e-05
1.77375e-05
1.59528e-05
1.42637e-05
1.26699e-05
1.1171e-05
9.76684e-06
8.45758e-06
7.24327e-06
6.12335e-06
5.09759e-06
4.16622e-06
3.32938e-06
2.58628e-06
1.93634e-06
1.38034e-06
9.17832e-07
5.48144e-07
2.72932e-07
9.29479e-08
9.79359e-09
0.000663733
0.000628343
0.000597248
0.000570148
0.000546242
0.00052483
0.000505353
0.000487423
0.000470764
0.000455169
0.000440479
0.00042657
0.00041334
0.000400711
0.000388616
0.000377
0.000365816
0.000355026
0.000344595
0.000334495
0.000324701
0.00031519
0.000305943
0.000296944
0.000288178
0.000279631
0.000271291
0.00026315
0.000255196
0.000247422
0.000239822
0.000232387
0.000225112
0.000217993
0.000211023
0.0002042
0.000197519
0.000190977
0.00018457
0.000178296
0.000172152
0.000166135
0.000160244
0.000154477
0.000148831
0.000143306
0.000137898
0.000132608
0.000127433
0.000122373
0.000117425
0.00011259
0.000107866
0.000103251
9.87461e-05
9.43491e-05
9.00595e-05
8.58765e-05
8.17993e-05
7.78273e-05
7.39597e-05
7.01959e-05
6.65352e-05
6.29772e-05
5.95213e-05
5.6167e-05
5.29135e-05
4.97606e-05
4.67075e-05
4.37538e-05
4.08994e-05
3.81438e-05
3.54867e-05
3.29278e-05
3.04667e-05
2.81031e-05
2.58366e-05
2.36668e-05
2.15933e-05
1.96161e-05
1.77351e-05
1.595e-05
1.42608e-05
1.26674e-05
1.11683e-05
9.76326e-06
8.4538e-06
7.23964e-06
6.11978e-06
5.09411e-06
4.16298e-06
3.3265e-06
2.58375e-06
1.93417e-06
1.37851e-06
9.16393e-07
5.47216e-07
2.72474e-07
9.2824e-08
9.78308e-09
0.000642292
0.000610659
0.000582547
0.000557876
0.000536036
0.000516403
0.000498455
0.000481836
0.000466294
0.000451645
0.000437748
0.0004245
0.000411817
0.000399637
0.000387906
0.000376583
0.000365633
0.000355026
0.000344737
0.000334744
0.000325029
0.000315574
0.000306365
0.000297388
0.000288632
0.000280086
0.000271741
0.000263587
0.000255618
0.000247826
0.000240204
0.000232748
0.000225451
0.000218309
0.000211317
0.000204472
0.00019777
0.000191208
0.000184781
0.000178489
0.000172328
0.000166295
0.00016039
0.000154608
0.00014895
0.000143412
0.000137994
0.000132694
0.00012751
0.000122441
0.000117486
0.000112644
0.000107913
0.000103293
9.87827e-05
9.43811e-05
9.00873e-05
8.59006e-05
8.182e-05
7.7845e-05
7.39747e-05
7.02084e-05
6.65453e-05
6.29855e-05
5.95283e-05
5.61721e-05
5.29168e-05
4.97624e-05
4.67085e-05
4.37544e-05
4.08993e-05
3.81431e-05
3.54855e-05
3.29262e-05
3.04645e-05
2.81003e-05
2.58333e-05
2.36632e-05
2.15899e-05
1.96127e-05
1.77311e-05
1.59455e-05
1.4256e-05
1.2662e-05
1.11631e-05
9.75887e-06
8.44947e-06
7.23492e-06
6.11492e-06
5.08937e-06
4.15843e-06
3.32213e-06
2.57983e-06
1.93097e-06
1.37597e-06
9.14481e-07
5.45983e-07
2.71838e-07
9.2636e-08
9.76602e-09
0.000613669
0.000587715
0.000564065
0.000542909
0.000523894
0.000506554
0.000490486
0.000475417
0.000461156
0.000447566
0.000434546
0.00042202
0.000409931
0.000398236
0.0003869
0.000375896
0.000365202
0.000354798
0.000344669
0.0003348
0.000325179
0.000315794
0.000306635
0.000297692
0.000288958
0.000280423
0.000272081
0.000263925
0.000255948
0.000248145
0.00024051
0.000233038
0.000225725
0.000218566
0.000211557
0.000204695
0.000197976
0.000191397
0.000184955
0.000178648
0.000172473
0.000166427
0.000160509
0.000154716
0.000149047
0.000143499
0.000138072
0.000132763
0.000127571
0.000122495
0.000117534
0.000112686
0.00010795
0.000103325
9.88106e-05
9.44051e-05
9.01078e-05
8.5918e-05
8.18347e-05
7.78571e-05
7.39847e-05
7.02164e-05
6.65519e-05
6.29905e-05
5.95311e-05
5.61731e-05
5.29166e-05
4.97613e-05
4.67066e-05
4.37518e-05
4.08964e-05
3.81401e-05
3.54822e-05
3.29224e-05
3.04604e-05
2.80959e-05
2.58286e-05
2.36582e-05
2.15846e-05
1.96073e-05
1.77257e-05
1.594e-05
1.42502e-05
1.26559e-05
1.11566e-05
9.75232e-06
8.44314e-06
7.22876e-06
6.10886e-06
5.08346e-06
4.15268e-06
3.31652e-06
2.5748e-06
1.92696e-06
1.37283e-06
9.12148e-07
5.44506e-07
2.7108e-07
9.24061e-08
9.74467e-09
0.000582569
0.000562873
0.000544198
0.000526966
0.00051107
0.000496223
0.000482166
0.000468731
0.000455804
0.000443307
0.000431182
0.000419388
0.000407899
0.000396692
0.000385754
0.000375071
0.000364636
0.000354439
0.000344473
0.000334732
0.000325209
0.000315899
0.000306796
0.000297894
0.000289186
0.000280669
0.000272336
0.000264183
0.000256204
0.000248395
0.000240751
0.000233269
0.000225944
0.000218772
0.00021175
0.000204874
0.000198142
0.00019155
0.000185096
0.000178777
0.00017259
0.000166533
0.000160605
0.000154802
0.000149124
0.000143568
0.000138133
0.000132817
0.000127619
0.000122538
0.000117571
0.000112718
0.000107978
0.000103349
9.88308e-05
9.44221e-05
9.01219e-05
8.59295e-05
8.18439e-05
7.78644e-05
7.39903e-05
7.02208e-05
6.65548e-05
6.29915e-05
5.95305e-05
5.61716e-05
5.29142e-05
4.97581e-05
4.67027e-05
4.37474e-05
4.08916e-05
3.81349e-05
3.54768e-05
3.29169e-05
3.04549e-05
2.80904e-05
2.58229e-05
2.36522e-05
2.1578e-05
1.96003e-05
1.77188e-05
1.59331e-05
1.42432e-05
1.26487e-05
1.11492e-05
9.74486e-06
8.43556e-06
7.22128e-06
6.10166e-06
5.0765e-06
4.14594e-06
3.31012e-06
2.56908e-06
1.92217e-06
1.36903e-06
9.09404e-07
5.42825e-07
2.70258e-07
9.21667e-08
9.72294e-09
0.000552948
0.000539021
0.000525045
0.000511578
0.000498688
0.000486249
0.000474135
0.000462277
0.000450633
0.000439183
0.000427912
0.000416818
0.000405898
0.000395156
0.000384594
0.000374217
0.000364027
0.000354026
0.000344217
0.000334599
0.000325172
0.000315936
0.000306888
0.000298026
0.000289347
0.000280849
0.000272528
0.00026438
0.000256402
0.000248591
0.000240942
0.000233452
0.000226118
0.000218936
0.000211904
0.000205018
0.000198275
0.000191673
0.000185208
0.000178879
0.000172683
0.000166617
0.000160681
0.00015487
0.000149185
0.000143622
0.000138181
0.00013286
0.000127656
0.00012257
0.000117599
0.000112742
0.000107998
0.000103366
9.88447e-05
9.44333e-05
9.01308e-05
8.59362e-05
8.18488e-05
7.78678e-05
7.39924e-05
7.02219e-05
6.65547e-05
6.299e-05
5.95276e-05
5.61678e-05
5.291e-05
4.97533e-05
4.66973e-05
4.37416e-05
4.08856e-05
3.81286e-05
3.54702e-05
3.29103e-05
3.04483e-05
2.80837e-05
2.58159e-05
2.36449e-05
2.15706e-05
1.95927e-05
1.7711e-05
1.59253e-05
1.42354e-05
1.26407e-05
1.11411e-05
9.73666e-06
8.42729e-06
7.21295e-06
6.09345e-06
5.06862e-06
4.13847e-06
3.30317e-06
2.56287e-06
1.91693e-06
1.36491e-06
9.06503e-07
5.41083e-07
2.6944e-07
9.19454e-08
9.70385e-09
0.000527452
0.000518131
0.000508073
0.000497834
0.000487566
0.000477254
0.000466872
0.000456427
0.000445939
0.000435432
0.000424934
0.000414469
0.000404063
0.000393739
0.000383517
0.000373415
0.000363446
0.000353622
0.000343954
0.000334447
0.000325107
0.000315938
0.000306941
0.000298117
0.000289465
0.000280985
0.000272676
0.000264534
0.000256559
0.000248746
0.000241093
0.000233598
0.000226258
0.000219069
0.000212028
0.000205134
0.000198382
0.000191771
0.000185299
0.000178961
0.000172757
0.000166685
0.000160741
0.000154924
0.000149233
0.000143665
0.000138218
0.000132892
0.000127684
0.000122594
0.000117619
0.000112759
0.000108012
0.000103378
9.88541e-05
9.44406e-05
9.01361e-05
8.59398e-05
8.18507e-05
7.78684e-05
7.39924e-05
7.02223e-05
6.6555e-05
6.29879e-05
5.95229e-05
5.6162e-05
5.2904e-05
4.9747e-05
4.6691e-05
4.37353e-05
4.0879e-05
3.81217e-05
3.54631e-05
3.29031e-05
3.04411e-05
2.80763e-05
2.58083e-05
2.36372e-05
2.15628e-05
1.95848e-05
1.77029e-05
1.59171e-05
1.42271e-05
1.26323e-05
1.11327e-05
9.72819e-06
8.41878e-06
7.20441e-06
6.085e-06
5.06044e-06
4.13065e-06
3.29589e-06
2.55644e-06
1.91161e-06
1.36084e-06
9.03713e-07
5.39473e-07
2.68718e-07
9.17736e-08
9.69137e-09
0.000507315
0.000501188
0.000494056
0.000486338
0.000478179
0.000469613
0.000460676
0.000451423
0.000441916
0.000432216
0.000422377
0.000412453
0.000402488
0.000392523
0.000382592
0.000372724
0.000362945
0.000353273
0.000343724
0.000334313
0.000325047
0.000315935
0.000306981
0.000298189
0.00028956
0.000281097
0.000272797
0.000264661
0.000256687
0.000248874
0.000241218
0.000233719
0.000226373
0.000219177
0.00021213
0.000205228
0.00019847
0.000191852
0.000185372
0.000179029
0.000172818
0.000166739
0.00016079
0.000154968
0.000149272
0.000143699
0.000138248
0.000132918
0.000127707
0.000122613
0.000117635
0.000112772
0.000108023
0.000103386
9.88608e-05
9.44455e-05
9.01394e-05
8.59414e-05
8.18512e-05
7.78682e-05
7.39911e-05
7.02187e-05
6.65495e-05
6.29831e-05
5.95195e-05
5.61587e-05
5.29e-05
4.97426e-05
4.6686e-05
4.37297e-05
4.08729e-05
3.81151e-05
3.54561e-05
3.28957e-05
3.04333e-05
2.80686e-05
2.58009e-05
2.36298e-05
2.15551e-05
1.9577e-05
1.76951e-05
1.59093e-05
1.4219e-05
1.26242e-05
1.11246e-05
9.72006e-06
8.41053e-06
7.19607e-06
6.07669e-06
5.05234e-06
4.12297e-06
3.28884e-06
2.55027e-06
1.90657e-06
1.35707e-06
9.01256e-07
5.38158e-07
2.68186e-07
9.16725e-08
9.68669e-09
0.000492597
0.000488356
0.000483194
0.000477293
0.000470715
0.000463496
0.000455694
0.000447391
0.000438674
0.000429625
0.000420324
0.000410839
0.000401232
0.000391559
0.000381864
0.000372187
0.00036256
0.00035301
0.000343558
0.000334222
0.000325015
0.000315948
0.000307028
0.000298261
0.00028965
0.000281198
0.000272906
0.000264773
0.0002568
0.000248985
0.000241327
0.000233823
0.000226471
0.00021927
0.000212217
0.000205309
0.000198545
0.000191921
0.000185435
0.000179085
0.00017287
0.000166786
0.000160832
0.000155005
0.000149304
0.000143728
0.000138273
0.00013294
0.000127726
0.000122629
0.000117649
0.000112784
0.000108032
0.000103394
9.88665e-05
9.44497e-05
9.01423e-05
8.59434e-05
8.18522e-05
7.78678e-05
7.39894e-05
7.02157e-05
6.65459e-05
6.29794e-05
5.9516e-05
5.61551e-05
5.28961e-05
4.97383e-05
4.66812e-05
4.37243e-05
4.08671e-05
3.81089e-05
3.54497e-05
3.28892e-05
3.04267e-05
2.8062e-05
2.57943e-05
2.36231e-05
2.15484e-05
1.95701e-05
1.7688e-05
1.59021e-05
1.42118e-05
1.26169e-05
1.11172e-05
9.71261e-06
8.40307e-06
7.18856e-06
6.06915e-06
5.04488e-06
4.11592e-06
3.28247e-06
2.54477e-06
1.90218e-06
1.35395e-06
8.99304e-07
5.37124e-07
2.67783e-07
9.16314e-08
9.69033e-09
0.000482608
0.00047927
0.000475312
0.000470629
0.000465164
0.000458923
0.000451962
0.000444373
0.000436254
0.000427702
0.00041881
0.00040966
0.000400327
0.000390875
0.000381359
0.000371825
0.000362313
0.000352853
0.000343473
0.000334192
0.000325028
0.000315992
0.000307096
0.000298345
0.000289745
0.0002813
0.000273011
0.00026488
0.000256905
0.000249088
0.000241425
0.000233917
0.00022656
0.000219354
0.000212295
0.000205381
0.000198611
0.000191982
0.000185491
0.000179136
0.000172916
0.000166827
0.000160869
0.000155038
0.000149334
0.000143754
0.000138296
0.00013296
0.000127743
0.000122644
0.000117662
0.000112795
0.000108042
0.000103401
9.88725e-05
9.44544e-05
9.01458e-05
8.59459e-05
8.18537e-05
7.78683e-05
7.39888e-05
7.02144e-05
6.65441e-05
6.29774e-05
5.95138e-05
5.61526e-05
5.28932e-05
4.9735e-05
4.66773e-05
4.37198e-05
4.08621e-05
3.81039e-05
3.54448e-05
3.28841e-05
3.04216e-05
2.80566e-05
2.57887e-05
2.36176e-05
2.15428e-05
1.95642e-05
1.7682e-05
1.5896e-05
1.42056e-05
1.26106e-05
1.11108e-05
9.70649e-06
8.39718e-06
7.18261e-06
6.06287e-06
5.03833e-06
4.10982e-06
3.27716e-06
2.54012e-06
1.89854e-06
1.3515e-06
8.97862e-07
5.36439e-07
2.67562e-07
9.16369e-08
9.69718e-09
0.000476359
0.000473336
0.000470053
0.000466135
0.000461404
0.000455825
0.000449445
0.000442353
0.000434651
0.000426447
0.00041784
0.000408924
0.00039978
0.00039048
0.000381086
0.000371649
0.000362213
0.000352812
0.000343477
0.000334231
0.000325092
0.000316075
0.000307191
0.000298449
0.000289854
0.00028141
0.000273121
0.000264987
0.000257009
0.000249187
0.00024152
0.000234006
0.000226644
0.000219432
0.000212367
0.000205448
0.000198672
0.000192038
0.000185542
0.000179183
0.000172958
0.000166865
0.000160903
0.000155069
0.000149361
0.000143778
0.000138318
0.000132979
0.00012776
0.000122659
0.000117675
0.000112806
0.000108051
0.000103409
9.88794e-05
9.44601e-05
9.01505e-05
8.59496e-05
8.18565e-05
7.78703e-05
7.399e-05
7.02149e-05
6.65441e-05
6.2977e-05
5.9513e-05
5.61515e-05
5.28918e-05
4.9733e-05
4.66747e-05
4.37167e-05
4.08588e-05
3.81006e-05
3.54414e-05
3.28807e-05
3.0418e-05
2.80527e-05
2.57846e-05
2.36132e-05
2.15384e-05
1.95598e-05
1.76774e-05
1.58912e-05
1.42009e-05
1.26058e-05
1.11061e-05
9.70193e-06
8.3927e-06
7.17827e-06
6.0585e-06
5.03342e-06
4.10493e-06
3.27283e-06
2.53647e-06
1.89581e-06
1.34973e-06
8.96826e-07
5.35929e-07
2.67413e-07
9.16844e-08
9.71076e-09
0.000472907
0.000469952
0.000467028
0.000463555
0.000459264
0.000454088
0.000448062
0.000441272
0.000433824
0.000425829
0.000417392
0.000408613
0.000399579
0.000390366
0.000381039
0.000371654
0.000362257
0.000352886
0.000343572
0.00033434
0.000325211
0.000316199
0.000307317
0.000298574
0.000289977
0.00028153
0.000273236
0.000265097
0.000257113
0.000249285
0.000241612
0.000234092
0.000226723
0.000219505
0.000212435
0.000205511
0.00019873
0.00019209
0.00018559
0.000179227
0.000172998
0.000166901
0.000160936
0.000155099
0.000149388
0.000143802
0.00013834
0.000132998
0.000127777
0.000122674
0.000117688
0.000112818
0.000108062
0.000103419
9.88876e-05
9.44672e-05
9.01566e-05
8.59548e-05
8.18608e-05
7.78738e-05
7.39929e-05
7.02172e-05
6.65459e-05
6.29784e-05
5.95139e-05
5.61519e-05
5.28916e-05
4.97324e-05
4.66736e-05
4.37153e-05
4.08574e-05
3.80992e-05
3.54398e-05
3.28788e-05
3.04157e-05
2.80502e-05
2.5782e-05
2.36105e-05
2.15354e-05
1.95567e-05
1.76743e-05
1.58881e-05
1.41977e-05
1.26024e-05
1.11022e-05
9.69779e-06
8.38881e-06
7.17439e-06
6.05491e-06
5.03116e-06
4.10309e-06
3.27009e-06
2.53355e-06
1.89393e-06
1.34877e-06
8.96235e-07
5.35536e-07
2.6728e-07
9.17482e-08
9.72691e-09
0.00047155
0.000468641
0.0004659
0.000462643
0.000458562
0.000453573
0.000447707
0.000441049
0.000433707
0.000425796
0.000417424
0.000408694
0.000399696
0.000390508
0.000381198
0.000371824
0.000362432
0.000353063
0.000343747
0.000334512
0.000325377
0.000316359
0.000307469
0.000298719
0.000290113
0.000281658
0.000273355
0.000265208
0.000257217
0.000249381
0.0002417
0.000234174
0.000226799
0.000219575
0.000212499
0.000205569
0.000198784
0.00019214
0.000185635
0.000179268
0.000173035
0.000166935
0.000160967
0.000155127
0.000149414
0.000143826
0.000138361
0.000133017
0.000127794
0.00012269
0.000117703
0.000112831
0.000108073
0.000103429
9.88968e-05
9.44753e-05
9.01638e-05
8.59613e-05
8.18666e-05
7.78789e-05
7.39974e-05
7.02211e-05
6.65493e-05
6.29813e-05
5.95163e-05
5.61537e-05
5.28929e-05
4.97334e-05
4.66745e-05
4.37159e-05
4.08577e-05
3.80993e-05
3.54395e-05
3.28782e-05
3.04148e-05
2.80492e-05
2.57807e-05
2.3609e-05
2.15338e-05
1.95549e-05
1.76724e-05
1.5886e-05
1.41955e-05
1.26003e-05
1.10998e-05
9.69515e-06
8.38596e-06
7.17149e-06
6.05226e-06
5.02871e-06
4.10089e-06
3.26882e-06
2.53322e-06
1.89395e-06
1.34866e-06
8.95643e-07
5.35077e-07
2.67233e-07
9.18239e-08
9.74164e-09
0.000471887
0.000469089
0.000466416
0.000463198
0.000459133
0.000454145
0.000448267
0.000441589
0.000434221
0.000426281
0.00041788
0.000409119
0.000400091
0.000390875
0.000381537
0.000372137
0.000362721
0.000353328
0.000343991
0.000334736
0.000325582
0.000316547
0.000307642
0.000298877
0.000290258
0.00028179
0.000273476
0.000265319
0.000257318
0.000249474
0.000241785
0.000234251
0.00022687
0.000219639
0.000212558
0.000205623
0.000198833
0.000192184
0.000185676
0.000179305
0.000173069
0.000166967
0.000160995
0.000155153
0.000149438
0.000143848
0.00013838
0.000133035
0.000127811
0.000122705
0.000117717
0.000112844
0.000108085
0.00010344
9.89067e-05
9.44844e-05
9.01721e-05
8.59688e-05
8.18735e-05
7.78852e-05
7.40031e-05
7.02263e-05
6.6554e-05
6.29855e-05
5.952e-05
5.61569e-05
5.28956e-05
4.97356e-05
4.66765e-05
4.37179e-05
4.08596e-05
3.81008e-05
3.54406e-05
3.28789e-05
3.04153e-05
2.80494e-05
2.57807e-05
2.36088e-05
2.15334e-05
1.95544e-05
1.76717e-05
1.5885e-05
1.41942e-05
1.25988e-05
1.10988e-05
9.69424e-06
8.38491e-06
7.17041e-06
6.0513e-06
5.0277e-06
4.09988e-06
3.26833e-06
2.53302e-06
1.89367e-06
1.34848e-06
8.95684e-07
5.35151e-07
2.67269e-07
9.18326e-08
9.74181e-09
0.000474005
0.000471364
0.000468628
0.000465255
0.000461004
0.000455821
0.000449754
0.0004429
0.000435373
0.000427289
0.000418762
0.000409891
0.000400766
0.000391465
0.000382055
0.000372591
0.000363119
0.000353679
0.000344301
0.000335009
0.000325824
0.000316761
0.000307832
0.000299046
0.000290408
0.000281924
0.000273596
0.000265426
0.000257414
0.00024956
0.000241863
0.000234321
0.000226933
0.000219697
0.00021261
0.00020567
0.000198876
0.000192223
0.000185712
0.000179338
0.000173099
0.000166994
0.00016102
0.000155176
0.000149459
0.000143868
0.0001384
0.000133052
0.000127826
0.000122719
0.00011773
0.000112856
0.000108097
0.000103451
9.89168e-05
9.44937e-05
9.01807e-05
8.59768e-05
8.1881e-05
7.78922e-05
7.40096e-05
7.02322e-05
6.65595e-05
6.29906e-05
5.95248e-05
5.61613e-05
5.28994e-05
4.97389e-05
4.66795e-05
4.37207e-05
4.08622e-05
3.81032e-05
3.54428e-05
3.28809e-05
3.0417e-05
2.80508e-05
2.57819e-05
2.36097e-05
2.15341e-05
1.9555e-05
1.76722e-05
1.58853e-05
1.41942e-05
1.25988e-05
1.10989e-05
9.69465e-06
8.38531e-06
7.1706e-06
6.05126e-06
5.02753e-06
4.09985e-06
3.26853e-06
2.53316e-06
1.89352e-06
1.34848e-06
8.9611e-07
5.35536e-07
2.67338e-07
9.17664e-08
9.72896e-09
0.000478488
0.000475911
0.000472879
0.000469083
0.000464383
0.000458765
0.000452297
0.000445083
0.00043724
0.000428882
0.000420118
0.000411045
0.000401748
0.0003923
0.000382766
0.000373197
0.000363636
0.00035412
0.000344678
0.000335332
0.000326101
0.000316999
0.000308037
0.000299222
0.00029056
0.000282056
0.000273711
0.000265526
0.000257501
0.000249636
0.000241929
0.00023438
0.000226985
0.000219742
0.000212651
0.000205707
0.000198908
0.000192253
0.000185739
0.000179362
0.000173122
0.000167015
0.00016104
0.000155194
0.000149475
0.000143882
0.000138413
0.000133066
0.000127839
0.000122731
0.000117741
0.000112867
0.000108108
0.000103461
9.8926e-05
9.45021e-05
9.01886e-05
8.59847e-05
8.18886e-05
7.78993e-05
7.40163e-05
7.02387e-05
6.65656e-05
6.29962e-05
5.953e-05
5.61662e-05
5.2904e-05
4.9743e-05
4.66831e-05
4.37242e-05
4.08656e-05
3.81064e-05
3.5446e-05
3.28838e-05
3.04197e-05
2.80533e-05
2.57841e-05
2.36117e-05
2.15359e-05
1.95567e-05
1.76737e-05
1.58867e-05
1.41955e-05
1.26e-05
1.11002e-05
9.69596e-06
8.38647e-06
7.17208e-06
6.05251e-06
5.02799e-06
4.10046e-06
3.26941e-06
2.53406e-06
1.89427e-06
1.34895e-06
8.96522e-07
5.35805e-07
2.67388e-07
9.16967e-08
9.7142e-09
0.000486211
0.00048333
0.000479595
0.000474985
0.000469487
0.000463137
0.000456013
0.000448226
0.000439888
0.000431107
0.000421984
0.000412608
0.000403056
0.000393394
0.00038368
0.00037396
0.000364274
0.000354653
0.000345122
0.000335703
0.00032641
0.000317257
0.000308251
0.000299401
0.00029071
0.00028218
0.000273814
0.000265612
0.000257573
0.000249696
0.00024198
0.000234422
0.000227021
0.000219773
0.000212677
0.00020573
0.000198929
0.000192271
0.000185754
0.000179376
0.000173135
0.000167027
0.000161051
0.000155204
0.000149486
0.000143892
0.000138423
0.000133075
0.000127848
0.00012274
0.00011775
0.000112876
0.000108116
0.000103469
9.89337e-05
9.45095e-05
9.01957e-05
8.59913e-05
8.18953e-05
7.79062e-05
7.4023e-05
7.02452e-05
6.6572e-05
6.30022e-05
5.95355e-05
5.61713e-05
5.2909e-05
4.97477e-05
4.66877e-05
4.37286e-05
4.08697e-05
3.81104e-05
3.54499e-05
3.28875e-05
3.04231e-05
2.80564e-05
2.57871e-05
2.36147e-05
2.15388e-05
1.95595e-05
1.76763e-05
1.58892e-05
1.4198e-05
1.26024e-05
1.11022e-05
9.69763e-06
8.38817e-06
7.17363e-06
6.05417e-06
5.03025e-06
4.10262e-06
3.27122e-06
2.5358e-06
1.89582e-06
1.35005e-06
8.97167e-07
5.36115e-07
2.67444e-07
9.16201e-08
9.69792e-09
0.00049826
0.000494329
0.000489241
0.000483271
0.000476529
0.00046908
0.000461003
0.000452398
0.000443365
0.000433999
0.000424385
0.000414597
0.000404702
0.000394754
0.000384802
0.000374884
0.000365033
0.000355275
0.000345632
0.000336118
0.000326748
0.000317531
0.000308473
0.000299579
0.000290852
0.000282294
0.000273904
0.000265683
0.000257628
0.000249739
0.000242013
0.000234447
0.00022704
0.000219787
0.000212688
0.000205737
0.000198934
0.000192275
0.000185758
0.000179379
0.000173137
0.00016703
0.000161054
0.000155207
0.000149489
0.000143896
0.000138427
0.000133079
0.000127853
0.000122745
0.000117755
0.000112881
0.000108123
0.000103476
9.89394e-05
9.45147e-05
9.02015e-05
8.59974e-05
8.19014e-05
7.79119e-05
7.40287e-05
7.02517e-05
6.65789e-05
6.3009e-05
5.95417e-05
5.6177e-05
5.29143e-05
4.97532e-05
4.66933e-05
4.3734e-05
4.08748e-05
3.81152e-05
3.54544e-05
3.2892e-05
3.04275e-05
2.80607e-05
2.57912e-05
2.36186e-05
2.15427e-05
1.95633e-05
1.76801e-05
1.58929e-05
1.42016e-05
1.26059e-05
1.11057e-05
9.70074e-06
8.39084e-06
7.17617e-06
6.05693e-06
5.03328e-06
4.1057e-06
3.27419e-06
2.53849e-06
1.89796e-06
1.35152e-06
8.98036e-07
5.36505e-07
2.67525e-07
9.15546e-08
9.68313e-09
0.000515696
0.000509559
0.000502219
0.00049419
0.000485661
0.000476688
0.000467321
0.000457632
0.000447692
0.00043757
0.000427326
0.000417015
0.000406686
0.000396379
0.000386129
0.000375965
0.000365911
0.000355985
0.000346203
0.000336577
0.000327113
0.000317819
0.000308699
0.000299754
0.000290986
0.000282395
0.000273978
0.000265736
0.000257665
0.000249762
0.000242026
0.000234453
0.00022704
0.000219784
0.000212681
0.000205729
0.000198925
0.000192266
0.000185748
0.00017937
0.000173129
0.000167022
0.000161048
0.000155202
0.000149485
0.000143893
0.000138425
0.000133079
0.000127854
0.000122747
0.000117757
0.000112884
0.000108124
0.000103478
9.8944e-05
9.45208e-05
9.02077e-05
8.6004e-05
8.19079e-05
7.7918e-05
7.40352e-05
7.02584e-05
6.65856e-05
6.30157e-05
5.95484e-05
5.61837e-05
5.29211e-05
4.97599e-05
4.66998e-05
4.37403e-05
4.08809e-05
3.8121e-05
3.546e-05
3.28975e-05
3.04329e-05
2.80661e-05
2.57964e-05
2.36236e-05
2.15476e-05
1.95682e-05
1.76851e-05
1.58979e-05
1.42065e-05
1.26107e-05
1.11104e-05
9.70529e-06
8.39526e-06
7.18052e-06
6.06129e-06
5.03766e-06
4.10979e-06
3.27785e-06
2.54178e-06
1.90057e-06
1.35328e-06
8.99111e-07
5.37062e-07
2.67699e-07
9.15099e-08
9.66907e-09
0.000539194
0.000529382
0.000518707
0.000507817
0.000496899
0.000485947
0.000474942
0.000463897
0.000452836
0.000441787
0.000430779
0.000419837
0.000408986
0.000398249
0.000387645
0.000377189
0.000366894
0.000356771
0.000346827
0.000337068
0.000327496
0.000318114
0.000308923
0.000299921
0.000291107
0.000282478
0.000274033
0.000265768
0.000257679
0.000249764
0.000242018
0.000234438
0.00022702
0.00021976
0.000212656
0.000205704
0.0001989
0.000192242
0.000185726
0.00017935
0.00017311
0.000167006
0.000161033
0.00015519
0.000149474
0.000143885
0.000138419
0.000133074
0.00012785
0.000122745
0.000117757
0.000112884
0.000108126
0.000103481
9.89473e-05
9.45256e-05
9.02136e-05
8.60095e-05
8.19133e-05
7.79249e-05
7.40429e-05
7.02656e-05
6.65924e-05
6.30226e-05
5.95557e-05
5.61911e-05
5.29286e-05
4.97676e-05
4.67075e-05
4.37479e-05
4.08882e-05
3.81282e-05
3.54671e-05
3.29044e-05
3.04396e-05
2.80725e-05
2.58027e-05
2.363e-05
2.15539e-05
1.95745e-05
1.76913e-05
1.59042e-05
1.42127e-05
1.26168e-05
1.11165e-05
9.71128e-06
8.40122e-06
7.18643e-06
6.06711e-06
5.0433e-06
4.11503e-06
3.2825e-06
2.54569e-06
1.90364e-06
1.35547e-06
9.00475e-07
5.37751e-07
2.67939e-07
9.1514e-08
9.66338e-09
0.000568591
0.000553559
0.000538451
0.000523912
0.00051003
0.000496672
0.000483707
0.00047106
0.000458687
0.000446562
0.000434669
0.000422999
0.00041155
0.000400321
0.000389311
0.000378523
0.000367955
0.000357609
0.000347482
0.000337574
0.000327882
0.000318402
0.000309132
0.000300067
0.000291204
0.000282536
0.000274061
0.000265772
0.000257667
0.000249738
0.000241983
0.000234397
0.000226976
0.000219715
0.000212611
0.000205659
0.000198857
0.000192201
0.000185688
0.000179315
0.000173079
0.000166978
0.000161008
0.000155169
0.000149456
0.000143869
0.000138406
0.000133064
0.000127843
0.00012274
0.000117753
0.000112883
0.000108126
0.000103482
9.89504e-05
9.45294e-05
9.0218e-05
8.6015e-05
8.19196e-05
7.79315e-05
7.40498e-05
7.02728e-05
6.65999e-05
6.30305e-05
5.95638e-05
5.61994e-05
5.2937e-05
4.9776e-05
4.6716e-05
4.37564e-05
4.08968e-05
3.81366e-05
3.54753e-05
3.29124e-05
3.04473e-05
2.808e-05
2.58102e-05
2.36374e-05
2.15614e-05
1.95819e-05
1.76987e-05
1.59115e-05
1.42201e-05
1.26242e-05
1.11237e-05
9.71842e-06
8.40835e-06
7.19354e-06
6.07411e-06
5.05003e-06
4.12122e-06
3.28797e-06
2.55031e-06
1.90727e-06
1.3581e-06
9.02177e-07
5.38679e-07
2.68315e-07
9.15677e-08
9.66318e-09
0.000602473
0.000580966
0.000560567
0.000541788
0.000524516
0.000508444
0.000493287
0.00047886
0.000465036
0.000451723
0.000438857
0.000426388
0.000414282
0.000402514
0.000391061
0.000379909
0.000369045
0.000358456
0.000348131
0.000338063
0.000328242
0.000318659
0.000309306
0.000300176
0.000291261
0.000282554
0.000274049
0.000265738
0.000257616
0.000249677
0.000241915
0.000234325
0.000226902
0.000219642
0.00021254
0.000205591
0.000198793
0.000192141
0.000185633
0.000179265
0.000173034
0.000166937
0.000160972
0.000155137
0.000149429
0.000143846
0.000138386
0.000133048
0.00012783
0.00012273
0.000117746
0.000112878
0.000108123
0.000103481
9.89513e-05
9.45317e-05
9.02214e-05
8.60197e-05
8.19254e-05
7.79379e-05
7.40564e-05
7.02798e-05
6.66074e-05
6.30385e-05
5.95723e-05
5.62082e-05
5.2946e-05
4.97852e-05
4.67252e-05
4.37656e-05
4.09059e-05
3.81456e-05
3.54842e-05
3.29211e-05
3.04559e-05
2.80884e-05
2.58184e-05
2.36456e-05
2.15696e-05
1.95901e-05
1.77069e-05
1.59197e-05
1.42283e-05
1.26324e-05
1.11318e-05
9.72654e-06
8.41638e-06
7.20143e-06
6.08177e-06
5.05728e-06
4.12798e-06
3.29407e-06
2.55552e-06
1.91142e-06
1.36115e-06
9.04193e-07
5.398e-07
2.68799e-07
9.16755e-08
9.67076e-09
0.000637932
0.000609413
0.000583419
0.000560222
0.000539441
0.000520564
0.000503145
0.000486879
0.000471552
0.000457008
0.000443129
0.000429827
0.000417036
0.000404704
0.00039279
0.000381259
0.000370086
0.000359245
0.000348717
0.000338485
0.000328532
0.000318845
0.00030941
0.000300216
0.000291252
0.000282508
0.000273976
0.000265646
0.000257512
0.000249565
0.0002418
0.000234209
0.000226788
0.000219532
0.000212434
0.000205492
0.0001987
0.000192055
0.000185554
0.000179193
0.000172968
0.000166878
0.00016092
0.000155091
0.000149389
0.000143811
0.000138356
0.000133023
0.000127809
0.000122712
0.000117732
0.000112867
0.000108115
0.000103476
9.89484e-05
9.45307e-05
9.02222e-05
8.60219e-05
8.19289e-05
7.79425e-05
7.40617e-05
7.02859e-05
6.66142e-05
6.3046e-05
5.95804e-05
5.62167e-05
5.29548e-05
4.97941e-05
4.67342e-05
4.37747e-05
4.0915e-05
3.81545e-05
3.54929e-05
3.29297e-05
3.04645e-05
2.80972e-05
2.58272e-05
2.36541e-05
2.15782e-05
1.95987e-05
1.77153e-05
1.5928e-05
1.42365e-05
1.26406e-05
1.11402e-05
9.73488e-06
8.4246e-06
7.20953e-06
6.08963e-06
5.06482e-06
4.13508e-06
3.30055e-06
2.56111e-06
1.91591e-06
1.36452e-06
9.06481e-07
5.41114e-07
2.69405e-07
9.18341e-08
9.68392e-09
0.000670661
0.000635729
0.000604681
0.000577509
0.000553545
0.000532088
0.00051256
0.000494557
0.000477793
0.000462058
0.000447193
0.000433075
0.00041961
0.000406722
0.000394352
0.000382448
0.000370971
0.000359885
0.00034916
0.00033877
0.000328693
0.000318908
0.000309398
0.000300147
0.000291141
0.000282368
0.000273815
0.000265473
0.000257331
0.000249383
0.000241619
0.000234034
0.00022662
0.000219371
0.000212283
0.000205351
0.000198569
0.000191935
0.000185443
0.000179092
0.000172877
0.000166796
0.000160847
0.000155026
0.000149331
0.00014376
0.000138312
0.000132985
0.000127776
0.000122685
0.000117709
0.000112848
0.0001081
0.000103464
9.89393e-05
9.45242e-05
9.0218e-05
8.60197e-05
8.19285e-05
7.79436e-05
7.40641e-05
7.02893e-05
6.66185e-05
6.30511e-05
5.95863e-05
5.62234e-05
5.29621e-05
4.98019e-05
4.67423e-05
4.3783e-05
4.09233e-05
3.81629e-05
3.55012e-05
3.29378e-05
3.04726e-05
2.81052e-05
2.58353e-05
2.36623e-05
2.15861e-05
1.96066e-05
1.77234e-05
1.59359e-05
1.42442e-05
1.26484e-05
1.11484e-05
9.74301e-06
8.43202e-06
7.21675e-06
6.09714e-06
5.07234e-06
4.14212e-06
3.30679e-06
2.56649e-06
1.9204e-06
1.36801e-06
9.08919e-07
5.42569e-07
2.70099e-07
9.2026e-08
9.70055e-09
0.000695448
0.000656166
0.000621664
0.000591713
0.000565414
0.00054196
0.00052072
0.000501253
0.000483243
0.000466452
0.000450698
0.000435836
0.000421753
0.000408355
0.000395565
0.000383321
0.000371567
0.00036026
0.000349359
0.000338832
0.000328648
0.000318783
0.000309213
0.00029992
0.000290885
0.000282094
0.000273532
0.000265187
0.000257049
0.000249108
0.000241354
0.000233781
0.000226381
0.000219147
0.000212074
0.000205156
0.00019839
0.00019177
0.000185293
0.000178955
0.000172753
0.000166684
0.000160746
0.000154935
0.000149251
0.000143689
0.00013825
0.00013293
0.000127728
0.000122643
0.000117673
0.000112817
0.000108074
0.000103443
9.89215e-05
9.45098e-05
9.02066e-05
8.60109e-05
8.19221e-05
7.79391e-05
7.40614e-05
7.02882e-05
6.66188e-05
6.30525e-05
5.95888e-05
5.6227e-05
5.29665e-05
4.98069e-05
4.67479e-05
4.37889e-05
4.09295e-05
3.81692e-05
3.55076e-05
3.29443e-05
3.0479e-05
2.81116e-05
2.58418e-05
2.3669e-05
2.15929e-05
1.96133e-05
1.77299e-05
1.59425e-05
1.42509e-05
1.26553e-05
1.11554e-05
9.74993e-06
8.43869e-06
7.22343e-06
6.10386e-06
5.07886e-06
4.14828e-06
3.31244e-06
2.5715e-06
1.9246e-06
1.37134e-06
9.11301e-07
5.44019e-07
2.7081e-07
9.22315e-08
9.71897e-09
0.000707237
0.00066734
0.000632111
0.000601263
0.000573886
0.000549277
0.000526896
0.000506362
0.000487389
0.000469753
0.00045327
0.000437791
0.000423191
0.000409366
0.000396228
0.000383703
0.000371726
0.000360243
0.000349207
0.000338577
0.000328318
0.0003184
0.000308796
0.000299483
0.000290439
0.000281648
0.000273094
0.000264762
0.00025664
0.000248718
0.000240986
0.000233434
0.000226056
0.000218845
0.000211794
0.000204898
0.000198153
0.000191553
0.000185095
0.000178775
0.00017259
0.000166536
0.000160613
0.000154816
0.000149143
0.000143594
0.000138164
0.000132854
0.000127661
0.000122584
0.000117622
0.000112772
0.000108035
0.000103409
9.88926e-05
9.44851e-05
9.01857e-05
8.59934e-05
8.19076e-05
7.79273e-05
7.4052e-05
7.02809e-05
6.66133e-05
6.30487e-05
5.95864e-05
5.62259e-05
5.29666e-05
4.9808e-05
4.67498e-05
4.37913e-05
4.09324e-05
3.81724e-05
3.5511e-05
3.2948e-05
3.04829e-05
2.81155e-05
2.58457e-05
2.36733e-05
2.15976e-05
1.96184e-05
1.7735e-05
1.59475e-05
1.4256e-05
1.26602e-05
1.11599e-05
9.75461e-06
8.44425e-06
7.22915e-06
6.1092e-06
5.08383e-06
4.15302e-06
3.317e-06
2.57563e-06
1.92812e-06
1.37417e-06
9.13346e-07
5.45273e-07
2.71424e-07
9.24084e-08
9.73537e-09
0.000703509
0.000668275
0.000635484
0.000605653
0.000578401
0.000553421
0.000530441
0.000509238
0.000489611
0.000471379
0.000454377
0.000438457
0.000423494
0.000409374
0.000396003
0.000383298
0.000371185
0.000359604
0.000348501
0.00033783
0.00032755
0.000317626
0.00030803
0.000298733
0.000289715
0.000280953
0.000272432
0.000264136
0.000256051
0.000248167
0.000240472
0.000232957
0.000225614
0.000218437
0.000211419
0.000204554
0.000197838
0.000191265
0.000184833
0.000178537
0.000172374
0.000166342
0.000160437
0.000154657
0.000149001
0.000143466
0.00013805
0.000132752
0.00012757
0.000122503
0.00011755
0.000112709
0.000107979
0.00010336
9.88493e-05
9.44474e-05
9.0153e-05
8.59653e-05
8.18834e-05
7.79066e-05
7.40343e-05
7.02658e-05
6.66007e-05
6.30382e-05
5.95778e-05
5.62189e-05
5.2961e-05
4.98037e-05
4.67464e-05
4.37889e-05
4.09306e-05
3.81713e-05
3.55106e-05
3.29481e-05
3.04833e-05
2.81161e-05
2.58467e-05
2.36749e-05
2.15997e-05
1.96206e-05
1.77372e-05
1.59497e-05
1.42583e-05
1.26628e-05
1.11625e-05
9.75733e-06
8.44722e-06
7.23225e-06
6.11225e-06
5.08684e-06
4.15604e-06
3.31995e-06
2.57839e-06
1.9306e-06
1.37624e-06
9.14784e-07
5.46047e-07
2.71766e-07
9.24826e-08
9.7397e-09
0.000691295
0.000665284
0.000635584
0.000606671
0.000579506
0.000554213
0.000530762
0.000509071
0.000489003
0.000470399
0.000453099
0.000436952
0.000421823
0.000407594
0.000394158
0.000381426
0.000369317
0.000357764
0.000346708
0.000336098
0.000325889
0.000316045
0.000306532
0.000297321
0.000288389
0.000279714
0.000271277
0.000263063
0.000255058
0.000247249
0.000239625
0.000232178
0.000224899
0.000217782
0.00021082
0.000204007
0.000197339
0.000190811
0.00018442
0.000178162
0.000172034
0.000166033
0.000160158
0.000154405
0.000148773
0.00014326
0.000137865
0.000132585
0.00012742
0.000122369
0.000117429
0.000112601
0.000107882
0.000103273
9.87714e-05
9.43777e-05
9.00905e-05
8.59092e-05
8.18334e-05
7.78623e-05
7.39951e-05
7.02314e-05
6.65704e-05
6.30116e-05
5.95545e-05
5.61985e-05
5.29433e-05
4.97882e-05
4.67329e-05
4.3777e-05
4.09204e-05
3.81625e-05
3.5503e-05
3.29415e-05
3.04777e-05
2.81114e-05
2.58429e-05
2.36717e-05
2.15969e-05
1.96181e-05
1.77353e-05
1.59483e-05
1.42571e-05
1.26618e-05
1.11618e-05
9.75714e-06
8.44747e-06
7.23258e-06
6.11235e-06
5.08707e-06
4.15687e-06
3.3213e-06
2.57947e-06
1.93147e-06
1.37718e-06
9.15247e-07
5.4615e-07
2.7178e-07
9.23313e-08
9.70695e-09
)
;

boundaryField
{
    inlet
    {
        type            calculated;
        value           nonuniform List<scalar> 
30
(
0.0151482
0.0151874
0.0152926
0.0154621
0.015688
0.015956
0.0162478
0.0165442
0.0168273
0.017082
0.017297
0.0174651
0.017583
0.0176506
0.0176709
0.0176484
0.0175829
0.0174705
0.0173089
0.0170988
0.0168442
0.0165529
0.0162367
0.0159111
0.0155942
0.0153056
0.0150636
0.0148826
0.0147704
0.0147284
)
;
    }
    outlet
    {
        type            calculated;
        value           uniform 0;
    }
    top
    {
        type            calculated;
        value           nonuniform List<scalar> 
135
(
0.0147284
0.014701
0.0146637
0.0146298
0.0146075
0.0145938
0.0144469
0.0141739
0.0138061
0.0133522
0.0128175
0.0122079
0.011529
0.0107885
0.0099965
0.00916396
0.00830656
0.00744109
0.00658626
0.00576157
0.00498517
0.00427192
0.00363196
0.00306999
0.00258585
0.00217621
0.00183443
0.00155275
0.00132348
0.0011391
0.000992862
0.000879222
0.000793108
0.000730403
0.000694524
0.000691295
0.000665284
0.000635584
0.000606671
0.000579506
0.000554213
0.000530762
0.000509071
0.000489003
0.000470399
0.000453099
0.000436952
0.000421823
0.000407594
0.000394158
0.000381426
0.000369317
0.000357764
0.000346708
0.000336098
0.000325889
0.000316045
0.000306532
0.000297321
0.000288389
0.000279714
0.000271277
0.000263063
0.000255058
0.000247249
0.000239625
0.000232178
0.000224899
0.000217782
0.00021082
0.000204007
0.000197339
0.000190811
0.00018442
0.000178162
0.000172034
0.000166033
0.000160158
0.000154405
0.000148773
0.00014326
0.000137865
0.000132585
0.00012742
0.000122369
0.000117429
0.000112601
0.000107882
0.000103273
9.87714e-05
9.43777e-05
9.00905e-05
8.59092e-05
8.18334e-05
7.78623e-05
7.39951e-05
7.02314e-05
6.65704e-05
6.30116e-05
5.95545e-05
5.61985e-05
5.29433e-05
4.97882e-05
4.67329e-05
4.3777e-05
4.09204e-05
3.81625e-05
3.5503e-05
3.29415e-05
3.04777e-05
2.81114e-05
2.58429e-05
2.36717e-05
2.15969e-05
1.96181e-05
1.77353e-05
1.59483e-05
1.42571e-05
1.26618e-05
1.11618e-05
9.75714e-06
8.44747e-06
7.23258e-06
6.11235e-06
5.08707e-06
4.15687e-06
3.3213e-06
2.57947e-06
1.93147e-06
1.37718e-06
9.15247e-07
5.4615e-07
2.7178e-07
9.23313e-08
9.70695e-09
)
;
    }
    bottom
    {
        type            calculated;
        value           nonuniform List<scalar> 
135
(
0.0151482
0.0151232
0.0150898
0.0150602
0.0150417
0.0150107
0.0148758
0.0146178
0.0142654
0.0138244
0.0132983
0.0126892
0.0119995
0.0112357
0.0104072
0.0095273
0.00861527
0.00769206
0.00678075
0.00590409
0.00508226
0.00433117
0.00366125
0.00307697
0.00257743
0.00215838
0.00181218
0.0015297
0.00130178
0.0011198
0.000975867
0.000863569
0.000777513
0.000713627
0.000675322
0.00066098
0.000636639
0.000609367
0.000582953
0.000558132
0.000534976
0.000513446
0.00049347
0.00047493
0.000457686
0.000441599
0.000426536
0.00041238
0.000399023
0.000386373
0.000374349
0.000362881
0.000351909
0.000341379
0.000331246
0.000321473
0.000312023
0.00030287
0.000293987
0.000285353
0.00027695
0.000268761
0.000260772
0.000252972
0.000245349
0.000237895
0.000230603
0.000223465
0.000216475
0.000209628
0.000202921
0.000196348
0.000189907
0.000183594
0.000177408
0.000171345
0.000165403
0.000159581
0.000153877
0.000148289
0.000142816
0.000137458
0.000132212
0.000127077
0.000122053
0.000117139
0.000112334
0.000107637
0.000103047
9.85644e-05
9.41874e-05
8.99158e-05
8.57491e-05
8.16866e-05
7.7728e-05
7.38725e-05
7.01196e-05
6.64688e-05
6.29197e-05
5.94717e-05
5.61243e-05
5.2877e-05
4.97292e-05
4.66806e-05
4.37311e-05
4.08804e-05
3.81283e-05
3.54741e-05
3.29178e-05
3.0459e-05
2.80974e-05
2.58324e-05
2.36639e-05
2.15918e-05
1.9616e-05
1.77361e-05
1.5952e-05
1.42634e-05
1.267e-05
1.11716e-05
9.76815e-06
8.45964e-06
7.24582e-06
6.12663e-06
5.10118e-06
4.1692e-06
3.33068e-06
2.58601e-06
1.93648e-06
1.38156e-06
9.19115e-07
5.48848e-07
2.73154e-07
9.28212e-08
9.75997e-09
)
;
    }
    obstacle
    {
        type            calculated;
        value           nonuniform List<scalar> 
120
(
0.115653
0.10715
0.0974841
0.0876498
0.0778386
0.0680494
0.0584997
0.0493982
0.0409162
0.033187
0.0262962
0.0202812
0.0151429
0.0108602
0.00740528
0.00475677
0.00290893
0.00187659
0.00169126
0.00239396
0.0040234
0.00659888
0.0101054
0.0144822
0.019619
0.0253572
0.0314981
0.0379916
0.0446706
0.0507373
0.057916
0.0661029
0.0760372
0.0877838
0.101571
0.118037
0.137957
0.162099
0.190969
0.224523
0.26166
0.299914
0.335589
0.36424
0.380267
0.380417
0.364671
0.336248
0.300738
0.262591
0.225515
0.191989
0.16313
0.138987
0.119057
0.10257
0.0887479
0.0769528
0.066968
0.0587674
0.118963
0.110314
0.100364
0.090167
0.0799795
0.0698329
0.0599585
0.0505738
0.0418533
0.0339304
0.0268883
0.0207602
0.0155422
0.0112088
0.00772801
0.00507546
0.00324312
0.00224471
0.00211093
0.00288184
0.00459462
0.00726546
0.0108739
0.0153507
0.0205749
0.0263751
0.0325417
0.0390187
0.0456337
0.0516268
0.125171
0.135392
0.146732
0.15891
0.171787
0.185843
0.201754
0.220243
0.241894
0.266867
0.294554
0.323244
0.350213
0.372086
0.384549
0.385026
0.373455
0.352297
0.325844
0.297492
0.269989
0.245082
0.22342
0.204882
0.188926
0.174856
0.162018
0.149937
0.13868
0.12852
)
;
    }
    frontAndBack
    {
        type            empty;
    }
}


// ************************************************************************* //
