/*--------------------------------*- C++ -*----------------------------------*\
  =========                 |
  \\      /  F ield         | OpenFOAM: The Open Source CFD Toolbox
   \\    /   O peration     | Website:  https://openfoam.org
    \\  /    A nd           | Version:  12
     \\/     M anipulation  |
\*---------------------------------------------------------------------------*/
FoamFile
{
    format      ascii;
    class       volScalarField;
    location    "260";
    object      p;
}
// * * * * * * * * * * * * * * * * * * * * * * * * * * * * * * * * * * * * * //

dimensions      [0 2 -2 0 0 0 0];

internalField   nonuniform List<scalar> 
6750
(
0.0216099
0.0215878
0.0215584
0.0213949
0.0203665
0.0231282
0.0230918
0.0229644
0.0226985
0.0223392
0.0249211
0.0248619
0.0247313
0.0245332
0.0243802
0.0268017
0.0267078
0.0265835
0.0264431
0.0263663
0.0286688
0.0285309
0.0283968
0.0282843
0.0282456
0.0304427
0.0302563
0.0301014
0.0299988
0.0299774
0.0320748
0.0318387
0.0316592
0.0315593
0.0315465
0.033536
0.0332509
0.0330467
0.0329476
0.0329399
0.0348078
0.0344761
0.0342492
0.0341509
0.0341468
0.0358798
0.0355055
0.0352591
0.0351621
0.0351607
0.0367486
0.0363371
0.0360751
0.0359801
0.0359805
0.0374174
0.0369751
0.0367018
0.0366092
0.0366106
0.0378957
0.0374286
0.0371492
0.0370589
0.0370607
0.0381975
0.0377115
0.0374322
0.0373431
0.0373442
0.0383358
0.0378441
0.0375702
0.0374786
0.0374776
0.0383358
0.0378442
0.0375702
0.0374787
0.0374776
0.0381975
0.0377116
0.0374323
0.0373432
0.0373443
0.0378958
0.0374288
0.0371493
0.037059
0.0370608
0.0374177
0.0369753
0.036702
0.0366094
0.0366109
0.0367489
0.0363374
0.0360754
0.0359804
0.0359808
0.0358802
0.0355059
0.0352594
0.0351625
0.0351611
0.0348083
0.0344765
0.0342496
0.0341513
0.0341473
0.0335366
0.0332514
0.0330472
0.0329482
0.0329404
0.0320754
0.0318393
0.0316598
0.0315599
0.0315471
0.0304433
0.030257
0.0301021
0.0299995
0.0299781
0.0286696
0.0285317
0.0283976
0.028285
0.0282463
0.0268025
0.0267086
0.0265844
0.026444
0.0263671
0.024922
0.0248628
0.0247322
0.0245342
0.0243812
0.0231293
0.0230928
0.0229654
0.0226995
0.0223402
0.021611
0.021589
0.0215595
0.021396
0.0203676
0.0141876
0.0147803
0.0162485
0.0173334
0.0181199
0.0187448
0.0192345
0.0196004
0.0198703
0.0200547
0.0201167
0.0201303
0.0200677
0.0199249
0.0197005
0.019391
0.0189933
0.0185105
0.0179456
0.0172988
0.0165645
0.0158474
0.0150923
0.0143144
0.0135339
0.0127634
0.0120125
0.011296
0.0106239
0.00994101
0.0180973
0.0188929
0.0196926
0.0200935
0.0203223
0.0204636
0.0205194
0.0204989
0.020431
0.0203128
0.020103
0.0199159
0.0197105
0.0194896
0.0192519
0.0189882
0.0186862
0.0183347
0.0179232
0.0174486
0.016929
0.0162956
0.015631
0.0149262
0.0141892
0.0134316
0.0126613
0.0118928
0.0111663
0.0104617
0.0205778
0.0207614
0.0210763
0.0212302
0.0213059
0.021314
0.0212426
0.0211024
0.0209146
0.0206437
0.0202941
0.0199589
0.0195957
0.0192154
0.0188242
0.0184218
0.0180049
0.0175684
0.0171065
0.0166145
0.0160912
0.0155362
0.0149558
0.0143495
0.013722
0.0130792
0.0124224
0.0117621
0.0111854
0.0107684
0.0220207
0.0217965
0.0219253
0.0220081
0.0220171
0.0219498
0.0218009
0.0215873
0.0213181
0.0209238
0.0204776
0.0200181
0.0195165
0.0189895
0.0184488
0.0179023
0.0173553
0.0168109
0.0162698
0.0157308
0.0151921
0.0146577
0.0141241
0.0135884
0.0130504
0.0125104
0.0119613
0.0114056
0.0109726
0.0108905
0.0231112
0.0227391
0.0227856
0.0227977
0.0227234
0.0225686
0.0223336
0.0220341
0.0216678
0.0211579
0.0206156
0.0200359
0.0194089
0.0187544
0.0180879
0.0174225
0.0167694
0.0161369
0.01553
0.0149505
0.0143977
0.013871
0.0133668
0.0128805
0.0124082
0.0119462
0.0114807
0.0110051
0.0106805
0.0109028
0.0240583
0.0236471
0.0236289
0.0235608
0.0234005
0.0231592
0.0228379
0.0224489
0.0219752
0.0213601
0.0207178
0.0200224
0.0192785
0.018508
0.0177294
0.0169598
0.0162145
0.0155052
0.0148398
0.0142219
0.0136516
0.0131261
0.0126412
0.0121903
0.0117676
0.0113665
0.0109683
0.0105588
0.0103246
0.0108195
0.0248962
0.0244912
0.0244148
0.02427
0.0240308
0.0237087
0.0233057
0.0228302
0.0222439
0.021535
0.0207926
0.0199873
0.0191336
0.0182549
0.0173725
0.0165068
0.0156762
0.0148951
0.0141734
0.0135162
0.0129238
0.0123933
0.0119189
0.011493
0.0111079
0.0107552
0.0104119
0.0100585
0.0099044
0.0106411
0.0256454
0.0252764
0.0251496
0.0249332
0.0246198
0.02422
0.023739
0.023179
0.0224796
0.021687
0.0208445
0.0199342
0.0189764
0.0179959
0.0170162
0.0160606
0.0151499
0.0143006
0.0135242
0.0128267
0.0122092
0.0116681
0.011197
0.0107873
0.01043
0.0101151
0.00981572
0.00950927
0.00942617
0.0103709
0.0263279
0.0260165
0.0258454
0.0255601
0.0251748
0.0247
0.0241435
0.0234945
0.022691
0.0218172
0.0208757
0.0198646
0.0188076
0.0177304
0.0166588
0.0156183
0.0146316
0.0137169
0.0128871
0.012149
0.0115038
0.0109479
0.0104742
0.0100734
0.00973562
0.00944931
0.0091844
0.00891669
0.00889657
0.0100148
0.0269605
0.0267213
0.0265106
0.0261579
0.0257024
0.0251561
0.0245235
0.0237775
0.0228843
0.021926
0.0208881
0.01978
0.0186276
0.0174578
0.0162983
0.0151765
0.0141169
0.0131389
0.0122565
0.0114771
0.0108021
0.0102278
0.00974675
0.00934882
0.0090236
0.00875821
0.00851965
0.0082836
0.00831971
0.00957914
0.0275558
0.0273988
0.0271521
0.0267324
0.026207
0.0255912
0.0248822
0.0240354
0.0230625
0.0220168
0.0208842
0.019682
0.0184368
0.0171772
0.0159326
0.0147321
0.0136014
0.0125614
0.0116266
0.0108049
0.0100981
0.00950231
0.00900964
0.00860955
0.00829105
0.00804007
0.00782095
0.0076106
0.00769726
0.00906885
0.0281239
0.0280561
0.0277763
0.0272892
0.026694
0.0260107
0.0252219
0.0242757
0.0232278
0.0220925
0.0208665
0.0195716
0.0182354
0.0168877
0.0155597
0.0142818
0.013081
0.0119792
0.0109915
0.0101264
0.0093857
0.00876545
0.00825744
0.00785076
0.00753394
0.00729176
0.00708616
0.00689641
0.00702877
0.00848762
0.0286745
0.0287008
0.0283905
0.0278364
0.0271726
0.0264177
0.0255414
0.0245081
0.0233818
0.0221554
0.0208367
0.0194499
0.0180233
0.0165882
0.0151773
0.0138223
0.0125514
0.0113873
0.0103457
0.0094355
0.00865853
0.00801088
0.00748403
0.00706673
0.0067471
0.00650876
0.00631151
0.00613792
0.00631179
0.0078373
0.0292173
0.0293393
0.0290014
0.02838
0.0276472
0.0268189
0.0258486
0.0247369
0.0235264
0.0222081
0.0207966
0.0193174
0.0178001
0.0162772
0.014783
0.0133502
0.0120082
0.0107804
0.00968319
0.00872564
0.0079098
0.00723165
0.00668247
0.00625071
0.00592411
0.0056851
0.00549152
0.00533015
0.00554186
0.00711759
0.0297597
0.029981
0.029617
0.0289276
0.0281253
0.0272185
0.0261524
0.0249648
0.0236654
0.0222533
0.0207476
0.0191746
0.0175651
0.015953
0.0143739
0.0128617
0.0114466
0.0101529
0.00899753
0.00798987
0.00713206
0.00642005
0.0058449
0.00539485
0.00505722
0.00481325
0.00461898
0.00446619
0.00471245
0.00632578
0.030309
0.0306373
0.0302499
0.0294921
0.0286131
0.0276171
0.0264644
0.025195
0.0238021
0.0222936
0.0206912
0.0190218
0.0173174
0.0156135
0.0139467
0.0123523
0.0108612
0.0094985
0.00828166
0.00722039
0.00631698
0.0055673
0.00496228
0.00448991
0.00413717
0.00388397
0.00368477
0.00353702
0.00381483
0.00545652
0.0308753
0.0313206
0.0309112
0.0300817
0.0291197
0.0280248
0.026791
0.0254311
0.02394
0.0223316
0.0206284
0.0188587
0.0170556
0.015256
0.0134977
0.0118169
0.0102458
0.00881
0.0075275
0.00640837
0.00545502
0.00466334
0.00402407
0.00352505
0.00315284
0.00288601
0.00267754
0.00253124
0.00283776
0.00450137
0.0314753
0.0320444
0.0316148
0.0307041
0.0296491
0.028457
0.0271372
0.0256783
0.0240834
0.0223696
0.0205604
0.0186849
0.0167777
0.0148769
0.0130218
0.0112495
0.00959314
0.00807897
0.00672562
0.00554346
0.00453507
0.00369632
0.00301785
0.00248731
0.00209088
0.00180567
0.00158332
0.00143465
0.00176706
0.00344841
0.0321328
0.0328188
0.0323713
0.0313737
0.0302112
0.0289253
0.0275077
0.0259418
0.0242364
0.0224101
0.0204875
0.018499
0.0164806
0.0144719
0.012513
0.0106425
0.00889424
0.00729525
0.0058647
0.00461329
0.0035438
0.00265208
0.00192866
0.00136107
0.00093503
0.000626155
0.000384847
0.000229518
0.00058488
0.00228147
0.0328667
0.033663
0.0331985
0.0321032
0.0308237
0.0294386
0.0279114
0.026229
0.0244037
0.0224555
0.02041
0.0182992
0.0161605
0.0140347
0.0119635
0.00998638
0.00813801
0.00644627
0.00493082
0.00360273
0.00246492
0.00151327
0.000738205
0.000127117
-0.000334721
-0.000673318
-0.000939395
-0.00110631
-0.000731305
0.000979129
0.0337026
0.0346104
0.0341175
0.0329045
0.0315094
0.0300101
0.0283595
0.0265482
0.0245905
0.0225078
0.0203271
0.018082
0.0158113
0.0135574
0.011363
0.00926869
0.00731021
0.00551607
0.00390645
0.00249274
0.00127804
0.000258204
-0.00057641
-0.00123856
-0.00174348
-0.00211888
-0.00241652
-0.00260092
-0.00221023
-0.000486876
0.0346814
0.0356826
0.0351487
0.0338126
0.0322901
0.030656
0.0288648
0.0269083
0.024802
0.0225686
0.0202369
0.0178421
0.0154247
0.0130284
0.0106973
0.00847301
0.00639214
0.00448388
0.00276888
0.00125884
-4.30197e-05
-0.00114086
-0.00204445
-0.00276667
-0.00332334
-0.00374397
-0.00408129
-0.00429036
-0.0038891
-0.002154
0.0358498
0.0369245
0.0363326
0.034865
0.0331895
0.0313968
0.0294432
0.02732
0.0250434
0.0226383
0.0201352
0.0175711
0.0149883
0.0124318
0.00994708
0.00757691
0.00535858
0.00332191
0.00148795
-0.000131358
-0.00153274
-0.00272042
-0.00370428
-0.00449743
-0.0051163
-0.00559232
-0.00597915
-0.00622189
-0.00581692
-0.00407254
0.0372755
0.0383967
0.0377295
0.0361024
0.0342411
0.0322596
0.0301144
0.0277953
0.02532
0.0227154
0.0200143
0.0172556
0.0144833
0.0117442
0.0090848
0.00654892
0.00417454
0.00199193
2.24099e-05
-0.00172196
-0.00323791
-0.0045298
-0.00560772
-0.00648498
-0.00717879
-0.00772262
-0.00817102
-0.00845881
-0.00805987
-0.00631149
0.0390714
0.040193
0.0394114
0.0375799
0.0354908
0.03328
0.030903
0.0283485
0.025636
0.0227949
0.0198606
0.0168741
0.0138814
0.0109307
0.00806996
0.00534351
0.00278987
0.000439531
-0.0016861
-0.00357504
-0.00522414
-0.006638
-0.00782695
-0.00880465
-0.00958916
-0.0102161
-0.010741
-0.0110885
-0.0107099
-0.00896835
0.0413647
0.042437
0.041478
0.0393809
0.0370053
0.0345073
0.0318416
0.0289965
0.0259936
0.0228655
0.0196503
0.0163918
0.0131377
0.00993788
0.00684114
0.00389231
0.00112991
-0.00141572
-0.00372346
-0.00578159
-0.0075873
-0.00914548
-0.0104668
-0.0115653
-0.01246
-0.0131887
-0.0138082
-0.0142339
-0.0138971
-0.0121837
0.0444112
0.0453227
0.0440854
0.0416326
0.0388838
0.036013
0.0329752
0.029759
0.0263894
0.0229026
0.0193404
0.0157491
0.0121786
0.00867988
0.0053019
0.00208924
-0.000920317
-0.00369731
-0.00622144
-0.00848165
-0.0104756
-0.0122083
-0.013691
-0.0149378
-0.0159687
-0.0168234
-0.0175595
-0.0180867
-0.0178251
-0.0161805
0.0485934
0.0491324
0.0474413
0.0444958
0.0412477
0.0378805
0.0343504
0.0306487
0.0268047
0.0228595
0.018859
0.0148527
0.0108923
0.00702906
0.00331138
-0.000217869
-0.003523
-0.0065767
-0.00936044
-0.0118644
-0.0140874
-0.0160351
-0.0177183
-0.0191516
-0.0203554
-0.0213704
-0.0222537
-0.0229156
-0.0227876
-0.0212973
0.0547836
0.0545755
0.0521394
0.0484931
0.0445395
0.0404509
0.0361962
0.0317804
0.0272445
0.0226394
0.018018
0.0134343
0.00894142
0.00458963
0.000424099
-0.00351652
-0.00720112
-0.0106065
-0.0137168
-0.0165227
-0.0190261
-0.021246
-0.0231779
-0.0248366
-0.0262431
-0.0274356
-0.028467
-0.0292632
-0.0293318
-0.0281624
0.0655912
0.0636963
0.0597055
0.0548287
0.0497111
0.044449
0.0390391
0.0335167
0.0279397
0.0223686
0.0168607
0.0114691
0.00624162
0.00121961
-0.00356256
-0.00807751
-0.0123044
-0.0162287
-0.0198419
-0.0231418
-0.0261245
-0.0287779
-0.0311276
-0.0331821
-0.0349523
-0.0364639
-0.0377621
-0.0388363
-0.0393906
-0.0388708
0.017854
0.0187915
0.020539
0.0219204
0.0230739
0.0241458
0.0251701
0.0261557
0.0271124
0.0280498
0.0289761
0.029899
0.0308268
0.031768
0.0327308
0.0337259
0.0347659
0.0358672
0.0370487
0.0383316
0.0397438
0.0413247
0.0431218
0.0452009
0.047651
0.0506074
0.0542552
0.0588075
0.0644914
0.0718286
0.0221739
0.023149
0.0242732
0.0252083
0.0260412
0.0268338
0.0275977
0.0283372
0.0290595
0.0297727
0.0304846
0.0312034
0.0319374
0.0326954
0.0334872
0.0343243
0.0352206
0.0361931
0.037262
0.038452
0.0397955
0.0413357
0.0431291
0.045254
0.0478199
0.0509896
0.0549976
0.0601658
0.0669816
0.0760334
0.024481
0.0253493
0.0261912
0.0269416
0.0276689
0.0283896
0.0291007
0.029803
0.0305015
0.0312019
0.0319104
0.0326336
0.0333788
0.0341541
0.0349692
0.0358353
0.0367666
0.0377804
0.0388979
0.0401461
0.0415603
0.0431874
0.0450904
0.0473567
0.05011
0.0535299
0.0578824
0.0635462
0.0711724
0.0814526
0.0264927
0.0272522
0.027979
0.0286498
0.0293134
0.0299796
0.0306474
0.0313196
0.0320013
0.0326977
0.0334147
0.0341584
0.0349359
0.0357553
0.0366262
0.0375602
0.0385716
0.0396784
0.0409027
0.0422732
0.0438273
0.0456149
0.0477031
0.0501852
0.0531925
0.0569144
0.0616316
0.0677397
0.0759805
0.0870919
0.0283698
0.0290367
0.0296741
0.0302742
0.030878
0.0314956
0.0321276
0.0327769
0.0334475
0.0341443
0.0348725
0.0356379
0.0364474
0.0373093
0.0382333
0.0392317
0.0403192
0.0415145
0.0428411
0.0443294
0.0460189
0.0479621
0.0502299
0.0529199
0.0561693
0.0601752
0.0652281
0.0717345
0.0805201
0.0923801
0.0300837
0.0306688
0.0312304
0.0317711
0.0323279
0.0329096
0.0335168
0.0341518
0.034818
0.0355199
0.0362621
0.0370504
0.0378915
0.0387937
0.0397671
0.0408239
0.0419797
0.0432538
0.0446708
0.0462624
0.04807
0.0501484
0.0525715
0.0554407
0.0588982
0.0631474
0.0684886
0.0753414
0.0846128
0.0971807
0.0316317
0.0321436
0.0326412
0.0331335
0.0336536
0.0342085
0.0347984
0.0354251
0.0360918
0.0368021
0.0375607
0.038373
0.0392457
0.040187
0.0412069
0.0423183
0.0435368
0.0448824
0.0463807
0.0480644
0.0499763
0.0521731
0.054731
0.0577546
0.06139
0.0658462
0.0714323
0.0785815
0.0882672
0.101463
0.0330089
0.0334552
0.0338979
0.0343508
0.0348421
0.0353769
0.0359549
0.0365777
0.0372478
0.0379686
0.0387445
0.0395804
0.0404832
0.0414608
0.0425237
0.0436845
0.0449596
0.0463693
0.0479397
0.0497046
0.0517079
0.0540078
0.0566823
0.0598384
0.0636254
0.0682571
0.0740501
0.0814497
0.0914748
0.105203
0.034207
0.0345944
0.0349906
0.0354117
0.0358806
0.0364005
0.0369708
0.0375925
0.0382678
0.0389998
0.0397922
0.0406503
0.0415803
0.0425906
0.0436914
0.0448958
0.0462202
0.0476854
0.049318
0.0511526
0.0532339
0.0556213
0.0583943
0.0616618
0.0655757
0.0703533
0.076318
0.0839252
0.0942186
0.108385
0.035219
0.0355547
0.0359123
0.0363083
0.0367602
0.0372694
0.0378349
0.0384573
0.0391384
0.0398809
0.0406885
0.0415661
0.04252
0.0435583
0.0446915
0.0459328
0.0472986
0.0488103
0.0504949
0.0523873
0.0545332
0.0569926
0.0598464
0.0632048
0.0672219
0.0721179
0.0782214
0.0859964
0.0964937
0.111015
0.036042
0.0363338
0.0366604
0.0370374
0.0374767
0.0379783
0.0385409
0.0391649
0.0398516
0.0406036
0.0414241
0.0423181
0.0432917
0.0443532
0.0455129
0.0467841
0.0481836
0.0497328
0.0514591
0.0533978
0.0555951
0.0581118
0.0610296
0.0644598
0.0685582
0.073547
0.0797591
0.0876656
0.0983106
0.113114
0.036678
0.0369345
0.0372376
0.0376006
0.0380309
0.0385273
0.0390884
0.0397141
0.0404058
0.0411654
0.0419964
0.0429033
0.0438925
0.044972
0.0461523
0.0474466
0.048872
0.05045
0.0522081
0.0541822
0.0564186
0.0589788
0.0619451
0.0654296
0.0695891
0.0746475
0.0809411
0.0889465
0.0996912
0.114714
0.0371343
0.0373645
0.037651
0.0380044
0.0384286
0.0389217
0.039482
0.0401093
0.0408047
0.0415702
0.0424088
0.0433253
0.0443258
0.0454183
0.0466134
0.0479244
0.0493683
0.0509669
0.0527478
0.0547471
0.0570114
0.0596024
0.062603
0.0661258
0.0703285
0.0754359
0.0817866
0.0898617
0.100666
0.115857
0.0374227
0.0376357
0.0379117
0.0382593
0.0386799
0.039171
0.039731
0.0403595
0.0410575
0.0418268
0.0426704
0.0435931
0.0446008
0.0457017
0.0469062
0.0482279
0.0496836
0.0512952
0.0530906
0.0551058
0.0573878
0.0599983
0.0630205
0.0665675
0.0707974
0.0759354
0.082322
0.0904409
0.101273
0.116586
0.0375582
0.0377629
0.0380339
0.0383788
0.0387977
0.039288
0.0398479
0.0404771
0.0411764
0.0419476
0.0427937
0.0437193
0.0447305
0.0458354
0.0470445
0.0483713
0.0498327
0.0514506
0.0532529
0.0552757
0.0575661
0.060186
0.0632185
0.066777
0.0710198
0.0761724
0.0825761
0.0907157
0.101555
0.116938
0.0375582
0.0377629
0.0380339
0.0383788
0.0387978
0.039288
0.039848
0.0404772
0.0411764
0.0419476
0.0427937
0.0437193
0.0447305
0.0458354
0.0470446
0.0483713
0.0498327
0.0514506
0.0532529
0.0552758
0.0575661
0.060186
0.0632185
0.066777
0.0710198
0.0761724
0.0825761
0.0907157
0.101555
0.116938
0.0374228
0.0376358
0.0379118
0.0382594
0.03868
0.0391711
0.039731
0.0403596
0.0410576
0.0418268
0.0426705
0.0435931
0.0446008
0.0457017
0.0469063
0.0482279
0.0496836
0.0512953
0.0530907
0.0551059
0.0573878
0.0599983
0.0630205
0.0665675
0.0707974
0.0759354
0.082322
0.0904409
0.101273
0.116586
0.0371345
0.0373647
0.0376511
0.0380045
0.0384288
0.0389218
0.0394821
0.0401094
0.0408048
0.0415703
0.0424089
0.0433254
0.0443259
0.0454184
0.0466135
0.0479245
0.0493684
0.0509669
0.0527479
0.0547471
0.0570114
0.0596025
0.062603
0.0661258
0.0703285
0.0754359
0.0817866
0.0898617
0.100666
0.115857
0.0366782
0.0369347
0.0372378
0.0376008
0.0380311
0.0385275
0.0390886
0.0397143
0.0404059
0.0411656
0.0419965
0.0429035
0.0438926
0.0449721
0.0461524
0.0474467
0.0488721
0.05045
0.0522082
0.0541823
0.0564187
0.0589789
0.0619451
0.0654296
0.0695891
0.0746475
0.0809411
0.0889464
0.0996911
0.114714
0.0360423
0.0363341
0.0366607
0.0370377
0.037477
0.0379786
0.0385412
0.0391651
0.0398518
0.0406038
0.0414243
0.0423183
0.0432919
0.0443534
0.0455131
0.0467843
0.0481837
0.0497329
0.0514592
0.0533979
0.0555951
0.0581118
0.0610296
0.0644598
0.0685582
0.073547
0.0797591
0.0876655
0.0983104
0.113114
0.0352194
0.035555
0.0359126
0.0363086
0.0367605
0.0372697
0.0378352
0.0384576
0.0391387
0.0398812
0.0406888
0.0415663
0.0425202
0.0435585
0.0446917
0.0459329
0.0472988
0.0488105
0.050495
0.0523874
0.0545332
0.0569927
0.0598464
0.0632048
0.0672219
0.0721179
0.0782214
0.0859963
0.0964936
0.111014
0.0342074
0.0345948
0.034991
0.035412
0.0358809
0.0364009
0.0369712
0.0375929
0.0382682
0.0390001
0.0397925
0.0406505
0.0415806
0.0425909
0.0436917
0.044896
0.0462204
0.0476855
0.0493182
0.0511527
0.053234
0.0556214
0.0583943
0.0616618
0.0655757
0.0703533
0.0763179
0.0839251
0.0942184
0.108384
0.0330094
0.0334557
0.0338984
0.0343512
0.0348425
0.0353773
0.0359553
0.0365781
0.0372481
0.037969
0.0387448
0.0395807
0.0404835
0.0414611
0.0425239
0.0436848
0.0449598
0.0463695
0.0479399
0.0497048
0.051708
0.0540079
0.0566824
0.0598384
0.0636254
0.068257
0.07405
0.0814495
0.0914745
0.105202
0.0316323
0.0321442
0.0326417
0.0331341
0.0336541
0.034209
0.0347989
0.0354256
0.0360922
0.0368025
0.0375611
0.0383734
0.0392461
0.0401873
0.0412072
0.0423185
0.043537
0.0448827
0.0463809
0.0480646
0.0499764
0.0521732
0.0547311
0.0577546
0.0613899
0.0658461
0.0714322
0.0785813
0.0882669
0.101463
0.0300844
0.0306694
0.0312311
0.0317717
0.0323285
0.0329102
0.0335174
0.0341523
0.0348185
0.0355203
0.0362625
0.0370508
0.0378919
0.0387941
0.0397674
0.0408242
0.04198
0.0432541
0.044671
0.0462626
0.0480702
0.0501485
0.0525716
0.0554408
0.0588982
0.0631473
0.0684885
0.0753412
0.0846125
0.0971803
0.0283706
0.0290374
0.0296748
0.0302748
0.0308786
0.0314962
0.0321282
0.0327774
0.0334481
0.0341449
0.034873
0.0356383
0.0364479
0.0373097
0.0382337
0.039232
0.0403195
0.0415148
0.0428414
0.0443296
0.0460191
0.0479622
0.05023
0.0529199
0.0561693
0.0601751
0.065228
0.0717343
0.0805198
0.0923797
0.0264935
0.027253
0.0279797
0.0286506
0.0293141
0.0299803
0.0306481
0.0313203
0.0320019
0.0326983
0.0334152
0.0341589
0.0349364
0.0357558
0.0366266
0.0375606
0.038572
0.0396787
0.040903
0.0422734
0.0438275
0.0456151
0.0477033
0.0501852
0.0531925
0.0569143
0.0616315
0.0677395
0.0759802
0.0870914
0.0244819
0.0253502
0.026192
0.0269424
0.0276696
0.0283904
0.0291014
0.0298037
0.0305022
0.0312026
0.031911
0.0326342
0.0333793
0.0341547
0.0349697
0.0358358
0.036767
0.0377807
0.0388982
0.0401464
0.0415605
0.0431876
0.0450906
0.0473568
0.0501101
0.0535298
0.0578823
0.063546
0.0711721
0.0814521
0.0221749
0.0231499
0.0242742
0.0252092
0.0260421
0.0268347
0.0275985
0.028338
0.0290602
0.0297734
0.0304853
0.0312041
0.031938
0.032696
0.0334878
0.0343248
0.0352211
0.0361935
0.0372624
0.0384523
0.0397958
0.0413359
0.0431293
0.0452541
0.04782
0.0509896
0.0549975
0.0601656
0.0669813
0.0760328
0.0178551
0.0187926
0.02054
0.0219214
0.0230748
0.0241467
0.025171
0.0261565
0.0271132
0.0280506
0.0289768
0.0298997
0.0308275
0.0317686
0.0327314
0.0337264
0.0347664
0.0358677
0.0370491
0.038332
0.0397442
0.041325
0.043122
0.0452011
0.0476511
0.0506074
0.0542552
0.0588073
0.0644911
0.0718281
0.0655906
0.0636957
0.0597049
0.0548281
0.0497105
0.0444485
0.0390386
0.0335162
0.0279392
0.0223681
0.0168602
0.0114687
0.00624124
0.00121928
-0.00356284
-0.00807775
-0.0123046
-0.0162288
-0.019842
-0.0231419
-0.0261245
-0.0287779
-0.0311275
-0.033182
-0.0349521
-0.0364637
-0.0377619
-0.0388361
-0.0393904
-0.0388706
0.0547833
0.0545752
0.052139
0.0484928
0.0445391
0.0404506
0.0361958
0.0317801
0.0272442
0.022639
0.0180177
0.013434
0.00894119
0.00458943
0.000423938
-0.00351664
-0.0072012
-0.0106066
-0.0137168
-0.0165227
-0.0190261
-0.0212459
-0.0231778
-0.0248364
-0.0262429
-0.0274354
-0.0284668
-0.029263
-0.0293316
-0.0281623
0.0485932
0.0491322
0.0474411
0.0444956
0.0412475
0.0378803
0.0343502
0.0306485
0.0268045
0.0228593
0.0188589
0.0148526
0.0108922
0.00702897
0.00331132
-0.000217889
-0.00352299
-0.00657665
-0.00936036
-0.0118643
-0.0140873
-0.016035
-0.0177181
-0.0191514
-0.0203552
-0.0213702
-0.0222535
-0.0229153
-0.0227873
-0.0212971
0.0444111
0.0453226
0.0440853
0.0416325
0.0388837
0.0360129
0.0329751
0.0297589
0.0263893
0.0229026
0.0193404
0.0157491
0.0121786
0.00867989
0.00530194
0.00208931
-0.000920224
-0.00369719
-0.00622129
-0.00848147
-0.0104754
-0.0122081
-0.0136907
-0.0149375
-0.0159684
-0.0168231
-0.0175593
-0.0180864
-0.0178248
-0.0161803
0.0413647
0.042437
0.041478
0.0393809
0.0370053
0.0345073
0.0318416
0.0289965
0.0259936
0.0228655
0.0196504
0.0163918
0.0131377
0.00993797
0.00684125
0.00389245
0.00113007
-0.00141553
-0.00372325
-0.00578136
-0.00758705
-0.00914521
-0.0104665
-0.011565
-0.0124596
-0.0131884
-0.0138079
-0.0142335
-0.0138968
-0.0121834
0.0390715
0.0401931
0.0394115
0.03758
0.0354909
0.0332801
0.0309031
0.0283486
0.0256361
0.0227951
0.0198607
0.0168743
0.0138816
0.0109309
0.00807014
0.00534372
0.00279009
0.000439781
-0.00168583
-0.00357475
-0.00522383
-0.00663768
-0.00782662
-0.00880431
-0.00958881
-0.0102158
-0.0107406
-0.0110881
-0.0107096
-0.00896807
0.0372757
0.0383969
0.0377297
0.0361026
0.0342413
0.0322598
0.0301146
0.0277955
0.0253202
0.0227156
0.0200145
0.0172558
0.0144835
0.0117444
0.00908505
0.00654919
0.00417483
0.00199223
2.27337e-05
-0.00172162
-0.00323756
-0.00452944
-0.00560734
-0.00648459
-0.0071784
-0.00772222
-0.00817063
-0.00845842
-0.0080595
-0.00631117
0.03585
0.0369248
0.0363328
0.0348652
0.0331898
0.0313971
0.0294435
0.0273202
0.0250437
0.0226385
0.0201355
0.0175714
0.0149885
0.0124321
0.00994739
0.00757723
0.00535892
0.00332227
0.00148833
-0.00013097
-0.00153234
-0.00272001
-0.00370387
-0.004497
-0.00511587
-0.00559189
-0.00597872
-0.00622146
-0.00581652
-0.00407219
0.0346817
0.0356829
0.035149
0.0338129
0.0322904
0.0306563
0.0288651
0.0269086
0.0248023
0.0225689
0.0202372
0.0178425
0.0154251
0.0130287
0.0106976
0.00847338
0.00639253
0.00448428
0.0027693
0.00125928
-4.25763e-05
-0.00114041
-0.00204399
-0.00276621
-0.00332288
-0.00374351
-0.00408083
-0.0042899
-0.00388866
-0.00215361
0.0337029
0.0346107
0.0341179
0.0329048
0.0315098
0.0300105
0.0283598
0.0265485
0.0245909
0.0225082
0.0203275
0.0180824
0.0158117
0.0135578
0.0113634
0.00926911
0.00731065
0.00551652
0.00390691
0.00249322
0.00127852
0.000258695
-0.000575915
-0.00123806
-0.00174298
-0.00211838
-0.00241603
-0.00260043
-0.00220977
-0.000486461
0.0328671
0.0336634
0.0331989
0.0321036
0.0308241
0.029439
0.0279118
0.0262294
0.0244041
0.0224559
0.0204104
0.0182996
0.0161609
0.0140352
0.011964
0.00998685
0.00813849
0.00644677
0.00493133
0.00360324
0.00246544
0.00151379
0.000738735
0.000127648
-0.000334191
-0.000672792
-0.000938874
-0.0011058
-0.00073081
0.000979574
0.0321333
0.0328192
0.0323717
0.0313742
0.0302116
0.0289258
0.0275082
0.0259423
0.0242368
0.0224106
0.020488
0.0184995
0.0164811
0.0144724
0.0125135
0.0106431
0.00889477
0.00729579
0.00586524
0.00461385
0.00354436
0.00265264
0.00192923
0.00136163
0.00093559
0.000626709
0.000385395
0.000230058
0.000585401
0.00228195
0.0314758
0.0320449
0.0316153
0.0307046
0.0296496
0.0284575
0.0271377
0.0256788
0.0240839
0.0223701
0.0205609
0.0186854
0.0167782
0.0148775
0.0130223
0.0112501
0.00959371
0.00807955
0.0067262
0.00554404
0.00453566
0.00369692
0.00301844
0.0024879
0.00209146
0.00180625
0.0015839
0.00143521
0.0017676
0.00344891
0.0308758
0.0313212
0.0309117
0.0300823
0.0291202
0.0280253
0.0267916
0.0254316
0.0239405
0.0223321
0.020629
0.0188593
0.0170562
0.0152566
0.0134983
0.0118175
0.0102464
0.00881061
0.00752812
0.00640899
0.00545565
0.00466396
0.0040247
0.00352567
0.00315345
0.00288662
0.00267814
0.00253183
0.00283833
0.0045019
0.0303096
0.0306379
0.0302505
0.0294927
0.0286137
0.0276177
0.026465
0.0251956
0.0238027
0.0222942
0.0206918
0.0190224
0.017318
0.0156141
0.0139474
0.0123529
0.0108619
0.00949915
0.00828232
0.00722105
0.00631763
0.00556795
0.00496293
0.00449056
0.00413781
0.0038846
0.00368539
0.00353763
0.00381541
0.00545707
0.0297604
0.0299816
0.0296176
0.0289282
0.028126
0.0272192
0.026153
0.0249655
0.023666
0.0222539
0.0207482
0.0191753
0.0175657
0.0159537
0.0143745
0.0128623
0.0114473
0.0101536
0.00899822
0.00799055
0.00713275
0.00642073
0.00584558
0.00539552
0.00505789
0.0048139
0.00461962
0.00446682
0.00471306
0.00632636
0.029218
0.0293399
0.0290021
0.0283806
0.0276478
0.0268195
0.0258492
0.0247376
0.0235271
0.0222088
0.0207972
0.0193181
0.0178007
0.0162779
0.0147837
0.0133509
0.0120089
0.0107811
0.0096839
0.00872636
0.00791052
0.00723237
0.00668318
0.00625141
0.00592479
0.00568577
0.00549218
0.0053308
0.00554248
0.00711818
0.0286752
0.0287015
0.0283913
0.0278371
0.0271733
0.0264184
0.0255422
0.0245088
0.0233825
0.0221562
0.0208375
0.0194506
0.018024
0.0165889
0.015178
0.0138231
0.0125522
0.011388
0.0103465
0.00943625
0.00865928
0.00801161
0.00748476
0.00706745
0.0067478
0.00650946
0.00631219
0.00613858
0.00631243
0.00783792
0.0281247
0.0280569
0.0277771
0.02729
0.0266948
0.0260115
0.0252227
0.0242765
0.0232286
0.0220933
0.0208673
0.0195724
0.0182362
0.0168885
0.0155605
0.0142825
0.0130818
0.0119799
0.0109923
0.0101272
0.00938647
0.00876621
0.0082582
0.00785151
0.00753467
0.00729248
0.00708686
0.00689709
0.00702943
0.00848826
0.0275566
0.0273996
0.0271528
0.0267332
0.0262078
0.025592
0.024883
0.0240362
0.0230634
0.0220176
0.0208851
0.0196828
0.0184376
0.017178
0.0159334
0.0147329
0.0136022
0.0125622
0.0116274
0.0108057
0.0100989
0.00950311
0.00901042
0.00861032
0.0082918
0.0080408
0.00782166
0.0076113
0.00769793
0.00906949
0.0269614
0.0267221
0.0265114
0.0261587
0.0257032
0.0251569
0.0245243
0.0237784
0.0228851
0.0219269
0.0208889
0.0197809
0.0186285
0.0174586
0.0162992
0.0151774
0.0141177
0.0131398
0.0122574
0.0114779
0.0108029
0.0102286
0.00974756
0.00934961
0.00902437
0.00875896
0.00852037
0.00828431
0.00832039
0.0095798
0.0263287
0.0260173
0.0258463
0.025561
0.0251757
0.0247008
0.0241444
0.0234954
0.0226919
0.0218181
0.0208766
0.0198655
0.0188085
0.0177313
0.0166597
0.0156192
0.0146325
0.0137178
0.012888
0.0121499
0.0115046
0.0109487
0.0104751
0.0100742
0.00973641
0.00945008
0.00918515
0.0089174
0.00889726
0.0100155
0.0256463
0.0252773
0.0251505
0.0249341
0.0246207
0.0242209
0.0237399
0.0231799
0.0224806
0.021688
0.0208455
0.0199352
0.0189774
0.0179968
0.0170172
0.0160616
0.0151508
0.0143015
0.0135251
0.0128276
0.01221
0.011669
0.0111979
0.0107881
0.0104308
0.0101159
0.00981647
0.00951
0.00942687
0.0103715
0.0248971
0.0244921
0.0244157
0.0242709
0.0240318
0.0237097
0.0233067
0.0228311
0.0222449
0.021536
0.0207936
0.0199883
0.0191346
0.0182559
0.0173734
0.0165078
0.0156771
0.014896
0.0141744
0.0135171
0.0129247
0.0123942
0.0119198
0.0114938
0.0111087
0.010756
0.0104127
0.0100593
0.00990511
0.0106418
0.0240593
0.0236481
0.0236299
0.0235617
0.0234015
0.0231602
0.022839
0.0224499
0.0219762
0.0213611
0.0207188
0.0200234
0.0192795
0.018509
0.0177304
0.0169608
0.0162155
0.0155062
0.0148408
0.0142229
0.0136525
0.0131271
0.0126421
0.0121912
0.0117684
0.0113673
0.0109691
0.0105595
0.0103253
0.0108202
0.0231122
0.0227401
0.0227867
0.0227987
0.0227244
0.0225696
0.0223347
0.0220352
0.0216689
0.021159
0.0206166
0.020037
0.01941
0.0187555
0.018089
0.0174236
0.0167705
0.0161379
0.015531
0.0149515
0.0143987
0.0138719
0.0133678
0.0128814
0.0124091
0.011947
0.0114815
0.0110059
0.0106812
0.0109034
0.0220217
0.0217975
0.0219264
0.0220092
0.0220182
0.0219508
0.021802
0.0215884
0.0213192
0.0209249
0.0204787
0.0200193
0.0195177
0.0189906
0.0184499
0.0179034
0.0173564
0.0168119
0.0162709
0.0157318
0.0151931
0.0146587
0.0141251
0.0135893
0.0130513
0.0125112
0.0119621
0.0114064
0.0109734
0.0108912
0.0205789
0.0207625
0.0210774
0.0212313
0.021307
0.0213151
0.0212438
0.0211035
0.0209158
0.0206449
0.0202953
0.0199601
0.0195968
0.0192166
0.0188254
0.018423
0.0180061
0.0175695
0.0171076
0.0166155
0.0160923
0.0155372
0.0149568
0.0143504
0.0137228
0.0130801
0.0124232
0.0117628
0.0111861
0.010769
0.0180983
0.018894
0.0196938
0.0200946
0.0203234
0.0204647
0.0205206
0.0205001
0.0204322
0.020314
0.0201042
0.0199171
0.0197117
0.0194908
0.0192531
0.0189894
0.0186874
0.0183359
0.0179243
0.0174497
0.01693
0.0162967
0.015632
0.0149271
0.0141901
0.0134324
0.0126621
0.0118935
0.011167
0.0104623
0.0141886
0.0147813
0.0162496
0.0173345
0.018121
0.0187459
0.0192356
0.0196016
0.0198715
0.020056
0.0201179
0.0201316
0.020069
0.0199262
0.0197018
0.0193922
0.0189945
0.0185117
0.0179468
0.0172999
0.0165657
0.0158485
0.0150933
0.0143154
0.0135348
0.0127643
0.0120134
0.0112969
0.0106246
0.00994173
-0.0405486
-0.0326055
-0.0266075
-0.021737
-0.0177167
-0.0143699
-0.0115465
-0.0091372
-0.00705888
-0.00524827
-0.00365671
-0.00224625
-0.000986873
0.000145475
0.00117029
0.00210352
0.00295831
0.00374546
0.00447374
0.00514997
0.00577914
0.00636421
0.00690609
0.00740349
0.00785251
0.00824483
0.00857053
0.0088273
0.00901676
0.0090628
-0.0406998
-0.0326294
-0.0263368
-0.0213364
-0.0172403
-0.0138382
-0.010969
-0.00851794
-0.00640026
-0.00455235
-0.00292581
-0.00148336
-0.00019601
0.000958939
0.00199925
0.00293879
0.00378821
0.00455556
0.00524667
0.00586552
0.00641456
0.00689494
0.00730687
0.00764987
0.00792274
0.00812333
0.00824988
0.00832376
0.00843881
0.00863702
-0.0415234
-0.0336024
-0.0272939
-0.0222884
-0.0181789
-0.0147587
-0.0118695
-0.00939825
-0.00726161
-0.00539694
-0.00375642
-0.0023031
-0.00100804
0.000151576
0.00119386
0.00213318
0.00298096
0.00374613
0.00443563
0.00505465
0.00560692
0.00609489
0.00651996
0.0068828
0.00718317
0.00741749
0.00757619
0.00767377
0.00784072
0.00823313
-0.0425245
-0.0349055
-0.0287119
-0.023749
-0.0196334
-0.0161824
-0.0132508
-0.0107321
-0.00854682
-0.00663453
-0.00494872
-0.00345312
-0.00211912
-0.000923973
0.0001505
0.0011189
0.00199296
0.00278205
0.00349361
0.00413344
0.00470599
0.00521451
0.00566131
0.0060482
0.0063764
0.00664337
0.00683765
0.00696991
0.00718983
0.00774672
-0.0434322
-0.0360667
-0.0299939
-0.0250811
-0.0209669
-0.0174904
-0.0145192
-0.0119542
-0.0097201
-0.00775914
-0.00602632
-0.00448627
-0.00311085
-0.00187755
-0.000768214
0.000231843
0.00113454
0.00194953
0.00268459
0.00334597
0.00393857
0.0044662
0.00493173
0.00533757
0.00568579
0.00597484
0.00619313
0.00634877
0.00659718
0.00724595
-0.0442114
-0.0370286
-0.031064
-0.0262037
-0.0221022
-0.0186142
-0.0156173
-0.0130188
-0.0107474
-0.00874795
-0.00697698
-0.00540011
-0.0039898
-0.00272386
-0.00158427
-0.000556359
0.000371894
0.00121032
0.00196695
0.00264834
0.00325977
0.00380546
0.00428873
0.00471246
0.00507926
0.00538841
0.00562891
0.00580625
0.00607019
0.00675385
-0.0448781
-0.0378343
-0.031971
-0.0271633
-0.0230821
-0.0195926
-0.0165805
-0.0139586
-0.0116591
-0.00962927
-0.00782718
-0.00621947
-0.00477928
-0.00348479
-0.00231824
-0.00126501
-0.000313089
0.000547433
0.00132474
0.0020256
0.00265553
0.00321908
0.00371989
0.00416117
0.00454589
0.00487417
0.00513625
0.00533537
0.00560726
0.00628185
-0.0454416
-0.0385085
-0.0327402
-0.0279823
-0.0239241
-0.0204385
-0.0174177
-0.014779
-0.0124579
-0.0104035
-0.00857567
-0.00694185
-0.00547588
-0.00415637
-0.00296581
-0.00188973
-0.000916178
-3.52059e-05
0.000761452
0.00148068
0.0021282
0.00270875
0.00322624
0.0036841
0.00408555
0.00443145
0.0047138
0.00493412
0.00520866
0.00584192
-0.0459077
-0.0390624
-0.0333809
-0.0286677
-0.0246322
-0.0211533
-0.0181281
-0.0154775
-0.0131399
-0.0110662
-0.00921738
-0.00756197
-0.00607434
-0.00473355
-0.00352233
-0.00242639
-0.00143382
-0.000534716
0.000279244
0.00101502
0.00167847
0.00227447
0.00280714
0.00328005
0.00369659
0.00405827
0.00435911
0.00459948
0.00487348
0.00544486
-0.046284
-0.0395057
-0.0339012
-0.0292261
-0.0252117
-0.0217405
-0.0187137
-0.0160551
-0.0137053
-0.0116167
-0.00975137
-0.00807865
-0.00657345
-0.00521517
-0.00398681
-0.00287422
-0.0018656
-0.000951054
-0.000122262
0.000627793
0.00130504
0.0019145
0.00246039
0.00294644
0.00337611
0.00375145
0.00406857
0.00432725
0.00459922
0.00509903
-0.0465792
-0.0398492
-0.0343107
-0.0296668
-0.0256706
-0.022207
-0.0191802
-0.0165164
-0.0141577
-0.012058
-0.0101801
-0.00849396
-0.00697497
-0.00560284
-0.00436078
-0.0032348
-0.00221317
-0.00128603
-0.000445074
0.00031675
0.00100543
0.00162605
0.00218296
0.00267996
0.00312056
0.00350723
0.00383803
0.00411269
0.00438237
0.0048102
-0.0468024
-0.0401041
-0.0346197
-0.0299997
-0.0260182
-0.0225613
-0.0195352
-0.0168682
-0.0145033
-0.0123956
-0.0105084
-0.00881229
-0.00728294
-0.00590033
-0.00464784
-0.00351159
-0.00247994
-0.00154306
-0.00069265
7.83557e-05
0.000775975
0.00140536
0.00197093
0.00247655
0.00292576
0.00332133
0.00366298
0.00395078
0.00421864
0.00458153
-0.0469625
-0.0402807
-0.0348385
-0.0302354
-0.0262648
-0.022813
-0.0197879
-0.0171188
-0.0147499
-0.0126366
-0.0107431
-0.00903998
-0.00750333
-0.00611329
-0.00485338
-0.0037098
-0.00267096
-0.00172707
-0.000869828
-9.21773e-05
0.000611929
0.00124768
0.00181956
0.00233146
0.00278695
0.003189
0.00353857
0.00383633
0.00410315
0.0044137
-0.0470672
-0.0403891
-0.034977
-0.0303846
-0.026421
-0.0229726
-0.0199482
-0.017278
-0.0149066
-0.0127899
-0.0108923
-0.0091848
-0.00764354
-0.00624881
-0.00498419
-0.00383594
-0.00279252
-0.00184416
-0.000982554
-0.000200649
0.000507616
0.00114745
0.00172337
0.00223933
0.00269885
0.00310505
0.00345974
0.0037641
0.00403061
0.00430516
-0.0471202
-0.0404387
-0.0350435
-0.0304561
-0.0264959
-0.0230491
-0.0200251
-0.0173542
-0.0149816
-0.0128633
-0.0109638
-0.00925417
-0.00771071
-0.00631372
-0.00504684
-0.00389636
-0.00285074
-0.00190023
-0.00103653
-0.000252586
0.000457676
0.00109948
0.00167734
0.00219523
0.0026567
0.00306489
0.00342203
0.00372965
0.00399621
0.00425298
-0.0471202
-0.0404387
-0.0350435
-0.0304561
-0.0264958
-0.0230491
-0.0200251
-0.0173542
-0.0149816
-0.0128633
-0.0109638
-0.00925415
-0.00771069
-0.0063137
-0.00504683
-0.00389635
-0.00285073
-0.00190021
-0.00103651
-0.000252566
0.000457696
0.0010995
0.00167736
0.00219525
0.00265672
0.00306491
0.00342205
0.00372967
0.00399623
0.004253
-0.0470671
-0.040389
-0.034977
-0.0303845
-0.026421
-0.0229726
-0.0199482
-0.0172779
-0.0149065
-0.0127898
-0.0108922
-0.00918475
-0.00764349
-0.00624876
-0.00498413
-0.00383589
-0.00279247
-0.0018441
-0.000982496
-0.00020059
0.000507676
0.00114751
0.00172344
0.00223939
0.00269891
0.00310511
0.0034598
0.00376416
0.00403067
0.00430521
-0.0469624
-0.0402806
-0.0348384
-0.0302353
-0.0262647
-0.022813
-0.0197879
-0.0171188
-0.0147499
-0.0126366
-0.010743
-0.0090399
-0.00750324
-0.00611321
-0.00485329
-0.00370971
-0.00267086
-0.00172697
-0.00086973
-9.20774e-05
0.000612031
0.00124778
0.00181966
0.00233157
0.00278705
0.0031891
0.00353868
0.00383643
0.00410325
0.00441379
-0.0468023
-0.040104
-0.0346196
-0.0299996
-0.0260181
-0.0225612
-0.0195351
-0.0168681
-0.0145032
-0.0123955
-0.0105083
-0.00881218
-0.00728282
-0.00590021
-0.00464772
-0.00351147
-0.00247981
-0.00154293
-0.000692511
7.84969e-05
0.000776118
0.0014055
0.00197108
0.0024767
0.00292591
0.00332148
0.00366312
0.00395092
0.00421878
0.00458166
-0.046579
-0.0398491
-0.0343106
-0.0296667
-0.0256705
-0.0222069
-0.0191801
-0.0165163
-0.0141576
-0.0120579
-0.01018
-0.00849382
-0.00697482
-0.00560268
-0.00436062
-0.00323463
-0.00221299
-0.00128586
-0.000444894
0.000316933
0.00100561
0.00162623
0.00218315
0.00268015
0.00312075
0.00350742
0.00383822
0.00411288
0.00438256
0.00481037
-0.0462838
-0.0395055
-0.0339011
-0.029226
-0.0252116
-0.0217404
-0.0187135
-0.016055
-0.0137051
-0.0116165
-0.0097512
-0.00807847
-0.00657326
-0.00521498
-0.00398661
-0.00287401
-0.00186539
-0.000950837
-0.000122041
0.000628018
0.00130527
0.00191473
0.00246063
0.00294668
0.00337635
0.00375169
0.0040688
0.00432748
0.00459945
0.00509925
-0.0459076
-0.0390622
-0.0333808
-0.0286675
-0.0246321
-0.0211531
-0.0181279
-0.0154774
-0.0131397
-0.011066
-0.00921717
-0.00756175
-0.00607412
-0.00473333
-0.0035221
-0.00242614
-0.00143357
-0.000534458
0.000279507
0.00101529
0.00167874
0.00227475
0.00280741
0.00328033
0.00369687
0.00405855
0.00435938
0.00459975
0.00487375
0.00544512
-0.0454415
-0.0385084
-0.0327401
-0.0279822
-0.0239239
-0.0204383
-0.0174175
-0.0147788
-0.0124577
-0.0104033
-0.00857543
-0.00694161
-0.00547562
-0.0041561
-0.00296553
-0.00188945
-0.000915885
-3.49061e-05
0.000761758
0.00148099
0.00212852
0.00270907
0.00322656
0.00368442
0.00408587
0.00443177
0.00471412
0.00493444
0.00520897
0.00584223
-0.044878
-0.0378341
-0.0319708
-0.0271631
-0.0230819
-0.0195924
-0.0165803
-0.0139584
-0.0116589
-0.00962902
-0.00782691
-0.00621919
-0.00477898
-0.00348449
-0.00231792
-0.00126468
-0.000312755
0.000547774
0.00132509
0.00202595
0.00265589
0.00321944
0.00372026
0.00416153
0.00454626
0.00487454
0.00513661
0.00533573
0.00560761
0.0062822
-0.0442112
-0.0370284
-0.0310639
-0.0262035
-0.022102
-0.0186139
-0.015617
-0.0130185
-0.0107471
-0.00874767
-0.00697668
-0.00539979
-0.00398947
-0.00272352
-0.00158392
-0.000555995
0.000372269
0.0012107
0.00196734
0.00264874
0.00326017
0.00380586
0.00428914
0.00471287
0.00507967
0.00538882
0.00562932
0.00580666
0.00607059
0.00675425
-0.043432
-0.0360665
-0.0299937
-0.0250809
-0.0209666
-0.0174901
-0.0145189
-0.0119539
-0.0097198
-0.00775882
-0.00602599
-0.00448592
-0.00311048
-0.00187717
-0.000767822
0.000232248
0.00113496
0.00194995
0.00268503
0.00334641
0.00393902
0.00446665
0.00493218
0.00533802
0.00568625
0.00597529
0.00619358
0.00634922
0.00659762
0.00724638
-0.0425242
-0.0349053
-0.0287116
-0.0237488
-0.0196332
-0.0161822
-0.0132505
-0.0107318
-0.00854649
-0.00663418
-0.00494836
-0.00345274
-0.00211872
-0.000923558
0.000150931
0.00111935
0.00199342
0.00278252
0.00349408
0.00413392
0.00470648
0.005215
0.00566181
0.0060487
0.0063769
0.00664387
0.00683815
0.0069704
0.00719031
0.00774719
-0.0415232
-0.0336022
-0.0272937
-0.0222881
-0.0181787
-0.0147584
-0.0118692
-0.00939792
-0.00726126
-0.00539656
-0.00375603
-0.00230268
-0.00100761
0.000152029
0.00119433
0.00213367
0.00298145
0.00374664
0.00443615
0.00505518
0.00560746
0.00609543
0.00652051
0.00688335
0.00718371
0.00741803
0.00757673
0.0076743
0.00784124
0.00823365
-0.0406996
-0.0326292
-0.0263365
-0.0213361
-0.01724
-0.0138379
-0.0109686
-0.00851757
-0.00639987
-0.00455193
-0.00292537
-0.0014829
-0.00019553
0.000959438
0.00199977
0.00293932
0.00378875
0.00455612
0.00524724
0.0058661
0.00641514
0.00689552
0.00730746
0.00765046
0.00792333
0.00812391
0.00825046
0.00832433
0.00843937
0.00863757
-0.0405484
-0.0326052
-0.0266072
-0.0217367
-0.0177164
-0.0143695
-0.0115461
-0.00913676
-0.00705841
-0.00524777
-0.0036562
-0.00224572
-0.000986322
0.00014604
0.00117086
0.00210411
0.00295891
0.00374607
0.00447435
0.00515059
0.00577976
0.00636483
0.00690672
0.00740411
0.00785313
0.00824545
0.00857114
0.00882791
0.00901737
0.00906339
0.00841065
0.00792242
0.00732164
0.00670338
0.00611734
0.00556791
0.00505116
0.00456578
0.00411166
0.00368842
0.00329527
0.00293118
0.00259498
0.00228542
0.0020012
0.00174095
0.00150332
0.00128697
0.00109057
0.000912801
0.000752419
0.000608201
0.000478979
0.000363638
0.000261113
0.000170396
9.05322e-05
2.06195e-05
-4.01898e-05
-9.26921e-05
-0.000137633
-0.000175711
-0.000207575
-0.000233831
-0.000255043
-0.00027173
-0.000284377
-0.000293429
-0.000299296
-0.000302356
-0.000302957
-0.000301416
-0.000298022
-0.000293042
-0.000286714
-0.000279259
-0.000270872
-0.000261733
-0.000252003
-0.000241825
-0.000231328
-0.000220628
-0.000209827
-0.000199019
-0.00018831
-0.00017781
-0.000167448
-0.00015673
-0.000146427
-0.000136567
-0.000127088
-0.000117983
-0.000109262
-0.000100936
-9.30099e-05
-8.54854e-05
-7.8362e-05
-7.16363e-05
-6.52995e-05
-5.93494e-05
-5.37965e-05
-4.85881e-05
-4.37347e-05
-3.9229e-05
-3.50562e-05
-3.12016e-05
-2.76508e-05
-2.43895e-05
-2.14034e-05
-1.86778e-05
-1.61985e-05
-1.39512e-05
-1.1922e-05
-1.00972e-05
-8.46383e-06
-7.0091e-06
-5.72093e-06
-4.58785e-06
-3.59911e-06
-2.74473e-06
-2.01565e-06
-1.40383e-06
-9.02491e-07
-5.06188e-07
-2.10194e-07
-1.0097e-08
9.00982e-08
5.15582e-08
-1.78668e-07
-3.47776e-07
0.00763291
0.00740821
0.00699841
0.00651094
0.00603633
0.00558671
0.00515705
0.00474612
0.00435481
0.00398381
0.00363334
0.00330335
0.0029936
0.00270371
0.00243321
0.00218149
0.00194789
0.0017317
0.00153215
0.00134845
0.0011798
0.00102538
0.000884396
0.000756042
0.000639537
0.000534116
0.000439038
0.000353586
0.000277072
0.000208837
0.000148251
9.4715e-05
4.76622e-05
6.55507e-06
-2.9113e-05
-5.98185e-05
-8.60088e-05
-0.000108102
-0.000126491
-0.000141539
-0.000153585
-0.000162944
-0.000169907
-0.000174744
-0.000177703
-0.00017901
-0.000178877
-0.000177494
-0.000175034
-0.000171658
-0.000167508
-0.000162712
-0.000157385
-0.000151626
-0.000145502
-0.000139032
-0.000132375
-0.000126171
-0.000119739
-0.000113204
-0.000106705
-0.000100301
-9.40287e-05
-8.79157e-05
-8.19864e-05
-7.62598e-05
-7.07497e-05
-6.54679e-05
-6.04313e-05
-5.56384e-05
-5.11015e-05
-4.67918e-05
-4.27283e-05
-3.89094e-05
-3.533e-05
-3.19843e-05
-2.88661e-05
-2.59684e-05
-2.32835e-05
-2.08032e-05
-1.85189e-05
-1.64219e-05
-1.45033e-05
-1.2754e-05
-1.11651e-05
-9.72771e-06
-8.43316e-06
-7.27303e-06
-6.23916e-06
-5.32378e-06
-4.51945e-06
-3.81921e-06
-3.21658e-06
-2.7055e-06
-2.27885e-06
-1.9264e-06
-1.64635e-06
-1.49429e-06
-1.55145e-06
-1.25142e-06
0.00697243
0.00696986
0.00669991
0.00630312
0.00590784
0.00553158
0.00516716
0.00481287
0.00447015
0.00414039
0.00382441
0.00352276
0.00323581
0.00296377
0.00270669
0.00246451
0.00223705
0.002024
0.00182503
0.00163971
0.00146756
0.00130808
0.00116071
0.00102491
0.000900092
0.000785682
0.000681102
0.000585779
0.000499147
0.000420655
0.000349767
0.000285964
0.000228744
0.000177627
0.000132156
9.18907e-05
5.64171e-05
2.53412e-05
-1.70871e-06
-2.50829e-05
-4.51103e-05
-6.20993e-05
-7.63383e-05
-8.8096e-05
-9.76228e-05
-0.000105151
-0.000110896
-0.000115057
-0.000117816
-0.000119343
-0.000119793
-0.000119307
-0.000118015
-0.000116034
-0.000113468
-0.000110404
-0.00010693
-0.000103154
-9.91083e-05
-9.4865e-05
-9.04959e-05
-8.60532e-05
-8.15788e-05
-7.71096e-05
-7.26779e-05
-6.83117e-05
-6.40342e-05
-5.98658e-05
-5.58251e-05
-5.19271e-05
-4.81792e-05
-4.45816e-05
-4.11472e-05
-3.78811e-05
-3.47852e-05
-3.186e-05
-2.91046e-05
-2.65174e-05
-2.40955e-05
-2.18354e-05
-1.97327e-05
-1.77825e-05
-1.59797e-05
-1.43184e-05
-1.27928e-05
-1.13969e-05
-1.01244e-05
-8.96909e-06
-7.92478e-06
-6.98526e-06
-6.14438e-06
-5.39605e-06
-4.73432e-06
-4.15321e-06
-3.64453e-06
-3.19439e-06
-2.79972e-06
-2.54599e-06
-2.57256e-06
-2.03044e-06
0.00641508
0.00656676
0.00640009
0.0060789
0.00575183
0.00543848
0.00513026
0.00482533
0.00452556
0.00423279
0.00394828
0.00367303
0.00340786
0.00315343
0.00291021
0.00267854
0.0024586
0.00225049
0.00205416
0.00186949
0.00169628
0.00153428
0.00138315
0.00124255
0.00111209
0.000991339
0.000879869
0.000777233
0.000682978
0.00059665
0.000517797
0.000445974
0.000380744
0.00032168
0.00026837
0.000220414
0.00017743
0.000139049
0.000104922
7.4714e-05
4.81092e-05
2.48083e-05
4.52888e-06
-1.29944e-05
-2.80109e-05
-4.07538e-05
-5.14409e-05
-6.0275e-05
-6.7445e-05
-7.31254e-05
-7.74782e-05
-8.06524e-05
-8.27855e-05
-8.40036e-05
-8.44226e-05
-8.41475e-05
-8.32718e-05
-8.188e-05
-8.00582e-05
-7.78808e-05
-7.5414e-05
-7.27166e-05
-6.98411e-05
-6.68338e-05
-6.37359e-05
-6.05837e-05
-5.74089e-05
-5.4239e-05
-5.10983e-05
-4.80073e-05
-4.49821e-05
-4.20356e-05
-3.91809e-05
-3.6428e-05
-3.37845e-05
-3.1256e-05
-2.88465e-05
-2.65589e-05
-2.43944e-05
-2.23534e-05
-2.04351e-05
-1.86382e-05
-1.69602e-05
-1.53986e-05
-1.39501e-05
-1.26108e-05
-1.13769e-05
-1.02441e-05
-9.20784e-06
-8.26339e-06
-7.40585e-06
-6.63013e-06
-5.93106e-06
-5.30331e-06
-4.73861e-06
-4.22076e-06
-3.74665e-06
-3.43401e-06
-3.49056e-06
-2.78948e-06
0.00593861
0.00619658
0.00610708
0.00585279
0.00558763
0.00533024
0.00507167
0.00481051
0.00454907
0.00428953
0.00403352
0.00378242
0.00353744
0.00329958
0.00306969
0.00284842
0.0026363
0.00243369
0.00224083
0.00205786
0.00188481
0.00172163
0.0015682
0.00142433
0.00128979
0.0011643
0.00104755
0.00093922
0.000838942
0.000746353
0.000661078
0.000582739
0.000510957
0.000445355
0.000385564
0.000331221
0.000281973
0.000237477
0.000197404
0.000161438
0.000129274
0.000100623
7.52112e-05
5.27764e-05
3.30725e-05
1.58668e-05
9.40871e-07
-1.19105e-05
-2.28793e-05
-3.21446e-05
-3.98732e-05
-4.62202e-05
-5.13293e-05
-5.53333e-05
-5.83548e-05
-6.0507e-05
-6.18939e-05
-6.26113e-05
-6.27467e-05
-6.238e-05
-6.15843e-05
-6.04259e-05
-5.89647e-05
-5.72545e-05
-5.53434e-05
-5.32744e-05
-5.10858e-05
-4.88114e-05
-4.64813e-05
-4.41215e-05
-4.17545e-05
-3.93996e-05
-3.70739e-05
-3.47919e-05
-3.25658e-05
-3.04056e-05
-2.83195e-05
-2.6314e-05
-2.43939e-05
-2.25631e-05
-2.08239e-05
-1.91777e-05
-1.76252e-05
-1.6166e-05
-1.47992e-05
-1.35233e-05
-1.23361e-05
-1.12352e-05
-1.02175e-05
-9.27991e-06
-8.41861e-06
-7.6296e-06
-6.90875e-06
-6.2517e-06
-5.65079e-06
-5.08831e-06
-4.56096e-06
-4.21743e-06
-4.33997e-06
-3.53847e-06
0.00554419
0.00586608
0.00583349
0.00563781
0.0054275
0.00521874
0.00500312
0.00477993
0.00455186
0.00432139
0.00409047
0.00386079
0.00363387
0.00341102
0.00319338
0.00298188
0.00277729
0.00258023
0.00239117
0.00221046
0.00203831
0.00187486
0.00172014
0.00157413
0.00143671
0.00130774
0.00118702
0.0010743
0.00096932
0.00087179
0.0007814
0.000697831
0.000620757
0.000549845
0.000484764
0.000425184
0.000370781
0.000321236
0.000276238
0.000235486
0.000198691
0.000165573
0.000135863
0.000109307
8.56613e-05
6.46952e-05
4.61905e-05
2.9941e-05
1.5753e-05
3.44423e-06
-7.15567e-06
-1.62061e-05
-2.38555e-05
-3.02422e-05
-3.54943e-05
-3.97308e-05
-4.30619e-05
-4.55894e-05
-4.74064e-05
-4.85988e-05
-4.92456e-05
-4.94189e-05
-4.91844e-05
-4.86015e-05
-4.77241e-05
-4.66007e-05
-4.5275e-05
-4.37861e-05
-4.2169e-05
-4.04545e-05
-3.867e-05
-3.68395e-05
-3.49843e-05
-3.31228e-05
-3.1271e-05
-2.94425e-05
-2.76489e-05
-2.59e-05
-2.42038e-05
-2.25668e-05
-2.09941e-05
-1.94897e-05
-1.80566e-05
-1.66964e-05
-1.54104e-05
-1.41988e-05
-1.30613e-05
-1.19969e-05
-1.1004e-05
-1.00807e-05
-9.22456e-06
-8.4326e-06
-7.70174e-06
-7.02881e-06
-6.40715e-06
-5.81812e-06
-5.25737e-06
-4.90098e-06
-5.10938e-06
-4.25836e-06
0.00522703
0.00557651
0.00558497
0.00544086
0.00527868
0.00511169
0.00493272
0.00474198
0.00454249
0.00433697
0.00412766
0.00391652
0.00370534
0.00349569
0.00328894
0.00308624
0.00288858
0.00269677
0.00251147
0.0023332
0.00216233
0.00199916
0.00184384
0.00169647
0.00155706
0.00142556
0.00130184
0.00118577
0.00107715
0.000975738
0.000881301
0.000793565
0.000712247
0.000637056
0.000567693
0.000503859
0.000445252
0.000391575
0.000342537
0.00029785
0.000257236
0.000220425
0.000187157
0.000157182
0.000130259
0.000106162
8.46719e-05
6.55833e-05
4.87013e-05
3.3842e-05
2.08321e-05
9.50939e-06
-2.7841e-07
-8.6735e-06
-1.58085e-05
-2.18068e-05
-2.67832e-05
-3.08439e-05
-3.40873e-05
-3.66042e-05
-3.84782e-05
-3.97861e-05
-4.05983e-05
-4.09791e-05
-4.09868e-05
-4.06745e-05
-4.00904e-05
-3.92778e-05
-3.82757e-05
-3.71193e-05
-3.58397e-05
-3.44647e-05
-3.30192e-05
-3.15247e-05
-3.00007e-05
-2.84636e-05
-2.69281e-05
-2.54065e-05
-2.39094e-05
-2.24458e-05
-2.10231e-05
-1.96473e-05
-1.83233e-05
-1.70548e-05
-1.58447e-05
-1.46947e-05
-1.3606e-05
-1.2579e-05
-1.16135e-05
-1.07086e-05
-9.86303e-06
-9.07488e-06
-8.34212e-06
-7.66276e-06
-7.03137e-06
-6.42877e-06
-5.84859e-06
-5.48907e-06
-5.79009e-06
-4.93324e-06
0.00497912
0.00532757
0.00536509
0.00526616
0.00514568
0.00501406
0.00486594
0.0047025
0.00452707
0.00434259
0.00415153
0.00395611
0.00375834
0.00355999
0.00336263
0.0031676
0.00297605
0.00278897
0.00260716
0.00243127
0.00226182
0.00209921
0.00194371
0.00179551
0.00165473
0.00152138
0.00139543
0.0012768
0.00116536
0.00106092
0.000963301
0.000872264
0.000787568
0.000708954
0.000636152
0.000568889
0.000506884
0.00044986
0.000397539
0.000349647
0.000305917
0.000266088
0.000229906
0.000197125
0.000167511
0.000140836
0.000116887
9.54557e-05
7.6348e-05
5.93786e-05
4.43728e-05
3.11657e-05
1.96027e-05
9.53836e-06
8.36795e-07
-6.62895e-06
-1.29772e-05
-1.8318e-05
-2.27533e-05
-2.63781e-05
-2.92798e-05
-3.1539e-05
-3.323e-05
-3.44207e-05
-3.51734e-05
-3.55448e-05
-3.55866e-05
-3.53457e-05
-3.48645e-05
-3.41814e-05
-3.33308e-05
-3.23435e-05
-3.12473e-05
-3.00666e-05
-2.88233e-05
-2.75365e-05
-2.62232e-05
-2.48979e-05
-2.35735e-05
-2.22608e-05
-2.09692e-05
-1.97065e-05
-1.84791e-05
-1.72924e-05
-1.61506e-05
-1.50569e-05
-1.40136e-05
-1.30224e-05
-1.20841e-05
-1.1199e-05
-1.03666e-05
-9.58617e-06
-8.85649e-06
-8.17675e-06
-7.54278e-06
-6.93535e-06
-6.34498e-06
-5.98598e-06
-6.37657e-06
-5.55161e-06
0.00479139
0.00511804
0.00517589
0.00511605
0.00503096
0.00492872
0.00480612
0.00466524
0.00450968
0.00434257
0.00416659
0.00398419
0.00379756
0.00360864
0.00341916
0.00323062
0.0030443
0.0028613
0.00268256
0.00250884
0.00234077
0.00217882
0.00202337
0.00187469
0.00173297
0.00159829
0.00147068
0.00135011
0.0012365
0.00112972
0.00102961
0.000935985
0.000848626
0.000767303
0.000691772
0.000621778
0.000557061
0.000497358
0.000442405
0.000391939
0.000345702
0.00030344
0.000264905
0.000229857
0.000198064
0.000169302
0.000143357
0.000120023
9.91061e-05
8.04195e-05
6.37877e-05
4.90441e-05
3.60321e-05
2.46041e-05
1.46215e-05
5.95481e-06
-1.51725e-06
-7.90739e-06
-1.33207e-05
-1.78551e-05
-2.16014e-05
-2.46432e-05
-2.70578e-05
-2.89163e-05
-3.02837e-05
-3.12198e-05
-3.17793e-05
-3.20117e-05
-3.19624e-05
-3.16722e-05
-3.11782e-05
-3.05136e-05
-2.97086e-05
-2.87899e-05
-2.77814e-05
-2.67044e-05
-2.55777e-05
-2.44177e-05
-2.32391e-05
-2.20542e-05
-2.08739e-05
-1.97076e-05
-1.85631e-05
-1.74468e-05
-1.63644e-05
-1.532e-05
-1.4317e-05
-1.33582e-05
-1.24452e-05
-1.15792e-05
-1.07606e-05
-9.98951e-06
-9.26553e-06
-8.58878e-06
-7.95647e-06
-7.3496e-06
-6.75485e-06
-6.39587e-06
-6.86609e-06
-6.10563e-06
0.00465421
0.00494599
0.00501809
0.00499135
0.0049355
0.00485709
0.0047551
0.00463244
0.00449289
0.00433977
0.00417595
0.00400406
0.00382643
0.00364517
0.00346211
0.00327887
0.00309685
0.00291726
0.00274111
0.00256926
0.00240241
0.00224112
0.00208584
0.0019369
0.00179454
0.0016589
0.00153006
0.00140803
0.00129278
0.00118421
0.00108219
0.000986556
0.000897129
0.000813697
0.000736033
0.000663902
0.000597057
0.000535249
0.000478223
0.000425727
0.00037751
0.000333325
0.000292928
0.000256083
0.000222561
0.000192142
0.00016461
0.000139763
0.000117405
9.73503e-05
7.94216e-05
6.34517e-05
4.92824e-05
3.67643e-05
2.57571e-05
1.61289e-05
7.75639e-06
5.25088e-07
-5.67215e-06
-1.09364e-05
-1.5361e-05
-1.90318e-05
-2.20284e-05
-2.44243e-05
-2.6287e-05
-2.76785e-05
-2.86557e-05
-2.92705e-05
-2.95702e-05
-2.9598e-05
-2.93929e-05
-2.89901e-05
-2.84215e-05
-2.77157e-05
-2.68983e-05
-2.59923e-05
-2.5018e-05
-2.39932e-05
-2.29339e-05
-2.1854e-05
-2.07655e-05
-1.96788e-05
-1.86029e-05
-1.75453e-05
-1.65125e-05
-1.55096e-05
-1.4541e-05
-1.361e-05
-1.27191e-05
-1.18703e-05
-1.10648e-05
-1.03031e-05
-9.58567e-06
-8.91341e-06
-8.28475e-06
-7.68144e-06
-7.08566e-06
-6.72366e-06
-7.25892e-06
-6.59089e-06
0.00455809
0.00480908
0.00489137
0.00489178
0.00485924
0.00479953
0.00471369
0.00460528
0.00447825
0.00433604
0.00418172
0.00401803
0.00384745
0.00367218
0.00349417
0.00331512
0.00313651
0.00295963
0.00278557
0.00261524
0.00244942
0.00228872
0.00213364
0.00198457
0.00184177
0.00170545
0.00157571
0.00145261
0.00133613
0.00122621
0.00112275
0.00102561
0.00093461
0.000849572
0.000770283
0.000696519
0.000628045
0.000564623
0.000506007
0.000451951
0.000402211
0.000356545
0.000314713
0.000276482
0.000241626
0.000209925
0.000181168
0.00015515
0.000131677
0.000110562
9.16278e-05
7.47069e-05
5.96395e-05
4.62751e-05
3.44718e-05
2.40961e-05
1.50227e-05
7.13669e-06
3.30002e-07
-5.50234e-06
-1.04553e-05
-1.46165e-05
-1.80672e-05
-2.08826e-05
-2.31321e-05
-2.48795e-05
-2.61834e-05
-2.70974e-05
-2.76705e-05
-2.79474e-05
-2.79688e-05
-2.77714e-05
-2.73885e-05
-2.68501e-05
-2.61832e-05
-2.54119e-05
-2.45577e-05
-2.36397e-05
-2.26749e-05
-2.16781e-05
-2.06623e-05
-1.96389e-05
-1.86177e-05
-1.76071e-05
-1.66141e-05
-1.56448e-05
-1.4704e-05
-1.37958e-05
-1.29233e-05
-1.2089e-05
-1.12946e-05
-1.05414e-05
-9.8303e-06
-9.16268e-06
-8.53823e-06
-7.93974e-06
-7.34469e-06
-6.97528e-06
-7.55798e-06
-7.00573e-06
0.00449422
0.00470481
0.00479457
0.00481625
0.00480138
0.00475571
0.00468198
0.00458425
0.00446657
0.00433252
0.00418528
0.00402772
0.00386241
0.00369163
0.0035174
0.0033415
0.00316547
0.00299064
0.00281817
0.00264902
0.002484
0.00232377
0.00216888
0.00201973
0.00187665
0.00173985
0.00160948
0.00148561
0.00136824
0.00125735
0.00115283
0.00105458
0.000962435
0.000876219
0.000795734
0.000720767
0.000651093
0.00058648
0.000526689
0.00047148
0.000420614
0.00037385
0.000330955
0.000291697
0.000255851
0.000223199
0.000193531
0.000166643
0.000142341
0.000120438
0.000100756
8.31272e-05
6.73912e-05
5.33964e-05
4.1e-05
3.0067e-05
2.04692e-05
1.20936e-05
4.83425e-06
-1.42149e-06
-6.7691e-06
-1.12967e-05
-1.50868e-05
-1.8216e-05
-2.07549e-05
-2.27687e-05
-2.43171e-05
-2.54552e-05
-2.62332e-05
-2.66969e-05
-2.68882e-05
-2.68449e-05
-2.66015e-05
-2.61889e-05
-2.56351e-05
-2.49651e-05
-2.42014e-05
-2.33639e-05
-2.24703e-05
-2.15363e-05
-2.05755e-05
-1.96001e-05
-1.86204e-05
-1.76454e-05
-1.66828e-05
-1.57391e-05
-1.48197e-05
-1.39291e-05
-1.30709e-05
-1.2248e-05
-1.14626e-05
-1.07164e-05
-1.00105e-05
-9.34688e-06
-8.72621e-06
-8.13266e-06
-7.53909e-06
-7.15749e-06
-7.7684e-06
-7.3505e-06
0.0044549
0.00463063
0.00472592
0.00476309
0.00476069
0.00472483
0.00465959
0.00456934
0.00445819
0.00432982
0.00418752
0.00403424
0.00387261
0.00370496
0.00353338
0.00335968
0.00318545
0.00301207
0.00284072
0.0026724
0.00250796
0.00234808
0.00219333
0.00204415
0.00190088
0.00176376
0.00163296
0.00150856
0.00139059
0.00127902
0.00117378
0.00107476
0.000981822
0.000894791
0.000813478
0.000737677
0.000667171
0.00060173
0.000541123
0.000485113
0.000433463
0.000385937
0.000342301
0.000302328
0.000265792
0.000232478
0.000202176
0.000174681
0.0001498
0.000127347
0.000107144
8.90214e-05
7.28187e-05
5.83841e-05
4.55742e-05
3.42527e-05
2.42838e-05
1.55615e-05
7.99297e-06
1.4422e-06
-4.18192e-06
-8.9661e-06
-1.29938e-05
-1.63427e-05
-1.90842e-05
-2.12845e-05
-2.30042e-05
-2.42993e-05
-2.52208e-05
-2.58154e-05
-2.61258e-05
-2.61907e-05
-2.60451e-05
-2.57207e-05
-2.52463e-05
-2.46475e-05
-2.39473e-05
-2.31664e-05
-2.23229e-05
-2.1433e-05
-2.0511e-05
-1.95694e-05
-1.8619e-05
-1.76692e-05
-1.67281e-05
-1.58025e-05
-1.48983e-05
-1.40202e-05
-1.31723e-05
-1.23576e-05
-1.15787e-05
-1.08375e-05
-1.01355e-05
-9.47488e-06
-8.85704e-06
-8.26787e-06
-7.6759e-06
-7.27753e-06
-7.89697e-06
-7.62689e-06
0.0044337
0.00458408
0.00468326
0.00473035
0.00473567
0.00470589
0.0046459
0.00456026
0.00445314
0.00432828
0.00418903
0.00403838
0.00387901
0.0037133
0.00354335
0.003371
0.00319789
0.0030254
0.00285474
0.00268693
0.00252284
0.00236318
0.00220851
0.00205932
0.00191593
0.00177861
0.00164754
0.00152281
0.00140446
0.00129248
0.00118679
0.0010873
0.000993865
0.000906328
0.000824501
0.000748183
0.000677159
0.000611206
0.000550092
0.000493584
0.000441447
0.000393447
0.000349352
0.000308934
0.00027197
0.000238245
0.000207548
0.000179676
0.000154436
0.000131642
0.000111114
9.26846e-05
7.61922e-05
6.14849e-05
4.84206e-05
3.68606e-05
2.66428e-05
1.76999e-05
9.96277e-06
3.22649e-06
-2.57259e-06
-7.51716e-06
-1.16929e-05
-1.51785e-05
-1.80461e-05
-2.03623e-05
-2.21885e-05
-2.35811e-05
-2.45918e-05
-2.52679e-05
-2.56523e-05
-2.57843e-05
-2.56995e-05
-2.543e-05
-2.50049e-05
-2.44503e-05
-2.37896e-05
-2.30438e-05
-2.22314e-05
-2.1369e-05
-2.04711e-05
-1.95505e-05
-1.86183e-05
-1.76841e-05
-1.67564e-05
-1.58421e-05
-1.49473e-05
-1.4077e-05
-1.32354e-05
-1.24258e-05
-1.1651e-05
-1.0913e-05
-1.02134e-05
-9.55452e-06
-8.9384e-06
-8.35262e-06
-7.76189e-06
-7.34326e-06
-7.95301e-06
-7.83544e-06
0.00442551
0.00456271
0.00466397
0.00471573
0.00472459
0.00469758
0.00464
0.00455647
0.00445118
0.00432792
0.00419006
0.00404061
0.00388227
0.00371743
0.00354822
0.00337649
0.00320387
0.00303178
0.00286143
0.00269385
0.00252991
0.00237034
0.00221571
0.00206649
0.00192304
0.00178562
0.00165442
0.00152953
0.001411
0.00129881
0.00119291
0.00109319
0.000999525
0.000911747
0.000829676
0.000753113
0.000681845
0.000615649
0.000554296
0.000497553
0.000445187
0.000396964
0.000352652
0.000312025
0.00027486
0.000240941
0.000210058
0.00018201
0.000156601
0.000133646
0.000112967
9.43932e-05
7.7765e-05
6.29308e-05
4.97512e-05
3.80837e-05
2.76878e-05
1.86887e-05
1.09058e-05
4.06539e-06
-1.82331e-06
-6.84467e-06
-1.10901e-05
-1.46397e-05
-1.75662e-05
-1.99365e-05
-2.18124e-05
-2.32505e-05
-2.43027e-05
-2.50166e-05
-2.54355e-05
-2.55987e-05
-2.55421e-05
-2.52981e-05
-2.48958e-05
-2.43617e-05
-2.37193e-05
-2.29898e-05
-2.21918e-05
-2.1342e-05
-2.04552e-05
-1.95442e-05
-1.86203e-05
-1.76933e-05
-1.67716e-05
-1.58625e-05
-1.4972e-05
-1.41052e-05
-1.32664e-05
-1.24591e-05
-1.1686e-05
-1.09494e-05
-1.02508e-05
-9.59258e-06
-8.97712e-06
-8.39327e-06
-7.80313e-06
-7.36694e-06
-7.95826e-06
-7.96127e-06
0.00442553
0.00456273
0.00466399
0.00471575
0.0047246
0.00469759
0.00464001
0.00455648
0.00445119
0.00432793
0.00419006
0.00404061
0.00388227
0.00371744
0.00354822
0.00337649
0.00320388
0.00303179
0.00286144
0.00269386
0.00252992
0.00237034
0.00221571
0.00206649
0.00192304
0.00178563
0.00165442
0.00152953
0.001411
0.00129881
0.00119291
0.00109319
0.000999525
0.000911746
0.000829676
0.000753112
0.000681844
0.000615648
0.000554294
0.000497552
0.000445185
0.000396961
0.00035265
0.000312022
0.000274857
0.000240938
0.000210055
0.000182007
0.000156598
0.000133643
0.000112963
9.43895e-05
7.77613e-05
6.29269e-05
4.9747e-05
3.80788e-05
2.76844e-05
1.8686e-05
1.09012e-05
4.0609e-06
-1.82745e-06
-6.84869e-06
-1.1094e-05
-1.46436e-05
-1.757e-05
-1.99403e-05
-2.18161e-05
-2.32541e-05
-2.43063e-05
-2.50201e-05
-2.54388e-05
-2.56019e-05
-2.55452e-05
-2.53011e-05
-2.48988e-05
-2.43645e-05
-2.3722e-05
-2.29923e-05
-2.21942e-05
-2.13444e-05
-2.04574e-05
-1.95463e-05
-1.86223e-05
-1.76952e-05
-1.67735e-05
-1.58642e-05
-1.49736e-05
-1.41067e-05
-1.32678e-05
-1.24604e-05
-1.16872e-05
-1.09504e-05
-1.02517e-05
-9.59336e-06
-8.97775e-06
-8.39377e-06
-7.8035e-06
-7.36719e-06
-7.95838e-06
-7.96127e-06
0.00443375
0.00458413
0.00468331
0.00473039
0.00473571
0.00470592
0.00464594
0.00456029
0.00445317
0.00432831
0.00418905
0.0040384
0.00387903
0.00371332
0.00354336
0.00337102
0.0031979
0.00302541
0.00285475
0.00268694
0.00252285
0.00236318
0.00220852
0.00205932
0.00191593
0.00177862
0.00164754
0.00152281
0.00140447
0.00129248
0.00118679
0.0010873
0.000993864
0.000906326
0.000824498
0.000748179
0.000677155
0.000611201
0.000550087
0.000493579
0.000441441
0.00039344
0.000349345
0.000308926
0.000271962
0.000238236
0.000207538
0.000179667
0.000154426
0.000131631
0.000111103
9.26735e-05
7.61808e-05
6.14732e-05
4.84085e-05
3.68483e-05
2.66319e-05
1.76885e-05
9.95036e-06
3.21401e-06
-2.5849e-06
-7.52934e-06
-1.1705e-05
-1.51904e-05
-1.80578e-05
-2.03738e-05
-2.21998e-05
-2.35922e-05
-2.46026e-05
-2.52783e-05
-2.56625e-05
-2.57942e-05
-2.5709e-05
-2.54392e-05
-2.50138e-05
-2.44589e-05
-2.37979e-05
-2.30517e-05
-2.2239e-05
-2.13763e-05
-2.0478e-05
-1.95571e-05
-1.86245e-05
-1.769e-05
-1.67619e-05
-1.58473e-05
-1.49522e-05
-1.40816e-05
-1.32397e-05
-1.24298e-05
-1.16546e-05
-1.09162e-05
-1.02162e-05
-9.5569e-06
-8.94036e-06
-8.35416e-06
-7.76303e-06
-7.34401e-06
-7.95337e-06
-7.83546e-06
0.004455
0.00463072
0.004726
0.00476316
0.00476075
0.0047249
0.00465965
0.00456939
0.00445823
0.00432986
0.00418756
0.00403427
0.00387264
0.00370499
0.00353341
0.0033597
0.00318547
0.00301209
0.00284073
0.00267241
0.00250797
0.00234809
0.00219334
0.00204416
0.00190089
0.00176377
0.00163296
0.00150856
0.00139059
0.00127902
0.00117378
0.00107476
0.00098182
0.000894787
0.000813473
0.000737672
0.000667164
0.000601723
0.000541115
0.000485104
0.000433453
0.000385926
0.000342289
0.000302315
0.000265779
0.000232464
0.00020216
0.000174665
0.000149784
0.00012733
0.000107126
8.90026e-05
7.27994e-05
5.83643e-05
4.5554e-05
3.42322e-05
2.42635e-05
1.5541e-05
7.9721e-06
1.42127e-06
-4.20276e-06
-8.9868e-06
-1.30143e-05
-1.63629e-05
-1.91042e-05
-2.13041e-05
-2.30234e-05
-2.43181e-05
-2.52391e-05
-2.58333e-05
-2.61432e-05
-2.62075e-05
-2.60614e-05
-2.57365e-05
-2.52615e-05
-2.46621e-05
-2.39614e-05
-2.31799e-05
-2.23358e-05
-2.14454e-05
-2.05228e-05
-1.95806e-05
-1.86296e-05
-1.76793e-05
-1.67376e-05
-1.58115e-05
-1.49067e-05
-1.40281e-05
-1.31796e-05
-1.23643e-05
-1.15848e-05
-1.0843e-05
-1.01403e-05
-9.47896e-06
-8.86041e-06
-8.27053e-06
-7.67788e-06
-7.27884e-06
-7.89761e-06
-7.62694e-06
0.00449436
0.00470494
0.00479468
0.00481635
0.00480148
0.0047558
0.00468206
0.00458433
0.00446664
0.00433258
0.00418533
0.00402777
0.00386245
0.00369167
0.00351744
0.00334153
0.00316549
0.00299066
0.00281819
0.00264904
0.00248401
0.00232379
0.00216889
0.00201975
0.00187666
0.00173986
0.00160949
0.00148561
0.00136825
0.00125735
0.00115283
0.00105458
0.000962432
0.000876214
0.000795728
0.00072076
0.000651085
0.00058647
0.000526677
0.000471467
0.000420599
0.000373835
0.000330938
0.000291678
0.000255831
0.000223179
0.000193509
0.00016662
0.000142317
0.000120413
0.00010073
8.31004e-05
6.73637e-05
5.33682e-05
4.09713e-05
3.00378e-05
2.04398e-05
1.2064e-05
4.80443e-06
-1.45135e-06
-6.79888e-06
-1.13263e-05
-1.51162e-05
-1.8245e-05
-2.07835e-05
-2.27967e-05
-2.43446e-05
-2.54821e-05
-2.62594e-05
-2.67225e-05
-2.6913e-05
-2.6869e-05
-2.66249e-05
-2.62115e-05
-2.56569e-05
-2.49861e-05
-2.42216e-05
-2.33832e-05
-2.24888e-05
-2.1554e-05
-2.05924e-05
-1.96162e-05
-1.86357e-05
-1.76599e-05
-1.66965e-05
-1.5752e-05
-1.48318e-05
-1.39404e-05
-1.30814e-05
-1.22577e-05
-1.14715e-05
-1.07243e-05
-1.00174e-05
-9.3528e-06
-8.73108e-06
-8.13652e-06
-7.54198e-06
-7.15942e-06
-7.76936e-06
-7.35059e-06
0.00455827
0.00480924
0.00489152
0.00489192
0.00485936
0.00479965
0.00471379
0.00460538
0.00447834
0.00433612
0.00418179
0.00401809
0.00384751
0.00367224
0.00349422
0.00331516
0.00313655
0.00295966
0.0027856
0.00261527
0.00244944
0.00228874
0.00213366
0.00198458
0.00184178
0.00170546
0.00157572
0.00145262
0.00133614
0.00122622
0.00112275
0.0010256
0.000934606
0.000849567
0.000770275
0.000696509
0.000628034
0.00056461
0.000505992
0.000451935
0.000402193
0.000356524
0.000314691
0.000276458
0.000241601
0.000209898
0.000181139
0.00015512
0.000131645
0.000110529
9.15939e-05
7.46718e-05
5.96034e-05
4.62382e-05
3.44342e-05
2.40579e-05
1.4984e-05
7.09771e-06
2.9083e-07
-5.54156e-06
-1.04944e-05
-1.46554e-05
-1.81057e-05
-2.09207e-05
-2.31696e-05
-2.49164e-05
-2.62195e-05
-2.71327e-05
-2.7705e-05
-2.7981e-05
-2.80014e-05
-2.78031e-05
-2.74192e-05
-2.68798e-05
-2.62118e-05
-2.54395e-05
-2.45842e-05
-2.36651e-05
-2.26992e-05
-2.17013e-05
-2.06845e-05
-1.96601e-05
-1.86378e-05
-1.76261e-05
-1.66321e-05
-1.56617e-05
-1.47199e-05
-1.38107e-05
-1.29372e-05
-1.21018e-05
-1.13063e-05
-1.05519e-05
-9.83952e-06
-9.17055e-06
-8.54473e-06
-7.94489e-06
-7.34856e-06
-6.97789e-06
-7.5593e-06
-7.00589e-06
0.00465443
0.00494618
0.00501828
0.00499152
0.00493566
0.00485723
0.00475523
0.00463256
0.004493
0.00433986
0.00417604
0.00400414
0.00382651
0.00364523
0.00346217
0.00327892
0.0030969
0.0029173
0.00274115
0.00256929
0.00240244
0.00224115
0.00208587
0.00193692
0.00179455
0.00165891
0.00153007
0.00140804
0.00129278
0.00118421
0.00108219
0.000986554
0.000897125
0.00081369
0.000736024
0.000663891
0.000597044
0.000535233
0.000478205
0.000425707
0.000377488
0.0003333
0.0002929
0.000256054
0.00022253
0.000192108
0.000164575
0.000139726
0.000117366
9.73096e-05
7.93794e-05
6.34081e-05
4.92374e-05
3.67182e-05
2.57101e-05
1.60811e-05
7.70807e-06
4.76377e-07
-5.72108e-06
-1.09854e-05
-1.54098e-05
-1.90803e-05
-2.20765e-05
-2.44718e-05
-2.63338e-05
-2.77245e-05
-2.87007e-05
-2.93146e-05
-2.96132e-05
-2.96399e-05
-2.94336e-05
-2.90296e-05
-2.84597e-05
-2.77527e-05
-2.6934e-05
-2.60267e-05
-2.5051e-05
-2.4025e-05
-2.29643e-05
-2.18831e-05
-2.07932e-05
-1.97052e-05
-1.86279e-05
-1.75691e-05
-1.65349e-05
-1.55308e-05
-1.45609e-05
-1.36286e-05
-1.27364e-05
-1.18863e-05
-1.10794e-05
-1.03162e-05
-9.59724e-06
-8.92333e-06
-8.29299e-06
-7.688e-06
-7.09059e-06
-6.727e-06
-7.26063e-06
-6.59112e-06
0.00479165
0.00511827
0.00517611
0.00511625
0.00503115
0.00492889
0.00480627
0.00466538
0.00450981
0.00434268
0.0041667
0.00398429
0.00379764
0.00360872
0.00341923
0.00323068
0.00304435
0.00286135
0.00268261
0.00250888
0.0023408
0.00217885
0.0020234
0.00187472
0.00173299
0.0015983
0.00147069
0.00135012
0.0012365
0.00112972
0.00102961
0.000935983
0.000848621
0.000767295
0.000691761
0.000621764
0.000557045
0.000497339
0.000442383
0.000391914
0.000345675
0.00030341
0.000264872
0.000229822
0.000198026
0.000169262
0.000143314
0.000119979
9.90592e-05
8.03706e-05
6.37368e-05
4.89915e-05
3.59779e-05
2.45485e-05
1.45648e-05
5.89708e-06
-1.57569e-06
-7.9663e-06
-1.33798e-05
-1.79143e-05
-2.16604e-05
-2.47018e-05
-2.71159e-05
-2.89736e-05
-3.03401e-05
-3.12753e-05
-3.18336e-05
-3.20648e-05
-3.20142e-05
-3.17226e-05
-3.12272e-05
-3.05612e-05
-2.97547e-05
-2.88345e-05
-2.78244e-05
-2.67459e-05
-2.56175e-05
-2.4456e-05
-2.32757e-05
-2.20892e-05
-2.09074e-05
-1.97394e-05
-1.85933e-05
-1.74755e-05
-1.63914e-05
-1.53454e-05
-1.4341e-05
-1.33805e-05
-1.2466e-05
-1.15984e-05
-1.07782e-05
-1.00053e-05
-9.27951e-06
-8.60083e-06
-7.96652e-06
-7.35764e-06
-6.76091e-06
-6.39998e-06
-6.86822e-06
-6.10596e-06
0.00497942
0.00532784
0.00536534
0.00526639
0.00514589
0.00501425
0.00486612
0.00470267
0.00452722
0.00434273
0.00415165
0.00395622
0.00375844
0.00356008
0.00336271
0.00316767
0.00297612
0.00278903
0.00260722
0.00243132
0.00226186
0.00209924
0.00194374
0.00179554
0.00165475
0.0015214
0.00139545
0.00127682
0.00116537
0.00106093
0.000963303
0.000872262
0.000787563
0.000708945
0.00063614
0.000568873
0.000506866
0.000449838
0.000397514
0.000349619
0.000305886
0.000266053
0.000229868
0.000197084
0.000167467
0.00014079
0.000116837
9.54031e-05
7.62928e-05
5.93209e-05
4.43127e-05
3.11036e-05
1.95386e-05
9.4726e-06
7.6962e-07
-6.69727e-06
-1.30464e-05
-1.83877e-05
-2.28234e-05
-2.64481e-05
-2.93495e-05
-3.16083e-05
-3.32985e-05
-3.44884e-05
-3.524e-05
-3.56101e-05
-3.56506e-05
-3.54082e-05
-3.49255e-05
-3.42407e-05
-3.33884e-05
-3.23995e-05
-3.13015e-05
-3.0119e-05
-2.88738e-05
-2.75852e-05
-2.627e-05
-2.49429e-05
-2.36166e-05
-2.2302e-05
-2.10085e-05
-1.97439e-05
-1.85146e-05
-1.73261e-05
-1.61823e-05
-1.50868e-05
-1.40417e-05
-1.30486e-05
-1.21085e-05
-1.12215e-05
-1.03872e-05
-9.60468e-06
-8.8729e-06
-8.19095e-06
-7.5547e-06
-6.94493e-06
-6.35225e-06
-5.99093e-06
-6.37915e-06
-5.55206e-06
0.00522736
0.00557682
0.00558525
0.00544112
0.00527892
0.00511191
0.00493293
0.00474216
0.00454266
0.00433713
0.0041278
0.00391665
0.00370546
0.0034958
0.00328903
0.00308632
0.00288865
0.00269684
0.00251153
0.00233325
0.00216238
0.0019992
0.00184388
0.0016965
0.00155709
0.00142558
0.00130186
0.00118579
0.00107716
0.000975744
0.000881303
0.000793563
0.000712242
0.000637047
0.00056768
0.000503841
0.000445231
0.00039155
0.000342508
0.000297818
0.0002572
0.000220385
0.000187114
0.000157134
0.000130209
0.000106108
8.46142e-05
6.55224e-05
4.86373e-05
3.37749e-05
2.07623e-05
9.43705e-06
-3.53062e-07
-8.75017e-06
-1.58869e-05
-2.18865e-05
-2.68639e-05
-3.09253e-05
-3.4169e-05
-3.66858e-05
-3.85594e-05
-3.98667e-05
-4.0678e-05
-4.10576e-05
-4.1064e-05
-4.07502e-05
-4.01645e-05
-3.93501e-05
-3.83463e-05
-3.71879e-05
-3.59063e-05
-3.45294e-05
-3.30817e-05
-3.15852e-05
-3.0059e-05
-2.85198e-05
-2.69821e-05
-2.54583e-05
-2.39591e-05
-2.24933e-05
-2.10684e-05
-1.96904e-05
-1.83642e-05
-1.70936e-05
-1.58812e-05
-1.47291e-05
-1.36382e-05
-1.26091e-05
-1.16414e-05
-1.07343e-05
-9.88653e-06
-9.09608e-06
-8.36093e-06
-7.6791e-06
-7.04514e-06
-6.43991e-06
-5.85707e-06
-5.49488e-06
-5.79316e-06
-4.93383e-06
0.00554456
0.00586643
0.0058338
0.0056381
0.00542776
0.00521899
0.00500335
0.00478014
0.00455205
0.00432157
0.00409063
0.00386093
0.003634
0.00341114
0.00319348
0.00298197
0.00277738
0.00258031
0.00239125
0.00221052
0.00203836
0.00187491
0.00172018
0.00157417
0.00143675
0.00130777
0.00118704
0.00107432
0.000969333
0.000871797
0.000781403
0.00069783
0.000620751
0.000549834
0.000484749
0.000425165
0.000370757
0.000321208
0.000276205
0.00023545
0.00019865
0.000165527
0.000135813
0.000109253
8.56033e-05
6.46332e-05
4.61245e-05
2.98712e-05
1.56794e-05
3.36718e-06
-7.23603e-06
-1.62895e-05
-2.39417e-05
-3.03308e-05
-3.55849e-05
-3.9823e-05
-4.31552e-05
-4.56835e-05
-4.75008e-05
-4.86931e-05
-4.93393e-05
-4.95117e-05
-4.9276e-05
-4.86917e-05
-4.78126e-05
-4.66875e-05
-4.53598e-05
-4.38689e-05
-4.22495e-05
-4.05328e-05
-3.8746e-05
-3.69132e-05
-3.50556e-05
-3.31917e-05
-3.13375e-05
-2.95065e-05
-2.77105e-05
-2.59591e-05
-2.42603e-05
-2.26208e-05
-2.10456e-05
-1.95388e-05
-1.81031e-05
-1.67405e-05
-1.54519e-05
-1.42379e-05
-1.30978e-05
-1.20309e-05
-1.10356e-05
-1.01098e-05
-9.25105e-06
-8.45648e-06
-7.72294e-06
-7.04726e-06
-6.42275e-06
-5.83079e-06
-5.26707e-06
-4.90765e-06
-5.11295e-06
-4.2591e-06
0.00593901
0.00619696
0.00610743
0.00585311
0.00558793
0.00533051
0.00507192
0.00481074
0.00454928
0.00428972
0.00403369
0.00378258
0.00353758
0.00329971
0.00306981
0.00284853
0.0026364
0.00243378
0.00224091
0.00205793
0.00188488
0.00172169
0.00156825
0.00142437
0.00128982
0.00116433
0.00104758
0.000939241
0.000838957
0.000746362
0.000661083
0.000582738
0.000510951
0.000445344
0.000385548
0.0003312
0.000281946
0.000237446
0.000197368
0.000161396
0.000129228
0.000100572
7.51551e-05
5.27155e-05
3.30068e-05
1.57965e-05
8.65881e-07
-1.199e-05
-2.29631e-05
-3.22325e-05
-3.99651e-05
-4.63158e-05
-5.14282e-05
-5.54351e-05
-5.8459e-05
-6.06131e-05
-6.20014e-05
-6.27196e-05
-6.28552e-05
-6.24882e-05
-6.16917e-05
-6.05321e-05
-5.90693e-05
-5.73573e-05
-5.54441e-05
-5.33729e-05
-5.11819e-05
-4.89051e-05
-4.65724e-05
-4.42099e-05
-4.18403e-05
-3.94827e-05
-3.71543e-05
-3.48696e-05
-3.26407e-05
-3.04778e-05
-2.83888e-05
-2.63805e-05
-2.44576e-05
-2.26239e-05
-2.08818e-05
-1.92329e-05
-1.76775e-05
-1.62155e-05
-1.48459e-05
-1.35671e-05
-1.23771e-05
-1.12733e-05
-1.02528e-05
-9.31233e-06
-8.44814e-06
-7.6562e-06
-6.93236e-06
-6.27225e-06
-5.6682e-06
-5.1025e-06
-4.57186e-06
-4.22497e-06
-4.34404e-06
-3.53939e-06
0.00641552
0.00656717
0.00640046
0.00607924
0.00575214
0.00543878
0.00513053
0.00482557
0.00452579
0.004233
0.00394847
0.00367321
0.00340802
0.00315357
0.00291034
0.00267866
0.00245872
0.00225059
0.00205425
0.00186957
0.00169636
0.00153434
0.00138321
0.00124261
0.00111213
0.000991376
0.0008799
0.000777258
0.000682996
0.000596662
0.000517803
0.000445974
0.000380738
0.000321668
0.000268352
0.000220391
0.000177401
0.000139015
0.000104882
7.4668e-05
4.80576e-05
2.4751e-05
4.4661e-06
-1.30628e-05
-2.80847e-05
-4.0833e-05
-5.15254e-05
-6.03648e-05
-6.75398e-05
-7.32252e-05
-7.75827e-05
-8.07613e-05
-8.28984e-05
-8.41202e-05
-8.45422e-05
-8.42699e-05
-8.33966e-05
-8.20053e-05
-8.01831e-05
-7.80048e-05
-7.55366e-05
-7.28374e-05
-6.99597e-05
-6.69501e-05
-6.38497e-05
-6.06948e-05
-5.75171e-05
-5.43443e-05
-5.12004e-05
-4.8106e-05
-4.5078e-05
-4.21287e-05
-3.92709e-05
-3.65149e-05
-3.38682e-05
-3.13365e-05
-2.8924e-05
-2.66332e-05
-2.44655e-05
-2.24213e-05
-2.04998e-05
-1.86996e-05
-1.70185e-05
-1.54537e-05
-1.4002e-05
-1.26596e-05
-1.14225e-05
-1.02865e-05
-9.24697e-06
-8.2993e-06
-7.43852e-06
-6.65953e-06
-5.95714e-06
-5.32601e-06
-4.75786e-06
-4.23647e-06
-3.75875e-06
-3.44241e-06
-3.49517e-06
-2.79059e-06
0.0069729
0.00697029
0.00670031
0.00630349
0.00590818
0.0055319
0.00516745
0.00481313
0.0044704
0.00414062
0.00382462
0.00352295
0.00323598
0.00296393
0.00270684
0.00246465
0.00223717
0.00202412
0.00182514
0.0016398
0.00146765
0.00130815
0.00116078
0.00102497
0.000900142
0.000785725
0.000681138
0.000585807
0.000499168
0.00042067
0.000349775
0.000285964
0.000228738
0.000177615
0.000132137
9.18655e-05
5.63856e-05
2.53033e-05
-1.75306e-06
-2.51336e-05
-4.51674e-05
-6.21627e-05
-7.6408e-05
-8.8172e-05
-9.7705e-05
-0.000105239
-0.000110991
-0.000115157
-0.000117923
-0.000119456
-0.000119911
-0.000119431
-0.000118143
-0.000116167
-0.000113606
-0.000110546
-0.000107072
-0.000103299
-9.92537e-05
-9.50078e-05
-9.06357e-05
-8.61901e-05
-8.17128e-05
-7.72405e-05
-7.28056e-05
-6.84361e-05
-6.41554e-05
-5.99836e-05
-5.59386e-05
-5.20356e-05
-4.82859e-05
-4.46851e-05
-4.12471e-05
-3.79776e-05
-3.48782e-05
-3.19493e-05
-2.91904e-05
-2.65997e-05
-2.41742e-05
-2.19105e-05
-1.98043e-05
-1.78506e-05
-1.60441e-05
-1.43793e-05
-1.28502e-05
-1.14507e-05
-1.01747e-05
-9.0158e-06
-7.96792e-06
-7.02481e-06
-6.18033e-06
-5.42837e-06
-4.76296e-06
-4.17812e-06
-3.66566e-06
-3.21165e-06
-2.81305e-06
-2.55529e-06
-2.57774e-06
-2.03178e-06
0.0076334
0.00740866
0.00699882
0.00651132
0.00603668
0.00558703
0.00515735
0.0047464
0.00435506
0.00398405
0.00363356
0.00330355
0.00299378
0.00270389
0.00243337
0.00218164
0.00194803
0.00173183
0.00153226
0.00134855
0.00117989
0.00102546
0.000884469
0.000756107
0.000639593
0.000534164
0.000439077
0.000353618
0.000277096
0.000208853
0.00014826
9.47168e-05
4.76566e-05
6.54214e-06
-2.91332e-05
-5.98459e-05
-8.60433e-05
-0.000108144
-0.00012654
-0.000141595
-0.000153648
-0.000163014
-0.000169985
-0.000174829
-0.000177794
-0.000179109
-0.000178983
-0.000177607
-0.000175155
-0.000171785
-0.000167642
-0.000162852
-0.000157532
-0.00015178
-0.000145661
-0.00013918
-0.000132455
-0.000126309
-0.000119896
-0.000113362
-0.00010686
-0.000100454
-9.41782e-05
-8.80616e-05
-8.21286e-05
-7.63982e-05
-7.08847e-05
-6.55991e-05
-6.05548e-05
-5.57565e-05
-5.12209e-05
-4.6907e-05
-4.2839e-05
-3.9016e-05
-3.54326e-05
-3.20829e-05
-2.89608e-05
-2.60591e-05
-2.33703e-05
-2.0886e-05
-1.85978e-05
-1.64969e-05
-1.45744e-05
-1.28211e-05
-1.12283e-05
-9.78697e-06
-8.48849e-06
-7.3244e-06
-6.28658e-06
-5.36723e-06
-4.55892e-06
-3.85465e-06
-3.24797e-06
-2.73279e-06
-2.30199e-06
-1.94532e-06
-1.66098e-06
-1.50455e-06
-1.55726e-06
-1.25303e-06
0.00841112
0.00792285
0.00732204
0.00670376
0.0061177
0.00556824
0.00505147
0.00456607
0.00411193
0.00368867
0.00329551
0.0029314
0.00259518
0.00228561
0.00200137
0.00174111
0.00150347
0.00128711
0.00109069
0.000912915
0.000752521
0.000608293
0.000479062
0.000363711
0.000261177
0.000170451
9.0578e-05
2.06566e-05
-4.01613e-05
-9.2672e-05
-0.000137622
-0.000175707
-0.00020758
-0.000233844
-0.000255064
-0.00027176
-0.000284414
-0.000293474
-0.000299349
-0.000302418
-0.000303026
-0.000301493
-0.000298108
-0.000293135
-0.000286816
-0.000279368
-0.00027099
-0.00026186
-0.000252138
-0.000241968
-0.000231481
-0.00022079
-0.000209998
-0.0001992
-0.000188502
-0.000178029
-0.000167738
-0.000156965
-0.000146632
-0.00013676
-0.000127273
-0.000118161
-0.000109434
-0.000101102
-9.31707e-05
-8.5641e-05
-7.85128e-05
-7.17822e-05
-6.54398e-05
-5.94852e-05
-5.39295e-05
-4.87165e-05
-4.38584e-05
-3.93481e-05
-3.51709e-05
-3.13118e-05
-2.77566e-05
-2.44909e-05
-2.15003e-05
-1.87704e-05
-1.62867e-05
-1.4035e-05
-1.20014e-05
-1.01722e-05
-8.53445e-06
-7.07532e-06
-5.78275e-06
-4.64527e-06
-3.65211e-06
-2.79329e-06
-2.05975e-06
-1.44345e-06
-9.37599e-07
-5.36735e-07
-2.36129e-07
-3.13564e-08
7.35784e-08
3.98583e-08
-1.8547e-07
-3.49847e-07
)
;

boundaryField
{
    inlet
    {
        type            zeroGradient;
    }
    outlet
    {
        type            totalPressure;
        rho             none;
        psi             none;
        gamma           1;
        p0              uniform 0;
        value           uniform 0;
    }
    top
    {
        type            zeroGradient;
    }
    bottom
    {
        type            zeroGradient;
    }
    obstacle
    {
        type            zeroGradient;
    }
    frontAndBack
    {
        type            empty;
    }
}


// ************************************************************************* //
