/*--------------------------------*- C++ -*----------------------------------*\
  =========                 |
  \\      /  F ield         | OpenFOAM: The Open Source CFD Toolbox
   \\    /   O peration     | Website:  https://openfoam.org
    \\  /    A nd           | Version:  12
     \\/     M anipulation  |
\*---------------------------------------------------------------------------*/
FoamFile
{
    format      ascii;
    class       volScalarField;
    location    "260";
    object      pMean;
}
// * * * * * * * * * * * * * * * * * * * * * * * * * * * * * * * * * * * * * //

dimensions      [0 2 -2 0 0 0 0];

internalField   nonuniform List<scalar> 
6750
(
0.00835645
0.00832929
0.00828379
0.00810625
0.00713453
0.0100453
0.0100176
0.00990153
0.00964716
0.00930784
0.0119849
0.0119355
0.0118165
0.0116292
0.0114897
0.0139954
0.0139114
0.0137984
0.0136681
0.0136032
0.0159805
0.0158526
0.0157302
0.0156284
0.0156018
0.0178604
0.0176843
0.017542
0.0174515
0.0174435
0.0195866
0.0193611
0.0191951
0.0191092
0.0191115
0.0211295
0.0208553
0.0206658
0.0205825
0.0205921
0.0224707
0.0221503
0.0219391
0.0218585
0.0218737
0.0236
0.0232374
0.0230077
0.0229301
0.0229497
0.0245145
0.024115
0.0238706
0.0237964
0.0238194
0.0252181
0.0247881
0.0245331
0.0244624
0.0244878
0.025721
0.0252664
0.0250058
0.0249383
0.0249649
0.0260383
0.0255649
0.0253047
0.025239
0.0252655
0.026184
0.0257049
0.0254501
0.0253822
0.025407
0.0261841
0.025705
0.0254502
0.0253824
0.0254071
0.0260387
0.0255653
0.0253051
0.0252394
0.025266
0.0257217
0.0252671
0.0250065
0.024939
0.0249657
0.0252191
0.024789
0.0245341
0.0244634
0.0244888
0.0245157
0.0241163
0.0238718
0.0237977
0.0238207
0.0236014
0.0232388
0.0230092
0.0229316
0.0229512
0.0224724
0.022152
0.0219409
0.0218603
0.0218754
0.0211314
0.0208572
0.0206677
0.0205845
0.020594
0.0195886
0.0193632
0.0191972
0.0191113
0.0191137
0.0178626
0.0176866
0.0175443
0.0174538
0.0174459
0.0159828
0.0158549
0.0157326
0.0156308
0.0156042
0.0139978
0.0139138
0.0138009
0.0136706
0.0136057
0.0119874
0.011938
0.011819
0.0116317
0.0114922
0.0100478
0.0100201
0.00990406
0.00964969
0.00931029
0.00835894
0.0083318
0.00828631
0.00810876
0.00713697
0.00133648
0.00186775
0.00321947
0.00420834
0.00491826
0.00548122
0.00592485
0.00626444
0.00652683
0.0067185
0.00682375
0.00690122
0.00692942
0.00690596
0.00682895
0.00669345
0.00649453
0.00623147
0.0059037
0.00550905
0.0050448
0.00459657
0.00411333
0.00360922
0.00310152
0.0026009
0.00211573
0.00166324
0.00125368
0.000769614
0.00506901
0.00578792
0.00651883
0.00687376
0.00707071
0.00719137
0.00723929
0.00722664
0.0071782
0.00708583
0.0069388
0.00682239
0.00670692
0.0065963
0.00648881
0.00637498
0.00624146
0.00607542
0.00586441
0.00560282
0.00530113
0.00489759
0.00446788
0.00400002
0.00350081
0.00298021
0.00244529
0.0019127
0.00142946
0.000947083
0.00751166
0.0076727
0.00796235
0.0080956
0.00815789
0.00816147
0.00809635
0.00797446
0.00781172
0.00757517
0.00729031
0.00702133
0.00673974
0.00645679
0.00617834
0.00590431
0.00563111
0.00535285
0.00506276
0.00475461
0.00442494
0.0040745
0.00370287
0.00330959
0.00289793
0.0024722
0.00203223
0.00158832
0.00122255
0.000973727
0.00899199
0.00878431
0.00890799
0.00898098
0.00898635
0.0089236
0.00878877
0.0085969
0.00835194
0.00800001
0.00761294
0.00721341
0.0067846
0.00634292
0.00590024
0.00546486
0.00504251
0.00463601
0.00424574
0.00386957
0.0035047
0.00315365
0.00280996
0.00246959
0.00213081
0.00179225
0.00144643
0.00109537
0.000852259
0.000880049
0.0101461
0.00980923
0.00986098
0.00987181
0.00980264
0.00966021
0.00944526
0.00917022
0.00882798
0.00836515
0.00787474
0.00734915
0.00678634
0.00620583
0.00562359
0.00505369
0.00450798
0.00399507
0.00352005
0.00308425
0.00268623
0.00232384
0.00199197
0.00168425
0.00139524
0.00111958
0.000843827
0.000561924
0.000412888
0.00069826
0.0111712
0.0108039
0.0107984
0.0107369
0.010589
0.010366
0.010069
0.00970606
0.0092572
0.00868983
0.00809237
0.00744478
0.00675616
0.00604827
0.00534057
0.00465142
0.00399706
0.00339007
0.00283865
0.00234641
0.00191281
0.00153423
0.00120478
0.00091663
0.000662081
0.000433074
0.000211321
-1.54765e-05
-8.70048e-05
0.000431237
0.0120997
0.0117412
0.0116828
0.0115511
0.0113297
0.0110299
0.0106536
0.0102037
0.00964435
0.00898021
0.00827562
0.00751105
0.00670313
0.00587559
0.00505096
0.00425116
0.00349587
0.0028007
0.00217628
0.00162783
0.00115559
0.000755686
0.000421214
0.000143132
-8.78014e-05
-0.000281692
-0.000460932
-0.000642186
-0.000645799
7.9105e-05
0.0129502
0.0126249
0.0125197
0.0123214
0.0120298
0.0116551
0.0112012
0.0106641
0.0099948
0.00924021
0.00842881
0.00755149
0.00662971
0.00568879
0.00475397
0.00385013
0.00299972
0.00222079
0.00152587
0.000921482
0.000408481
-1.70423e-05
-0.000362685
-0.000638417
-0.00085462
-0.00102321
-0.00116979
-0.00131424
-0.00125829
-0.000354752
0.013743
0.0134677
0.0133202
0.0130567
0.0126961
0.012248
0.0117166
0.0110878
0.0103162
0.0094718
0.00855454
0.00756814
0.00653693
0.00548767
0.00444804
0.00344543
0.00250454
0.00164541
0.00088207
0.000222086
-0.000333188
-0.000787686
-0.00114946
-0.0014292
-0.00163814
-0.00178968
-0.00191231
-0.0020275
-0.00191927
-0.00086539
0.0144936
0.0142787
0.0140918
0.0137639
0.0133346
0.0128147
0.0122047
0.0114778
0.010614
0.00967663
0.00865536
0.00756299
0.00642573
0.00527193
0.00413149
0.00303394
0.00200594
0.00106911
0.000238749
-0.000476776
-0.0010757
-0.00156197
-0.00194398
-0.00223295
-0.00244092
-0.00258231
-0.00268857
-0.0027811
-0.00262645
-0.00144814
0.0152133
0.0150656
0.0148415
0.0144486
0.01395
0.0133589
0.012669
0.011841
0.0108914
0.0098583
0.00873423
0.00753791
0.00629685
0.0050411
0.00380254
0.00261261
0.00149961
0.000486565
-0.000410212
-0.00118167
-0.00182571
-0.00234629
-0.00275208
-0.00305474
-0.00326687
-0.00340404
-0.00350028
-0.00357574
-0.00337947
-0.00209943
0.0159114
0.0158354
0.0155759
0.015117
0.0145482
0.0138859
0.013112
0.0121846
0.0111509
0.01002
0.0087937
0.00749442
0.00615077
0.0047945
0.00345933
0.00217835
0.000981373
-0.000107395
-0.00107074
-0.00189903
-0.00258989
-0.00314729
-0.0035801
-0.00390037
-0.00412119
-0.00425923
-0.00435079
-0.00441402
-0.00418019
-0.00281725
0.0165969
0.0165954
0.0163023
0.0157765
0.0151374
0.0143999
0.0135349
0.0125167
0.0113949
0.0101646
0.00883593
0.00743372
0.00598768
0.00453124
0.0030998
0.00172802
0.000447001
-0.000717935
-0.00174878
-0.00263538
-0.00337513
-0.00397198
-0.004435
-0.00477655
-0.00501013
-0.00515354
-0.00524529
-0.00530059
-0.00503246
-0.0036016
0.0172786
0.0173528
0.0170276
0.0164336
0.0157229
0.0149074
0.0139455
0.0128417
0.0116264
0.0102949
0.00886295
0.00735683
0.00580754
0.00425016
0.00272169
0.00125821
-0.000107929
-0.00135042
-0.00245052
-0.00339757
-0.00418874
-0.00482797
-0.00532452
-0.005691
-0.00594124
-0.00609427
-0.00619066
-0.00624185
-0.00594217
-0.0044547
0.0179635
0.0181174
0.017761
0.0170971
0.0163121
0.0154128
0.0143527
0.013163
0.0118493
0.010414
0.00887667
0.00726454
0.00561004
0.00394983
0.00232242
0.00076524
-0.000688182
-0.0020106
-0.00318255
-0.00419294
-0.00503867
-0.00572366
-0.00625731
-0.00665245
-0.00692333
-0.00709013
-0.00719544
-0.00724616
-0.00691729
-0.00538133
0.0186593
0.0189005
0.0185146
0.0177788
0.0169125
0.0159191
0.0147664
0.0134843
0.0120673
0.0105249
0.00887889
0.00715746
0.00539456
0.0036284
0.00189894
0.000244906
-0.00129906
-0.00270481
-0.00395217
-0.00502958
-0.00593371
-0.00666843
-0.00724323
-0.00767112
-0.00796678
-0.00815163
-0.00827016
-0.00832401
-0.00796814
-0.00638909
0.0193762
0.0197151
0.0193004
0.0184883
0.0175333
0.0164366
0.0151935
0.0138104
0.0122847
0.0106307
0.00887126
0.00703593
0.00516013
0.00328359
0.00144766
-0.000307655
-0.00194664
-0.00344023
-0.00476759
-0.00591668
-0.0068839
-0.00767303
-0.00829368
-0.00875897
-0.00908389
-0.0092914
-0.00942777
-0.00948848
-0.00910767
-0.00748882
0.0201312
0.020575
0.0201328
0.0192345
0.0181799
0.0169803
0.01564
0.0141473
0.0125064
0.0107344
0.00885539
0.00690001
0.00490529
0.00291243
0.000964177
-0.000898237
-0.00263802
-0.00422524
-0.00563836
-0.00686486
-0.00790083
-0.00874999
-0.00942196
-0.00993
-0.0102894
-0.0105247
-0.010684
-0.0107557
-0.0103522
-0.00869515
0.0209465
0.0214924
0.0210245
0.0200325
0.0188645
0.0175619
0.0161124
0.0145013
0.0127374
0.0108395
0.0088327
0.00674934
0.00462789
0.00251107
0.000442978
-0.00153394
-0.00338183
-0.00506986
-0.00657584
-0.00788673
-0.00899832
-0.00991419
-0.010644
-0.0112011
-0.0116011
-0.0118702
-0.012058
-0.0121456
-0.0117216
-0.0100272
0.021842
0.0224895
0.0219948
0.0208966
0.0196057
0.0181923
0.0166213
0.0148811
0.0129837
0.0109494
0.0088045
0.00658298
0.00432489
0.00207442
-0.000122983
-0.00222364
-0.00418867
-0.00598639
-0.00759389
-0.00899764
-0.0101931
-0.0111837
-0.0119792
-0.0125928
-0.0130406
-0.0133504
-0.0135735
-0.0136827
-0.0132415
-0.01151
0.0228461
0.023598
0.0230668
0.0218442
0.0204272
0.0188865
0.0171792
0.0152964
0.0132522
0.0110678
0.00877167
0.00639911
0.00399185
0.00159555
-0.000742948
-0.0029788
-0.00507209
-0.0069903
-0.00870985
-0.0102167
-0.0115061
-0.0125811
-0.0134515
-0.0141306
-0.0146348
-0.0149939
-0.0152609
-0.0153984
-0.0149439
-0.013176
0.0240006
0.0248455
0.0242654
0.0229103
0.0213525
0.0196637
0.0178019
0.0157591
0.0135503
0.0111988
0.00873446
0.00619451
0.00362226
0.00106492
-0.00142934
-0.00381451
-0.00604971
-0.00810162
-0.00994604
-0.0115685
-0.0129637
-0.0141349
-0.0150915
-0.015847
-0.0164183
-0.0168368
-0.0171572
-0.017332
-0.0168701
-0.0150676
0.0253563
0.0262807
0.0256361
0.0241358
0.0224104
0.0205486
0.018509
0.0162831
0.0138871
0.011346
0.00869193
0.00596374
0.00320652
0.000469008
-0.0021993
-0.00475129
-0.00714519
-0.00934698
-0.0113319
-0.013085
-0.0146009
-0.0158824
-0.0169391
-0.0177844
-0.0184357
-0.0189261
-0.0193123
-0.0195359
-0.0190748
-0.0172415
0.0269872
0.0279709
0.0272437
0.0255675
0.0236402
0.0215736
0.0193254
0.0168859
0.0142726
0.011513
0.008641
0.00569775
0.00273003
-0.000211858
-0.00307717
-0.0058178
-0.00839123
-0.0107629
-0.0129076
-0.01481
-0.0164645
-0.017874
-0.0190478
-0.0199993
-0.0207465
-0.0213248
-0.0217921
-0.0220787
-0.0216307
-0.0197747
0.0290113
0.0300163
0.0291681
0.02727
0.0250968
0.0227826
0.0202838
0.0175894
0.0147187
0.0117017
0.00857484
0.00538144
0.00217017
-0.00100717
-0.00409868
-0.00705549
-0.0098346
-0.0124011
-0.0147295
-0.0168045
-0.0186202
-0.0201794
-0.0214916
-0.02257
-0.0234333
-0.0241194
-0.0246869
-0.0250551
-0.0246381
-0.0227748
0.0315764
0.0325556
0.0315236
0.0293404
0.0268594
0.0242374
0.0214292
0.0184225
0.0152389
0.0119115
0.00847975
0.00498924
0.00149067
-0.00196277
-0.00531831
-0.0085267
-0.0115449
-0.014338
-0.0168807
-0.0191577
-0.0211633
-0.0229001
-0.0243775
-0.0256089
-0.0266138
-0.0274323
-0.0281248
-0.0285988
-0.02824
-0.0263971
0.0349569
0.0358027
0.0344863
0.0319252
0.0290474
0.0260296
0.0228256
0.0194232
0.0158472
0.0121344
0.00832784
0.00447579
0.00063083
-0.00315283
-0.00682223
-0.0103285
-0.0136294
-0.0166909
-0.0194883
-0.0220067
-0.0242406
-0.0261926
-0.0278719
-0.0292917
-0.030472
-0.0314547
-0.0323018
-0.0329129
-0.0326531
-0.0308808
0.0395953
0.0400931
0.0383102
0.035228
0.0318215
0.0282779
0.0245518
0.0206332
0.0165511
0.0123474
0.00806899
0.00376728
-0.000503541
-0.00468898
-0.00873703
-0.0126006
-0.0162397
-0.0196224
-0.0227258
-0.0255363
-0.0280491
-0.0302669
-0.0321985
-0.0338569
-0.0352621
-0.0364567
-0.0375021
-0.0382976
-0.038213
-0.0366173
0.0463932
0.0461584
0.0436156
0.0398068
0.0356662
0.0313712
0.0268876
0.0222194
0.0174076
0.0125039
0.00756276
0.00263991
-0.00220891
-0.00693042
-0.0114759
-0.0158026
-0.0198752
-0.0236666
-0.0271564
-0.0303322
-0.0331926
-0.0357468
-0.0379928
-0.0399425
-0.0416151
-0.04305
-0.0443035
-0.0452913
-0.0454606
-0.0442368
0.0583545
0.0563993
0.0522362
0.0471346
0.0417684
0.036235
0.0305282
0.0246836
0.0187606
0.0128209
0.00692383
0.00112439
-0.00452732
-0.00998742
-0.0152189
-0.0201917
-0.0248818
-0.029271
-0.0333476
-0.0371044
-0.0405334
-0.0436261
-0.0463984
-0.048855
-0.0510044
-0.0528715
-0.0545028
-0.0558829
-0.0566698
-0.0562176
0.00483156
0.00583498
0.00760252
0.00902547
0.0102359
0.0113718
0.0124641
0.013521
0.0145518
0.0155662
0.0165727
0.0175798
0.0185968
0.0196334
0.0206994
0.0218072
0.0229712
0.0242096
0.0255434
0.0269967
0.028601
0.0303991
0.0324436
0.0348068
0.037587
0.0409309
0.0450367
0.0501561
0.0565001
0.0648229
0.00919515
0.0102306
0.0114065
0.0124003
0.0132993
0.0141638
0.0150049
0.0158272
0.0166379
0.0174452
0.0182571
0.0190818
0.0199279
0.0208047
0.0217223
0.022693
0.0237315
0.0248558
0.0260874
0.0274534
0.0289887
0.0307399
0.0327684
0.0351587
0.03803
0.0415575
0.0459931
0.0517001
0.0591649
0.0691922
0.011627
0.0125535
0.0134558
0.0142695
0.0150639
0.0158564
0.0166443
0.0174289
0.0182153
0.0190096
0.0198182
0.020648
0.0215068
0.0224032
0.0233472
0.0243511
0.0254297
0.0266012
0.0278883
0.0293197
0.0309333
0.032779
0.0349242
0.0374624
0.0405264
0.0443085
0.0490928
0.0552987
0.0635787
0.0748311
0.0137627
0.0145797
0.0153669
0.0161
0.0168294
0.0175659
0.0183091
0.019062
0.01983
0.0206188
0.0214345
0.0222838
0.0231742
0.0241145
0.0251149
0.0261879
0.0273487
0.0286164
0.0300147
0.0315742
0.0333348
0.0353497
0.0376906
0.0404566
0.043788
0.0478866
0.0530506
0.0597131
0.0686157
0.0806906
0.0157571
0.0164796
0.0171758
0.0178366
0.0185049
0.0191916
0.0198978
0.0206266
0.0213826
0.022171
0.0229975
0.0238684
0.0247912
0.0257748
0.0268297
0.0279689
0.0292083
0.0305679
0.0320728
0.0337553
0.0356576
0.0378357
0.0403648
0.0433488
0.0469335
0.0513279
0.0568393
0.0639093
0.0733615
0.0861767
0.01758
0.0182181
0.0188364
0.0194361
0.0200559
0.0207055
0.0213858
0.0220995
0.0228506
0.0236438
0.0244844
0.0253787
0.0263341
0.0273594
0.0284654
0.0296656
0.0309763
0.0324184
0.034018
0.035809
0.0378353
0.0401551
0.0428469
0.0460181
0.0498193
0.0544655
0.0602729
0.0676945
0.0776341
0.0911505
0.0192266
0.0197889
0.0203407
0.0208903
0.021472
0.0220937
0.0227558
0.0234607
0.0242118
0.0250136
0.025871
0.02679
0.027778
0.0288438
0.0299985
0.0312556
0.0326321
0.0341493
0.0358344
0.0377221
0.039858
0.042302
0.0451348
0.048467
0.0524527
0.0573122
0.0633697
0.0710905
0.0814443
0.0955829
0.0206908
0.0211848
0.0216795
0.022188
0.0227397
0.0233403
0.0239899
0.0246905
0.025445
0.0262574
0.0271325
0.028076
0.0290952
0.030199
0.0313984
0.0327074
0.0341432
0.0357277
0.0374887
0.0394618
0.0416937
0.0442457
0.0472003
0.0506703
0.0548128
0.0598524
0.0661203
0.0740927
0.0847868
0.0994478
0.0219636
0.0223963
0.0228425
0.0233178
0.0238461
0.0244311
0.0250725
0.0257717
0.0265315
0.0273552
0.0282475
0.0292138
0.0302615
0.0313994
0.0326386
0.0339932
0.0354808
0.0371237
0.0389501
0.0409965
0.0433102
0.0459539
0.0490112
0.0525967
0.0568701
0.0620589
0.0685007
0.0766807
0.087647
0.10273
0.0230378
0.0234168
0.0238227
0.0242719
0.0247823
0.025356
0.0259922
0.0266919
0.0274576
0.0282922
0.0292002
0.0301868
0.0312593
0.0324265
0.0336997
0.0350931
0.0366244
0.0383162
0.0401972
0.0423044
0.0446859
0.0474049
0.0505463
0.0542261
0.0586056
0.063915
0.0704967
0.0788435
0.0900183
0.105439
0.0239108
0.0242443
0.0246179
0.0250471
0.0255443
0.0261099
0.026743
0.0274442
0.0282156
0.0290599
0.0299813
0.0309851
0.0320782
0.0332696
0.0345706
0.0359955
0.0375622
0.0392935
0.0412184
0.0433743
0.0458097
0.0485886
0.0517967
0.0555507
0.0600136
0.0654173
0.0721081
0.0805842
0.0919113
0.107602
0.0245852
0.024882
0.0252311
0.0256456
0.0261333
0.0266934
0.0273247
0.0280277
0.0288041
0.0296564
0.0305886
0.0316059
0.0327152
0.0339255
0.0352481
0.0366974
0.0382913
0.0400529
0.0420115
0.0442045
0.0466811
0.0495054
0.0527638
0.0565739
0.0610995
0.0665737
0.073346
0.0819181
0.0933509
0.109249
0.0250688
0.0253383
0.02567
0.0260745
0.0265558
0.0271123
0.0277427
0.0284474
0.0292276
0.0300859
0.0310261
0.0320533
0.0331744
0.0343984
0.0357366
0.0372033
0.0388168
0.0406001
0.0425827
0.0448022
0.047308
0.0501646
0.0534587
0.0573083
0.0618781
0.0674018
0.0742314
0.0828697
0.094371
0.110421
0.0253743
0.0256261
0.0259468
0.0263452
0.0268226
0.0273771
0.0280071
0.028713
0.0294958
0.0303581
0.0313035
0.0323371
0.0334658
0.0346986
0.0360467
0.0375246
0.0391505
0.0409476
0.0429454
0.0451817
0.047706
0.050583
0.0538996
0.0577742
0.0623717
0.0679265
0.0747921
0.0834709
0.0950078
0.111168
0.0255178
0.0257611
0.0260766
0.0264721
0.0269479
0.0275014
0.0281314
0.0288379
0.029622
0.0304862
0.0314342
0.0324709
0.0336033
0.0348402
0.0361931
0.0376764
0.0393083
0.041112
0.043117
0.0453614
0.0478945
0.0507813
0.0541087
0.0579952
0.062606
0.0681754
0.0750584
0.0837557
0.095303
0.11153
0.025518
0.0257612
0.0260768
0.0264723
0.026948
0.0275016
0.0281315
0.028838
0.0296222
0.0304864
0.0314343
0.032471
0.0336034
0.0348403
0.0361932
0.0376765
0.0393084
0.0411121
0.0431171
0.0453615
0.0478946
0.0507814
0.0541088
0.0579953
0.062606
0.0681754
0.0750584
0.0837557
0.095303
0.11153
0.0253747
0.0256265
0.0259473
0.0263456
0.0268231
0.0273775
0.0280076
0.0287134
0.0294962
0.0303585
0.0313038
0.0323374
0.0334662
0.0346989
0.036047
0.0375249
0.0391508
0.0409479
0.0429456
0.0451819
0.0477062
0.0505832
0.0538998
0.0577744
0.062372
0.0679266
0.0747922
0.083471
0.0950079
0.111168
0.0250695
0.0253391
0.0256708
0.0260752
0.0265565
0.027113
0.0277434
0.028448
0.0292282
0.0300865
0.0310267
0.0320539
0.033175
0.034399
0.0357371
0.0372038
0.0388173
0.0406005
0.042583
0.0448026
0.0473083
0.0501649
0.0534591
0.0573087
0.0618784
0.0674021
0.0742316
0.0828698
0.0943713
0.110422
0.0245862
0.024883
0.0252321
0.0256466
0.0261343
0.0266944
0.0273257
0.0280287
0.028805
0.0296573
0.0305894
0.0316067
0.032716
0.0339263
0.0352488
0.036698
0.0382919
0.0400535
0.042012
0.044205
0.0466815
0.0495059
0.0527643
0.0565744
0.0610999
0.0665742
0.0733464
0.0819183
0.0933513
0.109249
0.0239121
0.0242456
0.0246192
0.0250484
0.0255455
0.0261111
0.0267442
0.0274454
0.0282167
0.029061
0.0299824
0.0309861
0.0320791
0.0332705
0.0345715
0.0359963
0.0375629
0.0392942
0.0412191
0.0433749
0.0458104
0.0485892
0.0517973
0.0555513
0.0600142
0.0654179
0.0721086
0.0805847
0.0919118
0.107602
0.0230394
0.0234184
0.0238243
0.0242734
0.0247838
0.0253575
0.0259936
0.0266933
0.0274589
0.0282935
0.0292014
0.030188
0.0312604
0.0324276
0.0337007
0.035094
0.0366253
0.038317
0.040198
0.0423052
0.0446866
0.0474056
0.050547
0.0542267
0.0586062
0.0639159
0.0704976
0.0788443
0.0900191
0.10544
0.0219653
0.0223981
0.0228443
0.0233196
0.0238478
0.0244328
0.0250741
0.0257733
0.026533
0.0273567
0.0282489
0.0292152
0.0302628
0.0314006
0.0326397
0.0339943
0.0354819
0.0371247
0.0389511
0.0409974
0.0433111
0.0459547
0.0490119
0.0525974
0.0568708
0.06206
0.0685019
0.0766818
0.0876479
0.102731
0.0206928
0.0211868
0.0216815
0.02219
0.0227416
0.0233422
0.0239918
0.0246922
0.0254467
0.0262591
0.0271341
0.0280775
0.0290966
0.0302003
0.0313997
0.0327087
0.0341445
0.0357289
0.0374898
0.0394629
0.0416947
0.0442466
0.0472011
0.050671
0.0548137
0.0598537
0.0661219
0.0740941
0.0847878
0.0994481
0.0192288
0.0197911
0.0203428
0.0208924
0.0214741
0.0220957
0.0227578
0.0234626
0.0242137
0.0250154
0.0258727
0.0267917
0.0277796
0.0288453
0.03
0.031257
0.0326335
0.0341506
0.0358356
0.0377233
0.0398591
0.042303
0.0451357
0.0484679
0.0524538
0.0573138
0.0633716
0.0710922
0.0814453
0.0955832
0.0175824
0.0182205
0.0188387
0.0194383
0.0200581
0.0207076
0.0213879
0.0221015
0.0228526
0.0236457
0.0244863
0.0253805
0.0263358
0.027361
0.028467
0.0296671
0.0309778
0.0324199
0.0340194
0.0358103
0.0378365
0.0401562
0.0428479
0.0460191
0.0498206
0.0544674
0.0602752
0.0676964
0.077635
0.0911505
0.0157596
0.0164821
0.0171782
0.0178389
0.0185072
0.0191939
0.0199
0.0206288
0.0213848
0.0221731
0.0229995
0.0238703
0.0247931
0.0257766
0.0268314
0.0279705
0.0292099
0.0305695
0.0320743
0.0337568
0.035659
0.0378369
0.0403659
0.04335
0.0469351
0.0513301
0.0568418
0.0639114
0.0733623
0.0861764
0.0137652
0.0145822
0.0153693
0.0161025
0.0168319
0.0175683
0.0183115
0.0190643
0.0198322
0.020621
0.0214366
0.0222859
0.0231762
0.0241164
0.0251167
0.0261897
0.0273504
0.0286181
0.0300163
0.0315758
0.0333363
0.0353511
0.0376919
0.0404581
0.0437898
0.047889
0.0530532
0.0597151
0.0686164
0.0806902
0.0116295
0.012556
0.0134583
0.014272
0.0150664
0.0158589
0.0166467
0.0174313
0.0182177
0.0190119
0.0198205
0.0206502
0.0215089
0.0224052
0.0233492
0.024353
0.0254315
0.026603
0.02789
0.0293214
0.0309349
0.0327805
0.0349257
0.0374642
0.0405285
0.044311
0.0490953
0.0553003
0.0635791
0.0748304
0.00919757
0.0102331
0.011409
0.0124029
0.0133019
0.0141663
0.0150074
0.0158297
0.0166403
0.0174476
0.0182595
0.0190842
0.0199302
0.0208068
0.0217244
0.022695
0.0237334
0.0248577
0.0260893
0.0274551
0.0289904
0.0307416
0.0327701
0.0351607
0.0380323
0.0415599
0.0459951
0.0517011
0.0591649
0.0691916
0.00483402
0.00583758
0.00760511
0.00902801
0.0102384
0.0113742
0.0124666
0.0135234
0.0145542
0.0155685
0.0165749
0.0175821
0.018599
0.0196355
0.0207015
0.0218091
0.0229731
0.0242114
0.0255451
0.0269983
0.0286027
0.0304007
0.0324453
0.0348089
0.0375892
0.0409328
0.045038
0.0501563
0.0564998
0.0648224
0.0583543
0.0563993
0.052236
0.0471342
0.0417679
0.0362345
0.0305277
0.024683
0.0187597
0.0128198
0.00692235
0.00112256
-0.0045295
-0.00998994
-0.0152217
-0.0201947
-0.0248851
-0.0292745
-0.0333513
-0.0371082
-0.0405372
-0.04363
-0.0464023
-0.0488588
-0.0510082
-0.0528752
-0.0545066
-0.0558867
-0.0566739
-0.0562218
0.0463927
0.0461577
0.0436149
0.0398064
0.0356659
0.0313708
0.026887
0.0222186
0.0174065
0.0125026
0.00756109
0.00263794
-0.00221117
-0.00693295
-0.0114787
-0.0158056
-0.0198785
-0.02367
-0.0271601
-0.030336
-0.0331964
-0.0357508
-0.0379967
-0.0399464
-0.0416191
-0.0430538
-0.0443073
-0.045295
-0.0454643
-0.0442404
0.0395953
0.0400932
0.0383104
0.0352283
0.0318216
0.0282778
0.0245514
0.0206324
0.01655
0.0123459
0.00806723
0.00376525
-0.000505813
-0.00469148
-0.00873975
-0.0126036
-0.0162428
-0.0196258
-0.0227295
-0.0255402
-0.0280531
-0.0302711
-0.0322028
-0.0338612
-0.0352664
-0.0364609
-0.0375062
-0.0383015
-0.0382167
-0.0366207
0.0349577
0.0358036
0.034487
0.0319256
0.0290474
0.0260292
0.0228248
0.019422
0.0158457
0.0121327
0.00832587
0.00447365
0.000628511
-0.00315532
-0.0068249
-0.0103314
-0.0136325
-0.0166942
-0.0194919
-0.0220106
-0.0242448
-0.026197
-0.0278765
-0.0292965
-0.0304768
-0.0314595
-0.0323064
-0.0329172
-0.0326569
-0.0308841
0.0315778
0.0325567
0.0315244
0.0293405
0.026859
0.0242365
0.0214279
0.0184209
0.015237
0.0119094
0.00847755
0.00498694
0.00148826
-0.00196529
-0.00532097
-0.00852953
-0.0115479
-0.0143413
-0.0168843
-0.0191616
-0.0211674
-0.0229045
-0.0243822
-0.0256139
-0.0266189
-0.0274373
-0.0281298
-0.0286035
-0.0282442
-0.0264007
0.029013
0.0300175
0.0291686
0.0272698
0.0250961
0.0227813
0.0202822
0.0175875
0.0147165
0.0116993
0.00857243
0.00537898
0.00216766
-0.00100974
-0.00410135
-0.00705831
-0.00983761
-0.0124043
-0.014733
-0.0168083
-0.0186243
-0.0201838
-0.0214962
-0.0225748
-0.0234384
-0.0241245
-0.024692
-0.02506
-0.0246427
-0.0227789
0.0269888
0.0279719
0.027244
0.0255673
0.0236393
0.0215722
0.0193236
0.0168838
0.0142703
0.0115105
0.00863848
0.00569519
0.00272746
-0.000214467
-0.00307985
-0.00582059
-0.00839419
-0.010766
-0.012911
-0.0148137
-0.0164685
-0.0178782
-0.0190522
-0.0200039
-0.0207513
-0.0213297
-0.0217971
-0.0220836
-0.0216355
-0.0197793
0.0253576
0.0262815
0.0256364
0.0241355
0.0224095
0.0205472
0.0185072
0.016281
0.0138848
0.0113436
0.00868939
0.00596117
0.00320394
0.000466409
-0.00220195
-0.00475402
-0.00714806
-0.00935002
-0.0113351
-0.0130885
-0.0146046
-0.0158863
-0.0169433
-0.0177887
-0.0184402
-0.0189308
-0.0193171
-0.0195407
-0.0190796
-0.0172463
0.0240019
0.0248465
0.024266
0.0229102
0.0213518
0.0196625
0.0178003
0.0157571
0.0135481
0.0111964
0.00873199
0.00619199
0.00361974
0.00106239
-0.00143191
-0.00381714
-0.00605244
-0.00810449
-0.00994908
-0.0115717
-0.0129671
-0.0141385
-0.0150953
-0.015851
-0.0164224
-0.0168411
-0.0171618
-0.0173366
-0.0168749
-0.0150725
0.0228474
0.023599
0.0230673
0.0218442
0.0204267
0.0188855
0.0171778
0.0152946
0.0132501
0.0110656
0.0087693
0.00639669
0.00398941
0.00159312
-0.0007454
-0.00298129
-0.00507466
-0.00699298
-0.00871267
-0.0102197
-0.0115092
-0.0125844
-0.013455
-0.0141343
-0.0146388
-0.014998
-0.0152651
-0.0154029
-0.0149486
-0.0131809
0.0218433
0.0224906
0.0219955
0.0208967
0.0196054
0.0181914
0.01662
0.0148794
0.0129818
0.0109472
0.00880224
0.00658068
0.00432259
0.00207212
-0.000125289
-0.00222598
-0.00419107
-0.00598887
-0.00759648
-0.00900035
-0.010196
-0.0111868
-0.0119824
-0.0125962
-0.0130443
-0.0133543
-0.0135777
-0.0136871
-0.0132461
-0.0115148
0.020948
0.0214936
0.0210253
0.0200328
0.0188643
0.0175613
0.0161113
0.0144998
0.0127356
0.0108375
0.00883059
0.00674718
0.00462574
0.00250893
0.000440831
-0.00153611
-0.00338404
-0.00507215
-0.00657822
-0.00788922
-0.00900096
-0.009917
-0.010647
-0.0112044
-0.0116046
-0.0118739
-0.012062
-0.0121499
-0.0117261
-0.0100318
0.0201328
0.0205763
0.0201338
0.0192349
0.0181799
0.0169798
0.015639
0.0141459
0.0125048
0.0107326
0.00885343
0.00689802
0.0049033
0.00291045
0.000962193
-0.000900247
-0.00264008
-0.00422736
-0.00564057
-0.00686717
-0.00790328
-0.00875261
-0.0094248
-0.00993308
-0.0102928
-0.0105283
-0.0106879
-0.0107599
-0.0103566
-0.00869963
0.0193778
0.0197166
0.0193014
0.0184889
0.0175334
0.0164363
0.0151927
0.0138092
0.0122833
0.010629
0.0088695
0.00703413
0.00515832
0.00328178
0.00144584
-0.000309514
-0.00194855
-0.00344221
-0.00476965
-0.00591885
-0.0068862
-0.00767552
-0.00829639
-0.00876195
-0.00908716
-0.00929497
-0.00943161
-0.00949255
-0.00911194
-0.00749317
0.0186611
0.0189021
0.0185158
0.0177795
0.0169127
0.0159188
0.0147658
0.0134833
0.012066
0.0105235
0.00887734
0.00715586
0.00539294
0.00362676
0.00189726
0.000243171
-0.00130086
-0.00270667
-0.00395412
-0.00503165
-0.00593593
-0.00667083
-0.00724587
-0.00767402
-0.00796997
-0.00815511
-0.00827392
-0.00832801
-0.00797231
-0.00639333
0.0179654
0.0181191
0.0177623
0.017098
0.0163125
0.0154127
0.0143523
0.0131622
0.0118483
0.0104128
0.00887536
0.00726316
0.0056086
0.00394833
0.00232086
0.000763621
-0.000689878
-0.00201238
-0.00318443
-0.00419494
-0.00504082
-0.00572601
-0.00625989
-0.0066553
-0.00692647
-0.00709356
-0.00719915
-0.0072501
-0.00692139
-0.00538545
0.0172806
0.0173547
0.0170291
0.0164346
0.0157235
0.0149076
0.0139453
0.0128412
0.0116257
0.0102939
0.00886188
0.00735565
0.00580628
0.00424882
0.00272026
0.00125669
-0.000109546
-0.00135214
-0.00245235
-0.00339955
-0.00419089
-0.00483031
-0.0053271
-0.00569384
-0.00594438
-0.00609768
-0.00619434
-0.00624575
-0.0059462
-0.00445872
0.016599
0.0165974
0.0163039
0.0157777
0.0151382
0.0144003
0.013535
0.0125165
0.0113945
0.0101639
0.0088351
0.00743275
0.00598659
0.00453004
0.00309848
0.00172658
0.000445445
-0.000719619
-0.0017506
-0.00263736
-0.00337729
-0.00397434
-0.0044376
-0.0047794
-0.00501327
-0.00515695
-0.00524896
-0.00530445
-0.00503645
-0.00360555
0.0159136
0.0158374
0.0155777
0.0151184
0.0145492
0.0138866
0.0131124
0.0121847
0.0111507
0.0100196
0.0087931
0.00749365
0.00614985
0.00479344
0.00345811
0.002177
0.000979861
-0.000109059
-0.00107256
-0.00190102
-0.00259208
-0.00314969
-0.00358275
-0.00390327
-0.00412434
-0.00426265
-0.00435445
-0.00441787
-0.00418414
-0.00282116
0.0152156
0.0150677
0.0148434
0.0144501
0.0139512
0.0133598
0.0126696
0.0118413
0.0108914
0.00985814
0.00873386
0.00753735
0.0062961
0.00504017
0.00380143
0.00261131
0.00149813
0.000484907
-0.000412056
-0.0011837
-0.00182796
-0.00234876
-0.00275478
-0.00305769
-0.00327006
-0.00340746
-0.00350392
-0.00357957
-0.0033834
-0.00210331
0.0144959
0.0142809
0.0140937
0.0137656
0.0133361
0.0128159
0.0122056
0.0114784
0.0106143
0.00967671
0.00865521
0.00756262
0.00642514
0.00527113
0.00413048
0.00303272
0.00200449
0.00106745
0.000236871
-0.000478868
-0.00107801
-0.00156451
-0.00194675
-0.00223597
-0.00244415
-0.00258573
-0.00269219
-0.00278492
-0.00263036
-0.00145201
0.0137454
0.01347
0.0133223
0.0130586
0.0126978
0.0122494
0.0117177
0.0110886
0.0103168
0.00947212
0.0085546
0.00756796
0.00653651
0.005487
0.00444712
0.00344425
0.00250311
0.00164373
0.000880149
0.000219931
-0.000335573
-0.000790301
-0.00115231
-0.00143227
-0.00164143
-0.00179318
-0.00191597
-0.00203131
-0.00192317
-0.000869253
0.0129526
0.0126273
0.0125219
0.0123233
0.0120316
0.0116567
0.0112025
0.0106651
0.00999558
0.00924074
0.00842908
0.00755149
0.00662944
0.00568824
0.00475313
0.003849
0.0029983
0.00221909
0.0015239
0.000919258
0.000406016
-1.97361e-05
-0.000365598
-0.000641537
-0.000857951
-0.00102673
-0.00117349
-0.00131805
-0.00126214
-0.000358592
0.0121021
0.0117436
0.0116851
0.0115533
0.0113317
0.0110317
0.0106551
0.010205
0.00964535
0.00898095
0.00827609
0.00751123
0.00670301
0.00587516
0.00505019
0.00425007
0.00349445
0.00279898
0.00217426
0.00162554
0.00115304
0.000752914
0.00041823
0.000139951
-9.11788e-05
-0.00028521
-0.000464556
-0.000645872
-0.000649607
7.5282e-05
0.0111737
0.0108063
0.0108007
0.0107391
0.0105911
0.0103679
0.0100707
0.00970751
0.0092584
0.00869077
0.00809302
0.00744513
0.00675618
0.00604794
0.00533988
0.00465037
0.00399565
0.00338831
0.00283658
0.00234405
0.00191019
0.00153138
0.00120173
0.000913397
0.000658688
0.000429541
0.000207701
-1.92145e-05
-9.08e-05
0.000427461
0.0101486
0.00981165
0.00986338
0.00987414
0.00980479
0.00966222
0.00944711
0.00917185
0.00882937
0.00836627
0.00787557
0.00734966
0.00678649
0.0062056
0.00562297
0.00505267
0.00450656
0.00399328
0.00351792
0.00308182
0.00268354
0.00232093
0.00198886
0.00168097
0.00139182
0.00111607
0.000840245
0.000558241
0.000409252
0.000694568
0.00899453
0.00878682
0.00891044
0.00898332
0.00898862
0.00892575
0.00879076
0.00859869
0.0083535
0.00800129
0.00761392
0.00721405
0.00678486
0.00634278
0.00589967
0.00546387
0.0050411
0.00463421
0.00424358
0.00386709
0.00350197
0.0031507
0.00280682
0.00246629
0.00212738
0.00178874
0.00144283
0.0010918
0.000848675
0.000876453
0.00751427
0.0076752
0.00796482
0.00809806
0.00816027
0.00816374
0.00809846
0.00797639
0.00781343
0.0075766
0.00729143
0.00702209
0.00674011
0.00645673
0.00617783
0.00590335
0.0056297
0.00535104
0.00506057
0.0047521
0.00442216
0.0040715
0.0036997
0.00330628
0.00289451
0.00246871
0.00202868
0.00158477
0.00121901
0.000970281
0.00507165
0.00579048
0.00652138
0.00687629
0.00707319
0.00719371
0.00724146
0.00722869
0.0071801
0.00708748
0.00694015
0.00682336
0.00670745
0.00659635
0.00648836
0.00637403
0.00624003
0.00607353
0.0058621
0.00560017
0.00529814
0.0048945
0.00446466
0.00399672
0.00349741
0.00297675
0.00244186
0.00190931
0.00142609
0.00094378
0.00133902
0.00187039
0.00322218
0.00421106
0.00492098
0.00548396
0.0059275
0.0062668
0.00652887
0.00672019
0.00682509
0.00690217
0.00692995
0.00690603
0.00682853
0.00669254
0.00649314
0.00622964
0.00590147
0.00550648
0.00504202
0.00459346
0.00410997
0.00360573
0.00309804
0.0025975
0.00211238
0.00165992
0.00125029
0.000765922
-0.0582603
-0.0493001
-0.0425537
-0.0370017
-0.0324097
-0.0285657
-0.0253075
-0.0225136
-0.0200914
-0.0179702
-0.0160954
-0.0144246
-0.0129242
-0.0115674
-0.0103325
-0.00920172
-0.00816058
-0.007197
-0.00630112
-0.00546505
-0.00468281
-0.00395035
-0.00326559
-0.00262854
-0.00204171
-0.00151182
-0.00104659
-0.000642281
-0.000290748
-0.000112345
-0.0586369
-0.0494561
-0.0423604
-0.0366625
-0.0319947
-0.0281071
-0.024821
-0.0220077
-0.0195713
-0.0174398
-0.015558
-0.0138834
-0.0123826
-0.0110295
-0.00980327
-0.00868764
-0.00766969
-0.00673947
-0.00588943
-0.00511409
-0.00440966
-0.0037738
-0.00320529
-0.00270372
-0.00226964
-0.00190487
-0.00161089
-0.00136692
-0.00108706
-0.000751445
-0.059776
-0.0506728
-0.0435171
-0.0377891
-0.0330913
-0.0291747
-0.0258612
-0.0230221
-0.020562
-0.0184093
-0.0165092
-0.0148191
-0.0133059
-0.0119432
-0.0107099
-0.00958925
-0.00856788
-0.00763507
-0.00678243
-0.00600346
-0.00529329
-0.00464847
-0.00406675
-0.00354669
-0.00308791
-0.00269323
-0.00237097
-0.00210771
-0.00178687
-0.0012785
-0.061107
-0.0522593
-0.0451839
-0.0394713
-0.0347434
-0.0307761
-0.0274027
-0.0245008
-0.0219783
-0.0197656
-0.017809
-0.0160665
-0.0145051
-0.0130985
-0.0118256
-0.0106694
-0.00961608
-0.00865465
-0.00777618
-0.00697358
-0.00624129
-0.00557509
-0.0049718
-0.00442892
-0.00394461
-0.00352059
-0.00316653
-0.00287237
-0.00250544
-0.00185214
-0.0623208
-0.0536845
-0.0467006
-0.0410141
-0.0362657
-0.032254
-0.0288247
-0.0258622
-0.0232784
-0.021006
-0.0189925
-0.017197
-0.0155865
-0.0141351
-0.0128215
-0.0116285
-0.0105423
-0.00955131
-0.00864635
-0.00781988
-0.00706586
-0.0063795
-0.00575706
-0.00519542
-0.00469192
-0.00424728
-0.00387116
-0.00355562
-0.00316284
-0.00242598
-0.0633753
-0.0548802
-0.0479799
-0.042326
-0.0375722
-0.033533
-0.0300643
-0.0270562
-0.0244245
-0.0221041
-0.0200441
-0.0182043
-0.0165523
-0.0150624
-0.0137133
-0.012488
-0.0113722
-0.0103544
-0.00942502
-0.00857623
-0.00780161
-0.00709595
-0.00645505
-0.00587533
-0.00535358
-0.0048897
-0.00449278
-0.0041571
-0.00374951
-0.00297884
-0.064284
-0.0558934
-0.0490726
-0.0434553
-0.0387064
-0.0346522
-0.0311565
-0.0281144
-0.0254452
-0.0230859
-0.0209873
-0.0191098
-0.0174219
-0.015898
-0.0145172
-0.0132623
-0.0121192
-0.0110762
-0.0101235
-0.00925308
-0.00845828
-0.00773358
-0.00707442
-0.00647689
-0.00593739
-0.00545504
-0.00503777
-0.00468186
-0.00426613
-0.00350025
-0.0650506
-0.0567528
-0.0500048
-0.0444243
-0.0396855
-0.0356236
-0.0321089
-0.0290409
-0.0263416
-0.0239504
-0.0218192
-0.0199095
-0.0181904
-0.0166366
-0.0152275
-0.013946
-0.012778
-0.0117117
-0.0107373
-0.00984658
-0.00903269
-0.00828989
-0.00761337
-0.00699896
-0.00644281
-0.00594334
-0.00550689
-0.0051313
-0.00471222
-0.00397989
-0.0656816
-0.0574674
-0.0507853
-0.0452392
-0.0405126
-0.0364474
-0.0329196
-0.0298319
-0.027109
-0.0246919
-0.0225338
-0.0205973
-0.0188517
-0.0172724
-0.0158389
-0.0145342
-0.0133443
-0.0122574
-0.0112636
-0.0103546
-0.00952348
-0.00876423
-0.0080719
-0.00744213
-0.00687091
-0.00635602
-0.00590202
-0.0055078
-0.0050884
-0.0044085
-0.0661932
-0.0580428
-0.0514217
-0.0459062
-0.0411922
-0.0371265
-0.0335899
-0.0304876
-0.0277465
-0.0253091
-0.0231296
-0.0211712
-0.019404
-0.0178036
-0.0163497
-0.0150256
-0.0138171
-0.0127127
-0.0117023
-0.0107776
-0.00993146
-0.0091579
-0.00845176
-0.00780857
-0.00722419
-0.0066959
-0.00622642
-0.00581515
-0.00539693
-0.00477891
-0.0665945
-0.0584921
-0.051924
-0.0464345
-0.0417322
-0.0376674
-0.0341252
-0.0310125
-0.0282577
-0.0258047
-0.0236085
-0.021633
-0.0198488
-0.0182315
-0.0167613
-0.0154215
-0.014198
-0.0130792
-0.0120552
-0.0111175
-0.010259
-0.00947353
-0.00875589
-0.00810148
-0.00750613
-0.0069667
-0.00648416
-0.006058
-0.00564132
-0.00508636
-0.0668947
-0.0588301
-0.0523033
-0.0468349
-0.0421424
-0.0380791
-0.0345333
-0.0314133
-0.0286487
-0.0261842
-0.0239756
-0.0219873
-0.0201901
-0.0185601
-0.0170774
-0.0157255
-0.0144904
-0.0133605
-0.0123259
-0.0113781
-0.0105098
-0.00971504
-0.00898834
-0.00832509
-0.00772107
-0.00717286
-0.00667995
-0.00624153
-0.0058261
-0.00532854
-0.0671026
-0.059072
-0.0525709
-0.0471191
-0.0424341
-0.0383722
-0.0348242
-0.0316993
-0.028928
-0.0264555
-0.0242382
-0.0222408
-0.0204344
-0.0187953
-0.0173037
-0.0159432
-0.0146998
-0.0135619
-0.0125196
-0.0115644
-0.0106891
-0.00988752
-0.00915421
-0.0084845
-0.00787415
-0.00731955
-0.00681903
-0.0063713
-0.00595653
-0.00550551
-0.0672327
-0.0592271
-0.0527383
-0.0472994
-0.0426191
-0.038558
-0.0350088
-0.0318809
-0.0291053
-0.0266278
-0.0244051
-0.022402
-0.0205898
-0.0189449
-0.0174476
-0.0160816
-0.0148329
-0.0136899
-0.0126427
-0.0116828
-0.010803
-0.00999699
-0.00925943
-0.00858555
-0.00797111
-0.0074124
-0.00690697
-0.00645305
-0.00603839
-0.00561948
-0.0672981
-0.0592999
-0.0528175
-0.0473861
-0.0427078
-0.038647
-0.0350972
-0.0319678
-0.0291902
-0.0267103
-0.0244849
-0.0224791
-0.0206641
-0.0190164
-0.0175164
-0.0161477
-0.0148965
-0.013751
-0.0127015
-0.0117393
-0.0108573
-0.0100493
-0.00930964
-0.00863376
-0.00801735
-0.00745665
-0.00694885
-0.00649188
-0.00607709
-0.00567406
-0.0672984
-0.0593002
-0.0528178
-0.0473864
-0.042708
-0.0386472
-0.0350973
-0.0319679
-0.0291903
-0.0267104
-0.024485
-0.0224791
-0.0206642
-0.0190165
-0.0175165
-0.0161478
-0.0148966
-0.0137512
-0.0127016
-0.0117395
-0.0108575
-0.0100494
-0.00930982
-0.00863394
-0.00801753
-0.00745683
-0.00694904
-0.00649207
-0.00607728
-0.00567424
-0.0672335
-0.059228
-0.0527393
-0.0473002
-0.0426197
-0.0385585
-0.0350092
-0.0318812
-0.0291056
-0.0266281
-0.0244053
-0.0224022
-0.02059
-0.0189452
-0.0174479
-0.0160819
-0.0148332
-0.0136903
-0.0126431
-0.0116832
-0.0108035
-0.0099975
-0.00925996
-0.00858608
-0.00797165
-0.00741294
-0.00690752
-0.0064536
-0.00603895
-0.00562003
-0.067104
-0.0590734
-0.0525726
-0.0471205
-0.0424352
-0.0383731
-0.0348249
-0.0316998
-0.0289284
-0.0264559
-0.0242386
-0.0222412
-0.0204348
-0.0187957
-0.0173042
-0.0159437
-0.0147004
-0.0135625
-0.0125203
-0.0115652
-0.0106899
-0.00988836
-0.00915507
-0.00848537
-0.00787503
-0.00732043
-0.00681993
-0.0063722
-0.00595744
-0.0055064
-0.0668968
-0.058832
-0.0523055
-0.0468367
-0.0421439
-0.0380804
-0.0345344
-0.0314141
-0.0286494
-0.0261848
-0.0239762
-0.0219879
-0.0201907
-0.0185607
-0.0170781
-0.0157262
-0.0144912
-0.0133615
-0.0123269
-0.0113791
-0.010511
-0.0097162
-0.00898952
-0.00832628
-0.00772227
-0.00717408
-0.00668118
-0.00624277
-0.00582734
-0.00532976
-0.0665972
-0.0584944
-0.0519267
-0.0464367
-0.041734
-0.0376691
-0.0341266
-0.0310136
-0.0282586
-0.0258055
-0.0236093
-0.0216337
-0.0198495
-0.0182323
-0.0167622
-0.0154224
-0.0141991
-0.0130804
-0.0120565
-0.0111188
-0.0102604
-0.00947497
-0.00875736
-0.00810297
-0.00750763
-0.00696822
-0.00648569
-0.00605954
-0.00564287
-0.00508789
-0.0661964
-0.0580454
-0.0514247
-0.0459086
-0.0411943
-0.0371286
-0.0335917
-0.0304891
-0.0277477
-0.0253101
-0.0231305
-0.0211721
-0.0194049
-0.0178046
-0.0163508
-0.0150267
-0.0138184
-0.0127141
-0.0117038
-0.0107792
-0.00993312
-0.00915961
-0.0084535
-0.00781033
-0.00722598
-0.00669771
-0.00622824
-0.00581698
-0.00539876
-0.00478072
-0.0656853
-0.0574704
-0.0507885
-0.0452418
-0.040515
-0.0364498
-0.0329218
-0.0298337
-0.0271105
-0.0246932
-0.022535
-0.0205984
-0.0188529
-0.0172736
-0.0158402
-0.0145356
-0.0133459
-0.0122591
-0.0112654
-0.0103565
-0.00952539
-0.00876619
-0.00807389
-0.00744416
-0.00687296
-0.00635809
-0.00590411
-0.00550989
-0.0050905
-0.00441057
-0.0650549
-0.056756
-0.0500081
-0.0444271
-0.0396881
-0.0356263
-0.0321115
-0.029043
-0.0263435
-0.023952
-0.0218207
-0.0199109
-0.0181918
-0.0166381
-0.0152291
-0.0139477
-0.0127798
-0.0117136
-0.0107393
-0.00984867
-0.00903484
-0.00829208
-0.0076156
-0.00700122
-0.0064451
-0.00594565
-0.00550922
-0.00513363
-0.00471456
-0.00398221
-0.0642885
-0.0558967
-0.049076
-0.043458
-0.0387091
-0.0346552
-0.0311593
-0.0281169
-0.0254474
-0.0230879
-0.0209891
-0.0191115
-0.0174236
-0.0158998
-0.0145191
-0.0132643
-0.0121213
-0.0110783
-0.0101257
-0.0092554
-0.00846065
-0.00773599
-0.00707687
-0.00647937
-0.0059399
-0.00545758
-0.00504033
-0.00468443
-0.0042687
-0.00350279
-0.0633801
-0.0548835
-0.0479833
-0.0423287
-0.037575
-0.0335362
-0.0300675
-0.0270591
-0.0244271
-0.0221064
-0.0200463
-0.0182063
-0.0165544
-0.0150645
-0.0137155
-0.0124902
-0.0113745
-0.0103568
-0.00942749
-0.00857876
-0.00780419
-0.00709858
-0.00645772
-0.00587803
-0.00535631
-0.00489245
-0.00449555
-0.00415989
-0.0037523
-0.0029816
-0.0623257
-0.0536879
-0.0467039
-0.0410168
-0.0362686
-0.0322573
-0.0288281
-0.0258654
-0.0232814
-0.0210087
-0.0189951
-0.0171994
-0.015589
-0.0141375
-0.012824
-0.0116311
-0.0105449
-0.00955395
-0.00864904
-0.00782263
-0.00706865
-0.00638234
-0.00575994
-0.00519832
-0.00469485
-0.00425023
-0.00387412
-0.0035586
-0.00316582
-0.00242895
-0.0611118
-0.0522628
-0.0451871
-0.0394739
-0.0347463
-0.0307795
-0.0274064
-0.0245043
-0.0219817
-0.0197688
-0.017812
-0.0160694
-0.014508
-0.0131013
-0.0118284
-0.0106722
-0.00961895
-0.00865755
-0.00777911
-0.00697655
-0.00624431
-0.00557814
-0.00497489
-0.00443203
-0.00394774
-0.00352373
-0.00316967
-0.00287552
-0.00250859
-0.00185528
-0.0597808
-0.0506763
-0.0435203
-0.0377918
-0.0330942
-0.0291782
-0.0258651
-0.023026
-0.0205658
-0.018413
-0.0165127
-0.0148226
-0.0133093
-0.0119464
-0.0107131
-0.00959246
-0.00857108
-0.00763828
-0.00678565
-0.00600669
-0.00529655
-0.00465176
-0.00407005
-0.00355001
-0.00309123
-0.00269655
-0.00237429
-0.00211101
-0.00179015
-0.00128177
-0.0586416
-0.0494597
-0.0423636
-0.0366652
-0.0319977
-0.0281106
-0.024825
-0.0220119
-0.0195756
-0.017444
-0.0155621
-0.0138873
-0.0123864
-0.0110332
-0.00980696
-0.00869126
-0.00767326
-0.00674302
-0.00589297
-0.00511762
-0.0044132
-0.00377733
-0.00320881
-0.00270723
-0.00227313
-0.00190834
-0.00161434
-0.00137034
-0.00109043
-0.000754734
-0.0582648
-0.0493038
-0.0425571
-0.0370048
-0.0324129
-0.0285695
-0.0253118
-0.0225183
-0.0200962
-0.0179749
-0.0161
-0.0144291
-0.0129285
-0.0115716
-0.0103366
-0.00920572
-0.00816448
-0.00720082
-0.00630489
-0.00546879
-0.00468653
-0.00395405
-0.00326926
-0.00263218
-0.00204531
-0.00151537
-0.00105009
-0.000645737
-0.000294169
-0.000115672
-0.000718662
-0.00109657
-0.00152624
-0.00196473
-0.00237566
-0.00275378
-0.00310188
-0.0034214
-0.00371281
-0.00397672
-0.00421405
-0.00442591
-0.0046135
-0.00477812
-0.00492107
-0.00504369
-0.00514731
-0.00523324
-0.00530275
-0.00535706
-0.00539736
-0.00542478
-0.00544039
-0.00544519
-0.00544015
-0.00542614
-0.00540402
-0.00537456
-0.00533847
-0.00529644
-0.00524909
-0.00519698
-0.00514064
-0.00508056
-0.00501717
-0.00495088
-0.00488206
-0.00481104
-0.00473812
-0.00466357
-0.00458765
-0.00451056
-0.00443251
-0.00435368
-0.00427421
-0.00419426
-0.00411393
-0.00403335
-0.00395261
-0.0038718
-0.00379102
-0.00371014
-0.0036293
-0.00354858
-0.00346802
-0.00338764
-0.00330742
-0.00322747
-0.00314779
-0.00306838
-0.00298924
-0.00291037
-0.00283176
-0.00275341
-0.00267532
-0.00259748
-0.00251988
-0.00244252
-0.00236539
-0.00228846
-0.00221175
-0.00213523
-0.0020589
-0.00198274
-0.00190674
-0.0018309
-0.00175521
-0.00167966
-0.00160423
-0.00152892
-0.00145371
-0.00137861
-0.0013036
-0.00122868
-0.00115384
-0.00107907
-0.00100436
-0.000929714
-0.000855121
-0.000780587
-0.000706116
-0.000631692
-0.000557299
-0.000482934
-0.000408599
-0.000334282
-0.000259964
-0.000185682
-0.000111472
-3.72482e-05
-0.00153135
-0.00164593
-0.00191216
-0.00223794
-0.00254919
-0.00283679
-0.00310558
-0.00335704
-0.0035908
-0.00380653
-0.00400429
-0.00418432
-0.00434698
-0.00449275
-0.00462219
-0.00473594
-0.00483467
-0.00491913
-0.00499006
-0.00504822
-0.00509437
-0.00512928
-0.0051537
-0.00516834
-0.00517392
-0.00517111
-0.00516056
-0.0051429
-0.00511871
-0.00508856
-0.00505296
-0.0050124
-0.00496736
-0.00491825
-0.00486548
-0.00480942
-0.00475041
-0.00468877
-0.0046248
-0.00455874
-0.00449087
-0.00442138
-0.00435049
-0.00427839
-0.00420523
-0.00413117
-0.00405634
-0.00398086
-0.00390484
-0.00382834
-0.00375142
-0.00367435
-0.00359709
-0.00351967
-0.00344214
-0.00336456
-0.003287
-0.00320943
-0.00313188
-0.00305438
-0.00297697
-0.00289965
-0.00282244
-0.00274535
-0.00266839
-0.00259156
-0.00251487
-0.00243831
-0.00236188
-0.00228559
-0.00220943
-0.0021334
-0.00205749
-0.00198171
-0.00190603
-0.00183047
-0.00175502
-0.00167966
-0.0016044
-0.00152923
-0.00145414
-0.00137913
-0.0013042
-0.00122933
-0.00115453
-0.00107979
-0.00100511
-0.000930476
-0.000855886
-0.000781342
-0.000706841
-0.000632382
-0.000557964
-0.000483583
-0.000409233
-0.00033488
-0.000260508
-0.000186171
-0.000111914
-3.75428e-05
-0.00225026
-0.00215054
-0.00228199
-0.00251933
-0.00275363
-0.00297082
-0.00317743
-0.0033751
-0.00356274
-0.00373932
-0.00390426
-0.00405717
-0.00419785
-0.0043262
-0.00444225
-0.00454615
-0.00463813
-0.00471851
-0.00478766
-0.00484599
-0.00489398
-0.0049321
-0.00496086
-0.00498077
-0.00499235
-0.00499612
-0.00499257
-0.00498221
-0.00496552
-0.00494295
-0.00491497
-0.00488198
-0.00484441
-0.00480263
-0.00475701
-0.00470788
-0.00465557
-0.00460037
-0.00454256
-0.00448241
-0.00442014
-0.00435599
-0.00429015
-0.00422281
-0.00415414
-0.0040843
-0.00401344
-0.00394167
-0.00386913
-0.00379591
-0.00372211
-0.0036478
-0.00357308
-0.00349801
-0.00342264
-0.00334704
-0.00327126
-0.00319533
-0.00311931
-0.00304321
-0.00296707
-0.00289092
-0.00281477
-0.00273864
-0.00266255
-0.0025865
-0.00251051
-0.00243458
-0.00235871
-0.00228292
-0.00220721
-0.00213157
-0.00205601
-0.00198053
-0.00190512
-0.00182979
-0.00175454
-0.00167936
-0.00160425
-0.00152921
-0.00145422
-0.00137931
-0.00130445
-0.00122964
-0.00115489
-0.00108019
-0.00100553
-0.000930915
-0.000856338
-0.000781803
-0.000707302
-0.000632828
-0.00055839
-0.000484001
-0.000409644
-0.000335273
-0.000260874
-0.000186508
-0.00011224
-3.77949e-05
-0.00287607
-0.00262464
-0.0026524
-0.00281334
-0.0029797
-0.00313501
-0.00328673
-0.00343639
-0.00358234
-0.00372304
-0.00385739
-0.00398456
-0.00410385
-0.00421473
-0.00431681
-0.00440984
-0.00449369
-0.00456833
-0.00463383
-0.00469031
-0.00473799
-0.00477711
-0.00480798
-0.00483091
-0.00484627
-0.00485441
-0.00485573
-0.00485059
-0.00483938
-0.00482249
-0.00480028
-0.00477312
-0.00474135
-0.00470532
-0.00466536
-0.00462176
-0.00457483
-0.00452484
-0.00447206
-0.00441673
-0.00435909
-0.00429934
-0.00423769
-0.00417432
-0.00410941
-0.00404312
-0.00397559
-0.00390695
-0.00383734
-0.00376686
-0.00369561
-0.00362369
-0.00355118
-0.00347816
-0.0034047
-0.00333087
-0.00325671
-0.00318228
-0.00310762
-0.00303278
-0.0029578
-0.00288269
-0.00280749
-0.00273223
-0.00265692
-0.00258157
-0.00250622
-0.00243086
-0.00235552
-0.00228019
-0.00220489
-0.00212962
-0.00205438
-0.00197919
-0.00190404
-0.00182894
-0.00175388
-0.00167887
-0.00160391
-0.00152899
-0.00145412
-0.0013793
-0.00130452
-0.00122978
-0.00115508
-0.00108043
-0.0010058
-0.000931212
-0.000856656
-0.000782136
-0.000707641
-0.000633167
-0.000558724
-0.000484328
-0.000409962
-0.000335579
-0.000261163
-0.000186787
-0.000112539
-3.80481e-05
-0.00342228
-0.00306339
-0.00301148
-0.00310432
-0.00320855
-0.00330813
-0.0034106
-0.00351701
-0.00362519
-0.00373316
-0.0038394
-0.00394267
-0.00404187
-0.0041361
-0.00422461
-0.0043068
-0.00438225
-0.00445062
-0.00451173
-0.00456545
-0.00461178
-0.00465077
-0.00468253
-0.00470722
-0.00472506
-0.00473628
-0.00474114
-0.00473993
-0.00473294
-0.00472048
-0.00470283
-0.00468032
-0.00465324
-0.00462189
-0.00458656
-0.00454752
-0.00450505
-0.0044594
-0.00441082
-0.00435954
-0.00430579
-0.00424977
-0.00419168
-0.0041317
-0.00407
-0.00400674
-0.00394208
-0.00387614
-0.00380906
-0.00374096
-0.00367193
-0.00360209
-0.00353151
-0.00346029
-0.0033885
-0.00331621
-0.00324348
-0.00317037
-0.00309693
-0.0030232
-0.00294924
-0.00287507
-0.00280072
-0.00272623
-0.00265162
-0.00257692
-0.00250214
-0.00242731
-0.00235243
-0.00227753
-0.00220261
-0.00212768
-0.00205275
-0.00197782
-0.00190291
-0.00182802
-0.00175314
-0.00167829
-0.00160347
-0.00152868
-0.00145392
-0.00137919
-0.00130449
-0.00122982
-0.00115517
-0.00108056
-0.00100597
-0.000931418
-0.000856889
-0.000782384
-0.000707902
-0.000633437
-0.000558997
-0.000484594
-0.000410221
-0.00033583
-0.000261403
-0.000187028
-0.000112819
-3.8302e-05
-0.0038855
-0.00345781
-0.00334522
-0.00337807
-0.00342692
-0.00347753
-0.0035369
-0.00360532
-0.00368018
-0.00375915
-0.00384035
-0.00392217
-0.00400319
-0.00408217
-0.00415808
-0.00423005
-0.00429737
-0.00435949
-0.00441597
-0.00446652
-0.00451092
-0.00454906
-0.0045809
-0.00460646
-0.00462583
-0.00463914
-0.00464654
-0.00464823
-0.00464443
-0.00463537
-0.00462129
-0.00460245
-0.00457911
-0.00455152
-0.00451993
-0.0044846
-0.00444577
-0.00440368
-0.00435857
-0.00431065
-0.00426013
-0.00420722
-0.0041521
-0.00409495
-0.00403596
-0.00397526
-0.00391302
-0.00384937
-0.00378445
-0.00371837
-0.00365124
-0.00358317
-0.00351425
-0.00344457
-0.00337422
-0.00330326
-0.00323176
-0.00315979
-0.0030874
-0.00301464
-0.00294156
-0.00286821
-0.0027946
-0.00272079
-0.0026468
-0.00257267
-0.0024984
-0.00242403
-0.00234957
-0.00227505
-0.00220046
-0.00212583
-0.00205118
-0.0019765
-0.0019018
-0.0018271
-0.0017524
-0.0016777
-0.00160301
-0.00152833
-0.00145366
-0.00137902
-0.00130439
-0.00122978
-0.0011552
-0.00108063
-0.00100609
-0.000931557
-0.000857053
-0.000782569
-0.000708103
-0.000633652
-0.000559216
-0.000484807
-0.000410429
-0.000336039
-0.000261612
-0.000187244
-0.000113073
-3.85449e-05
-0.00426842
-0.00380512
-0.00364698
-0.00362695
-0.00362702
-0.00363527
-0.0036575
-0.00369314
-0.0037392
-0.00379301
-0.00385241
-0.00391547
-0.00398049
-0.00404596
-0.00411058
-0.00417328
-0.00423311
-0.00428933
-0.00434133
-0.00438863
-0.00443086
-0.00446778
-0.00449921
-0.00452506
-0.00454531
-0.00455999
-0.00456918
-0.004573
-0.00457159
-0.00456514
-0.00455383
-0.00453787
-0.00451748
-0.00449287
-0.00446429
-0.00443195
-0.00439607
-0.00435689
-0.0043146
-0.00426943
-0.00422157
-0.00417122
-0.00411856
-0.00406377
-0.00400702
-0.00394846
-0.00388824
-0.00382651
-0.00376339
-0.00369901
-0.00363347
-0.0035669
-0.00349938
-0.00343101
-0.00336187
-0.00329204
-0.00322159
-0.00315059
-0.00307909
-0.00300716
-0.00293484
-0.00286218
-0.00278922
-0.00271599
-0.00264254
-0.00256889
-0.00249507
-0.0024211
-0.00234701
-0.00227281
-0.00219852
-0.00212416
-0.00204974
-0.00197527
-0.00190076
-0.00182623
-0.00175168
-0.00167711
-0.00160254
-0.00152796
-0.00145339
-0.00137882
-0.00130426
-0.00122971
-0.00115518
-0.00108066
-0.00100615
-0.000931653
-0.000857172
-0.000782706
-0.000708256
-0.000633818
-0.00055939
-0.000484983
-0.000410606
-0.000336219
-0.000261794
-0.000187432
-0.000113299
-3.87727e-05
-0.00457693
-0.00410472
-0.00391283
-0.00384648
-0.00380422
-0.00377639
-0.00376715
-0.003775
-0.00379661
-0.00382906
-0.00386989
-0.00391693
-0.0039682
-0.004022
-0.00407683
-0.00413139
-0.00418459
-0.00423551
-0.00428339
-0.00432761
-0.00436769
-0.00440325
-0.00443402
-0.00445981
-0.00448051
-0.00449608
-0.00450652
-0.00451189
-0.00451227
-0.0045078
-0.00449863
-0.00448491
-0.00446684
-0.00444461
-0.00441842
-0.00438847
-0.00435497
-0.00431812
-0.00427812
-0.00423518
-0.00418949
-0.00414123
-0.00409058
-0.00403772
-0.00398281
-0.003926
-0.00386745
-0.0038073
-0.00374567
-0.0036827
-0.00361849
-0.00355316
-0.0034868
-0.00341952
-0.00335139
-0.00328251
-0.00321294
-0.00314275
-0.003072
-0.00300077
-0.00292908
-0.00285701
-0.00278459
-0.00271186
-0.00263886
-0.00256563
-0.00249218
-0.00241855
-0.00234476
-0.00227084
-0.00219681
-0.00212267
-0.00204846
-0.00197417
-0.00189983
-0.00182545
-0.00175102
-0.00167657
-0.0016021
-0.00152762
-0.00145312
-0.00137863
-0.00130413
-0.00122963
-0.00115514
-0.00108065
-0.00100618
-0.000931714
-0.000857258
-0.00078281
-0.000708374
-0.000633948
-0.00055953
-0.000485129
-0.000410755
-0.000336372
-0.00026195
-0.000187593
-0.000113493
-3.89814e-05
-0.00481854
-0.00435743
-0.00414076
-0.00403439
-0.00395613
-0.0038982
-0.0038628
-0.00384756
-0.00384886
-0.00386355
-0.00388894
-0.00392261
-0.0039624
-0.0040064
-0.00405295
-0.0041006
-0.00414813
-0.00419446
-0.00423873
-0.0042802
-0.00431829
-0.00435253
-0.00438255
-0.0044081
-0.00442899
-0.00444511
-0.00445642
-0.00446291
-0.00446463
-0.00446166
-0.00445412
-0.00444214
-0.00442588
-0.00440551
-0.0043812
-0.00435314
-0.00432152
-0.00428653
-0.00424836
-0.00420721
-0.00416325
-0.00411667
-0.00406765
-0.00401634
-0.00396292
-0.00390754
-0.00385035
-0.00379148
-0.00373106
-0.00366924
-0.00360611
-0.00354179
-0.00347639
-0.00340999
-0.0033427
-0.00327459
-0.00320574
-0.00313621
-0.00306609
-0.00299542
-0.00292427
-0.00285267
-0.00278069
-0.00270838
-0.00263577
-0.00256288
-0.00248974
-0.0024164
-0.00234287
-0.00226918
-0.00219535
-0.00212141
-0.00204736
-0.00197323
-0.00189902
-0.00182476
-0.00175045
-0.0016761
-0.00160171
-0.00152731
-0.00145288
-0.00137844
-0.00130399
-0.00122954
-0.00115509
-0.00108064
-0.00100619
-0.000931751
-0.000857316
-0.000782889
-0.00070847
-0.000634054
-0.000559643
-0.000485247
-0.000410876
-0.000336498
-0.000262081
-0.000187728
-0.000113657
-3.91685e-05
-0.00500181
-0.00456511
-0.00433027
-0.00419008
-0.00408205
-0.00399962
-0.00394301
-0.00390904
-0.0038939
-0.00389422
-0.0039071
-0.00392992
-0.00396037
-0.00399638
-0.00403616
-0.00407814
-0.00412097
-0.00416348
-0.00420471
-0.00424384
-0.0042802
-0.00431324
-0.00434255
-0.00436778
-0.00438871
-0.00440517
-0.00441707
-0.00442436
-0.00442707
-0.00442523
-0.00441892
-0.00440827
-0.0043934
-0.00437446
-0.00435161
-0.00432502
-0.00429487
-0.00426134
-0.00422461
-0.00418486
-0.00414228
-0.00409703
-0.00404928
-0.00399921
-0.00394697
-0.00389272
-0.0038366
-0.00377875
-0.0037193
-0.00365839
-0.00359612
-0.00353262
-0.00346797
-0.00340229
-0.00333566
-0.00326817
-0.0031999
-0.00313092
-0.00306129
-0.00299108
-0.00292035
-0.00284915
-0.00277754
-0.00270555
-0.00263323
-0.00256061
-0.00248773
-0.00241462
-0.0023413
-0.0022678
-0.00219415
-0.00212036
-0.00204645
-0.00197245
-0.00189836
-0.00182419
-0.00174997
-0.0016757
-0.00160138
-0.00152704
-0.00145267
-0.00137828
-0.00130387
-0.00122946
-0.00115504
-0.00108062
-0.00100619
-0.000931775
-0.00085736
-0.00078295
-0.000708543
-0.000634137
-0.000559733
-0.000485342
-0.000410976
-0.000336601
-0.000262185
-0.000187833
-0.000113787
-3.93323e-05
-0.00513572
-0.00473031
-0.00448209
-0.0043142
-0.00418243
-0.00408072
-0.00400743
-0.00395877
-0.00393073
-0.0039198
-0.00392287
-0.00393719
-0.0039603
-0.00399002
-0.00402446
-0.00406195
-0.00410104
-0.00414051
-0.00417929
-0.00421652
-0.00425145
-0.00428349
-0.00431216
-0.00433708
-0.00435797
-0.00437463
-0.00438693
-0.0043948
-0.00439822
-0.00439721
-0.00439183
-0.00438217
-0.00436835
-0.00435049
-0.00432875
-0.00430328
-0.00427425
-0.00424183
-0.0042062
-0.00416753
-0.00412599
-0.00408176
-0.004035
-0.00398588
-0.00393455
-0.00388117
-0.00382588
-0.00376882
-0.00371012
-0.00364992
-0.00358832
-0.00352544
-0.00346139
-0.00339627
-0.00333015
-0.00326315
-0.00319532
-0.00312675
-0.00305752
-0.00298767
-0.00291727
-0.00284638
-0.00277505
-0.00270332
-0.00263123
-0.00255883
-0.00248615
-0.00241321
-0.00234006
-0.00226671
-0.00219319
-0.00211953
-0.00204573
-0.00197182
-0.00189782
-0.00182373
-0.00174958
-0.00167537
-0.00160112
-0.00152682
-0.00145249
-0.00137814
-0.00130377
-0.00122939
-0.00115499
-0.00108059
-0.00100619
-0.000931792
-0.000857393
-0.000782996
-0.000708599
-0.0006342
-0.000559802
-0.000485416
-0.000411051
-0.00033668
-0.000262272
-0.000187921
-0.000113888
-3.94717e-05
-0.00522895
-0.00485596
-0.00459785
-0.00440834
-0.00425852
-0.00414232
-0.0040565
-0.00399681
-0.00395911
-0.00393974
-0.00393547
-0.00394342
-0.00396102
-0.00398603
-0.00401645
-0.00405054
-0.00408681
-0.00412396
-0.00416089
-0.00419665
-0.00423048
-0.00426173
-0.00428989
-0.00431454
-0.00433537
-0.00435214
-0.00436472
-0.00437298
-0.00437691
-0.00437649
-0.00437177
-0.00436284
-0.00434977
-0.00433271
-0.00431177
-0.00428713
-0.00425892
-0.00422732
-0.0041925
-0.00415462
-0.00411386
-0.00407038
-0.00402435
-0.00397594
-0.00392528
-0.00387255
-0.00381788
-0.0037614
-0.00370327
-0.00364359
-0.00358249
-0.00352008
-0.00345647
-0.00339175
-0.00332603
-0.00325938
-0.00319189
-0.00312363
-0.00305468
-0.0029851
-0.00291496
-0.00284429
-0.00277317
-0.00270163
-0.00262973
-0.00255749
-0.00248495
-0.00241215
-0.00233912
-0.00226589
-0.00219247
-0.0021189
-0.00204518
-0.00197135
-0.00189741
-0.00182339
-0.00174929
-0.00167513
-0.00160091
-0.00152665
-0.00145236
-0.00137804
-0.00130369
-0.00122933
-0.00115496
-0.00108058
-0.00100619
-0.000931802
-0.000857418
-0.000783033
-0.000708642
-0.000634249
-0.000559858
-0.000485477
-0.000411112
-0.000336742
-0.000262334
-0.00018798
-0.000113958
-3.95875e-05
-0.00528947
-0.0049452
-0.00467989
-0.00447466
-0.00431212
-0.00418575
-0.00409114
-0.00402372
-0.00397926
-0.003954
-0.00394459
-0.00394808
-0.00396184
-0.00398354
-0.00401114
-0.00404286
-0.00407714
-0.00411266
-0.00414827
-0.004183
-0.00421604
-0.00424672
-0.00427451
-0.00429895
-0.00431972
-0.00433657
-0.00434931
-0.00435785
-0.00436211
-0.0043621
-0.00435784
-0.00434939
-0.00433685
-0.00432033
-0.00429996
-0.00427588
-0.00424824
-0.00421721
-0.00418295
-0.00414562
-0.0041054
-0.00406245
-0.00401692
-0.00396899
-0.00391881
-0.00386653
-0.00381228
-0.00375622
-0.00369847
-0.00363916
-0.0035784
-0.00351632
-0.00345302
-0.00338859
-0.00332314
-0.00325674
-0.00318948
-0.00312145
-0.0030527
-0.00298331
-0.00291333
-0.00284283
-0.00277186
-0.00270045
-0.00262867
-0.00255654
-0.00248411
-0.00241141
-0.00233847
-0.00226531
-0.00219196
-0.00211845
-0.0020448
-0.00197102
-0.00189712
-0.00182314
-0.00174908
-0.00167495
-0.00160077
-0.00152654
-0.00145227
-0.00137797
-0.00130364
-0.00122929
-0.00115493
-0.00108056
-0.00100618
-0.000931814
-0.000857439
-0.000783058
-0.000708673
-0.000634287
-0.000559903
-0.000485523
-0.000411157
-0.000336786
-0.000262384
-0.000188023
-0.000113995
-3.96759e-05
-0.00532417
-0.00500113
-0.00473095
-0.00451569
-0.00434525
-0.0042126
-0.00411254
-0.00404034
-0.0039917
-0.00396279
-0.00395022
-0.00395096
-0.00396234
-0.003982
-0.00400786
-0.0040381
-0.00407116
-0.00410567
-0.00414046
-0.00417455
-0.0042071
-0.00423743
-0.00426498
-0.0042893
-0.00431003
-0.00432692
-0.00433977
-0.00434847
-0.00435294
-0.00435318
-0.0043492
-0.00434106
-0.00432884
-0.00431266
-0.00429263
-0.0042689
-0.00424162
-0.00421094
-0.00417702
-0.00414004
-0.00410015
-0.00405752
-0.00401232
-0.00396469
-0.0039148
-0.00386279
-0.00380881
-0.003753
-0.00369549
-0.00363641
-0.00357587
-0.003514
-0.00345088
-0.00338663
-0.00332134
-0.0032551
-0.003188
-0.00312009
-0.00305147
-0.00298219
-0.00291233
-0.00284192
-0.00277104
-0.00269972
-0.00262802
-0.00255596
-0.00248359
-0.00241095
-0.00233806
-0.00226495
-0.00219165
-0.00211818
-0.00204456
-0.00197081
-0.00189695
-0.00182299
-0.00174895
-0.00167484
-0.00160068
-0.00152647
-0.00145221
-0.00137792
-0.0013036
-0.00122927
-0.00115492
-0.00108056
-0.00100619
-0.000931816
-0.000857453
-0.000783086
-0.000708703
-0.00063431
-0.000559928
-0.000485556
-0.000411185
-0.000336808
-0.000262404
-0.000188042
-0.000114018
-3.97491e-05
-0.00533882
-0.00502695
-0.00475424
-0.00453427
-0.00436022
-0.00422469
-0.00412214
-0.00404775
-0.0039972
-0.00396663
-0.00395261
-0.0039521
-0.00396239
-0.00398112
-0.00400618
-0.00403576
-0.00406825
-0.0041023
-0.00413673
-0.00417053
-0.00420286
-0.00423304
-0.00426049
-0.00428475
-0.00430547
-0.00432238
-0.00433529
-0.00434407
-0.00434865
-0.004349
-0.00434516
-0.00433716
-0.0043251
-0.00430907
-0.00428921
-0.00426565
-0.00423853
-0.00420801
-0.00417426
-0.00413744
-0.00409771
-0.00405523
-0.00401017
-0.00396269
-0.00391293
-0.00386106
-0.0038072
-0.00375151
-0.00369411
-0.00363513
-0.0035747
-0.00351292
-0.0034499
-0.00338573
-0.00332051
-0.00325435
-0.00318731
-0.00311946
-0.0030509
-0.00298168
-0.00291186
-0.00284151
-0.00277067
-0.00269939
-0.00262772
-0.00255569
-0.00248336
-0.00241074
-0.00233787
-0.00226479
-0.00219151
-0.00211805
-0.00204445
-0.00197072
-0.00189687
-0.00182292
-0.0017489
-0.0016748
-0.00160064
-0.00152644
-0.00145219
-0.00137791
-0.00130359
-0.00122926
-0.00115492
-0.00108056
-0.00100619
-0.000931824
-0.000857455
-0.000783082
-0.000708704
-0.000634327
-0.000559952
-0.000485583
-0.000411216
-0.000336833
-0.000262425
-0.00018805
-0.000114012
-3.97871e-05
-0.005339
-0.00502712
-0.00475441
-0.00453442
-0.00436036
-0.00422483
-0.00412227
-0.00404788
-0.00399732
-0.00396675
-0.00395272
-0.0039522
-0.00396249
-0.00398121
-0.00400627
-0.00403584
-0.00406834
-0.00410238
-0.0041368
-0.0041706
-0.00420293
-0.0042331
-0.00426055
-0.00428481
-0.00430553
-0.00432243
-0.00433534
-0.00434412
-0.00434869
-0.00434905
-0.0043452
-0.0043372
-0.00432514
-0.00430911
-0.00428925
-0.00426568
-0.00423856
-0.00420804
-0.00417429
-0.00413747
-0.00409773
-0.00405526
-0.00401019
-0.00396271
-0.00391295
-0.00386108
-0.00380722
-0.00375153
-0.00369413
-0.00363515
-0.00357472
-0.00351294
-0.00344991
-0.00338574
-0.00332053
-0.00325436
-0.00318732
-0.00311947
-0.00305091
-0.00298169
-0.00291187
-0.00284152
-0.00277068
-0.0026994
-0.00262773
-0.0025557
-0.00248336
-0.00241075
-0.00233788
-0.0022648
-0.00219151
-0.00211806
-0.00204446
-0.00197072
-0.00189688
-0.00182293
-0.0017489
-0.00167481
-0.00160065
-0.00152645
-0.0014522
-0.00137791
-0.0013036
-0.00122927
-0.00115492
-0.00108056
-0.0010062
-0.000931827
-0.000857455
-0.000783081
-0.000708707
-0.000634332
-0.000559959
-0.000485592
-0.000411226
-0.000336843
-0.00026243
-0.000188052
-0.000114016
-3.97891e-05
-0.00532471
-0.00500164
-0.00473143
-0.00451615
-0.00434568
-0.00421301
-0.00411293
-0.00404072
-0.00399206
-0.00396314
-0.00395055
-0.00395127
-0.00396264
-0.00398228
-0.00400813
-0.00403836
-0.0040714
-0.0041059
-0.00414068
-0.00417476
-0.0042073
-0.00423762
-0.00426516
-0.00428947
-0.0043102
-0.00432708
-0.00433992
-0.00434861
-0.00435308
-0.00435331
-0.00434932
-0.00434118
-0.00432896
-0.00431277
-0.00429274
-0.004269
-0.00424171
-0.00421103
-0.00417711
-0.00414012
-0.00410023
-0.00405759
-0.00401238
-0.00396475
-0.00391486
-0.00386285
-0.00380887
-0.00375306
-0.00369555
-0.00363646
-0.00357592
-0.00351404
-0.00345093
-0.00338667
-0.00332138
-0.00325514
-0.00318803
-0.00312013
-0.0030515
-0.00298222
-0.00291236
-0.00284195
-0.00277107
-0.00269975
-0.00262804
-0.00255598
-0.00248362
-0.00241097
-0.00233808
-0.00226497
-0.00219167
-0.00211819
-0.00204458
-0.00197083
-0.00189697
-0.00182301
-0.00174897
-0.00167486
-0.0016007
-0.00152649
-0.00145223
-0.00137794
-0.00130362
-0.00122929
-0.00115493
-0.00108057
-0.0010062
-0.000931829
-0.000857455
-0.000783079
-0.000708708
-0.000634331
-0.00055995
-0.00048558
-0.000411215
-0.000336841
-0.000262434
-0.000188056
-0.000114015
-3.9743e-05
-0.00529034
-0.00494603
-0.00468068
-0.00447541
-0.00431283
-0.00418643
-0.00409179
-0.00402434
-0.00397985
-0.00395456
-0.00394513
-0.00394859
-0.00396233
-0.003984
-0.00401158
-0.00404328
-0.00407754
-0.00411304
-0.00414863
-0.00418334
-0.00421637
-0.00424704
-0.0042748
-0.00429923
-0.00431999
-0.00433682
-0.00434956
-0.00435808
-0.00436233
-0.00436231
-0.00435804
-0.00434958
-0.00433704
-0.00432051
-0.00430013
-0.00427604
-0.00424839
-0.00421735
-0.00418309
-0.00414575
-0.00410552
-0.00406256
-0.00401704
-0.0039691
-0.00391892
-0.00386663
-0.00381238
-0.00375631
-0.00369856
-0.00363924
-0.00357848
-0.0035164
-0.00345309
-0.00338866
-0.0033232
-0.0032568
-0.00318955
-0.00312151
-0.00305275
-0.00298336
-0.00291338
-0.00284288
-0.0027719
-0.0027005
-0.00262871
-0.00255659
-0.00248415
-0.00241145
-0.00233851
-0.00226535
-0.002192
-0.00211848
-0.00204483
-0.00197105
-0.00189716
-0.00182317
-0.00174911
-0.00167498
-0.0016008
-0.00152657
-0.0014523
-0.001378
-0.00130367
-0.00122932
-0.00115496
-0.00108058
-0.00100621
-0.000931835
-0.000857456
-0.00078307
-0.000708689
-0.000634314
-0.000559937
-0.000485563
-0.000411196
-0.000336822
-0.000262416
-0.000188044
-0.000113999
-3.9672e-05
-0.00523015
-0.0048571
-0.00459894
-0.00440937
-0.0042595
-0.00414325
-0.00405739
-0.00399766
-0.00395991
-0.00394051
-0.0039362
-0.00394411
-0.00396169
-0.00398666
-0.00401705
-0.00405111
-0.00408736
-0.00412448
-0.00416138
-0.00419712
-0.00423093
-0.00426216
-0.00429029
-0.00431492
-0.00433574
-0.0043525
-0.00436505
-0.0043733
-0.00437721
-0.00437678
-0.00437205
-0.0043631
-0.00435002
-0.00433295
-0.004312
-0.00428734
-0.00425913
-0.00422752
-0.00419269
-0.0041548
-0.00411403
-0.00407055
-0.00402451
-0.00397609
-0.00392543
-0.00387269
-0.00381801
-0.00376153
-0.00370339
-0.0036437
-0.0035826
-0.00352018
-0.00345656
-0.00339184
-0.00332612
-0.00325947
-0.00319198
-0.00312372
-0.00305476
-0.00298518
-0.00291503
-0.00284436
-0.00277324
-0.0027017
-0.00262979
-0.00255755
-0.00248501
-0.00241221
-0.00233918
-0.00226594
-0.00219252
-0.00211894
-0.00204523
-0.00197139
-0.00189746
-0.00182343
-0.00174933
-0.00167517
-0.00160096
-0.0015267
-0.00145241
-0.00137808
-0.00130374
-0.00122937
-0.001155
-0.00108061
-0.00100622
-0.000931834
-0.000857448
-0.000783061
-0.000708675
-0.00063429
-0.000559906
-0.000485525
-0.000411156
-0.000336783
-0.000262378
-0.000188009
-0.000113959
-3.95789e-05
-0.00513721
-0.00473173
-0.00448344
-0.00431549
-0.00418365
-0.00408188
-0.00400853
-0.00395982
-0.00393173
-0.00392075
-0.00392378
-0.00393805
-0.00396112
-0.00399081
-0.00402521
-0.00406266
-0.00410172
-0.00414115
-0.00417991
-0.00421711
-0.00425201
-0.00428402
-0.00431267
-0.00433756
-0.00435843
-0.00437507
-0.00438735
-0.0043952
-0.0043986
-0.00439757
-0.00439218
-0.0043825
-0.00436866
-0.00435079
-0.00432903
-0.00430355
-0.00427451
-0.00424208
-0.00420644
-0.00416775
-0.00412621
-0.00408196
-0.0040352
-0.00398607
-0.00393473
-0.00388134
-0.00382604
-0.00376898
-0.00371028
-0.00365007
-0.00358846
-0.00352558
-0.00346152
-0.00339638
-0.00333027
-0.00326326
-0.00319543
-0.00312686
-0.00305762
-0.00298777
-0.00291737
-0.00284647
-0.00277513
-0.0027034
-0.00263131
-0.00255891
-0.00248623
-0.00241329
-0.00234013
-0.00226678
-0.00219326
-0.00211959
-0.00204579
-0.00197188
-0.00189788
-0.00182379
-0.00174964
-0.00167543
-0.00160117
-0.00152688
-0.00145255
-0.0013782
-0.00130383
-0.00122944
-0.00115505
-0.00108065
-0.00100624
-0.000931842
-0.000857441
-0.000783044
-0.000708646
-0.00063425
-0.000559856
-0.000485469
-0.000411098
-0.000336725
-0.000262317
-0.000187951
-0.000113891
-3.94635e-05
-0.00500358
-0.0045668
-0.00433187
-0.0041916
-0.0040835
-0.004001
-0.00394431
-0.00391029
-0.00389508
-0.00389535
-0.00390817
-0.00393095
-0.00396134
-0.00399731
-0.00403705
-0.00407898
-0.00412177
-0.00416425
-0.00420544
-0.00424454
-0.00428086
-0.00431387
-0.00434315
-0.00436835
-0.00438925
-0.00440569
-0.00441756
-0.00442484
-0.00442752
-0.00442566
-0.00441934
-0.00440867
-0.00439378
-0.00437482
-0.00435195
-0.00432535
-0.00429519
-0.00426164
-0.0042249
-0.00418514
-0.00414254
-0.00409727
-0.00404952
-0.00399944
-0.00394719
-0.00389292
-0.0038368
-0.00377894
-0.00371949
-0.00365857
-0.00359629
-0.00353278
-0.00346813
-0.00340244
-0.00333581
-0.00326831
-0.00320003
-0.00313104
-0.00306141
-0.0029912
-0.00292047
-0.00284927
-0.00277765
-0.00270566
-0.00263333
-0.00256071
-0.00248783
-0.00241471
-0.00234139
-0.00226789
-0.00219423
-0.00212044
-0.00204653
-0.00197253
-0.00189843
-0.00182427
-0.00175004
-0.00167577
-0.00160145
-0.00152711
-0.00145274
-0.00137835
-0.00130394
-0.00122952
-0.0011551
-0.00108068
-0.00100626
-0.00093184
-0.000857424
-0.000783013
-0.000708605
-0.000634198
-0.000559792
-0.000485399
-0.000411027
-0.000336648
-0.000262228
-0.000187863
-0.000113797
-3.93298e-05
-0.00482055
-0.00435936
-0.00414259
-0.00403613
-0.00395779
-0.00389977
-0.00386429
-0.00384898
-0.00385021
-0.00386484
-0.00389017
-0.00392378
-0.00396351
-0.00400746
-0.00405396
-0.00410157
-0.00414904
-0.00419534
-0.00423956
-0.004281
-0.00431905
-0.00435325
-0.00438324
-0.00440876
-0.00442962
-0.00444571
-0.00445699
-0.00446345
-0.00446515
-0.00446216
-0.00445459
-0.0044426
-0.00442632
-0.00440592
-0.00438159
-0.00435351
-0.00432188
-0.00428687
-0.00424869
-0.00420752
-0.00416355
-0.00411696
-0.00406792
-0.00401661
-0.00396318
-0.00390778
-0.00385058
-0.0037917
-0.00373128
-0.00366944
-0.00360631
-0.00354198
-0.00347657
-0.00341017
-0.00334287
-0.00327475
-0.00320589
-0.00313637
-0.00306624
-0.00299557
-0.00292441
-0.00285281
-0.00278083
-0.00270851
-0.00263588
-0.00256298
-0.00248985
-0.0024165
-0.00234297
-0.00226928
-0.00219545
-0.0021215
-0.00204746
-0.00197332
-0.00189912
-0.00182485
-0.00175054
-0.00167618
-0.0016018
-0.00152739
-0.00145296
-0.00137852
-0.00130407
-0.00122962
-0.00115517
-0.00108072
-0.00100627
-0.000931828
-0.000857394
-0.000782967
-0.000708545
-0.000634127
-0.000559711
-0.000485311
-0.000410935
-0.000336552
-0.000262131
-0.000187761
-0.000113661
-3.91619e-05
-0.00457918
-0.00410688
-0.00391488
-0.00384842
-0.00380606
-0.00377814
-0.00376882
-0.00377659
-0.00379812
-0.0038305
-0.00387126
-0.00391823
-0.00396945
-0.00402319
-0.00407796
-0.00413246
-0.00418561
-0.00423649
-0.00428432
-0.0043285
-0.00436854
-0.00440406
-0.00443479
-0.00446055
-0.00448122
-0.00449675
-0.00450716
-0.0045125
-0.00451286
-0.00450836
-0.00449916
-0.00448542
-0.00446733
-0.00444508
-0.00441886
-0.00438889
-0.00435537
-0.0043185
-0.00427849
-0.00423554
-0.00418983
-0.00414155
-0.00409089
-0.00403802
-0.00398309
-0.00392628
-0.00386772
-0.00380755
-0.00374592
-0.00368293
-0.00361871
-0.00355337
-0.00348701
-0.00341972
-0.00335159
-0.00328269
-0.00321312
-0.00314292
-0.00307217
-0.00300093
-0.00292924
-0.00285716
-0.00278474
-0.002712
-0.002639
-0.00256576
-0.00249231
-0.00241868
-0.00234489
-0.00227096
-0.00219692
-0.00212279
-0.00204857
-0.00197428
-0.00189994
-0.00182555
-0.00175112
-0.00167667
-0.0016022
-0.00152771
-0.00145322
-0.00137872
-0.00130422
-0.00122972
-0.00115523
-0.00108075
-0.00100627
-0.0009318
-0.000857342
-0.000782897
-0.000708464
-0.000634034
-0.000559607
-0.000485199
-0.000410819
-0.000336427
-0.000261992
-0.00018762
-0.000113503
-3.89804e-05
-0.00427088
-0.00380749
-0.00364923
-0.00362908
-0.00362905
-0.0036372
-0.00365933
-0.00369489
-0.00374086
-0.0037946
-0.00385392
-0.00391691
-0.00398186
-0.00404726
-0.00411183
-0.00417446
-0.00423424
-0.00429041
-0.00434236
-0.00438961
-0.0044318
-0.00446867
-0.00450006
-0.00452587
-0.00454608
-0.00456073
-0.00456989
-0.00457367
-0.00457224
-0.00456575
-0.00455442
-0.00453843
-0.00451802
-0.00449339
-0.00446478
-0.00443242
-0.00439652
-0.00435732
-0.00431502
-0.00426983
-0.00422195
-0.00417158
-0.00411891
-0.00406411
-0.00400734
-0.00394877
-0.00388854
-0.00382679
-0.00376366
-0.00369927
-0.00363372
-0.00356714
-0.00349961
-0.00343123
-0.00336209
-0.00329225
-0.00322179
-0.00315078
-0.00307928
-0.00300734
-0.00293502
-0.00286235
-0.00278939
-0.00271616
-0.0026427
-0.00256905
-0.00249522
-0.00242125
-0.00234715
-0.00227294
-0.00219865
-0.00212429
-0.00204986
-0.00197539
-0.00190089
-0.00182635
-0.00175179
-0.00167722
-0.00160265
-0.00152807
-0.00145349
-0.00137892
-0.00130437
-0.00122982
-0.00115528
-0.00108076
-0.00100625
-0.000931751
-0.000857269
-0.000782804
-0.000708354
-0.000633912
-0.000559474
-0.000485058
-0.000410672
-0.000336275
-0.000261837
-0.000187459
-0.00011331
-3.87735e-05
-0.00388817
-0.00346038
-0.00334767
-0.00338039
-0.00342912
-0.00347962
-0.00353888
-0.0036072
-0.00368198
-0.00376086
-0.00384198
-0.00392372
-0.00400467
-0.00408359
-0.00415943
-0.00423134
-0.0042986
-0.00436066
-0.00441709
-0.00446759
-0.00451194
-0.00455003
-0.00458182
-0.00460735
-0.00462668
-0.00463994
-0.00464731
-0.00464897
-0.00464514
-0.00463604
-0.00462194
-0.00460307
-0.0045797
-0.00455208
-0.00452047
-0.00448511
-0.00444626
-0.00440416
-0.00435902
-0.00431108
-0.00426055
-0.00420762
-0.00415248
-0.00409532
-0.00403631
-0.0039756
-0.00391335
-0.00384969
-0.00378475
-0.00371866
-0.00365152
-0.00358344
-0.00351451
-0.00344482
-0.00337446
-0.00330349
-0.00323199
-0.00316001
-0.00308761
-0.00301485
-0.00294176
-0.00286839
-0.00279479
-0.00272097
-0.00264698
-0.00257284
-0.00249857
-0.00242419
-0.00234973
-0.0022752
-0.00220061
-0.00212598
-0.00205132
-0.00197664
-0.00190194
-0.00182723
-0.00175252
-0.00167782
-0.00160313
-0.00152845
-0.00145378
-0.00137913
-0.0013045
-0.0012299
-0.00115531
-0.00108074
-0.00100619
-0.000931669
-0.000857163
-0.000782674
-0.000708203
-0.000633747
-0.000559302
-0.000484882
-0.000410494
-0.000336094
-0.000261656
-0.000187272
-0.000113084
-3.85453e-05
-0.00342514
-0.00306614
-0.0030141
-0.0031068
-0.0032109
-0.00331036
-0.00341272
-0.00351902
-0.00362711
-0.00373499
-0.00384115
-0.00394433
-0.00404346
-0.00413761
-0.00422605
-0.00430818
-0.00438357
-0.00445188
-0.00451293
-0.0045666
-0.00461288
-0.00465182
-0.00468353
-0.00470818
-0.00472598
-0.00473715
-0.00474198
-0.00474073
-0.00473371
-0.00472121
-0.00470353
-0.00468099
-0.00465388
-0.0046225
-0.00458715
-0.00454808
-0.00450559
-0.00445992
-0.00441132
-0.00436002
-0.00430625
-0.00425021
-0.00419209
-0.0041321
-0.00407038
-0.00400711
-0.00394243
-0.00387648
-0.00380939
-0.00374127
-0.00367224
-0.00360238
-0.00353179
-0.00346056
-0.00338877
-0.00331647
-0.00324373
-0.00317061
-0.00309716
-0.00302343
-0.00294945
-0.00287527
-0.00280092
-0.00272643
-0.00265181
-0.00257711
-0.00250232
-0.00242749
-0.00235261
-0.0022777
-0.00220277
-0.00212784
-0.0020529
-0.00197798
-0.00190306
-0.00182816
-0.00175329
-0.00167843
-0.00160361
-0.00152881
-0.00145405
-0.00137931
-0.00130461
-0.00122993
-0.00115529
-0.00108068
-0.0010061
-0.000931544
-0.000857005
-0.000782491
-0.000708007
-0.000633543
-0.000559092
-0.000484665
-0.000410272
-0.000335875
-0.000261441
-0.000187055
-0.000112832
-3.83037e-05
-0.00287912
-0.00262756
-0.00265516
-0.00281595
-0.00298218
-0.00313737
-0.00328897
-0.00343851
-0.00358437
-0.00372497
-0.00385923
-0.00398631
-0.00410552
-0.00421633
-0.00431834
-0.0044113
-0.00449509
-0.00456967
-0.0046351
-0.00469153
-0.00473915
-0.00477822
-0.00480904
-0.00483193
-0.00484724
-0.00485535
-0.00485662
-0.00485144
-0.0048402
-0.00482327
-0.00480103
-0.00477383
-0.00474204
-0.00470598
-0.00466599
-0.00462236
-0.00457541
-0.0045254
-0.00447259
-0.00441724
-0.00435958
-0.00429981
-0.00423814
-0.00417475
-0.00410983
-0.00404352
-0.00397597
-0.00390732
-0.00383769
-0.0037672
-0.00369594
-0.00362401
-0.00355149
-0.00347846
-0.00340499
-0.00333114
-0.00325697
-0.00318254
-0.00310787
-0.00303303
-0.00295803
-0.00288292
-0.00280772
-0.00273245
-0.00265713
-0.00258178
-0.00250642
-0.00243106
-0.00235571
-0.00228037
-0.00220507
-0.00212979
-0.00205456
-0.00197936
-0.00190421
-0.0018291
-0.00175404
-0.00167902
-0.00160405
-0.00152913
-0.00145426
-0.00137944
-0.00130465
-0.00122991
-0.0011552
-0.00108055
-0.00100593
-0.000931345
-0.000856779
-0.000782248
-0.000707751
-0.000633278
-0.000558824
-0.000484398
-0.00041001
-0.000335621
-0.0002612
-0.000186813
-0.00011255
-3.80485e-05
-0.00225344
-0.00215358
-0.00228486
-0.00252204
-0.0027562
-0.00297326
-0.00317975
-0.00337731
-0.00356485
-0.00374133
-0.00390618
-0.00405901
-0.0041996
-0.00432787
-0.00444385
-0.00454768
-0.0046396
-0.00471991
-0.00478899
-0.00484727
-0.0048952
-0.00493327
-0.00496198
-0.00498184
-0.00499338
-0.0049971
-0.00499351
-0.00498311
-0.00496638
-0.00494378
-0.00491576
-0.00488275
-0.00484514
-0.00480333
-0.00475768
-0.00470852
-0.00465618
-0.00460096
-0.00454313
-0.00448295
-0.00442067
-0.00435649
-0.00429063
-0.00422327
-0.00415459
-0.00408473
-0.00401385
-0.00394207
-0.00386951
-0.00379627
-0.00372246
-0.00364814
-0.00357341
-0.00349832
-0.00342295
-0.00334734
-0.00327155
-0.00319561
-0.00311958
-0.00304347
-0.00296733
-0.00289117
-0.00281502
-0.00273888
-0.00266278
-0.00258672
-0.00251072
-0.00243479
-0.00235892
-0.00228312
-0.0022074
-0.00213176
-0.0020562
-0.00198071
-0.0019053
-0.00182997
-0.00175471
-0.00167952
-0.0016044
-0.00152935
-0.00145437
-0.00137945
-0.00130459
-0.00122978
-0.00115503
-0.00108032
-0.00100567
-0.000931048
-0.000856467
-0.000781924
-0.000707417
-0.000632938
-0.000558483
-0.000484065
-0.000409686
-0.000335309
-0.000260906
-0.000186531
-0.00011225
-3.7796e-05
-0.00153454
-0.001649
-0.00191507
-0.00224069
-0.0025518
-0.00283928
-0.00310795
-0.0033593
-0.00359295
-0.00380859
-0.00400626
-0.0041862
-0.00434878
-0.00449448
-0.00462384
-0.00473752
-0.00483619
-0.00492058
-0.00499144
-0.00504954
-0.00509564
-0.0051305
-0.00515486
-0.00516946
-0.00517499
-0.00517213
-0.00516154
-0.00514384
-0.00511962
-0.00508942
-0.00505379
-0.0050132
-0.00496812
-0.00491898
-0.00486618
-0.0048101
-0.00475106
-0.0046894
-0.00462539
-0.00455932
-0.00449142
-0.00442191
-0.004351
-0.00427888
-0.0042057
-0.00413162
-0.00405678
-0.00398128
-0.00390524
-0.00382874
-0.00375182
-0.00367472
-0.00359745
-0.00352001
-0.00344247
-0.00336488
-0.00328731
-0.00320973
-0.00313217
-0.00305467
-0.00297724
-0.00289991
-0.0028227
-0.0027456
-0.00266864
-0.0025918
-0.0025151
-0.00243854
-0.00236211
-0.00228581
-0.00220965
-0.00213361
-0.0020577
-0.0019819
-0.00190623
-0.00183066
-0.0017552
-0.00167983
-0.00160456
-0.00152939
-0.0014543
-0.00137929
-0.00130435
-0.00122949
-0.00115469
-0.00107994
-0.00100526
-0.000930616
-0.000856021
-0.000781473
-0.000706966
-0.000632489
-0.000558042
-0.000483636
-0.000409274
-0.000334916
-0.000260539
-0.000186193
-0.000111921
-3.7542e-05
-0.000721743
-0.00109954
-0.00152909
-0.00196745
-0.00237826
-0.00275626
-0.00310425
-0.00342367
-0.00371498
-0.0039788
-0.00421604
-0.00442781
-0.00461533
-0.00477986
-0.00492274
-0.0050453
-0.00514885
-0.00523472
-0.00530416
-0.00535842
-0.00539867
-0.00542603
-0.00544159
-0.00544634
-0.00544125
-0.0054272
-0.00540504
-0.00537553
-0.00533941
-0.00529734
-0.00524995
-0.00519781
-0.00514143
-0.00508132
-0.0050179
-0.00495159
-0.00488274
-0.00481169
-0.00473874
-0.00466417
-0.00458823
-0.00451112
-0.00443305
-0.00435419
-0.00427471
-0.00419474
-0.00411439
-0.00403379
-0.00395303
-0.00387221
-0.00379139
-0.00371052
-0.00362967
-0.00354894
-0.00346838
-0.00338798
-0.00330776
-0.00322779
-0.0031481
-0.00306869
-0.00298954
-0.00291066
-0.00283204
-0.00275368
-0.00267559
-0.00259774
-0.00252014
-0.00244277
-0.00236563
-0.0022887
-0.00221198
-0.00213545
-0.00205911
-0.00198295
-0.00190695
-0.00183111
-0.00175541
-0.00167985
-0.00160441
-0.00152909
-0.00145388
-0.00137878
-0.00130377
-0.00122885
-0.001154
-0.00107923
-0.00100452
-0.000929867
-0.000855278
-0.000780738
-0.000706232
-0.000631765
-0.000557352
-0.000482989
-0.00040865
-0.000334317
-0.000259987
-0.000185698
-0.000111481
-3.725e-05
)
;

boundaryField
{
    inlet
    {
        type            calculated;
        value           nonuniform List<scalar> 
30
(
0.00835645
0.0100453
0.0119849
0.0139954
0.0159805
0.0178604
0.0195866
0.0211295
0.0224707
0.0236
0.0245145
0.0252181
0.025721
0.0260383
0.026184
0.0261841
0.0260387
0.0257217
0.0252191
0.0245157
0.0236014
0.0224724
0.0211314
0.0195886
0.0178626
0.0159828
0.0139978
0.0119874
0.0100478
0.00835894
)
;
    }
    outlet
    {
        type            calculated;
        value           uniform 0;
    }
    top
    {
        type            calculated;
        value           nonuniform List<scalar> 
135
(
0.00835894
0.0083318
0.00828631
0.00810876
0.00713697
0.00133902
0.00187039
0.00322218
0.00421106
0.00492098
0.00548396
0.0059275
0.0062668
0.00652887
0.00672019
0.00682509
0.00690217
0.00692995
0.00690603
0.00682853
0.00669254
0.00649314
0.00622964
0.00590147
0.00550648
0.00504202
0.00459346
0.00410997
0.00360573
0.00309804
0.0025975
0.00211238
0.00165992
0.00125029
0.000765922
-0.000721743
-0.00109954
-0.00152909
-0.00196745
-0.00237826
-0.00275626
-0.00310425
-0.00342367
-0.00371498
-0.0039788
-0.00421604
-0.00442781
-0.00461533
-0.00477986
-0.00492274
-0.0050453
-0.00514885
-0.00523472
-0.00530416
-0.00535842
-0.00539867
-0.00542603
-0.00544159
-0.00544634
-0.00544125
-0.0054272
-0.00540504
-0.00537553
-0.00533941
-0.00529734
-0.00524995
-0.00519781
-0.00514143
-0.00508132
-0.0050179
-0.00495159
-0.00488274
-0.00481169
-0.00473874
-0.00466417
-0.00458823
-0.00451112
-0.00443305
-0.00435419
-0.00427471
-0.00419474
-0.00411439
-0.00403379
-0.00395303
-0.00387221
-0.00379139
-0.00371052
-0.00362967
-0.00354894
-0.00346838
-0.00338798
-0.00330776
-0.00322779
-0.0031481
-0.00306869
-0.00298954
-0.00291066
-0.00283204
-0.00275368
-0.00267559
-0.00259774
-0.00252014
-0.00244277
-0.00236563
-0.0022887
-0.00221198
-0.00213545
-0.00205911
-0.00198295
-0.00190695
-0.00183111
-0.00175541
-0.00167985
-0.00160441
-0.00152909
-0.00145388
-0.00137878
-0.00130377
-0.00122885
-0.001154
-0.00107923
-0.00100452
-0.000929867
-0.000855278
-0.000780738
-0.000706232
-0.000631765
-0.000557352
-0.000482989
-0.00040865
-0.000334317
-0.000259987
-0.000185698
-0.000111481
-3.725e-05
)
;
    }
    bottom
    {
        type            calculated;
        value           nonuniform List<scalar> 
135
(
0.00835645
0.00832929
0.00828379
0.00810625
0.00713453
0.00133648
0.00186775
0.00321947
0.00420834
0.00491826
0.00548122
0.00592485
0.00626444
0.00652683
0.0067185
0.00682375
0.00690122
0.00692942
0.00690596
0.00682895
0.00669345
0.00649453
0.00623147
0.0059037
0.00550905
0.0050448
0.00459657
0.00411333
0.00360922
0.00310152
0.0026009
0.00211573
0.00166324
0.00125368
0.000769614
-0.000718662
-0.00109657
-0.00152624
-0.00196473
-0.00237566
-0.00275378
-0.00310188
-0.0034214
-0.00371281
-0.00397672
-0.00421405
-0.00442591
-0.0046135
-0.00477812
-0.00492107
-0.00504369
-0.00514731
-0.00523324
-0.00530275
-0.00535706
-0.00539736
-0.00542478
-0.00544039
-0.00544519
-0.00544015
-0.00542614
-0.00540402
-0.00537456
-0.00533847
-0.00529644
-0.00524909
-0.00519698
-0.00514064
-0.00508056
-0.00501717
-0.00495088
-0.00488206
-0.00481104
-0.00473812
-0.00466357
-0.00458765
-0.00451056
-0.00443251
-0.00435368
-0.00427421
-0.00419426
-0.00411393
-0.00403335
-0.00395261
-0.0038718
-0.00379102
-0.00371014
-0.0036293
-0.00354858
-0.00346802
-0.00338764
-0.00330742
-0.00322747
-0.00314779
-0.00306838
-0.00298924
-0.00291037
-0.00283176
-0.00275341
-0.00267532
-0.00259748
-0.00251988
-0.00244252
-0.00236539
-0.00228846
-0.00221175
-0.00213523
-0.0020589
-0.00198274
-0.00190674
-0.0018309
-0.00175521
-0.00167966
-0.00160423
-0.00152892
-0.00145371
-0.00137861
-0.0013036
-0.00122868
-0.00115384
-0.00107907
-0.00100436
-0.000929714
-0.000855121
-0.000780587
-0.000706116
-0.000631692
-0.000557299
-0.000482934
-0.000408599
-0.000334282
-0.000259964
-0.000185682
-0.000111472
-3.72482e-05
)
;
    }
    obstacle
    {
        type            calculated;
        value           nonuniform List<scalar> 
120
(
0.0583545
0.0563993
0.0522362
0.0471346
0.0417684
0.036235
0.0305282
0.0246836
0.0187606
0.0128209
0.00692383
0.00112439
-0.00452732
-0.00998742
-0.0152189
-0.0201917
-0.0248818
-0.029271
-0.0333476
-0.0371044
-0.0405334
-0.0436261
-0.0463984
-0.048855
-0.0510044
-0.0528715
-0.0545028
-0.0558829
-0.0566698
-0.0562176
-0.0582603
-0.0586369
-0.059776
-0.061107
-0.0623208
-0.0633753
-0.064284
-0.0650506
-0.0656816
-0.0661932
-0.0665945
-0.0668947
-0.0671026
-0.0672327
-0.0672981
-0.0672984
-0.0672335
-0.067104
-0.0668968
-0.0665972
-0.0661964
-0.0656853
-0.0650549
-0.0642885
-0.0633801
-0.0623257
-0.0611118
-0.0597808
-0.0586416
-0.0582648
0.0583543
0.0563993
0.052236
0.0471342
0.0417679
0.0362345
0.0305277
0.024683
0.0187597
0.0128198
0.00692235
0.00112256
-0.0045295
-0.00998994
-0.0152217
-0.0201947
-0.0248851
-0.0292745
-0.0333513
-0.0371082
-0.0405372
-0.04363
-0.0464023
-0.0488588
-0.0510082
-0.0528752
-0.0545066
-0.0558867
-0.0566739
-0.0562218
0.0648229
0.0691922
0.0748311
0.0806906
0.0861767
0.0911505
0.0955829
0.0994478
0.10273
0.105439
0.107602
0.109249
0.110421
0.111168
0.11153
0.11153
0.111168
0.110422
0.109249
0.107602
0.10544
0.102731
0.0994481
0.0955832
0.0911505
0.0861764
0.0806902
0.0748304
0.0691916
0.0648224
)
;
    }
    frontAndBack
    {
        type            empty;
    }
}


// ************************************************************************* //
