/*--------------------------------*- C++ -*----------------------------------*\
  =========                 |
  \\      /  F ield         | OpenFOAM: The Open Source CFD Toolbox
   \\    /   O peration     | Website:  https://openfoam.org
    \\  /    A nd           | Version:  12
     \\/     M anipulation  |
\*---------------------------------------------------------------------------*/
FoamFile
{
    format      ascii;
    class       volScalarField;
    location    "260";
    object      pPrime2Mean;
}
// * * * * * * * * * * * * * * * * * * * * * * * * * * * * * * * * * * * * * //

dimensions      [0 4 -4 0 0 0 0];

internalField   nonuniform List<scalar> 
6750
(
0.00502356
0.00501618
0.00500681
0.0049985
0.00498949
0.00502594
0.00501571
0.00499964
0.00498058
0.00496059
0.00505011
0.00503742
0.00501659
0.00498991
0.00496125
0.00509508
0.00508156
0.00505913
0.00502994
0.00499865
0.00515815
0.00514576
0.00512514
0.005098
0.00506894
0.00523487
0.00522534
0.00520936
0.00518787
0.00516474
0.00531962
0.00531427
0.00530503
0.00529183
0.00527749
0.00540648
0.00540615
0.00540501
0.00540187
0.00539827
0.00548992
0.00549497
0.00550252
0.00551026
0.00551843
0.00556527
0.00557561
0.00559176
0.0056103
0.00563027
0.00562903
0.00564419
0.00566818
0.00569665
0.00572758
0.00567893
0.00569814
0.00572871
0.00576558
0.00580586
0.0057139
0.00573619
0.00577174
0.00581501
0.00586248
0.00573391
0.00575819
0.00579695
0.00584438
0.00589659
0.00573977
0.00576495
0.00580514
0.00585446
0.00590886
0.00573282
0.00575787
0.00579786
0.00584695
0.00590109
0.00571305
0.00573693
0.00577508
0.0058218
0.00587324
0.00567924
0.00570086
0.0057354
0.0057775
0.0058237
0.00563079
0.00564911
0.00567832
0.0057136
0.00575212
0.00556795
0.00558203
0.00560437
0.00563091
0.00565969
0.00549198
0.00550111
0.0055154
0.00553177
0.00554932
0.00540535
0.00540911
0.00541469
0.00542012
0.00542572
0.0053117
0.00531007
0.00530692
0.00530144
0.00529525
0.00521584
0.00520921
0.00519799
0.00518252
0.00516565
0.00512337
0.00511261
0.00509475
0.00507107
0.00504555
0.00504029
0.00502673
0.00500433
0.00497514
0.00494384
0.00497225
0.00495763
0.00493353
0.00490242
0.00486908
0.00492371
0.00490999
0.00488759
0.00485911
0.00482857
0.00489738
0.0048862
0.00486871
0.00484796
0.00482624
0.00489412
0.00488598
0.00487545
0.00486583
0.00485566
0.00495816
0.00492012
0.00484741
0.00474448
0.00461317
0.00445486
0.00427007
0.0040593
0.00382461
0.00356912
0.00329575
0.0030113
0.00272187
0.00243454
0.0021564
0.00189378
0.00165177
0.00143384
0.00124163
0.00107494
0.000932181
0.000813038
0.000713546
0.000631042
0.000563095
0.000507377
0.000461956
0.000425042
0.000395349
0.000376413
0.00496372
0.00490067
0.00480769
0.00468794
0.00454251
0.00437232
0.00417852
0.00396283
0.00372805
0.0034773
0.00321302
0.0029421
0.00266923
0.00240013
0.00214036
0.00189481
0.00166741
0.00146087
0.00127667
0.00111521
0.00097614
0.000856396
0.000755586
0.000671127
0.000600805
0.000542724
0.000495097
0.000456093
0.000423744
0.000398704
0.00494652
0.00486349
0.00475459
0.0046228
0.00446791
0.00429079
0.0040927
0.00387573
0.00364302
0.00339723
0.00314172
0.0028826
0.00262375
0.00236988
0.00212541
0.00189411
0.00167899
0.00148222
0.00130503
0.00114779
0.00101014
0.00089118
0.000789514
0.000703397
0.000631036
0.000570701
0.000520744
0.000479445
0.000445395
0.000419257
0.00491805
0.00482193
0.00470173
0.00456145
0.00440096
0.00422052
0.00402131
0.00380556
0.00357636
0.00333566
0.00308807
0.00283841
0.00259018
0.0023475
0.00211408
0.00189309
0.00168701
0.00149766
0.00132612
0.00117276
0.00103737
0.000919388
0.000817642
0.000730723
0.000657087
0.000595115
0.000543092
0.000499399
0.000463195
0.000437685
0.00488597
0.00478069
0.00465198
0.00450522
0.00434107
0.00415924
0.00396074
0.00374761
0.00352261
0.00328729
0.00304682
0.00280487
0.00256488
0.00233058
0.00210531
0.00189192
0.00169267
0.00150919
0.00134247
0.00119285
0.00106015
0.000943789
0.000842777
0.000755864
0.000681631
0.000618529
0.000564843
0.000518841
0.000480702
0.000455784
0.0048553
0.00474307
0.00460803
0.00445633
0.00428949
0.00410741
0.00391054
0.00370067
0.00347995
0.00324989
0.0030155
0.00277976
0.00254604
0.00231787
0.00209847
0.00189059
0.00169643
0.00151756
0.00135491
0.00120876
0.00107887
0.000964565
0.000864856
0.000778517
0.00070417
0.000640346
0.000585319
0.000537451
0.00049772
0.000473522
0.00482919
0.00471156
0.00457156
0.00441625
0.00424751
0.00406566
0.00387081
0.00366431
0.00344747
0.0032222
0.00299279
0.00276182
0.00253266
0.00230875
0.00209333
0.00188921
0.00169866
0.00152328
0.00136396
0.0012209
0.00109374
0.000981671
0.000883578
0.000798168
0.000724056
0.00065984
0.000603847
0.000554555
0.000513579
0.000490231
0.0048102
0.0046883
0.00454431
0.0043861
0.00421625
0.00403469
0.00384186
0.00363841
0.00342481
0.00320359
0.00297792
0.00275032
0.00252413
0.00230282
0.00208973
0.00188787
0.00169963
0.00152671
0.00136997
0.00122955
0.00110492
0.000995087
0.00089876
0.000814517
0.000740956
0.000676588
0.000619967
0.000569716
0.000527806
0.000505285
0.00480067
0.00467526
0.00452774
0.00436698
0.00419627
0.00401508
0.00382397
0.00362293
0.00341189
0.00319367
0.00297044
0.00274479
0.00252005
0.00229979
0.00208757
0.00188661
0.00169951
0.00152807
0.00137318
0.00123488
0.00111249
0.00100478
0.000910273
0.000827378
0.000754632
0.000690481
0.000633591
0.00058264
0.000540026
0.000518178
0.0048029
0.00467437
0.00452339
0.00436006
0.00418839
0.00400759
0.00381758
0.00361803
0.00340878
0.00319227
0.00297013
0.00274497
0.00252018
0.00229951
0.00208677
0.00188544
0.00169837
0.00152748
0.0013737
0.00123698
0.00111645
0.00101071
0.000918011
0.000836613
0.000764865
0.000701294
0.000644446
0.000593023
0.000549869
0.000528466
0.00481924
0.00468763
0.00453291
0.00436657
0.00419348
0.00401267
0.00382317
0.00362411
0.00341565
0.00319948
0.00297698
0.00275081
0.00252445
0.0023019
0.00208727
0.00188436
0.00169625
0.001525
0.00137158
0.00123586
0.00111681
0.0010128
0.000921876
0.000842071
0.000771571
0.000708844
0.000652258
0.000600555
0.000556992
0.000535773
0.00485229
0.00471723
0.00455815
0.004388
0.00421279
0.00403129
0.00384138
0.00364176
0.0034329
0.00321558
0.00299118
0.0027624
0.0025329
0.00230697
0.00208908
0.00188336
0.00169314
0.00152062
0.00136681
0.0012315
0.00111351
0.001011
0.000921783
0.000843659
0.00077458
0.000712928
0.000656748
0.000604929
0.0005611
0.000539814
0.00490501
0.00476579
0.00460142
0.00442643
0.00424824
0.00406469
0.00387315
0.00367189
0.00346114
0.00324105
0.00301306
0.00277997
0.00254566
0.00231478
0.00209222
0.00188243
0.001689
0.00151429
0.00135932
0.00122383
0.00110649
0.00100523
0.000917643
0.000841239
0.000773688
0.00071315
0.000657614
0.000605881
0.000561967
0.000540399
0.00498104
0.00483644
0.00466556
0.00448427
0.00430163
0.00411465
0.00392001
0.00371569
0.00350129
0.00327663
0.00304317
0.00280388
0.00256296
0.00232548
0.00209674
0.00188157
0.00168379
0.00150592
0.00134902
0.00121278
0.00109568
0.000995439
0.000909366
0.000834654
0.000768734
0.000709414
0.000654663
0.00060325
0.000559492
0.000537487
0.00508473
0.00493317
0.00475416
0.00456473
0.0043759
0.00418366
0.00398399
0.00377481
0.00355467
0.00332331
0.00308223
0.00283463
0.00258512
0.00233924
0.00210272
0.00188076
0.00167743
0.0014954
0.00133579
0.00119821
0.00108097
0.000981518
0.000896834
0.000823802
0.000759531
0.000701545
0.000647798
0.00059701
0.000553735
0.000531247
0.00522157
0.00506114
0.00487207
0.00467226
0.004475
0.00427507
0.00406813
0.00385157
0.00362308
0.0033824
0.00313115
0.00287282
0.00261251
0.00235627
0.00211025
0.00187999
0.00166984
0.00148264
0.00131952
0.00118001
0.00106222
0.000963296
0.000879863
0.000808498
0.000745935
0.000689476
0.000637049
0.000587316
0.000544996
0.000522173
0.00539876
0.00522719
0.00502585
0.00481283
0.00460425
0.0043936
0.00417647
0.00394906
0.00370885
0.00345559
0.00319107
0.00291922
0.00264562
0.00237682
0.00211939
0.00187922
0.00166095
0.00146752
0.00130009
0.00115804
0.00103926
0.000940571
0.000858242
0.000788516
0.00072787
0.000673279
0.000622665
0.000574629
0.000533975
0.000511259
0.00562604
0.00544062
0.00522427
0.00499426
0.00477058
0.00454538
0.00431378
0.00407114
0.00381493
0.00354497
0.00326344
0.00297474
0.00268498
0.00240114
0.0021302
0.00187841
0.00165063
0.00144993
0.00127738
0.00113217
0.00101193
0.000913193
0.000831876
0.000763876
0.000705418
0.000653284
0.000605265
0.00055993
0.000522051
0.000500323
0.00591676
0.00571386
0.00547887
0.00522687
0.00498306
0.00473808
0.00448619
0.00422261
0.00394491
0.00365315
0.00335002
0.00304047
0.00273113
0.00242942
0.00214269
0.00187748
0.00163881
0.00142974
0.00125122
0.00110223
0.000980129
0.000881143
0.000800885
0.000734889
0.000679153
0.000630349
0.000586194
0.00054515
0.000511741
0.000492503
0.00628941
0.00606385
0.00580514
0.00552422
0.00525333
0.00498106
0.00470138
0.00440942
0.00410318
0.00378322
0.00345282
0.00311759
0.00278466
0.00246187
0.00215688
0.00187638
0.00162539
0.00140685
0.00122152
0.00106816
0.000943882
0.000844653
0.000765785
0.000702501
0.000650552
0.000606501
0.000568164
0.000533957
0.000507629
0.000493246
0.00676979
0.00651425
0.00622451
0.00590488
0.00559663
0.00528682
0.00496911
0.00463903
0.00429514
0.0039388
0.00357411
0.00320734
0.00284615
0.0024987
0.00217278
0.00187503
0.00161028
0.0013812
0.00118829
0.00103007
0.000903502
0.00080434
0.000727673
0.000668473
0.000622247
0.000585515
0.000556172
0.000532984
0.000517859
0.000512167
0.00739417
0.00709744
0.00676637
0.00639381
0.0060338
0.00567202
0.00530223
0.00492081
0.00452729
0.00412415
0.00371644
0.00331114
0.0029163
0.00254017
0.00219041
0.00187334
0.00159336
0.00135273
0.00115162
0.000988339
0.000859714
0.000761457
0.000688582
0.00063594
0.000598882
0.000573949
0.000559187
0.000553871
0.000556602
0.000566143
0.00821155
0.00785759
0.00747105
0.00702491
0.0065927
0.00615872
0.00571709
0.00526634
0.00480745
0.00434425
0.00388281
0.00343064
0.00299588
0.00258652
0.00220972
0.00187113
0.00157448
0.00132145
0.00111181
0.000943674
0.000813856
0.000718223
0.000652008
0.000610232
0.00058832
0.000582914
0.000592213
0.000616314
0.000647336
0.000683042
0.00928365
0.00885216
0.0083904
0.00784259
0.00730961
0.00677455
0.00623403
0.0056898
0.005145
0.00460501
0.0040767
0.00356768
0.00308568
0.00263792
0.00223054
0.00186811
0.00155342
0.0012874
0.00106937
0.000897279
0.00076814
0.000678298
0.000623694
0.000600087
0.000603467
0.000630657
0.000679897
0.000751748
0.000826438
0.000904056
0.0106824
0.0101481
0.00958792
0.00890219
0.00822936
0.00755288
0.00687696
0.00620759
0.00555068
0.00491305
0.00430183
0.00372405
0.00318628
0.00269423
0.00225237
0.00186369
0.00152968
0.00125041
0.00102473
0.000850645
0.000725659
0.00064712
0.000612416
0.000618952
0.000664087
0.000745067
0.000858996
0.00100532
0.0011441
0.00128257
0.0124817
0.0118139
0.0111263
0.0102564
0.00939171
0.00852397
0.00766752
0.00683464
0.0060344
0.00527459
0.00456178
0.00390147
0.00329813
0.00275503
0.0022742
0.0018565
0.00150178
0.00120914
0.00097719
0.000804368
0.000689288
0.000631099
0.000629627
0.000685042
0.000796966
0.000962957
0.00117711
0.00143328
0.00166062
0.00188171
0.0147212
0.0138804
0.0130217
0.0119157
0.0108062
0.00969881
0.00861863
0.00758531
0.00661079
0.00570326
0.00486813
0.00410878
0.00342693
0.00282287
0.00229574
0.00184395
0.00146561
0.00115901
0.000922873
0.000756698
0.000661027
0.000637672
0.000689652
0.000820398
0.00103191
0.00132135
0.00167774
0.00208452
0.00243538
0.00276592
0.0175559
0.0164261
0.0152885
0.0139055
0.0125256
0.0111571
0.00982992
0.00856764
0.00738554
0.00629422
0.00530031
0.00440703
0.00361485
0.00292219
0.00232618
0.0018235
0.00141119
0.00108726
0.000851093
0.000703581
0.000647075
0.000685078
0.000821571
0.00105973
0.00140006
0.00183748
0.00235837
0.00294431
0.00349203
0.00401838
0.0219579
0.0205002
0.0190274
0.0173206
0.0156001
0.0138634
0.0121512
0.010502
0.00894658
0.00750853
0.00620362
0.00504008
0.00402014
0.00314198
0.00240175
0.00179539
0.00132003
0.00097473
0.000760969
0.000682055
0.000741619
0.000941763
0.00128154
0.0017539
0.00234457
0.00303008
0.00378054
0.00457729
0.00527511
0.00596754
0.0356858
0.0330715
0.0301027
0.0270839
0.0240733
0.0210706
0.0181428
0.0153543
0.0127578
0.0103944
0.00829048
0.00645758
0.00489592
0.00359901
0.00255823
0.00176693
0.00122323
0.000931494
0.000901238
0.00114478
0.00167375
0.00249417
0.00360081
0.00497458
0.00658132
0.008372
0.0102855
0.0123059
0.0143783
0.01625
0.00497049
0.0049445
0.00492212
0.00490087
0.00488192
0.00486665
0.00485685
0.00485446
0.00486153
0.00488024
0.00491298
0.00496246
0.00503184
0.00512493
0.00524639
0.00540211
0.00559969
0.00584951
0.00616601
0.00656952
0.0070889
0.00776479
0.00865211
0.00981843
0.011341
0.0133038
0.0157971
0.0190913
0.0240815
0.0386076
0.00494169
0.00492269
0.00490656
0.00489332
0.00488512
0.00488292
0.0048879
0.00490151
0.00492548
0.00496187
0.00501312
0.00508213
0.00517238
0.00528813
0.00543462
0.0056185
0.00584847
0.0061363
0.00649816
0.00695657
0.00754314
0.00830185
0.00929136
0.0105831
0.0122578
0.014413
0.0172061
0.0209623
0.026386
0.0417476
0.00494456
0.00494024
0.00493811
0.00493844
0.00494357
0.00495489
0.00497393
0.00500242
0.00504228
0.00509573
0.00516532
0.00525415
0.00536594
0.00550528
0.00567788
0.00589107
0.00615457
0.00648142
0.00688941
0.00740308
0.00805647
0.00889661
0.00998546
0.0113971
0.0132143
0.0155475
0.0186147
0.0227926
0.0285218
0.0452307
0.00498746
0.00499802
0.00501055
0.00502531
0.00504498
0.0050712
0.00510573
0.00515047
0.00520754
0.00527935
0.00536869
0.00547887
0.00561392
0.00577873
0.00597952
0.00622423
0.00652338
0.00689104
0.00734609
0.00791423
0.00863072
0.00954361
0.0107152
0.0122176
0.0141293
0.016572
0.0198448
0.0244544
0.0303951
0.0489718
0.00506482
0.00508891
0.00511553
0.00514467
0.00517917
0.00522098
0.00527205
0.00533442
0.00541034
0.00550238
0.00561355
0.00574741
0.00590827
0.0061014
0.00633348
0.00661306
0.00695146
0.00736353
0.00786895
0.00849405
0.00927443
0.0102578
0.0115048
0.0130823
0.0150611
0.0175722
0.0210139
0.0260967
0.0320924
0.0529289
0.0051687
0.00520472
0.00524444
0.00528758
0.00533693
0.00539462
0.00546279
0.0055436
0.00563948
0.00575313
0.00588774
0.00604706
0.00623569
0.00645923
0.00672476
0.0070414
0.00742102
0.00787909
0.00843567
0.00911713
0.00995849
0.0110059
0.0123164
0.013949
0.015964
0.0185019
0.0220841
0.0277392
0.0336244
0.0572496
0.00529024
0.00533664
0.00538829
0.00544478
0.0055087
0.00558222
0.0056676
0.00576717
0.00588346
0.00601934
0.00617816
0.00636384
0.00658116
0.00683603
0.00713586
0.00749019
0.00791129
0.00841488
0.00902107
0.00975572
0.0106526
0.0117554
0.0131162
0.0147844
0.0168069
0.0193333
0.0230311
0.0294163
0.0350334
0.0621415
0.00542028
0.00547563
0.00553792
0.00560683
0.00568467
0.00577357
0.00587582
0.00599385
0.00613031
0.0062882
0.00647101
0.0066828
0.00692851
0.00721423
0.00754766
0.0079386
0.00839949
0.00894606
0.00959813
0.0103808
0.0113262
0.0124751
0.0138742
0.0155611
0.0175675
0.0200495
0.0238356
0.0311605
0.0363774
0.0678276
0.00554979
0.0056128
0.00568444
0.00576462
0.00585537
0.00595872
0.00607696
0.00621254
0.00636819
0.00654701
0.00675258
0.0069891
0.00726159
0.00757629
0.00794109
0.00836587
0.00886308
0.00944826
0.0101408
0.0109649
0.011951
0.0131373
0.0145647
0.0162583
0.018231
0.0206427
0.0244833
0.0329947
0.0377274
0.0744871
0.0056706
0.00574009
0.00581979
0.0059099
0.00601221
0.00612866
0.00626145
0.00641304
0.00658619
0.00678404
0.00701022
0.007269
0.00756555
0.00790615
0.00829874
0.0087532
0.00928184
0.00989998
0.0106265
0.0114847
0.0125038
0.0137196
0.0151682
0.0168609
0.0187889
0.0211141
0.0249694
0.0349232
0.0391563
0.0821691
0.00577603
0.00585085
0.00593728
0.00603583
0.00614808
0.00627585
0.00642128
0.00658676
0.00677505
0.0069893
0.00723317
0.00751099
0.00782797
0.00819045
0.0086063
0.00908532
0.00963968
0.0102844
0.011038
0.011923
0.0129675
0.014206
0.0156709
0.0173593
0.0192381
0.0214711
0.0253001
0.0369212
0.0407162
0.0906866
0.00586116
0.00594019
0.006032
0.00613735
0.00625768
0.0063947
0.00655043
0.00672722
0.00692779
0.00715529
0.00741341
0.00770649
0.00803974
0.0084195
0.00885357
0.00935162
0.00992568
0.0105906
0.0113644
0.0122691
0.0133322
0.0145875
0.016065
0.0177487
0.019579
0.0217246
0.0254936
0.0389213
0.0424061
0.0995135
0.00592302
0.00600516
0.00610096
0.00621141
0.00633781
0.00648174
0.00664517
0.00683038
0.00704008
0.00727741
0.00754606
0.00785036
0.0081955
0.00858776
0.00903488
0.00954647
0.0101344
0.0108134
0.0116011
0.0125192
0.0135947
0.0148616
0.0163488
0.0180285
0.0198154
0.0218867
0.0255767
0.0408094
0.044144
0.107811
0.00596057
0.00604472
0.00614314
0.00625694
0.0063873
0.00653574
0.00670416
0.00689482
0.00711042
0.0073541
0.00762953
0.007941
0.00829368
0.0086938
0.00914908
0.00966908
0.0102656
0.0109532
0.0117493
0.0126752
0.013758
0.0150319
0.0165257
0.0182029
0.0199555
0.0219714
0.0255804
0.0423951
0.0457248
0.114541
0.00597446
0.00605958
0.00615927
0.00627469
0.00640695
0.00655753
0.00672831
0.00692154
0.00713993
0.00738661
0.00766521
0.00798001
0.00833615
0.00873987
0.00919891
0.00972279
0.0103233
0.0110148
0.0118148
0.0127444
0.0138305
0.0151078
0.0166055
0.0182822
0.0200161
0.0220026
0.02555
0.0433064
0.0467224
0.118375
0.00596656
0.00605172
0.00615145
0.0062669
0.00639914
0.00654969
0.0067204
0.00691356
0.00713186
0.00737843
0.00765687
0.00797147
0.00832738
0.0087309
0.00918977
0.00971358
0.0103141
0.0110058
0.0118059
0.0127358
0.0138224
0.0151004
0.016599
0.0182766
0.0200111
0.0219985
0.0255411
0.0432899
0.0467105
0.118522
0.00593686
0.00602112
0.00611966
0.00623357
0.00636394
0.00651231
0.00668059
0.00687106
0.00708642
0.00732977
0.00760476
0.00791567
0.00826772
0.00866725
0.00912209
0.00964189
0.0102385
0.0109264
0.0117232
0.0126501
0.0137344
0.0150104
0.0165069
0.0181866
0.0199411
0.0219596
0.0255555
0.0423511
0.0456937
0.114962
0.00588363
0.00596597
0.00606203
0.00617273
0.00629926
0.00644321
0.00660653
0.00679153
0.00700089
0.00723773
0.00750572
0.00780919
0.00815341
0.00854481
0.00899128
0.0095026
0.0100908
0.0107704
0.0115593
0.0124791
0.0135572
0.0148275
0.0163189
0.0180025
0.0197929
0.0218683
0.025541
0.0407528
0.0441049
0.108452
0.00580661
0.00588596
0.00597817
0.00608398
0.00620467
0.00634189
0.00649766
0.00667431
0.00687455
0.00710149
0.00735882
0.00765092
0.00798308
0.00836182
0.00879513
0.00929289
0.00986728
0.0105332
0.0113087
0.012216
0.0132827
0.0145426
0.0160254
0.017714
0.0195496
0.0217014
0.025455
0.0388694
0.042371
0.100313
0.00570718
0.00578245
0.00586947
0.00596872
0.00608159
0.00620985
0.00635556
0.00652109
0.00670915
0.00692288
0.00716596
0.00744275
0.00775858
0.00812
0.00853509
0.00901386
0.00956868
0.0102147
0.0109706
0.0118588
0.0129077
0.0141516
0.0156223
0.0173165
0.0192028
0.0214453
0.0252672
0.0368892
0.040695
0.0915906
0.00558862
0.00565874
0.00573923
0.00583031
0.00593354
0.00605078
0.00618416
0.00633608
0.00650923
0.00670673
0.00693223
0.00719006
0.00748551
0.00782511
0.00821701
0.00867131
0.00920054
0.00982022
0.0105493
0.0114113
0.0124352
0.0136566
0.0151111
0.0168104
0.0187488
0.0210886
0.0249509
0.0349218
0.0391569
0.0831298
0.0054561
0.00551998
0.00559268
0.00567412
0.0057661
0.00587058
0.00598974
0.00612598
0.00628197
0.00646074
0.00666588
0.00690163
0.0071732
0.00748704
0.00785124
0.00827597
0.00877387
0.00936069
0.0100559
0.0108838
0.0118747
0.0130663
0.0144994
0.0162005
0.0181871
0.0206208
0.0244861
0.0330292
0.0377563
0.075468
0.00531644
0.005373
0.00543669
0.00550721
0.00558662
0.00567699
0.00578053
0.00589961
0.0060368
0.00619504
0.00637779
0.00658916
0.0068342
0.0071192
0.00745213
0.00784303
0.00830461
0.00885276
0.00950738
0.0102935
0.0112431
0.0123967
0.0138009
0.0154966
0.0175214
0.0200346
0.023864
0.0312316
0.0364405
0.0688048
0.00517784
0.0052259
0.00527937
0.00533786
0.00540373
0.00547909
0.00556614
0.00566716
0.00578462
0.00592132
0.00608054
0.0062662
0.00648313
0.00673741
0.00703671
0.00739092
0.00781258
0.00831753
0.00892589
0.00966342
0.0105636
0.0116701
0.0130357
0.0147142
0.0167604
0.0193283
0.0230865
0.0295216
0.0351363
0.0631039
0.00504928
0.00508748
0.00512951
0.00517507
0.00522674
0.00528662
0.00535681
0.00543946
0.00553692
0.00565184
0.00578728
0.00594695
0.00613542
0.00635843
0.00662336
0.0069397
0.00731961
0.0077787
0.00833695
0.00902051
0.00986419
0.0109144
0.0122296
0.0138747
0.0159189
0.0185088
0.0221655
0.0278754
0.0337735
0.0581979
0.00493988
0.00496669
0.00499609
0.005028
0.00506512
0.00510938
0.00516272
0.00522717
0.00530494
0.00539853
0.00551081
0.00564523
0.00580604
0.00599866
0.00623002
0.0065091
0.00684754
0.00726029
0.00776689
0.0083934
0.00917534
0.010161
0.0114133
0.0130058
0.0150194
0.017592
0.0211186
0.026261
0.0322946
0.0538731
0.00485842
0.00487221
0.0048879
0.00490565
0.00492803
0.00495672
0.00499351
0.00504031
0.0050992
0.00517252
0.00526294
0.00537367
0.00550865
0.0056729
0.00587288
0.00611697
0.00641603
0.00678421
0.00724015
0.00780933
0.00852716
0.0094426
0.0106209
0.0121414
0.0140933
0.0166051
0.0199698
0.0246453
0.0306572
0.0499282
0.00481275
0.00481213
0.0048134
0.00481668
0.0048243
0.00483773
0.00485861
0.0048887
0.00492991
0.00498439
0.00505466
0.00514372
0.00525526
0.00539395
0.00556576
0.00577839
0.00604187
0.0063693
0.00677827
0.00729322
0.00794865
0.00879283
0.00989112
0.0113249
0.0131869
0.0155944
0.0187576
0.0230105
0.0288499
0.046217
0.00480841
0.0047935
0.0047807
0.00476998
0.00476359
0.00476269
0.0047686
0.00478284
0.00480718
0.00484369
0.0048948
0.00496342
0.0050531
0.00516815
0.00531405
0.00549769
0.005728
0.00601683
0.00638033
0.00684114
0.00743152
0.00819691
0.00919936
0.0105171
0.0122394
0.0144694
0.0173581
0.0211985
0.0267659
0.0427592
0.00483834
0.00481597
0.00479574
0.0047758
0.00475748
0.00474232
0.00473215
0.00472903
0.00473509
0.00475265
0.00478414
0.00483239
0.00490067
0.00499297
0.00511409
0.00526999
0.00546839
0.00571979
0.00603895
0.00644657
0.00697207
0.00765759
0.00856109
0.0097564
0.0113269
0.0133615
0.0159476
0.0193357
0.0244943
0.039638
0.0367044
0.0340448
0.0309887
0.0278584
0.024732
0.0216193
0.0185916
0.0157159
0.0130461
0.0106231
0.00847258
0.00660488
0.00501873
0.00370623
0.00265752
0.001865
0.00132608
0.00104481
0.00103043
0.00129498
0.0018496
0.00269938
0.00383737
0.00524194
0.00687555
0.00868533
0.0106067
0.0126221
0.0146748
0.0165239
0.0223892
0.0209427
0.0194525
0.0176985
0.0159223
0.0141316
0.0123709
0.0106813
0.0090937
0.00763134
0.00630883
0.00513313
0.0041053
0.00322255
0.00248021
0.00187354
0.0013991
0.0010553
0.000843074
0.000765265
0.000825074
0.00102425
0.00136154
0.00182962
0.00241395
0.00309061
0.00382989
0.00461432
0.0052921
0.00597469
0.0178117
0.0167007
0.0155656
0.0141638
0.0127546
0.0113544
0.00999672
0.00870788
0.00750417
0.00639625
0.00539019
0.00448843
0.00369061
0.00299438
0.00239617
0.001892
0.0014782
0.00115198
0.000911857
0.000757896
0.000691762
0.0007166
0.000836463
0.00105507
0.00137391
0.0017892
0.00228923
0.00285806
0.00338994
0.00391183
0.0148731
0.014043
0.0131857
0.0120683
0.0109429
0.00981957
0.00872495
0.00767952
0.0066954
0.00578065
0.0049404
0.00417762
0.00349365
0.0028884
0.00236065
0.00190835
0.00152908
0.00122039
0.000980188
0.000807197
0.000701479
0.000664933
0.000701341
0.000815448
0.0010107
0.00128544
0.00162937
0.00202649
0.00237235
0.00270306
0.0125402
0.0118766
0.0111874
0.0103117
0.00944269
0.00857337
0.00771722
0.0068856
0.00608689
0.00532851
0.00461693
0.00395769
0.00335529
0.00281304
0.0023329
0.0019155
0.00156029
0.0012658
0.00102997
0.000850654
0.000726265
0.00065637
0.000641937
0.000684764
0.000786039
0.00094425
0.0011534
0.00140634
0.00163305
0.00185397
0.0106708
0.010138
0.00957581
0.00888907
0.0082195
0.00755082
0.00688471
0.00622545
0.00557768
0.00494758
0.00434216
0.00376867
0.003234
0.00274415
0.0023037
0.00191558
0.001581
0.00129961
0.00106986
0.000889461
0.000756023
0.000667509
0.000622418
0.000619516
0.000657326
0.000733708
0.000845587
0.000991385
0.00113108
0.0012698
0.00922481
0.00879498
0.00833289
0.00778797
0.00726243
0.0067392
0.00621281
0.00568312
0.00515172
0.00462304
0.00410363
0.00360126
0.00312403
0.00267954
0.00227414
0.00191242
0.001597
0.00132861
0.0011064
0.000928377
0.000791903
0.000694001
0.000631507
0.000601072
0.000599331
0.000623408
0.000671452
0.000743598
0.000820156
0.000899733
0.00812286
0.00777183
0.00738707
0.00694614
0.00652299
0.00610206
0.0056758
0.00524116
0.0047976
0.00434782
0.00389732
0.00345356
0.00302497
0.00261991
0.00224574
0.00190818
0.00161089
0.00135553
0.00114193
0.000968501
0.00083259
0.000730717
0.000658773
0.000612272
0.000586879
0.000579271
0.000587579
0.000611818
0.000644562
0.000682688
0.00728744
0.00699416
0.00666624
0.00629988
0.00594937
0.00560058
0.00524605
0.00488095
0.00450344
0.00411479
0.00371934
0.0033238
0.00293636
0.00256555
0.00221922
0.00190375
0.00162353
0.00138092
0.00117635
0.00100858
0.000875075
0.000772138
0.000695265
0.000639544
0.000600306
0.000573921
0.000558297
0.000552677
0.00055621
0.000567326
0.00665131
0.0063991
0.00611308
0.00580038
0.00550142
0.00520405
0.00490101
0.0045869
0.00425908
0.00391777
0.00356621
0.00321025
0.00285754
0.00251641
0.0021948
0.0018994
0.00163505
0.00140458
0.00120889
0.00104706
0.000916698
0.000814138
0.000734827
0.000673819
0.000626448
0.000588929
0.0005589
0.000534982
0.000519637
0.000514304
0.00616286
0.00594011
0.00568524
0.00541113
0.00514935
0.00488893
0.00462325
0.00434673
0.00405635
0.00375161
0.00343493
0.00311133
0.00278782
0.00247229
0.00217251
0.00189517
0.00164534
0.00142616
0.00123883
0.00108272
0.000955623
0.00085405
0.000773599
0.00070949
0.000657209
0.000612914
0.000574041
0.000538831
0.000511481
0.000496423
0.00578435
0.00558353
0.00535226
0.00510681
0.0048719
0.00463815
0.00439964
0.00415089
0.00388866
0.00361207
0.00332293
0.00302565
0.00272656
0.00243298
0.0021523
0.00189105
0.0016543
0.00144536
0.00126564
0.00111476
0.000990722
0.00089028
0.000809295
0.000743244
0.000687806
0.000639191
0.000594622
0.000552425
0.000517463
0.000496808
0.0054894
0.00530509
0.00509212
0.00486833
0.00465317
0.004439
0.00422024
0.00399188
0.00375063
0.0034955
0.003228
0.00295199
0.00267318
0.00239826
0.00213413
0.00188699
0.00166185
0.00146201
0.00128905
0.00114276
0.0010214
0.000921972
0.00084064
0.000773183
0.000715477
0.000663804
0.000615531
0.000569021
0.000529323
0.000505737
0.00525931
0.00508777
0.00488937
0.00468231
0.00448199
0.004282
0.00407738
0.00386365
0.00363775
0.00339883
0.00314819
0.00288927
0.00262717
0.00236794
0.00211794
0.00188302
0.00166797
0.00147608
0.00130897
0.00116661
0.00104745
0.000948758
0.000866983
0.000798231
0.000738622
0.000684707
0.000634005
0.000584907
0.000542431
0.000517703
0.00508047
0.0049192
0.00473274
0.00453867
0.00434939
0.0041596
0.00396472
0.00376117
0.00354629
0.00331943
0.00308184
0.00283654
0.00258804
0.00234183
0.00210371
0.00187917
0.00167276
0.00148766
0.00132551
0.00118638
0.00106891
0.00097059
0.000888156
0.000818044
0.000756682
0.000701032
0.000648699
0.00059816
0.000554281
0.000529579
0.004943
0.00479014
0.0046135
0.00442952
0.00424829
0.00406554
0.00387711
0.00368029
0.00347315
0.00325516
0.00302752
0.00279291
0.00255532
0.00231971
0.00209141
0.00187553
0.00167635
0.00149693
0.00133886
0.00120229
0.00108598
0.000987644
0.000904289
0.000832678
0.000769674
0.000712588
0.000659139
0.000607917
0.000563549
0.000539576
0.00483962
0.00469353
0.00452478
0.00434853
0.00417291
0.00399465
0.00381037
0.00361774
0.00341583
0.00320423
0.002984
0.00275757
0.00252853
0.00230137
0.00208102
0.0018722
0.00167893
0.00150411
0.00134928
0.00121458
0.00109892
0.00100019
0.000915684
0.000842503
0.000777919
0.000719588
0.000665363
0.000613928
0.000569621
0.000546643
0.0047646
0.00462381
0.00446123
0.00429069
0.00411881
0.00394319
0.00376131
0.00357109
0.00337244
0.00316515
0.00295018
0.00272977
0.0025072
0.0022866
0.00207248
0.00186925
0.00168066
0.00150942
0.00135699
0.00122351
0.00110799
0.00100853
0.000922712
0.000847961
0.000781845
0.000722409
0.000667611
0.000616224
0.000572251
0.000550198
0.00471332
0.00457658
0.0044188
0.00425235
0.00408274
0.00390843
0.00372761
0.00353857
0.00334151
0.00313676
0.00292516
0.00270886
0.00249092
0.00227516
0.00206575
0.00186676
0.00168168
0.00151303
0.00136219
0.0012293
0.00111345
0.00101296
0.000925672
0.000849335
0.000781812
0.000721394
0.000666123
0.000614919
0.000571398
0.00055001
0.00468196
0.00454834
0.00439436
0.0042309
0.00406252
0.0038885
0.00370766
0.00351882
0.00332191
0.0031181
0.00290822
0.00269431
0.00247935
0.00226688
0.00206076
0.00186475
0.00168208
0.00151509
0.00136505
0.00123212
0.00111549
0.00101367
0.000924802
0.000846895
0.000778054
0.000716656
0.000661113
0.000610191
0.000567168
0.000546119
0.00466737
0.00453636
0.00438549
0.00422435
0.00405662
0.00388218
0.00370043
0.0035108
0.00331286
0.00310852
0.0028988
0.00268574
0.00247223
0.00226161
0.00205746
0.00186324
0.00168192
0.00151566
0.00136566
0.00123207
0.00111422
0.00101081
0.000920243
0.000840776
0.000770746
0.000708579
0.000652853
0.00060229
0.000559796
0.000538727
0.00466685
0.00453843
0.00439038
0.00423121
0.00406393
0.00388855
0.00370518
0.00351376
0.0033138
0.00310753
0.00289657
0.00268292
0.00246942
0.00225928
0.00205581
0.00186222
0.00168121
0.00151478
0.00136404
0.00122919
0.00110969
0.00100445
0.000912087
0.000831098
0.000760034
0.000697297
0.00064156
0.0005915
0.000549592
0.000528177
0.00467793
0.00455253
0.00440739
0.00425016
0.00408334
0.00390699
0.00372136
0.00352717
0.00332436
0.00311488
0.00290137
0.00268575
0.00247088
0.00225987
0.00205581
0.00186166
0.00167991
0.00151241
0.00136018
0.00122349
0.00110192
0.000994617
0.000900407
0.000817982
0.000745983
0.000682973
0.000627512
0.000578114
0.000536922
0.000514877
0.00469816
0.00457665
0.00443499
0.00428008
0.00411393
0.00393661
0.00374845
0.00355073
0.00334431
0.00313057
0.00291325
0.00269436
0.00247674
0.00226347
0.00205748
0.00186153
0.00167794
0.00150842
0.00135397
0.00121488
0.0010909
0.00098136
0.000885292
0.000801539
0.000728812
0.000665811
0.000610849
0.000562451
0.000522179
0.000499311
0.00472506
0.00460874
0.00447167
0.00431989
0.00415501
0.00397675
0.00378597
0.0035843
0.00337356
0.00315479
0.0029325
0.00270907
0.0024873
0.00227027
0.00206088
0.00186177
0.00167513
0.00150261
0.00134518
0.0012032
0.00107655
0.000964711
0.000866871
0.000781979
0.000708801
0.000645982
0.000591898
0.00054486
0.000505766
0.000482047
0.00475596
0.00464658
0.00451567
0.00436841
0.00420533
0.00402666
0.00383345
0.00362779
0.00341226
0.00318799
0.00295971
0.00273048
0.00250304
0.0022806
0.00206613
0.00186227
0.00167121
0.00149461
0.00133347
0.0011882
0.00105873
0.000944707
0.000845347
0.000759611
0.000686278
0.000623954
0.00057103
0.000525758
0.000488185
0.000463756
0.00478774
0.0046878
0.00456517
0.00442381
0.00426373
0.0040855
0.00389058
0.00368138
0.00346103
0.00323117
0.00299599
0.00275967
0.00252486
0.00229504
0.00207344
0.00186291
0.00166582
0.00148394
0.00131835
0.00116948
0.00103726
0.000921421
0.00082104
0.000734959
0.00066189
0.000600402
0.000548856
0.000505684
0.000470163
0.000445169
0.00481565
0.00472926
0.00461783
0.00448408
0.0043286
0.00415248
0.00395744
0.0037459
0.00352133
0.00328624
0.00304355
0.00279867
0.00255446
0.00231478
0.00208342
0.00186373
0.00165852
0.00146987
0.00129901
0.00114638
0.00101182
0.000894731
0.000794054
0.000708349
0.000636149
0.000575947
0.000526186
0.000485262
0.000451787
0.000426357
0.00483274
0.00476677
0.00467075
0.00454809
0.0044006
0.00422989
0.00403762
0.00382602
0.00359857
0.00335852
0.00310776
0.00285227
0.00259561
0.00234235
0.00209722
0.00186457
0.00164805
0.00145029
0.00127276
0.00111601
0.000979917
0.000861723
0.000761441
0.000676897
0.000606302
0.000547981
0.000500249
0.000461457
0.00042964
0.000405372
0.0048296
0.00478789
0.00471053
0.00460287
0.00446759
0.00430665
0.0041217
0.00391428
0.00368679
0.00344255
0.00318377
0.00291616
0.00264453
0.0023746
0.00211248
0.00186387
0.00163353
0.00142484
0.00123952
0.00107759
0.000937739
0.000819964
0.000720726
0.000637811
0.000569121
0.00051269
0.000466852
0.000429917
0.000400588
0.00038241
0.0184865
0.00709186
0.0047706
0.00326596
0.00222429
0.00151779
0.0010578
0.000776323
0.000616663
0.00053278
0.000492386
0.00047575
0.000471578
0.000473438
0.000477585
0.000481818
0.000484886
0.000486118
0.000485232
0.000482183
0.000477064
0.000470056
0.000461394
0.000451347
0.000440192
0.000428198
0.000415588
0.000402284
0.000388271
0.000377037
0.0210229
0.00826651
0.00558177
0.00382867
0.00261424
0.0017973
0.00125539
0.000911804
0.000706194
0.000589747
0.000527286
0.000496314
0.000483264
0.000480036
0.000481721
0.000485303
0.000488945
0.000491539
0.000492441
0.000491332
0.000488117
0.000482849
0.000475677
0.000466803
0.000456456
0.0004449
0.000432407
0.000419254
0.00040614
0.000394297
0.0241044
0.00938381
0.00641684
0.00440724
0.00302945
0.0021085
0.0014874
0.00108024
0.000824321
0.000669272
0.000578028
0.00052603
0.00049784
0.000483864
0.000478105
0.000476763
0.000477416
0.000478518
0.000479078
0.000478495
0.000476454
0.000472836
0.000467648
0.000460978
0.000452961
0.000443764
0.000433553
0.000422573
0.000411641
0.000401825
0.027745
0.010353
0.00722063
0.00491782
0.00340919
0.00241709
0.00173669
0.00127515
0.000970931
0.000775297
0.000651397
0.000573898
0.0005262
0.000497536
0.000480914
0.00047175
0.000466995
0.000464605
0.000463193
0.000461833
0.000459938
0.000457165
0.000453341
0.000448411
0.000442394
0.00043534
0.000427289
0.000418387
0.000409566
0.000402301
0.032012
0.0112253
0.00805268
0.00540866
0.00379182
0.00274615
0.00201507
0.00150285
0.00115056
0.000912338
0.000752545
0.0006458
0.00057482
0.000527938
0.000497274
0.000477478
0.000464866
0.000456866
0.000451667
0.000447981
0.000444914
0.000441861
0.000438432
0.000434391
0.000429614
0.00042403
0.000417571
0.000410302
0.000403167
0.000397892
0.037101
0.0119971
0.00893418
0.00586177
0.00416269
0.00308246
0.00231091
0.00175444
0.00135739
0.0010774
0.00088079
0.000742775
0.00064592
0.000578034
0.000530561
0.000497498
0.000474592
0.000458776
0.00044781
0.000440047
0.000434272
0.0004296
0.000425401
0.000421236
0.000416817
0.000411942
0.000406444
0.000400298
0.000394348
0.000390378
0.0432504
0.0126936
0.00990029
0.00626565
0.00451504
0.00341704
0.00261357
0.00201952
0.00158229
0.00126318
0.0010308
0.000861361
0.000737634
0.000647218
0.000581132
0.000532875
0.000497723
0.000472194
0.000453671
0.000440168
0.00043017
0.000422521
0.000416345
0.000410998
0.000406013
0.000401051
0.000395835
0.000390238
0.000384926
0.00038157
0.0506958
0.0133602
0.0109891
0.00661077
0.00484493
0.00374064
0.00291115
0.00228559
0.00181322
0.0014589
0.00119351
0.00099431
0.000844445
0.00073151
0.000646299
0.000581976
0.00053347
0.000496979
0.000469592
0.000449048
0.000433569
0.000421761
0.000412529
0.000405026
0.000398611
0.0003928
0.0003872
0.00038157
0.000376363
0.000373004
0.0595929
0.0140594
0.0122349
0.00689011
0.00514978
0.00404311
0.0031911
0.00253948
0.00203714
0.0016523
0.00135787
0.00113204
0.000958292
0.0008243
0.000720771
0.000640674
0.000578715
0.000530864
0.000494006
0.000465683
0.000443923
0.000427139
0.000414052
0.000403641
0.000395104
0.000387816
0.000381266
0.000375099
0.000369544
0.000365705
0.0699289
0.0148668
0.0136574
0.00710165
0.00542766
0.00431416
0.00344175
0.00276911
0.00224189
0.0018316
0.00151287
0.00126449
0.00107021
0.000917763
0.000797822
0.00070329
0.000628739
0.000570006
0.000523845
0.000487673
0.000459397
0.000437295
0.000419952
0.000406207
0.000395122
0.000385944
0.000378055
0.000370992
0.000364768
0.000360135
0.0813647
0.0158491
0.0152476
0.00724889
0.00567569
0.00454457
0.00365386
0.00296495
0.00241774
0.00198718
0.00164918
0.00138281
0.00117192
0.00100429
0.000870611
0.000763747
0.000678232
0.000609836
0.000555242
0.000511802
0.000477354
0.000450102
0.00042854
0.00041141
0.000397665
0.000386449
0.000377051
0.000368915
0.000361858
0.000356299
0.0931417
0.0170303
0.016951
0.00734016
0.0058888
0.00472755
0.00382152
0.00312076
0.00255823
0.00211245
0.00176014
0.00148034
0.0012569
0.00107763
0.000933243
0.000816609
0.000722255
0.000645939
0.00058432
0.00053472
0.000494949
0.000463176
0.000437847
0.00041764
0.000401436
0.0003883
0.000377447
0.000368249
0.000360362
0.000353902
0.104123
0.018356
0.0186577
0.00738658
0.00605981
0.00485983
0.00394235
0.00323373
0.00266032
0.00220405
0.00184201
0.00155304
0.00132092
0.00113348
0.000981475
0.000857787
0.000756962
0.000674764
0.000607858
0.000553563
0.000509683
0.000474372
0.000446056
0.000423379
0.000405178
0.000390465
0.000378407
0.000368321
0.000359741
0.000352543
0.112941
0.0196498
0.0201712
0.00740014
0.00618098
0.0049421
0.00401731
0.00330421
0.00272405
0.00226153
0.00189379
0.0015994
0.00136207
0.00116967
0.00101296
0.000884874
0.000779967
0.000694021
0.000623711
0.000566368
0.000519792
0.000482139
0.000451825
0.00042748
0.000407922
0.000392136
0.000379261
0.000368577
0.00035954
0.000351852
0.117873
0.0205158
0.021095
0.00739903
0.0062436
0.004979
0.00405074
0.00333551
0.0027522
0.00228697
0.00191682
0.00162012
0.00138054
0.00118597
0.00102718
0.000897141
0.000790412
0.000702786
0.000630946
0.000572223
0.000524419
0.000485685
0.00045444
0.000429316
0.000409128
0.000392852
0.000379616
0.000368681
0.000359464
0.000351579
0.117919
0.0205313
0.0211307
0.00740499
0.00623918
0.00497617
0.00404757
0.00333192
0.00274862
0.00228358
0.00191368
0.00161724
0.00137792
0.00118359
0.00102506
0.000895257
0.000788768
0.000701374
0.000629752
0.000571223
0.000523582
0.000484977
0.000453836
0.000428804
0.000408704
0.00039252
0.000379377
0.000368539
0.000359417
0.000351622
0.113073
0.0196921
0.0202685
0.00741815
0.00616924
0.00493413
0.00400826
0.00329384
0.0027136
0.0022516
0.00188458
0.00159095
0.0013544
0.00116274
0.00100677
0.000879404
0.000775204
0.000689937
0.000620258
0.000563471
0.000517359
0.000480077
0.000450065
0.00042599
0.000406697
0.000391183
0.000378588
0.000368188
0.000359433
0.000352013
0.104326
0.0184153
0.0187917
0.00741583
0.0060445
0.00484806
0.00392865
0.00321765
0.00264383
0.00218825
0.00182735
0.00153963
0.00130878
0.00112258
0.000971787
0.000849282
0.000749598
0.000668474
0.000602543
0.000549093
0.000505909
0.000471164
0.000443323
0.000421081
0.000403311
0.000389041
0.000377438
0.000367812
0.000359689
0.000352925
0.0933954
0.0170974
0.0170938
0.00737829
0.00587417
0.00471375
0.0038047
0.00310036
0.00253681
0.00209173
0.00174088
0.0014628
0.00124112
0.00106359
0.000920885
0.000805871
0.000713046
0.000638128
0.000577738
0.000529173
0.000490249
0.000459175
0.000434459
0.000414832
0.000399209
0.000386668
0.000376423
0.000367839
0.00036056
0.000354677
0.0816514
0.0159188
0.0153764
0.00729179
0.00566521
0.00453061
0.00363547
0.00294172
0.00239268
0.00196265
0.00162637
0.00136215
0.00115351
0.000988101
0.000856562
0.000751719
0.000668057
0.000601297
0.000548088
0.000505778
0.000472249
0.000445778
0.00042493
0.000408497
0.000395458
0.000384963
0.000376298
0.0003689
0.00036257
0.000357694
0.0702342
0.0149373
0.0137567
0.00714371
0.00542318
0.00430176
0.00342326
0.00274459
0.00221468
0.00180464
0.00148777
0.00124191
0.00105033
0.000900564
0.000783174
0.000690992
0.000618525
0.000561558
0.000516827
0.000481795
0.000454455
0.000433178
0.000416619
0.000403657
0.00039337
0.000385007
0.000377944
0.000371707
0.000366287
0.000362406
0.059907
0.0141313
0.0122977
0.00692522
0.00515096
0.00403344
0.00317379
0.00251521
0.00200947
0.00162457
0.00133205
0.001109
0.00093832
0.000807363
0.000706675
0.000629129
0.000569346
0.000523251
0.000487767
0.000460531
0.000439691
0.000423751
0.000411491
0.000401918
0.000394239
0.000387827
0.000382159
0.000376869
0.00037216
0.000369097
0.0510133
0.0134344
0.0110155
0.00663347
0.00484936
0.00373391
0.00289598
0.00226305
0.00178688
0.00143228
0.00116877
0.000972491
0.000825881
0.000716148
0.000633876
0.000572106
0.000525678
0.000490797
0.000464649
0.000445107
0.000430514
0.000419553
0.000411169
0.000404534
0.000399009
0.000394103
0.00038941
0.000384673
0.000380318
0.000377727
0.0435677
0.0127706
0.00989467
0.00627196
0.00451879
0.00341229
0.00260098
0.00199997
0.00155902
0.00123956
0.001009
0.000842446
0.000721926
0.000634616
0.00057131
0.000525363
0.000492014
0.00046785
0.000450394
0.0004378
0.000428649
0.000421838
0.000416519
0.00041205
0.000407962
0.000403905
0.00039959
0.000394873
0.00039039
0.000387764
0.0374153
0.0120756
0.00890277
0.00584945
0.00416141
0.00307787
0.00230086
0.00173882
0.00133866
0.00105843
0.000863517
0.000728149
0.000634184
0.000569024
0.0005239
0.000492711
0.000471225
0.000456497
0.000446431
0.000439491
0.000434529
0.000430689
0.000427342
0.000424046
0.0004205
0.0004165
0.000411865
0.000406559
0.000401394
0.000398096
0.0323197
0.0113024
0.00800129
0.00537731
0.00378195
0.00273968
0.00200712
0.00149164
0.00113726
0.000899021
0.000740734
0.000636208
0.000567565
0.000522807
0.000493898
0.000475456
0.000463882
0.000456727
0.000452293
0.00044937
0.000447095
0.000444861
0.000442263
0.000439051
0.00043509
0.000430311
0.000424642
0.000418145
0.000411732
0.000407059
0.0280419
0.0104246
0.00715365
0.00486893
0.0033891
0.00240735
0.00173026
0.0012683
0.000963201
0.000767766
0.000645072
0.000569235
0.000523206
0.000495996
0.000480541
0.000472289
0.000468285
0.000466578
0.000465852
0.00046522
0.000464091
0.000462097
0.000459043
0.000454857
0.000449552
0.000443187
0.00043581
0.000427574
0.000419391
0.000412658
0.0243864
0.00944515
0.00633781
0.00434479
0.00300018
0.00209522
0.00148192
0.00107713
0.00082144
0.000666691
0.000576277
0.000525373
0.000498251
0.000485194
0.000480206
0.000479538
0.000480823
0.000482557
0.000483775
0.000483881
0.000482534
0.000479585
0.000475025
0.000468938
0.000461458
0.000452768
0.000443056
0.000432591
0.000422184
0.000412834
0.0212894
0.00830986
0.00549077
0.00375972
0.002581
0.00178242
0.00125084
0.000911443
0.000706756
0.000590552
0.000528557
0.000498251
0.000485904
0.000483355
0.000485722
0.000490018
0.000494379
0.000497669
0.000499232
0.000498721
0.000496026
0.000491197
0.000484381
0.000475793
0.00046568
0.000454331
0.000442064
0.000429203
0.000416459
0.00040501
0.0187488
0.0071129
0.00466828
0.00319867
0.00219274
0.0015032
0.00105371
0.000777095
0.000618694
0.000535071
0.000495042
0.000478991
0.00047553
0.000478183
0.000483203
0.000488378
0.000492368
0.000494415
0.000494165
0.00049154
0.000486644
0.000479692
0.00047095
0.000460718
0.000449314
0.00043705
0.00042421
0.000410798
0.00039687
0.000385965
0.000372288
0.000361012
0.000346562
0.000332212
0.000318676
0.000305925
0.000293899
0.000282573
0.000271915
0.000261882
0.000252422
0.00024349
0.000235041
0.000227033
0.000219428
0.000212193
0.000205297
0.000198712
0.000192413
0.000186376
0.000180581
0.00017501
0.000169644
0.000164468
0.000159469
0.000154633
0.000149949
0.000145406
0.000140995
0.000136706
0.000132533
0.000128468
0.000124505
0.000120637
0.00011686
0.00011317
0.000109561
0.00010603
0.000102575
9.91916e-05
9.58778e-05
9.26312e-05
8.94498e-05
8.63319e-05
8.3276e-05
8.02806e-05
7.73447e-05
7.44672e-05
7.16473e-05
6.8884e-05
6.61767e-05
6.35262e-05
6.09315e-05
5.83917e-05
5.59066e-05
5.34761e-05
5.11001e-05
4.87781e-05
4.65098e-05
4.42954e-05
4.21349e-05
4.00282e-05
3.79753e-05
3.59763e-05
3.40312e-05
3.21399e-05
3.03024e-05
2.85188e-05
2.6789e-05
2.51132e-05
2.34915e-05
2.19238e-05
2.04102e-05
1.89507e-05
1.75453e-05
1.61941e-05
1.48969e-05
1.36538e-05
1.24649e-05
1.13302e-05
1.02497e-05
9.22337e-06
8.25126e-06
7.33329e-06
6.46945e-06
5.65979e-06
4.90434e-06
4.20307e-06
3.55597e-06
2.96285e-06
2.42369e-06
1.93844e-06
1.50721e-06
1.13043e-06
8.07979e-07
5.39192e-07
3.23991e-07
1.63176e-07
5.70276e-08
6.15828e-09
0.000377131
0.000363503
0.000349383
0.000335487
0.000322325
0.000309928
0.000298217
0.000287142
0.000276663
0.00026674
0.000257333
0.0002484
0.000239906
0.000231816
0.0002241
0.000216729
0.000209678
0.000202923
0.000196443
0.000190219
0.000184231
0.000178465
0.000172905
0.000167537
0.000162348
0.000157328
0.000152464
0.000147748
0.00014317
0.000138723
0.000134398
0.000130188
0.000126088
0.000122092
0.000118194
0.000114389
0.000110674
0.000107045
0.000103497
0.000100028
9.66345e-05
9.33145e-05
9.00655e-05
8.68854e-05
8.37724e-05
8.07248e-05
7.77413e-05
7.48205e-05
7.19614e-05
6.91632e-05
6.64251e-05
6.3745e-05
6.1123e-05
5.85589e-05
5.6052e-05
5.36017e-05
5.12076e-05
4.88698e-05
4.65878e-05
4.43615e-05
4.21904e-05
4.00746e-05
3.80138e-05
3.60078e-05
3.40567e-05
3.21603e-05
3.03185e-05
2.85311e-05
2.67982e-05
2.51198e-05
2.34959e-05
2.19264e-05
2.04113e-05
1.89506e-05
1.75443e-05
1.61923e-05
1.48946e-05
1.36512e-05
1.2462e-05
1.13271e-05
1.02466e-05
9.22034e-06
8.2483e-06
7.33043e-06
6.46677e-06
5.65727e-06
4.90194e-06
4.20075e-06
3.55369e-06
2.96078e-06
2.42198e-06
1.93721e-06
1.50646e-06
1.12978e-06
8.07274e-07
5.386e-07
3.23601e-07
1.62965e-07
5.6966e-08
6.14481e-09
0.000381001
0.000366306
0.00035166
0.000337522
0.000324356
0.000312101
0.00030059
0.000289717
0.000279418
0.000269639
0.000260335
0.000251468
0.000243004
0.000234912
0.000227165
0.000219741
0.000212617
0.000205774
0.000199193
0.000192858
0.000186754
0.000180866
0.000175182
0.000169689
0.000164376
0.000159232
0.000154248
0.000149414
0.000144723
0.000140166
0.000135736
0.000131426
0.000127231
0.000123144
0.000119161
0.000115276
0.000111486
0.000107785
0.000104172
0.000100641
9.71911e-05
9.38183e-05
9.05204e-05
8.72953e-05
8.41408e-05
8.10552e-05
7.80367e-05
7.5084e-05
7.21956e-05
6.93704e-05
6.66075e-05
6.39058e-05
6.12645e-05
5.86828e-05
5.61602e-05
5.3696e-05
5.12897e-05
4.89408e-05
4.66489e-05
4.44136e-05
4.22348e-05
4.0112e-05
3.8045e-05
3.60338e-05
3.4078e-05
3.21775e-05
3.03323e-05
2.8542e-05
2.68066e-05
2.5126e-05
2.35003e-05
2.19292e-05
2.04129e-05
1.89512e-05
1.75441e-05
1.61915e-05
1.48933e-05
1.36495e-05
1.246e-05
1.1325e-05
1.02443e-05
9.21794e-06
8.24594e-06
7.32815e-06
6.46451e-06
5.65502e-06
4.89975e-06
4.19872e-06
3.55181e-06
2.95898e-06
2.42033e-06
1.93588e-06
1.50546e-06
1.12894e-06
8.06514e-07
5.38004e-07
3.23224e-07
1.62758e-07
5.68748e-08
6.12466e-09
0.000381144
0.000366581
0.00035202
0.000338019
0.000325086
0.000313115
0.000301893
0.000291288
0.000281221
0.000271635
0.000262482
0.000253726
0.000245335
0.000237284
0.00022955
0.000222113
0.000214956
0.000208062
0.000201418
0.000195008
0.000188821
0.000182845
0.000177067
0.000171479
0.000166069
0.000160828
0.000155748
0.000150821
0.000146037
0.000141391
0.000136875
0.000132483
0.000128209
0.000124047
0.000119993
0.000116041
0.000112187
0.000108427
0.000104758
0.000101176
9.76769e-05
9.42591e-05
9.09196e-05
8.76559e-05
8.44658e-05
8.13474e-05
7.82989e-05
7.53186e-05
7.24051e-05
6.9557e-05
6.67731e-05
6.40524e-05
6.13939e-05
5.87967e-05
5.626e-05
5.37831e-05
5.13655e-05
4.90064e-05
4.67055e-05
4.44622e-05
4.22762e-05
4.01471e-05
3.80745e-05
3.60584e-05
3.40983e-05
3.21942e-05
3.03456e-05
2.85526e-05
2.68149e-05
2.51324e-05
2.35049e-05
2.19324e-05
2.04149e-05
1.89521e-05
1.75442e-05
1.61909e-05
1.48922e-05
1.3648e-05
1.24583e-05
1.1323e-05
1.02421e-05
9.21564e-06
8.24361e-06
7.32596e-06
6.46232e-06
5.65267e-06
4.89743e-06
4.19653e-06
3.54975e-06
2.95707e-06
2.41859e-06
1.93435e-06
1.50413e-06
1.12782e-06
8.05593e-07
5.37293e-07
3.22751e-07
1.62495e-07
5.67646e-08
6.10226e-09
0.000377777
0.000364249
0.00035044
0.000337073
0.0003247
0.000313215
0.000302409
0.000292156
0.000282382
0.000273032
0.000264066
0.00025545
0.000247161
0.000239176
0.000231478
0.000224052
0.000216885
0.000209965
0.000203278
0.000196816
0.000190567
0.000184522
0.000178671
0.000173006
0.000167518
0.000162198
0.000157038
0.000152032
0.000147172
0.00014245
0.000137862
0.0001334
0.000129059
0.000124833
0.000120718
0.000116708
0.0001128
0.00010899
0.000105272
0.000101645
9.81043e-05
9.46475e-05
9.12717e-05
8.79745e-05
8.47534e-05
8.16064e-05
7.85316e-05
7.55272e-05
7.25916e-05
6.97233e-05
6.6921e-05
6.41836e-05
6.15099e-05
5.88989e-05
5.63497e-05
5.38617e-05
5.14339e-05
4.90658e-05
4.67568e-05
4.45063e-05
4.23139e-05
4.01791e-05
3.81016e-05
3.6081e-05
3.41172e-05
3.22096e-05
3.03579e-05
2.85623e-05
2.68225e-05
2.51382e-05
2.35092e-05
2.19354e-05
2.04168e-05
1.89531e-05
1.75443e-05
1.61903e-05
1.48911e-05
1.36465e-05
1.24565e-05
1.13211e-05
1.02399e-05
9.21326e-06
8.24109e-06
7.32329e-06
6.45973e-06
5.65033e-06
4.89516e-06
4.19424e-06
3.5475e-06
2.95493e-06
2.41659e-06
1.9325e-06
1.5025e-06
1.12646e-06
8.04509e-07
5.3647e-07
3.22201e-07
1.62188e-07
5.66409e-08
6.07859e-09
0.000372129
0.000360105
0.000347462
0.000335059
0.000323468
0.000312613
0.000302316
0.000292475
0.000283033
0.000273949
0.000265191
0.000256735
0.000248562
0.000240659
0.000233014
0.000225616
0.000218455
0.000211523
0.000204812
0.000198313
0.000192019
0.000185922
0.000180014
0.000174288
0.000168737
0.000163353
0.000158129
0.000153058
0.000148134
0.000143351
0.000138702
0.000134181
0.000129784
0.000125505
0.000121338
0.00011728
0.000113326
0.000109472
0.000105714
0.000102049
9.84724e-05
9.49824e-05
9.15757e-05
8.82497e-05
8.50022e-05
8.18307e-05
7.87333e-05
7.57082e-05
7.27536e-05
6.98679e-05
6.70498e-05
6.42978e-05
6.1611e-05
5.89881e-05
5.64282e-05
5.39303e-05
5.14938e-05
4.91179e-05
4.68018e-05
4.45451e-05
4.23471e-05
4.02074e-05
3.81255e-05
3.61011e-05
3.41337e-05
3.22229e-05
3.03687e-05
2.85708e-05
2.6829e-05
2.51431e-05
2.35127e-05
2.19378e-05
2.04182e-05
1.89537e-05
1.75442e-05
1.61897e-05
1.48899e-05
1.36449e-05
1.24546e-05
1.13189e-05
1.02377e-05
9.21087e-06
8.23856e-06
7.32062e-06
6.45697e-06
5.64761e-06
4.89254e-06
4.19171e-06
3.54506e-06
2.95259e-06
2.41436e-06
1.93038e-06
1.50061e-06
1.12493e-06
8.03286e-07
5.35555e-07
3.21606e-07
1.61862e-07
5.65106e-08
6.05403e-09
0.000365567
0.000355115
0.000343775
0.000332466
0.00032175
0.000311581
0.000301827
0.00029242
0.000283325
0.000274514
0.00026597
0.000257678
0.000249629
0.000241815
0.000234229
0.000226867
0.000219722
0.00021279
0.000206065
0.000199542
0.000193215
0.000187079
0.000181127
0.000175354
0.000169752
0.000164316
0.000159039
0.000153916
0.00014894
0.000144106
0.000139407
0.000134838
0.000130394
0.00012607
0.000121861
0.000117763
0.000113771
0.00010988
0.000106088
0.000102391
9.87844e-05
9.52664e-05
9.18337e-05
8.84836e-05
8.52136e-05
8.20215e-05
7.8905e-05
7.58624e-05
7.28916e-05
6.99912e-05
6.71596e-05
6.43954e-05
6.16973e-05
5.90643e-05
5.64952e-05
5.39891e-05
5.15451e-05
4.91624e-05
4.68404e-05
4.45783e-05
4.23756e-05
4.02317e-05
3.8146e-05
3.61181e-05
3.41476e-05
3.22343e-05
3.03778e-05
2.8578e-05
2.68345e-05
2.51471e-05
2.35155e-05
2.19396e-05
2.04191e-05
1.89539e-05
1.75438e-05
1.61888e-05
1.48886e-05
1.36432e-05
1.24525e-05
1.13166e-05
1.02352e-05
9.2083e-06
8.23589e-06
7.31787e-06
6.45417e-06
5.64477e-06
4.8897e-06
4.18894e-06
3.5424e-06
2.95004e-06
2.41193e-06
1.9281e-06
1.49858e-06
1.12322e-06
8.01917e-07
5.34555e-07
3.20976e-07
1.61532e-07
5.63844e-08
6.03044e-09
0.000359226
0.000350126
0.000340002
0.000329751
0.000319881
0.000310374
0.000301143
0.000292154
0.000283389
0.000274841
0.000266502
0.000258368
0.000250439
0.000242712
0.000235187
0.000227863
0.000220739
0.000213813
0.000207082
0.000200543
0.000194193
0.000188027
0.000182041
0.00017623
0.000170588
0.00016511
0.000159791
0.000154626
0.000149607
0.000144731
0.000139992
0.000135383
0.000130901
0.000126541
0.000122297
0.000118165
0.000114141
0.00011022
0.0001064
0.000102676
9.90448e-05
9.55036e-05
9.20493e-05
8.86791e-05
8.53905e-05
8.21811e-05
7.90488e-05
7.59915e-05
7.30073e-05
7.00945e-05
6.72516e-05
6.44772e-05
6.17698e-05
5.91282e-05
5.65514e-05
5.40383e-05
5.15881e-05
4.91997e-05
4.68726e-05
4.4606e-05
4.23993e-05
4.02519e-05
3.81631e-05
3.61322e-05
3.41591e-05
3.22436e-05
3.03853e-05
2.85837e-05
2.68388e-05
2.51502e-05
2.35175e-05
2.19407e-05
2.04194e-05
1.89536e-05
1.75431e-05
1.61876e-05
1.4887e-05
1.36413e-05
1.24503e-05
1.13141e-05
1.02326e-05
9.20561e-06
8.23313e-06
7.31504e-06
6.45128e-06
5.64185e-06
4.88677e-06
4.18602e-06
3.53955e-06
2.94733e-06
2.40936e-06
1.92572e-06
1.49646e-06
1.12142e-06
8.00499e-07
5.3354e-07
3.2035e-07
1.61216e-07
5.62707e-08
6.00907e-09
0.000353855
0.000345722
0.000336587
0.000327243
0.000318109
0.000309182
0.000300416
0.000291799
0.000283332
0.000275019
0.000266865
0.000258875
0.000251054
0.000243407
0.000235939
0.000228653
0.000221551
0.000214633
0.0002079
0.000201351
0.000194983
0.000188795
0.000182782
0.000176941
0.000171268
0.000165757
0.000160405
0.000155205
0.000150152
0.000145242
0.00014047
0.000135829
0.000131316
0.000126926
0.000122653
0.000118494
0.000114444
0.000110499
0.000106656
0.00010291
9.92587e-05
9.56985e-05
9.22265e-05
8.88398e-05
8.55359e-05
8.23124e-05
7.9167e-05
7.60977e-05
7.31024e-05
7.01796e-05
6.73274e-05
6.45444e-05
6.18293e-05
5.91808e-05
5.65976e-05
5.40788e-05
5.16234e-05
4.92304e-05
4.6899e-05
4.46287e-05
4.24188e-05
4.02688e-05
3.81775e-05
3.61439e-05
3.41682e-05
3.22508e-05
3.0391e-05
2.85881e-05
2.68421e-05
2.51525e-05
2.3519e-05
2.19413e-05
2.04194e-05
1.8953e-05
1.75421e-05
1.61862e-05
1.48853e-05
1.36393e-05
1.24481e-05
1.13117e-05
1.023e-05
9.20293e-06
8.23036e-06
7.31221e-06
6.44841e-06
5.63896e-06
4.88387e-06
4.18312e-06
3.5367e-06
2.94459e-06
2.40676e-06
1.92331e-06
1.49433e-06
1.11965e-06
7.99125e-07
5.32584e-07
3.19782e-07
1.60943e-07
5.61803e-08
5.99137e-09
0.000349785
0.000342196
0.00033377
0.000325131
0.000316583
0.00030813
0.000299748
0.000291443
0.000283227
0.000275114
0.000267118
0.000259251
0.000251523
0.000243946
0.000236528
0.000229275
0.000222193
0.000215284
0.000208551
0.000201995
0.000195615
0.000189409
0.000183376
0.000177512
0.000171813
0.000166276
0.000160897
0.000155669
0.00015059
0.000145653
0.000140854
0.000136188
0.00013165
0.000127236
0.00012294
0.000118759
0.000114688
0.000110724
0.000106862
0.000103099
9.9431e-05
9.58556e-05
9.23693e-05
8.89694e-05
8.56532e-05
8.24183e-05
7.92624e-05
7.61834e-05
7.31792e-05
7.02482e-05
6.73885e-05
6.45988e-05
6.18774e-05
5.92232e-05
5.66349e-05
5.41115e-05
5.16518e-05
4.9255e-05
4.69202e-05
4.4647e-05
4.24343e-05
4.02815e-05
3.81878e-05
3.61526e-05
3.41758e-05
3.22571e-05
3.03959e-05
2.85919e-05
2.68448e-05
2.51543e-05
2.352e-05
2.19416e-05
2.04191e-05
1.89522e-05
1.75408e-05
1.61846e-05
1.48835e-05
1.36373e-05
1.2446e-05
1.13094e-05
1.02276e-05
9.20041e-06
8.22774e-06
7.30953e-06
6.44572e-06
5.63626e-06
4.88113e-06
4.18036e-06
3.53397e-06
2.94194e-06
2.40426e-06
1.92102e-06
1.49232e-06
1.118e-06
7.97879e-07
5.31754e-07
3.19319e-07
1.60737e-07
5.61188e-08
5.97781e-09
0.000347005
0.0003396
0.000331623
0.000323487
0.000315374
0.000307281
0.000299199
0.00029114
0.000283125
0.000275173
0.000267305
0.000259537
0.000251886
0.000244366
0.000236988
0.000229762
0.000222696
0.000215795
0.000209063
0.000202501
0.000196111
0.000189892
0.000183843
0.00017796
0.000172242
0.000166685
0.000161284
0.000156035
0.000150934
0.000145976
0.000141156
0.00013647
0.000131913
0.000127479
0.000123166
0.000118968
0.000114881
0.000110901
0.000107024
0.000103247
9.95669e-05
9.59794e-05
9.24819e-05
8.90716e-05
8.57457e-05
8.25018e-05
7.93377e-05
7.6251e-05
7.32398e-05
7.03024e-05
6.74368e-05
6.46417e-05
6.19154e-05
5.92567e-05
5.66644e-05
5.41373e-05
5.16743e-05
4.92745e-05
4.69372e-05
4.46614e-05
4.24465e-05
4.02916e-05
3.81962e-05
3.61597e-05
3.41817e-05
3.22618e-05
3.03997e-05
2.85948e-05
2.68468e-05
2.51555e-05
2.35205e-05
2.19416e-05
2.04186e-05
1.89514e-05
1.75397e-05
1.61833e-05
1.4882e-05
1.36356e-05
1.24441e-05
1.13074e-05
1.02254e-05
9.19815e-06
8.22542e-06
7.30716e-06
6.4433e-06
5.63383e-06
4.8787e-06
4.17792e-06
3.53153e-06
2.93954e-06
2.40199e-06
1.91896e-06
1.49054e-06
1.11657e-06
7.96848e-07
5.31094e-07
3.1896e-07
1.60586e-07
5.60836e-08
5.96849e-09
0.000345295
0.000337835
0.000330108
0.000322304
0.000314494
0.000306659
0.000298797
0.000290922
0.000283058
0.000275228
0.000267456
0.000259764
0.00025217
0.000244693
0.000237345
0.00023014
0.000223086
0.00021619
0.000209457
0.000202891
0.000196493
0.000190263
0.000184201
0.000178305
0.000172571
0.000166998
0.000161581
0.000156316
0.000151198
0.000146224
0.000141388
0.000136686
0.000132114
0.000127666
0.000123339
0.000119127
0.000115028
0.000111036
0.000107148
0.000103361
9.96707e-05
9.60741e-05
9.2568e-05
8.91497e-05
8.58165e-05
8.25658e-05
7.93953e-05
7.63028e-05
7.32863e-05
7.03439e-05
6.74739e-05
6.46746e-05
6.19446e-05
5.92825e-05
5.66871e-05
5.41571e-05
5.16916e-05
4.92896e-05
4.69502e-05
4.46725e-05
4.24559e-05
4.02995e-05
3.82028e-05
3.61652e-05
3.41863e-05
3.22655e-05
3.04026e-05
2.85969e-05
2.68483e-05
2.51563e-05
2.35208e-05
2.19415e-05
2.04183e-05
1.89507e-05
1.75388e-05
1.61821e-05
1.48806e-05
1.36342e-05
1.24425e-05
1.13057e-05
1.02236e-05
9.19627e-06
8.22349e-06
7.30516e-06
6.44127e-06
5.63185e-06
4.87678e-06
4.176e-06
3.52952e-06
2.93746e-06
2.40005e-06
1.91727e-06
1.48906e-06
1.11541e-06
7.96053e-07
5.3061e-07
3.18716e-07
1.60495e-07
5.60689e-08
5.96193e-09
0.000344359
0.000336739
0.000329136
0.000321538
0.000313924
0.000306263
0.000298551
0.000290803
0.000283043
0.000275298
0.000267593
0.000259952
0.000252398
0.000244949
0.000237622
0.000230429
0.000223382
0.000216488
0.000209754
0.000203183
0.000196778
0.00019054
0.000184467
0.00017856
0.000172815
0.000167229
0.000161799
0.000156522
0.000151392
0.000146405
0.000141558
0.000136845
0.000132261
0.000127803
0.000123465
0.000119244
0.000115135
0.000111135
0.000107239
0.000103444
9.97467e-05
9.61433e-05
9.2631e-05
8.9207e-05
8.58684e-05
8.26127e-05
7.94376e-05
7.63408e-05
7.33204e-05
7.03745e-05
6.75012e-05
6.46989e-05
6.19661e-05
5.93016e-05
5.67039e-05
5.41719e-05
5.17045e-05
4.93008e-05
4.69599e-05
4.46809e-05
4.2463e-05
4.03055e-05
3.82078e-05
3.61694e-05
3.41898e-05
3.22684e-05
3.04048e-05
2.85986e-05
2.68494e-05
2.51569e-05
2.35211e-05
2.19415e-05
2.04181e-05
1.89504e-05
1.75382e-05
1.61813e-05
1.48797e-05
1.3633e-05
1.24413e-05
1.13044e-05
1.02222e-05
9.19482e-06
8.222e-06
7.30365e-06
6.43976e-06
5.63038e-06
4.87533e-06
4.17462e-06
3.52815e-06
2.93591e-06
2.39851e-06
1.91591e-06
1.48792e-06
1.11455e-06
7.95482e-07
5.30265e-07
3.18543e-07
1.60437e-07
5.60707e-08
5.95847e-09
0.000343926
0.000336155
0.000328611
0.000321133
0.000313636
0.000306079
0.000298458
0.000290786
0.00028309
0.000275395
0.000267729
0.000260118
0.000252585
0.000245151
0.000237833
0.000230646
0.0002236
0.000216705
0.000209968
0.000203392
0.00019698
0.000190734
0.000184654
0.000178738
0.000172984
0.000167389
0.00016195
0.000156664
0.000151525
0.00014653
0.000141674
0.000136953
0.000132361
0.000127896
0.000123551
0.000119323
0.000115208
0.000111202
0.000107301
0.000103501
9.97982e-05
9.61903e-05
9.26738e-05
8.92458e-05
8.59036e-05
8.26446e-05
7.94663e-05
7.63667e-05
7.33437e-05
7.03954e-05
6.75199e-05
6.47156e-05
6.1981e-05
5.93147e-05
5.67155e-05
5.41821e-05
5.17135e-05
4.93087e-05
4.69668e-05
4.46868e-05
4.24681e-05
4.03099e-05
3.82116e-05
3.61726e-05
3.41924e-05
3.22705e-05
3.04064e-05
2.85998e-05
2.68502e-05
2.51575e-05
2.35214e-05
2.19418e-05
2.04181e-05
1.89502e-05
1.75378e-05
1.61808e-05
1.4879e-05
1.36323e-05
1.24405e-05
1.13035e-05
1.02213e-05
9.19385e-06
8.221e-06
7.30257e-06
6.43855e-06
5.6291e-06
4.87411e-06
4.17338e-06
3.52702e-06
2.93523e-06
2.39795e-06
1.91504e-06
1.487e-06
1.11397e-06
7.95173e-07
5.30057e-07
3.18399e-07
1.60386e-07
5.60877e-08
5.95874e-09
0.000343808
0.000335968
0.000328457
0.000321038
0.000313597
0.000306088
0.000298507
0.000290869
0.000283197
0.000275521
0.000267869
0.000260267
0.000252739
0.000245308
0.00023799
0.0002308
0.000223752
0.000216852
0.000210109
0.000203528
0.00019711
0.000190858
0.000184771
0.000178849
0.000173088
0.000167487
0.000162042
0.000156749
0.000151605
0.000146604
0.000141743
0.000137017
0.000132421
0.00012795
0.000123602
0.00011937
0.000115251
0.000111241
0.000107337
0.000103533
9.98282e-05
9.62177e-05
9.26988e-05
8.92686e-05
8.59243e-05
8.26633e-05
7.94833e-05
7.6382e-05
7.33575e-05
7.04078e-05
6.7531e-05
6.47255e-05
6.199e-05
5.93228e-05
5.67227e-05
5.41884e-05
5.17191e-05
4.93137e-05
4.69712e-05
4.46906e-05
4.24714e-05
4.03128e-05
3.82141e-05
3.61748e-05
3.41942e-05
3.2272e-05
3.04076e-05
2.86008e-05
2.6851e-05
2.51581e-05
2.35219e-05
2.19421e-05
2.04183e-05
1.89502e-05
1.75377e-05
1.61806e-05
1.48788e-05
1.3632e-05
1.24401e-05
1.1303e-05
1.02208e-05
9.19323e-06
8.22035e-06
7.30191e-06
6.4378e-06
5.62828e-06
4.87324e-06
4.17249e-06
3.52617e-06
2.93442e-06
2.39723e-06
1.91466e-06
1.48692e-06
1.114e-06
7.95163e-07
5.29885e-07
3.18259e-07
1.60369e-07
5.61068e-08
5.95945e-09
0.000343918
0.000336111
0.000328621
0.000321214
0.000313777
0.000306268
0.000298683
0.000291039
0.000283359
0.000275674
0.000268012
0.000260401
0.000252864
0.000245423
0.000238097
0.000230899
0.000223842
0.000216936
0.000210186
0.000203598
0.000197175
0.000190917
0.000184826
0.000178898
0.000173134
0.000167529
0.00016208
0.000156784
0.000151637
0.000146634
0.00014177
0.000137041
0.000132443
0.000127971
0.00012362
0.000119387
0.000115267
0.000111256
0.00010735
0.000103545
9.98391e-05
9.62277e-05
9.27079e-05
8.9277e-05
8.59321e-05
8.26703e-05
7.94895e-05
7.63877e-05
7.33627e-05
7.04127e-05
6.75356e-05
6.47297e-05
6.19938e-05
5.93263e-05
5.67258e-05
5.41913e-05
5.17217e-05
4.93161e-05
4.69734e-05
4.46927e-05
4.24733e-05
4.03145e-05
3.82156e-05
3.61761e-05
3.41954e-05
3.2273e-05
3.04085e-05
2.86015e-05
2.68517e-05
2.51588e-05
2.35225e-05
2.19426e-05
2.04186e-05
1.89505e-05
1.75379e-05
1.61807e-05
1.48788e-05
1.36319e-05
1.244e-05
1.13029e-05
1.02206e-05
9.19296e-06
8.21997e-06
7.30149e-06
6.43749e-06
5.628e-06
4.87292e-06
4.17216e-06
3.52587e-06
2.93409e-06
2.39693e-06
1.91452e-06
1.48688e-06
1.11393e-06
7.95124e-07
5.29911e-07
3.18287e-07
1.60381e-07
5.61115e-08
5.95981e-09
0.000344282
0.000336607
0.000329119
0.000321671
0.000314185
0.000306625
0.00029899
0.000291298
0.000283577
0.000275854
0.000268159
0.000260519
0.000252958
0.000245497
0.000238153
0.00023094
0.000223872
0.000216955
0.000210197
0.000203602
0.000197174
0.000190912
0.000184816
0.000178887
0.00017312
0.000167514
0.000162064
0.000156768
0.00015162
0.000146617
0.000141753
0.000137025
0.000132428
0.000127956
0.000123606
0.000119374
0.000115255
0.000111244
0.000107339
0.000103536
9.98304e-05
9.62197e-05
9.27007e-05
8.92705e-05
8.59261e-05
8.26653e-05
7.94853e-05
7.63837e-05
7.33592e-05
7.04097e-05
6.75331e-05
6.47277e-05
6.19922e-05
5.9325e-05
5.67248e-05
5.41906e-05
5.17212e-05
4.93157e-05
4.69732e-05
4.46926e-05
4.24734e-05
4.03147e-05
3.82159e-05
3.61765e-05
3.41958e-05
3.22735e-05
3.04089e-05
2.86019e-05
2.68521e-05
2.51593e-05
2.3523e-05
2.1943e-05
2.04191e-05
1.89509e-05
1.75383e-05
1.61811e-05
1.48791e-05
1.36322e-05
1.24402e-05
1.13031e-05
1.02207e-05
9.19306e-06
8.22002e-06
7.30154e-06
6.43758e-06
5.62814e-06
4.87305e-06
4.17224e-06
3.52588e-06
2.93406e-06
2.39696e-06
1.91461e-06
1.48693e-06
1.11389e-06
7.95134e-07
5.30066e-07
3.18431e-07
1.60415e-07
5.60916e-08
5.95836e-09
0.000345044
0.000337559
0.000330031
0.000322469
0.000314863
0.000307188
0.000299447
0.000291661
0.000283856
0.000276063
0.000268309
0.000260619
0.000253016
0.000245521
0.00023815
0.000230916
0.00022383
0.0002169
0.000210132
0.00020353
0.000197096
0.000190831
0.000184734
0.000178804
0.000173038
0.000167433
0.000161986
0.000156692
0.000151547
0.000146547
0.000141687
0.000136963
0.000132369
0.000127901
0.000123555
0.000119326
0.00011521
0.000111203
0.000107302
0.000103501
9.97987e-05
9.61908e-05
9.26744e-05
8.92466e-05
8.59046e-05
8.26458e-05
7.94677e-05
7.63683e-05
7.33456e-05
7.03975e-05
6.75223e-05
6.47184e-05
6.19841e-05
5.93179e-05
5.67187e-05
5.41853e-05
5.17167e-05
4.9312e-05
4.69701e-05
4.46901e-05
4.24714e-05
4.03131e-05
3.82147e-05
3.61756e-05
3.41952e-05
3.22731e-05
3.04088e-05
2.86018e-05
2.68521e-05
2.51594e-05
2.35233e-05
2.19434e-05
2.04196e-05
1.89514e-05
1.75388e-05
1.61816e-05
1.48796e-05
1.36327e-05
1.24407e-05
1.13036e-05
1.02212e-05
9.19353e-06
8.22047e-06
7.30197e-06
6.43802e-06
5.62859e-06
4.87347e-06
4.17276e-06
3.52633e-06
2.93424e-06
2.39716e-06
1.91491e-06
1.48725e-06
1.11415e-06
7.95307e-07
5.30221e-07
3.1854e-07
1.60445e-07
5.60761e-08
5.95885e-09
0.000346444
0.000339121
0.00033146
0.000323676
0.000315854
0.000307984
0.000300069
0.000292131
0.000284198
0.000276297
0.000268453
0.000260689
0.000253027
0.000245484
0.000238074
0.000230811
0.000223702
0.000216756
0.000209976
0.000203366
0.000196928
0.000190662
0.000184565
0.000178638
0.000172876
0.000167276
0.000161834
0.000156547
0.000151409
0.000146416
0.000141563
0.000136846
0.00013226
0.000127799
0.00012346
0.000119238
0.000115128
0.000111128
0.000107232
0.000103437
9.97403e-05
9.61376e-05
9.2626e-05
8.92026e-05
8.58648e-05
8.26099e-05
7.94355e-05
7.63395e-05
7.33197e-05
7.03744e-05
6.75019e-05
6.47004e-05
6.19684e-05
5.93042e-05
5.67066e-05
5.41747e-05
5.17076e-05
4.93041e-05
4.69635e-05
4.46846e-05
4.24668e-05
4.03094e-05
3.82117e-05
3.61732e-05
3.41933e-05
3.22716e-05
3.04077e-05
2.86011e-05
2.68517e-05
2.51593e-05
2.35233e-05
2.19437e-05
2.042e-05
1.89519e-05
1.75394e-05
1.61822e-05
1.48803e-05
1.36334e-05
1.24415e-05
1.13044e-05
1.0222e-05
9.19434e-06
8.22128e-06
7.30277e-06
6.43875e-06
5.62922e-06
4.87409e-06
4.17331e-06
3.52691e-06
2.93503e-06
2.3979e-06
1.91553e-06
1.48783e-06
1.11466e-06
7.95673e-07
5.30451e-07
3.18663e-07
1.6048e-07
5.60634e-08
5.96069e-09
0.000348796
0.000341483
0.000333526
0.000325366
0.0003172
0.000309033
0.000300864
0.00029271
0.000284596
0.000276545
0.000268579
0.000260716
0.000252974
0.000245368
0.00023791
0.000230609
0.000223473
0.000216507
0.000209714
0.000203097
0.000196656
0.00019039
0.000184298
0.000178376
0.000172621
0.00016703
0.000161599
0.000156322
0.000151196
0.000146215
0.000141373
0.000136668
0.000132093
0.000127643
0.000123315
0.000119103
0.000115004
0.000111013
0.000107127
0.000103341
9.96519e-05
9.60568e-05
9.25525e-05
8.91359e-05
8.58044e-05
8.25554e-05
7.93864e-05
7.62955e-05
7.32804e-05
7.03393e-05
6.74706e-05
6.46726e-05
6.19441e-05
5.9283e-05
5.66877e-05
5.41581e-05
5.16933e-05
4.92919e-05
4.69529e-05
4.46756e-05
4.24592e-05
4.03032e-05
3.82068e-05
3.61692e-05
3.419e-05
3.22689e-05
3.04056e-05
2.85997e-05
2.68509e-05
2.51588e-05
2.35232e-05
2.19438e-05
2.04203e-05
1.89525e-05
1.75401e-05
1.61831e-05
1.48812e-05
1.36344e-05
1.24426e-05
1.13055e-05
1.02232e-05
9.19555e-06
8.22249e-06
7.30398e-06
6.43994e-06
5.63033e-06
4.87508e-06
4.17424e-06
3.52789e-06
2.93608e-06
2.39895e-06
1.91651e-06
1.48871e-06
1.11537e-06
7.96171e-07
5.30762e-07
3.18818e-07
1.60529e-07
5.60603e-08
5.96483e-09
0.00035242
0.000344825
0.000336331
0.000327593
0.000318928
0.000310346
0.00030183
0.000293388
0.000285037
0.000276792
0.000268669
0.00026068
0.000252839
0.000245156
0.000237638
0.000230292
0.000223124
0.000216136
0.00020933
0.000202706
0.000196264
0.000190002
0.000183916
0.000178005
0.000172262
0.000166685
0.000161269
0.000156008
0.000150898
0.000145934
0.000141109
0.00013642
0.000131861
0.000127427
0.000123114
0.000118918
0.000114832
0.000110855
0.000106981
0.000103207
9.95298e-05
9.59455e-05
9.24512e-05
8.9044e-05
8.57211e-05
8.24802e-05
7.93188e-05
7.62347e-05
7.32261e-05
7.02909e-05
6.74275e-05
6.46343e-05
6.19098e-05
5.92526e-05
5.66616e-05
5.41356e-05
5.16737e-05
4.9275e-05
4.69384e-05
4.46631e-05
4.24486e-05
4.02944e-05
3.81995e-05
3.61632e-05
3.41852e-05
3.22652e-05
3.04028e-05
2.85977e-05
2.68494e-05
2.51579e-05
2.35228e-05
2.19438e-05
2.04206e-05
1.8953e-05
1.75409e-05
1.61841e-05
1.48824e-05
1.36357e-05
1.24439e-05
1.1307e-05
1.02248e-05
9.19718e-06
8.22413e-06
7.30561e-06
6.44157e-06
5.63191e-06
4.87662e-06
4.17576e-06
3.5294e-06
2.93758e-06
2.40034e-06
1.91776e-06
1.48982e-06
1.11625e-06
7.96788e-07
5.31152e-07
3.19024e-07
1.60608e-07
5.60724e-08
5.97185e-09
0.000357531
0.000349243
0.000339914
0.000330367
0.000321028
0.000311901
0.000302941
0.000294136
0.00028549
0.000277008
0.000268695
0.000260556
0.000252596
0.00024482
0.000237233
0.000229836
0.000222632
0.000215621
0.000208802
0.000202174
0.000195734
0.000189479
0.000183406
0.000177509
0.000171785
0.000166227
0.000160832
0.000155593
0.000150506
0.000145564
0.000140762
0.000136094
0.000131557
0.000127145
0.000122852
0.000118675
0.000114608
0.000110648
0.000106791
0.000103033
9.93707e-05
9.58004e-05
9.23192e-05
8.89242e-05
8.56128e-05
8.23824e-05
7.92308e-05
7.61557e-05
7.31554e-05
7.02278e-05
6.73713e-05
6.45845e-05
6.18657e-05
5.92138e-05
5.66275e-05
5.41061e-05
5.16482e-05
4.92527e-05
4.69192e-05
4.46469e-05
4.24351e-05
4.02829e-05
3.81898e-05
3.61553e-05
3.41789e-05
3.22602e-05
3.0399e-05
2.85949e-05
2.68476e-05
2.51567e-05
2.35222e-05
2.19437e-05
2.0421e-05
1.89538e-05
1.7542e-05
1.61854e-05
1.48839e-05
1.36374e-05
1.24457e-05
1.13089e-05
1.02267e-05
9.19921e-06
8.22622e-06
7.30771e-06
6.44366e-06
5.634e-06
4.87869e-06
4.1778e-06
3.5314e-06
2.9395e-06
2.40213e-06
1.91934e-06
1.49115e-06
1.1173e-06
7.97558e-07
5.31654e-07
3.19303e-07
1.60726e-07
5.61011e-08
5.98152e-09
0.000364109
0.000354664
0.000344187
0.000333603
0.000323424
0.00031363
0.000304134
0.000294899
0.000285907
0.000277148
0.000268615
0.000260302
0.000252208
0.000244329
0.000236664
0.000229212
0.000221971
0.000214936
0.000208106
0.000201477
0.000195044
0.000188802
0.000182746
0.000176871
0.000171172
0.000165641
0.000160274
0.000155064
0.000150006
0.000145093
0.00014032
0.000135682
0.000131172
0.000126787
0.00012252
0.000118368
0.000114325
0.000110388
0.000106552
0.000102814
9.91706e-05
9.5618e-05
9.21534e-05
8.87739e-05
8.54768e-05
8.22597e-05
7.91204e-05
7.60567e-05
7.30668e-05
7.01488e-05
6.73011e-05
6.45222e-05
6.18107e-05
5.91655e-05
5.65853e-05
5.40691e-05
5.1616e-05
4.9225e-05
4.68954e-05
4.46266e-05
4.24178e-05
4.02684e-05
3.81777e-05
3.61454e-05
3.41709e-05
3.22539e-05
3.03942e-05
2.85913e-05
2.68451e-05
2.51552e-05
2.35215e-05
2.19436e-05
2.04215e-05
1.89547e-05
1.75432e-05
1.61869e-05
1.48856e-05
1.36393e-05
1.24479e-05
1.13112e-05
1.02291e-05
9.20167e-06
8.22874e-06
7.31026e-06
6.4462e-06
5.63652e-06
4.8812e-06
4.18028e-06
3.53382e-06
2.94181e-06
2.40426e-06
1.92123e-06
1.49274e-06
1.11856e-06
7.98491e-07
5.32273e-07
3.19649e-07
1.60887e-07
5.61574e-08
5.9962e-09
0.000371765
0.000360752
0.000348877
0.000337088
0.000325945
0.000315394
0.000305298
0.000295583
0.000286208
0.000277143
0.000268368
0.000259866
0.000251625
0.000243636
0.00023589
0.000228381
0.000221103
0.000214048
0.000207212
0.000200587
0.000194167
0.000187945
0.000181915
0.00017607
0.000170404
0.000164909
0.000159578
0.000154406
0.000149385
0.00014451
0.000139774
0.000135171
0.000130697
0.000126345
0.000122111
0.00011799
0.000113976
0.000110067
0.000106258
0.000102545
9.89251e-05
9.53944e-05
9.19503e-05
8.85898e-05
8.53104e-05
8.21097e-05
7.89855e-05
7.59358e-05
7.29586e-05
7.00523e-05
6.72154e-05
6.44463e-05
6.17437e-05
5.91066e-05
5.65337e-05
5.40241e-05
5.15769e-05
4.91913e-05
4.68665e-05
4.46019e-05
4.23968e-05
4.02507e-05
3.81631e-05
3.61334e-05
3.41612e-05
3.22463e-05
3.03883e-05
2.85869e-05
2.6842e-05
2.51532e-05
2.35204e-05
2.19434e-05
2.04219e-05
1.89557e-05
1.75446e-05
1.61886e-05
1.48877e-05
1.36416e-05
1.24504e-05
1.13138e-05
1.02319e-05
9.20449e-06
8.23163e-06
7.31319e-06
6.44913e-06
5.63943e-06
4.88408e-06
4.1831e-06
3.53653e-06
2.94437e-06
2.40663e-06
1.92336e-06
1.49456e-06
1.12003e-06
7.99583e-07
5.33015e-07
3.20084e-07
1.61099e-07
5.62365e-08
6.01431e-09
0.000379674
0.000366856
0.000353488
0.000340451
0.000328312
0.00031698
0.000306263
0.00029605
0.000286277
0.000276896
0.000267871
0.000259173
0.000250783
0.000242681
0.000234856
0.000227294
0.000219983
0.000212915
0.00020608
0.000199468
0.00019307
0.000186879
0.000180885
0.000175081
0.000169457
0.000164008
0.000158724
0.000153599
0.000148626
0.000143798
0.000139108
0.00013455
0.000130119
0.000125809
0.000121615
0.000117532
0.000113555
0.00010968
0.000105903
0.000102221
9.86293e-05
9.51253e-05
9.1706e-05
8.83685e-05
8.51106e-05
8.19296e-05
7.88237e-05
7.57907e-05
7.2829e-05
6.99368e-05
6.71128e-05
6.43554e-05
6.16636e-05
5.90362e-05
5.64721e-05
5.39704e-05
5.15303e-05
4.91511e-05
4.6832e-05
4.45724e-05
4.23718e-05
4.02297e-05
3.81456e-05
3.61191e-05
3.41497e-05
3.22371e-05
3.03812e-05
2.85816e-05
2.68382e-05
2.51508e-05
2.35191e-05
2.19429e-05
2.04221e-05
1.89565e-05
1.7546e-05
1.61905e-05
1.48899e-05
1.36441e-05
1.24531e-05
1.13167e-05
1.02349e-05
9.20752e-06
8.23467e-06
7.31628e-06
6.45227e-06
5.64255e-06
4.88714e-06
4.1861e-06
3.53942e-06
2.94711e-06
2.40917e-06
1.92566e-06
1.49655e-06
1.12164e-06
8.00813e-07
5.33871e-07
3.206e-07
1.61363e-07
5.63376e-08
6.03517e-09
0.00038659
0.000372042
0.000357324
0.000343183
0.00033015
0.0003181
0.000306804
0.000296121
0.000285967
0.00027628
0.000267013
0.000258127
0.000249594
0.000241389
0.000233492
0.000225886
0.000218555
0.000211485
0.000204663
0.000198076
0.000191715
0.000185567
0.000179622
0.000173871
0.000168305
0.000162914
0.00015769
0.000152624
0.00014771
0.00014294
0.000138307
0.000133805
0.000129427
0.000125168
0.000121022
0.000116986
0.000113053
0.000109219
0.000105481
0.000101835
9.8278e-05
9.48059e-05
9.14163e-05
8.81065e-05
8.4874e-05
8.17167e-05
7.86325e-05
7.56195e-05
7.26761e-05
6.98007e-05
6.69919e-05
6.42485e-05
6.15693e-05
5.89533e-05
5.63995e-05
5.39072e-05
5.14755e-05
4.91038e-05
4.67914e-05
4.45378e-05
4.23425e-05
4.0205e-05
3.8125e-05
3.61021e-05
3.41359e-05
3.22262e-05
3.03727e-05
2.85752e-05
2.68336e-05
2.51477e-05
2.35172e-05
2.19421e-05
2.04222e-05
1.89573e-05
1.75474e-05
1.61924e-05
1.48922e-05
1.36467e-05
1.24559e-05
1.13197e-05
1.0238e-05
9.21068e-06
8.23783e-06
7.31946e-06
6.45555e-06
5.64579e-06
4.89016e-06
4.18901e-06
3.54233e-06
2.94994e-06
2.4118e-06
1.92799e-06
1.49857e-06
1.12331e-06
8.02119e-07
5.348e-07
3.2118e-07
1.61669e-07
5.64571e-08
6.05848e-09
0.00039099
0.000375224
0.000359609
0.000344725
0.00033105
0.000318447
0.000306678
0.000295596
0.00028511
0.000275152
0.000265669
0.000256617
0.00024796
0.00023967
0.00023172
0.000224088
0.000216753
0.000209699
0.000202908
0.000196365
0.000190057
0.00018397
0.000178092
0.000172411
0.000166918
0.000161601
0.000156451
0.00015146
0.000146619
0.000141921
0.000137357
0.000132921
0.000128608
0.00012441
0.000120323
0.000116342
0.000112461
0.000108677
0.000104986
0.000101384
9.78668e-05
9.44325e-05
9.1078e-05
8.78007e-05
8.45984e-05
8.14688e-05
7.84101e-05
7.54205e-05
7.24985e-05
6.96427e-05
6.68517e-05
6.41245e-05
6.14601e-05
5.88574e-05
5.63157e-05
5.38341e-05
5.14122e-05
4.90491e-05
4.67445e-05
4.44978e-05
4.23086e-05
4.01765e-05
3.81013e-05
3.60825e-05
3.412e-05
3.22135e-05
3.03628e-05
2.85677e-05
2.68281e-05
2.51439e-05
2.35149e-05
2.19409e-05
2.04219e-05
1.89579e-05
1.75486e-05
1.61941e-05
1.48944e-05
1.36492e-05
1.24586e-05
1.13226e-05
1.0241e-05
9.21378e-06
8.24099e-06
7.32263e-06
6.45872e-06
5.6489e-06
4.89314e-06
4.19191e-06
3.54516e-06
2.95263e-06
2.4143e-06
1.93025e-06
1.50054e-06
1.12497e-06
8.03436e-07
5.35762e-07
3.21794e-07
1.61998e-07
5.65848e-08
6.08233e-09
0.000391419
0.000375456
0.000359705
0.000344642
0.000330697
0.000317773
0.000305681
0.000294299
0.000283551
0.000273375
0.000263718
0.000254535
0.000245787
0.00023744
0.000229464
0.000221832
0.00021452
0.000207506
0.00020077
0.000194295
0.000188062
0.000182058
0.000176267
0.000170677
0.000165276
0.000160052
0.000154994
0.000150094
0.000145341
0.000140729
0.000136249
0.000131893
0.000127656
0.000123531
0.000119514
0.000115598
0.000111779
0.000108053
0.000104416
0.000100864
9.73947e-05
9.40044e-05
9.06907e-05
8.74511e-05
8.42836e-05
8.1186e-05
7.81567e-05
7.5194e-05
7.22967e-05
6.94633e-05
6.66927e-05
6.39841e-05
6.13364e-05
5.8749e-05
5.62209e-05
5.37517e-05
5.13408e-05
4.89876e-05
4.66918e-05
4.44529e-05
4.22706e-05
4.01446e-05
3.80747e-05
3.60606e-05
3.41022e-05
3.21992e-05
3.03515e-05
2.85591e-05
2.68218e-05
2.51394e-05
2.35119e-05
2.19393e-05
2.04214e-05
1.89582e-05
1.75496e-05
1.61956e-05
1.48963e-05
1.36516e-05
1.24613e-05
1.13255e-05
1.0244e-05
9.21678e-06
8.24399e-06
7.32559e-06
6.4615e-06
5.65164e-06
4.89601e-06
4.19472e-06
3.54777e-06
2.95503e-06
2.41651e-06
1.93229e-06
1.50234e-06
1.12649e-06
8.04653e-07
5.36649e-07
3.2236e-07
1.62305e-07
5.67112e-08
6.10663e-09
0.000387398
0.000372695
0.000357577
0.000342809
0.000328884
0.000315815
0.00030351
0.00029191
0.000280965
0.000270629
0.000260852
0.000251589
0.0002428
0.000234444
0.000226489
0.000218902
0.000211655
0.000204723
0.000198082
0.000191711
0.00018559
0.000179703
0.000174032
0.000168564
0.000163284
0.000158179
0.00015324
0.000148455
0.000143814
0.000139309
0.000134932
0.000130675
0.000126531
0.000122496
0.000118562
0.000114725
0.000110981
0.000107324
0.000103752
0.000100261
9.68477e-05
9.35095e-05
9.0244e-05
8.70489e-05
8.39222e-05
8.08622e-05
7.78674e-05
7.49363e-05
7.20678e-05
6.92609e-05
6.65148e-05
6.38276e-05
6.1199e-05
5.86287e-05
5.61162e-05
5.36608e-05
5.12619e-05
4.89195e-05
4.66334e-05
4.44032e-05
4.22286e-05
4.01094e-05
3.80454e-05
3.60365e-05
3.40826e-05
3.21835e-05
3.03392e-05
2.85497e-05
2.68147e-05
2.51344e-05
2.35086e-05
2.19374e-05
2.04207e-05
1.89584e-05
1.75506e-05
1.61971e-05
1.48983e-05
1.36539e-05
1.2464e-05
1.13283e-05
1.02468e-05
9.21956e-06
8.24677e-06
7.32835e-06
6.46416e-06
5.6542e-06
4.8985e-06
4.19709e-06
3.54997e-06
2.95707e-06
2.41841e-06
1.93401e-06
1.50387e-06
1.1278e-06
8.0572e-07
5.37406e-07
3.22812e-07
1.62548e-07
5.68153e-08
6.1283e-09
0.000381697
0.000369905
0.000354702
0.000339578
0.000325316
0.000311903
0.000299281
0.000287424
0.000276293
0.000265837
0.000256002
0.000246733
0.000237982
0.000229703
0.000221854
0.0002144
0.000207304
0.000200539
0.000194076
0.000187891
0.000181961
0.000176266
0.000170788
0.000165511
0.000160418
0.000155498
0.000150737
0.000146124
0.000141648
0.000137302
0.000133076
0.000128962
0.000124955
0.000121047
0.000117234
0.000113511
0.000109872
0.000106315
0.000102834
9.94288e-05
9.60946e-05
9.28296e-05
8.96314e-05
8.64983e-05
8.34285e-05
8.04205e-05
7.74731e-05
7.45852e-05
7.17557e-05
6.89837e-05
6.62684e-05
6.36105e-05
6.10089e-05
5.8463e-05
5.59721e-05
5.35363e-05
5.11554e-05
4.88288e-05
4.65564e-05
4.43381e-05
4.21739e-05
4.00638e-05
3.80077e-05
3.60057e-05
3.40577e-05
3.21637e-05
3.03238e-05
2.85379e-05
2.6806e-05
2.51283e-05
2.35047e-05
2.19352e-05
2.04199e-05
1.89588e-05
1.75518e-05
1.61991e-05
1.49008e-05
1.36568e-05
1.2467e-05
1.13314e-05
1.025e-05
9.22274e-06
8.24984e-06
7.33127e-06
6.46695e-06
5.65687e-06
4.90102e-06
4.19939e-06
3.55197e-06
2.95887e-06
2.42012e-06
1.93565e-06
1.50524e-06
1.12894e-06
8.06676e-07
5.38023e-07
3.23168e-07
1.62757e-07
5.68777e-08
6.14191e-09
)
;

boundaryField
{
    inlet
    {
        type            calculated;
        value           nonuniform List<scalar> 
30
(
0.00502356
0.00502594
0.00505011
0.00509508
0.00515815
0.00523487
0.00531962
0.00540648
0.00548992
0.00556527
0.00562903
0.00567893
0.0057139
0.00573391
0.00573977
0.00573282
0.00571305
0.00567924
0.00563079
0.00556795
0.00549198
0.00540535
0.0053117
0.00521584
0.00512337
0.00504029
0.00497225
0.00492371
0.00489738
0.00489412
)
;
    }
    outlet
    {
        type            calculated;
        value           uniform 0;
    }
    top
    {
        type            calculated;
        value           nonuniform List<scalar> 
135
(
0.00489412
0.00488598
0.00487545
0.00486583
0.00485566
0.0048296
0.00478789
0.00471053
0.00460287
0.00446759
0.00430665
0.0041217
0.00391428
0.00368679
0.00344255
0.00318377
0.00291616
0.00264453
0.0023746
0.00211248
0.00186387
0.00163353
0.00142484
0.00123952
0.00107759
0.000937739
0.000819964
0.000720726
0.000637811
0.000569121
0.00051269
0.000466852
0.000429917
0.000400588
0.00038241
0.000381697
0.000369905
0.000354702
0.000339578
0.000325316
0.000311903
0.000299281
0.000287424
0.000276293
0.000265837
0.000256002
0.000246733
0.000237982
0.000229703
0.000221854
0.0002144
0.000207304
0.000200539
0.000194076
0.000187891
0.000181961
0.000176266
0.000170788
0.000165511
0.000160418
0.000155498
0.000150737
0.000146124
0.000141648
0.000137302
0.000133076
0.000128962
0.000124955
0.000121047
0.000117234
0.000113511
0.000109872
0.000106315
0.000102834
9.94288e-05
9.60946e-05
9.28296e-05
8.96314e-05
8.64983e-05
8.34285e-05
8.04205e-05
7.74731e-05
7.45852e-05
7.17557e-05
6.89837e-05
6.62684e-05
6.36105e-05
6.10089e-05
5.8463e-05
5.59721e-05
5.35363e-05
5.11554e-05
4.88288e-05
4.65564e-05
4.43381e-05
4.21739e-05
4.00638e-05
3.80077e-05
3.60057e-05
3.40577e-05
3.21637e-05
3.03238e-05
2.85379e-05
2.6806e-05
2.51283e-05
2.35047e-05
2.19352e-05
2.04199e-05
1.89588e-05
1.75518e-05
1.61991e-05
1.49008e-05
1.36568e-05
1.2467e-05
1.13314e-05
1.025e-05
9.22274e-06
8.24984e-06
7.33127e-06
6.46695e-06
5.65687e-06
4.90102e-06
4.19939e-06
3.55197e-06
2.95887e-06
2.42012e-06
1.93565e-06
1.50524e-06
1.12894e-06
8.06676e-07
5.38023e-07
3.23168e-07
1.62757e-07
5.68777e-08
6.14191e-09
)
;
    }
    bottom
    {
        type            calculated;
        value           nonuniform List<scalar> 
135
(
0.00502356
0.00501618
0.00500681
0.0049985
0.00498949
0.00495816
0.00492012
0.00484741
0.00474448
0.00461317
0.00445486
0.00427007
0.0040593
0.00382461
0.00356912
0.00329575
0.0030113
0.00272187
0.00243454
0.0021564
0.00189378
0.00165177
0.00143384
0.00124163
0.00107494
0.000932181
0.000813038
0.000713546
0.000631042
0.000563095
0.000507377
0.000461956
0.000425042
0.000395349
0.000376413
0.000372288
0.000361012
0.000346562
0.000332212
0.000318676
0.000305925
0.000293899
0.000282573
0.000271915
0.000261882
0.000252422
0.00024349
0.000235041
0.000227033
0.000219428
0.000212193
0.000205297
0.000198712
0.000192413
0.000186376
0.000180581
0.00017501
0.000169644
0.000164468
0.000159469
0.000154633
0.000149949
0.000145406
0.000140995
0.000136706
0.000132533
0.000128468
0.000124505
0.000120637
0.00011686
0.00011317
0.000109561
0.00010603
0.000102575
9.91916e-05
9.58778e-05
9.26312e-05
8.94498e-05
8.63319e-05
8.3276e-05
8.02806e-05
7.73447e-05
7.44672e-05
7.16473e-05
6.8884e-05
6.61767e-05
6.35262e-05
6.09315e-05
5.83917e-05
5.59066e-05
5.34761e-05
5.11001e-05
4.87781e-05
4.65098e-05
4.42954e-05
4.21349e-05
4.00282e-05
3.79753e-05
3.59763e-05
3.40312e-05
3.21399e-05
3.03024e-05
2.85188e-05
2.6789e-05
2.51132e-05
2.34915e-05
2.19238e-05
2.04102e-05
1.89507e-05
1.75453e-05
1.61941e-05
1.48969e-05
1.36538e-05
1.24649e-05
1.13302e-05
1.02497e-05
9.22337e-06
8.25126e-06
7.33329e-06
6.46945e-06
5.65979e-06
4.90434e-06
4.20307e-06
3.55597e-06
2.96285e-06
2.42369e-06
1.93844e-06
1.50721e-06
1.13043e-06
8.07979e-07
5.39192e-07
3.23991e-07
1.63176e-07
5.70276e-08
6.15828e-09
)
;
    }
    obstacle
    {
        type            calculated;
        value           nonuniform List<scalar> 
120
(
0.0356858
0.0330715
0.0301027
0.0270839
0.0240733
0.0210706
0.0181428
0.0153543
0.0127578
0.0103944
0.00829048
0.00645758
0.00489592
0.00359901
0.00255823
0.00176693
0.00122323
0.000931494
0.000901238
0.00114478
0.00167375
0.00249417
0.00360081
0.00497458
0.00658132
0.008372
0.0102855
0.0123059
0.0143783
0.01625
0.0184865
0.0210229
0.0241044
0.027745
0.032012
0.037101
0.0432504
0.0506958
0.0595929
0.0699289
0.0813647
0.0931417
0.104123
0.112941
0.117873
0.117919
0.113073
0.104326
0.0933954
0.0816514
0.0702342
0.059907
0.0510133
0.0435677
0.0374153
0.0323197
0.0280419
0.0243864
0.0212894
0.0187488
0.0367044
0.0340448
0.0309887
0.0278584
0.024732
0.0216193
0.0185916
0.0157159
0.0130461
0.0106231
0.00847258
0.00660488
0.00501873
0.00370623
0.00265752
0.001865
0.00132608
0.00104481
0.00103043
0.00129498
0.0018496
0.00269938
0.00383737
0.00524194
0.00687555
0.00868533
0.0106067
0.0126221
0.0146748
0.0165239
0.0386076
0.0417476
0.0452307
0.0489718
0.0529289
0.0572496
0.0621415
0.0678276
0.0744871
0.0821691
0.0906866
0.0995135
0.107811
0.114541
0.118375
0.118522
0.114962
0.108452
0.100313
0.0915906
0.0831298
0.075468
0.0688048
0.0631039
0.0581979
0.0538731
0.0499282
0.046217
0.0427592
0.039638
)
;
    }
    frontAndBack
    {
        type            empty;
    }
}


// ************************************************************************* //
