/*--------------------------------*- C++ -*----------------------------------*\
  =========                 |
  \\      /  F ield         | OpenFOAM: The Open Source CFD Toolbox
   \\    /   O peration     | Website:  https://openfoam.org
    \\  /    A nd           | Version:  12
     \\/     M anipulation  |
\*---------------------------------------------------------------------------*/
FoamFile
{
    format      ascii;
    class       volScalarField;
    location    "280";
    object      p;
}
// * * * * * * * * * * * * * * * * * * * * * * * * * * * * * * * * * * * * * //

dimensions      [0 2 -2 0 0 0 0];

internalField   nonuniform List<scalar> 
6750
(
0.0216203
0.0215982
0.0215688
0.0214053
0.0203768
0.0231387
0.0231022
0.0229748
0.0227089
0.0223496
0.0249315
0.0248723
0.0247417
0.0245436
0.0243907
0.0268121
0.0267182
0.026594
0.0264536
0.0263767
0.0286792
0.0285413
0.0284073
0.0282947
0.028256
0.0304531
0.0302667
0.0301119
0.0300092
0.0299879
0.0320853
0.0318492
0.0316696
0.0315698
0.0315569
0.0335465
0.0332613
0.0330571
0.0329581
0.0329504
0.0348183
0.0344866
0.0342597
0.0341614
0.0341573
0.0358903
0.035516
0.0352695
0.0351726
0.0351712
0.0367591
0.0363476
0.0360856
0.0359906
0.035991
0.0374279
0.0369856
0.0367123
0.0366197
0.0366212
0.0379062
0.0374391
0.0371597
0.0370694
0.0370712
0.038208
0.037722
0.0374427
0.0373536
0.0373547
0.0383463
0.0378546
0.0375807
0.0374891
0.0374881
0.0383463
0.0378547
0.0375807
0.0374892
0.0374881
0.0382081
0.0377221
0.0374428
0.0373537
0.0373548
0.0379064
0.0374393
0.0371598
0.0370696
0.0370714
0.0374282
0.0369859
0.0367126
0.0366199
0.0366214
0.0367594
0.036348
0.0360859
0.0359909
0.0359913
0.0358907
0.0355164
0.03527
0.035173
0.0351716
0.0348188
0.0344871
0.0342602
0.0341619
0.0341578
0.0335471
0.033262
0.0330577
0.0329587
0.032951
0.032086
0.0318499
0.0316704
0.0315705
0.0315576
0.0304539
0.0302676
0.0301127
0.03001
0.0299887
0.0286801
0.0285422
0.0284082
0.0282956
0.0282569
0.0268131
0.0267192
0.026595
0.0264546
0.0263777
0.0249326
0.0248734
0.0247428
0.0245447
0.0243918
0.0231399
0.0231034
0.022976
0.0227101
0.0223508
0.0216216
0.0215996
0.0215701
0.0214066
0.0203782
0.014198
0.0147906
0.0162589
0.0173438
0.0181303
0.0187552
0.0192449
0.0196108
0.0198808
0.0200652
0.0201272
0.0201409
0.0200783
0.0199354
0.0197111
0.0194016
0.019004
0.0185211
0.0179563
0.0173095
0.0165753
0.0158582
0.0151032
0.0143254
0.0135449
0.0127745
0.0120238
0.0113075
0.0106355
0.00995267
0.0181077
0.0189033
0.019703
0.0201039
0.0203327
0.020474
0.0205298
0.0205094
0.0204414
0.0203232
0.0201135
0.0199264
0.019721
0.0195001
0.0192624
0.0189988
0.0186968
0.0183454
0.0179339
0.0174593
0.0169398
0.0163064
0.0156418
0.0149371
0.0142002
0.0134425
0.0126723
0.0119038
0.0111774
0.0104729
0.0205882
0.0207718
0.0210867
0.0212406
0.0213163
0.0213245
0.0212531
0.0211128
0.0209251
0.0206542
0.0203046
0.0199694
0.0196062
0.019226
0.0188348
0.0184324
0.0180155
0.017579
0.0171171
0.0166252
0.016102
0.015547
0.0149666
0.0143603
0.0137328
0.0130901
0.0124333
0.011773
0.0111964
0.0107794
0.0220311
0.0218069
0.0219357
0.0220185
0.0220276
0.0219602
0.0218113
0.0215978
0.0213285
0.0209343
0.0204881
0.0200287
0.0195271
0.0190001
0.0184594
0.0179128
0.0173659
0.0168215
0.0162805
0.0157415
0.0152028
0.0146684
0.0141349
0.0135992
0.0130612
0.0125213
0.0119722
0.0114166
0.0109836
0.0109014
0.0231216
0.0227495
0.0227961
0.0228082
0.0227338
0.022579
0.0223441
0.0220446
0.0216783
0.0211684
0.0206261
0.0200464
0.0194195
0.018765
0.0180985
0.0174331
0.01678
0.0161475
0.0155406
0.0149611
0.0144084
0.0138817
0.0133776
0.0128913
0.012419
0.011957
0.0114916
0.011016
0.0106914
0.0109136
0.0240687
0.0236576
0.0236393
0.0235712
0.0234109
0.0231696
0.0228484
0.0224593
0.0219857
0.0213706
0.0207283
0.0200329
0.019289
0.0185185
0.0177399
0.0169704
0.0162251
0.0155158
0.0148504
0.0142325
0.0136622
0.0131368
0.0126519
0.012201
0.0117783
0.0113773
0.0109791
0.0105696
0.0103354
0.0108303
0.0249066
0.0245016
0.0244252
0.0242804
0.0240413
0.0237192
0.0233162
0.0228406
0.0222544
0.0215455
0.0208031
0.0199978
0.0191441
0.0182654
0.017383
0.0165174
0.0156868
0.0149057
0.014184
0.0135268
0.0129345
0.012404
0.0119296
0.0115037
0.0111186
0.010766
0.0104227
0.0100693
0.00991516
0.0106518
0.0256558
0.0252869
0.02516
0.0249436
0.0246303
0.0242304
0.0237494
0.0231894
0.0224901
0.0216975
0.020855
0.0199447
0.0189869
0.0180064
0.0170268
0.0160712
0.0151604
0.0143111
0.0135347
0.0128373
0.0122198
0.0116788
0.0112077
0.0107979
0.0104407
0.0101258
0.00982642
0.00951999
0.00943689
0.0103815
0.0263383
0.0260269
0.0258559
0.0255706
0.0251853
0.0247104
0.024154
0.023505
0.0227014
0.0218277
0.0208862
0.0198751
0.0188181
0.0177409
0.0166694
0.0156289
0.0146421
0.0137275
0.0128977
0.0121596
0.0115144
0.0109585
0.0104849
0.010084
0.00974628
0.00945998
0.00919508
0.00892737
0.00890724
0.0100254
0.026971
0.0267318
0.0265211
0.0261684
0.0257129
0.0251665
0.024534
0.023788
0.0228947
0.0219365
0.0208985
0.0197905
0.0186381
0.0174683
0.0163088
0.0151871
0.0141274
0.0131495
0.0122671
0.0114877
0.0108127
0.0102384
0.00975735
0.00935943
0.00903422
0.00876885
0.00853029
0.00829425
0.00833035
0.0095897
0.0275663
0.0274092
0.0271625
0.0267428
0.0262175
0.0256016
0.0248926
0.0240458
0.023073
0.0220273
0.0208947
0.0196925
0.0184473
0.0171877
0.0159431
0.0147426
0.0136119
0.0125719
0.0116371
0.0108155
0.0101086
0.00951288
0.00902022
0.00862014
0.00830164
0.00805068
0.00783156
0.00762122
0.00770787
0.00907939
0.0281343
0.0280666
0.0277868
0.0272997
0.0267045
0.0260212
0.0252324
0.0242861
0.0232383
0.022103
0.020877
0.0195821
0.0182459
0.0168982
0.0155702
0.0142923
0.0130915
0.0119897
0.011002
0.010137
0.00939623
0.00877599
0.008268
0.00786133
0.00754451
0.00730234
0.00709675
0.006907
0.00703935
0.00849814
0.028685
0.0287112
0.028401
0.0278469
0.0271831
0.0264281
0.0255519
0.0245186
0.0233922
0.0221659
0.0208472
0.0194604
0.0180338
0.0165986
0.0151878
0.0138328
0.0125619
0.0113977
0.0103562
0.00944601
0.00866905
0.0080214
0.00749456
0.00707727
0.00675764
0.00651931
0.00632206
0.00614848
0.00632235
0.0078478
0.0292278
0.0293497
0.0290118
0.0283904
0.0276576
0.0268293
0.025859
0.0247474
0.0235369
0.0222185
0.020807
0.0193279
0.0178105
0.0162877
0.0147934
0.0133607
0.0120187
0.0107909
0.00969367
0.00873613
0.0079203
0.00724216
0.00669298
0.00626123
0.00593463
0.00569562
0.00550205
0.00534069
0.00555239
0.00712806
0.0297702
0.0299914
0.0296275
0.0289381
0.0281358
0.027229
0.0261628
0.0249753
0.0236758
0.0222637
0.020758
0.0191851
0.0175755
0.0159635
0.0143843
0.0128721
0.0114571
0.0101634
0.00900799
0.00800033
0.00714253
0.00643052
0.00585539
0.00540534
0.00506772
0.00482375
0.00462949
0.0044767
0.00472295
0.00633624
0.0303195
0.0306477
0.0302603
0.0295025
0.0286235
0.0276275
0.0264748
0.0252054
0.0238125
0.0223041
0.0207016
0.0190322
0.0173279
0.015624
0.0139572
0.0123627
0.0108716
0.00950894
0.00829211
0.00723084
0.00632743
0.00557776
0.00497274
0.00450038
0.00414764
0.00389445
0.00369525
0.0035475
0.00382531
0.00546696
0.0308857
0.0313311
0.0309216
0.0300922
0.0291301
0.0280352
0.0268015
0.0254415
0.0239504
0.022342
0.0206389
0.0188691
0.0170661
0.0152664
0.0135081
0.0118274
0.0102562
0.00882042
0.00753793
0.00641879
0.00546546
0.00467377
0.00403451
0.00353549
0.00316329
0.00289646
0.002688
0.0025417
0.00284822
0.0045118
0.0314857
0.0320549
0.0316252
0.0307145
0.0296595
0.0284675
0.0271477
0.0256887
0.0240938
0.02238
0.0205708
0.0186953
0.0167881
0.0148873
0.0130322
0.01126
0.00960354
0.00808938
0.00673602
0.00555386
0.00454548
0.00370673
0.00302826
0.00249773
0.0021013
0.00181609
0.00159375
0.00144508
0.00177749
0.00345882
0.0321433
0.0328292
0.0323817
0.0313841
0.0302216
0.0289358
0.0275182
0.0259522
0.0242468
0.0224205
0.0204979
0.0185094
0.016491
0.0144823
0.0125234
0.0106529
0.00890463
0.00730564
0.00587508
0.00462368
0.00355419
0.00266247
0.00193905
0.00137146
0.000945429
0.000636556
0.000395253
0.000239928
0.000595292
0.00229187
0.0328771
0.0336734
0.0332089
0.0321136
0.0308341
0.029449
0.0279218
0.0262394
0.0244141
0.0224659
0.0204204
0.0183096
0.0161709
0.0140451
0.0119739
0.00999675
0.00814837
0.00645664
0.00494119
0.00361309
0.00247529
0.00152363
0.000748573
0.000137487
-0.000324348
-0.000662941
-0.000929014
-0.00109593
-0.000720916
0.000989511
0.033713
0.0346208
0.0341279
0.0329149
0.0315199
0.0300205
0.0283699
0.0265585
0.0246009
0.0225182
0.0203375
0.0180924
0.0158217
0.0135677
0.0113733
0.00927904
0.00732055
0.00552642
0.00391679
0.00250308
0.00128838
0.000268546
-0.000566066
-0.00122822
-0.00173313
-0.00210853
-0.00240616
-0.00259056
-0.00219987
-0.000476511
0.0346919
0.035693
0.0351591
0.033823
0.0323005
0.0306664
0.0288752
0.0269187
0.0248123
0.022579
0.0202473
0.0178525
0.0154351
0.0130387
0.0107076
0.00848334
0.00640246
0.0044942
0.0027792
0.00126916
-3.27012e-05
-0.00113055
-0.00203413
-0.00275635
-0.00331302
-0.00373364
-0.00407096
-0.00428003
-0.00387876
-0.00214365
0.0358602
0.0369349
0.036343
0.0348754
0.0331999
0.0314072
0.0294536
0.0273303
0.0250538
0.0226487
0.0201456
0.0175815
0.0149986
0.0124421
0.0099574
0.00758722
0.00536889
0.00333221
0.00149825
-0.000121061
-0.00152245
-0.00271013
-0.00369399
-0.00448713
-0.005106
-0.00558202
-0.00596884
-0.00621158
-0.00580661
-0.00406222
0.0372859
0.0384071
0.0377399
0.0361128
0.0342515
0.03227
0.0301248
0.0278057
0.0253304
0.0227258
0.0200247
0.017266
0.0144936
0.0117545
0.0090951
0.00655922
0.00418483
0.00200221
3.26899e-05
-0.00171168
-0.00322764
-0.00451953
-0.00559745
-0.00647471
-0.00716852
-0.00771234
-0.00816075
-0.00844853
-0.00804959
-0.00630119
0.0390818
0.0402034
0.0394218
0.0375903
0.0355012
0.0332904
0.0309134
0.0283589
0.0256463
0.0228053
0.0198709
0.0168845
0.0138917
0.010941
0.00808025
0.00535379
0.00280014
0.000449797
-0.00167584
-0.00356478
-0.00521389
-0.00662775
-0.00781671
-0.00879441
-0.00957891
-0.0102059
-0.0107308
-0.0110782
-0.0106996
-0.00895809
0.041375
0.0424474
0.0414884
0.0393912
0.0370156
0.0345176
0.031852
0.0290068
0.0260039
0.0228758
0.0196606
0.0164021
0.013148
0.00994816
0.00685141
0.00390257
0.00114016
-0.00140547
-0.00371322
-0.00577136
-0.00757707
-0.00913526
-0.0104566
-0.011555
-0.0124497
-0.0131785
-0.013798
-0.0142236
-0.0138869
-0.0121734
0.0444216
0.045333
0.0440958
0.041643
0.0388941
0.0360233
0.0329855
0.0297693
0.0263997
0.0229129
0.0193507
0.0157594
0.0121889
0.00869015
0.00531216
0.00209949
-0.000910079
-0.00368708
-0.00621122
-0.00847144
-0.0104654
-0.0121981
-0.0136808
-0.0149276
-0.0159585
-0.0168132
-0.0175494
-0.0180765
-0.0178149
-0.0161703
0.0486038
0.0491428
0.0474516
0.0445061
0.041258
0.0378908
0.0343607
0.030659
0.026815
0.0228698
0.0188693
0.014863
0.0109025
0.00703931
0.00332162
-0.000207636
-0.00351278
-0.00656649
-0.00935024
-0.0118542
-0.0140772
-0.016025
-0.0177082
-0.0191414
-0.0203453
-0.0213603
-0.0222436
-0.0229054
-0.0227774
-0.0212871
0.054794
0.0545859
0.0521497
0.0485035
0.0445498
0.0404613
0.0362065
0.0317907
0.0272548
0.0226496
0.0180283
0.0134445
0.00895168
0.00459987
0.000434331
-0.0035063
-0.00719091
-0.0105963
-0.0137066
-0.0165125
-0.019016
-0.0212358
-0.0231678
-0.0248265
-0.026233
-0.0274255
-0.028457
-0.0292531
-0.0293217
-0.0281524
0.0656015
0.0637066
0.0597158
0.054839
0.0497214
0.0444593
0.0390494
0.033527
0.02795
0.0223789
0.016871
0.0114794
0.00625187
0.00122985
-0.00355233
-0.00806729
-0.0122942
-0.0162185
-0.0198318
-0.0231317
-0.0261144
-0.0287678
-0.0311175
-0.033172
-0.0349422
-0.0364538
-0.0377521
-0.0388263
-0.0393806
-0.0388608
0.0178644
0.0188019
0.0205494
0.0219308
0.0230843
0.0241563
0.0251806
0.0261661
0.0271229
0.0280603
0.0289865
0.0299095
0.0308373
0.0317784
0.0327413
0.0337363
0.0347764
0.0358776
0.0370591
0.0383421
0.0397543
0.0413351
0.0431322
0.0452113
0.0476615
0.0506178
0.0542657
0.0588179
0.0645018
0.071839
0.0221843
0.0231594
0.0242837
0.0252187
0.0260516
0.0268443
0.0276082
0.0283477
0.0290699
0.0297831
0.0304951
0.0312139
0.0319479
0.0327059
0.0334977
0.0343348
0.0352311
0.0362036
0.0372724
0.0384624
0.0398059
0.0413461
0.0431395
0.0452644
0.0478303
0.051
0.055008
0.0601762
0.066992
0.0760438
0.0244914
0.0253597
0.0262016
0.026952
0.0276793
0.0284001
0.0291111
0.0298135
0.030512
0.0312124
0.0319209
0.0326441
0.0333893
0.0341646
0.0349796
0.0358458
0.0367771
0.0377908
0.0389084
0.0401565
0.0415707
0.0431979
0.0451009
0.0473672
0.0501205
0.0535403
0.0578928
0.0635566
0.0711828
0.081463
0.0265031
0.0272626
0.0279894
0.0286603
0.0293239
0.02999
0.0306579
0.0313301
0.0320117
0.0327082
0.0334252
0.0341689
0.0349464
0.0357658
0.0366367
0.0375707
0.0385821
0.0396888
0.0409132
0.0422837
0.0438378
0.0456253
0.0477136
0.0501956
0.0532029
0.0569248
0.0616421
0.0677501
0.075991
0.0871023
0.0283803
0.0290472
0.0296846
0.0302846
0.0308885
0.031506
0.0321381
0.0327873
0.033458
0.0341548
0.034883
0.0356483
0.0364579
0.0373198
0.0382438
0.0392421
0.0403296
0.041525
0.0428516
0.0443399
0.0460294
0.0479726
0.0502403
0.0529303
0.0561798
0.0601856
0.0652386
0.0717449
0.0805305
0.0923906
0.0300942
0.0306792
0.0312409
0.0317816
0.0323384
0.0329201
0.0335273
0.0341622
0.0348285
0.0355303
0.0362726
0.0370608
0.037902
0.0388042
0.0397775
0.0408344
0.0419902
0.0432643
0.0446813
0.0462729
0.0480805
0.0501589
0.052582
0.0554512
0.0589087
0.0631579
0.0684991
0.0753518
0.0846233
0.0971912
0.0316421
0.0321541
0.0326517
0.033144
0.0336641
0.034219
0.0348089
0.0354356
0.0361022
0.0368126
0.0375712
0.0383835
0.0392562
0.0401974
0.0412174
0.0423288
0.0435473
0.0448929
0.0463912
0.0480749
0.0499868
0.0521836
0.0547415
0.0577651
0.0614005
0.0658567
0.0714428
0.078592
0.0882777
0.101474
0.0330194
0.0334657
0.0339084
0.0343613
0.0348525
0.0353873
0.0359654
0.0365882
0.0372583
0.0379791
0.0387549
0.0395909
0.0404937
0.0414713
0.0425342
0.043695
0.0449701
0.0463798
0.0479502
0.0497151
0.0517184
0.0540183
0.0566928
0.0598489
0.063636
0.0682676
0.0740606
0.0814602
0.0914853
0.105213
0.0342175
0.0346049
0.0350011
0.0354221
0.0358911
0.036411
0.0369813
0.037603
0.0382783
0.0390103
0.0398027
0.0406608
0.0415908
0.0426011
0.043702
0.0449063
0.0462307
0.0476959
0.0493286
0.0511631
0.0532444
0.0556318
0.0584048
0.0616723
0.0655862
0.0703639
0.0763285
0.0839357
0.0942291
0.108395
0.0352295
0.0355652
0.0359227
0.0363188
0.0367707
0.0372799
0.0378454
0.0384678
0.0391489
0.0398914
0.040699
0.0415766
0.0425305
0.0435688
0.0447021
0.0459433
0.0473092
0.0488209
0.0505054
0.0523979
0.0545437
0.0570031
0.0598569
0.0632154
0.0672325
0.0721285
0.078232
0.086007
0.0965043
0.111025
0.0360525
0.0363443
0.0366709
0.0370479
0.0374872
0.0379888
0.0385514
0.0391754
0.0398622
0.0406141
0.0414346
0.0423286
0.0433023
0.0443637
0.0455235
0.0467947
0.0481941
0.0497433
0.0514696
0.0534083
0.0556056
0.0581223
0.0610401
0.0644704
0.0685688
0.0735576
0.0797697
0.0876762
0.0983212
0.113124
0.0366885
0.036945
0.0372481
0.0376111
0.0380414
0.0385378
0.0390989
0.0397247
0.0404163
0.0411759
0.0420069
0.0429139
0.043903
0.0449825
0.0461628
0.0474572
0.0488825
0.0504605
0.0522187
0.0541928
0.0564292
0.0589894
0.0619556
0.0654402
0.0695997
0.0746582
0.0809517
0.0889571
0.0997018
0.114725
0.0371449
0.037375
0.0376615
0.0380149
0.0384392
0.0389322
0.0394925
0.0401198
0.0408153
0.0415807
0.0424194
0.0433358
0.0443363
0.0454289
0.046624
0.047935
0.0493789
0.0509774
0.0527584
0.0547577
0.057022
0.059613
0.0626135
0.0661364
0.0703391
0.0754465
0.0817972
0.0898724
0.100677
0.115868
0.0374332
0.0376462
0.0379222
0.0382698
0.0386904
0.0391815
0.0397415
0.0403701
0.041068
0.0418373
0.042681
0.0436036
0.0446113
0.0457122
0.0469168
0.0482384
0.0496942
0.0513058
0.0531012
0.0551164
0.0573984
0.0600089
0.0630311
0.0665781
0.070808
0.075946
0.0823327
0.0904516
0.101284
0.116597
0.0375687
0.0377734
0.0380444
0.0383893
0.0388083
0.0392985
0.0398585
0.0404877
0.0411869
0.0419581
0.0428042
0.0437298
0.044741
0.045846
0.0470551
0.0483818
0.0498432
0.0514611
0.0532635
0.0552863
0.0575767
0.0601966
0.0632291
0.0667876
0.0710305
0.0761831
0.0825868
0.0907264
0.101566
0.116949
0.0375687
0.0377734
0.0380444
0.0383893
0.0388083
0.0392986
0.0398585
0.0404877
0.041187
0.0419581
0.0428043
0.0437299
0.0447411
0.045846
0.0470551
0.0483819
0.0498433
0.0514612
0.0532635
0.0552864
0.0575767
0.0601966
0.0632291
0.0667876
0.0710305
0.0761831
0.0825868
0.0907264
0.101566
0.116949
0.0374333
0.0376464
0.0379223
0.0382699
0.0386905
0.0391816
0.0397416
0.0403701
0.0410681
0.0418374
0.0426811
0.0436037
0.0446114
0.0457123
0.0469169
0.0482385
0.0496942
0.0513059
0.0531013
0.0551165
0.0573984
0.060009
0.0630312
0.0665782
0.0708081
0.0759461
0.0823327
0.0904516
0.101284
0.116597
0.037145
0.0373752
0.0376617
0.0380151
0.0384393
0.0389324
0.0394926
0.04012
0.0408154
0.0415808
0.0424195
0.043336
0.0443364
0.045429
0.0466241
0.0479351
0.049379
0.0509775
0.0527585
0.0547578
0.057022
0.0596131
0.0626136
0.0661365
0.0703392
0.0754466
0.0817973
0.0898724
0.100677
0.115868
0.0366888
0.0369453
0.0372484
0.0376114
0.0380417
0.0385381
0.0390991
0.0397249
0.0404165
0.0411761
0.0420071
0.042914
0.0439032
0.0449827
0.046163
0.0474573
0.0488827
0.0504606
0.0522188
0.0541929
0.0564293
0.0589895
0.0619558
0.0654403
0.0695998
0.0746583
0.0809518
0.0889572
0.0997019
0.114725
0.0360528
0.0363446
0.0366713
0.0370482
0.0374875
0.0379891
0.0385517
0.0391757
0.0398624
0.0406143
0.0414349
0.0423288
0.0433025
0.044364
0.0455237
0.0467949
0.0481943
0.0497435
0.0514698
0.0534085
0.0556058
0.0581225
0.0610403
0.0644705
0.0685689
0.0735577
0.0797698
0.0876763
0.0983213
0.113124
0.0352299
0.0355656
0.0359231
0.0363192
0.0367711
0.0372803
0.0378457
0.0384681
0.0391492
0.0398918
0.0406993
0.0415769
0.0425307
0.0435691
0.0447023
0.0459435
0.0473094
0.0488211
0.0505057
0.0523981
0.0545439
0.0570033
0.0598571
0.0632155
0.0672327
0.0721286
0.0782321
0.0860071
0.0965044
0.111025
0.034218
0.0346054
0.0350015
0.0354226
0.0358915
0.0364114
0.0369817
0.0376034
0.0382787
0.0390106
0.0398031
0.0406611
0.0415912
0.0426014
0.0437023
0.0449066
0.046231
0.0476962
0.0493288
0.0511634
0.0532447
0.055632
0.058405
0.0616725
0.0655864
0.070364
0.0763287
0.0839359
0.0942292
0.108395
0.03302
0.0334662
0.0339089
0.0343618
0.0348531
0.0353878
0.0359659
0.0365886
0.0372587
0.0379796
0.0387554
0.0395913
0.040494
0.0414717
0.0425345
0.0436954
0.0449704
0.0463801
0.0479506
0.0497154
0.0517187
0.0540186
0.0566931
0.0598491
0.0636362
0.0682678
0.0740608
0.0814604
0.0914854
0.105213
0.0316428
0.0321548
0.0326523
0.0331446
0.0336647
0.0342196
0.0348095
0.0354361
0.0361028
0.0368131
0.0375717
0.038384
0.0392567
0.0401979
0.0412178
0.0423291
0.0435477
0.0448933
0.0463916
0.0480752
0.0499871
0.0521839
0.0547418
0.0577654
0.0614007
0.0658569
0.071443
0.0785922
0.0882778
0.101474
0.030095
0.03068
0.0312416
0.0317823
0.0323391
0.0329208
0.0335279
0.0341629
0.0348291
0.0355309
0.0362731
0.0370614
0.0379025
0.0388047
0.039778
0.0408348
0.0419906
0.0432647
0.0446817
0.0462733
0.0480808
0.0501592
0.0525823
0.0554515
0.058909
0.0631581
0.0684993
0.0753521
0.0846235
0.0971913
0.0283811
0.029048
0.0296854
0.0302854
0.0308892
0.0315068
0.0321388
0.032788
0.0334587
0.0341554
0.0348836
0.0356489
0.0364584
0.0373203
0.0382443
0.0392426
0.0403301
0.0415254
0.042852
0.0443403
0.0460298
0.0479729
0.0502407
0.0529307
0.0561801
0.0601859
0.0652388
0.0717452
0.0805307
0.0923907
0.0265041
0.0272636
0.0279903
0.0286612
0.0293247
0.0299909
0.0306586
0.0313308
0.0320124
0.0327089
0.0334258
0.0341695
0.034947
0.0357664
0.0366372
0.0375712
0.0385826
0.0396893
0.0409137
0.0422841
0.0438382
0.0456258
0.047714
0.050196
0.0532033
0.0569252
0.0616424
0.0677504
0.0759912
0.0871025
0.0244925
0.0253608
0.0262026
0.026953
0.0276802
0.028401
0.029112
0.0298143
0.0305128
0.0312132
0.0319216
0.0326448
0.0333899
0.0341653
0.0349803
0.0358464
0.0367777
0.0377914
0.0389089
0.040157
0.0415712
0.0431983
0.0451013
0.0473676
0.0501208
0.0535406
0.0578931
0.0635569
0.0711831
0.0814632
0.0221855
0.0231605
0.0242848
0.0252198
0.0260527
0.0268452
0.0276091
0.0283486
0.0290708
0.0297839
0.0304959
0.0312147
0.0319486
0.0327066
0.0334984
0.0343354
0.0352317
0.0362042
0.037273
0.038463
0.0398064
0.0413466
0.04314
0.0452648
0.0478307
0.0510004
0.0550084
0.0601765
0.0669923
0.076044
0.0178657
0.0188032
0.0205506
0.021932
0.0230854
0.0241573
0.0251816
0.0261671
0.0271238
0.0280612
0.0289874
0.0299103
0.0308381
0.0317792
0.032742
0.033737
0.034777
0.0358783
0.0370597
0.0383427
0.0397548
0.0413356
0.0431327
0.0452118
0.0476619
0.0506182
0.054266
0.0588182
0.0645021
0.0718392
0.0656017
0.0637069
0.0597161
0.0548393
0.0497217
0.0444597
0.0390498
0.0335274
0.0279504
0.0223793
0.0168714
0.0114798
0.00625231
0.00123031
-0.00355186
-0.0080668
-0.0122937
-0.016218
-0.0198312
-0.0231311
-0.0261139
-0.0287673
-0.031117
-0.0331714
-0.0349417
-0.0364533
-0.0377516
-0.0388257
-0.0393801
-0.0388603
0.0547943
0.0545862
0.0521501
0.0485038
0.0445502
0.0404616
0.0362069
0.0317911
0.0272552
0.0226501
0.0180287
0.013445
0.00895215
0.00460036
0.000434828
-0.00350579
-0.00719039
-0.0105958
-0.0137061
-0.016512
-0.0190154
-0.0212353
-0.0231673
-0.0248259
-0.0262324
-0.027425
-0.0284564
-0.0292526
-0.0293213
-0.0281519
0.0486042
0.0491431
0.047452
0.0445065
0.0412584
0.0378912
0.0343611
0.0306595
0.0268154
0.0228703
0.0188698
0.0148635
0.010903
0.00703982
0.00332214
-0.000207106
-0.00351224
-0.00656594
-0.00934969
-0.0118537
-0.0140767
-0.0160244
-0.0177076
-0.0191409
-0.0203448
-0.0213597
-0.0222431
-0.0229049
-0.022777
-0.0212867
0.044422
0.0453334
0.0440962
0.0416434
0.0388946
0.0360238
0.032986
0.0297698
0.0264002
0.0229134
0.0193512
0.0157599
0.0121894
0.00869068
0.0053127
0.00210004
-0.000909521
-0.00368652
-0.00621065
-0.00847087
-0.0104648
-0.0121976
-0.0136802
-0.014927
-0.0159579
-0.0168127
-0.0175488
-0.018076
-0.0178144
-0.0161699
0.0413755
0.0424478
0.0414889
0.0393917
0.0370161
0.0345181
0.0318525
0.0290074
0.0260044
0.0228763
0.0196612
0.0164026
0.0131485
0.00994872
0.00685198
0.00390315
0.00114074
-0.00140489
-0.00371263
-0.00577078
-0.00757649
-0.00913468
-0.010456
-0.0115545
-0.0124492
-0.013178
-0.0137975
-0.0142231
-0.0138864
-0.012173
0.0390823
0.0402038
0.0394223
0.0375908
0.0355017
0.0332909
0.0309139
0.0283594
0.0256469
0.0228058
0.0198715
0.016885
0.0138923
0.0109416
0.00808084
0.00535439
0.00280074
0.000450401
-0.00167524
-0.00356418
-0.00521329
-0.00662716
-0.00781612
-0.00879383
-0.00957835
-0.0102053
-0.0107302
-0.0110777
-0.0106991
-0.00895764
0.0372864
0.0384076
0.0377404
0.0361134
0.034252
0.0322706
0.0301254
0.0278063
0.025331
0.0227264
0.0200253
0.0172666
0.0144943
0.0117551
0.00909572
0.00655984
0.00418545
0.00200284
3.33146e-05
-0.00171106
-0.00322702
-0.00451892
-0.00559684
-0.00647412
-0.00716794
-0.00771177
-0.00816019
-0.00844799
-0.00804907
-0.00630073
0.0358607
0.0369355
0.0363435
0.0348759
0.0332005
0.0314078
0.0294542
0.027331
0.0250544
0.0226493
0.0201462
0.0175821
0.0149992
0.0124427
0.00995804
0.00758787
0.00536953
0.00333286
0.0014989
-0.000120418
-0.00152181
-0.00270949
-0.00369337
-0.00448652
-0.0051054
-0.00558143
-0.00596827
-0.00621102
-0.00580608
-0.00406174
0.0346924
0.0356936
0.0351597
0.0338236
0.0323011
0.030667
0.0288758
0.0269193
0.024813
0.0225796
0.0202479
0.0178531
0.0154357
0.0130394
0.0107083
0.00848401
0.00640313
0.00449487
0.00277987
0.00126983
-3.20431e-05
-0.0011299
-0.00203349
-0.00275572
-0.0033124
-0.00373304
-0.00407036
-0.00427945
-0.0038782
-0.00214315
0.0337136
0.0346214
0.0341285
0.0329155
0.0315205
0.0300212
0.0283705
0.0265592
0.0246016
0.0225189
0.0203382
0.018093
0.0158224
0.0135684
0.011374
0.00927972
0.00732124
0.0055271
0.00391748
0.00250377
0.00128906
0.000269218
-0.000565404
-0.00122756
-0.00173249
-0.0021079
-0.00240555
-0.00258996
-0.0021993
-0.000475993
0.0328778
0.0336741
0.0332095
0.0321143
0.0308347
0.0294497
0.0279225
0.0262401
0.0244148
0.0224666
0.0204211
0.0183103
0.0161716
0.0140458
0.0119746
0.00999746
0.00814908
0.00645734
0.00494189
0.0036138
0.00247598
0.00152432
0.000749255
0.000138158
-0.00032369
-0.000662297
-0.000928386
-0.00109532
-0.000720329
0.000990049
0.032144
0.0328299
0.0323824
0.0313848
0.0302223
0.0289365
0.0275189
0.0259529
0.0242475
0.0224213
0.0204986
0.0185101
0.0164918
0.014483
0.0125241
0.0106537
0.00890536
0.00730637
0.00587581
0.0046244
0.00355491
0.00266318
0.00193976
0.00137215
0.000946106
0.000637219
0.000395899
0.000240558
0.000595897
0.00229243
0.0314864
0.0320556
0.0316259
0.0307152
0.0296602
0.0284682
0.0271484
0.0256894
0.0240946
0.0223808
0.0205715
0.018696
0.0167888
0.0148881
0.0130329
0.0112607
0.0096043
0.00809012
0.00673677
0.00555461
0.00454622
0.00370746
0.00302899
0.00249844
0.002102
0.00181678
0.00159442
0.00144573
0.00177812
0.0034594
0.0308865
0.0313318
0.0309224
0.0300929
0.0291309
0.028036
0.0268022
0.0254423
0.0239512
0.0223428
0.0206396
0.0188699
0.0170668
0.0152672
0.0135089
0.0118281
0.010257
0.00882119
0.0075387
0.00641956
0.00546621
0.00467452
0.00403525
0.00353622
0.003164
0.00289716
0.00268868
0.00254237
0.00284886
0.0045124
0.0303202
0.0306485
0.0302611
0.0295033
0.0286243
0.0276283
0.0264756
0.0252063
0.0238133
0.0223049
0.0207024
0.019033
0.0173287
0.0156248
0.013958
0.0123635
0.0108724
0.00950973
0.00829289
0.00723162
0.00632821
0.00557853
0.0049735
0.00450113
0.00414838
0.00389517
0.00369595
0.00354819
0.00382597
0.00546758
0.029771
0.0299922
0.0296283
0.0289389
0.0281366
0.0272298
0.0261637
0.0249761
0.0236767
0.0222646
0.0207589
0.0191859
0.0175764
0.0159643
0.0143851
0.0128729
0.0114579
0.0101642
0.0090088
0.00800114
0.00714333
0.00643132
0.00585617
0.00540611
0.00506847
0.00482449
0.00463021
0.0044774
0.00472363
0.00633688
0.0292286
0.0293505
0.0290127
0.0283912
0.0276585
0.0268302
0.0258599
0.0247482
0.0235377
0.0222194
0.0208079
0.0193287
0.0178114
0.0162885
0.0147943
0.0133615
0.0120195
0.0107917
0.0096945
0.00873696
0.00792112
0.00724297
0.00669378
0.00626202
0.0059354
0.00569638
0.00550279
0.00534141
0.00555308
0.00712872
0.0286858
0.0287121
0.0284019
0.0278477
0.0271839
0.026429
0.0255528
0.0245195
0.0233931
0.0221668
0.0208481
0.0194612
0.0180346
0.0165995
0.0151886
0.0138337
0.0125628
0.0113986
0.0103571
0.00944685
0.00866989
0.00802223
0.00749538
0.00707807
0.00675843
0.00652009
0.00632282
0.00614922
0.00632306
0.00784847
0.0281352
0.0280675
0.0277877
0.0273006
0.0267054
0.0260221
0.0252333
0.0242871
0.0232392
0.0221039
0.0208779
0.019583
0.0182468
0.0168991
0.0155711
0.0142932
0.0130924
0.0119905
0.0110029
0.0101378
0.00939709
0.00877684
0.00826884
0.00786215
0.00754532
0.00730313
0.00709752
0.00690775
0.00704008
0.00849883
0.0275672
0.0274102
0.0271634
0.0267438
0.0262185
0.0256026
0.0248936
0.0240468
0.023074
0.0220282
0.0208957
0.0196934
0.0184483
0.0171886
0.015944
0.0147435
0.0136128
0.0125728
0.011638
0.0108164
0.0101095
0.00951375
0.00902108
0.00862098
0.00830247
0.00805149
0.00783235
0.00762199
0.00770861
0.00908009
0.026972
0.0267327
0.026522
0.0261693
0.0257138
0.0251675
0.024535
0.023789
0.0228957
0.0219375
0.0208995
0.0197915
0.0186391
0.0174692
0.0163098
0.015188
0.0141283
0.0131504
0.012268
0.0114886
0.0108136
0.0102393
0.00975823
0.00936029
0.00903507
0.00876967
0.00853109
0.00829503
0.0083311
0.00959043
0.0263393
0.0260279
0.0258569
0.0255716
0.0251863
0.0247114
0.024155
0.023506
0.0227024
0.0218287
0.0208872
0.0198761
0.0188191
0.0177419
0.0166703
0.0156298
0.0146431
0.0137285
0.0128987
0.0121605
0.0115153
0.0109594
0.0104858
0.0100849
0.00974714
0.00946082
0.0091959
0.00892816
0.00890801
0.0100262
0.0256569
0.0252879
0.0251611
0.0249447
0.0246313
0.0242315
0.0237505
0.0231905
0.0224911
0.0216985
0.0208561
0.0199457
0.018988
0.0180074
0.0170278
0.0160722
0.0151614
0.0143121
0.0135357
0.0128383
0.0122207
0.0116797
0.0112086
0.0107988
0.0104416
0.0101266
0.00982726
0.0095208
0.00943767
0.0103822
0.0249077
0.0245027
0.0244263
0.0242815
0.0240424
0.0237203
0.0233173
0.0228417
0.0222555
0.0215466
0.0208042
0.0199989
0.0191452
0.0182665
0.017384
0.0165184
0.0156878
0.0149067
0.014185
0.0135278
0.0129354
0.0124049
0.0119305
0.0115046
0.0111195
0.0107668
0.0104235
0.0100701
0.00991595
0.0106525
0.0240698
0.0236587
0.0236404
0.0235723
0.0234121
0.0231708
0.0228495
0.0224605
0.0219868
0.0213717
0.0207294
0.020034
0.0192901
0.0185196
0.017741
0.0169715
0.0162261
0.0155169
0.0148514
0.0142335
0.0136632
0.0131378
0.0126528
0.012202
0.0117792
0.0113782
0.01098
0.0105704
0.0103362
0.010831
0.0231228
0.0227507
0.0227972
0.0228093
0.022735
0.0225802
0.0223452
0.0220457
0.0216794
0.0211696
0.0206272
0.0200476
0.0194206
0.0187661
0.0180996
0.0174342
0.0167811
0.0161486
0.0155417
0.0149622
0.0144094
0.0138827
0.0133786
0.0128922
0.0124199
0.0119579
0.0114924
0.0110168
0.0106922
0.0109143
0.0220323
0.0218081
0.0219369
0.0220197
0.0220288
0.0219614
0.0218125
0.021599
0.0213297
0.0209355
0.0204892
0.0200298
0.0195282
0.0190012
0.0184605
0.017914
0.017367
0.0168226
0.0162815
0.0157425
0.0152039
0.0146694
0.0141359
0.0136002
0.0130622
0.0125222
0.0119731
0.0114174
0.0109844
0.0109022
0.0205895
0.0207731
0.021088
0.0212418
0.0213176
0.0213257
0.0212543
0.0211141
0.0209263
0.0206554
0.0203058
0.0199706
0.0196074
0.0192272
0.018836
0.0184336
0.0180167
0.0175802
0.0171183
0.0166263
0.016103
0.015548
0.0149676
0.0143613
0.0137338
0.0130911
0.0124342
0.0117739
0.0111972
0.0107802
0.018109
0.0189046
0.0197043
0.0201052
0.020334
0.0204753
0.0205311
0.0205107
0.0204427
0.0203245
0.0201147
0.0199276
0.0197222
0.0195014
0.0192637
0.019
0.018698
0.0183466
0.017935
0.0174605
0.0169408
0.0163075
0.0156428
0.0149381
0.0142011
0.0134435
0.0126732
0.0119047
0.0111783
0.0104737
0.0141993
0.014792
0.0162602
0.0173451
0.0181316
0.0187565
0.0192462
0.0196121
0.0198821
0.0200665
0.0201285
0.0201421
0.0200796
0.0199367
0.0197124
0.0194028
0.0190052
0.0185223
0.0179575
0.0173107
0.0165765
0.0158594
0.0151043
0.0143265
0.013546
0.0127755
0.0120248
0.0113084
0.0106364
0.00995354
-0.0405387
-0.0325954
-0.0265974
-0.0217268
-0.0177065
-0.0143596
-0.0115362
-0.0091269
-0.00704854
-0.00523791
-0.00364633
-0.00223584
-0.000976435
0.00015594
0.00118078
0.00211404
0.00296886
0.00375604
0.00448435
0.00516062
0.00578982
0.00637493
0.00691685
0.00741429
0.00786336
0.00825573
0.00858149
0.00883836
0.00902794
0.00907401
-0.0406898
-0.0326194
-0.0263267
-0.0213262
-0.0172301
-0.013828
-0.0109587
-0.00850765
-0.00638995
-0.00454201
-0.00291546
-0.00147299
-0.00018562
0.000969345
0.00200968
0.00294922
0.00379866
0.00456603
0.00525716
0.00587603
0.00642508
0.00690549
0.00731744
0.00766047
0.00793337
0.00813399
0.00826058
0.0083345
0.00844962
0.00864788
-0.0415135
-0.0335924
-0.0272838
-0.0222782
-0.0181687
-0.0147484
-0.0118592
-0.00938797
-0.00725131
-0.00538662
-0.00374609
-0.00229275
-0.000997673
0.000161959
0.00120425
0.00214359
0.00299138
0.00375657
0.00444608
0.00506511
0.0056174
0.00610538
0.00653047
0.00689333
0.00719372
0.00742807
0.00758679
0.0076844
0.00785139
0.00824384
-0.0425145
-0.0348955
-0.0287018
-0.0237388
-0.0196232
-0.0161722
-0.0132406
-0.0107218
-0.00853653
-0.00662422
-0.0049384
-0.00344278
-0.00210876
-0.000913608
0.000160876
0.00112929
0.00200336
0.00279246
0.00350402
0.00414386
0.00471642
0.00522495
0.00567177
0.00605866
0.00638688
0.00665386
0.00684816
0.00698043
0.00720037
0.00775728
-0.0434223
-0.0360567
-0.0299838
-0.025071
-0.0209567
-0.0174802
-0.014509
-0.0119439
-0.00970982
-0.00774884
-0.00601601
-0.00447594
-0.00310051
-0.0018672
-0.000757856
0.000242208
0.00114491
0.0019599
0.00269497
0.00335635
0.00394896
0.00447659
0.00494213
0.00534797
0.00569619
0.00598524
0.00620354
0.00635918
0.0066076
0.00725639
-0.0442015
-0.0370186
-0.031054
-0.0261936
-0.0220921
-0.018604
-0.0156071
-0.0130085
-0.0107372
-0.00873767
-0.00696668
-0.00538979
-0.00397947
-0.00271352
-0.00157393
-0.000546015
0.000382242
0.00122067
0.0019773
0.00265869
0.00327012
0.0038158
0.00429907
0.0047228
0.00508959
0.00539874
0.00563923
0.00581657
0.0060805
0.00676418
-0.0448683
-0.0378244
-0.031961
-0.0271532
-0.023072
-0.0195824
-0.0165703
-0.0139483
-0.0116489
-0.009619
-0.00781689
-0.00620917
-0.00476896
-0.00347448
-0.00230791
-0.00125468
-0.000302761
0.000557759
0.00133507
0.00203591
0.00266584
0.00322938
0.00373019
0.00417145
0.00455616
0.00488443
0.00514649
0.0053456
0.00561747
0.00629206
-0.0454318
-0.0384986
-0.0327302
-0.0279722
-0.023914
-0.0204283
-0.0174075
-0.0147688
-0.0124476
-0.0103933
-0.00856539
-0.00693156
-0.00546557
-0.00414606
-0.0029555
-0.00187942
-0.000905869
-2.49015e-05
0.000771749
0.00149097
0.00213848
0.00271901
0.00323649
0.00369433
0.00409576
0.00444164
0.00472396
0.00494426
0.00521878
0.00585203
-0.0458979
-0.0390524
-0.0333709
-0.0286576
-0.0246221
-0.0211431
-0.0181179
-0.0154673
-0.0131296
-0.0110559
-0.0092071
-0.00755168
-0.00606405
-0.00472326
-0.00351204
-0.00241609
-0.00142353
-0.00052443
0.000289519
0.00102528
0.00168871
0.0022847
0.00281735
0.00329024
0.00370675
0.0040684
0.00436921
0.00460955
0.00488351
0.00545487
-0.0462741
-0.0394957
-0.0338912
-0.0292161
-0.0252016
-0.0217304
-0.0187035
-0.0160449
-0.013695
-0.0116064
-0.0097411
-0.00806837
-0.00656316
-0.00520488
-0.00397652
-0.00286393
-0.00185532
-0.000940784
-0.000112005
0.000638034
0.00131526
0.0019247
0.00247057
0.00295659
0.00338623
0.00376154
0.00407861
0.00433726
0.00460919
0.00510896
-0.0465693
-0.0398393
-0.0343007
-0.0296567
-0.0256605
-0.0221968
-0.01917
-0.0165062
-0.0141475
-0.0120477
-0.0101698
-0.00848369
-0.00696468
-0.00559255
-0.0043505
-0.00322452
-0.0022029
-0.00127577
-0.000434831
0.000326974
0.00101563
0.00163623
0.00219311
0.00269008
0.00313064
0.00351728
0.00384803
0.00412265
0.00439228
0.00482006
-0.0467926
-0.0400942
-0.0346097
-0.0299896
-0.0260081
-0.0225511
-0.019525
-0.0168579
-0.0144931
-0.0123853
-0.0104981
-0.00880202
-0.00727266
-0.00589005
-0.00463756
-0.00350132
-0.00246968
-0.00153281
-0.000682417
8.85677e-05
0.000786163
0.00141552
0.00198106
0.00248665
0.00293582
0.00333135
0.00367294
0.00396069
0.00422851
0.00459134
-0.0469527
-0.0402708
-0.0348285
-0.0302253
-0.0262547
-0.0228029
-0.0197777
-0.0171086
-0.0147397
-0.0126264
-0.0107328
-0.00902971
-0.00749305
-0.00610301
-0.00484311
-0.00369953
-0.0026607
-0.00171682
-0.000859603
-8.1974e-05
0.000622107
0.00125783
0.00182967
0.00234154
0.00279699
0.00319899
0.00354852
0.00384622
0.00411299
0.00442347
-0.0470573
-0.0403791
-0.034967
-0.0303745
-0.0264109
-0.0229625
-0.0199381
-0.0172678
-0.0148963
-0.0127796
-0.010882
-0.00917452
-0.00763326
-0.00623853
-0.00497391
-0.00382568
-0.00278227
-0.00183392
-0.000972333
-0.000190451
0.000517788
0.0011576
0.00173348
0.00224939
0.00270888
0.00311503
0.00346967
0.00377398
0.00404042
0.0043149
-0.0471104
-0.0404288
-0.0350335
-0.030446
-0.0264857
-0.0230389
-0.0200149
-0.017344
-0.0149714
-0.012853
-0.0109535
-0.0092439
-0.00770043
-0.00630344
-0.00503657
-0.0038861
-0.00284049
-0.00188999
-0.00102631
-0.000242389
0.000467846
0.00110961
0.00168744
0.0022053
0.00266672
0.00307487
0.00343196
0.00373952
0.00400602
0.00426271
-0.0471104
-0.0404288
-0.0350334
-0.030446
-0.0264857
-0.0230389
-0.0200149
-0.017344
-0.0149713
-0.012853
-0.0109535
-0.00924388
-0.00770041
-0.00630342
-0.00503655
-0.00388608
-0.00284047
-0.00188997
-0.00102629
-0.000242367
0.000467868
0.00110964
0.00168747
0.00220532
0.00266674
0.00307489
0.00343198
0.00373955
0.00400604
0.00426274
-0.0470573
-0.0403791
-0.0349669
-0.0303745
-0.0264108
-0.0229624
-0.019938
-0.0172677
-0.0148963
-0.0127796
-0.010882
-0.00917447
-0.00763321
-0.00623847
-0.00497385
-0.00382562
-0.0027822
-0.00183385
-0.000972269
-0.000190385
0.000517854
0.00115766
0.00173355
0.00224946
0.00270894
0.0031151
0.00346973
0.00377404
0.00404049
0.00431497
-0.0469526
-0.0402707
-0.0348284
-0.0302253
-0.0262546
-0.0228028
-0.0197777
-0.0171085
-0.0147396
-0.0126263
-0.0107327
-0.00902962
-0.00749296
-0.00610292
-0.00484301
-0.00369943
-0.00266059
-0.00171672
-0.000859494
-8.1864e-05
0.000622218
0.00125794
0.00182978
0.00234166
0.0027971
0.00319911
0.00354863
0.00384634
0.0041131
0.00442358
-0.0467925
-0.040094
-0.0346096
-0.0299895
-0.026008
-0.022551
-0.0195249
-0.0168578
-0.014493
-0.0123852
-0.010498
-0.00880189
-0.00727253
-0.00588991
-0.00463742
-0.00350118
-0.00246953
-0.00153266
-0.000682264
8.87236e-05
0.000786321
0.00141568
0.00198122
0.00248681
0.00293598
0.00333151
0.00367311
0.00396086
0.00422867
0.0045915
-0.0465692
-0.0398392
-0.0343006
-0.0296565
-0.0256603
-0.0221967
-0.0191698
-0.016506
-0.0141473
-0.0120476
-0.0101697
-0.00848352
-0.00696451
-0.00559238
-0.00435032
-0.00322433
-0.00220271
-0.00127558
-0.000434631
0.000327177
0.00101583
0.00163643
0.00219332
0.00269029
0.00313086
0.00351749
0.00384825
0.00412286
0.0043925
0.00482027
-0.0462739
-0.0394955
-0.033891
-0.0292159
-0.0252014
-0.0217302
-0.0187033
-0.0160447
-0.0136948
-0.0116062
-0.0097409
-0.00806817
-0.00656295
-0.00520466
-0.00397629
-0.0028637
-0.00185508
-0.000940542
-0.000111758
0.000638285
0.00131552
0.00192495
0.00247083
0.00295686
0.0033865
0.0037618
0.00407888
0.00433753
0.00460946
0.00510922
-0.0458977
-0.0390522
-0.0333707
-0.0286574
-0.0246219
-0.0211429
-0.0181177
-0.0154671
-0.0131294
-0.0110557
-0.00920687
-0.00755144
-0.0060638
-0.004723
-0.00351177
-0.00241582
-0.00142325
-0.000524142
0.000289813
0.00102558
0.00168902
0.00228501
0.00281766
0.00329055
0.00370707
0.00406872
0.00436953
0.00460987
0.00488383
0.00545519
-0.0454315
-0.0384984
-0.03273
-0.027972
-0.0239137
-0.0204281
-0.0174073
-0.0147685
-0.0124474
-0.010393
-0.00856511
-0.00693128
-0.00546528
-0.00414576
-0.00295519
-0.0018791
-0.000905542
-2.45669e-05
0.000772091
0.00149132
0.00213883
0.00271937
0.00323685
0.00369469
0.00409613
0.00444201
0.00472434
0.00494463
0.00521915
0.0058524
-0.044868
-0.0378241
-0.0319607
-0.0271529
-0.0230717
-0.0195821
-0.01657
-0.0139481
-0.0116486
-0.00961869
-0.00781658
-0.00620885
-0.00476863
-0.00347413
-0.00230756
-0.00125432
-0.000302389
0.00055814
0.00133546
0.00203631
0.00266625
0.00322979
0.0037306
0.00417187
0.00455658
0.00488485
0.00514691
0.00534602
0.00561789
0.00629249
-0.0442012
-0.0370183
-0.0310537
-0.0261933
-0.0220918
-0.0186037
-0.0156068
-0.0130082
-0.0107368
-0.00873733
-0.00696633
-0.00538943
-0.0039791
-0.00271314
-0.00157354
-0.000545607
0.000382661
0.0012211
0.00197774
0.00265913
0.00327057
0.00381626
0.00429954
0.00472327
0.00509007
0.00539922
0.00563971
0.00581704
0.00608098
0.00676465
-0.0434219
-0.0360564
-0.0299835
-0.0250707
-0.0209564
-0.0174798
-0.0145086
-0.0119436
-0.00970945
-0.00774847
-0.00601563
-0.00447554
-0.00310009
-0.00186677
-0.000757417
0.00024266
0.00114537
0.00196038
0.00269546
0.00335685
0.00394947
0.0044771
0.00494264
0.00534849
0.00569672
0.00598577
0.00620407
0.00635971
0.00660813
0.00725692
-0.0425141
-0.0348951
-0.0287014
-0.0237385
-0.0196229
-0.0161719
-0.0132402
-0.0107215
-0.00853613
-0.00662381
-0.00493797
-0.00344234
-0.00210831
-0.00091314
0.000161359
0.00112979
0.00200387
0.00279298
0.00350455
0.0041444
0.00471697
0.00522551
0.00567233
0.00605923
0.00638745
0.00665444
0.00684874
0.00698101
0.00720095
0.00775786
-0.0415131
-0.033592
-0.0272834
-0.0222779
-0.0181684
-0.0147481
-0.0118588
-0.00938755
-0.00725088
-0.00538617
-0.00374562
-0.00229227
-0.000997179
0.000162468
0.00120478
0.00214413
0.00299193
0.00375713
0.00444665
0.0050657
0.005618
0.00610599
0.00653109
0.00689395
0.00719435
0.00742869
0.00758742
0.00768503
0.00785202
0.00824447
-0.0406894
-0.032619
-0.0263263
-0.0213258
-0.0172296
-0.0138275
-0.0109583
-0.00850719
-0.00638947
-0.00454152
-0.00291495
-0.00147247
-0.00018508
0.000969902
0.00201025
0.00294981
0.00379926
0.00456664
0.00525779
0.00587667
0.00642573
0.00690614
0.0073181
0.00766114
0.00793404
0.00813466
0.00826125
0.00833518
0.00845029
0.00864855
-0.0405382
-0.032595
-0.026597
-0.0217264
-0.0177061
-0.0143591
-0.0115357
-0.00912637
-0.007048
-0.00523734
-0.00364575
-0.00223525
-0.000975822
0.000156569
0.00118142
0.00211469
0.00296953
0.00375672
0.00448503
0.00516131
0.00579052
0.00637564
0.00691757
0.00741501
0.00786408
0.00825647
0.00858223
0.0088391
0.0090287
0.00907475
0.00842148
0.00793316
0.00733243
0.0067142
0.00612819
0.00557877
0.00506202
0.00457663
0.00412248
0.0036992
0.003306
0.00294183
0.00260555
0.00229588
0.00201152
0.00175112
0.00151332
0.00129678
0.00110015
0.000922142
0.000761493
0.000616985
0.000487451
0.000371774
0.000268891
0.000177794
9.75291e-05
2.71964e-05
-3.4051e-05
-8.70077e-05
-0.000132418
-0.000170978
-0.000203335
-0.000230092
-0.000251811
-0.000269011
-0.000282171
-0.000291734
-0.00029811
-0.000301672
-0.000302767
-0.000301708
-0.000298783
-0.000294256
-0.000288363
-0.000281323
-0.000273329
-0.000264559
-0.000255172
-0.000245311
-0.000235102
-0.000224661
-0.000214089
-0.000203477
-0.000192922
-0.000182546
-0.000172374
-0.000161885
-0.000151658
-0.000141845
-0.000132406
-0.000123323
-0.000114603
-0.000106255
-9.82868e-05
-9.07002e-05
-8.34958e-05
-7.66717e-05
-7.02239e-05
-6.41467e-05
-5.84368e-05
-5.30893e-05
-4.80732e-05
-4.33934e-05
-3.90404e-05
-3.50004e-05
-3.126e-05
-2.78062e-05
-2.46257e-05
-2.17051e-05
-1.90312e-05
-1.65907e-05
-1.43705e-05
-1.23579e-05
-1.05403e-05
-8.90582e-06
-7.44282e-06
-6.14031e-06
-4.98796e-06
-3.97613e-06
-3.09609e-06
-2.3401e-06
-1.70166e-06
-1.17563e-06
-7.57539e-07
-4.43165e-07
-2.37309e-07
-1.82514e-07
-3.36623e-07
-4.25066e-07
0.0076437
0.00741893
0.0070091
0.0065216
0.00604696
0.0055973
0.00516761
0.00475663
0.00436526
0.00399419
0.00364364
0.00331355
0.00300368
0.00271367
0.00244302
0.00219114
0.00195736
0.00174097
0.0015412
0.00135726
0.00118835
0.00103366
0.000892373
0.000763703
0.000646864
0.00054109
0.000445642
0.000359805
0.000282891
0.000214242
0.00015323
9.92586e-05
5.17609e-05
1.0202e-05
-2.59228e-05
-5.70881e-05
-8.37391e-05
-0.000106292
-0.000125137
-0.000140636
-0.000153126
-0.000162919
-0.000170306
-0.000175552
-0.000178905
-0.000180591
-0.000180817
-0.000179773
-0.000177633
-0.000174554
-0.000170679
-0.000166137
-0.000161042
-0.000155497
-0.000149579
-0.000143303
-0.000136713
-0.000130558
-0.000124261
-0.000117827
-0.000111391
-0.000105028
-9.8774e-05
-9.26602e-05
-8.67111e-05
-8.09469e-05
-7.53831e-05
-7.00311e-05
-6.49008e-05
-6.00106e-05
-5.53573e-05
-5.09314e-05
-4.6736e-05
-4.27749e-05
-3.90463e-05
-3.55457e-05
-3.22678e-05
-2.92065e-05
-2.63554e-05
-2.37072e-05
-2.12543e-05
-1.89888e-05
-1.69024e-05
-1.49871e-05
-1.32344e-05
-1.16362e-05
-1.01841e-05
-8.87041e-06
-7.68721e-06
-6.62712e-06
-5.683e-06
-4.84814e-06
-4.11626e-06
-3.48149e-06
-2.93668e-06
-2.47124e-06
-2.08366e-06
-1.83487e-06
-1.81372e-06
-1.40387e-06
0.00698309
0.00698047
0.00671045
0.00631363
0.00591829
0.00554198
0.00517749
0.00482312
0.00448034
0.00415048
0.0038344
0.00353264
0.00324556
0.00297338
0.00271615
0.0024738
0.00224615
0.00203291
0.00183372
0.00164816
0.00147576
0.001316
0.00116835
0.00103225
0.000907114
0.000792371
0.000687444
0.000591759
0.000504753
0.000425876
0.000354592
0.000290383
0.000232751
0.000181216
0.000135322
9.46322e-05
5.87329e-05
2.72324e-05
-2.39297e-07
-2.40305e-05
-4.44684e-05
-6.18596e-05
-7.64907e-05
-8.86288e-05
-9.85228e-05
-0.000106404
-0.000112485
-0.000116965
-0.000120025
-0.000121834
-0.000122546
-0.000122302
-0.000121231
-0.000119452
-0.00011707
-0.000114181
-0.000110883
-0.000107192
-0.000103243
-9.90836e-05
-9.47774e-05
-9.03784e-05
-8.59299e-05
-8.14694e-05
-7.70296e-05
-7.2639e-05
-6.83219e-05
-6.40989e-05
-5.99877e-05
-5.60058e-05
-5.21684e-05
-4.84695e-05
-4.49228e-05
-4.15357e-05
-3.83115e-05
-3.52517e-05
-3.23566e-05
-2.96254e-05
-2.70563e-05
-2.46466e-05
-2.23928e-05
-2.02909e-05
-1.83362e-05
-1.65239e-05
-1.48486e-05
-1.33049e-05
-1.18869e-05
-1.05891e-05
-9.40544e-06
-8.33018e-06
-7.35742e-06
-6.48127e-06
-5.69598e-06
-4.99567e-06
-4.372e-06
-3.81037e-06
-3.30791e-06
-2.95827e-06
-2.91386e-06
-2.24956e-06
0.00642559
0.00657724
0.0064105
0.00608924
0.0057621
0.00544869
0.00514039
0.00483537
0.00453552
0.00424264
0.00395802
0.00368264
0.00341734
0.00316276
0.00291937
0.00268753
0.00246741
0.00225909
0.00206254
0.00187764
0.00170419
0.00154192
0.00139052
0.00124964
0.00111887
0.0009978
0.000886001
0.000783023
0.000688415
0.000601723
0.000522498
0.000450295
0.000384678
0.000325223
0.000271518
0.000223165
0.000179782
0.000141005
0.000106483
7.58847e-05
4.88956e-05
2.52178e-05
4.57048e-06
-1.33103e-05
-2.86725e-05
-4.1748e-05
-5.27533e-05
-6.18905e-05
-6.93471e-05
-7.52971e-05
-7.99019e-05
-8.33099e-05
-8.56583e-05
-8.70729e-05
-8.76694e-05
-8.75541e-05
-8.68213e-05
-8.5554e-05
-8.3838e-05
-8.17486e-05
-7.93515e-05
-7.6706e-05
-7.38653e-05
-7.08763e-05
-6.77809e-05
-6.46158e-05
-6.14135e-05
-5.82024e-05
-5.5007e-05
-5.18492e-05
-4.87475e-05
-4.57143e-05
-4.27632e-05
-3.99056e-05
-3.715e-05
-3.45031e-05
-3.19699e-05
-2.95539e-05
-2.72575e-05
-2.50816e-05
-2.30265e-05
-2.10913e-05
-1.92746e-05
-1.75742e-05
-1.59875e-05
-1.45112e-05
-1.3142e-05
-1.18758e-05
-1.07087e-05
-9.63611e-06
-8.6535e-06
-7.75594e-06
-6.93845e-06
-6.19578e-06
-5.51948e-06
-4.89239e-06
-4.31161e-06
-3.90602e-06
-3.90266e-06
-3.07329e-06
0.00594899
0.00620691
0.00611734
0.00586298
0.00559775
0.00534027
0.00508161
0.00482036
0.00455881
0.00429915
0.00404302
0.0037918
0.00354667
0.00330866
0.0030786
0.00285716
0.00264485
0.00244203
0.00224896
0.00206576
0.00189247
0.00172904
0.00157534
0.00143119
0.00129636
0.00117057
0.00105351
0.000944849
0.000844235
0.000751302
0.000665675
0.000586977
0.00051483
0.000448859
0.000388696
0.000333978
0.000284354
0.000239484
0.00019904
0.000162705
0.000130179
0.000101172
7.54124e-05
5.2639e-05
3.26071e-05
1.50853e-05
-1.43919e-07
-1.32848e-05
-2.45283e-05
-3.40529e-05
-4.20248e-05
-4.85986e-05
-5.39177e-05
-5.81146e-05
-6.13118e-05
-6.36222e-05
-6.51498e-05
-6.59922e-05
-6.62352e-05
-6.5959e-05
-6.52371e-05
-6.4136e-05
-6.27161e-05
-6.10317e-05
-5.91314e-05
-5.70588e-05
-5.48529e-05
-5.25481e-05
-5.01752e-05
-4.77612e-05
-4.53296e-05
-4.29004e-05
-4.04914e-05
-3.81179e-05
-3.57931e-05
-3.35278e-05
-3.13309e-05
-2.92099e-05
-2.71705e-05
-2.5217e-05
-2.33528e-05
-2.15799e-05
-1.98994e-05
-1.83118e-05
-1.68167e-05
-1.54129e-05
-1.40989e-05
-1.28726e-05
-1.17314e-05
-1.06723e-05
-9.69198e-06
-8.78655e-06
-7.95205e-06
-7.18427e-06
-6.47536e-06
-5.8065e-06
-5.17457e-06
-4.74216e-06
-4.81756e-06
-3.88568e-06
0.00555444
0.00587628
0.00584361
0.00564786
0.00543746
0.00522861
0.00501289
0.00478959
0.00456142
0.00433083
0.00409977
0.00386995
0.00364288
0.00341988
0.00320207
0.00299039
0.00278561
0.00258836
0.00239908
0.00221814
0.00204576
0.00188206
0.00172709
0.0015808
0.00144311
0.00131385
0.00119282
0.00107979
0.000974494
0.000876635
0.00078591
0.000702
0.000624578
0.000553315
0.000487881
0.000427945
0.000373186
0.000323285
0.000277934
0.000236833
0.000199693
0.000166235
0.000136194
0.000109315
8.53561e-05
6.40874e-05
4.52918e-05
2.87641e-05
1.43112e-05
1.75187e-06
-9.08391e-06
-1.8355e-05
-2.62095e-05
-3.27854e-05
-3.82108e-05
-4.26044e-05
-4.60762e-05
-4.87284e-05
-5.06541e-05
-5.19392e-05
-5.2663e-05
-5.28978e-05
-5.27097e-05
-5.21585e-05
-5.12987e-05
-5.01792e-05
-4.88444e-05
-4.73339e-05
-4.56834e-05
-4.39245e-05
-4.20855e-05
-4.0191e-05
-3.8263e-05
-3.63207e-05
-3.43809e-05
-3.2458e-05
-3.05645e-05
-2.87107e-05
-2.69054e-05
-2.51559e-05
-2.34679e-05
-2.18462e-05
-2.02941e-05
-1.88142e-05
-1.74079e-05
-1.60762e-05
-1.48191e-05
-1.3636e-05
-1.25259e-05
-1.1487e-05
-1.0517e-05
-9.61348e-06
-8.77336e-06
-7.9937e-06
-7.26768e-06
-6.57544e-06
-5.91269e-06
-5.47183e-06
-5.64622e-06
-4.6661e-06
0.00523716
0.00558658
0.00559496
0.00545077
0.0052885
0.00512141
0.00494234
0.00475148
0.00455187
0.00434623
0.00413678
0.0039255
0.00371417
0.00350436
0.00329743
0.00309455
0.00289671
0.0027047
0.00251919
0.0023407
0.00216961
0.00200619
0.00185062
0.00170299
0.00156331
0.00143152
0.00130752
0.00119115
0.00108222
0.000980496
0.000885737
0.000797674
0.000716025
0.000640498
0.000570797
0.000506622
0.000447675
0.000393659
0.000344282
0.000299261
0.000258316
0.00022118
0.000187594
0.000157308
0.000130084
0.000105695
8.39246e-05
6.4567e-05
4.74285e-05
3.23257e-05
1.90862e-05
7.54801e-06
-2.44064e-06
-1.10217e-05
-1.83275e-05
-2.44815e-05
-2.95981e-05
-3.37838e-05
-3.71369e-05
-3.97484e-05
-4.17019e-05
-4.30748e-05
-4.39375e-05
-4.43548e-05
-4.43855e-05
-4.40831e-05
-4.34964e-05
-4.26692e-05
-4.16413e-05
-4.04484e-05
-3.91224e-05
-3.76917e-05
-3.61819e-05
-3.46154e-05
-3.30121e-05
-3.13894e-05
-2.97625e-05
-2.81446e-05
-2.65469e-05
-2.49791e-05
-2.34491e-05
-2.19637e-05
-2.05282e-05
-1.91471e-05
-1.78234e-05
-1.65597e-05
-1.53575e-05
-1.42176e-05
-1.31401e-05
-1.21245e-05
-1.11697e-05
-1.02742e-05
-9.43615e-06
-8.65375e-06
-7.9215e-06
-7.21893e-06
-6.53951e-06
-6.09968e-06
-6.37923e-06
-5.39742e-06
0.00498914
0.00533753
0.00537496
0.00527594
0.00515537
0.00502364
0.00487542
0.00471186
0.00453631
0.00435169
0.00416049
0.00396493
0.003767
0.00356849
0.00337096
0.00317575
0.00298402
0.00279674
0.00261473
0.00243862
0.00226894
0.00210609
0.00195035
0.0018019
0.00166085
0.00152723
0.00140101
0.00128209
0.00117035
0.00106561
0.000967677
0.000876325
0.000791309
0.000712372
0.000639245
0.000571654
0.000509322
0.00045197
0.000399323
0.000351109
0.000307061
0.000266918
0.000230428
0.000197347
0.000167441
0.000140484
0.000116262
9.45697e-05
7.52122e-05
5.80054e-05
4.2775e-05
2.93569e-05
1.75965e-05
7.34902e-06
-1.52137e-06
-9.14144e-06
-1.56294e-05
-2.10953e-05
-2.56412e-05
-2.9362e-05
-3.23453e-05
-3.46721e-05
-3.64169e-05
-3.76479e-05
-3.84279e-05
-3.8814e-05
-3.88585e-05
-3.86087e-05
-3.81077e-05
-3.73944e-05
-3.65039e-05
-3.54677e-05
-3.4314e-05
-3.30682e-05
-3.17527e-05
-3.03874e-05
-2.89898e-05
-2.75752e-05
-2.6157e-05
-2.47468e-05
-2.33544e-05
-2.19884e-05
-2.06557e-05
-1.93621e-05
-1.81124e-05
-1.69102e-05
-1.57585e-05
-1.4659e-05
-1.36132e-05
-1.26215e-05
-1.16839e-05
-1.07998e-05
-9.96827e-06
-9.18879e-06
-8.4572e-06
-7.75291e-06
-7.06597e-06
-6.63023e-06
-7.01063e-06
-6.06728e-06
0.00480132
0.00512789
0.00518566
0.00512572
0.00504053
0.00493819
0.00481547
0.00467447
0.00451878
0.00435153
0.00417542
0.00399287
0.00380608
0.003617
0.00342735
0.00323863
0.00305212
0.00286893
0.00268999
0.00251606
0.00234776
0.00218558
0.0020299
0.00188097
0.00173899
0.00160404
0.00147616
0.00135531
0.00124142
0.00113434
0.00103394
0.000940006
0.000852337
0.000770701
0.000694855
0.000624544
0.00055951
0.00049949
0.000444221
0.000393442
0.000346896
0.00030433
0.000265496
0.000230156
0.000198079
0.000169042
0.000142831
0.000119242
9.80809e-05
7.91617e-05
6.23095e-05
4.73584e-05
3.4152e-05
2.25431e-05
1.23934e-05
3.57347e-06
-4.03793e-06
-1.05533e-05
-1.60778e-05
-2.07093e-05
-2.45388e-05
-2.76503e-05
-3.01213e-05
-3.20231e-05
-3.34212e-05
-3.4376e-05
-3.49423e-05
-3.51703e-05
-3.51059e-05
-3.47906e-05
-3.42619e-05
-3.35538e-05
-3.26969e-05
-3.17186e-05
-3.06436e-05
-2.94937e-05
-2.82883e-05
-2.70446e-05
-2.57777e-05
-2.45006e-05
-2.32249e-05
-2.19604e-05
-2.07154e-05
-1.94971e-05
-1.83112e-05
-1.71627e-05
-1.60554e-05
-1.49922e-05
-1.39754e-05
-1.30063e-05
-1.20858e-05
-1.12141e-05
-1.03913e-05
-9.61766e-06
-8.89057e-06
-8.18967e-06
-7.50077e-06
-7.06783e-06
-7.5375e-06
-6.66735e-06
0.00466406
0.00495575
0.00502777
0.00500093
0.00494498
0.00486645
0.00476434
0.00464156
0.00450188
0.00434862
0.00418466
0.00401262
0.00383484
0.00365341
0.00347018
0.00328677
0.00310456
0.00292478
0.00274843
0.00257637
0.0024093
0.00224779
0.00209228
0.00194309
0.00180048
0.00166458
0.00153547
0.00141318
0.00129764
0.00118878
0.00108647
0.000990545
0.000900817
0.00081708
0.00073911
0.00066667
0.000599516
0.000537398
0.000480065
0.000427264
0.000378746
0.000334263
0.000293574
0.000256444
0.000222645
0.000191956
0.000164164
0.000139066
0.000116468
9.61845e-05
7.80389e-05
6.18643e-05
4.75029e-05
3.48058e-05
2.36329e-05
1.38525e-05
5.3414e-06
-2.01569e-06
-8.32496e-06
-1.36872e-05
-1.81961e-05
-2.19382e-05
-2.49932e-05
-2.74348e-05
-2.9331e-05
-3.07441e-05
-3.17314e-05
-3.23454e-05
-3.26339e-05
-3.26405e-05
-3.24047e-05
-3.19626e-05
-3.13465e-05
-3.05856e-05
-2.97062e-05
-2.87318e-05
-2.76832e-05
-2.65791e-05
-2.5436e-05
-2.42682e-05
-2.30883e-05
-2.19075e-05
-2.07351e-05
-1.95792e-05
-1.84466e-05
-1.73432e-05
-1.62734e-05
-1.52412e-05
-1.42495e-05
-1.33005e-05
-1.23957e-05
-1.1536e-05
-1.07222e-05
-9.95549e-06
-9.23447e-06
-8.53959e-06
-7.85177e-06
-7.4177e-06
-7.96015e-06
-7.19296e-06
0.00456786
0.00481878
0.00490098
0.00490129
0.00486863
0.00480881
0.00472285
0.00461432
0.00448715
0.00434481
0.00419034
0.0040265
0.00385577
0.00368034
0.00350215
0.00332292
0.00314413
0.00296706
0.0027928
0.00262227
0.00245623
0.00229531
0.00214
0.00199069
0.00184765
0.00171107
0.00158107
0.00145771
0.00134095
0.00123075
0.00112701
0.00102957
0.00093828
0.000852944
0.000773354
0.000699288
0.000630512
0.000566787
0.00050787
0.000453515
0.00040348
0.000357521
0.000315403
0.000276892
0.000241763
0.000209798
0.000180784
0.000154519
0.000130809
0.000109468
9.03199e-05
7.31965e-05
5.79389e-05
4.43969e-05
3.2429e-05
2.19019e-05
1.26904e-05
4.67807e-06
-2.2416e-06
-8.17221e-06
-1.32104e-05
-1.7444e-05
-2.09547e-05
-2.38177e-05
-2.61028e-05
-2.78741e-05
-2.91907e-05
-3.01066e-05
-3.06714e-05
-3.09302e-05
-3.09242e-05
-3.06907e-05
-3.02637e-05
-2.96737e-05
-2.89481e-05
-2.81118e-05
-2.71869e-05
-2.6193e-05
-2.51477e-05
-2.40663e-05
-2.29626e-05
-2.18482e-05
-2.07336e-05
-1.96275e-05
-1.85377e-05
-1.74704e-05
-1.64312e-05
-1.54243e-05
-1.44533e-05
-1.3521e-05
-1.26296e-05
-1.17805e-05
-1.09749e-05
-1.02148e-05
-9.49993e-06
-8.81194e-06
-8.12659e-06
-7.68612e-06
-8.28174e-06
-7.64237e-06
0.00450395
0.00471445
0.00480412
0.00482569
0.00481071
0.00476492
0.00469107
0.00459322
0.0044754
0.00434121
0.00419383
0.00403612
0.00387065
0.00369971
0.00352532
0.00334924
0.00317302
0.002998
0.00282533
0.00265598
0.00249075
0.0023303
0.00217518
0.00202581
0.00188248
0.00174543
0.0016148
0.00149067
0.00137303
0.00126186
0.00115707
0.00105853
0.000966093
0.000879583
0.000798803
0.000723539
0.000653567
0.000588656
0.000528569
0.000473066
0.000421907
0.000374857
0.000331679
0.000292145
0.000256029
0.000223116
0.000193195
0.000166063
0.000141526
0.000119399
9.95052e-05
8.16756e-05
6.57507e-05
5.15795e-05
3.90193e-05
2.79356e-05
1.82008e-05
9.69749e-06
2.32327e-06
-4.03011e-06
-9.46317e-06
-1.40642e-05
-1.79154e-05
-2.10936e-05
-2.36697e-05
-2.57092e-05
-2.72723e-05
-2.84144e-05
-2.91862e-05
-2.96342e-05
-2.98005e-05
-2.97237e-05
-2.94386e-05
-2.89769e-05
-2.83671e-05
-2.76348e-05
-2.68029e-05
-2.58921e-05
-2.49205e-05
-2.39045e-05
-2.28581e-05
-2.17941e-05
-2.07233e-05
-1.96552e-05
-1.85978e-05
-1.75583e-05
-1.65424e-05
-1.5555e-05
-1.46001e-05
-1.36809e-05
-1.28001e-05
-1.19596e-05
-1.11608e-05
-1.04062e-05
-9.69663e-06
-9.01525e-06
-8.33279e-06
-7.8803e-06
-8.50777e-06
-8.01599e-06
0.00446459
0.00464023
0.00473542
0.00477249
0.00476997
0.004734
0.00466864
0.00457826
0.00446697
0.00433847
0.00419602
0.00404259
0.0038808
0.003713
0.00354124
0.00336737
0.00319296
0.00301939
0.00284784
0.00267932
0.00251467
0.00235457
0.0021996
0.00205019
0.00190668
0.00176931
0.00163826
0.0015136
0.00139536
0.00128352
0.001178
0.0010787
0.000985473
0.000898152
0.000816547
0.000740452
0.000669651
0.000603917
0.000543016
0.000486715
0.000434777
0.000386966
0.000343051
0.000302804
0.000266002
0.000232428
0.000201874
0.000174138
0.000149025
0.00012635
0.000105935
8.76127e-05
7.12221e-05
5.66116e-05
4.36385e-05
3.21674e-05
2.20654e-05
1.32108e-05
5.52233e-06
-1.12214e-06
-6.83127e-06
-1.16897e-05
-1.57795e-05
-1.91785e-05
-2.19584e-05
-2.41857e-05
-2.59215e-05
-2.72221e-05
-2.8139e-05
-2.87195e-05
-2.90067e-05
-2.90397e-05
-2.88543e-05
-2.84827e-05
-2.79541e-05
-2.72948e-05
-2.65284e-05
-2.5676e-05
-2.47563e-05
-2.37862e-05
-2.27804e-05
-2.17519e-05
-2.0712e-05
-1.96706e-05
-1.86364e-05
-1.76165e-05
-1.66171e-05
-1.56436e-05
-1.47003e-05
-1.37906e-05
-1.29175e-05
-1.20832e-05
-1.12895e-05
-1.05389e-05
-9.83331e-06
-9.15759e-06
-8.47779e-06
-8.00797e-06
-8.64556e-06
-8.31565e-06
0.00444336
0.00459366
0.00469274
0.00473972
0.00474493
0.00471503
0.00465492
0.00456915
0.0044619
0.0043369
0.0041975
0.0040467
0.00388718
0.0037213
0.00355118
0.00337866
0.00320537
0.00303269
0.00286183
0.00269383
0.00252953
0.00236964
0.00221476
0.00206533
0.00192171
0.00178415
0.00165282
0.00152784
0.00140922
0.00129697
0.001191
0.00109123
0.000997514
0.000909688
0.000827572
0.000750962
0.000679646
0.0006134
0.000551995
0.000495198
0.000442775
0.000394493
0.00035012
0.00030943
0.000272201
0.000238218
0.000207271
0.000179158
0.000153687
0.000130671
0.000109934
9.1305e-05
7.46251e-05
5.97423e-05
4.65141e-05
3.48052e-05
2.44678e-05
1.53794e-05
7.50889e-06
6.93728e-07
-5.19006e-06
-1.02107e-05
-1.44495e-05
-1.79859e-05
-2.08928e-05
-2.32369e-05
-2.50802e-05
-2.64794e-05
-2.74866e-05
-2.81495e-05
-2.85119e-05
-2.86132e-05
-2.84898e-05
-2.81742e-05
-2.76962e-05
-2.70823e-05
-2.63566e-05
-2.55405e-05
-2.46532e-05
-2.37117e-05
-2.27311e-05
-2.17247e-05
-2.07041e-05
-1.96794e-05
-1.86595e-05
-1.76519e-05
-1.6663e-05
-1.56982e-05
-1.47621e-05
-1.38584e-05
-1.29901e-05
-1.21598e-05
-1.13692e-05
-1.06211e-05
-9.91799e-06
-9.24657e-06
-8.56876e-06
-8.07752e-06
-8.70515e-06
-8.54189e-06
0.00443516
0.00457228
0.00467344
0.0047251
0.00473384
0.00470671
0.00464901
0.00456535
0.00445993
0.00433653
0.00419852
0.00404892
0.00389042
0.00372542
0.00355604
0.00338414
0.00321134
0.00303906
0.00286852
0.00270074
0.00253659
0.0023768
0.00222195
0.0020725
0.00192881
0.00179115
0.0016597
0.00153455
0.00141576
0.0013033
0.00119712
0.00109713
0.00100318
0.000915111
0.000832751
0.000755898
0.000684338
0.000617851
0.000556208
0.000499177
0.000446525
0.00039802
0.000353432
0.000312534
0.000275104
0.000240928
0.000209796
0.000181508
0.000155868
0.000132692
0.000111803
9.30307e-05
7.62152e-05
6.1205e-05
4.7859e-05
3.60389e-05
2.55505e-05
1.63825e-05
8.45001e-06
1.55996e-06
-4.41848e-06
-9.51981e-06
-1.38295e-05
-1.74306e-05
-2.03969e-05
-2.27958e-05
-2.46892e-05
-2.61344e-05
-2.71837e-05
-2.78852e-05
-2.82825e-05
-2.84158e-05
-2.83212e-05
-2.80317e-05
-2.75772e-05
-2.69845e-05
-2.62777e-05
-2.54785e-05
-2.46062e-05
-2.3678e-05
-2.27091e-05
-2.17129e-05
-2.07013e-05
-1.96843e-05
-1.86711e-05
-1.76691e-05
-1.6685e-05
-1.57243e-05
-1.47915e-05
-1.38905e-05
-1.30245e-05
-1.2196e-05
-1.14069e-05
-1.06599e-05
-9.95782e-06
-9.2889e-06
-8.61212e-06
-8.10217e-06
-8.71009e-06
-8.67846e-06
0.00443519
0.0045723
0.00467346
0.00472511
0.00473386
0.00470673
0.00464902
0.00456536
0.00445994
0.00433654
0.00419853
0.00404893
0.00389043
0.00372543
0.00355605
0.00338415
0.00321135
0.00303907
0.00286853
0.00270074
0.0025366
0.00237681
0.00222195
0.0020725
0.00192882
0.00179116
0.0016597
0.00153456
0.00141576
0.00130331
0.00119713
0.00109713
0.00100318
0.000915115
0.000832756
0.000755902
0.000684342
0.000617855
0.000556212
0.000499181
0.000446529
0.000398024
0.000353435
0.000312537
0.000275107
0.000240931
0.000209799
0.000181511
0.000155871
0.000132695
0.000111806
9.30334e-05
7.62179e-05
6.12075e-05
4.78615e-05
3.60414e-05
2.55532e-05
1.63846e-05
8.45221e-06
1.56162e-06
-4.41666e-06
-9.51795e-06
-1.38277e-05
-1.74289e-05
-2.03952e-05
-2.27941e-05
-2.46876e-05
-2.61328e-05
-2.71822e-05
-2.78837e-05
-2.82811e-05
-2.84144e-05
-2.83198e-05
-2.80304e-05
-2.7576e-05
-2.69833e-05
-2.62765e-05
-2.54774e-05
-2.46051e-05
-2.3677e-05
-2.27081e-05
-2.1712e-05
-2.07004e-05
-1.96835e-05
-1.86703e-05
-1.76684e-05
-1.66844e-05
-1.57237e-05
-1.47909e-05
-1.38901e-05
-1.30241e-05
-1.21956e-05
-1.14065e-05
-1.06595e-05
-9.95755e-06
-9.28867e-06
-8.61194e-06
-8.10202e-06
-8.70998e-06
-8.67839e-06
0.00444343
0.00459372
0.0046928
0.00473978
0.00474498
0.00471508
0.00465497
0.0045692
0.00446194
0.00433694
0.00419754
0.00404674
0.00388721
0.00372133
0.00355121
0.00337869
0.00320539
0.00303271
0.00286186
0.00269385
0.00252955
0.00236967
0.00221478
0.00206535
0.00192173
0.00178417
0.00165284
0.00152785
0.00140924
0.00129698
0.00119102
0.00109125
0.000997528
0.000909703
0.000827585
0.000750975
0.000679659
0.000613413
0.000552008
0.00049521
0.000442787
0.000394504
0.000350131
0.000309441
0.000272211
0.000238228
0.00020728
0.000179168
0.000153696
0.00013068
0.000109942
9.13133e-05
7.46332e-05
5.975e-05
4.65217e-05
3.48128e-05
2.44755e-05
1.53855e-05
7.51503e-06
6.99629e-07
-5.18422e-06
-1.0205e-05
-1.44439e-05
-1.79805e-05
-2.08875e-05
-2.32319e-05
-2.50753e-05
-2.64746e-05
-2.7482e-05
-2.81451e-05
-2.85075e-05
-2.86091e-05
-2.84858e-05
-2.81704e-05
-2.76925e-05
-2.70787e-05
-2.63531e-05
-2.55372e-05
-2.465e-05
-2.37087e-05
-2.27282e-05
-2.17219e-05
-2.07015e-05
-1.9677e-05
-1.86573e-05
-1.76498e-05
-1.6661e-05
-1.56964e-05
-1.47605e-05
-1.38569e-05
-1.29889e-05
-1.21586e-05
-1.13682e-05
-1.06202e-05
-9.9172e-06
-9.2459e-06
-8.56822e-06
-8.07711e-06
-8.70484e-06
-8.5417e-06
0.0044647
0.00464034
0.00473552
0.00477258
0.00477006
0.00473409
0.00466872
0.00457833
0.00446704
0.00433853
0.00419609
0.00404265
0.00388086
0.00371305
0.00354129
0.00336742
0.003193
0.00301943
0.00284788
0.00267936
0.0025147
0.00235461
0.00219963
0.00205022
0.00190671
0.00176935
0.00163829
0.00151362
0.00139538
0.00128354
0.00117803
0.00107873
0.000985498
0.000898176
0.00081657
0.000740475
0.000669674
0.000603939
0.000543038
0.000486736
0.000434797
0.000386985
0.00034307
0.000302822
0.00026602
0.000232446
0.000201891
0.000174154
0.00014904
0.000126365
0.00010595
8.76268e-05
7.12357e-05
5.66249e-05
4.36513e-05
3.21799e-05
2.20776e-05
1.3222e-05
5.53307e-06
-1.11177e-06
-6.82123e-06
-1.168e-05
-1.57701e-05
-1.91694e-05
-2.19496e-05
-2.41772e-05
-2.59133e-05
-2.72142e-05
-2.81314e-05
-2.87121e-05
-2.89995e-05
-2.90328e-05
-2.88476e-05
-2.84763e-05
-2.79479e-05
-2.72889e-05
-2.65227e-05
-2.56705e-05
-2.47511e-05
-2.37812e-05
-2.27757e-05
-2.17474e-05
-2.07078e-05
-1.96667e-05
-1.86327e-05
-1.7613e-05
-1.6614e-05
-1.56408e-05
-1.46977e-05
-1.37884e-05
-1.29155e-05
-1.20814e-05
-1.12879e-05
-1.05375e-05
-9.83204e-06
-9.15651e-06
-8.47692e-06
-8.00731e-06
-8.64507e-06
-8.31536e-06
0.00450411
0.00471461
0.00480426
0.00482583
0.00481084
0.00476504
0.00469119
0.00459333
0.00447551
0.00434131
0.00419392
0.0040362
0.00387073
0.00369979
0.00352539
0.0033493
0.00317308
0.00299807
0.00282539
0.00265604
0.0024908
0.00233036
0.00217523
0.00202585
0.00188253
0.00174548
0.00161485
0.00149071
0.00137307
0.0012619
0.00115711
0.00105857
0.000966129
0.000879619
0.000798837
0.000723572
0.0006536
0.000588688
0.000528599
0.000473095
0.000421937
0.000374885
0.000331707
0.000292171
0.000256055
0.000223141
0.000193219
0.000166086
0.000141549
0.000119421
9.95263e-05
8.16959e-05
6.57703e-05
5.15984e-05
3.90375e-05
2.79532e-05
1.82178e-05
9.71361e-06
2.33874e-06
-4.01524e-06
-9.44885e-06
-1.40504e-05
-1.79021e-05
-2.10808e-05
-2.36574e-05
-2.56973e-05
-2.72608e-05
-2.84033e-05
-2.91755e-05
-2.96238e-05
-2.97905e-05
-2.9714e-05
-2.94293e-05
-2.8968e-05
-2.83585e-05
-2.76265e-05
-2.6795e-05
-2.58845e-05
-2.49133e-05
-2.38976e-05
-2.28516e-05
-2.1788e-05
-2.07175e-05
-1.96497e-05
-1.85928e-05
-1.75537e-05
-1.65381e-05
-1.55511e-05
-1.45966e-05
-1.36779e-05
-1.27974e-05
-1.19572e-05
-1.11587e-05
-1.04043e-05
-9.69494e-06
-9.01382e-06
-8.33163e-06
-7.87942e-06
-8.50712e-06
-8.01561e-06
0.00456808
0.00481898
0.00490116
0.00490146
0.0048688
0.00480897
0.004723
0.00461446
0.00448729
0.00434493
0.00419046
0.00402661
0.00385587
0.00368044
0.00350225
0.00332301
0.00314422
0.00296714
0.00279288
0.00262234
0.0024563
0.00229538
0.00214007
0.00199075
0.00184771
0.00171113
0.00158113
0.00145776
0.00134101
0.00123081
0.00112706
0.00102962
0.000938329
0.000852992
0.0007734
0.000699333
0.000630555
0.000566829
0.000507911
0.000453555
0.000403518
0.000357559
0.000315439
0.000276928
0.000241798
0.000209831
0.000180816
0.00015455
0.000130839
0.000109497
9.03478e-05
7.32233e-05
5.79647e-05
4.44218e-05
3.2453e-05
2.19249e-05
1.27123e-05
4.69917e-06
-2.22136e-06
-8.15278e-06
-1.31917e-05
-1.74261e-05
-2.09374e-05
-2.38011e-05
-2.60868e-05
-2.78587e-05
-2.91759e-05
-3.00923e-05
-3.06576e-05
-3.09169e-05
-3.09114e-05
-3.06784e-05
-3.02519e-05
-2.96623e-05
-2.89372e-05
-2.81014e-05
-2.71769e-05
-2.61835e-05
-2.51386e-05
-2.40577e-05
-2.29544e-05
-2.18405e-05
-2.07263e-05
-1.96207e-05
-1.85314e-05
-1.74647e-05
-1.64259e-05
-1.54195e-05
-1.4449e-05
-1.35172e-05
-1.26263e-05
-1.17776e-05
-1.09723e-05
-1.02125e-05
-9.4979e-06
-8.81019e-06
-8.12518e-06
-7.68504e-06
-8.28094e-06
-7.64192e-06
0.00466432
0.004956
0.00502801
0.00500115
0.00494518
0.00486665
0.00476453
0.00464174
0.00450205
0.00434878
0.00418481
0.00401276
0.00383497
0.00365354
0.0034703
0.00328688
0.00310467
0.00292488
0.00274853
0.00257646
0.00240939
0.00224788
0.00209236
0.00194317
0.00180056
0.00166465
0.00153555
0.00141325
0.00129771
0.00118885
0.00108654
0.000990608
0.000900879
0.00081714
0.000739168
0.000666726
0.000599571
0.000537452
0.000480117
0.000427315
0.000378795
0.00033431
0.00029362
0.000256489
0.000222688
0.000191997
0.000164204
0.000139105
0.000116506
9.62208e-05
7.80737e-05
6.18978e-05
4.75352e-05
3.48368e-05
2.36626e-05
1.38809e-05
5.3685e-06
-1.98958e-06
-8.29992e-06
-1.36632e-05
-1.81731e-05
-2.19161e-05
-2.4972e-05
-2.74145e-05
-2.93115e-05
-3.07253e-05
-3.17134e-05
-3.2328e-05
-3.26171e-05
-3.26243e-05
-3.23892e-05
-3.19477e-05
-3.13321e-05
-3.05718e-05
-2.9693e-05
-2.87191e-05
-2.76711e-05
-2.65676e-05
-2.5425e-05
-2.42577e-05
-2.30785e-05
-2.18982e-05
-2.07264e-05
-1.9571e-05
-1.84391e-05
-1.73362e-05
-1.62671e-05
-1.52356e-05
-1.42445e-05
-1.32961e-05
-1.23918e-05
-1.15326e-05
-1.07193e-05
-9.95288e-06
-9.23218e-06
-8.53761e-06
-7.85014e-06
-7.41644e-06
-7.95923e-06
-7.19244e-06
0.00480163
0.00512819
0.00518594
0.00512598
0.00504078
0.00493842
0.00481569
0.00467468
0.00451898
0.00435172
0.00417559
0.00399304
0.00380624
0.00361716
0.0034275
0.00323877
0.00305225
0.00286906
0.00269011
0.00251618
0.00234787
0.00218569
0.00203
0.00188107
0.00173909
0.00160414
0.00147625
0.0013554
0.0012415
0.00113443
0.00103402
0.000940083
0.000852412
0.000770775
0.000694926
0.000624613
0.000559577
0.000499555
0.000444284
0.000393504
0.000346956
0.000304387
0.000265552
0.000230211
0.000198132
0.000169093
0.00014288
0.00011929
9.81264e-05
7.92055e-05
6.23516e-05
4.73989e-05
3.41908e-05
2.25803e-05
1.24291e-05
3.60768e-06
-4.00503e-06
-1.0522e-05
-1.60479e-05
-2.06807e-05
-2.45115e-05
-2.76242e-05
-3.00962e-05
-3.1999e-05
-3.33982e-05
-3.43538e-05
-3.4921e-05
-3.51499e-05
-3.50862e-05
-3.47716e-05
-3.42436e-05
-3.35362e-05
-3.268e-05
-3.17025e-05
-3.06281e-05
-2.94789e-05
-2.82742e-05
-2.70311e-05
-2.57648e-05
-2.44884e-05
-2.32134e-05
-2.19495e-05
-2.07052e-05
-1.94876e-05
-1.83024e-05
-1.71546e-05
-1.6048e-05
-1.49856e-05
-1.39695e-05
-1.30011e-05
-1.20813e-05
-1.12102e-05
-1.03879e-05
-9.61474e-06
-8.88804e-06
-8.18749e-06
-7.49897e-06
-7.06642e-06
-7.53648e-06
-6.66679e-06
0.0049895
0.00533787
0.00537529
0.00527625
0.00515566
0.00502392
0.00487568
0.0047121
0.00453654
0.00435191
0.0041607
0.00396513
0.00376719
0.00356867
0.00337113
0.00317591
0.00298417
0.00279689
0.00261487
0.00243876
0.00226908
0.00210622
0.00195047
0.00180202
0.00166097
0.00152734
0.00140111
0.00128219
0.00117045
0.00106571
0.000967772
0.000876417
0.000791399
0.000712459
0.00063933
0.000571736
0.000509402
0.000452048
0.000399399
0.000351183
0.000307132
0.000266987
0.000230494
0.000197412
0.000167503
0.000140544
0.00011632
9.46253e-05
7.52657e-05
5.80568e-05
4.28244e-05
2.94042e-05
1.76419e-05
7.39249e-06
-1.47976e-06
-9.10154e-06
-1.5591e-05
-2.1059e-05
-2.56067e-05
-2.9329e-05
-3.23138e-05
-3.46421e-05
-3.63881e-05
-3.76204e-05
-3.84015e-05
-3.87887e-05
-3.88341e-05
-3.85853e-05
-3.80852e-05
-3.73727e-05
-3.6483e-05
-3.54476e-05
-3.42948e-05
-3.30498e-05
-3.1735e-05
-3.03704e-05
-2.89735e-05
-2.75597e-05
-2.61422e-05
-2.47328e-05
-2.33412e-05
-2.19759e-05
-2.06439e-05
-1.93511e-05
-1.81022e-05
-1.69009e-05
-1.57499e-05
-1.46513e-05
-1.36063e-05
-1.26154e-05
-1.16786e-05
-1.07952e-05
-9.96436e-06
-9.18546e-06
-8.45437e-06
-7.75051e-06
-7.064e-06
-6.6287e-06
-7.0095e-06
-6.06669e-06
0.00523757
0.00558697
0.00559533
0.00545112
0.00528883
0.00512172
0.00494264
0.00475176
0.00455214
0.00434648
0.00413702
0.00392573
0.00371439
0.00350457
0.00329763
0.00309474
0.00289689
0.00270487
0.00251936
0.00234086
0.00216976
0.00200634
0.00185076
0.00170313
0.00156344
0.00143165
0.00130765
0.00119127
0.00108234
0.000980611
0.000885849
0.000797783
0.000716131
0.000640601
0.000570897
0.000506719
0.000447769
0.00039375
0.00034437
0.000299346
0.000258399
0.00022126
0.000187671
0.000157383
0.000130156
0.000105765
8.39914e-05
6.46313e-05
4.74902e-05
3.23849e-05
1.91429e-05
7.60228e-06
-2.38873e-06
-1.09721e-05
-1.82801e-05
-2.44359e-05
-2.95537e-05
-3.37425e-05
-3.70979e-05
-3.97112e-05
-4.16666e-05
-4.3041e-05
-4.39053e-05
-4.43239e-05
-4.43559e-05
-4.40547e-05
-4.34691e-05
-4.2643e-05
-4.16161e-05
-4.04241e-05
-3.9099e-05
-3.76692e-05
-3.61602e-05
-3.45946e-05
-3.29921e-05
-3.13702e-05
-2.97442e-05
-2.81271e-05
-2.65302e-05
-2.49632e-05
-2.3434e-05
-2.19494e-05
-2.05148e-05
-1.91345e-05
-1.78118e-05
-1.65489e-05
-1.53476e-05
-1.42086e-05
-1.3132e-05
-1.21173e-05
-1.11634e-05
-1.02688e-05
-9.43152e-06
-8.64984e-06
-7.91823e-06
-7.21623e-06
-6.53733e-06
-6.09801e-06
-6.37801e-06
-5.3968e-06
0.0055549
0.00587672
0.00584402
0.00564825
0.00543783
0.00522896
0.00501322
0.00478991
0.00456172
0.00433111
0.00410004
0.00387021
0.00364313
0.00342011
0.00320229
0.0029906
0.00278582
0.00258855
0.00239927
0.00221833
0.00204594
0.00188223
0.00172725
0.00158096
0.00144326
0.001314
0.00119297
0.00107993
0.00097463
0.000876768
0.000786039
0.000702125
0.0006247
0.000553434
0.000487995
0.000428057
0.000373294
0.00032339
0.000278036
0.000236931
0.000199788
0.000166327
0.000136283
0.000109401
8.54384e-05
6.41666e-05
4.53678e-05
2.88371e-05
1.43812e-05
1.81885e-06
-9.01988e-06
-1.82938e-05
-2.61512e-05
-3.27299e-05
-3.81579e-05
-4.25541e-05
-4.60288e-05
-4.86831e-05
-5.0611e-05
-5.18983e-05
-5.2624e-05
-5.28607e-05
-5.26742e-05
-5.21246e-05
-5.12662e-05
-5.0148e-05
-4.88144e-05
-4.7305e-05
-4.56555e-05
-4.38977e-05
-4.20596e-05
-4.01661e-05
-3.82389e-05
-3.62976e-05
-3.43586e-05
-3.24366e-05
-3.05439e-05
-2.8691e-05
-2.68866e-05
-2.5138e-05
-2.34509e-05
-2.18301e-05
-2.02789e-05
-1.87999e-05
-1.73946e-05
-1.60638e-05
-1.48077e-05
-1.36256e-05
-1.25164e-05
-1.14785e-05
-1.05096e-05
-9.607e-06
-8.76781e-06
-7.98902e-06
-7.2638e-06
-6.57228e-06
-5.91019e-06
-5.46994e-06
-5.64489e-06
-4.66546e-06
0.00594949
0.00620739
0.0061178
0.00586342
0.00559816
0.00534066
0.00508198
0.00482071
0.00455914
0.00429947
0.00404333
0.00379209
0.00354694
0.00330892
0.00307885
0.0028574
0.00264508
0.00244226
0.00224918
0.00206597
0.00189267
0.00172923
0.00157553
0.00143137
0.00129653
0.00117074
0.00105367
0.00094501
0.000844392
0.000751454
0.000665823
0.000587121
0.000514969
0.000448994
0.000388827
0.000334105
0.000284477
0.000239604
0.000199155
0.000162817
0.000130287
0.000101277
7.55127e-05
5.27356e-05
3.27e-05
1.51746e-05
-5.83097e-08
-1.32028e-05
-2.44498e-05
-3.39779e-05
-4.19533e-05
-4.85306e-05
-5.3853e-05
-5.80532e-05
-6.12536e-05
-6.35668e-05
-6.50957e-05
-6.59425e-05
-6.61884e-05
-6.59146e-05
-6.51949e-05
-6.40958e-05
-6.26777e-05
-6.0995e-05
-5.90961e-05
-5.70249e-05
-5.48202e-05
-5.25167e-05
-5.01449e-05
-4.77319e-05
-4.53012e-05
-4.2873e-05
-4.04649e-05
-3.80924e-05
-3.57684e-05
-3.3504e-05
-3.13081e-05
-2.9188e-05
-2.71495e-05
-2.5197e-05
-2.33337e-05
-2.15617e-05
-1.98823e-05
-1.82957e-05
-1.68015e-05
-1.53987e-05
-1.40858e-05
-1.28605e-05
-1.17204e-05
-1.06624e-05
-9.6832e-06
-8.77885e-06
-7.94541e-06
-7.17865e-06
-6.4707e-06
-5.80273e-06
-5.17162e-06
-4.73998e-06
-4.81607e-06
-3.88501e-06
0.00642614
0.00657777
0.00641099
0.00608971
0.00576255
0.00544911
0.00514079
0.00483575
0.00453588
0.00424299
0.00395835
0.00368296
0.00341764
0.00316305
0.00291966
0.0026878
0.00246767
0.00225934
0.00206279
0.00187788
0.00170442
0.00154214
0.00139074
0.00124984
0.00111907
0.000997994
0.000886189
0.000783205
0.000688592
0.000601895
0.000522666
0.000450458
0.000384836
0.000325376
0.000271666
0.000223308
0.000179921
0.000141139
0.000106613
7.60105e-05
4.9017e-05
2.53348e-05
4.68316e-06
-1.3202e-05
-2.85684e-05
-4.16481e-05
-5.26577e-05
-6.17991e-05
-6.92598e-05
-7.52139e-05
-7.98227e-05
-8.32347e-05
-8.5587e-05
-8.70057e-05
-8.76064e-05
-8.74957e-05
-8.67695e-05
-8.55029e-05
-8.37888e-05
-8.17015e-05
-7.93065e-05
-7.66631e-05
-7.38242e-05
-7.0837e-05
-6.77431e-05
-6.45794e-05
-6.13784e-05
-5.81684e-05
-5.49741e-05
-5.18173e-05
-4.87164e-05
-4.56842e-05
-4.27342e-05
-3.98775e-05
-3.71229e-05
-3.4477e-05
-3.19447e-05
-2.95297e-05
-2.72342e-05
-2.50593e-05
-2.30052e-05
-2.1071e-05
-1.92553e-05
-1.7556e-05
-1.59703e-05
-1.44952e-05
-1.31271e-05
-1.18621e-05
-1.06961e-05
-9.62469e-06
-8.64327e-06
-7.74691e-06
-6.9306e-06
-6.18909e-06
-5.5139e-06
-4.88788e-06
-4.30811e-06
-3.90347e-06
-3.90099e-06
-3.07259e-06
0.00698369
0.00698103
0.00671098
0.00631413
0.00591877
0.00554243
0.00517793
0.00482354
0.00448073
0.00415086
0.00383476
0.00353299
0.0032459
0.0029737
0.00271646
0.0024741
0.00224644
0.00203318
0.00183399
0.00164842
0.00147601
0.00131625
0.00116859
0.00103248
0.000907337
0.000792588
0.000687654
0.000591963
0.000504951
0.000426069
0.000354779
0.000290565
0.000232927
0.000181388
0.000135488
9.47931e-05
5.88887e-05
2.7383e-05
-9.3706e-08
-2.389e-05
-4.43329e-05
-6.1729e-05
-7.6365e-05
-8.85081e-05
-9.8407e-05
-0.000106293
-0.000112379
-0.000116863
-0.000119928
-0.000121742
-0.000122458
-0.000122218
-0.000121152
-0.000119376
-0.000116996
-0.000114107
-0.0001108
-0.000107126
-0.000103185
-9.90312e-05
-9.47285e-05
-9.03322e-05
-8.5886e-05
-8.14274e-05
-7.69891e-05
-7.25999e-05
-6.82842e-05
-6.40624e-05
-5.99524e-05
-5.59714e-05
-5.21341e-05
-4.84365e-05
-4.4891e-05
-4.15049e-05
-3.82817e-05
-3.52229e-05
-3.23288e-05
-2.95986e-05
-2.70306e-05
-2.46219e-05
-2.23692e-05
-2.02683e-05
-1.83148e-05
-1.65036e-05
-1.48295e-05
-1.32869e-05
-1.18702e-05
-1.05735e-05
-9.39116e-06
-8.31717e-06
-7.3457e-06
-6.47086e-06
-5.68688e-06
-4.98785e-06
-4.36546e-06
-3.80506e-06
-3.3038e-06
-2.9553e-06
-2.91198e-06
-2.24883e-06
0.00764433
0.00741952
0.00700965
0.00652213
0.00604746
0.00559779
0.00516807
0.00475707
0.00436568
0.0039946
0.00364403
0.00331393
0.00300405
0.00271402
0.00244336
0.00219147
0.00195768
0.00174128
0.0015415
0.00135755
0.00118863
0.00103393
0.000892636
0.000763959
0.000647111
0.000541331
0.000445876
0.000360032
0.000283112
0.000214456
0.000153439
9.94609e-05
5.19573e-05
1.03925e-05
-2.57382e-05
-5.69093e-05
-8.3566e-05
-0.000106125
-0.000124976
-0.00014048
-0.000152976
-0.000162775
-0.000170167
-0.000175419
-0.000178777
-0.000180468
-0.0001807
-0.000179662
-0.000177527
-0.000174454
-0.000170585
-0.000166048
-0.000160959
-0.000155421
-0.000149511
-0.000143258
-0.000136714
-0.0001305
-0.000124199
-0.000117772
-0.000111341
-0.00010498
-9.87279e-05
-9.26157e-05
-8.66681e-05
-8.09051e-05
-7.53424e-05
-6.99916e-05
-6.48625e-05
-5.99727e-05
-5.53186e-05
-5.08954e-05
-4.67013e-05
-4.27411e-05
-3.90134e-05
-3.55138e-05
-3.2237e-05
-2.91768e-05
-2.63268e-05
-2.36797e-05
-2.1228e-05
-1.89637e-05
-1.68786e-05
-1.49645e-05
-1.32131e-05
-1.16161e-05
-1.01654e-05
-8.85301e-06
-7.67119e-06
-6.61249e-06
-5.66979e-06
-4.83635e-06
-4.10592e-06
-3.47257e-06
-2.92918e-06
-2.46513e-06
-2.07892e-06
-1.83145e-06
-1.81161e-06
-1.4031e-06
0.00842211
0.00793375
0.00733299
0.00671474
0.00612871
0.00557927
0.00506251
0.0045771
0.00412293
0.00369964
0.00330642
0.00294225
0.00260594
0.00229626
0.00201189
0.00175148
0.00151367
0.00129712
0.00110048
0.000922463
0.000761804
0.000617288
0.000487745
0.000372059
0.000269169
0.000178064
9.7792e-05
2.7452e-05
-3.38024e-05
-8.67661e-05
-0.000132183
-0.000170749
-0.000203113
-0.000229877
-0.000251603
-0.000268809
-0.000281975
-0.000291545
-0.000297926
-0.000301495
-0.000302596
-0.000301543
-0.000298625
-0.000294104
-0.000288218
-0.000281183
-0.000273196
-0.000264432
-0.000255051
-0.000245195
-0.000234992
-0.000224557
-0.000213989
-0.000203381
-0.000192826
-0.000182438
-0.000172245
-0.000161814
-0.000151603
-0.000141792
-0.000132354
-0.000123273
-0.000114554
-0.000106208
-9.82405e-05
-9.06546e-05
-8.34509e-05
-7.66275e-05
-7.01807e-05
-6.41042e-05
-5.83947e-05
-5.30495e-05
-4.80343e-05
-4.33553e-05
-3.90033e-05
-3.49644e-05
-3.12253e-05
-2.77727e-05
-2.45934e-05
-2.16742e-05
-1.90016e-05
-1.65624e-05
-1.43436e-05
-1.23324e-05
-1.05163e-05
-8.88332e-06
-7.42182e-06
-6.12083e-06
-4.97002e-06
-3.95976e-06
-3.0813e-06
-2.3269e-06
-1.69006e-06
-1.16563e-06
-7.49122e-07
-4.36306e-07
-2.31988e-07
-1.78705e-07
-3.34307e-07
-4.24267e-07
)
;

boundaryField
{
    inlet
    {
        type            zeroGradient;
    }
    outlet
    {
        type            totalPressure;
        rho             none;
        psi             none;
        gamma           1;
        p0              uniform 0;
        value           uniform 0;
    }
    top
    {
        type            zeroGradient;
    }
    bottom
    {
        type            zeroGradient;
    }
    obstacle
    {
        type            zeroGradient;
    }
    frontAndBack
    {
        type            empty;
    }
}


// ************************************************************************* //
