/*--------------------------------*- C++ -*----------------------------------*\
  =========                 |
  \\      /  F ield         | OpenFOAM: The Open Source CFD Toolbox
   \\    /   O peration     | Website:  https://openfoam.org
    \\  /    A nd           | Version:  12
     \\/     M anipulation  |
\*---------------------------------------------------------------------------*/
FoamFile
{
    format      ascii;
    class       volScalarField;
    location    "280";
    object      pPrime2Mean;
}
// * * * * * * * * * * * * * * * * * * * * * * * * * * * * * * * * * * * * * //

dimensions      [0 4 -4 0 0 0 0];

internalField   nonuniform List<scalar> 
6750
(
0.00467639
0.00466955
0.00466087
0.00465319
0.00464472
0.00467831
0.00466879
0.00465385
0.00463613
0.00461754
0.0047005
0.0046887
0.00466933
0.00464454
0.0046179
0.00474203
0.00472946
0.00470862
0.00468149
0.00465241
0.00480039
0.00478887
0.00476971
0.00474449
0.00471748
0.00487146
0.0048626
0.00484773
0.00482775
0.00480626
0.00495
0.00494502
0.00493641
0.00492413
0.00491079
0.00503052
0.0050302
0.00502911
0.00502617
0.0050228
0.00510789
0.00511255
0.00511955
0.0051267
0.00513425
0.00517776
0.00518734
0.00520231
0.0052195
0.005238
0.00523689
0.00525095
0.00527319
0.0052996
0.00532828
0.00528317
0.00530099
0.00532935
0.00536355
0.00540091
0.0053156
0.00533628
0.00536926
0.0054094
0.00545344
0.00533415
0.00535668
0.00539265
0.00543665
0.00548509
0.00533958
0.00536295
0.00540024
0.005446
0.00549647
0.00533314
0.00535637
0.00539348
0.00543902
0.00548926
0.00531479
0.00533694
0.00537234
0.00541569
0.00546341
0.00528342
0.00530347
0.00533552
0.00537458
0.00541743
0.00523847
0.00525546
0.00528255
0.00531528
0.00535101
0.00518017
0.00519323
0.00521394
0.00523855
0.00526524
0.00510971
0.00511817
0.00513141
0.00514657
0.00516283
0.00502935
0.00503283
0.00503799
0.005043
0.00504817
0.00494251
0.00494097
0.00493802
0.00493292
0.00492714
0.00485363
0.00484745
0.00483702
0.00482263
0.00480693
0.00476792
0.00475792
0.0047413
0.0047193
0.00469557
0.00469095
0.00467835
0.00465753
0.00463041
0.00460132
0.00462797
0.00461438
0.00459199
0.00456308
0.0045321
0.00458312
0.00457036
0.00454955
0.00452308
0.0044947
0.00455892
0.00454853
0.00453227
0.00451298
0.00449278
0.0045562
0.00454865
0.0045389
0.00452999
0.00452044
0.00461497
0.00457975
0.00451243
0.00441702
0.00429522
0.00414833
0.00397682
0.00378116
0.00356324
0.00332599
0.00307207
0.00280782
0.00253891
0.0022719
0.00201336
0.00176921
0.00154415
0.00134143
0.00116257
0.00100739
0.000874406
0.000763367
0.00067058
0.000593576
0.000530099
0.000477992
0.000435463
0.000400843
0.000372939
0.000355112
0.00462043
0.00456202
0.0044758
0.00436469
0.0042297
0.00407171
0.00389176
0.00369146
0.00347342
0.00324053
0.00299502
0.00274333
0.00248979
0.00223973
0.00199829
0.00177002
0.00155859
0.0013665
0.00119513
0.00104487
0.000915391
0.000803849
0.000709888
0.000631114
0.000565475
0.000511209
0.000466661
0.000430128
0.000399771
0.000376236
0.00460453
0.00452747
0.00442639
0.00430405
0.00416025
0.00399578
0.00381184
0.00361033
0.0033942
0.00316591
0.00292853
0.00268781
0.00244731
0.00221141
0.00198421
0.00176921
0.00156923
0.00138625
0.00122144
0.00107514
0.00094702
0.000836245
0.000741526
0.000661245
0.00059374
0.000537405
0.000490715
0.00045207
0.000420171
0.000395679
0.00457803
0.00448875
0.00437713
0.00424689
0.00409787
0.00393032
0.00374531
0.00354493
0.00333206
0.00310848
0.00287848
0.00264655
0.00241592
0.00219044
0.00197353
0.00176814
0.00157658
0.00140052
0.00124099
0.00109833
0.000972341
0.000862503
0.000767736
0.000686735
0.000618068
0.000560233
0.00051164
0.000470785
0.00043691
0.000413075
0.00454813
0.00445031
0.00433078
0.00419451
0.00404207
0.00387321
0.00368885
0.00349091
0.00328194
0.00306335
0.00283996
0.00261521
0.00239225
0.00217456
0.00196524
0.00176694
0.00158175
0.00141118
0.00125615
0.00111699
0.000993533
0.000885227
0.000791167
0.000710196
0.000640994
0.00058213
0.000532009
0.000489021
0.000453366
0.000430142
0.00451952
0.00441523
0.00428981
0.00414893
0.00399399
0.00382488
0.00364203
0.00344712
0.00324212
0.00302841
0.00281069
0.0025917
0.00237459
0.00216262
0.00195877
0.0017656
0.00158516
0.00141891
0.00126769
0.00113178
0.00101096
0.000904588
0.000811763
0.000731346
0.000662059
0.000602543
0.000551192
0.000506484
0.000469365
0.000446863
0.00449511
0.00438581
0.00425578
0.00411154
0.00395483
0.00378592
0.00360495
0.00341315
0.00321176
0.00300251
0.00278942
0.00257488
0.00236201
0.00215401
0.00195388
0.00176423
0.00158717
0.00142419
0.00127609
0.00114308
0.00102481
0.000920542
0.000829241
0.000749707
0.000680659
0.000620795
0.000568563
0.000522546
0.000484284
0.00046262
0.00447731
0.00436405
0.0042303
0.00408336
0.00392561
0.00375698
0.00357788
0.00338892
0.00319053
0.00298504
0.00277545
0.00256405
0.00235395
0.00214839
0.00195045
0.00176292
0.00158803
0.00142734
0.00128168
0.00115114
0.00103524
0.000933073
0.000843433
0.000765003
0.000696484
0.000636496
0.000583695
0.000536799
0.000497684
0.00047683
0.00446828
0.00435176
0.00421474
0.00406543
0.00390687
0.00373858
0.00356108
0.00337437
0.00317835
0.00297567
0.00276835
0.00255877
0.00235004
0.00214547
0.00194836
0.00176169
0.00158788
0.00142859
0.00128466
0.00115612
0.00104232
0.000942154
0.000854222
0.000777063
0.000709317
0.000649546
0.000596508
0.000548974
0.000509219
0.000489024
0.00447016
0.00435076
0.00421053
0.00405883
0.00389938
0.00373144
0.00355497
0.00336965
0.00317529
0.00297421
0.00276791
0.00255881
0.00235005
0.00214512
0.00194754
0.00176055
0.00158679
0.00142804
0.00128517
0.00115811
0.00104607
0.00094774
0.000861512
0.000785759
0.000718956
0.000659738
0.000606753
0.000558791
0.000518547
0.000498791
0.00448512
0.00436289
0.00421919
0.00406469
0.00390392
0.00373598
0.00355999
0.00337511
0.00318151
0.00298076
0.00277414
0.00256411
0.00235392
0.00214726
0.00194794
0.00175951
0.00158481
0.00142575
0.00128323
0.00115712
0.00104648
0.000949777
0.000865211
0.000790954
0.000725326
0.000666906
0.000614176
0.000565965
0.000525352
0.000505784
0.00451559
0.0043902
0.00424244
0.00408441
0.00392167
0.0037531
0.00357673
0.00339134
0.00319738
0.00299557
0.0027872
0.00257476
0.00236167
0.00215189
0.00194958
0.00175856
0.00158192
0.0014217
0.00127884
0.00115313
0.00104349
0.000948206
0.000865243
0.000792564
0.00072827
0.000670862
0.000618521
0.000570212
0.000529362
0.000509739
0.00456433
0.0044351
0.00428245
0.00411991
0.00395441
0.00378394
0.00360606
0.00341916
0.00322346
0.00301909
0.0028074
0.00259098
0.00237344
0.00215909
0.00195246
0.00175768
0.00157809
0.00141585
0.00127194
0.00114609
0.00103707
0.000942962
0.000861527
0.000790461
0.0007276
0.000671239
0.000619507
0.000571289
0.00053037
0.000510485
0.00463471
0.00450052
0.00434182
0.00417344
0.00400381
0.00383017
0.00364941
0.00345968
0.0032606
0.003052
0.00283526
0.0026131
0.00238944
0.00216898
0.00195663
0.00175688
0.00157326
0.00140812
0.00126244
0.00113591
0.00102713
0.00093399
0.000853981
0.000784501
0.00072317
0.000667951
0.00061696
0.00056905
0.000528283
0.000507985
0.00473077
0.00459014
0.00442391
0.00424797
0.0040726
0.00389408
0.00370866
0.00351442
0.00331004
0.00309523
0.00287142
0.00264157
0.00240995
0.00218171
0.00196217
0.00175613
0.00156739
0.00139841
0.00125023
0.00112248
0.00101359
0.000921198
0.000842497
0.000774592
0.000714806
0.00066084
0.000610792
0.000563472
0.000523161
0.000502398
0.00485761
0.00470877
0.00453321
0.00434764
0.00416445
0.0039788
0.00378664
0.00358556
0.00337343
0.00314999
0.00291676
0.00267697
0.00243534
0.0021975
0.00196915
0.00175544
0.00156039
0.00138662
0.0012352
0.00110568
0.000996313
0.000904427
0.000826904
0.000760564
0.000702379
0.000649843
0.000601033
0.000554703
0.000515283
0.000494189
0.00502191
0.00486276
0.00467581
0.00447798
0.00428429
0.00408868
0.00388708
0.00367595
0.00345295
0.00321785
0.00297232
0.00271998
0.00246604
0.00221656
0.00197764
0.00175475
0.00155217
0.00137266
0.00121726
0.00108541
0.000975135
0.000883489
0.00080701
0.000742209
0.000685818
0.000635031
0.000587916
0.000543174
0.000505306
0.000484284
0.00523272
0.00506074
0.00485986
0.00464626
0.00443855
0.00422946
0.00401443
0.00378917
0.00355133
0.00330075
0.00303943
0.00277148
0.00250255
0.00223913
0.00198769
0.00175403
0.00154266
0.00135641
0.00119628
0.00106152
0.000949917
0.000858247
0.000782728
0.000719548
0.000665205
0.000616713
0.000572021
0.000529799
0.00049451
0.000474374
0.00550244
0.00531425
0.00509607
0.00486206
0.00463567
0.00440822
0.00417436
0.00392968
0.00367191
0.0034011
0.00311975
0.00283246
0.00254538
0.00226538
0.00199931
0.00175322
0.00153175
0.00133776
0.00117212
0.00103387
0.000920561
0.000828686
0.000754171
0.000692871
0.000641074
0.000595689
0.000554599
0.000516376
0.000485241
0.00046738
0.00584823
0.00563901
0.00539882
0.00513797
0.00488645
0.00463367
0.00437403
0.00410301
0.00381876
0.00352178
0.00321513
0.00290401
0.00259505
0.00229552
0.00201251
0.00175225
0.00151938
0.00131662
0.00114468
0.0010024
0.000887096
0.000795021
0.00072182
0.000663061
0.0006148
0.000573846
0.000538176
0.000506315
0.000481758
0.000468368
0.00629405
0.006057
0.00578801
0.00549122
0.00520503
0.0049174
0.00462247
0.00431607
0.00399688
0.00366614
0.00332768
0.0029873
0.00265213
0.00232972
0.00202731
0.00175106
0.00150544
0.00129293
0.00111397
0.000967219
0.000849814
0.000757828
0.000686699
0.000631757
0.000588831
0.000554695
0.000527396
0.000505784
0.000491631
0.000486271
0.00687359
0.00659827
0.00629092
0.005945
0.00561075
0.0052749
0.00493162
0.00457757
0.00421232
0.00383814
0.00345976
0.00308364
0.00271724
0.00236823
0.00204371
0.00174955
0.00148982
0.00126662
0.00108009
0.000928664
0.000809387
0.000718274
0.000650696
0.000601872
0.000567486
0.000544331
0.000530594
0.000525598
0.000528029
0.000536773
0.00763232
0.00730385
0.006945
0.00653077
0.0061295
0.00572662
0.00531667
0.00489826
0.00447232
0.00404241
0.00361416
0.00319454
0.0027911
0.00241127
0.00206168
0.00174756
0.00147239
0.00123772
0.00104331
0.000887406
0.000767058
0.000678419
0.000617062
0.000578362
0.000558071
0.000553078
0.000561711
0.000584057
0.000612764
0.000645764
0.00862756
0.00822708
0.00779838
0.00728977
0.00679496
0.00629824
0.00579647
0.00529128
0.0047856
0.00428442
0.0037941
0.00332171
0.00287444
0.00245899
0.00208103
0.00174482
0.00145294
0.00120624
0.00100408
0.000844557
0.000724884
0.000641667
0.000591133
0.000569345
0.00057258
0.00059789
0.000643646
0.000710364
0.00077963
0.000851511
0.00992605
0.0094301
0.00891004
0.00827337
0.00764872
0.00702071
0.00639324
0.00577187
0.00516211
0.00457029
0.00400301
0.00346681
0.00296779
0.00251125
0.00210131
0.00174077
0.001431
0.00117204
0.000962826
0.000801501
0.000685737
0.000613067
0.000581064
0.000587318
0.000629373
0.000704677
0.000810547
0.000946458
0.00107525
0.00120361
0.0115965
0.0109765
0.0103381
0.00953046
0.0087277
0.00792212
0.00712703
0.00635387
0.00561105
0.0049058
0.00424422
0.00363143
0.00307155
0.00256764
0.00212157
0.00173413
0.00140517
0.00113385
0.00091888
0.000758789
0.000652286
0.000598577
0.000597497
0.0006492
0.000753335
0.000907639
0.00110663
0.0013446
0.00155565
0.00176071
0.0136756
0.012895
0.0120977
0.0110709
0.0100408
0.00901266
0.00800985
0.0070506
0.00614597
0.00530358
0.00452846
0.00382373
0.003191
0.00263053
0.00214152
0.00172247
0.00137165
0.00108743
0.000868635
0.00071479
0.000626386
0.000605103
0.000653738
0.000775472
0.000972164
0.00124118
0.00157232
0.00195021
0.00227601
0.00258269
0.0163073
0.0152582
0.014202
0.012918
0.0116368
0.0103663
0.00913416
0.00796233
0.00686498
0.00585197
0.00492944
0.0041004
0.00336527
0.00272258
0.00216966
0.00170343
0.00132113
0.0010209
0.000802157
0.000665732
0.000613792
0.000649586
0.000776803
0.000998391
0.00131481
0.00172134
0.00220535
0.0027497
0.00325839
0.00374693
0.0203941
0.0190406
0.0176731
0.0160885
0.014491
0.0128787
0.011289
0.00975797
0.00831396
0.00697903
0.00576776
0.00468781
0.00374124
0.00292636
0.0022396
0.00167717
0.0012364
0.000916427
0.000718602
0.000645994
0.000701965
0.00088845
0.00120457
0.00164377
0.00219279
0.00282983
0.00352715
0.00426739
0.00491558
0.00555844
0.0331403
0.0307128
0.0279562
0.0251533
0.022358
0.01957
0.0168517
0.0142627
0.0118521
0.00965799
0.00770486
0.00600342
0.00455391
0.00335027
0.00238452
0.00165046
0.00114635
0.000876249
0.00084897
0.00107595
0.00156798
0.00233065
0.00335908
0.00463556
0.00612832
0.00779186
0.0095694
0.0114462
0.0133711
0.0151092
0.00462671
0.00460246
0.00458165
0.00456184
0.00454415
0.00452986
0.00452065
0.00451831
0.00452475
0.004542
0.00457227
0.00461807
0.00468235
0.00476863
0.00488126
0.00502567
0.00520895
0.00544071
0.00573436
0.0061088
0.00659079
0.00721809
0.00804167
0.00912429
0.0105377
0.0123597
0.0146744
0.0177326
0.0223657
0.0358532
0.0045999
0.00458214
0.00456708
0.00455468
0.00454696
0.0045448
0.00454929
0.00456179
0.0045839
0.00461754
0.00466496
0.00472887
0.0048125
0.00491979
0.00505562
0.00522616
0.00543949
0.00570653
0.0060423
0.00646771
0.0070121
0.00771632
0.00863481
0.00983393
0.0113886
0.0133894
0.0159825
0.0194697
0.0245054
0.0387687
0.00460234
0.00459823
0.00459615
0.00459635
0.00460101
0.00461139
0.00462895
0.00465527
0.00469214
0.00474161
0.00480607
0.00488839
0.00499201
0.00512121
0.00528128
0.00547904
0.00572349
0.00602675
0.00640536
0.00688207
0.0074885
0.00826833
0.00927907
0.0105895
0.0122765
0.0144426
0.0172902
0.0211691
0.0264884
0.0420029
0.00464197
0.00465168
0.00466321
0.00467681
0.00469497
0.0047192
0.00475114
0.00479255
0.00484541
0.00491193
0.00499473
0.00509688
0.0052221
0.00537496
0.0055612
0.00578822
0.00606578
0.00640695
0.00682924
0.00735653
0.00802155
0.00886892
0.00995647
0.0113512
0.0131259
0.0153937
0.0184322
0.0227119
0.0282277
0.0454766
0.00471361
0.00473588
0.00476051
0.00478746
0.00481939
0.0048581
0.00490541
0.00496319
0.00503355
0.00511887
0.00522194
0.00534608
0.00549527
0.00567442
0.00588972
0.00614912
0.00646312
0.00684552
0.00731458
0.00789476
0.0086191
0.00953195
0.0106895
0.012154
0.0139909
0.0163222
0.0195176
0.0242367
0.0298035
0.0491508
0.00480988
0.00484324
0.00488003
0.00491999
0.00496572
0.00501918
0.00508235
0.00515728
0.00524617
0.00535156
0.00547639
0.00562417
0.00579915
0.00600654
0.0062529
0.00654671
0.00689898
0.00732409
0.00784066
0.00847316
0.00925412
0.0102264
0.0114429
0.0129586
0.0148292
0.0171854
0.0205112
0.0257617
0.0312259
0.0531627
0.00492258
0.00496559
0.00501345
0.00506581
0.00512507
0.00519323
0.0052724
0.00536473
0.00547258
0.00559861
0.00574593
0.00591819
0.00611981
0.00635629
0.00663449
0.0069633
0.00735409
0.00782147
0.00838409
0.00906598
0.00989851
0.0109222
0.0121855
0.0137341
0.0156117
0.0179572
0.0213903
0.0273188
0.0325341
0.0577051
0.00504319
0.00509451
0.00515226
0.00521616
0.00528835
0.00537079
0.00546562
0.00557509
0.00570167
0.00584815
0.00601774
0.00621425
0.00644222
0.00670735
0.00701676
0.00737956
0.00780729
0.00831457
0.0089198
0.00964626
0.0105238
0.0115904
0.0128891
0.0144552
0.0163178
0.018622
0.0221372
0.0289383
0.033782
0.0629849
0.00516333
0.00522176
0.0052882
0.00536257
0.00544674
0.00554261
0.00565228
0.00577806
0.00592246
0.00608837
0.0062791
0.00649856
0.00675141
0.00704344
0.00738198
0.00777619
0.00823766
0.00878079
0.0094236
0.0101885
0.0111039
0.0122051
0.0135302
0.0151025
0.0169338
0.0191728
0.0227386
0.0306414
0.0350354
0.0691687
0.00527541
0.00533986
0.00541379
0.00549738
0.00559229
0.00570032
0.00582351
0.00596416
0.0061248
0.00630838
0.00651825
0.00675839
0.00703357
0.00734965
0.007714
0.00813577
0.00862642
0.00920015
0.00987451
0.0106712
0.0116171
0.0127457
0.0140905
0.0156619
0.0174518
0.0196104
0.0231898
0.0324321
0.0363622
0.0763019
0.00537323
0.00544264
0.00552282
0.00561424
0.00571838
0.00583693
0.00597185
0.0061254
0.0063001
0.00649891
0.00672521
0.00698302
0.00727718
0.00761357
0.00799952
0.0084441
0.00895862
0.00955706
0.0102565
0.011078
0.0120476
0.0131973
0.0145572
0.0161246
0.0178688
0.0199418
0.0234969
0.0342873
0.0378107
0.0842111
0.00545221
0.00552553
0.00561071
0.00570846
0.0058201
0.00594723
0.00609172
0.00625577
0.00644188
0.00665299
0.00689252
0.0071645
0.00747377
0.00782621
0.00822906
0.00869132
0.00922414
0.00984129
0.0105595
0.0113993
0.0123862
0.0135515
0.0149231
0.0164862
0.0181853
0.0201771
0.0236765
0.0361445
0.0393798
0.0924073
0.00550961
0.00558582
0.0056747
0.00577719
0.00589446
0.00602802
0.00617966
0.00635153
0.00654612
0.00676635
0.00701566
0.00729806
0.00761836
0.00798241
0.00839739
0.00887221
0.00941794
0.0100481
0.0107793
0.0116315
0.0126299
0.0138059
0.0151866
0.016746
0.0184048
0.0203276
0.0237535
0.0378977
0.0409935
0.100112
0.00554445
0.00562253
0.00571385
0.00581944
0.00594039
0.00607813
0.00623441
0.00641134
0.00661141
0.00683754
0.00709314
0.0073822
0.0077095
0.00808085
0.0085034
0.00898604
0.00953973
0.0101779
0.0109169
0.0117764
0.0127815
0.013964
0.0153509
0.0169079
0.0185348
0.0204062
0.023757
0.0393701
0.0424614
0.106361
0.00555733
0.00563631
0.00572881
0.00583591
0.00595863
0.00609836
0.00625683
0.00643614
0.00663879
0.00686771
0.00712626
0.00741841
0.00774893
0.00812362
0.00854966
0.0090359
0.00959328
0.0102352
0.0109777
0.0118406
0.0128488
0.0140345
0.0154249
0.0169815
0.0185911
0.0204352
0.0237287
0.0402163
0.0433877
0.109922
0.00555
0.00562901
0.00572155
0.00582867
0.00595138
0.00609107
0.00624949
0.00642873
0.00663131
0.00686011
0.00711852
0.00741048
0.00774079
0.00811529
0.00854117
0.00902734
0.00958474
0.0102267
0.0109695
0.0118327
0.0128413
0.0140277
0.0154189
0.0169762
0.0185864
0.0204314
0.0237205
0.040201
0.0433766
0.110058
0.00552243
0.00560061
0.00569205
0.00579773
0.0059187
0.00605638
0.00621253
0.00638928
0.00658912
0.00681495
0.00707014
0.00735868
0.0076854
0.0080562
0.00847834
0.00896079
0.00951455
0.0101531
0.0108926
0.0117531
0.0127596
0.0139441
0.0153333
0.0168927
0.0185214
0.0203953
0.0237339
0.0393292
0.0424324
0.106752
0.00547303
0.00554943
0.00563855
0.00574127
0.00585867
0.00599224
0.00614378
0.00631544
0.00650972
0.00672951
0.0069782
0.00725982
0.00757928
0.00794253
0.0083569
0.00883147
0.00937737
0.0100082
0.0107405
0.0115943
0.0125951
0.0137743
0.0151588
0.0167218
0.0183838
0.0203106
0.0237204
0.0378451
0.0409572
0.100708
0.00540155
0.00547517
0.00556073
0.0056589
0.00577087
0.00589819
0.00604273
0.00620664
0.00639244
0.00660303
0.00684183
0.0071129
0.00742115
0.00777265
0.0081748
0.00863678
0.0091699
0.009788
0.0105079
0.0113501
0.0123402
0.0135098
0.0148863
0.016454
0.0181579
0.0201556
0.0236406
0.0360963
0.0393472
0.09315
0.00530929
0.00537912
0.00545985
0.00555192
0.00565664
0.00577564
0.00591083
0.00606441
0.00623891
0.00643724
0.0066628
0.00691965
0.00721275
0.00754816
0.00793338
0.00837774
0.00889269
0.00949234
0.0101939
0.0110185
0.0119921
0.0131468
0.014512
0.0160849
0.017836
0.0199179
0.0234663
0.0342576
0.0377909
0.0850504
0.00519928
0.00526432
0.00533899
0.00542348
0.00551924
0.005628
0.00575174
0.00589269
0.00605334
0.00623659
0.00644583
0.00668508
0.00695924
0.0072744
0.0076381
0.00805973
0.00855093
0.00912608
0.00980286
0.010603
0.0115534
0.0126872
0.0140375
0.015615
0.0174145
0.0195868
0.0231726
0.0324308
0.0363627
0.077194
0.00507633
0.00513557
0.005203
0.00527853
0.00536385
0.00546076
0.0055713
0.00569769
0.0058424
0.00600826
0.00619859
0.00641734
0.00666933
0.00696057
0.00729855
0.00769272
0.00815482
0.00869947
0.0093448
0.0101133
0.0110331
0.0121392
0.0134696
0.0150488
0.0168931
0.0191525
0.0227412
0.0306734
0.0350622
0.0700795
0.00494677
0.00499921
0.00505826
0.00512365
0.0051973
0.0052811
0.00537714
0.00548758
0.00561484
0.00576164
0.00593118
0.00612729
0.00635465
0.0066191
0.00692805
0.00729081
0.00771918
0.00822794
0.00883553
0.00956525
0.0104467
0.0115175
0.0128211
0.0143953
0.0162751
0.0186082
0.0221636
0.0290044
0.0338405
0.0638924
0.00481821
0.00486275
0.00491231
0.00496653
0.0050276
0.00509746
0.00517818
0.00527186
0.0053808
0.00550759
0.00565528
0.00582752
0.00602878
0.0062647
0.00654243
0.00687112
0.00726243
0.00773106
0.00829571
0.00898027
0.00981587
0.010843
0.0121107
0.0136689
0.0155685
0.0179525
0.0214418
0.0274166
0.0326296
0.0585988
0.00469899
0.00473437
0.00477331
0.00481551
0.0048634
0.00491889
0.00498395
0.00506057
0.00515093
0.0052575
0.00538311
0.00553121
0.00570604
0.00591293
0.00615874
0.00645227
0.00680482
0.00723087
0.00774898
0.00838344
0.00916656
0.0101414
0.0113624
0.0128895
0.0147873
0.0171918
0.0205867
0.0258882
0.0313644
0.0540433
0.00459759
0.00462239
0.00464959
0.00467912
0.00471349
0.00475447
0.00480388
0.0048636
0.00493568
0.00502243
0.00512654
0.00525119
0.00540034
0.00557901
0.00579365
0.00605258
0.00636662
0.00674965
0.00721981
0.0078013
0.00852708
0.00944202
0.0106046
0.0120829
0.0139523
0.0163406
0.0196148
0.0243893
0.0299912
0.0500276
0.00452215
0.00453486
0.00454932
0.0045657
0.00458637
0.00461289
0.00464693
0.00469026
0.0047448
0.00481273
0.00489654
0.0049992
0.00512436
0.00527668
0.00546218
0.00568863
0.00596611
0.00630774
0.00673086
0.00725912
0.00792538
0.00877512
0.00986896
0.0112804
0.0130925
0.0154244
0.0185483
0.0228892
0.028471
0.0463647
0.00447994
0.00447927
0.00448035
0.00448329
0.00449025
0.0045026
0.00452186
0.00454967
0.00458779
0.00463823
0.00470332
0.00478585
0.00488924
0.00501783
0.00517717
0.0053744
0.00561884
0.00592264
0.00630215
0.00678006
0.00738838
0.00817196
0.00919147
0.0105225
0.0122511
0.0144861
0.0174229
0.0213714
0.026793
0.0429187
0.00447613
0.00446218
0.0044502
0.00444015
0.00443411
0.00443315
0.00443851
0.00445159
0.00447405
0.00450779
0.00455509
0.00461864
0.00470173
0.00480838
0.00494366
0.00511398
0.00532761
0.00559559
0.00593288
0.00636052
0.00690844
0.00761887
0.00854938
0.00977265
0.0113715
0.0134417
0.0161236
0.0196891
0.0248581
0.0397081
0.00450399
0.00448311
0.0044643
0.0044457
0.0044286
0.00441441
0.00440486
0.00440183
0.00440734
0.00442351
0.00445263
0.00449729
0.00456055
0.0046461
0.0047584
0.00490299
0.00508702
0.00532025
0.00561638
0.00599463
0.00648231
0.00711855
0.00795715
0.00906669
0.0105245
0.0124133
0.0148142
0.0179596
0.0227489
0.03681
0.0340861
0.0316165
0.0287789
0.0258724
0.0229696
0.0200795
0.0172684
0.0145985
0.0121198
0.00987033
0.00787395
0.00614021
0.00466796
0.00344984
0.00247672
0.00174153
0.00124187
0.000981473
0.00096894
0.00121542
0.00173128
0.00252121
0.00357876
0.00488382
0.00640154
0.00808283
0.00986773
0.0117398
0.0136464
0.0153636
0.0207946
0.0194515
0.0180679
0.0164393
0.0147902
0.0131277
0.011493
0.0099244
0.00845057
0.00709307
0.00586546
0.00477422
0.00382032
0.00300118
0.00231245
0.00174974
0.00130983
0.000991247
0.00079485
0.000723268
0.000779467
0.000965052
0.00127886
0.00171409
0.00225722
0.00288604
0.00357298
0.00430178
0.00493137
0.00556508
0.0165448
0.0155132
0.0144593
0.0131578
0.0118494
0.0105494
0.00928904
0.00809255
0.00697514
0.00594671
0.00501291
0.00417599
0.00343562
0.00278961
0.00223466
0.00176704
0.00138335
0.001081
0.000858587
0.000716174
0.000655296
0.000678866
0.00079064
0.00099407
0.00129053
0.00167652
0.00214116
0.00266963
0.0031636
0.003648
0.0138166
0.0130459
0.01225
0.0112126
0.0101677
0.00912479
0.00810858
0.00713808
0.00622454
0.00537545
0.00459557
0.00388766
0.00325296
0.00269138
0.00220179
0.00178228
0.00143059
0.00114443
0.000921863
0.000761688
0.000663958
0.000630425
0.000664601
0.000770886
0.000952481
0.00120784
0.00152742
0.00189634
0.00221749
0.00252433
0.0116508
0.0110348
0.0103949
0.00958181
0.00877505
0.00796799
0.00717319
0.0064012
0.00565979
0.00495587
0.00429544
0.00368363
0.00312464
0.00262151
0.00217608
0.00178892
0.00145951
0.00118647
0.000967896
0.000801776
0.000686629
0.000622052
0.000608937
0.000648952
0.000743199
0.000890278
0.00108463
0.00131959
0.00153007
0.00173496
0.00991529
0.00942071
0.00889879
0.0082612
0.00763957
0.00701879
0.00640044
0.00578846
0.00518719
0.00460235
0.00404046
0.00350825
0.00301211
0.00255761
0.00214899
0.00178896
0.00147866
0.00121774
0.00100474
0.000837552
0.000713941
0.000632009
0.000590362
0.00058785
0.000623105
0.000694139
0.000798107
0.000933528
0.00106317
0.00119176
0.00857292
0.00817398
0.00774498
0.00723905
0.00675115
0.00626541
0.00577677
0.00528509
0.00479185
0.00430116
0.00381911
0.0033529
0.00291006
0.00249764
0.00212152
0.00178597
0.00149341
0.00124451
0.00103847
0.000873441
0.000746957
0.000656256
0.000598397
0.000570269
0.000568749
0.000591168
0.000635815
0.000702805
0.000773806
0.000847506
0.00754996
0.00722422
0.00686702
0.00645763
0.00606478
0.00567401
0.00527832
0.00487489
0.00446318
0.00404573
0.00362763
0.00321583
0.00281812
0.00244227
0.00209513
0.00178197
0.00150621
0.00126937
0.00107128
0.000910466
0.000784461
0.000690029
0.000623352
0.000580265
0.000556743
0.000549704
0.000557417
0.000579892
0.000610198
0.000645444
0.00677448
0.00650238
0.00619794
0.00585778
0.00553235
0.00520856
0.00487946
0.00454057
0.00419017
0.00382946
0.00346246
0.0030954
0.00273587
0.0023918
0.00207047
0.00177779
0.00151785
0.00129281
0.00110306
0.000947471
0.000823657
0.000728199
0.00065691
0.000605226
0.000568817
0.000544312
0.000529776
0.000524498
0.000527674
0.000537881
0.00618404
0.00595007
0.00568454
0.00539419
0.00511661
0.00484055
0.00455924
0.00426767
0.0039634
0.00364662
0.00332035
0.00299001
0.0026627
0.00234616
0.00204776
0.00177369
0.00152844
0.00131464
0.00113311
0.000983002
0.000862074
0.000766934
0.000693349
0.000636728
0.00059274
0.000557873
0.000529937
0.000507648
0.000493291
0.000488265
0.00573072
0.0055241
0.00528749
0.00503296
0.00478989
0.00454812
0.00430148
0.0040448
0.00377527
0.00349243
0.00319852
0.00289821
0.00259799
0.0023052
0.00202703
0.00176971
0.00153791
0.00133456
0.00116076
0.00101593
0.000898005
0.000803753
0.000729083
0.000669558
0.000620988
0.000579809
0.000543641
0.000510849
0.000485344
0.000471326
0.00537949
0.00519322
0.0049785
0.00475057
0.00453245
0.00431542
0.004094
0.00386309
0.00361968
0.00336295
0.0030946
0.0028187
0.00254113
0.0022687
0.00200824
0.00176582
0.00154614
0.00135228
0.00118552
0.00104551
0.000930402
0.000837175
0.000761987
0.000700637
0.000649115
0.000603906
0.000562434
0.00052314
0.000490562
0.000471386
0.00510584
0.00493489
0.00473715
0.00452932
0.00432953
0.00413068
0.00392758
0.00371557
0.00349163
0.00325482
0.00300653
0.00275036
0.0024916
0.00223647
0.00199134
0.00176201
0.00155308
0.00136764
0.00120713
0.00107136
0.000958712
0.000866405
0.000790872
0.000728197
0.000674551
0.000626488
0.000581561
0.000538248
0.000501271
0.00047941
0.00489242
0.00473329
0.00454908
0.00435678
0.00417076
0.00398506
0.00379507
0.00359664
0.00338693
0.00316515
0.0029325
0.00269218
0.00244891
0.00220832
0.0019763
0.00175828
0.0015587
0.00138061
0.00122552
0.00109336
0.00098274
0.000891096
0.000815132
0.000751237
0.000695809
0.000645649
0.000598453
0.000552725
0.000513166
0.000490274
0.00472658
0.00457697
0.00440383
0.00422359
0.0040478
0.00387157
0.00369061
0.00350162
0.00330213
0.00309153
0.00287097
0.00264327
0.00241262
0.00218409
0.00196308
0.00175468
0.00156309
0.00139129
0.00124077
0.0011116
0.00100253
0.000911205
0.00083461
0.000769435
0.000712365
0.00066058
0.000611857
0.00056478
0.000523913
0.000501074
0.00459917
0.00445733
0.0042933
0.00412241
0.0039541
0.0037844
0.00360941
0.00342666
0.00323434
0.00303196
0.00282063
0.00260283
0.00238229
0.00216359
0.00195167
0.00175128
0.00156639
0.00139983
0.00125308
0.00112627
0.00101825
0.000926892
0.000849424
0.000782841
0.000724231
0.0006711
0.00062133
0.000573607
0.000532281
0.00051014
0.00450339
0.00436781
0.0042111
0.00404739
0.00388428
0.00371873
0.00354761
0.00336872
0.00318125
0.00298478
0.00278031
0.0025701
0.00235747
0.0021466
0.00194203
0.00174818
0.00156876
0.00140645
0.00126268
0.00113758
0.00103014
0.000938406
0.000859853
0.000791795
0.000731705
0.000677406
0.000626903
0.000578972
0.000537695
0.000516494
0.00443395
0.00430326
0.00415227
0.00399386
0.00383423
0.00367112
0.00350221
0.00332556
0.00314109
0.00294862
0.00274902
0.00254437
0.00233773
0.00213292
0.00193413
0.00174545
0.00157034
0.00141133
0.00126977
0.00114579
0.00103847
0.000946032
0.000866239
0.000796708
0.000735181
0.000679843
0.000628797
0.0005809
0.000539926
0.000519591
0.00438655
0.00425959
0.00411305
0.00395844
0.00380091
0.00363902
0.00347109
0.00329552
0.00311251
0.00292238
0.0027259
0.00252505
0.00232269
0.00212236
0.00192792
0.00174315
0.00157128
0.00141466
0.00127456
0.0011511
0.00104345
0.000950029
0.000868859
0.00079784
0.000734991
0.000678729
0.000627232
0.000579495
0.000538931
0.000519214
0.00435764
0.00423355
0.00409053
0.00393871
0.00378231
0.00362069
0.00345272
0.00327735
0.00309447
0.0029052
0.00271029
0.00251165
0.00231204
0.00211474
0.00192333
0.00174131
0.00157165
0.00141655
0.00127717
0.00115365
0.00104526
0.000950592
0.000867933
0.000795439
0.000731352
0.000674167
0.000622405
0.000574919
0.000534808
0.000515397
0.0043443
0.00422261
0.00408248
0.00393281
0.00377702
0.00361499
0.00344619
0.00327007
0.00308622
0.00289644
0.00270168
0.00250381
0.00230553
0.00210992
0.00192033
0.00173994
0.00157152
0.00141708
0.0012777
0.00115355
0.001044
0.000947845
0.000863589
0.000789631
0.000724424
0.00066651
0.000614567
0.000567403
0.000527771
0.000508325
0.00434402
0.00422471
0.0040872
0.00393935
0.00378398
0.00362109
0.00345078
0.003273
0.00308726
0.00289568
0.00269975
0.00250132
0.00230303
0.00210785
0.00191887
0.00173904
0.00157089
0.00141626
0.00127618
0.00115084
0.00103973
0.000941848
0.000855913
0.000780523
0.00071434
0.000655882
0.000603915
0.000557208
0.000518108
0.000498315
0.00435449
0.00423798
0.00410316
0.00395714
0.00380219
0.0036384
0.00346599
0.00328563
0.00309725
0.00290268
0.00270436
0.00250409
0.00230451
0.0021085
0.00191895
0.00173859
0.00156972
0.00141407
0.00127259
0.00114551
0.00103246
0.000932642
0.000844969
0.000768227
0.000701158
0.000642431
0.000590707
0.000544604
0.000506155
0.000485743
0.00437344
0.00426054
0.00412896
0.0039851
0.00383078
0.00366609
0.00349133
0.00330769
0.00311597
0.00291742
0.00271556
0.00251224
0.00231009
0.00211196
0.0019206
0.00173854
0.00156794
0.00141039
0.00126682
0.00113749
0.00102218
0.000920259
0.000830838
0.000752844
0.000685081
0.000626346
0.000575071
0.000529884
0.000492276
0.000471058
0.00439857
0.00429049
0.00416319
0.00402224
0.00386911
0.00370356
0.00352636
0.00333905
0.00314333
0.0029401
0.00273362
0.00252607
0.00232004
0.00211841
0.00192387
0.00173884
0.00156539
0.00140502
0.00125866
0.00112663
0.00100881
0.000904729
0.00081364
0.000734566
0.000666366
0.000607783
0.000557308
0.000513371
0.000476843
0.000454785
0.0044274
0.00432577
0.0042042
0.00406747
0.00391603
0.0037501
0.00357066
0.00337965
0.00317947
0.00297114
0.00275908
0.00254613
0.00233483
0.00212815
0.00192886
0.00173941
0.00156182
0.00139764
0.0012478
0.00111268
0.000992219
0.000886085
0.00079356
0.000713681
0.000645316
0.000587173
0.000537759
0.00049545
0.00046032
0.000437549
0.00445702
0.00436419
0.00425033
0.00411909
0.00397044
0.00380494
0.00362392
0.00342962
0.00322498
0.00301146
0.00279298
0.00257343
0.00235527
0.00214172
0.00193579
0.00174012
0.0015569
0.00138778
0.00123378
0.00109529
0.000972247
0.000864396
0.000770898
0.000690675
0.000622534
0.000565149
0.000516999
0.000476627
0.000443386
0.00042003
0.004483
0.00440283
0.00429939
0.00417524
0.00403088
0.00386735
0.00368624
0.00348977
0.0032812
0.00306284
0.00283737
0.00260988
0.00238297
0.00216025
0.00194522
0.00174101
0.00155022
0.00137479
0.00121586
0.00107384
0.000948584
0.000839549
0.000745748
0.00066585
0.000598494
0.000542283
0.000495774
0.000457478
0.000426112
0.000402278
0.00449881
0.00443768
0.00434864
0.00423483
0.00409793
0.00393944
0.00376092
0.00356442
0.00335318
0.00313024
0.00289728
0.00265992
0.00242144
0.00218608
0.00195823
0.00174195
0.00154062
0.00135668
0.00119151
0.00104562
0.000918904
0.000808802
0.000715331
0.000636479
0.000570585
0.000516097
0.000471452
0.000435114
0.000405251
0.000382433
0.00449559
0.00445696
0.00438533
0.00428552
0.00416004
0.0040107
0.00383905
0.00364649
0.00343526
0.00320846
0.00296809
0.00271948
0.00246709
0.00221624
0.00197259
0.00174144
0.00152722
0.00133308
0.00116061
0.00100985
0.000879573
0.000769805
0.000677254
0.000599868
0.000535701
0.000482932
0.000440015
0.000405376
0.000377809
0.000360686
0.0171869
0.00660379
0.00444672
0.00304814
0.00207974
0.00142275
0.000994813
0.000732747
0.000583889
0.000505467
0.000467486
0.000451612
0.000447353
0.000448728
0.000452254
0.000455887
0.000458458
0.000459344
0.000458279
0.000455222
0.000450254
0.000443543
0.000435306
0.00042579
0.000415249
0.000403932
0.000392044
0.000379504
0.000366289
0.000355695
0.0195427
0.00769484
0.00520011
0.00357078
0.00244196
0.00168243
0.00117845
0.000858753
0.000667266
0.000558646
0.000500215
0.000471069
0.000458603
0.000455288
0.000456559
0.000459612
0.000462735
0.000464898
0.000465499
0.00046424
0.000461029
0.000455916
0.000449036
0.000440576
0.000430749
0.000419798
0.000407976
0.000395542
0.000383154
0.000371986
0.0224047
0.00873287
0.00597596
0.00410838
0.00282782
0.00197169
0.00139415
0.0010154
0.000777182
0.000632705
0.000547535
0.000498855
0.000472318
0.000459012
0.00045336
0.00045183
0.000452168
0.000452937
0.000453212
0.000452434
0.000450309
0.000446724
0.000441685
0.000435272
0.000427611
0.000418853
0.000409154
0.000398741
0.000388392
0.00037913
0.0257861
0.00963344
0.00672288
0.00458295
0.00318083
0.00225857
0.00162593
0.00119665
0.000913552
0.000731363
0.000615846
0.000543465
0.000498797
0.000471836
0.000456083
0.000447278
0.000442584
0.000440101
0.000438539
0.000437034
0.000435041
0.000432238
0.000428465
0.000423669
0.000417866
0.000411102
0.000403413
0.000394934
0.000386552
0.000379683
0.0297491
0.010444
0.00749601
0.00503918
0.00353651
0.00256446
0.00188472
0.00140834
0.00108058
0.000858818
0.00070995
0.000610395
0.000544092
0.000500201
0.000471398
0.000452709
0.000440712
0.000433013
0.000427928
0.000424259
0.000421173
0.000418108
0.0004147
0.000410728
0.000406077
0.000400679
0.000394469
0.000387508
0.000380693
0.000375682
0.0344753
0.0111613
0.00831501
0.00546032
0.00388124
0.00287706
0.00215969
0.0016422
0.00127285
0.00101229
0.00082921
0.000700601
0.000610258
0.000546851
0.000502428
0.000471412
0.000449847
0.000434884
0.000424439
0.000416979
0.000411375
0.000406804
0.000402678
0.00039859
0.000394269
0.000389531
0.000384214
0.000378296
0.000372582
0.000368782
0.040186
0.0118086
0.00921253
0.00583572
0.00420874
0.00318801
0.00244099
0.00188857
0.00148188
0.00118497
0.000968667
0.000810864
0.000695554
0.000611215
0.000549501
0.000504367
0.000471424
0.000447434
0.000429966
0.000417172
0.000407643
0.000400304
0.000394341
0.000389154
0.000384307
0.000379487
0.000374433
0.000369026
0.000363903
0.000360667
0.0471002
0.012428
0.010224
0.00615651
0.00451535
0.00348876
0.00271754
0.00213583
0.00169649
0.00136687
0.0011199
0.000934449
0.000794857
0.000689598
0.000610115
0.000550055
0.000504705
0.00047053
0.000444827
0.00042549
0.000410869
0.000399666
0.000390863
0.000383672
0.000377497
0.000371888
0.000366477
0.000361041
0.000356014
0.000352765
0.0553622
0.0130777
0.0113811
0.00641619
0.00479867
0.00376984
0.00297768
0.00237176
0.00190458
0.0015466
0.00127265
0.00106245
0.000900679
0.000775857
0.000679356
0.000604642
0.000546794
0.000502067
0.000467564
0.000441001
0.000420544
0.000404717
0.000392333
0.000382441
0.000374296
0.000367315
0.000361022
0.000355088
0.000349736
0.000346028
0.0649602
0.0138277
0.0127022
0.00661285
0.00505692
0.00402171
0.00321059
0.00258514
0.00209484
0.00171321
0.00141669
0.00118555
0.0010047
0.000862727
0.000750979
0.000662856
0.00059331
0.000538474
0.000495328
0.000461474
0.000434964
0.000414198
0.000397859
0.000384871
0.000374358
0.000365623
0.000358087
0.000351322
0.000345346
0.000340889
0.0755795
0.0147401
0.0141791
0.00674977
0.0052874
0.00423582
0.00340769
0.00276712
0.00225824
0.00185779
0.00154335
0.0012955
0.00109922
0.000943143
0.000818631
0.000719051
0.000639321
0.000575508
0.000524529
0.000483923
0.00045168
0.00042613
0.000405873
0.000389739
0.000376757
0.000366128
0.000357192
0.00034943
0.000342681
0.00033735
0.0865155
0.0158371
0.0157609
0.00683467
0.00548542
0.00440585
0.00356349
0.00291189
0.00238878
0.00197418
0.00164645
0.00138612
0.00117818
0.0010113
0.000876837
0.000768182
0.000680241
0.00060907
0.000551566
0.000505238
0.00046805
0.000438301
0.000414545
0.000395554
0.000380287
0.000367874
0.000357588
0.000348841
0.000341319
0.000335143
0.0967123
0.0170683
0.0173459
0.00687788
0.00564432
0.00452877
0.00367576
0.00301685
0.00248364
0.00205929
0.00172253
0.00145368
0.00123767
0.0010632
0.000921658
0.00080645
0.000712497
0.000635863
0.000573448
0.000522759
0.000481754
0.000448718
0.000422189
0.000400903
0.000383781
0.000369905
0.0003585
0.000348929
0.000340763
0.000333892
0.104901
0.0182698
0.0187513
0.00689054
0.0057569
0.00460521
0.00374541
0.00308235
0.00254285
0.0021127
0.00177064
0.00149675
0.00127591
0.00109682
0.000950917
0.000831622
0.000733878
0.000653762
0.000588185
0.000534664
0.000491156
0.000455945
0.000427558
0.000404724
0.000386342
0.000371469
0.000359305
0.000349179
0.000340588
0.000333258
0.109481
0.0190739
0.0196092
0.00688955
0.00581507
0.0046395
0.00377648
0.00311143
0.00256901
0.00213634
0.00179204
0.00151601
0.00129307
0.00111196
0.000964133
0.000843022
0.000743585
0.000661909
0.000594911
0.000540108
0.000495459
0.000459244
0.000429993
0.000406435
0.000387467
0.00037214
0.00035964
0.000349282
0.000340524
0.000333008
0.109523
0.0190884
0.0196424
0.00689508
0.00581097
0.00463688
0.00377353
0.0031081
0.00256568
0.00213319
0.00178912
0.00151333
0.00129063
0.00110976
0.000962159
0.000841273
0.000742058
0.000660598
0.000593802
0.000539179
0.000494682
0.000458587
0.000429433
0.000405959
0.000387074
0.000371832
0.000359419
0.00034915
0.000340481
0.000333049
0.105024
0.018309
0.0188417
0.00690727
0.00574599
0.00459781
0.00373701
0.00307272
0.00253315
0.00210348
0.00176208
0.00148891
0.00126878
0.00109039
0.000945167
0.000826543
0.000729456
0.000649971
0.000584979
0.000531975
0.000488897
0.00045403
0.000425926
0.000403341
0.000385205
0.000370585
0.000358681
0.000348819
0.00034049
0.000333409
0.0969007
0.0171233
0.0174703
0.00690505
0.0056301
0.00451784
0.00366304
0.00300193
0.00246833
0.00204463
0.00170891
0.00144123
0.00122639
0.00105308
0.000912663
0.000798553
0.000705661
0.000630024
0.000568514
0.000518609
0.000478252
0.000445741
0.000419652
0.000398771
0.000382049
0.000368584
0.000357601
0.000348458
0.000340716
0.000334249
0.0867511
0.0158994
0.0158936
0.00687008
0.00547185
0.00439304
0.00354787
0.00289295
0.00236889
0.00195494
0.00162857
0.00136984
0.00116353
0.000998259
0.000865363
0.000758212
0.00067169
0.000601818
0.000545455
0.000500089
0.000463688
0.000434588
0.000411401
0.000392948
0.000378221
0.000366361
0.000356639
0.000348463
0.000341505
0.000335864
0.0758458
0.0148048
0.0142987
0.00678961
0.00527768
0.00422286
0.00339062
0.00274555
0.00223497
0.00183501
0.00152217
0.00127631
0.00108212
0.00092811
0.000805588
0.000707884
0.000629875
0.000567581
0.000517888
0.000478331
0.000446942
0.000422117
0.000402524
0.000387037
0.00037471
0.00036475
0.000356495
0.000349419
0.000343344
0.000338649
0.0652438
0.0138932
0.0127945
0.00665191
0.00505276
0.00401021
0.00319343
0.00256237
0.00206957
0.00168818
0.00139338
0.00116458
0.000986238
0.000846759
0.00073738
0.000651438
0.000583829
0.000530632
0.000488814
0.000456019
0.000430377
0.000410378
0.000394768
0.000382506
0.000372735
0.000364755
0.000357986
0.000351988
0.00034676
0.000343
0.0556539
0.0131444
0.0114394
0.0064488
0.00479978
0.00376087
0.00296162
0.00234923
0.00187889
0.00152086
0.00124867
0.00104107
0.000882136
0.000760132
0.000666269
0.000593925
0.000538097
0.000495001
0.000461774
0.00043622
0.000416617
0.000401575
0.000389959
0.000380844
0.000373496
0.000367328
0.000361855
0.000356735
0.000352168
0.000349182
0.047395
0.0124969
0.0102485
0.0061776
0.00451947
0.00348251
0.00270345
0.00211491
0.00167204
0.00134215
0.00109693
0.000914191
0.000777623
0.000675335
0.000598582
0.000540892
0.000497472
0.000464793
0.00044024
0.000421834
0.000408036
0.000397618
0.000389603
0.000383218
0.00037787
0.000373102
0.000368533
0.000363925
0.00035969
0.000357154
0.0404807
0.0118801
0.00920732
0.00584159
0.00421222
0.00318361
0.00242931
0.00187042
0.00146028
0.00116304
0.00094843
0.000793304
0.000680972
0.000599518
0.000540383
0.000497395
0.000466126
0.000443404
0.000426927
0.000414977
0.000406234
0.000399674
0.000394507
0.000390135
0.000386121
0.000382142
0.000377924
0.000373333
0.000368981
0.000366423
0.0347672
0.0112342
0.00828585
0.00544889
0.00388005
0.0028728
0.00215037
0.0016277
0.00125546
0.000994669
0.000813175
0.000687024
0.000599364
0.000538489
0.000496248
0.000466971
0.000446725
0.000432772
0.000423162
0.000416466
0.000411618
0.000407819
0.000404485
0.000401203
0.000397694
0.000393767
0.000389252
0.000384114
0.000379129
0.000375953
0.0300348
0.0105157
0.0074483
0.00501007
0.00352735
0.00255846
0.00187734
0.00139794
0.00106823
0.000846458
0.000698988
0.000601493
0.00053736
0.000495441
0.000468267
0.000450837
0.000439803
0.000432889
0.000428514
0.000425553
0.000423203
0.000420899
0.000418262
0.00041506
0.000411167
0.000406516
0.00040104
0.000394795
0.000388651
0.000384199
0.0260619
0.00969995
0.00666069
0.00453756
0.00316218
0.00224954
0.00161997
0.0011903
0.000906381
0.000724376
0.000609978
0.00053914
0.000496023
0.000470411
0.000455742
0.000447783
0.000443787
0.000441939
0.000441013
0.000440184
0.000438902
0.000436823
0.000433765
0.00042966
0.000424518
0.000418394
0.00041133
0.000403469
0.00039568
0.000389305
0.0226666
0.00878984
0.00590258
0.0040504
0.00280064
0.00195936
0.00138907
0.00101252
0.000774515
0.000630316
0.000545916
0.000498251
0.000472706
0.000460253
0.000455317
0.000454412
0.000455337
0.000456693
0.000457579
0.000457441
0.00045596
0.000452996
0.00044854
0.000442669
0.000435506
0.000427219
0.000417983
0.000408049
0.000398187
0.000389357
0.0197901
0.0077351
0.00511562
0.00350677
0.0024111
0.00166862
0.00117424
0.000858426
0.000667796
0.000559401
0.000501402
0.000472875
0.000461062
0.000458376
0.000460281
0.000463996
0.000467787
0.000470596
0.000471811
0.000471107
0.000468379
0.000463673
0.000457124
0.00044893
0.00043932
0.000428561
0.000416949
0.000404786
0.000392741
0.000381938
0.0174304
0.00662334
0.00435171
0.00298567
0.00205045
0.00140921
0.000991022
0.000733473
0.000585784
0.000507603
0.00046996
0.00045463
0.00045103
0.000453141
0.000457479
0.000461985
0.000465412
0.000467055
0.000466581
0.000463917
0.000459156
0.000452497
0.000444186
0.000434497
0.000423725
0.000412158
0.000400056
0.000387414
0.000374279
0.000363991
0.00035123
0.000340626
0.000327005
0.000313472
0.000300703
0.000288672
0.00027732
0.000266626
0.000256558
0.000247078
0.000238137
0.000229693
0.000221703
0.00021413
0.000206937
0.000200094
0.000193571
0.000187342
0.000181384
0.000175674
0.000170194
0.000164926
0.000159853
0.000154961
0.000150237
0.000145667
0.000141243
0.000136952
0.000132787
0.000128739
0.000124801
0.000120965
0.000117226
0.000113579
0.000110018
0.000106538
0.000103137
9.98103e-05
9.65547e-05
9.33676e-05
9.02464e-05
8.71891e-05
8.41935e-05
8.12581e-05
7.83812e-05
7.55617e-05
7.27984e-05
7.00903e-05
6.74365e-05
6.48362e-05
6.22888e-05
5.97948e-05
5.73533e-05
5.49635e-05
5.26252e-05
5.03382e-05
4.81024e-05
4.59178e-05
4.37837e-05
4.17001e-05
3.96672e-05
3.76848e-05
3.57531e-05
3.3872e-05
3.20415e-05
3.02615e-05
2.85322e-05
2.68535e-05
2.52254e-05
2.36481e-05
2.21215e-05
2.06458e-05
1.92209e-05
1.78469e-05
1.65238e-05
1.52516e-05
1.40302e-05
1.28598e-05
1.17403e-05
1.06718e-05
9.65427e-06
8.68776e-06
7.77226e-06
6.90773e-06
6.09414e-06
5.33157e-06
4.62002e-06
3.95948e-06
3.34995e-06
2.79126e-06
2.28338e-06
1.82627e-06
1.42005e-06
1.06509e-06
7.61307e-07
5.08075e-07
3.05326e-07
1.53804e-07
5.37741e-08
5.80847e-09
0.000355769
0.000342981
0.000329699
0.000316606
0.000304196
0.000292502
0.000281449
0.000270992
0.000261093
0.000251718
0.000242825
0.00023438
0.000226348
0.000218697
0.000211399
0.000204426
0.000197756
0.000191366
0.000185237
0.000179349
0.000173686
0.000168233
0.000162975
0.0001579
0.000152996
0.000148251
0.000143655
0.0001392
0.000134876
0.000130677
0.000126593
0.00012262
0.000118751
0.00011498
0.000111303
0.000107715
0.000104212
0.00010079
9.74461e-05
9.41767e-05
9.09793e-05
8.78514e-05
8.47907e-05
8.17954e-05
7.88636e-05
7.59938e-05
7.31845e-05
7.04345e-05
6.77428e-05
6.51086e-05
6.25311e-05
6.00084e-05
5.75405e-05
5.51271e-05
5.27677e-05
5.04617e-05
4.82088e-05
4.60083e-05
4.38606e-05
4.17652e-05
3.9722e-05
3.77306e-05
3.5791e-05
3.39031e-05
3.20667e-05
3.02817e-05
2.8548e-05
2.68656e-05
2.52345e-05
2.36545e-05
2.21258e-05
2.06482e-05
1.92219e-05
1.78467e-05
1.65226e-05
1.52497e-05
1.40278e-05
1.2857e-05
1.17373e-05
1.06686e-05
9.65101e-06
8.68459e-06
7.76918e-06
6.90475e-06
6.09135e-06
5.32894e-06
4.61753e-06
3.95709e-06
3.34762e-06
2.78914e-06
2.28162e-06
1.82498e-06
1.41922e-06
1.06439e-06
7.60572e-07
5.07465e-07
3.04921e-07
1.53581e-07
5.37024e-08
5.79282e-09
0.000359434
0.000345665
0.000331898
0.000318581
0.000306169
0.000294608
0.000283743
0.000273475
0.000263744
0.000254502
0.000245706
0.000237321
0.000229316
0.000221661
0.000214333
0.000207309
0.000200569
0.000194094
0.000187868
0.000181875
0.000176101
0.000170533
0.000165157
0.000159963
0.00015494
0.000150078
0.000145367
0.0001408
0.000136368
0.000132063
0.00012788
0.000123811
0.000119851
0.000115994
0.000112235
0.00010857
0.000104995
0.000101506
9.80984e-05
9.47701e-05
9.1518e-05
8.83393e-05
8.52317e-05
8.21931e-05
7.92213e-05
7.63148e-05
7.34718e-05
7.0691e-05
6.7971e-05
6.53108e-05
6.27093e-05
6.01656e-05
5.76789e-05
5.52486e-05
5.28738e-05
5.05541e-05
4.82889e-05
4.60779e-05
4.39206e-05
4.18166e-05
3.97656e-05
3.77675e-05
3.58219e-05
3.39287e-05
3.20877e-05
3.02987e-05
2.85617e-05
2.68764e-05
2.52427e-05
2.36606e-05
2.21301e-05
2.0651e-05
1.92234e-05
1.78472e-05
1.65224e-05
1.52488e-05
1.40264e-05
1.28553e-05
1.17352e-05
1.06664e-05
9.64867e-06
8.68216e-06
7.76679e-06
6.90243e-06
6.08906e-06
5.32667e-06
4.61532e-06
3.95505e-06
3.34573e-06
2.78735e-06
2.27998e-06
1.82365e-06
1.41821e-06
1.06353e-06
7.59813e-07
5.06871e-07
3.04542e-07
1.53371e-07
5.3607e-08
5.77143e-09
0.000359651
0.000346006
0.000332317
0.000319125
0.000306927
0.00029563
0.000285033
0.000275014
0.000265499
0.000256435
0.000247779
0.000239496
0.000231558
0.00022394
0.000216621
0.000209584
0.000202811
0.000196288
0.00019
0.000183936
0.000178083
0.000172429
0.000166964
0.000161679
0.000156564
0.000151609
0.000146807
0.00014215
0.00013763
0.000133241
0.000128975
0.000124827
0.000120792
0.000116863
0.000113037
0.000109308
0.000105672
0.000102125
9.86646e-05
9.52865e-05
9.19879e-05
8.87661e-05
8.56184e-05
8.25426e-05
7.95367e-05
7.65986e-05
7.37266e-05
7.09192e-05
6.81749e-05
6.54925e-05
6.28708e-05
6.03087e-05
5.78054e-05
5.53599e-05
5.29715e-05
5.06395e-05
4.83633e-05
4.61423e-05
4.39761e-05
4.18643e-05
3.98064e-05
3.7802e-05
3.5851e-05
3.39529e-05
3.21077e-05
3.03151e-05
2.85749e-05
2.68869e-05
2.52509e-05
2.36669e-05
2.21346e-05
2.06542e-05
1.92254e-05
1.78481e-05
1.65225e-05
1.52482e-05
1.40254e-05
1.28538e-05
1.17335e-05
1.06644e-05
9.64652e-06
8.67987e-06
7.76447e-06
6.90025e-06
6.08688e-06
5.32435e-06
4.61304e-06
3.9529e-06
3.34371e-06
2.78547e-06
2.27827e-06
1.82215e-06
1.41691e-06
1.06244e-06
7.58914e-07
5.06178e-07
3.04079e-07
1.53111e-07
5.34951e-08
5.7481e-09
0.000356611
0.000343924
0.000330929
0.000318323
0.000306644
0.000295797
0.000285586
0.000275892
0.000266648
0.000257803
0.000249319
0.000241166
0.00023332
0.000225763
0.000218476
0.000211448
0.000204664
0.000198114
0.000191786
0.00018567
0.000179757
0.000174038
0.000168503
0.000163144
0.000157954
0.000152923
0.000148045
0.000143313
0.00013872
0.000134259
0.000129924
0.000125709
0.00012161
0.00011762
0.000113735
0.000109951
0.000106263
0.000102668
9.91612e-05
9.574e-05
9.24012e-05
8.91418e-05
8.59594e-05
8.28513e-05
7.98155e-05
7.68499e-05
7.39526e-05
7.11219e-05
6.83563e-05
6.56544e-05
6.30149e-05
6.04366e-05
5.79185e-05
5.54597e-05
5.30592e-05
5.07163e-05
4.84303e-05
4.62006e-05
4.40265e-05
4.19077e-05
3.98435e-05
3.78336e-05
3.58776e-05
3.39753e-05
3.21264e-05
3.03304e-05
2.85871e-05
2.68965e-05
2.52585e-05
2.36727e-05
2.21389e-05
2.06572e-05
1.92273e-05
1.78491e-05
1.65226e-05
1.52477e-05
1.40243e-05
1.28523e-05
1.17318e-05
1.06625e-05
9.64441e-06
8.67755e-06
7.76201e-06
6.89766e-06
6.08436e-06
5.32207e-06
4.61083e-06
3.95068e-06
3.34154e-06
2.78341e-06
2.27635e-06
1.82037e-06
1.41534e-06
1.06114e-06
7.57871e-07
5.05385e-07
3.03548e-07
1.52812e-07
5.33716e-08
5.72367e-09
0.000351452
0.000340154
0.000328237
0.000316522
0.000305568
0.000295304
0.000285564
0.000276252
0.000267316
0.000258716
0.000250424
0.000242418
0.00023468
0.000227197
0.000219958
0.000212953
0.000206174
0.000199612
0.000193259
0.000187108
0.000181151
0.000175381
0.000169792
0.000164375
0.000159124
0.000154032
0.000149092
0.000144299
0.000139644
0.000135124
0.000130731
0.000126461
0.000122308
0.000118267
0.000114333
0.000110502
0.00010677
0.000103133
9.95878e-05
9.61301e-05
9.2757e-05
8.94658e-05
8.62536e-05
8.3118e-05
8.00567e-05
7.70675e-05
7.41484e-05
7.12978e-05
6.85139e-05
6.57952e-05
6.31403e-05
6.0548e-05
5.80172e-05
5.55468e-05
5.31359e-05
5.07835e-05
4.8489e-05
4.62517e-05
4.40708e-05
4.19458e-05
3.98762e-05
3.78615e-05
3.59012e-05
3.39952e-05
3.21427e-05
3.03436e-05
2.85978e-05
2.6905e-05
2.5265e-05
2.36776e-05
2.21425e-05
2.06596e-05
1.92288e-05
1.78498e-05
1.65226e-05
1.52471e-05
1.40232e-05
1.28508e-05
1.173e-05
1.06605e-05
9.64222e-06
8.67525e-06
7.75958e-06
6.89509e-06
6.08171e-06
5.31946e-06
4.60832e-06
3.94825e-06
3.3392e-06
2.78117e-06
2.27422e-06
1.81836e-06
1.41355e-06
1.05967e-06
7.56705e-07
5.04512e-07
3.02979e-07
1.52497e-07
5.32428e-08
5.69856e-09
0.000345441
0.000335592
0.000324878
0.000314178
0.000304034
0.000294405
0.000285167
0.000276257
0.000267641
0.000259294
0.0002512
0.000243345
0.00023572
0.000228318
0.000221133
0.000214161
0.000207395
0.000200831
0.000194464
0.000188289
0.0001823
0.000176493
0.00017086
0.000165398
0.000160098
0.000154957
0.000149967
0.000145123
0.000140419
0.00013585
0.000131409
0.000127093
0.000122895
0.000118811
0.000114837
0.000110967
0.000107199
0.000103527
9.99488e-05
9.64604e-05
9.30586e-05
8.97405e-05
8.65033e-05
8.33445e-05
8.02617e-05
7.72526e-05
7.43151e-05
7.14476e-05
6.86481e-05
6.59152e-05
6.32473e-05
6.06431e-05
5.81015e-05
5.56213e-05
5.32014e-05
5.0841e-05
4.85393e-05
4.62954e-05
4.41086e-05
4.19784e-05
3.99042e-05
3.78854e-05
3.59215e-05
3.40119e-05
3.21565e-05
3.0355e-05
2.86069e-05
2.69122e-05
2.52705e-05
2.36817e-05
2.21454e-05
2.06615e-05
1.92297e-05
1.78501e-05
1.65223e-05
1.52463e-05
1.4022e-05
1.28492e-05
1.1728e-05
1.06582e-05
9.63985e-06
8.6728e-06
7.75703e-06
6.89247e-06
6.07905e-06
5.31676e-06
4.60562e-06
3.94562e-06
3.33668e-06
2.77876e-06
2.27192e-06
1.8162e-06
1.41163e-06
1.05806e-06
7.55409e-07
5.03564e-07
3.02379e-07
1.52181e-07
5.31187e-08
5.67451e-09
0.00033963
0.000331023
0.000321431
0.000311711
0.00030235
0.000293334
0.000284581
0.000276057
0.000267747
0.000259643
0.000251738
0.000244028
0.000236513
0.000229192
0.000222062
0.000215124
0.000208376
0.000201816
0.000195442
0.000189251
0.000183239
0.000177403
0.000171738
0.000166239
0.000160901
0.00015572
0.00015069
0.000145805
0.00014106
0.000136451
0.000131972
0.000127617
0.000123383
0.000119264
0.000115256
0.000111355
0.000107556
0.000103855
0.00010025
9.6736e-05
9.33103e-05
8.997e-05
8.6712e-05
8.35339e-05
8.04331e-05
7.74074e-05
7.44547e-05
7.1573e-05
6.87606e-05
6.60157e-05
6.3337e-05
6.07229e-05
5.81722e-05
5.56837e-05
5.32564e-05
5.08893e-05
4.85814e-05
4.6332e-05
4.41403e-05
4.20057e-05
3.99276e-05
3.79054e-05
3.59383e-05
3.40259e-05
3.2168e-05
3.03642e-05
2.86144e-05
2.6918e-05
2.52749e-05
2.36848e-05
2.21475e-05
2.06627e-05
1.92302e-05
1.78499e-05
1.65217e-05
1.52453e-05
1.40205e-05
1.28474e-05
1.17259e-05
1.0656e-05
9.63742e-06
8.67027e-06
7.75443e-06
6.88979e-06
6.07632e-06
5.314e-06
4.60285e-06
3.94287e-06
3.33399e-06
2.77619e-06
2.2695e-06
1.81396e-06
1.40963e-06
1.05637e-06
7.54072e-07
5.02606e-07
3.01786e-07
1.51879e-07
5.30072e-08
5.65273e-09
0.000334711
0.000326988
0.000318307
0.000309427
0.000300749
0.00029227
0.000283947
0.000275767
0.000267732
0.000259845
0.000252111
0.000244534
0.000237119
0.000229871
0.000222793
0.000215889
0.00020916
0.000202607
0.00019623
0.000190028
0.000183999
0.000178141
0.00017245
0.000166923
0.000161555
0.000156342
0.000151279
0.000146361
0.000141584
0.000136942
0.000132432
0.000128046
0.000123782
0.000119635
0.0001156
0.000111672
0.000107848
0.000104124
0.000100497
9.69622e-05
9.3517e-05
9.01584e-05
8.68835e-05
8.36895e-05
8.0574e-05
7.75347e-05
7.45695e-05
7.16762e-05
6.88531e-05
6.60985e-05
6.34108e-05
6.07885e-05
5.82303e-05
5.57351e-05
5.33016e-05
5.09289e-05
4.8616e-05
4.63621e-05
4.41663e-05
4.20281e-05
3.99468e-05
3.7922e-05
3.59526e-05
3.40375e-05
3.21771e-05
3.03715e-05
2.86201e-05
2.69225e-05
2.52783e-05
2.36873e-05
2.21491e-05
2.06634e-05
1.92303e-05
1.78495e-05
1.65208e-05
1.5244e-05
1.40189e-05
1.28456e-05
1.17239e-05
1.06537e-05
9.63501e-06
8.66775e-06
7.75182e-06
6.88712e-06
6.07361e-06
5.31128e-06
4.60012e-06
3.94013e-06
3.33131e-06
2.77362e-06
2.26706e-06
1.8117e-06
1.40763e-06
1.0547e-06
7.52781e-07
5.01704e-07
3.01249e-07
1.51618e-07
5.29184e-08
5.63459e-09
0.00033099
0.000323759
0.000315731
0.000307504
0.000299369
0.000291328
0.00028336
0.000275469
0.000267666
0.000259964
0.000252376
0.000244912
0.000237583
0.000230398
0.000223366
0.000216492
0.00020978
0.000203235
0.000196857
0.000190648
0.000184606
0.000178731
0.00017302
0.000167471
0.000162078
0.00015684
0.000151751
0.000146808
0.000142005
0.000137337
0.000132801
0.000128391
0.000124104
0.000119933
0.000115876
0.000111927
0.000108084
0.000104341
0.000100696
9.71444e-05
9.36836e-05
9.03103e-05
8.70217e-05
8.3815e-05
8.06877e-05
7.76374e-05
7.4662e-05
7.17594e-05
6.89278e-05
6.61653e-05
6.34703e-05
6.08414e-05
5.82773e-05
5.57766e-05
5.33381e-05
5.09609e-05
4.86439e-05
4.63862e-05
4.41872e-05
4.20461e-05
3.99622e-05
3.79347e-05
3.59629e-05
3.40463e-05
3.21847e-05
3.03777e-05
2.86251e-05
2.69263e-05
2.52811e-05
2.36892e-05
2.21502e-05
2.06639e-05
1.92301e-05
1.78488e-05
1.65197e-05
1.52426e-05
1.40174e-05
1.28438e-05
1.17219e-05
1.06515e-05
9.63275e-06
8.66539e-06
7.74936e-06
6.88461e-06
6.07109e-06
5.30873e-06
4.59755e-06
3.93755e-06
3.32875e-06
2.77114e-06
2.26471e-06
1.80954e-06
1.40574e-06
1.05315e-06
7.5161e-07
5.00923e-07
3.0081e-07
1.51421e-07
5.28574e-08
5.62052e-09
0.000328457
0.000321384
0.000313769
0.000306007
0.000298275
0.000290568
0.000282876
0.000275213
0.000267596
0.000260043
0.000252572
0.0002452
0.000237941
0.000230808
0.000223813
0.000216963
0.000210266
0.000203727
0.00019735
0.000191135
0.000185083
0.000179195
0.000173469
0.000167901
0.00016249
0.000157232
0.000152123
0.000147159
0.000142335
0.000137648
0.000133092
0.000128663
0.000124356
0.000120168
0.000116093
0.000112128
0.000108269
0.000104512
0.000100852
9.72879e-05
9.38148e-05
9.043e-05
8.71306e-05
8.39139e-05
8.07773e-05
7.77184e-05
7.4735e-05
7.18251e-05
6.89867e-05
6.6218e-05
6.35173e-05
6.08833e-05
5.83143e-05
5.58093e-05
5.33669e-05
5.09862e-05
4.8666e-05
4.64055e-05
4.42038e-05
4.20603e-05
3.99741e-05
3.79446e-05
3.59712e-05
3.40533e-05
3.21905e-05
3.03825e-05
2.86289e-05
2.69292e-05
2.52831e-05
2.36904e-05
2.21508e-05
2.0664e-05
1.92298e-05
1.78481e-05
1.65187e-05
1.52413e-05
1.40159e-05
1.28422e-05
1.17201e-05
1.06496e-05
9.63072e-06
8.66327e-06
7.74719e-06
6.88239e-06
6.06882e-06
5.30646e-06
4.59527e-06
3.93526e-06
3.32646e-06
2.76889e-06
2.26259e-06
1.80762e-06
1.40408e-06
1.05182e-06
7.50643e-07
5.00303e-07
3.00471e-07
1.51277e-07
5.28218e-08
5.61061e-09
0.000326907
0.000319772
0.000312385
0.000304932
0.000297479
0.000290011
0.000282523
0.00027503
0.000267552
0.000260112
0.00025273
0.000245427
0.000238221
0.000231128
0.00022416
0.000217329
0.000210642
0.000204108
0.000197729
0.00019151
0.00018545
0.000179552
0.000173813
0.000168232
0.000162806
0.000157533
0.000152408
0.000147428
0.000142589
0.000137885
0.000133314
0.00012887
0.000124549
0.000120347
0.000116259
0.000112282
0.000108411
0.000104642
0.000100972
9.73975e-05
9.3915e-05
9.05214e-05
8.72138e-05
8.39895e-05
8.08458e-05
7.77804e-05
7.47909e-05
7.18754e-05
6.90318e-05
6.62583e-05
6.35534e-05
6.09153e-05
5.83428e-05
5.58344e-05
5.33891e-05
5.10056e-05
4.86829e-05
4.64202e-05
4.42166e-05
4.20712e-05
3.99834e-05
3.79524e-05
3.59777e-05
3.40588e-05
3.21951e-05
3.03862e-05
2.86318e-05
2.69314e-05
2.52847e-05
2.36913e-05
2.21512e-05
2.0664e-05
1.92295e-05
1.78476e-05
1.65179e-05
1.52403e-05
1.40147e-05
1.28409e-05
1.17187e-05
1.06481e-05
9.62903e-06
8.66151e-06
7.74538e-06
6.88052e-06
6.06692e-06
5.30461e-06
4.59347e-06
3.93346e-06
3.32458e-06
2.76695e-06
2.26077e-06
1.80604e-06
1.4027e-06
1.05073e-06
7.49898e-07
4.99847e-07
3.0024e-07
1.51189e-07
5.2806e-08
5.60348e-09
0.000326066
0.000318774
0.000311499
0.000304236
0.000296966
0.000289658
0.000282309
0.000274933
0.000267552
0.000260189
0.000252869
0.000245614
0.000238444
0.000231377
0.000224427
0.000217607
0.000210927
0.000204394
0.000198014
0.00019179
0.000185724
0.000179817
0.000174068
0.000168476
0.000163039
0.000157754
0.000152617
0.000147626
0.000142774
0.00013806
0.000133477
0.000129022
0.000124691
0.000120478
0.000116381
0.000112394
0.000108514
0.000104737
0.000101059
9.74775e-05
9.39882e-05
9.05882e-05
8.72746e-05
8.40447e-05
8.08959e-05
7.78256e-05
7.48318e-05
7.19121e-05
6.90648e-05
6.62879e-05
6.35798e-05
6.09389e-05
5.83637e-05
5.5853e-05
5.34054e-05
5.102e-05
4.86955e-05
4.64312e-05
4.42261e-05
4.20794e-05
3.99904e-05
3.79584e-05
3.59827e-05
3.40629e-05
3.21985e-05
3.03891e-05
2.8634e-05
2.69331e-05
2.52858e-05
2.3692e-05
2.21515e-05
2.06641e-05
1.92294e-05
1.78472e-05
1.65174e-05
1.52396e-05
1.40138e-05
1.28398e-05
1.17176e-05
1.06469e-05
9.62774e-06
8.66016e-06
7.74399e-06
6.87911e-06
6.0655e-06
5.30323e-06
4.59212e-06
3.93217e-06
3.3233e-06
2.7655e-06
2.25933e-06
1.80477e-06
1.40163e-06
1.04993e-06
7.49364e-07
4.99523e-07
3.00076e-07
1.51133e-07
5.28063e-08
5.59942e-09
0.000325681
0.000318243
0.000311023
0.00030387
0.000296708
0.000289496
0.000282232
0.000274926
0.000267603
0.000260287
0.000253003
0.000245775
0.000238625
0.000231571
0.00022463
0.000217815
0.000211136
0.000204602
0.000198218
0.000191989
0.000185917
0.000180002
0.000174246
0.000168646
0.000163201
0.000157907
0.000152762
0.000147761
0.000142902
0.000138179
0.000133588
0.000129126
0.000124787
0.000120567
0.000116463
0.00011247
0.000108584
0.000104802
0.000101119
9.75317e-05
9.40377e-05
9.06333e-05
8.73157e-05
8.40821e-05
8.09298e-05
7.78564e-05
7.48595e-05
7.19372e-05
6.90873e-05
6.63081e-05
6.35979e-05
6.0955e-05
5.83781e-05
5.58658e-05
5.34167e-05
5.10299e-05
4.87043e-05
4.64388e-05
4.42328e-05
4.20852e-05
3.99954e-05
3.79626e-05
3.59864e-05
3.4066e-05
3.22011e-05
3.03911e-05
2.86357e-05
2.69343e-05
2.52867e-05
2.36926e-05
2.21519e-05
2.06643e-05
1.92294e-05
1.78471e-05
1.65171e-05
1.52391e-05
1.40132e-05
1.28392e-05
1.17168e-05
1.0646e-05
9.62688e-06
8.65926e-06
7.74306e-06
6.8781e-06
6.06437e-06
5.30203e-06
4.59097e-06
3.93101e-06
3.32225e-06
2.76486e-06
2.25881e-06
1.80396e-06
1.40078e-06
1.04939e-06
7.49074e-07
4.99327e-07
2.9994e-07
1.51085e-07
5.28216e-08
5.59907e-09
0.00032558
0.000318075
0.000310885
0.000303787
0.000296676
0.000289509
0.000282282
0.000275007
0.000267707
0.000260408
0.000253137
0.000245917
0.000238772
0.00023172
0.000224779
0.000217962
0.00021128
0.000204741
0.000198353
0.000192118
0.00018604
0.00018012
0.000174357
0.000168751
0.000163299
0.000158
0.000152849
0.000147843
0.000142977
0.000138249
0.000133654
0.000129186
0.000124843
0.000120619
0.000116511
0.000112514
0.000108625
0.000104839
0.000101153
9.75631e-05
9.40663e-05
9.06595e-05
8.73396e-05
8.41038e-05
8.09496e-05
7.78743e-05
7.48757e-05
7.19518e-05
6.91005e-05
6.63201e-05
6.36086e-05
6.09646e-05
5.83867e-05
5.58735e-05
5.34236e-05
5.1036e-05
4.87096e-05
4.64436e-05
4.4237e-05
4.20889e-05
3.99986e-05
3.79655e-05
3.59888e-05
3.40681e-05
3.22029e-05
3.03926e-05
2.86368e-05
2.69352e-05
2.52875e-05
2.36932e-05
2.21524e-05
2.06646e-05
1.92296e-05
1.78471e-05
1.6517e-05
1.5239e-05
1.4013e-05
1.28388e-05
1.17164e-05
1.06456e-05
9.62637e-06
8.65868e-06
7.74245e-06
6.87748e-06
6.06368e-06
5.30127e-06
4.59016e-06
3.93018e-06
3.32146e-06
2.76411e-06
2.25814e-06
1.80361e-06
1.4007e-06
1.04941e-06
7.49064e-07
4.99166e-07
2.9981e-07
1.51069e-07
5.28392e-08
5.59933e-09
0.000325682
0.000318208
0.000311037
0.00030395
0.000296843
0.000289677
0.000282446
0.000275165
0.000267858
0.00026055
0.00025327
0.000246041
0.000238887
0.000231827
0.000224878
0.000218053
0.000211364
0.000204819
0.000198424
0.000192183
0.0001861
0.000180175
0.000174408
0.000168797
0.000163342
0.000158039
0.000152884
0.000147875
0.000143007
0.000138276
0.000133679
0.000129209
0.000124864
0.000120638
0.000116529
0.00011253
0.000108639
0.000104852
0.000101165
9.75741e-05
9.40765e-05
9.06688e-05
8.7348e-05
8.41117e-05
8.09568e-05
7.78808e-05
7.48816e-05
7.19571e-05
6.91054e-05
6.63247e-05
6.36128e-05
6.09685e-05
5.83902e-05
5.58767e-05
5.34265e-05
5.10387e-05
4.87121e-05
4.64459e-05
4.42391e-05
4.20908e-05
4.00003e-05
3.7967e-05
3.59902e-05
3.40694e-05
3.2204e-05
3.03935e-05
2.86376e-05
2.69359e-05
2.52881e-05
2.36938e-05
2.21529e-05
2.06651e-05
1.923e-05
1.78474e-05
1.65171e-05
1.5239e-05
1.4013e-05
1.28388e-05
1.17163e-05
1.06455e-05
9.6262e-06
8.65843e-06
7.7421e-06
6.8771e-06
6.06339e-06
5.30101e-06
4.58987e-06
3.92987e-06
3.32117e-06
2.76381e-06
2.25786e-06
1.80347e-06
1.40066e-06
1.04935e-06
7.49028e-07
4.99191e-07
2.99836e-07
1.51081e-07
5.28436e-08
5.59968e-09
0.000326012
0.000318663
0.000311495
0.00030437
0.000297218
0.000290004
0.000282726
0.000275402
0.000268056
0.000260714
0.000253403
0.000246148
0.000238972
0.000231892
0.000224927
0.000218089
0.000211388
0.000204834
0.000198431
0.000192185
0.000186096
0.000180167
0.000174397
0.000168784
0.000163327
0.000158023
0.000152868
0.000147858
0.00014299
0.000138259
0.000133662
0.000129193
0.000124848
0.000120624
0.000116515
0.000112517
0.000108627
0.000104841
0.000101154
9.75644e-05
9.40676e-05
9.06607e-05
8.73408e-05
8.4105e-05
8.09508e-05
7.78757e-05
7.48772e-05
7.19529e-05
6.91017e-05
6.63215e-05
6.36102e-05
6.09663e-05
5.83885e-05
5.58753e-05
5.34254e-05
5.10378e-05
4.87114e-05
4.64454e-05
4.42388e-05
4.20906e-05
4.00003e-05
3.79671e-05
3.59904e-05
3.40697e-05
3.22043e-05
3.03939e-05
2.8638e-05
2.69363e-05
2.52885e-05
2.36942e-05
2.21534e-05
2.06655e-05
1.92304e-05
1.78478e-05
1.65175e-05
1.52394e-05
1.40133e-05
1.2839e-05
1.17165e-05
1.06456e-05
9.62634e-06
8.65853e-06
7.74215e-06
6.87715e-06
6.06348e-06
5.30114e-06
4.59e-06
3.92995e-06
3.32119e-06
2.76378e-06
2.25789e-06
1.80356e-06
1.40071e-06
1.04931e-06
7.49039e-07
4.99336e-07
2.99971e-07
1.51112e-07
5.28252e-08
5.59869e-09
0.000326702
0.000319536
0.000312331
0.000305102
0.000297838
0.000290518
0.000283142
0.000275731
0.000268308
0.0002609
0.000253534
0.000246234
0.000239019
0.000231909
0.000224918
0.00021806
0.000211343
0.000204777
0.000198365
0.000192112
0.000186019
0.000180087
0.000174316
0.000168703
0.000163246
0.000157944
0.000152791
0.000147784
0.000142919
0.000138192
0.000133597
0.000129132
0.000124791
0.00012057
0.000116464
0.00011247
0.000108584
0.000104801
0.000101117
9.75305e-05
9.40365e-05
9.06324e-05
8.7315e-05
8.40816e-05
8.09296e-05
7.78564e-05
7.48598e-05
7.19377e-05
6.90882e-05
6.63094e-05
6.35995e-05
6.09571e-05
5.83804e-05
5.58682e-05
5.34192e-05
5.10324e-05
4.87069e-05
4.64416e-05
4.42356e-05
4.2088e-05
3.99982e-05
3.79654e-05
3.59891e-05
3.40687e-05
3.22036e-05
3.03935e-05
2.86377e-05
2.69361e-05
2.52884e-05
2.36943e-05
2.21536e-05
2.06658e-05
1.92308e-05
1.78482e-05
1.6518e-05
1.52399e-05
1.40138e-05
1.28395e-05
1.1717e-05
1.06461e-05
9.62679e-06
8.65897e-06
7.74258e-06
6.87755e-06
6.0639e-06
5.30157e-06
4.59039e-06
3.93045e-06
3.32161e-06
2.76395e-06
2.25808e-06
1.80385e-06
1.40101e-06
1.04956e-06
7.49202e-07
4.99483e-07
3.00075e-07
1.51142e-07
5.28114e-08
5.59976e-09
0.000327975
0.000320968
0.000313642
0.000306207
0.000298743
0.000291242
0.000283706
0.000276154
0.000268612
0.000261105
0.000253656
0.000246287
0.000239017
0.000231863
0.000224838
0.000217952
0.000211215
0.000204634
0.000198211
0.000191951
0.000185855
0.000179922
0.000174151
0.000168541
0.000163089
0.000157791
0.000152644
0.000147643
0.000142785
0.000138064
0.000133477
0.000129019
0.000124685
0.000120471
0.000116372
0.000112385
0.000108504
0.000104727
0.00010105
9.74685e-05
9.39797e-05
9.05805e-05
8.72677e-05
8.40387e-05
8.08907e-05
7.78213e-05
7.48283e-05
7.19094e-05
6.90628e-05
6.62867e-05
6.35795e-05
6.09393e-05
5.83649e-05
5.58546e-05
5.34072e-05
5.1022e-05
4.86978e-05
4.64337e-05
4.4229e-05
4.20825e-05
3.99936e-05
3.79617e-05
3.59861e-05
3.40662e-05
3.22016e-05
3.03919e-05
2.86366e-05
2.69353e-05
2.52879e-05
2.36941e-05
2.21536e-05
2.0666e-05
1.92311e-05
1.78487e-05
1.65185e-05
1.52405e-05
1.40144e-05
1.28402e-05
1.17177e-05
1.06469e-05
9.62756e-06
8.65973e-06
7.74334e-06
6.8783e-06
6.06458e-06
5.30217e-06
4.59098e-06
3.93096e-06
3.32216e-06
2.76469e-06
2.25878e-06
1.80443e-06
1.40156e-06
1.05004e-06
7.49548e-07
4.99702e-07
3.00192e-07
1.51177e-07
5.28009e-08
5.60229e-09
0.000330122
0.000323135
0.000315537
0.000307753
0.000299971
0.000292196
0.000284424
0.000276673
0.000268963
0.000261318
0.000253756
0.000246296
0.000238953
0.00023174
0.00022467
0.000217751
0.000210989
0.000204389
0.000197956
0.000191689
0.00018559
0.000179658
0.000173892
0.000168287
0.000162843
0.000157554
0.000152416
0.000147426
0.000142579
0.000137869
0.000133294
0.000128846
0.000124524
0.00012032
0.000116232
0.000112255
0.000108384
0.000104616
0.000100948
9.73747e-05
9.38938e-05
9.0502e-05
8.71963e-05
8.39738e-05
8.08319e-05
7.77682e-05
7.47804e-05
7.18665e-05
6.90244e-05
6.62524e-05
6.35487e-05
6.0912e-05
5.83411e-05
5.58337e-05
5.33886e-05
5.10056e-05
4.86836e-05
4.64216e-05
4.42185e-05
4.20735e-05
3.9986e-05
3.79555e-05
3.59811e-05
3.40621e-05
3.21983e-05
3.03892e-05
2.86345e-05
2.69338e-05
2.52869e-05
2.36935e-05
2.21533e-05
2.0666e-05
1.92314e-05
1.78491e-05
1.65191e-05
1.52412e-05
1.40153e-05
1.28411e-05
1.17187e-05
1.06479e-05
9.62865e-06
8.66087e-06
7.74448e-06
6.87944e-06
6.06571e-06
5.30321e-06
4.59191e-06
3.93185e-06
3.32309e-06
2.76568e-06
2.25977e-06
1.80535e-06
1.40239e-06
1.0507e-06
7.50017e-07
4.99996e-07
3.00341e-07
1.51225e-07
5.28002e-08
5.60717e-09
0.000333439
0.000326202
0.000318111
0.000309792
0.000301548
0.000293388
0.000285295
0.000277277
0.000269348
0.000261523
0.000253817
0.00024624
0.000238806
0.000231522
0.000224397
0.000217437
0.000210646
0.000204027
0.000197581
0.000191309
0.00018521
0.000179282
0.000173523
0.000167929
0.000162496
0.00015722
0.000152098
0.000147123
0.000142291
0.000137598
0.000133038
0.000128607
0.0001243
0.000120112
0.000116038
0.000112075
0.000108218
0.000104463
0.000100807
9.72454e-05
9.37755e-05
9.0394e-05
8.70979e-05
8.38844e-05
8.07509e-05
7.7695e-05
7.47145e-05
7.18073e-05
6.89713e-05
6.6205e-05
6.35065e-05
6.08745e-05
5.83074e-05
5.58039e-05
5.33629e-05
5.09834e-05
4.86643e-05
4.64049e-05
4.42041e-05
4.20611e-05
3.99755e-05
3.79467e-05
3.59738e-05
3.40562e-05
3.21934e-05
3.03853e-05
2.86316e-05
2.69317e-05
2.52854e-05
2.36926e-05
2.21528e-05
2.06659e-05
1.92315e-05
1.78496e-05
1.65198e-05
1.52421e-05
1.40163e-05
1.28423e-05
1.172e-05
1.06493e-05
9.63011e-06
8.66239e-06
7.74602e-06
6.88098e-06
6.06724e-06
5.30471e-06
4.59337e-06
3.93328e-06
3.32451e-06
2.76709e-06
2.26108e-06
1.80653e-06
1.40342e-06
1.05153e-06
7.506e-07
5.00366e-07
3.00539e-07
1.51303e-07
5.28145e-08
5.61497e-09
0.000338127
0.000330261
0.000321399
0.00031233
0.000303462
0.000294797
0.000286293
0.000277939
0.000269738
0.000261694
0.000253812
0.000246096
0.000238552
0.000231184
0.000223995
0.000216989
0.000210165
0.000203525
0.000197068
0.000190793
0.000184697
0.000178777
0.00017303
0.00016745
0.000162035
0.000156779
0.000151676
0.000146723
0.000141913
0.000137241
0.000132703
0.000128293
0.000124006
0.000119838
0.000115784
0.00011184
0.000108001
0.000104263
0.000100623
9.70768e-05
9.36213e-05
9.02532e-05
8.69698e-05
8.37681e-05
8.06456e-05
7.75999e-05
7.46288e-05
7.17302e-05
6.89024e-05
6.61434e-05
6.34517e-05
6.08257e-05
5.82642e-05
5.57658e-05
5.33295e-05
5.09543e-05
4.86391e-05
4.63829e-05
4.41851e-05
4.2045e-05
3.9962e-05
3.79352e-05
3.59641e-05
3.40481e-05
3.2187e-05
3.03803e-05
2.86276e-05
2.69288e-05
2.52834e-05
2.36912e-05
2.21521e-05
2.06657e-05
1.92318e-05
1.78502e-05
1.65208e-05
1.52433e-05
1.40177e-05
1.28438e-05
1.17216e-05
1.0651e-05
9.63196e-06
8.6643e-06
7.74798e-06
6.88296e-06
6.06921e-06
5.30668e-06
4.59532e-06
3.93521e-06
3.32639e-06
2.76891e-06
2.26276e-06
1.80801e-06
1.40468e-06
1.05253e-06
7.51328e-07
5.00844e-07
3.00805e-07
1.51418e-07
5.2845e-08
5.62542e-09
0.000344166
0.000335241
0.00032532
0.00031529
0.000305642
0.00029636
0.00028736
0.000278608
0.000270087
0.000261787
0.000253701
0.000245826
0.000238158
0.000230695
0.000223435
0.000216378
0.000209521
0.00020286
0.000196394
0.000190119
0.00018403
0.000178123
0.000172394
0.000166836
0.000161444
0.000156214
0.000151138
0.000146213
0.000141431
0.000136788
0.000132278
0.000127895
0.000123635
0.000119493
0.000115464
0.000111543
0.000107727
0.000104011
0.000100391
9.68647e-05
9.34274e-05
9.00764e-05
8.68089e-05
8.36221e-05
8.05134e-05
7.74806e-05
7.45213e-05
7.16338e-05
6.88159e-05
6.60662e-05
6.3383e-05
6.07648e-05
5.82104e-05
5.57184e-05
5.32879e-05
5.09179e-05
4.86074e-05
4.63556e-05
4.41616e-05
4.20249e-05
3.99448e-05
3.79207e-05
3.5952e-05
3.40382e-05
3.2179e-05
3.03739e-05
2.86227e-05
2.69251e-05
2.52808e-05
2.36896e-05
2.21512e-05
2.06655e-05
1.92321e-05
1.7851e-05
1.65218e-05
1.52446e-05
1.40193e-05
1.28457e-05
1.17237e-05
1.06532e-05
9.6342e-06
8.66662e-06
7.75036e-06
6.88537e-06
6.07161e-06
5.30906e-06
4.59769e-06
3.93754e-06
3.32867e-06
2.77109e-06
2.26477e-06
1.80979e-06
1.40618e-06
1.05372e-06
7.52211e-07
5.01432e-07
3.01137e-07
1.51574e-07
5.29021e-08
5.64078e-09
0.0003512
0.000340831
0.000329619
0.000318472
0.000307931
0.000297948
0.000288393
0.000279196
0.00027032
0.000261738
0.000253429
0.000245378
0.000237575
0.000230011
0.000222677
0.000215568
0.000208678
0.000202
0.00019553
0.00018926
0.000183184
0.000177298
0.000171593
0.000166064
0.000160705
0.000155508
0.000150468
0.000145578
0.000140833
0.000136225
0.000131751
0.000127403
0.000123177
0.000119067
0.000115069
0.000111178
0.00010739
0.000103701
0.000100107
9.66043e-05
9.31895e-05
8.98597e-05
8.66118e-05
8.34434e-05
8.03517e-05
7.73347e-05
7.439e-05
7.15159e-05
6.87105e-05
6.59721e-05
6.32992e-05
6.06905e-05
5.81447e-05
5.56607e-05
5.32373e-05
5.08737e-05
4.8569e-05
4.63223e-05
4.4133e-05
4.20004e-05
3.9924e-05
3.79031e-05
3.59374e-05
3.40262e-05
3.21692e-05
3.03661e-05
2.86167e-05
2.69206e-05
2.52776e-05
2.36874e-05
2.215e-05
2.06651e-05
1.92324e-05
1.78517e-05
1.65231e-05
1.52462e-05
1.40211e-05
1.28478e-05
1.1726e-05
1.06557e-05
9.6368e-06
8.66929e-06
7.75309e-06
6.88814e-06
6.07439e-06
5.31182e-06
4.60041e-06
3.94021e-06
3.33124e-06
2.7735e-06
2.26701e-06
1.8118e-06
1.4079e-06
1.0551e-06
7.53245e-07
5.02137e-07
3.01552e-07
1.5178e-07
5.29816e-08
5.65954e-09
0.000358462
0.000346427
0.000333835
0.000321533
0.00031007
0.000299362
0.000289231
0.000279574
0.00027033
0.000261455
0.000252915
0.000244684
0.000236744
0.000229076
0.00022167
0.000214513
0.000207595
0.000200906
0.000194437
0.000188181
0.000182128
0.000176271
0.000170601
0.000165111
0.000159794
0.000154641
0.000149646
0.000144802
0.000140102
0.00013554
0.000131109
0.000126804
0.00012262
0.00011855
0.00011459
0.000110736
0.000106983
0.000103327
9.97639e-05
9.62903e-05
9.2903e-05
8.95987e-05
8.63748e-05
8.32286e-05
8.01575e-05
7.71596e-05
7.42325e-05
7.13746e-05
6.85841e-05
6.58593e-05
6.3199e-05
6.06017e-05
5.80662e-05
5.55916e-05
5.31768e-05
5.08208e-05
4.8523e-05
4.62826e-05
4.40989e-05
4.19712e-05
3.98992e-05
3.78822e-05
3.59199e-05
3.40119e-05
3.21576e-05
3.03569e-05
2.86094e-05
2.69151e-05
2.52736e-05
2.36848e-05
2.21484e-05
2.06644e-05
1.92324e-05
1.78524e-05
1.65243e-05
1.52479e-05
1.40232e-05
1.28501e-05
1.17285e-05
1.06584e-05
9.63963e-06
8.67216e-06
7.75599e-06
6.89107e-06
6.07737e-06
5.31478e-06
4.60332e-06
3.94305e-06
3.33398e-06
2.77609e-06
2.26941e-06
1.81398e-06
1.40978e-06
1.05663e-06
7.54412e-07
5.02951e-07
3.02046e-07
1.52035e-07
5.30823e-08
5.68105e-09
0.000364798
0.000351164
0.000337325
0.000324
0.000311708
0.000300336
0.000289669
0.000279576
0.00026998
0.000260822
0.000252058
0.000243654
0.000235582
0.00022782
0.000220348
0.000213152
0.000206216
0.000199527
0.000193072
0.000186842
0.000180824
0.000175009
0.000169387
0.000163949
0.000158685
0.000153589
0.000148651
0.000143864
0.000139221
0.000134714
0.000130338
0.000126086
0.000121952
0.000117931
0.000114019
0.000110209
0.000106498
0.000102881
9.93557e-05
9.59172e-05
9.25627e-05
8.92892e-05
8.60939e-05
8.29742e-05
7.99278e-05
7.69525e-05
7.40465e-05
7.12078e-05
6.8435e-05
6.57264e-05
6.30809e-05
6.04971e-05
5.79739e-05
5.55104e-05
5.31056e-05
5.07587e-05
4.84691e-05
4.62359e-05
4.40587e-05
4.1937e-05
3.98701e-05
3.78577e-05
3.58995e-05
3.3995e-05
3.21439e-05
3.03459e-05
2.86009e-05
2.69086e-05
2.52689e-05
2.36816e-05
2.21465e-05
2.06634e-05
1.92323e-05
1.7853e-05
1.65255e-05
1.52497e-05
1.40254e-05
1.28525e-05
1.17312e-05
1.06612e-05
9.64259e-06
8.67518e-06
7.759e-06
6.89412e-06
6.0805e-06
5.31787e-06
4.6062e-06
3.94583e-06
3.33675e-06
2.77879e-06
2.27191e-06
1.8162e-06
1.4117e-06
1.05822e-06
7.55654e-07
5.03837e-07
3.02602e-07
1.5233e-07
5.32011e-08
5.70501e-09
0.000368798
0.000354036
0.000339368
0.000325355
0.000312469
0.000300584
0.000289479
0.000279017
0.000269112
0.000259703
0.00025074
0.000242183
0.000233997
0.000226157
0.000218638
0.000211419
0.000204482
0.000197809
0.000191385
0.000185197
0.000179231
0.000173475
0.000167917
0.000162546
0.000157353
0.000152327
0.000147461
0.000142745
0.000138171
0.000133733
0.000129423
0.000125235
0.000121163
0.000117201
0.000113344
0.000109588
0.000105927
0.000102358
9.88767e-05
9.548e-05
9.21645e-05
8.89274e-05
8.57658e-05
8.26774e-05
7.966e-05
7.67115e-05
7.383e-05
7.1014e-05
6.82619e-05
6.55723e-05
6.29439e-05
6.03759e-05
5.7867e-05
5.54164e-05
5.30233e-05
5.0687e-05
4.84068e-05
4.61821e-05
4.40125e-05
4.18975e-05
3.98366e-05
3.78295e-05
3.58759e-05
3.39755e-05
3.2128e-05
3.03332e-05
2.85909e-05
2.6901e-05
2.52632e-05
2.36776e-05
2.2144e-05
2.06621e-05
1.9232e-05
1.78535e-05
1.65266e-05
1.52513e-05
1.40274e-05
1.28549e-05
1.17338e-05
1.0664e-05
9.64549e-06
8.67817e-06
7.76206e-06
6.89718e-06
6.08356e-06
5.32087e-06
4.60907e-06
3.94862e-06
3.33947e-06
2.78137e-06
2.2743e-06
1.81836e-06
1.41359e-06
1.0598e-06
7.56913e-07
5.04758e-07
3.03192e-07
1.52649e-07
5.33283e-08
5.72959e-09
0.000369112
0.000354165
0.000339372
0.000325196
0.00031206
0.000299878
0.000288473
0.000277732
0.000267585
0.000257973
0.00024885
0.000240171
0.000231902
0.000224011
0.000216469
0.000209252
0.000202338
0.000195704
0.000189335
0.000183211
0.000177317
0.00017164
0.000166166
0.000160882
0.000155776
0.000150839
0.000146061
0.000141431
0.000136943
0.000132587
0.000128357
0.000124245
0.000120246
0.000116354
0.000112563
0.00010887
0.000105268
0.000101754
9.83254e-05
9.49775e-05
9.17074e-05
8.85125e-05
8.53902e-05
8.23381e-05
7.93542e-05
7.64365e-05
7.35835e-05
7.07935e-05
6.80651e-05
6.53972e-05
6.27887e-05
6.02386e-05
5.7746e-05
5.53101e-05
5.29304e-05
5.0606e-05
4.83366e-05
4.61216e-05
4.39605e-05
4.18531e-05
3.9799e-05
3.77979e-05
3.58495e-05
3.39537e-05
3.21102e-05
3.03189e-05
2.85797e-05
2.68923e-05
2.52569e-05
2.36731e-05
2.2141e-05
2.06604e-05
1.92313e-05
1.78537e-05
1.65275e-05
1.52527e-05
1.40293e-05
1.28572e-05
1.17364e-05
1.06669e-05
9.64842e-06
8.68111e-06
7.765e-06
6.90008e-06
6.08629e-06
5.32355e-06
4.61187e-06
3.95136e-06
3.342e-06
2.78369e-06
2.27644e-06
1.82032e-06
1.41532e-06
1.06127e-06
7.58086e-07
5.05614e-07
3.03742e-07
1.52951e-07
5.34552e-08
5.7547e-09
0.000365307
0.000351522
0.000337312
0.000323408
0.00031029
0.000297972
0.000286367
0.000275422
0.000265091
0.00025533
0.000246096
0.000237344
0.000229037
0.000221139
0.000213618
0.000206445
0.000199593
0.000193038
0.000186759
0.000180735
0.000174949
0.000169383
0.000164023
0.000158855
0.000153865
0.000149043
0.000144377
0.000139857
0.000135475
0.000131221
0.00012709
0.000123072
0.000119163
0.000115356
0.000111646
0.000108027
0.000104497
0.00010105
9.76835e-05
9.43936e-05
9.11776e-05
8.80328e-05
8.49568e-05
8.19475e-05
7.9003e-05
7.61216e-05
7.33018e-05
7.05422e-05
6.78418e-05
6.51995e-05
6.26146e-05
6.00853e-05
5.76112e-05
5.51922e-05
5.28275e-05
5.05167e-05
4.82592e-05
4.60546e-05
4.3903e-05
4.18041e-05
3.97575e-05
3.7763e-05
3.58205e-05
3.39298e-05
3.20908e-05
3.03034e-05
2.85674e-05
2.68829e-05
2.52498e-05
2.36681e-05
2.21376e-05
2.06585e-05
1.92306e-05
1.7854e-05
1.65285e-05
1.52542e-05
1.40312e-05
1.28596e-05
1.17391e-05
1.06696e-05
9.65122e-06
8.6839e-06
7.76779e-06
6.90284e-06
6.08895e-06
5.32611e-06
4.61435e-06
3.95371e-06
3.34418e-06
2.78571e-06
2.27831e-06
1.82203e-06
1.41682e-06
1.06255e-06
7.59131e-07
5.06358e-07
3.0419e-07
1.53194e-07
5.35626e-08
5.77748e-09
0.000359971
0.000348888
0.000334568
0.000320315
0.000306872
0.000294225
0.000282321
0.000271133
0.000260626
0.000250753
0.000241463
0.000232706
0.000224436
0.000216611
0.000209192
0.000202144
0.000195436
0.00018904
0.000182929
0.000177082
0.000171476
0.000166094
0.000160917
0.00015593
0.000151119
0.000146471
0.000141975
0.000137619
0.000133395
0.000129293
0.000125305
0.000121425
0.000117645
0.00011396
0.000110366
0.000106856
0.000103427
0.000100075
9.67962e-05
9.35882e-05
9.04482e-05
8.73737e-05
8.43625e-05
8.14129e-05
7.85232e-05
7.5692e-05
7.2918e-05
7.02001e-05
6.75374e-05
6.4929e-05
6.23742e-05
5.98733e-05
5.74254e-05
5.50298e-05
5.26862e-05
5.03943e-05
4.81539e-05
4.59651e-05
4.38271e-05
4.17399e-05
3.97035e-05
3.7718e-05
3.57833e-05
3.38993e-05
3.20662e-05
3.02838e-05
2.85521e-05
2.68713e-05
2.52413e-05
2.36621e-05
2.21338e-05
2.06564e-05
1.923e-05
1.78545e-05
1.65299e-05
1.52563e-05
1.40339e-05
1.28626e-05
1.17423e-05
1.06729e-05
9.65455e-06
8.6872e-06
7.77098e-06
6.90588e-06
6.09185e-06
5.32887e-06
4.61696e-06
3.95608e-06
3.34626e-06
2.78758e-06
2.28008e-06
1.82368e-06
1.41822e-06
1.06371e-06
7.60099e-07
5.06991e-07
3.04563e-07
1.53416e-07
5.3635e-08
5.79328e-09
)
;

boundaryField
{
    inlet
    {
        type            calculated;
        value           nonuniform List<scalar> 
30
(
0.00467639
0.00467831
0.0047005
0.00474203
0.00480039
0.00487146
0.00495
0.00503052
0.00510789
0.00517776
0.00523689
0.00528317
0.0053156
0.00533415
0.00533958
0.00533314
0.00531479
0.00528342
0.00523847
0.00518017
0.00510971
0.00502935
0.00494251
0.00485363
0.00476792
0.00469095
0.00462797
0.00458312
0.00455892
0.0045562
)
;
    }
    outlet
    {
        type            calculated;
        value           uniform 0;
    }
    top
    {
        type            calculated;
        value           nonuniform List<scalar> 
135
(
0.0045562
0.00454865
0.0045389
0.00452999
0.00452044
0.00449559
0.00445696
0.00438533
0.00428552
0.00416004
0.0040107
0.00383905
0.00364649
0.00343526
0.00320846
0.00296809
0.00271948
0.00246709
0.00221624
0.00197259
0.00174144
0.00152722
0.00133308
0.00116061
0.00100985
0.000879573
0.000769805
0.000677254
0.000599868
0.000535701
0.000482932
0.000440015
0.000405376
0.000377809
0.000360686
0.000359971
0.000348888
0.000334568
0.000320315
0.000306872
0.000294225
0.000282321
0.000271133
0.000260626
0.000250753
0.000241463
0.000232706
0.000224436
0.000216611
0.000209192
0.000202144
0.000195436
0.00018904
0.000182929
0.000177082
0.000171476
0.000166094
0.000160917
0.00015593
0.000151119
0.000146471
0.000141975
0.000137619
0.000133395
0.000129293
0.000125305
0.000121425
0.000117645
0.00011396
0.000110366
0.000106856
0.000103427
0.000100075
9.67962e-05
9.35882e-05
9.04482e-05
8.73737e-05
8.43625e-05
8.14129e-05
7.85232e-05
7.5692e-05
7.2918e-05
7.02001e-05
6.75374e-05
6.4929e-05
6.23742e-05
5.98733e-05
5.74254e-05
5.50298e-05
5.26862e-05
5.03943e-05
4.81539e-05
4.59651e-05
4.38271e-05
4.17399e-05
3.97035e-05
3.7718e-05
3.57833e-05
3.38993e-05
3.20662e-05
3.02838e-05
2.85521e-05
2.68713e-05
2.52413e-05
2.36621e-05
2.21338e-05
2.06564e-05
1.923e-05
1.78545e-05
1.65299e-05
1.52563e-05
1.40339e-05
1.28626e-05
1.17423e-05
1.06729e-05
9.65455e-06
8.6872e-06
7.77098e-06
6.90588e-06
6.09185e-06
5.32887e-06
4.61696e-06
3.95608e-06
3.34626e-06
2.78758e-06
2.28008e-06
1.82368e-06
1.41822e-06
1.06371e-06
7.60099e-07
5.06991e-07
3.04563e-07
1.53416e-07
5.3635e-08
5.79328e-09
)
;
    }
    bottom
    {
        type            calculated;
        value           nonuniform List<scalar> 
135
(
0.00467639
0.00466955
0.00466087
0.00465319
0.00464472
0.00461497
0.00457975
0.00451243
0.00441702
0.00429522
0.00414833
0.00397682
0.00378116
0.00356324
0.00332599
0.00307207
0.00280782
0.00253891
0.0022719
0.00201336
0.00176921
0.00154415
0.00134143
0.00116257
0.00100739
0.000874406
0.000763367
0.00067058
0.000593576
0.000530099
0.000477992
0.000435463
0.000400843
0.000372939
0.000355112
0.00035123
0.000340626
0.000327005
0.000313472
0.000300703
0.000288672
0.00027732
0.000266626
0.000256558
0.000247078
0.000238137
0.000229693
0.000221703
0.00021413
0.000206937
0.000200094
0.000193571
0.000187342
0.000181384
0.000175674
0.000170194
0.000164926
0.000159853
0.000154961
0.000150237
0.000145667
0.000141243
0.000136952
0.000132787
0.000128739
0.000124801
0.000120965
0.000117226
0.000113579
0.000110018
0.000106538
0.000103137
9.98103e-05
9.65547e-05
9.33676e-05
9.02464e-05
8.71891e-05
8.41935e-05
8.12581e-05
7.83812e-05
7.55617e-05
7.27984e-05
7.00903e-05
6.74365e-05
6.48362e-05
6.22888e-05
5.97948e-05
5.73533e-05
5.49635e-05
5.26252e-05
5.03382e-05
4.81024e-05
4.59178e-05
4.37837e-05
4.17001e-05
3.96672e-05
3.76848e-05
3.57531e-05
3.3872e-05
3.20415e-05
3.02615e-05
2.85322e-05
2.68535e-05
2.52254e-05
2.36481e-05
2.21215e-05
2.06458e-05
1.92209e-05
1.78469e-05
1.65238e-05
1.52516e-05
1.40302e-05
1.28598e-05
1.17403e-05
1.06718e-05
9.65427e-06
8.68776e-06
7.77226e-06
6.90773e-06
6.09414e-06
5.33157e-06
4.62002e-06
3.95948e-06
3.34995e-06
2.79126e-06
2.28338e-06
1.82627e-06
1.42005e-06
1.06509e-06
7.61307e-07
5.08075e-07
3.05326e-07
1.53804e-07
5.37741e-08
5.80847e-09
)
;
    }
    obstacle
    {
        type            calculated;
        value           nonuniform List<scalar> 
120
(
0.0331403
0.0307128
0.0279562
0.0251533
0.022358
0.01957
0.0168517
0.0142627
0.0118521
0.00965799
0.00770486
0.00600342
0.00455391
0.00335027
0.00238452
0.00165046
0.00114635
0.000876249
0.00084897
0.00107595
0.00156798
0.00233065
0.00335908
0.00463556
0.00612832
0.00779186
0.0095694
0.0114462
0.0133711
0.0151092
0.0171869
0.0195427
0.0224047
0.0257861
0.0297491
0.0344753
0.040186
0.0471002
0.0553622
0.0649602
0.0755795
0.0865155
0.0967123
0.104901
0.109481
0.109523
0.105024
0.0969007
0.0867511
0.0758458
0.0652438
0.0556539
0.047395
0.0404807
0.0347672
0.0300348
0.0260619
0.0226666
0.0197901
0.0174304
0.0340861
0.0316165
0.0287789
0.0258724
0.0229696
0.0200795
0.0172684
0.0145985
0.0121198
0.00987033
0.00787395
0.00614021
0.00466796
0.00344984
0.00247672
0.00174153
0.00124187
0.000981473
0.00096894
0.00121542
0.00173128
0.00252121
0.00357876
0.00488382
0.00640154
0.00808283
0.00986773
0.0117398
0.0136464
0.0153636
0.0358532
0.0387687
0.0420029
0.0454766
0.0491508
0.0531627
0.0577051
0.0629849
0.0691687
0.0763019
0.0842111
0.0924073
0.100112
0.106361
0.109922
0.110058
0.106752
0.100708
0.09315
0.0850504
0.077194
0.0700795
0.0638924
0.0585988
0.0540433
0.0500276
0.0463647
0.0429187
0.0397081
0.03681
)
;
    }
    frontAndBack
    {
        type            empty;
    }
}


// ************************************************************************* //
