/*--------------------------------*- C++ -*----------------------------------*\
  =========                 |
  \\      /  F ield         | OpenFOAM: The Open Source CFD Toolbox
   \\    /   O peration     | Website:  https://openfoam.org
    \\  /    A nd           | Version:  12
     \\/     M anipulation  |
\*---------------------------------------------------------------------------*/
FoamFile
{
    format      ascii;
    class       volScalarField;
    location    "100";
    object      pMean;
}
// * * * * * * * * * * * * * * * * * * * * * * * * * * * * * * * * * * * * * //

dimensions      [0 2 -2 0 0 0 0];

internalField   nonuniform List<scalar> 
6750
(
-0.0125991
-0.0126345
-0.0127059
-0.0129059
-0.0137858
-0.0106364
-0.0106497
-0.0107475
-0.0109832
-0.0112901
-0.00846104
-0.00849444
-0.00859487
-0.0087647
-0.00888222
-0.00624202
-0.00631011
-0.00640482
-0.00651862
-0.00656428
-0.00406789
-0.00417948
-0.00428285
-0.00436727
-0.00437438
-0.00201781
-0.00217713
-0.00229917
-0.00237006
-0.00235635
-0.00014094
-0.000349163
-0.000493156
-0.000556569
-0.000529587
0.00153297
0.00127668
0.00111091
0.00105326
0.0010906
0.00298548
0.00268358
0.00249798
0.00244591
0.00249201
0.00420674
0.00386321
0.00366071
0.00361438
0.00366786
0.00519462
0.00481474
0.00459887
0.00455826
0.00461769
0.0059541
0.00554401
0.00531869
0.00528345
0.00534729
0.00649662
0.00606237
0.00583213
0.00580148
0.00586813
0.0068388
0.00638601
0.00615664
0.00612865
0.00619622
0.00699647
0.00653789
0.00631401
0.00628437
0.00635068
0.00699692
0.00653835
0.00631448
0.00628485
0.00635116
0.00684016
0.00638739
0.00615804
0.00613007
0.00619765
0.00649888
0.00606465
0.00583445
0.00580383
0.0058705
0.00595725
0.00554719
0.00532191
0.00528672
0.00535059
0.00519864
0.00481879
0.00460297
0.00456242
0.00462187
0.0042116
0.0038681
0.00366567
0.0036194
0.00367291
0.00299115
0.00268929
0.00250376
0.00245175
0.00249788
0.00153942
0.00128317
0.00111748
0.00105991
0.0010973
-0.000133776
-0.000341949
-0.000485855
-0.000549163
-0.000522115
-0.00200999
-0.00216927
-0.00229121
-0.002362
-0.00234824
-0.00405951
-0.00417104
-0.00427432
-0.00435864
-0.00436573
-0.00623315
-0.00630118
-0.00639581
-0.00650952
-0.0065552
-0.00845177
-0.00848512
-0.00858547
-0.00875524
-0.00887285
-0.0106268
-0.0106401
-0.0107379
-0.0109735
-0.0112806
-0.0125893
-0.0126247
-0.012696
-0.012896
-0.0137759
-0.0189676
-0.0185356
-0.0173723
-0.0165385
-0.0159517
-0.0154881
-0.0151179
-0.0148195
-0.0145677
-0.0143621
-0.0141849
-0.014002
-0.0138246
-0.0136527
-0.0134894
-0.0133417
-0.0132179
-0.0131249
-0.0130691
-0.0130529
-0.0130658
-0.0130949
-0.0131474
-0.0132145
-0.0132868
-0.0133581
-0.013422
-0.0134566
-0.0134511
-0.0136287
-0.015522
-0.0149268
-0.0143067
-0.0140253
-0.013879
-0.0137907
-0.0137544
-0.013753
-0.0137684
-0.013817
-0.0138612
-0.0138616
-0.01383
-0.0137609
-0.0136566
-0.0135274
-0.0133881
-0.0132545
-0.0131419
-0.0130614
-0.0130235
-0.0130463
-0.0131018
-0.0131932
-0.0133147
-0.0134595
-0.0136221
-0.0137824
-0.0138812
-0.0140143
-0.0131411
-0.0130161
-0.0127668
-0.0126662
-0.0126248
-0.0126276
-0.0126816
-0.0127725
-0.0128937
-0.0130727
-0.0132521
-0.0134126
-0.0135609
-0.0136855
-0.0137808
-0.0138469
-0.0138877
-0.0139105
-0.0139237
-0.0139359
-0.0139554
-0.0139777
-0.0140173
-0.0140724
-0.0141417
-0.0142239
-0.0143213
-0.0144243
-0.0144582
-0.014444
-0.0116006
-0.0117812
-0.0116655
-0.0116078
-0.0116077
-0.0116621
-0.0117733
-0.0119291
-0.0121337
-0.0124155
-0.0127064
-0.0130079
-0.013318
-0.0136209
-0.0139045
-0.0141599
-0.0143809
-0.0145649
-0.0147125
-0.0148267
-0.014912
-0.0149703
-0.0150122
-0.0150426
-0.0150657
-0.0150856
-0.0151105
-0.0151395
-0.0150846
-0.0148876
-0.0103441
-0.0106239
-0.0105634
-0.0105541
-0.0106142
-0.010736
-0.0109179
-0.0111525
-0.0114545
-0.0118403
-0.0122463
-0.0126835
-0.0131417
-0.013602
-0.0140475
-0.0144629
-0.0148353
-0.0151555
-0.0154185
-0.0156236
-0.0157735
-0.0158734
-0.0159313
-0.0159556
-0.0159544
-0.0159354
-0.015912
-0.015889
-0.015763
-0.0153835
-0.00919318
-0.00948975
-0.00947458
-0.0095249
-0.0096521
-0.00984494
-0.0101023
-0.0104222
-0.0108296
-0.0113193
-0.0118437
-0.0124132
-0.0130119
-0.0136181
-0.0142109
-0.0147701
-0.0152777
-0.0157201
-0.0160885
-0.0163794
-0.0165943
-0.0167385
-0.0168207
-0.0168508
-0.0168391
-0.0167964
-0.0167399
-0.0166791
-0.0164963
-0.0159482
-0.00811891
-0.00840242
-0.00843166
-0.00854177
-0.00873399
-0.00899707
-0.00933003
-0.00973778
-0.0102524
-0.010844
-0.0114869
-0.0121851
-0.0129184
-0.0136629
-0.0143939
-0.0150874
-0.0157214
-0.0162785
-0.016747
-0.0171213
-0.0174018
-0.0175935
-0.0177056
-0.0177493
-0.0177365
-0.0176797
-0.0176003
-0.0175107
-0.0172793
-0.0165815
-0.00710515
-0.00736043
-0.00743072
-0.00759946
-0.0078554
-0.00818894
-0.00859899
-0.00909846
-0.00971781
-0.010411
-0.0111717
-0.0119952
-0.0128584
-0.013735
-0.0145973
-0.0154177
-0.016171
-0.016837
-0.0174015
-0.0178572
-0.0182035
-0.0184452
-0.0185917
-0.0186551
-0.0186483
-0.0185859
-0.0184918
-0.0183813
-0.0181085
-0.01728
-0.00613462
-0.00635258
-0.00646213
-0.00668993
-0.00701039
-0.00741502
-0.00790544
-0.00850098
-0.00922012
-0.0100172
-0.0108949
-0.0118409
-0.0128301
-0.013834
-0.0148221
-0.0157636
-0.0166309
-0.0174011
-0.0180582
-0.0185936
-0.0190056
-0.0192991
-0.0194834
-0.0195714
-0.0195768
-0.0195158
-0.0194143
-0.0192893
-0.0189813
-0.0180406
-0.00519411
-0.00537091
-0.00551972
-0.00580725
-0.0061939
-0.00667082
-0.00724396
-0.00793924
-0.00875526
-0.00965883
-0.0106527
-0.0117194
-0.012832
-0.0139597
-0.0150694
-0.016128
-0.0171053
-0.0179765
-0.0187239
-0.0193377
-0.0198157
-0.0201624
-0.0203875
-0.0205041
-0.0205269
-0.0204728
-0.0203706
-0.0202371
-0.0198982
-0.0188608
-0.00427423
-0.00440845
-0.00459615
-0.00494563
-0.0054009
-0.00595154
-0.00661023
-0.0074073
-0.00831949
-0.00933188
-0.0104419
-0.0116283
-0.0128626
-0.0141119
-0.0153407
-0.0165137
-0.0175985
-0.0185687
-0.0194051
-0.0200969
-0.0206414
-0.0210429
-0.0213112
-0.0214599
-0.0215042
-0.021462
-0.0213646
-0.0212276
-0.0208611
-0.0197395
-0.00336709
-0.00345823
-0.0036849
-0.0040982
-0.00462424
-0.00525215
-0.00600166
-0.00689834
-0.0079093
-0.0090327
-0.0102593
-0.0115655
-0.0129209
-0.0142909
-0.0156376
-0.0169236
-0.0181148
-0.0191831
-0.0201082
-0.0208783
-0.0214904
-0.0219484
-0.0222624
-0.0224463
-0.0225157
-0.0224897
-0.0224016
-0.0222654
-0.0218743
-0.0206774
-0.00246491
-0.00251281
-0.00277867
-0.00325862
-0.00385769
-0.00456665
-0.00541299
-0.00640685
-0.00752125
-0.00875786
-0.0101024
-0.0115292
-0.0130064
-0.0144971
-0.0159617
-0.0173607
-0.0186584
-0.0198251
-0.0208395
-0.0216891
-0.0223703
-0.0228871
-0.0232495
-0.0234716
-0.0235696
-0.0235635
-0.023489
-0.0233577
-0.0229437
-0.0216772
-0.0015603
-0.00156452
-0.00186965
-0.00241928
-0.00309427
-0.0038888
-0.00483679
-0.00592818
-0.00715105
-0.00850376
-0.00996839
-0.0115178
-0.0131185
-0.0147314
-0.0163151
-0.0178283
-0.0192336
-0.0205002
-0.0216056
-0.0225367
-0.0232895
-0.0238676
-0.0242814
-0.0245451
-0.0246751
-0.0246928
-0.024636
-0.0245134
-0.0240776
-0.0227445
-0.000646442
-0.000602959
-0.000947443
-0.00157007
-0.00232695
-0.00321416
-0.00426439
-0.00545776
-0.00679429
-0.00826683
-0.00985495
-0.0115301
-0.013257
-0.0149947
-0.0166999
-0.0183297
-0.0198451
-0.0212142
-0.0224135
-0.0234291
-0.0242566
-0.0248995
-0.0253681
-0.025677
-0.0258429
-0.0258883
-0.0258534
-0.025743
-0.0252865
-0.0238873
0.000284501
0.000383452
-2.93737e-07
-0.000700537
-0.00154624
-0.00253535
-0.00368806
-0.00499075
-0.00644644
-0.00804346
-0.00975961
-0.0115648
-0.013422
-0.0152884
-0.0171188
-0.0188689
-0.0204983
-0.0219737
-0.0232707
-0.0243749
-0.0252812
-0.0259931
-0.0265209
-0.0268791
-0.0270851
-0.0271625
-0.0271539
-0.0270595
-0.026583
-0.0251168
0.00124296
0.00140855
0.000984881
0.000200817
-0.000742741
-0.00184188
-0.00310053
-0.00452086
-0.00610222
-0.00782977
-0.00967984
-0.0116208
-0.0136137
-0.015614
-0.0175749
-0.0194505
-0.0211989
-0.0227858
-0.0241858
-0.0253838
-0.0263742
-0.0271604
-0.0277525
-0.0281652
-0.0284161
-0.0285304
-0.0285532
-0.0284787
-0.027983
-0.0264478
0.00224636
0.0024864
0.00202376
0.00114531
9.17372e-05
-0.00112013
-0.00249383
-0.00404087
-0.00575578
-0.00762151
-0.00961301
-0.011697
-0.0138326
-0.0159738
-0.018072
-0.0200796
-0.0219537
-0.0236588
-0.0251685
-0.0264669
-0.027548
-0.0284149
-0.0290777
-0.029551
-0.0298526
-0.0300097
-0.0300696
-0.0300199
-0.0295062
-0.0278994
0.00331422
0.0036332
0.00313201
0.00214906
0.000972291
-0.000357383
-0.00185846
-0.00354245
-0.00540049
-0.00741396
-0.00955627
-0.0117924
-0.0140798
-0.0163705
-0.0186145
-0.0207627
-0.022771
-0.0246025
-0.0262302
-0.0276372
-0.0288172
-0.0297728
-0.0305139
-0.0310555
-0.0314152
-0.031622
-0.0317256
-0.0317063
-0.0311759
-0.0294955
0.00446835
0.00487547
0.00433183
0.00322877
0.00191946
0.000460051
-0.00118167
-0.00301506
-0.00502842
-0.00720163
-0.00950651
-0.0119063
-0.0143565
-0.0168078
-0.0192083
-0.0215077
-0.0236605
-0.0256288
-0.0273847
-0.0289105
-0.0301992
-0.0312532
-0.0320823
-0.0327011
-0.0331277
-0.0333927
-0.0335484
-0.0335664
-0.0330225
-0.0312668
0.00574161
0.00624195
0.00564886
0.00441058
0.00295794
0.00135051
-0.000448213
-0.00244617
-0.00463008
-0.0069781
-0.00946026
-0.012038
-0.0146651
-0.0172904
-0.0198608
-0.0223244
-0.0246346
-0.0267525
-0.028649
-0.030306
-0.0317158
-0.0328801
-0.0338087
-0.034516
-0.0350203
-0.0353544
-0.0355734
-0.0356369
-0.0350833
-0.0332525
0.00717729
0.00777044
0.00711574
0.00572972
0.00411466
0.00233759
0.000361932
-0.00182009
-0.0041939
-0.00673574
-0.00941371
-0.0121873
-0.0150088
-0.0178252
-0.0205819
-0.023226
-0.0257094
-0.0279924
-0.030045
-0.0318483
-0.033394
-0.0346834
-0.0357259
-0.0365356
-0.0371311
-0.0375472
-0.0378417
-0.0379626
-0.0374062
-0.0355031
0.00883282
0.00951505
0.00878546
0.00723216
0.005426
0.00345275
0.00127446
-0.00111688
-0.00370542
-0.00646534
-0.00936267
-0.0123551
-0.0153928
-0.0184216
-0.0213853
-0.0242297
-0.0269059
-0.0293732
-0.0316009
-0.0335692
-0.0352692
-0.0367019
-0.0378761
-0.0388056
-0.0395096
-0.0400241
-0.0404101
-0.0406037
-0.040055
-0.0380856
0.0107919
0.0115546
0.0107305
0.00897498
0.00694109
0.0047371
0.00232286
-0.000310726
-0.00314632
-0.00615575
-0.00930282
-0.0125432
-0.0158254
-0.0190934
-0.02229
-0.0253599
-0.0282533
-0.0309288
-0.033355
-0.0355116
-0.0373889
-0.0389874
-0.0403154
-0.0413865
-0.04222
-0.0428541
-0.0433523
-0.0436377
-0.0431131
-0.0410899
0.0131815
0.013999
0.0130435
0.0110379
0.00872891
0.00624767
0.00355267
0.00063281
-0.00249285
-0.00579338
-0.00923016
-0.0127567
-0.0163196
-0.0198616
-0.0233242
-0.0266514
-0.029793
-0.0327068
-0.0353611
-0.0377349
-0.0398183
-0.0416111
-0.0431211
-0.0443614
-0.0453516
-0.0461329
-0.0467692
-0.047171
-0.046694
-0.0446397
0.0161818
0.0170116
0.015862
0.0135397
0.0108886
0.00806665
0.00502858
0.00176149
-0.00171329
-0.0053617
-0.00914227
-0.0130061
-0.0168982
-0.0207597
-0.0245314
-0.0281572
-0.0315864
-0.0347772
-0.0376974
-0.0403259
-0.0426523
-0.0446758
-0.0464038
-0.0478487
-0.0490304
-0.0499929
-0.0508029
-0.0513545
-0.0509615
-0.0489141
0.0200976
0.0208382
0.0193942
0.0166581
0.0135724
0.0103175
0.0068455
0.00314289
-0.000765847
-0.00484271
-0.00904281
-0.0133146
-0.0176013
-0.0218434
-0.0259815
-0.0299599
-0.033729
-0.0372475
-0.0404838
-0.0434169
-0.0460359
-0.0483395
-0.0503343
-0.0520316
-0.0534514
-0.0546394
-0.0556642
-0.0564098
-0.0561535
-0.0541786
0.0254677
0.0258994
0.0239684
0.0206658
0.0170035
0.0131755
0.00913331
0.00486494
0.000399199
-0.00422111
-0.00894709
-0.0137244
-0.0184949
-0.0231988
-0.0277782
-0.0321794
-0.0363551
-0.0402664
-0.0438834
-0.0471859
-0.0501636
-0.0528147
-0.0551446
-0.0571637
-0.0588914
-0.0603736
-0.0616787
-0.0626879
-0.062673
-0.0609093
0.0332413
0.0329632
0.0302481
0.0261769
0.0217346
0.0171064
0.0122536
0.00717836
0.00192184
-0.00346292
-0.00891935
-0.0143884
-0.0198104
-0.0251269
-0.0302836
-0.0352312
-0.0399276
-0.0443391
-0.0484385
-0.0522079
-0.0556407
-0.0587315
-0.0614807
-0.0638967
-0.0659955
-0.0678181
-0.0694269
-0.0707209
-0.0710512
-0.0697401
0.0470555
0.0450025
0.0405613
0.0350968
0.0293294
0.023358
0.0171724
0.0108082
0.00432707
-0.00220652
-0.00873076
-0.0151872
-0.0215221
-0.0276875
-0.033642
-0.0393511
-0.0447859
-0.0499224
-0.0547431
-0.0592336
-0.0633788
-0.067176
-0.0706253
-0.073726
-0.0764827
-0.0789183
-0.0810823
-0.0829514
-0.0841096
-0.0837645
-0.0157501
-0.0146408
-0.0128416
-0.0113523
-0.0100507
-0.00881237
-0.00761094
-0.00643984
-0.00529024
-0.00415259
-0.00301758
-0.00187539
-0.000715301
0.000474294
0.00170606
0.0029948
0.00435802
0.00581676
0.00739514
0.00912187
0.0110349
0.0131817
0.0156235
0.0184425
0.0217525
0.0257181
0.0305589
0.0365884
0.0439921
0.0538969
-0.0113179
-0.0101857
-0.00892698
-0.00783874
-0.00683343
-0.0058535
-0.00488815
-0.0039328
-0.00297995
-0.00202133
-0.00104876
-5.38526e-05
0.000972388
0.00203976
0.00315942
0.00434461
0.00561135
0.00697925
0.00847216
0.0101203
0.0119634
0.0140531
0.0164585
0.0192746
0.0226357
0.0267372
0.0318589
0.0384308
0.046938
0.058532
-0.00868618
-0.00766612
-0.00666687
-0.00575135
-0.00484901
-0.00394124
-0.00302982
-0.00211297
-0.00118517
-0.000239977
0.000729454
0.00173062
0.00277186
0.00386263
0.00501396
0.00623904
0.00755399
0.00897868
0.0105379
0.0122633
0.0141967
0.0163929
0.0189266
0.0219012
0.0254636
0.0298269
0.0353044
0.0423806
0.0517113
0.0645253
-0.00635142
-0.00544207
-0.00455795
-0.00372468
-0.0028895
-0.00203988
-0.00117556
-0.000292977
0.00061372
0.00155088
0.00252522
0.00354415
0.00461604
0.00575052
0.00695897
0.00825512
0.00965578
0.0111818
0.0128593
0.0147222
0.0168143
0.0191939
0.0219401
0.0251619
0.0290134
0.0337167
0.039598
0.047151
0.0571172
0.0707405
-0.00416894
-0.00335714
-0.00256657
-0.00180817
-0.00103624
-0.000238441
0.000586967
0.00144365
0.0023369
0.00327255
0.00425696
0.00529739
0.0064022
0.00758125
0.00884633
0.0102118
0.0116952
0.0133185
0.0151096
0.0171039
0.0193479
0.0219028
0.0248514
0.0283074
0.0324303
0.0374487
0.0436964
0.0516719
0.0621955
0.0765458
-0.0021712
-0.0014479
-0.000738733
-4.42043e-05
0.000676921
0.0014356
0.00223343
0.00307369
0.00396114
0.0049012
0.00590001
0.00696465
0.00810349
0.00932653
0.0106458
0.0120761
0.0136358
0.0153476
0.0172405
0.0193515
0.0217289
0.0244363
0.0275595
0.0312156
0.0355687
0.0408526
0.0474088
0.0557443
0.0667582
0.0817994
-0.000366476
0.000276684
0.000915639
0.00155727
0.00223808
0.00296702
0.00374528
0.00457577
0.00546281
0.00641147
0.0074276
0.00851813
0.00969139
0.0109574
0.0123285
0.0138198
0.01545
0.0172428
0.0192278
0.0214432
0.0239388
0.0267798
0.0300541
0.0338818
0.0384301
0.0439374
0.0507523
0.0593916
0.0708199
0.0864739
0.00123719
0.00180784
0.00238615
0.00298414
0.00363294
0.0043393
0.00510398
0.00592949
0.0068197
0.0077793
0.00881388
0.00993021
0.0111365
0.012443
0.013862
0.015409
0.017103
0.0189683
0.0210353
0.0233429
0.0259418
0.0288988
0.0323034
0.0362774
0.040991
0.0466859
0.0537169
0.0626099
0.0743799
0.0905416
0.00262979
0.0031354
0.003662
0.00422458
0.00484834
0.00553788
0.00629349
0.0071173
0.00801273
0.0089841
0.0100367
0.0111773
0.0124139
0.0137567
0.0152184
0.0168144
0.0185644
0.0204927
0.0226303
0.025017
0.0277041
0.0307593
0.0342734
0.0383698
0.0432206
0.0490702
0.0562786
0.0653795
0.0774278
0.0939861
0.00380395
0.00425253
0.00473618
0.00527074
0.00587533
0.00655258
0.0073024
0.00812654
0.009028
0.0100108
0.0110799
0.012242
0.0135051
0.0148794
0.0163776
0.0180153
0.0198124
0.0217936
0.0239903
0.0264426
0.0292026
0.0323386
0.0359422
0.0401381
0.0450998
0.0510737
0.058424
0.0676899
0.0799544
0.0968235
0.00475724
0.00515761
0.00560685
0.00611995
0.00671025
0.00737872
0.00812503
0.00895054
0.00985792
0.0108509
0.0119343
0.0131145
0.0143997
0.0158
0.017328
0.0189998
0.0208352
0.0228591
0.0251033
0.0276081
0.0304262
0.0336263
0.0373007
0.0415749
0.0466234
0.052694
0.0601541
0.069546
0.0819702
0.0990875
0.00549305
0.00585471
0.00627774
0.00677508
0.00735512
0.00801755
0.00876183
0.00958907
0.0105016
0.0115029
0.0125978
0.0137925
0.015095
0.0165156
0.0180669
0.019765
0.0216299
0.0236866
0.0259671
0.0285121
0.0313744
0.0346232
0.0383511
0.0426842
0.0477979
0.0539405
0.0614823
0.0709654
0.0835051
0.10081
0.00602047
0.0063534
0.00675784
0.00724436
0.00781745
0.00847594
0.00921916
0.010048
0.0109646
0.0119722
0.0130755
0.0142808
0.0155959
0.0170312
0.0185994
0.0203164
0.0222024
0.0242826
0.0265891
0.0291627
0.0320564
0.0353397
0.0391055
0.0434802
0.0486397
0.0548327
0.0624321
0.0719759
0.0845978
0.102031
0.00635361
0.00666785
0.00706062
0.00754053
0.00810944
0.00876563
0.00950837
0.0103384
0.0112577
0.0122695
0.0133783
0.0145904
0.0159137
0.0173584
0.0189372
0.0206664
0.0225658
0.024661
0.0269839
0.0295756
0.0324892
0.0357944
0.0395841
0.0439851
0.0491735
0.0553979
0.0630337
0.0726128
0.0852823
0.102807
0.00651031
0.00681548
0.00720274
0.0076796
0.00824661
0.0089018
0.0096444
0.0104751
0.0113958
0.0124096
0.0135211
0.0147365
0.0160636
0.0175128
0.0190968
0.0208317
0.0227377
0.0248399
0.0271708
0.0297711
0.0326943
0.0360099
0.0398111
0.0442246
0.0494267
0.0556661
0.0633195
0.0729136
0.0855996
0.103184
0.00651079
0.00681596
0.00720321
0.00768007
0.00824707
0.00890226
0.00964485
0.0104755
0.0113962
0.01241
0.0135215
0.0147368
0.016064
0.0175132
0.0190972
0.020832
0.0227379
0.0248402
0.027171
0.0297714
0.0326945
0.0360102
0.0398114
0.0442249
0.049427
0.0556664
0.0633197
0.0729138
0.0855999
0.103185
0.00635505
0.00666929
0.00706205
0.00754194
0.00811082
0.00876699
0.00950971
0.0103397
0.011259
0.0122707
0.0133795
0.0145916
0.0159148
0.0173594
0.0189382
0.0206673
0.0225667
0.0246618
0.0269847
0.0295764
0.03249
0.0357952
0.039585
0.043986
0.0491744
0.0553987
0.0630343
0.0726132
0.0852832
0.102808
0.00602286
0.00635579
0.00676021
0.00724669
0.00781974
0.00847819
0.00922136
0.0100502
0.0109667
0.0119742
0.0130775
0.0142827
0.0155978
0.0170329
0.018601
0.020318
0.0222039
0.024284
0.0265904
0.029164
0.0320577
0.035341
0.0391069
0.0434817
0.0486412
0.0548341
0.0624332
0.0719769
0.0845992
0.102033
0.00549637
0.00585803
0.00628102
0.0067783
0.00735828
0.00802066
0.00876488
0.00959205
0.0105045
0.0115058
0.0126005
0.0137951
0.0150975
0.016518
0.0180692
0.0197672
0.021632
0.0236886
0.025969
0.028514
0.0313762
0.0346251
0.038353
0.0426862
0.0477999
0.0539425
0.0614841
0.070967
0.0835072
0.100813
0.00476145
0.00516181
0.00561101
0.00612403
0.00671425
0.00738265
0.00812887
0.00895429
0.00986157
0.0108544
0.0119377
0.0131178
0.0144028
0.015803
0.0173309
0.0190026
0.0208378
0.0228617
0.0251058
0.0276106
0.0304286
0.0336287
0.0373031
0.0415773
0.0466259
0.0526967
0.0601567
0.0695485
0.081973
0.0990903
0.00380901
0.0042576
0.00474118
0.00527564
0.00588013
0.00655728
0.007307
0.00813102
0.00903236
0.010015
0.011084
0.0122459
0.0135088
0.014883
0.016381
0.0180187
0.0198157
0.0217968
0.0239934
0.0264457
0.0292056
0.0323415
0.0359451
0.0401409
0.0451028
0.0510772
0.0584277
0.0676935
0.0799581
0.0968265
0.00263569
0.0031413
0.0036678
0.00423026
0.00485389
0.00554331
0.0062988
0.00712247
0.00801776
0.00898896
0.0100414
0.0111818
0.0124182
0.0137609
0.0152224
0.0168183
0.0185682
0.0204964
0.022634
0.0250206
0.0277076
0.0307627
0.0342766
0.038373
0.0432241
0.0490746
0.0562835
0.0653842
0.0774324
0.0939893
0.00124394
0.00181455
0.00239272
0.00299055
0.0036392
0.00434541
0.00510995
0.0059353
0.00682535
0.00778478
0.00881916
0.00993529
0.0111414
0.0124477
0.0138665
0.0154134
0.0171074
0.0189726
0.0210395
0.023347
0.0259458
0.0289026
0.032307
0.036281
0.040995
0.0466911
0.053723
0.0626158
0.0743849
0.0905452
-0.00035898
0.000284117
0.000922905
0.00156435
0.00224499
0.00297376
0.00375186
0.00458217
0.00546904
0.00641751
0.00743344
0.00852377
0.00969682
0.0109627
0.0123336
0.0138247
0.0154549
0.0172476
0.0192325
0.0214479
0.0239432
0.026784
0.0300581
0.0338858
0.0384348
0.0439436
0.0507596
0.0593985
0.0708252
0.0864778
-0.0021631
-0.00143986
-0.000730865
-3.65278e-05
0.000684417
0.00144292
0.00224057
0.00308065
0.00396791
0.00490779
0.00590639
0.00697083
0.00810945
0.00933227
0.0106514
0.0120816
0.0136411
0.0153529
0.0172457
0.0193566
0.0217338
0.024441
0.027564
0.0312203
0.0355742
0.0408597
0.0474172
0.0557521
0.0667637
0.0818031
-0.00416033
-0.00334859
-0.00255819
-0.00179997
-0.00102822
-0.000230601
0.000594625
0.00145112
0.00234418
0.00327963
0.00426385
0.00530407
0.00640866
0.00758749
0.00885237
0.0102176
0.0117009
0.0133242
0.0151152
0.0171094
0.0193532
0.0219079
0.0248565
0.0283128
0.0324367
0.0374568
0.0437056
0.0516801
0.0622012
0.0765492
-0.0063424
-0.00543311
-0.00454915
-0.00371605
-0.00288103
-0.00203158
-0.00116743
-0.000285039
0.000621468
0.00155844
0.00253259
0.00355132
0.00462299
0.00575724
0.00696548
0.00826146
0.00966199
0.0111879
0.0128654
0.0147281
0.01682
0.0191995
0.0219457
0.025168
0.0290206
0.0337256
0.0396076
0.0471593
0.0571226
0.0707436
-0.00867689
-0.00765684
-0.0066577
-0.00574232
-0.00484013
-0.00393253
-0.00302129
-0.00210461
-0.00117699
-0.00023198
0.00073727
0.00173825
0.00277928
0.00386983
0.00502094
0.00624584
0.00756065
0.00898524
0.0105443
0.0122697
0.0142029
0.016399
0.0189329
0.0219082
0.0254715
0.0298361
0.0353138
0.0423881
0.0517161
0.0645284
-0.0113084
-0.0101761
-0.00891745
-0.00782938
-0.00682424
-0.00584448
-0.0048793
-0.00392411
-0.00297142
-0.00201297
-0.00104057
-4.58372e-05
0.000980213
0.00204738
0.00316684
0.00435183
0.0056184
0.00698614
0.0084789
0.0101269
0.0119699
0.0140596
0.0164652
0.0192822
0.0226441
0.0267463
0.0318674
0.0384369
0.0469421
0.0585355
-0.0157399
-0.0146303
-0.0128314
-0.0113425
-0.0100411
-0.00880305
-0.00760183
-0.00643093
-0.00528154
-0.0041441
-0.00300929
-0.0018673
-0.000707414
0.000481985
0.00171354
0.00300205
0.00436502
0.00582352
0.00740168
0.00912826
0.0110412
0.0131882
0.0156303
0.0184505
0.0217608
0.0257261
0.0305655
0.0365926
0.0439954
0.0539008
0.0470602
0.0450078
0.0405661
0.0351013
0.0293338
0.0233627
0.017177
0.0108125
0.00433084
-0.00220351
-0.00872864
-0.0151861
-0.021522
-0.0276883
-0.0336438
-0.0393537
-0.0447894
-0.0499265
-0.0547479
-0.0592389
-0.0633846
-0.067182
-0.0706316
-0.0737324
-0.0764892
-0.078925
-0.0810891
-0.0829586
-0.0841175
-0.083773
0.0332445
0.032966
0.0302511
0.0261806
0.0217386
0.0171105
0.0122573
0.00718151
0.00192428
-0.00346127
-0.00891851
-0.0143884
-0.0198112
-0.0251285
-0.030286
-0.0352344
-0.0399314
-0.0443437
-0.0484438
-0.0522137
-0.055647
-0.0587381
-0.0614876
-0.0639038
-0.0660027
-0.0678253
-0.0694342
-0.0707282
-0.0710583
-0.0697472
0.0254715
0.0259035
0.023973
0.0206706
0.0170081
0.0131795
0.00913659
0.00486737
0.000400785
-0.00422033
-0.00894707
-0.0137251
-0.0184962
-0.0232008
-0.027781
-0.0321828
-0.0363593
-0.0402713
-0.043889
-0.0471922
-0.0501706
-0.0528223
-0.0551525
-0.057172
-0.0588998
-0.060382
-0.0616869
-0.0626957
-0.0626804
-0.060916
0.0201033
0.0208439
0.0193995
0.0166629
0.0135762
0.0103203
0.00684736
0.00314387
-0.000765615
-0.0048431
-0.00904374
-0.0133161
-0.0176032
-0.0218458
-0.0259845
-0.0299635
-0.0337333
-0.0372525
-0.0404897
-0.0434236
-0.0460435
-0.048348
-0.0503434
-0.0520413
-0.0534613
-0.0546493
-0.0556738
-0.0564188
-0.0561614
-0.0541852
0.0161886
0.0170178
0.0158673
0.0135435
0.010891
0.00806796
0.00502891
0.00176101
-0.00171439
-0.00536326
-0.00914416
-0.0130083
-0.0169006
-0.0207625
-0.0245347
-0.0281609
-0.0315909
-0.0347824
-0.0377035
-0.0403329
-0.0426602
-0.0446847
-0.0464135
-0.047859
-0.0490412
-0.0500038
-0.0508136
-0.0513647
-0.0509705
-0.0489215
0.0131889
0.0140051
0.0130478
0.0110404
0.00873014
0.0062477
0.00355175
0.000631148
-0.00249502
-0.00579589
-0.00923286
-0.0127595
-0.0163226
-0.0198648
-0.0233277
-0.0266554
-0.0297975
-0.0327121
-0.0353672
-0.0377419
-0.0398262
-0.0416198
-0.0431307
-0.0443716
-0.0453624
-0.046144
-0.0467804
-0.0471819
-0.0467041
-0.0446486
0.0107989
0.01156
0.0107341
0.00897727
0.00694174
0.00473651
0.00232134
-0.000312976
-0.00314908
-0.00615881
-0.00930604
-0.0125465
-0.0158287
-0.0190969
-0.0222937
-0.0253639
-0.0282579
-0.0309341
-0.033361
-0.0355183
-0.0373964
-0.0389957
-0.0403245
-0.0413962
-0.0422303
-0.0428649
-0.0433633
-0.0436488
-0.0431238
-0.0411
0.00883869
0.00951987
0.00878895
0.0072341
0.00542651
0.00345214
0.00127289
-0.00111923
-0.00370833
-0.00646859
-0.0093661
-0.0123585
-0.0153964
-0.0184252
-0.0213891
-0.0242338
-0.0269104
-0.0293783
-0.0316066
-0.0335755
-0.0352763
-0.0367097
-0.0378845
-0.0388147
-0.0395192
-0.0400342
-0.0404206
-0.0406145
-0.0400659
-0.0380964
0.00718304
0.00777544
0.00711963
0.00573202
0.00411544
0.00233722
0.000360595
-0.00182225
-0.00419668
-0.00673892
-0.00941711
-0.0121909
-0.0150123
-0.0178288
-0.0205857
-0.0232299
-0.0257137
-0.0279971
-0.0300502
-0.0318541
-0.0334004
-0.0346905
-0.0357336
-0.0365439
-0.03714
-0.0375567
-0.0378517
-0.0379729
-0.0374171
-0.0355142
0.00574724
0.00624693
0.0056527
0.0044133
0.00295916
0.0013505
-0.00044923
-0.00244804
-0.00463262
-0.0069811
-0.00946352
-0.0120413
-0.0146685
-0.0172939
-0.0198643
-0.0223281
-0.0246386
-0.0267568
-0.0286538
-0.0303113
-0.0317215
-0.0328865
-0.0338157
-0.0345236
-0.0350285
-0.0353632
-0.0355827
-0.0356469
-0.035094
-0.0332635
0.00447409
0.00488066
0.00433592
0.00323168
0.00192119
0.000460451
-0.00118237
-0.00301664
-0.0050307
-0.00720439
-0.00950955
-0.0119094
-0.0143597
-0.016811
-0.0192115
-0.0215111
-0.0236641
-0.0256327
-0.0273889
-0.0289152
-0.0302044
-0.0312589
-0.0320886
-0.0327081
-0.0331353
-0.0334011
-0.0335574
-0.0335761
-0.0330328
-0.0312775
0.00332017
0.00363871
0.00313647
0.00215224
0.000974395
-0.000356586
-0.00185875
-0.00354373
-0.0054025
-0.00741646
-0.00955904
-0.0117953
-0.0140827
-0.0163734
-0.0186174
-0.0207657
-0.0227742
-0.024606
-0.0262339
-0.0276414
-0.0288218
-0.0297779
-0.0305197
-0.0310619
-0.0314224
-0.0316297
-0.0317343
-0.0317157
-0.031186
-0.0295059
0.00225257
0.0024922
0.00202853
0.00114885
9.40561e-05
-0.00111885
-0.00249382
-0.00404185
-0.00575746
-0.00762367
-0.00961543
-0.0116995
-0.0138351
-0.0159763
-0.0180745
-0.0200823
-0.0219566
-0.0236618
-0.0251718
-0.0264706
-0.0275522
-0.0284196
-0.029083
-0.029557
-0.0298594
-0.0300173
-0.030078
-0.030029
-0.029516
-0.0279096
0.00124946
0.00141459
0.000989906
0.000204583
-0.000740201
-0.00184043
-0.00310016
-0.00452146
-0.00610349
-0.0078315
-0.00968182
-0.0116229
-0.0136158
-0.0156161
-0.0175771
-0.0194528
-0.0212014
-0.0227885
-0.0241888
-0.0253872
-0.026378
-0.0271647
-0.0277575
-0.028171
-0.0284227
-0.0285378
-0.0285614
-0.0284876
-0.0279925
-0.0264577
0.000291294
0.00038977
5.01787e-06
-0.000696428
-0.00154337
-0.00253366
-0.00368723
-0.00499083
-0.0064472
-0.00804467
-0.00976107
-0.0115664
-0.0134236
-0.0152901
-0.0171207
-0.0188709
-0.0205005
-0.0219761
-0.0232735
-0.024378
-0.0252848
-0.0259973
-0.0265257
-0.0268847
-0.0270915
-0.0271697
-0.0271619
-0.0270682
-0.0265922
-0.0251263
-0.000639403
-0.000596349
-0.000941785
-0.00156555
-0.0023236
-0.00321192
-0.00426311
-0.00545724
-0.00679443
-0.00826743
-0.00985584
-0.0115312
-0.0132582
-0.0149961
-0.0167014
-0.0183314
-0.0198471
-0.0212165
-0.0224161
-0.0234321
-0.02426
-0.0249035
-0.0253728
-0.0256824
-0.0258492
-0.0258954
-0.0258613
-0.0257515
-0.0252955
-0.0238965
-0.00155303
-0.00155761
-0.00186361
-0.00241431
-0.0030904
-0.00388594
-0.0048349
-0.00592699
-0.00715051
-0.00850371
-0.00996867
-0.0115184
-0.0131192
-0.0147324
-0.0163163
-0.0178298
-0.0192354
-0.0205023
-0.0216081
-0.0225397
-0.0232929
-0.0238716
-0.0242861
-0.0245505
-0.0246813
-0.0246998
-0.0246438
-0.0245218
-0.0240865
-0.0227534
-0.00245741
-0.00250558
-0.00277224
-0.00325317
-0.00385326
-0.00456312
-0.00541033
-0.00640495
-0.00752001
-0.00875714
-0.010102
-0.0115292
-0.0130067
-0.0144978
-0.0159627
-0.0173621
-0.01866
-0.0198271
-0.0208419
-0.021692
-0.0223738
-0.0228911
-0.0232542
-0.023477
-0.0235758
-0.0235705
-0.0234967
-0.023366
-0.0229524
-0.021686
-0.00335931
-0.00345066
-0.00367805
-0.00409231
-0.00461932
-0.00524798
-0.00599827
-0.00689573
-0.00790735
-0.0090313
-0.0102584
-0.011565
-0.0129209
-0.0142912
-0.0156383
-0.0169248
-0.0181164
-0.0191851
-0.0201106
-0.0208813
-0.0214939
-0.0219526
-0.0222673
-0.0224518
-0.022522
-0.0224967
-0.0224093
-0.0222736
-0.0218828
-0.020686
-0.00426624
-0.00440059
-0.00458891
-0.00493924
-0.00539533
-0.00594673
-0.00660615
-0.007404
-0.00831684
-0.00932983
-0.0104404
-0.0116273
-0.0128621
-0.0141118
-0.0153412
-0.0165147
-0.0176
-0.0185707
-0.0194076
-0.0201
-0.0206451
-0.0210472
-0.0213162
-0.0214656
-0.0215105
-0.021469
-0.0213723
-0.0212357
-0.0208696
-0.019748
-0.00518584
-0.00536278
-0.00551215
-0.0058004
-0.00618759
-0.00666535
-0.00723921
-0.00793527
-0.00875195
-0.00965615
-0.0106507
-0.0117179
-0.012831
-0.0139593
-0.0150696
-0.0161288
-0.0171067
-0.0179785
-0.0187265
-0.0193409
-0.0198196
-0.0201669
-0.0203926
-0.0205099
-0.0205333
-0.0204798
-0.0203782
-0.0202452
-0.0199066
-0.0188693
-0.0061261
-0.0063442
-0.00645423
-0.00668264
-0.00700362
-0.00740894
-0.0079001
-0.00849636
-0.00921616
-0.0100139
-0.0108922
-0.0118389
-0.0128288
-0.0138334
-0.0148221
-0.0157643
-0.0166323
-0.0174032
-0.018061
-0.018597
-0.0190097
-0.0193037
-0.0194887
-0.0195774
-0.0195834
-0.0195229
-0.0194219
-0.0192974
-0.0189896
-0.018049
-0.0070964
-0.00735181
-0.00742255
-0.00759183
-0.00784822
-0.00818229
-0.00859312
-0.00909323
-0.00971323
-0.0104071
-0.0111685
-0.0119927
-0.0128566
-0.013734
-0.0145971
-0.0154182
-0.0161724
-0.0168391
-0.0174044
-0.0178608
-0.0182077
-0.0184501
-0.0185972
-0.0186612
-0.0186549
-0.0185931
-0.0184995
-0.0183893
-0.0181167
-0.0172883
-0.00810992
-0.0083936
-0.00842313
-0.00853357
-0.00872632
-0.00898997
-0.00932357
-0.00973194
-0.0102472
-0.0108395
-0.0114831
-0.0121821
-0.0129162
-0.0136616
-0.0143935
-0.0150879
-0.0157227
-0.0162807
-0.01675
-0.017125
-0.0174062
-0.0175986
-0.0177113
-0.0177556
-0.0177432
-0.0176869
-0.0176078
-0.0175183
-0.0172873
-0.0165896
-0.00918403
-0.0094807
-0.00946577
-0.0095163
-0.00964394
-0.00983743
-0.0100953
-0.0104158
-0.0108239
-0.0113143
-0.0118395
-0.0124098
-0.0130094
-0.0136165
-0.0142103
-0.0147704
-0.0152791
-0.0157224
-0.0160917
-0.0163833
-0.0165989
-0.0167438
-0.0168265
-0.0168571
-0.0168459
-0.0168035
-0.0167474
-0.0166869
-0.0165042
-0.0159562
-0.0103346
-0.0106146
-0.0105543
-0.0105452
-0.0106058
-0.010728
-0.0109104
-0.0111455
-0.0114482
-0.0118347
-0.0122416
-0.0126796
-0.0131388
-0.0136001
-0.0140467
-0.0144632
-0.0148366
-0.0151578
-0.0154218
-0.0156277
-0.0157783
-0.0158788
-0.0159373
-0.0159621
-0.0159612
-0.0159425
-0.0159192
-0.0158965
-0.0157705
-0.0153912
-0.0115909
-0.0117716
-0.0116561
-0.0115987
-0.0115988
-0.0116536
-0.0117653
-0.0119217
-0.0121269
-0.0124095
-0.0127012
-0.0130037
-0.0133148
-0.0136188
-0.0139036
-0.0141601
-0.0143822
-0.0145673
-0.0147158
-0.0148309
-0.0149169
-0.0149759
-0.0150182
-0.0150491
-0.0150725
-0.0150926
-0.0151178
-0.0151467
-0.0150919
-0.014895
-0.013131
-0.0130063
-0.0127571
-0.0126567
-0.0126155
-0.0126188
-0.0126732
-0.0127647
-0.0128865
-0.0130663
-0.0132465
-0.013408
-0.0135575
-0.0136832
-0.0137798
-0.013847
-0.013889
-0.0139129
-0.0139271
-0.0139402
-0.0139604
-0.0139833
-0.0140234
-0.0140788
-0.0141484
-0.0142308
-0.0143284
-0.0144315
-0.0144653
-0.0144509
-0.0155114
-0.0149165
-0.0142966
-0.0140154
-0.0138694
-0.0137815
-0.0137457
-0.0137448
-0.0137607
-0.0138099
-0.013855
-0.0138565
-0.0138261
-0.0137583
-0.0136554
-0.0135275
-0.0133894
-0.0132571
-0.0131456
-0.013066
-0.0130289
-0.0130521
-0.0131079
-0.0131995
-0.0133213
-0.0134662
-0.0136288
-0.013789
-0.0138878
-0.0140207
-0.0189567
-0.0185245
-0.0173613
-0.0165277
-0.0159411
-0.0154777
-0.0151079
-0.0148103
-0.0145594
-0.0143549
-0.0141787
-0.0139969
-0.0138207
-0.0136501
-0.0134881
-0.0133417
-0.0132192
-0.0131273
-0.0130726
-0.0130572
-0.0130709
-0.0131007
-0.0131538
-0.0132212
-0.0132935
-0.0133646
-0.0134283
-0.0134628
-0.0134574
-0.0136359
-0.0863899
-0.0757952
-0.0678468
-0.0612008
-0.0556911
-0.0510493
-0.0470932
-0.043682
-0.0407079
-0.0380881
-0.0357588
-0.0336703
-0.0317833
-0.0300666
-0.0284951
-0.0270482
-0.0257089
-0.0244634
-0.0232999
-0.0222089
-0.0211826
-0.0202153
-0.0193029
-0.0184433
-0.0176364
-0.0168866
-0.0161977
-0.0155557
-0.0149414
-0.0145524
-0.0871257
-0.0761626
-0.0677785
-0.0609622
-0.055378
-0.0507121
-0.0467582
-0.0433646
-0.0404179
-0.0378324
-0.0355421
-0.033496
-0.0316539
-0.0299839
-0.0284605
-0.0270634
-0.0257761
-0.0245856
-0.0234816
-0.0224561
-0.0215033
-0.020619
-0.0198004
-0.0190457
-0.0183544
-0.0177279
-0.0171673
-0.0166522
-0.0161083
-0.0155517
-0.0887677
-0.077769
-0.0692551
-0.0623694
-0.0567288
-0.0520175
-0.0480246
-0.0445964
-0.0416188
-0.0390054
-0.0366902
-0.0346218
-0.0327599
-0.0310727
-0.0295343
-0.0281242
-0.0268258
-0.0256255
-0.0245126
-0.0234784
-0.0225165
-0.0216216
-0.0207902
-0.0200196
-0.0193085
-0.0186587
-0.0180765
-0.0175502
-0.0169836
-0.0162868
-0.0906245
-0.0798084
-0.07132
-0.0644066
-0.0586981
-0.0539041
-0.0498238
-0.0463086
-0.0432468
-0.0405539
-0.0381643
-0.0360274
-0.0341029
-0.0323588
-0.0307693
-0.0293135
-0.0279746
-0.0267386
-0.0255943
-0.0245326
-0.0235462
-0.0226292
-0.0217772
-0.0209865
-0.0202544
-0.0195812
-0.018974
-0.0184237
-0.0178227
-0.0170113
-0.0923259
-0.0816548
-0.0732121
-0.0662869
-0.0605233
-0.055655
-0.0514928
-0.0478944
-0.0447515
-0.0419813
-0.0395197
-0.0373161
-0.0353307
-0.0335314
-0.0318922
-0.030392
-0.0290135
-0.0277426
-0.0265675
-0.0254787
-0.0244683
-0.02353
-0.0226587
-0.0218502
-0.0211007
-0.0204099
-0.0197844
-0.0192165
-0.0185946
-0.0177133
-0.0938188
-0.0832237
-0.0748258
-0.0679019
-0.0621041
-0.0571834
-0.05296
-0.049297
-0.0460893
-0.0432564
-0.040735
-0.0384755
-0.0364383
-0.0345913
-0.0329087
-0.0313691
-0.0299551
-0.0286523
-0.0274487
-0.0263343
-0.0253009
-0.0243418
-0.0234514
-0.0226249
-0.0218583
-0.0211501
-0.0205065
-0.0199215
-0.0192866
-0.018374
-0.0951125
-0.0845678
-0.0762152
-0.0693027
-0.0634857
-0.0585285
-0.0542594
-0.0505458
-0.0472858
-0.0444007
-0.0418288
-0.0395211
-0.0374384
-0.0355492
-0.0338275
-0.032252
-0.0308051
-0.0294724
-0.0282416
-0.0271025
-0.0260468
-0.0250671
-0.0241577
-0.0233135
-0.0225298
-0.0218047
-0.0211432
-0.0205408
-0.0198981
-0.0189845
-0.0962023
-0.0857225
-0.0774077
-0.0705117
-0.0646845
-0.0597012
-0.0553971
-0.051643
-0.0483399
-0.045411
-0.0427959
-0.0404465
-0.0383241
-0.0363975
-0.0346409
-0.033033
-0.0315563
-0.0301961
-0.0289402
-0.0277781
-0.0267012
-0.0257021
-0.0247747
-0.0239135
-0.0231137
-0.0223726
-0.021694
-0.0210748
-0.0204283
-0.0195371
-0.0970953
-0.0866933
-0.0784113
-0.0715337
-0.0657021
-0.0606999
-0.0563689
-0.0525828
-0.0492448
-0.0462798
-0.0436286
-0.041244
-0.0390878
-0.0371291
-0.0353423
-0.0337062
-0.0322033
-0.0308188
-0.0295404
-0.0283577
-0.0272617
-0.026245
-0.0253011
-0.0244244
-0.02361
-0.0228544
-0.0221601
-0.0215248
-0.0208772
-0.0200248
-0.0978218
-0.087479
-0.0792332
-0.0723742
-0.0665419
-0.0615262
-0.0571752
-0.0533643
-0.0499987
-0.0470047
-0.0443242
-0.0419108
-0.0397267
-0.0377413
-0.0359292
-0.0342693
-0.0327442
-0.0313391
-0.0300415
-0.028841
-0.0277285
-0.0266963
-0.025738
-0.0248478
-0.0240205
-0.0232523
-0.0225441
-0.021894
-0.0212467
-0.0204422
-0.0983918
-0.0880968
-0.0798836
-0.0730426
-0.0672117
-0.0621864
-0.0578208
-0.0539912
-0.0506044
-0.0475879
-0.0448844
-0.0424481
-0.0402418
-0.038235
-0.0364026
-0.0347235
-0.0331803
-0.0317583
-0.030445
-0.0292297
-0.0281035
-0.0270586
-0.0260882
-0.0251866
-0.0243485
-0.0235697
-0.0228497
-0.0221868
-0.0215403
-0.0207858
-0.098814
-0.0885673
-0.080375
-0.0735508
-0.0677222
-0.0626902
-0.0583142
-0.054471
-0.0510685
-0.0480352
-0.0453144
-0.0428608
-0.0406375
-0.0386143
-0.0367663
-0.0350724
-0.0335153
-0.0320801
-0.0307545
-0.0295278
-0.0283908
-0.0273358
-0.0263559
-0.0254453
-0.0245987
-0.0238116
-0.0230822
-0.0224085
-0.0217627
-0.0210547
-0.0990977
-0.0889131
-0.0807205
-0.0739125
-0.068086
-0.0630493
-0.0586662
-0.0548137
-0.0514003
-0.048355
-0.045622
-0.0431561
-0.0409208
-0.0388859
-0.0370266
-0.0353221
-0.033755
-0.0323104
-0.0309759
-0.0297408
-0.028596
-0.0275336
-0.0265468
-0.0256297
-0.0247768
-0.0239835
-0.0232472
-0.0225654
-0.0219199
-0.02125
-0.099268
-0.0891429
-0.0809338
-0.0741425
-0.068317
-0.0632771
-0.0588897
-0.0550313
-0.0516109
-0.0485582
-0.0458174
-0.0433437
-0.0411007
-0.0390584
-0.037192
-0.0354807
-0.0339071
-0.0324565
-0.0311163
-0.0298759
-0.028726
-0.0276589
-0.0266677
-0.0257462
-0.0248893
-0.0240921
-0.0233513
-0.022664
-0.0220185
-0.021375
-0.099353
-0.0892524
-0.0810333
-0.0742534
-0.0684278
-0.0633862
-0.0589966
-0.0551353
-0.0517116
-0.0486553
-0.0459107
-0.0434333
-0.0411866
-0.0391407
-0.0372708
-0.0355563
-0.0339796
-0.0325261
-0.0311831
-0.0299401
-0.0287879
-0.0277185
-0.0267251
-0.0258016
-0.0249427
-0.0241436
-0.0234005
-0.0227106
-0.0220649
-0.0214346
-0.0993537
-0.0892531
-0.0810341
-0.0742541
-0.0684283
-0.0633866
-0.0589969
-0.0551355
-0.0517118
-0.0486555
-0.0459109
-0.0434335
-0.0411868
-0.0391409
-0.0372711
-0.0355565
-0.0339799
-0.0325264
-0.0311835
-0.0299405
-0.0287883
-0.0277189
-0.0267255
-0.025802
-0.0249431
-0.024144
-0.023401
-0.0227111
-0.0220653
-0.021435
-0.09927
-0.089145
-0.0809362
-0.0741445
-0.0683185
-0.0632784
-0.0588906
-0.0550319
-0.0516115
-0.0485587
-0.0458179
-0.0433442
-0.0411012
-0.039059
-0.0371926
-0.0354814
-0.0339079
-0.0324573
-0.0311173
-0.0298769
-0.0287272
-0.0276601
-0.0266689
-0.0257474
-0.0248905
-0.0240933
-0.0233525
-0.0226653
-0.0220198
-0.0213763
-0.0991011
-0.0889165
-0.0807245
-0.0739158
-0.0680885
-0.0630514
-0.0586679
-0.0548149
-0.0514012
-0.0483559
-0.0456228
-0.0431569
-0.0409216
-0.0388868
-0.0370276
-0.0353232
-0.0337562
-0.0323118
-0.0309775
-0.0297425
-0.0285979
-0.0275355
-0.0265488
-0.0256316
-0.0247788
-0.0239856
-0.0232492
-0.0225675
-0.021922
-0.021252
-0.0988191
-0.0885717
-0.0803804
-0.0735552
-0.0677257
-0.0626932
-0.0583166
-0.0544728
-0.05107
-0.0480364
-0.0453155
-0.0428619
-0.0406386
-0.0386156
-0.0367676
-0.0350739
-0.033517
-0.0320821
-0.0307567
-0.0295302
-0.0283933
-0.0273384
-0.0263586
-0.025448
-0.0246014
-0.0238143
-0.0230849
-0.0224113
-0.0217655
-0.0210574
-0.0983983
-0.0881022
-0.0798901
-0.0730478
-0.067216
-0.0621904
-0.057824
-0.0539937
-0.0506064
-0.0475896
-0.044886
-0.0424496
-0.0402433
-0.0382366
-0.0364044
-0.0347255
-0.0331827
-0.0317609
-0.0304478
-0.0292328
-0.0281067
-0.0270618
-0.0260915
-0.02519
-0.0243519
-0.0235732
-0.0228532
-0.0221902
-0.0215438
-0.0207892
-0.0978296
-0.0874853
-0.0792405
-0.07238
-0.0665469
-0.061531
-0.0571793
-0.0533675
-0.0500013
-0.0470069
-0.0443262
-0.0419127
-0.0397286
-0.0377433
-0.0359314
-0.0342719
-0.0327471
-0.0313423
-0.030045
-0.0288446
-0.0277322
-0.0267002
-0.0257419
-0.0248517
-0.0240245
-0.0232563
-0.0225481
-0.0218981
-0.0212508
-0.0204462
-0.097104
-0.0867002
-0.078419
-0.0715398
-0.0657077
-0.0607055
-0.0563739
-0.0525868
-0.0492481
-0.0462826
-0.0436311
-0.0412464
-0.0390902
-0.0371316
-0.0353451
-0.0337093
-0.0322067
-0.0308225
-0.0295444
-0.0283619
-0.027266
-0.0262494
-0.0253055
-0.0244289
-0.0236145
-0.022859
-0.0221648
-0.0215295
-0.0208818
-0.0200294
-0.0962122
-0.0857298
-0.0774155
-0.070518
-0.0646905
-0.0597075
-0.0554029
-0.0516478
-0.048344
-0.0454145
-0.042799
-0.0404494
-0.0383271
-0.0364006
-0.0346442
-0.0330367
-0.0315603
-0.0302004
-0.0289446
-0.0277827
-0.0267059
-0.0257069
-0.0247796
-0.0239185
-0.0231187
-0.0223777
-0.0216992
-0.0210799
-0.0204334
-0.0195422
-0.0951232
-0.0845752
-0.0762229
-0.0693089
-0.0634919
-0.0585353
-0.054266
-0.0505515
-0.0472907
-0.0444049
-0.0418326
-0.0395247
-0.037442
-0.0355529
-0.0338314
-0.0322562
-0.0308097
-0.0294771
-0.0282465
-0.0271076
-0.0260519
-0.0250724
-0.0241631
-0.0233189
-0.0225353
-0.0218102
-0.0211487
-0.0205464
-0.0199037
-0.01899
-0.0938299
-0.083231
-0.0748333
-0.067908
-0.0621104
-0.0571905
-0.0529672
-0.0493035
-0.0460951
-0.0432615
-0.0407396
-0.0384799
-0.0364426
-0.0345958
-0.0329133
-0.031374
-0.0299602
-0.0286575
-0.027454
-0.0263398
-0.0253066
-0.0243476
-0.0234572
-0.0226308
-0.0218642
-0.0211561
-0.0205125
-0.0199275
-0.0192926
-0.0183799
-0.0923371
-0.0816622
-0.0732193
-0.0662926
-0.0605296
-0.0556624
-0.0515006
-0.0479017
-0.0447582
-0.0419874
-0.0395253
-0.0373215
-0.035336
-0.0335367
-0.0318975
-0.0303975
-0.0290191
-0.0277483
-0.0265733
-0.0254846
-0.0244744
-0.0235362
-0.022665
-0.0218565
-0.0211071
-0.0204163
-0.0197907
-0.0192229
-0.018601
-0.0177196
-0.0906354
-0.0798157
-0.0713268
-0.0644121
-0.0587044
-0.0539117
-0.049832
-0.0463166
-0.0432545
-0.040561
-0.038171
-0.0360338
-0.0341092
-0.032365
-0.0307755
-0.0293197
-0.0279808
-0.0267449
-0.0256006
-0.024539
-0.0235527
-0.0226358
-0.0217839
-0.0209932
-0.0202611
-0.0195879
-0.0189807
-0.0184304
-0.0178294
-0.0170179
-0.0887782
-0.0777764
-0.0692616
-0.0623747
-0.056735
-0.0520252
-0.0480332
-0.0446053
-0.0416275
-0.0390137
-0.0366981
-0.0346294
-0.0327673
-0.0310799
-0.0295414
-0.0281313
-0.0268328
-0.0256325
-0.0245195
-0.0234855
-0.0225235
-0.0216287
-0.0207973
-0.0200267
-0.0193156
-0.0186658
-0.0180835
-0.0175571
-0.0169904
-0.0162936
-0.0871357
-0.07617
-0.067785
-0.0609677
-0.0553842
-0.0507199
-0.0467673
-0.0433742
-0.0404277
-0.0378419
-0.0355513
-0.0335049
-0.0316625
-0.0299923
-0.0284687
-0.0270714
-0.025784
-0.0245934
-0.0234893
-0.0224638
-0.021511
-0.0206266
-0.0198079
-0.0190531
-0.0183618
-0.0177352
-0.0171745
-0.0166594
-0.0161152
-0.0155584
-0.0863993
-0.0758028
-0.0678536
-0.0612071
-0.0556979
-0.0510576
-0.0471029
-0.0436925
-0.0407188
-0.0380989
-0.0357693
-0.0336804
-0.0317931
-0.030076
-0.0285042
-0.0270569
-0.0257174
-0.0244716
-0.023308
-0.0222168
-0.0211905
-0.0202231
-0.0193106
-0.0184509
-0.0176439
-0.0168939
-0.0162048
-0.0155627
-0.0149482
-0.014559
-0.0151116
-0.0153244
-0.0154882
-0.0156481
-0.0157891
-0.0159041
-0.0159941
-0.0160609
-0.0161054
-0.0161286
-0.0161316
-0.0161155
-0.0160815
-0.016031
-0.0159651
-0.015885
-0.0157921
-0.0156873
-0.0155718
-0.0154467
-0.0153128
-0.015171
-0.0150223
-0.0148673
-0.0147067
-0.0145411
-0.0143712
-0.0141974
-0.0140203
-0.0138402
-0.0136574
-0.0134724
-0.0132855
-0.0130968
-0.0129067
-0.0127152
-0.0125227
-0.0123293
-0.0121351
-0.0119402
-0.0117447
-0.0115488
-0.0113525
-0.0111558
-0.0109589
-0.0107617
-0.0105644
-0.0103669
-0.0101694
-0.0099717
-0.00977399
-0.00957625
-0.00937845
-0.0091806
-0.00898274
-0.00878488
-0.00858703
-0.0083892
-0.00819139
-0.0079936
-0.00779585
-0.00759812
-0.00740042
-0.00720275
-0.00700512
-0.00680751
-0.00660994
-0.00641239
-0.00621487
-0.00601738
-0.00581991
-0.00562247
-0.00542505
-0.00522765
-0.00503027
-0.00483291
-0.00463557
-0.00443825
-0.00424093
-0.00404363
-0.00384633
-0.00364905
-0.00345178
-0.00325453
-0.00305728
-0.00286003
-0.00266279
-0.00246555
-0.00226831
-0.00207109
-0.00187392
-0.00167677
-0.00147959
-0.0012824
-0.00108519
-0.000887955
-0.000690628
-0.000493275
-0.00029595
-9.86422e-05
-0.0159914
-0.0159391
-0.0159859
-0.0160639
-0.0161252
-0.0161651
-0.0161884
-0.0161971
-0.0161916
-0.0161723
-0.0161395
-0.0160939
-0.0160359
-0.0159661
-0.0158852
-0.0157938
-0.0156925
-0.0155821
-0.0154633
-0.0153365
-0.0152026
-0.015062
-0.0149153
-0.0147632
-0.0146061
-0.0144445
-0.0142788
-0.0141094
-0.0139368
-0.0137612
-0.013583
-0.0134025
-0.0132199
-0.0130355
-0.0128494
-0.0126619
-0.0124731
-0.0122832
-0.0120923
-0.0119006
-0.0117081
-0.0115149
-0.0113212
-0.0111269
-0.0109323
-0.0107372
-0.0105418
-0.0103462
-0.0101503
-0.00995414
-0.00975783
-0.00956134
-0.00936475
-0.00916806
-0.00897128
-0.00877441
-0.00857747
-0.00838048
-0.00818344
-0.00798635
-0.00778924
-0.0075921
-0.00739494
-0.00719776
-0.00700058
-0.00680338
-0.00660618
-0.00640898
-0.00621177
-0.00601456
-0.00581735
-0.00562014
-0.00542294
-0.00522574
-0.00502854
-0.00483134
-0.00463415
-0.00443696
-0.00423977
-0.00404259
-0.0038454
-0.00364821
-0.00345101
-0.00325383
-0.00305666
-0.00285949
-0.00266231
-0.00246514
-0.00226795
-0.00207077
-0.0018736
-0.00167644
-0.0014793
-0.00128217
-0.00108505
-0.000887856
-0.000690546
-0.000493219
-0.000295924
-9.86377e-05
-0.0168173
-0.0165609
-0.0164808
-0.0164741
-0.0164622
-0.0164365
-0.0164023
-0.0163614
-0.0163132
-0.0162574
-0.0161936
-0.0161218
-0.0160421
-0.0159544
-0.0158589
-0.0157559
-0.0156455
-0.0155282
-0.0154042
-0.0152739
-0.0151377
-0.014996
-0.0148492
-0.0146976
-0.0145416
-0.0143816
-0.0142179
-0.0140507
-0.0138805
-0.0137075
-0.013532
-0.0133541
-0.0131742
-0.0129924
-0.0128089
-0.0126239
-0.0124376
-0.0122501
-0.0120614
-0.0118718
-0.0116814
-0.0114901
-0.0112982
-0.0111057
-0.0109126
-0.0107191
-0.0105251
-0.0103307
-0.0101361
-0.00994107
-0.00974583
-0.00955036
-0.00935468
-0.00915882
-0.0089628
-0.00876664
-0.00857036
-0.00837396
-0.00817747
-0.0079809
-0.00778425
-0.00758754
-0.00739078
-0.00719397
-0.00699711
-0.00680022
-0.0066033
-0.00640635
-0.00620938
-0.00601239
-0.00581538
-0.00561835
-0.00542131
-0.00522426
-0.0050272
-0.00483012
-0.00463304
-0.00443596
-0.00423887
-0.00404177
-0.00384466
-0.00364755
-0.00345043
-0.00325332
-0.00305619
-0.00285907
-0.00266194
-0.0024648
-0.00226766
-0.00207053
-0.00187339
-0.00167623
-0.00147909
-0.00128201
-0.00108494
-0.000887784
-0.000690506
-0.000493191
-0.000295896
-9.86273e-05
-0.017565
-0.0171593
-0.0169743
-0.0168899
-0.0168103
-0.016724
-0.0166366
-0.0165494
-0.0164611
-0.0163705
-0.0162768
-0.0161796
-0.0160782
-0.0159723
-0.0158616
-0.0157461
-0.0156256
-0.0155001
-0.0153698
-0.0152346
-0.0150948
-0.0149507
-0.0148022
-0.0146498
-0.0144937
-0.014334
-0.014171
-0.014005
-0.0138362
-0.0136648
-0.0134909
-0.0133149
-0.0131368
-0.012957
-0.0127754
-0.0125923
-0.0124078
-0.0122221
-0.0120352
-0.0118473
-0.0116585
-0.0114688
-0.0112784
-0.0110873
-0.0108955
-0.0107032
-0.0105104
-0.0103172
-0.0101235
-0.0099295
-0.00973516
-0.00954052
-0.00934562
-0.00915049
-0.00895514
-0.0087596
-0.0085639
-0.00836804
-0.00817204
-0.00797593
-0.0077797
-0.00758338
-0.00738697
-0.00719049
-0.00699393
-0.00679732
-0.00660065
-0.00640394
-0.00620718
-0.00601039
-0.00581356
-0.00561669
-0.0054198
-0.00522289
-0.00502595
-0.00482899
-0.00463201
-0.00443503
-0.00423803
-0.00404101
-0.00384398
-0.00364694
-0.00344988
-0.00325281
-0.00305574
-0.00285869
-0.0026616
-0.0024645
-0.0022674
-0.0020703
-0.00187319
-0.00167605
-0.00147893
-0.00128187
-0.00108483
-0.000887697
-0.000690444
-0.000493154
-0.000295885
-9.86334e-05
-0.018234
-0.017718
-0.0174488
-0.0172941
-0.0171517
-0.0170097
-0.0168733
-0.0167432
-0.0166175
-0.0164944
-0.0163726
-0.0162511
-0.016129
-0.0160055
-0.01588
-0.0157521
-0.0156213
-0.0154874
-0.0153502
-0.0152097
-0.0150657
-0.0149184
-0.0147677
-0.0146139
-0.0144568
-0.0142968
-0.0141339
-0.0139684
-0.0138003
-0.0136298
-0.0134571
-0.0132823
-0.0131056
-0.0129272
-0.0127471
-0.0125655
-0.0123825
-0.0121982
-0.0120127
-0.0118262
-0.0116387
-0.0114503
-0.0112611
-0.0110712
-0.0108805
-0.0106893
-0.0104975
-0.0103052
-0.0101124
-0.00991925
-0.00972568
-0.00953178
-0.00933756
-0.00914305
-0.0089483
-0.00875331
-0.00855811
-0.00836272
-0.00816716
-0.00797145
-0.0077756
-0.00757963
-0.00738354
-0.00718734
-0.00699106
-0.00679469
-0.00659825
-0.00640174
-0.00620518
-0.00600856
-0.00581189
-0.00561518
-0.00541843
-0.00522164
-0.00502481
-0.00482796
-0.00463108
-0.00443417
-0.00423725
-0.00404031
-0.00384335
-0.00364638
-0.00344939
-0.00325238
-0.00305536
-0.00285832
-0.00266128
-0.00246423
-0.00226717
-0.0020701
-0.00187301
-0.00167591
-0.00147881
-0.00128175
-0.00108472
-0.000887606
-0.000690368
-0.000493107
-0.00029588
-9.86472e-05
-0.018817
-0.0182242
-0.017888
-0.0176707
-0.0174718
-0.0172798
-0.0170997
-0.0169311
-0.0167716
-0.016619
-0.0164716
-0.016328
-0.0161868
-0.016047
-0.0159076
-0.0157679
-0.0156273
-0.0154852
-0.0153413
-0.0151953
-0.015047
-0.0148963
-0.0147431
-0.0145873
-0.014429
-0.0142682
-0.014105
-0.0139394
-0.0137716
-0.0136017
-0.0134297
-0.0132557
-0.01308
-0.0129026
-0.0127235
-0.0125431
-0.0123612
-0.012178
-0.0119937
-0.0118083
-0.0116219
-0.0114346
-0.0112464
-0.0110574
-0.0108677
-0.0106773
-0.0104864
-0.0102949
-0.0101028
-0.00991036
-0.00971746
-0.00952417
-0.00933053
-0.00913657
-0.00894232
-0.0087478
-0.00855304
-0.00835806
-0.00816288
-0.00796752
-0.00777199
-0.00757632
-0.0073805
-0.00718456
-0.00698851
-0.00679236
-0.00659612
-0.0063998
-0.00620341
-0.00600694
-0.00581042
-0.00561383
-0.0054172
-0.00522053
-0.0050238
-0.00482704
-0.00463025
-0.00443342
-0.00423657
-0.00403969
-0.00384279
-0.00364587
-0.00344893
-0.00325197
-0.003055
-0.00285802
-0.00266101
-0.00246399
-0.00226696
-0.00206992
-0.00187287
-0.0016758
-0.00147871
-0.00128165
-0.00108462
-0.000887527
-0.000690313
-0.000493079
-0.000295877
-9.86559e-05
-0.0193137
-0.0186726
-0.0182834
-0.0180108
-0.0177617
-0.017526
-0.0173075
-0.0171052
-0.016916
-0.0167374
-0.0165674
-0.0164041
-0.0162458
-0.0160914
-0.0159394
-0.015789
-0.0156393
-0.0154896
-0.0153394
-0.0151882
-0.0150357
-0.0148817
-0.0147258
-0.014568
-0.0144083
-0.0142465
-0.0140827
-0.0139168
-0.013749
-0.0135792
-0.0134076
-0.0132342
-0.0130591
-0.0128824
-0.0127042
-0.0125246
-0.0123436
-0.0121613
-0.0119779
-0.0117934
-0.0116078
-0.0114213
-0.0112339
-0.0110457
-0.0108568
-0.0106672
-0.0104769
-0.0102861
-0.0100947
-0.00990278
-0.00971043
-0.00951766
-0.00932451
-0.00913101
-0.00893719
-0.00874307
-0.00854868
-0.00835405
-0.00815919
-0.00796412
-0.00776887
-0.00757345
-0.00737787
-0.00718215
-0.00698631
-0.00679035
-0.00659429
-0.00639813
-0.00620187
-0.00600554
-0.00580914
-0.00561267
-0.00541614
-0.00521955
-0.00502292
-0.00482624
-0.00462952
-0.00443276
-0.00423597
-0.00403915
-0.00384231
-0.00364544
-0.00344854
-0.00325163
-0.00305469
-0.00285775
-0.00266078
-0.0024638
-0.00226679
-0.00206977
-0.00187275
-0.0016757
-0.00147863
-0.00128157
-0.00108455
-0.000887474
-0.000690282
-0.000493064
-0.000295875
-9.86629e-05
-0.0197266
-0.0190611
-0.0186306
-0.0183095
-0.0180166
-0.0177433
-0.0174919
-0.0172606
-0.0170459
-0.0168449
-0.0166553
-0.016475
-0.0163019
-0.0161346
-0.0159717
-0.0158118
-0.0156541
-0.0154976
-0.0153418
-0.0151859
-0.0150295
-0.0148722
-0.0147139
-0.0145542
-0.0143929
-0.0142301
-0.0140655
-0.0138993
-0.0137312
-0.0135615
-0.0133901
-0.013217
-0.0130424
-0.0128662
-0.0126885
-0.0125095
-0.0123292
-0.0121476
-0.0119649
-0.011781
-0.0115962
-0.0114103
-0.0112236
-0.0110361
-0.0108478
-0.0106587
-0.010469
-0.0102787
-0.0100878
-0.00989642
-0.00970453
-0.00951219
-0.00931945
-0.00912633
-0.00893286
-0.00873907
-0.008545
-0.00835065
-0.00815606
-0.00796125
-0.00776623
-0.00757102
-0.00737564
-0.00718011
-0.00698444
-0.00678865
-0.00659273
-0.0063967
-0.00620057
-0.00600435
-0.00580805
-0.00561167
-0.00541523
-0.00521873
-0.00502216
-0.00482555
-0.0046289
-0.0044322
-0.00423546
-0.0040387
-0.0038419
-0.00364507
-0.00344821
-0.00325134
-0.00305444
-0.00285752
-0.00266059
-0.00246363
-0.00226666
-0.00206966
-0.00187265
-0.00167562
-0.00147857
-0.00128152
-0.00108451
-0.000887442
-0.000690263
-0.000493054
-0.000295872
-9.86683e-05
-0.0200609
-0.0193898
-0.0189274
-0.0185644
-0.0182342
-0.0179292
-0.0176503
-0.0173946
-0.0171585
-0.0169387
-0.0167327
-0.0165379
-0.0163524
-0.0161743
-0.0160019
-0.015834
-0.0156694
-0.0155071
-0.0153463
-0.0151862
-0.0150264
-0.0148664
-0.0147058
-0.0145443
-0.0143817
-0.0142178
-0.0140525
-0.0138858
-0.0137175
-0.0135477
-0.0133763
-0.0132034
-0.013029
-0.0128532
-0.012676
-0.0124974
-0.0123176
-0.0121365
-0.0119543
-0.011771
-0.0115867
-0.0114014
-0.0112152
-0.0110282
-0.0108404
-0.0106518
-0.0104625
-0.0102727
-0.0100822
-0.00989119
-0.00969967
-0.00950769
-0.00931527
-0.00912246
-0.00892929
-0.00873578
-0.00854195
-0.00834785
-0.00815348
-0.00795887
-0.00776403
-0.00756898
-0.00737376
-0.0071784
-0.0069829
-0.00678724
-0.00659144
-0.00639552
-0.00619949
-0.00600337
-0.00580715
-0.00561085
-0.00541448
-0.00521804
-0.00502153
-0.00482498
-0.00462838
-0.00443173
-0.00423504
-0.00403832
-0.00384156
-0.00364477
-0.00344794
-0.0032511
-0.00305423
-0.00285734
-0.00266043
-0.0024635
-0.00226655
-0.00206958
-0.00187259
-0.00167557
-0.00147853
-0.00128149
-0.00108447
-0.000887418
-0.000690253
-0.000493052
-0.000295872
-9.86728e-05
-0.0203234
-0.0196605
-0.0191736
-0.0187753
-0.0184141
-0.0180833
-0.0177818
-0.0175062
-0.0172526
-0.0170175
-0.016798
-0.0165915
-0.0163957
-0.0162086
-0.0160286
-0.015854
-0.0156837
-0.0155165
-0.0153516
-0.0151881
-0.0150254
-0.014863
-0.0147004
-0.0145374
-0.0143735
-0.0142087
-0.0140427
-0.0138755
-0.0137069
-0.013537
-0.0133656
-0.0131928
-0.0130186
-0.0128431
-0.0126661
-0.0124879
-0.0123085
-0.0121278
-0.011946
-0.0117631
-0.0115792
-0.0113943
-0.0112085
-0.0110219
-0.0108344
-0.0106463
-0.0104574
-0.0102678
-0.0100777
-0.00988699
-0.00969577
-0.00950406
-0.00931191
-0.00911935
-0.00892641
-0.00873312
-0.0085395
-0.00834559
-0.00815139
-0.00795695
-0.00776226
-0.00756737
-0.00737229
-0.00717704
-0.00698163
-0.00678607
-0.00659037
-0.00639455
-0.0061986
-0.00600256
-0.00580641
-0.00561018
-0.00541387
-0.00521749
-0.00502103
-0.00482453
-0.00462796
-0.00443136
-0.0042347
-0.00403801
-0.00384129
-0.00364452
-0.00344772
-0.0032509
-0.00305406
-0.00285719
-0.0026603
-0.00246339
-0.00226646
-0.00206952
-0.00187254
-0.00167554
-0.0014785
-0.00128147
-0.00108446
-0.000887406
-0.000690242
-0.000493045
-0.00029587
-9.86765e-05
-0.0205222
-0.019876
-0.0193705
-0.0189434
-0.0185574
-0.018206
-0.0178868
-0.0175955
-0.0173281
-0.0170809
-0.0168507
-0.0166349
-0.016431
-0.0162369
-0.0160507
-0.0158709
-0.015696
-0.0155249
-0.0153567
-0.0151904
-0.0150254
-0.014861
-0.0146969
-0.0145325
-0.0143677
-0.0142021
-0.0140356
-0.0138679
-0.0136991
-0.013529
-0.0133576
-0.0131848
-0.0130107
-0.0128353
-0.0126586
-0.0124806
-0.0123014
-0.0121211
-0.0119396
-0.011757
-0.0115734
-0.0113888
-0.0112033
-0.011017
-0.0108299
-0.010642
-0.0104533
-0.0102641
-0.0100742
-0.00988372
-0.00969273
-0.00950124
-0.0093093
-0.00911692
-0.00892416
-0.00873104
-0.00853758
-0.00834381
-0.00814976
-0.00795544
-0.00776089
-0.00756611
-0.00737113
-0.00717598
-0.00698065
-0.00678517
-0.00658955
-0.00639379
-0.00619791
-0.00600192
-0.00580583
-0.00560966
-0.0054134
-0.00521706
-0.00502064
-0.00482416
-0.00462763
-0.00443106
-0.00423444
-0.00403778
-0.00384107
-0.00364433
-0.00344755
-0.00325075
-0.00305393
-0.00285708
-0.00266021
-0.00246332
-0.00226641
-0.00206947
-0.00187251
-0.00167551
-0.00147849
-0.00128145
-0.00108444
-0.000887393
-0.000690247
-0.000493055
-0.000295872
-9.86778e-05
-0.0206659
-0.0200398
-0.0195204
-0.0190709
-0.018666
-0.0182992
-0.0179665
-0.0176634
-0.0173856
-0.0171293
-0.0168912
-0.0166684
-0.0164583
-0.0162589
-0.016068
-0.0158842
-0.0157059
-0.0155318
-0.0153611
-0.0151926
-0.0150258
-0.01486
-0.0146946
-0.0145293
-0.0143637
-0.0141974
-0.0140304
-0.0138625
-0.0136934
-0.0135232
-0.0133517
-0.0131789
-0.0130049
-0.0128296
-0.0126531
-0.0124753
-0.0122962
-0.0121161
-0.0119348
-0.0117524
-0.0115691
-0.0113847
-0.0111995
-0.0110134
-0.0108264
-0.0106388
-0.0104503
-0.0102613
-0.0100716
-0.00988129
-0.00969046
-0.00949914
-0.00930734
-0.00911511
-0.00892249
-0.00872949
-0.00853615
-0.00834249
-0.00814854
-0.00795432
-0.00775986
-0.00756516
-0.00737027
-0.00717518
-0.00697992
-0.0067845
-0.00658893
-0.00639323
-0.0061974
-0.00600145
-0.00580541
-0.00560927
-0.00541304
-0.00521673
-0.00502035
-0.0048239
-0.00462739
-0.00443084
-0.00423424
-0.0040376
-0.00384091
-0.00364419
-0.00344743
-0.00325065
-0.00305384
-0.002857
-0.00266013
-0.00246326
-0.00226637
-0.00206945
-0.0018725
-0.0016755
-0.00147849
-0.00128146
-0.00108444
-0.000887391
-0.000690243
-0.000493053
-0.00029587
-9.86786e-05
-0.0207628
-0.0201559
-0.0196267
-0.0191608
-0.0187426
-0.018365
-0.0180229
-0.0177115
-0.0174263
-0.0171636
-0.0169199
-0.0166921
-0.0164778
-0.0162746
-0.0160805
-0.0158938
-0.0157131
-0.0155369
-0.0153644
-0.0151944
-0.0150264
-0.0148595
-0.0146932
-0.0145272
-0.014361
-0.0141943
-0.014027
-0.0138587
-0.0136895
-0.0135192
-0.0133477
-0.0131749
-0.0130009
-0.0128257
-0.0126492
-0.0124715
-0.0122927
-0.0121126
-0.0119315
-0.0117493
-0.0115661
-0.0113819
-0.0111968
-0.0110109
-0.0108241
-0.0106365
-0.0104483
-0.0102593
-0.0100698
-0.00987959
-0.00968889
-0.00949767
-0.00930598
-0.00911385
-0.00892132
-0.00872841
-0.00853515
-0.00834157
-0.00814769
-0.00795354
-0.00775914
-0.00756451
-0.00736966
-0.00717462
-0.00697941
-0.00678403
-0.0065885
-0.00639283
-0.00619704
-0.00600113
-0.00580511
-0.005609
-0.0054128
-0.00521651
-0.00502014
-0.00482371
-0.00462723
-0.00443069
-0.00423411
-0.00403748
-0.0038408
-0.00364409
-0.00344734
-0.00325057
-0.00305377
-0.00285694
-0.00266008
-0.00246323
-0.00226636
-0.00206944
-0.00187249
-0.00167551
-0.0014785
-0.00128147
-0.00108445
-0.000887393
-0.000690256
-0.00049306
-0.000295854
-9.8668e-05
-0.0208206
-0.0202287
-0.0196929
-0.0192167
-0.0187902
-0.0184059
-0.0180579
-0.0177413
-0.0174517
-0.017185
-0.0169378
-0.016707
-0.01649
-0.0162845
-0.0160883
-0.0158999
-0.0157176
-0.0155402
-0.0153665
-0.0151957
-0.0150268
-0.0148592
-0.0146924
-0.0145259
-0.0143594
-0.0141924
-0.0140249
-0.0138565
-0.0136872
-0.0135168
-0.0133452
-0.0131725
-0.0129985
-0.0128233
-0.0126469
-0.0124693
-0.0122905
-0.0121105
-0.0119295
-0.0117474
-0.0115643
-0.0113802
-0.0111952
-0.0110093
-0.0108226
-0.0106352
-0.010447
-0.0102581
-0.0100686
-0.00987855
-0.00968791
-0.00949677
-0.00930514
-0.00911308
-0.0089206
-0.00872774
-0.00853453
-0.008341
-0.00814717
-0.00795306
-0.0077587
-0.0075641
-0.00736929
-0.00717428
-0.0069791
-0.00678374
-0.00658824
-0.00639259
-0.00619682
-0.00600093
-0.00580493
-0.00560883
-0.00541264
-0.00521637
-0.00502002
-0.0048236
-0.00462712
-0.0044306
-0.00423402
-0.00403741
-0.00384074
-0.00364404
-0.00344729
-0.00325052
-0.00305374
-0.00285692
-0.00266006
-0.0024632
-0.00226635
-0.00206946
-0.00187251
-0.00167551
-0.0014785
-0.00128149
-0.00108446
-0.000887376
-0.000690236
-0.000493053
-0.000295863
-9.86768e-05
-0.0208463
-0.0202624
-0.0197234
-0.0192424
-0.0188121
-0.0184246
-0.018074
-0.0177551
-0.0174633
-0.0171948
-0.016946
-0.0167138
-0.0164956
-0.016289
-0.016092
-0.0159027
-0.0157197
-0.0155417
-0.0153675
-0.0151962
-0.015027
-0.0148591
-0.0146921
-0.0145254
-0.0143587
-0.0141916
-0.0140239
-0.0138555
-0.0136861
-0.0135156
-0.0133441
-0.0131713
-0.0129974
-0.0128222
-0.0126458
-0.0124682
-0.0122895
-0.0121096
-0.0119286
-0.0117465
-0.0115634
-0.0113794
-0.0111944
-0.0110086
-0.010822
-0.0106345
-0.0104464
-0.0102576
-0.0100681
-0.00987807
-0.00968747
-0.00949636
-0.00930476
-0.00911272
-0.00892027
-0.00872744
-0.00853425
-0.00834074
-0.00814693
-0.00795284
-0.0077585
-0.00756392
-0.00736912
-0.00717413
-0.00697896
-0.00678361
-0.00658812
-0.00639248
-0.00619673
-0.00600085
-0.00580485
-0.00560875
-0.00541257
-0.00521631
-0.00501996
-0.00482355
-0.00462708
-0.00443056
-0.00423399
-0.00403738
-0.00384072
-0.00364402
-0.00344727
-0.0032505
-0.00305372
-0.00285691
-0.00266006
-0.0024632
-0.00226633
-0.00206943
-0.00187248
-0.00167552
-0.00147853
-0.00128153
-0.0010845
-0.000887407
-0.000690255
-0.000493054
-0.000295843
-9.86663e-05
-0.0208467
-0.0202628
-0.0197238
-0.0192427
-0.0188125
-0.018425
-0.0180743
-0.0177553
-0.0174636
-0.0171951
-0.0169462
-0.0167141
-0.0164958
-0.0162892
-0.0160922
-0.0159029
-0.0157199
-0.0155419
-0.0153677
-0.0151964
-0.0150271
-0.0148592
-0.0146922
-0.0145255
-0.0143588
-0.0141917
-0.014024
-0.0138556
-0.0136862
-0.0135157
-0.0133442
-0.0131714
-0.0129975
-0.0128223
-0.0126459
-0.0124683
-0.0122895
-0.0121096
-0.0119286
-0.0117465
-0.0115635
-0.0113794
-0.0111945
-0.0110086
-0.010822
-0.0106346
-0.0104464
-0.0102576
-0.0100682
-0.0098781
-0.00968749
-0.00949638
-0.00930478
-0.00911274
-0.00892029
-0.00872746
-0.00853427
-0.00834076
-0.00814695
-0.00795286
-0.00775851
-0.00756393
-0.00736914
-0.00717414
-0.00697897
-0.00678362
-0.00658813
-0.0063925
-0.00619674
-0.00600085
-0.00580485
-0.00560876
-0.00541258
-0.00521632
-0.00501997
-0.00482356
-0.00462709
-0.00443057
-0.00423401
-0.00403739
-0.00384073
-0.00364403
-0.00344729
-0.00325052
-0.00305373
-0.00285691
-0.00266007
-0.00246321
-0.00226632
-0.00206942
-0.00187249
-0.00167553
-0.00147855
-0.00128155
-0.00108453
-0.000887431
-0.000690266
-0.000493059
-0.000295853
-9.86714e-05
-0.0208219
-0.0202298
-0.019694
-0.0192178
-0.0187912
-0.0184068
-0.0180588
-0.0177422
-0.0174525
-0.0171857
-0.0169385
-0.0167077
-0.0164906
-0.0162851
-0.0160889
-0.0159005
-0.0157182
-0.0155407
-0.015367
-0.0151961
-0.0150272
-0.0148596
-0.0146928
-0.0145263
-0.0143597
-0.0141928
-0.0140252
-0.0138568
-0.0136874
-0.013517
-0.0133454
-0.0131727
-0.0129987
-0.0128235
-0.0126471
-0.0124695
-0.0122906
-0.0121107
-0.0119296
-0.0117475
-0.0115644
-0.0113803
-0.0111953
-0.0110094
-0.0108227
-0.0106353
-0.0104471
-0.0102582
-0.0100687
-0.00987863
-0.00968799
-0.00949683
-0.00930521
-0.00911314
-0.00892066
-0.0087278
-0.00853459
-0.00834105
-0.00814721
-0.0079531
-0.00775874
-0.00756414
-0.00736933
-0.00717432
-0.00697913
-0.00678377
-0.00658827
-0.00639263
-0.00619686
-0.00600096
-0.00580495
-0.00560885
-0.00541266
-0.00521639
-0.00502004
-0.00482363
-0.00462715
-0.00443063
-0.00423406
-0.00403744
-0.00384077
-0.00364407
-0.00344733
-0.00325056
-0.00305376
-0.00285693
-0.00266008
-0.00246322
-0.00226634
-0.00206943
-0.00187251
-0.00167555
-0.00147855
-0.00128155
-0.00108453
-0.000887458
-0.000690309
-0.000493088
-0.000295854
-9.86608e-05
-0.0207648
-0.0201578
-0.0196284
-0.0191625
-0.0187442
-0.0183665
-0.0180243
-0.0177128
-0.0174276
-0.0171648
-0.016921
-0.0166932
-0.0164789
-0.0162756
-0.0160815
-0.0158947
-0.0157139
-0.0155378
-0.0153651
-0.0151952
-0.015027
-0.0148601
-0.0146938
-0.0145278
-0.0143615
-0.0141949
-0.0140275
-0.0138592
-0.01369
-0.0135196
-0.0133481
-0.0131753
-0.0130013
-0.012826
-0.0126496
-0.0124718
-0.012293
-0.0121129
-0.0119318
-0.0117495
-0.0115663
-0.0113821
-0.011197
-0.011011
-0.0108243
-0.0106367
-0.0104484
-0.0102595
-0.0100699
-0.00987973
-0.00968901
-0.00949778
-0.00930608
-0.00911395
-0.00892141
-0.0087285
-0.00853524
-0.00834165
-0.00814777
-0.00795361
-0.00775921
-0.00756457
-0.00736973
-0.00717469
-0.00697947
-0.00678409
-0.00658855
-0.00639289
-0.0061971
-0.00600119
-0.00580516
-0.00560903
-0.00541283
-0.00521654
-0.00502018
-0.00482376
-0.00462727
-0.00443074
-0.00423416
-0.00403753
-0.00384086
-0.00364415
-0.0034474
-0.00325062
-0.00305381
-0.00285697
-0.00266012
-0.00246327
-0.00226638
-0.00206945
-0.00187251
-0.00167556
-0.00147858
-0.00128157
-0.00108454
-0.000887478
-0.000690336
-0.000493111
-0.000295863
-9.86573e-05
-0.0206686
-0.0200423
-0.0195228
-0.0190731
-0.0186681
-0.0183013
-0.0179685
-0.0176653
-0.0173874
-0.0171309
-0.0168927
-0.0166699
-0.0164598
-0.0162602
-0.0160693
-0.0158854
-0.015707
-0.0155329
-0.0153621
-0.0151936
-0.0150267
-0.0148609
-0.0146955
-0.0145301
-0.0143644
-0.0141982
-0.0140311
-0.0138631
-0.013694
-0.0135237
-0.0133522
-0.0131795
-0.0130054
-0.0128301
-0.0126535
-0.0124757
-0.0122966
-0.0121164
-0.0119351
-0.0117528
-0.0115694
-0.011385
-0.0111998
-0.0110136
-0.0108267
-0.010639
-0.0104506
-0.0102615
-0.0100718
-0.00988147
-0.00969063
-0.00949929
-0.00930748
-0.00911525
-0.00892262
-0.00872962
-0.00853627
-0.00834261
-0.00814865
-0.00795442
-0.00775995
-0.00756526
-0.00737036
-0.00717527
-0.00698
-0.00678458
-0.00658901
-0.0063933
-0.00619747
-0.00600153
-0.00580547
-0.00560933
-0.0054131
-0.00521679
-0.00502041
-0.00482396
-0.00462746
-0.00443091
-0.00423431
-0.00403766
-0.00384098
-0.00364426
-0.0034475
-0.00325072
-0.0030539
-0.00285706
-0.00266019
-0.00246331
-0.00226642
-0.0020695
-0.00187256
-0.00167559
-0.00147859
-0.00128157
-0.00108454
-0.000887488
-0.000690349
-0.000493122
-0.000295869
-9.86555e-05
-0.0205255
-0.0198791
-0.0193735
-0.0189462
-0.01856
-0.0182086
-0.0178892
-0.0175978
-0.0173303
-0.0170829
-0.0168527
-0.0166368
-0.0164328
-0.0162386
-0.0160523
-0.0158724
-0.0156974
-0.0155263
-0.015358
-0.0151916
-0.0150265
-0.0148621
-0.0146979
-0.0145335
-0.0143686
-0.014203
-0.0140364
-0.0138687
-0.0136998
-0.0135297
-0.0133582
-0.0131854
-0.0130113
-0.0128359
-0.0126591
-0.0124811
-0.0123019
-0.0121215
-0.01194
-0.0117574
-0.0115738
-0.0113892
-0.0112037
-0.0110173
-0.0108302
-0.0106422
-0.0104536
-0.0102643
-0.0100744
-0.00988395
-0.00969294
-0.00950144
-0.00930947
-0.00911708
-0.00892433
-0.00873121
-0.00853774
-0.00834396
-0.0081499
-0.00795558
-0.00776102
-0.00756624
-0.00737125
-0.00717608
-0.00698076
-0.00678527
-0.00658965
-0.00639389
-0.00619801
-0.00600201
-0.00580592
-0.00560974
-0.00541348
-0.00521713
-0.00502072
-0.00482425
-0.00462772
-0.00443114
-0.00423452
-0.00403786
-0.00384116
-0.00364442
-0.00344765
-0.00325085
-0.00305402
-0.00285717
-0.0026603
-0.00246341
-0.00226649
-0.00206956
-0.00187261
-0.00167562
-0.0014786
-0.00128157
-0.00108455
-0.000887496
-0.000690355
-0.000493128
-0.000295875
-9.86552e-05
-0.0203273
-0.0196642
-0.0191771
-0.0187786
-0.0184172
-0.0180862
-0.0177846
-0.0175089
-0.0172551
-0.0170199
-0.0168003
-0.0165936
-0.0163977
-0.0162106
-0.0160304
-0.0158558
-0.0156854
-0.0155181
-0.0153531
-0.0151895
-0.0150267
-0.0148642
-0.0147016
-0.0145385
-0.0143746
-0.0142097
-0.0140437
-0.0138764
-0.0137078
-0.0135378
-0.0133664
-0.0131936
-0.0130193
-0.0128437
-0.0126668
-0.0124885
-0.012309
-0.0121283
-0.0119465
-0.0117636
-0.0115796
-0.0113947
-0.0112089
-0.0110223
-0.0108348
-0.0106466
-0.0104577
-0.0102681
-0.010078
-0.00988726
-0.00969602
-0.0095043
-0.00931214
-0.00911957
-0.00892661
-0.00873331
-0.00853968
-0.00834575
-0.00815155
-0.00795711
-0.00776243
-0.00756753
-0.00737244
-0.00717718
-0.00698176
-0.0067862
-0.00659049
-0.00639466
-0.00619872
-0.00600266
-0.00580652
-0.00561028
-0.00541397
-0.00521759
-0.00502114
-0.00482463
-0.00462807
-0.00443146
-0.00423481
-0.00403811
-0.00384139
-0.00364463
-0.00344784
-0.00325102
-0.00305417
-0.00285731
-0.00266042
-0.00246351
-0.00226659
-0.00206964
-0.00187267
-0.00167566
-0.00147863
-0.00128159
-0.00108457
-0.00088751
-0.00069034
-0.000493114
-0.00029589
-9.86684e-05
-0.0200653
-0.019394
-0.0189314
-0.0185682
-0.0182377
-0.0179326
-0.0176535
-0.0173977
-0.0171614
-0.0169415
-0.0167353
-0.0165404
-0.0163547
-0.0161765
-0.016004
-0.015836
-0.0156713
-0.0155089
-0.015348
-0.0151878
-0.015028
-0.0148679
-0.0147072
-0.0145456
-0.0143829
-0.014219
-0.0140536
-0.0138868
-0.0137185
-0.0135486
-0.0133772
-0.0132042
-0.0130298
-0.012854
-0.0126767
-0.0124981
-0.0123182
-0.0121371
-0.0119549
-0.0117716
-0.0115872
-0.0114019
-0.0112157
-0.0110286
-0.0108408
-0.0106522
-0.0104629
-0.010273
-0.0100825
-0.00989149
-0.00969996
-0.00950796
-0.00931553
-0.00912271
-0.00892953
-0.008736
-0.00854216
-0.00834805
-0.00815367
-0.00795905
-0.00776421
-0.00756917
-0.00737396
-0.00717858
-0.00698304
-0.00678737
-0.00659156
-0.00639564
-0.00619961
-0.00600348
-0.00580727
-0.00561097
-0.0054146
-0.00521816
-0.00502167
-0.00482511
-0.00462851
-0.00443186
-0.00423517
-0.00403844
-0.00384168
-0.00364489
-0.00344808
-0.00325123
-0.00305436
-0.00285748
-0.00266057
-0.00246364
-0.00226669
-0.00206973
-0.00187274
-0.00167572
-0.00147867
-0.00128162
-0.0010846
-0.000887538
-0.000690368
-0.000493126
-0.000295877
-9.86539e-05
-0.0197315
-0.0190657
-0.018635
-0.0183137
-0.0180205
-0.017747
-0.0174955
-0.0172639
-0.017049
-0.0168479
-0.0166582
-0.0164777
-0.0163045
-0.0161371
-0.015974
-0.015814
-0.0156562
-0.0154996
-0.0153436
-0.0151876
-0.0150312
-0.0148738
-0.0147154
-0.0145556
-0.0143943
-0.0142314
-0.0140667
-0.0139004
-0.0137323
-0.0135625
-0.0133911
-0.0132179
-0.0130432
-0.012867
-0.0126893
-0.0125103
-0.0123299
-0.0121483
-0.0119655
-0.0117816
-0.0115967
-0.0114109
-0.0112241
-0.0110365
-0.0108482
-0.0106591
-0.0104694
-0.0102791
-0.0100882
-0.00989675
-0.00970484
-0.00951249
-0.00931974
-0.0091266
-0.00893312
-0.00873932
-0.00854523
-0.00835088
-0.00815628
-0.00796146
-0.00776642
-0.00757121
-0.00737583
-0.00718029
-0.00698461
-0.00678881
-0.00659289
-0.00639686
-0.00620072
-0.0060045
-0.0058082
-0.00561182
-0.00541538
-0.00521887
-0.00502231
-0.0048257
-0.00462904
-0.00443234
-0.00423561
-0.00403884
-0.00384204
-0.00364521
-0.00344836
-0.00325149
-0.0030546
-0.00285769
-0.00266075
-0.00246379
-0.00226682
-0.00206983
-0.00187283
-0.0016758
-0.00147873
-0.00128167
-0.00108464
-0.000887559
-0.000690354
-0.000493111
-0.000295889
-9.86634e-05
-0.019319
-0.0186776
-0.0182882
-0.0180154
-0.017766
-0.01753
-0.0173114
-0.0171088
-0.0169194
-0.0167407
-0.0165705
-0.016407
-0.0162486
-0.016094
-0.0159419
-0.0157914
-0.0156415
-0.0154918
-0.0153414
-0.0151902
-0.0150376
-0.0148834
-0.0147274
-0.0145696
-0.0144097
-0.0142479
-0.014084
-0.0139181
-0.0137502
-0.0135804
-0.0134087
-0.0132352
-0.0130601
-0.0128833
-0.0127051
-0.0125254
-0.0123443
-0.012162
-0.0119786
-0.011794
-0.0116084
-0.0114219
-0.0112345
-0.0110463
-0.0108573
-0.0106676
-0.0104773
-0.0102865
-0.0100951
-0.00990314
-0.00971077
-0.00951799
-0.00932482
-0.00913131
-0.00893747
-0.00874334
-0.00854894
-0.00835429
-0.00815942
-0.00796435
-0.00776909
-0.00757366
-0.00737808
-0.00718235
-0.00698651
-0.00679054
-0.00659447
-0.0063983
-0.00620205
-0.00600571
-0.00580931
-0.00561284
-0.00541631
-0.00521972
-0.00502308
-0.0048264
-0.00462967
-0.00443292
-0.00423613
-0.00403931
-0.00384246
-0.00364559
-0.0034487
-0.0032518
-0.00305487
-0.00285792
-0.00266096
-0.00246397
-0.00226698
-0.00206997
-0.00187294
-0.00167589
-0.0014788
-0.00128172
-0.00108468
-0.000887591
-0.000690371
-0.000493118
-0.000295894
-9.86624e-05
-0.0188227
-0.0182297
-0.0178931
-0.0176756
-0.0174764
-0.0172842
-0.0171038
-0.016935
-0.0167753
-0.0166225
-0.016475
-0.0163312
-0.0161898
-0.0160498
-0.0159103
-0.0157705
-0.0156297
-0.0154875
-0.0153435
-0.0151974
-0.015049
-0.0148982
-0.0147448
-0.014589
-0.0144306
-0.0142697
-0.0141064
-0.0139408
-0.0137729
-0.0136029
-0.0134308
-0.0132568
-0.013081
-0.0129035
-0.0127245
-0.0125439
-0.012362
-0.0121788
-0.0119944
-0.011809
-0.0116225
-0.0114352
-0.0112469
-0.0110579
-0.0108682
-0.0106778
-0.0104868
-0.0102953
-0.0101033
-0.00991075
-0.00971783
-0.00952452
-0.00933086
-0.00913689
-0.00894262
-0.00874809
-0.00855332
-0.00835832
-0.00816313
-0.00796776
-0.00777222
-0.00757654
-0.00738072
-0.00718478
-0.00698872
-0.00679257
-0.00659633
-0.0064
-0.0062036
-0.00600714
-0.00581061
-0.00561402
-0.00541739
-0.00522071
-0.00502399
-0.00482722
-0.00463042
-0.00443359
-0.00423674
-0.00403986
-0.00384296
-0.00364604
-0.0034491
-0.00325216
-0.00305519
-0.0028582
-0.0026612
-0.00246419
-0.00226716
-0.00207012
-0.00187306
-0.00167598
-0.00147888
-0.0012818
-0.00108475
-0.000887637
-0.000690403
-0.000493135
-0.000295895
-9.86541e-05
-0.0182401
-0.0177239
-0.0174543
-0.0172993
-0.0171566
-0.0170143
-0.0168777
-0.0167474
-0.0166214
-0.0164981
-0.0163761
-0.0162544
-0.0161322
-0.0160085
-0.0158829
-0.0157548
-0.0156238
-0.0154898
-0.0153525
-0.0152119
-0.0150678
-0.0149204
-0.0147696
-0.0146156
-0.0144585
-0.0142984
-0.0141354
-0.0139698
-0.0138016
-0.0136311
-0.0134583
-0.0132835
-0.0131067
-0.0129282
-0.012748
-0.0125664
-0.0123833
-0.012199
-0.0120135
-0.0118269
-0.0116394
-0.011451
-0.0112617
-0.0110717
-0.0108811
-0.0106898
-0.010498
-0.0103057
-0.0101129
-0.00991966
-0.00972608
-0.00953215
-0.00933791
-0.00914339
-0.00894862
-0.00875362
-0.0085584
-0.008363
-0.00816743
-0.00797171
-0.00777585
-0.00757987
-0.00738377
-0.00718757
-0.00699128
-0.00679491
-0.00659846
-0.00640196
-0.00620539
-0.00600876
-0.00581209
-0.00561538
-0.00541863
-0.00522184
-0.00502501
-0.00482815
-0.00463127
-0.00443436
-0.00423744
-0.00404049
-0.00384353
-0.00364655
-0.00344956
-0.00325256
-0.00305554
-0.00285852
-0.0026615
-0.00246446
-0.00226738
-0.00207029
-0.00187321
-0.00167612
-0.001479
-0.00128188
-0.00108481
-0.000887685
-0.00069044
-0.000493159
-0.000295903
-9.86486e-05
-0.0175715
-0.0171654
-0.0169801
-0.0168953
-0.0168154
-0.0167288
-0.0166412
-0.0165537
-0.0164652
-0.0163744
-0.0162805
-0.0161831
-0.0160815
-0.0159754
-0.0158646
-0.0157489
-0.0156283
-0.0155027
-0.0153722
-0.0152369
-0.015097
-0.0149527
-0.0148042
-0.0146517
-0.0144954
-0.0143357
-0.0141726
-0.0140065
-0.0138376
-0.0136661
-0.0134922
-0.0133161
-0.013138
-0.012958
-0.0127764
-0.0125933
-0.0124087
-0.012223
-0.012036
-0.0118481
-0.0116592
-0.0114695
-0.011279
-0.0110879
-0.0108961
-0.0107038
-0.0105109
-0.0103177
-0.010124
-0.00992994
-0.00973557
-0.00954092
-0.009346
-0.00915084
-0.00895548
-0.00875993
-0.0085642
-0.00836833
-0.00817233
-0.0079762
-0.00777996
-0.00758364
-0.00738722
-0.00719073
-0.00699417
-0.00679755
-0.00660088
-0.00640416
-0.0062074
-0.0060106
-0.00581377
-0.00561691
-0.00542002
-0.0052231
-0.00502616
-0.0048292
-0.00463222
-0.00443522
-0.00423821
-0.00404119
-0.00384417
-0.00364713
-0.00345009
-0.00325302
-0.00305594
-0.00285888
-0.00266182
-0.00246474
-0.00226762
-0.0020705
-0.00187339
-0.00167627
-0.00147913
-0.00128199
-0.0010849
-0.000887765
-0.000690509
-0.000493201
-0.0002959
-9.86308e-05
-0.0168239
-0.0165672
-0.0164868
-0.0164797
-0.0164675
-0.0164414
-0.016407
-0.0163658
-0.0163174
-0.0162613
-0.0161974
-0.0161254
-0.0160455
-0.0159576
-0.015862
-0.0157588
-0.0156483
-0.0155308
-0.0154067
-0.0152763
-0.01514
-0.0149982
-0.0148512
-0.0146995
-0.0145434
-0.0143833
-0.0142195
-0.0140523
-0.013882
-0.0137089
-0.0135333
-0.0133554
-0.0131754
-0.0129935
-0.01281
-0.0126249
-0.0124385
-0.0122509
-0.0120623
-0.0118726
-0.0116821
-0.0114908
-0.0112989
-0.0111063
-0.0109132
-0.0107196
-0.0105256
-0.0103312
-0.0101365
-0.00994153
-0.00974626
-0.00955077
-0.00935507
-0.0091592
-0.00896316
-0.00876698
-0.00857068
-0.00837427
-0.00817777
-0.00798118
-0.00778453
-0.00758781
-0.00739104
-0.00719422
-0.00699736
-0.00680047
-0.00660354
-0.00640659
-0.00620961
-0.00601262
-0.00581561
-0.00561858
-0.00542154
-0.00522449
-0.00502742
-0.00483035
-0.00463327
-0.00443617
-0.00423907
-0.00404196
-0.00384485
-0.00364775
-0.00345064
-0.00325353
-0.00305641
-0.00285929
-0.00266216
-0.00246503
-0.00226789
-0.00207074
-0.0018736
-0.00167644
-0.00147927
-0.00128211
-0.001085
-0.000887834
-0.000690555
-0.000493228
-0.00029591
-9.86262e-05
-0.015998
-0.0159454
-0.0159919
-0.0160695
-0.0161305
-0.0161701
-0.0161932
-0.0162016
-0.0161959
-0.0161763
-0.0161434
-0.0160975
-0.0160393
-0.0159694
-0.0158883
-0.0157967
-0.0156953
-0.0155848
-0.0154658
-0.0153389
-0.0152048
-0.0150641
-0.0149174
-0.0147652
-0.0146079
-0.0144462
-0.0142804
-0.014111
-0.0139383
-0.0137626
-0.0135844
-0.0134038
-0.0132211
-0.0130366
-0.0128505
-0.0126629
-0.012474
-0.0122841
-0.0120932
-0.0119014
-0.0117088
-0.0115156
-0.0113218
-0.0111276
-0.0109329
-0.0107378
-0.0105424
-0.0103467
-0.0101508
-0.00995461
-0.00975827
-0.00956176
-0.00936515
-0.00916844
-0.00897164
-0.00877476
-0.00857781
-0.0083808
-0.00818374
-0.00798665
-0.00778953
-0.00759238
-0.00739521
-0.00719803
-0.00700084
-0.00680364
-0.00660643
-0.00640922
-0.00621201
-0.00601481
-0.0058176
-0.00562039
-0.00542318
-0.00522598
-0.00502878
-0.00483158
-0.00463438
-0.00443717
-0.00423997
-0.00404278
-0.0038456
-0.00364842
-0.00345125
-0.00325408
-0.0030569
-0.00285973
-0.00266256
-0.00246537
-0.00226819
-0.00207101
-0.00187383
-0.00167664
-0.00147943
-0.00128224
-0.0010851
-0.000887903
-0.000690593
-0.000493251
-0.000295929
-9.86314e-05
-0.0151178
-0.0153304
-0.0154939
-0.0156535
-0.0157942
-0.015909
-0.0159988
-0.0160653
-0.0161095
-0.0161325
-0.0161353
-0.016119
-0.0160849
-0.0160342
-0.0159681
-0.0158879
-0.0157948
-0.0156899
-0.0155743
-0.015449
-0.015315
-0.0151732
-0.0150243
-0.0148692
-0.0147085
-0.0145428
-0.0143728
-0.014199
-0.0140217
-0.0138415
-0.0136587
-0.0134737
-0.0132866
-0.0130979
-0.0129077
-0.0127162
-0.0125237
-0.0123302
-0.0121359
-0.011941
-0.0117455
-0.0115495
-0.0113531
-0.0111564
-0.0109595
-0.0107623
-0.0105649
-0.0103674
-0.0101698
-0.00997217
-0.00977443
-0.00957667
-0.00937885
-0.00918098
-0.0089831
-0.00878523
-0.00858737
-0.00838952
-0.0081917
-0.00799391
-0.00779614
-0.00759841
-0.0074007
-0.00720303
-0.00700539
-0.00680778
-0.0066102
-0.00641265
-0.00621513
-0.00601764
-0.00582017
-0.00562273
-0.00542531
-0.00522791
-0.00503053
-0.00483317
-0.00463582
-0.00443848
-0.00424115
-0.00404384
-0.00384655
-0.00364928
-0.00345203
-0.00325478
-0.00305754
-0.00286029
-0.00266304
-0.0024658
-0.00226859
-0.00207136
-0.00187412
-0.00167686
-0.00147965
-0.00128247
-0.00108527
-0.000887996
-0.000690649
-0.000493289
-0.000295955
-9.86417e-05
)
;

boundaryField
{
    inlet
    {
        type            calculated;
        value           nonuniform List<scalar> 
30
(
-0.0125991
-0.0106364
-0.00846104
-0.00624202
-0.00406789
-0.00201781
-0.00014094
0.00153297
0.00298548
0.00420674
0.00519462
0.0059541
0.00649662
0.0068388
0.00699647
0.00699692
0.00684016
0.00649888
0.00595725
0.00519864
0.0042116
0.00299115
0.00153942
-0.000133776
-0.00200999
-0.00405951
-0.00623315
-0.00845177
-0.0106268
-0.0125893
)
;
    }
    outlet
    {
        type            calculated;
        value           uniform 0;
    }
    top
    {
        type            calculated;
        value           nonuniform List<scalar> 
135
(
-0.0125893
-0.0126247
-0.012696
-0.012896
-0.0137759
-0.0189567
-0.0185245
-0.0173613
-0.0165277
-0.0159411
-0.0154777
-0.0151079
-0.0148103
-0.0145594
-0.0143549
-0.0141787
-0.0139969
-0.0138207
-0.0136501
-0.0134881
-0.0133417
-0.0132192
-0.0131273
-0.0130726
-0.0130572
-0.0130709
-0.0131007
-0.0131538
-0.0132212
-0.0132935
-0.0133646
-0.0134283
-0.0134628
-0.0134574
-0.0136359
-0.0151178
-0.0153304
-0.0154939
-0.0156535
-0.0157942
-0.015909
-0.0159988
-0.0160653
-0.0161095
-0.0161325
-0.0161353
-0.016119
-0.0160849
-0.0160342
-0.0159681
-0.0158879
-0.0157948
-0.0156899
-0.0155743
-0.015449
-0.015315
-0.0151732
-0.0150243
-0.0148692
-0.0147085
-0.0145428
-0.0143728
-0.014199
-0.0140217
-0.0138415
-0.0136587
-0.0134737
-0.0132866
-0.0130979
-0.0129077
-0.0127162
-0.0125237
-0.0123302
-0.0121359
-0.011941
-0.0117455
-0.0115495
-0.0113531
-0.0111564
-0.0109595
-0.0107623
-0.0105649
-0.0103674
-0.0101698
-0.00997217
-0.00977443
-0.00957667
-0.00937885
-0.00918098
-0.0089831
-0.00878523
-0.00858737
-0.00838952
-0.0081917
-0.00799391
-0.00779614
-0.00759841
-0.0074007
-0.00720303
-0.00700539
-0.00680778
-0.0066102
-0.00641265
-0.00621513
-0.00601764
-0.00582017
-0.00562273
-0.00542531
-0.00522791
-0.00503053
-0.00483317
-0.00463582
-0.00443848
-0.00424115
-0.00404384
-0.00384655
-0.00364928
-0.00345203
-0.00325478
-0.00305754
-0.00286029
-0.00266304
-0.0024658
-0.00226859
-0.00207136
-0.00187412
-0.00167686
-0.00147965
-0.00128247
-0.00108527
-0.000887996
-0.000690649
-0.000493289
-0.000295955
-9.86417e-05
)
;
    }
    bottom
    {
        type            calculated;
        value           nonuniform List<scalar> 
135
(
-0.0125991
-0.0126345
-0.0127059
-0.0129059
-0.0137858
-0.0189676
-0.0185356
-0.0173723
-0.0165385
-0.0159517
-0.0154881
-0.0151179
-0.0148195
-0.0145677
-0.0143621
-0.0141849
-0.014002
-0.0138246
-0.0136527
-0.0134894
-0.0133417
-0.0132179
-0.0131249
-0.0130691
-0.0130529
-0.0130658
-0.0130949
-0.0131474
-0.0132145
-0.0132868
-0.0133581
-0.013422
-0.0134566
-0.0134511
-0.0136287
-0.0151116
-0.0153244
-0.0154882
-0.0156481
-0.0157891
-0.0159041
-0.0159941
-0.0160609
-0.0161054
-0.0161286
-0.0161316
-0.0161155
-0.0160815
-0.016031
-0.0159651
-0.015885
-0.0157921
-0.0156873
-0.0155718
-0.0154467
-0.0153128
-0.015171
-0.0150223
-0.0148673
-0.0147067
-0.0145411
-0.0143712
-0.0141974
-0.0140203
-0.0138402
-0.0136574
-0.0134724
-0.0132855
-0.0130968
-0.0129067
-0.0127152
-0.0125227
-0.0123293
-0.0121351
-0.0119402
-0.0117447
-0.0115488
-0.0113525
-0.0111558
-0.0109589
-0.0107617
-0.0105644
-0.0103669
-0.0101694
-0.0099717
-0.00977399
-0.00957625
-0.00937845
-0.0091806
-0.00898274
-0.00878488
-0.00858703
-0.0083892
-0.00819139
-0.0079936
-0.00779585
-0.00759812
-0.00740042
-0.00720275
-0.00700512
-0.00680751
-0.00660994
-0.00641239
-0.00621487
-0.00601738
-0.00581991
-0.00562247
-0.00542505
-0.00522765
-0.00503027
-0.00483291
-0.00463557
-0.00443825
-0.00424093
-0.00404363
-0.00384633
-0.00364905
-0.00345178
-0.00325453
-0.00305728
-0.00286003
-0.00266279
-0.00246555
-0.00226831
-0.00207109
-0.00187392
-0.00167677
-0.00147959
-0.0012824
-0.00108519
-0.000887955
-0.000690628
-0.000493275
-0.00029595
-9.86422e-05
)
;
    }
    obstacle
    {
        type            calculated;
        value           nonuniform List<scalar> 
120
(
0.0470555
0.0450025
0.0405613
0.0350968
0.0293294
0.023358
0.0171724
0.0108082
0.00432707
-0.00220652
-0.00873076
-0.0151872
-0.0215221
-0.0276875
-0.033642
-0.0393511
-0.0447859
-0.0499224
-0.0547431
-0.0592336
-0.0633788
-0.067176
-0.0706253
-0.073726
-0.0764827
-0.0789183
-0.0810823
-0.0829514
-0.0841096
-0.0837645
-0.0863899
-0.0871257
-0.0887677
-0.0906245
-0.0923259
-0.0938188
-0.0951125
-0.0962023
-0.0970953
-0.0978218
-0.0983918
-0.098814
-0.0990977
-0.099268
-0.099353
-0.0993537
-0.09927
-0.0991011
-0.0988191
-0.0983983
-0.0978296
-0.097104
-0.0962122
-0.0951232
-0.0938299
-0.0923371
-0.0906354
-0.0887782
-0.0871357
-0.0863993
0.0470602
0.0450078
0.0405661
0.0351013
0.0293338
0.0233627
0.017177
0.0108125
0.00433084
-0.00220351
-0.00872864
-0.0151861
-0.021522
-0.0276883
-0.0336438
-0.0393537
-0.0447894
-0.0499265
-0.0547479
-0.0592389
-0.0633846
-0.067182
-0.0706316
-0.0737324
-0.0764892
-0.078925
-0.0810891
-0.0829586
-0.0841175
-0.083773
0.0538969
0.058532
0.0645253
0.0707405
0.0765458
0.0817994
0.0864739
0.0905416
0.0939861
0.0968235
0.0990875
0.10081
0.102031
0.102807
0.103184
0.103185
0.102808
0.102033
0.100813
0.0990903
0.0968265
0.0939893
0.0905452
0.0864778
0.0818031
0.0765492
0.0707436
0.0645284
0.0585355
0.0539008
)
;
    }
    frontAndBack
    {
        type            empty;
    }
}


// ************************************************************************* //
