/*--------------------------------*- C++ -*----------------------------------*\
  =========                 |
  \\      /  F ield         | OpenFOAM: The Open Source CFD Toolbox
   \\    /   O peration     | Website:  https://openfoam.org
    \\  /    A nd           | Version:  12
     \\/     M anipulation  |
\*---------------------------------------------------------------------------*/
FoamFile
{
    format      ascii;
    class       volScalarField;
    location    "100";
    object      pPrime2Mean;
}
// * * * * * * * * * * * * * * * * * * * * * * * * * * * * * * * * * * * * * //

dimensions      [0 4 -4 0 0 0 0];

internalField   nonuniform List<scalar> 
6750
(
0.0123471
0.0123274
0.0123013
0.0122782
0.012261
0.0123719
0.0123462
0.0123057
0.0122574
0.0122076
0.0124505
0.0124186
0.0123656
0.0122974
0.0122243
0.0125812
0.0125471
0.01249
0.0124151
0.0123351
0.0127575
0.0127264
0.012674
0.0126046
0.0125303
0.012968
0.0129444
0.0129041
0.0128495
0.0127908
0.0131981
0.0131853
0.0131627
0.0131298
0.0130941
0.0134323
0.0134326
0.0134311
0.0134246
0.013417
0.0136563
0.0136706
0.0136919
0.0137138
0.013737
0.013858
0.0138861
0.0139298
0.01398
0.014034
0.0140284
0.0140691
0.0141332
0.0142094
0.0142921
0.0141617
0.0142129
0.0142942
0.0143923
0.0144994
0.0142551
0.0143143
0.0144086
0.0145234
0.0146493
0.0143086
0.0143731
0.0144758
0.0146014
0.0147397
0.0143246
0.0143914
0.0144978
0.0146284
0.0147724
0.0143066
0.014373
0.0144789
0.0146089
0.0147523
0.0142545
0.0143178
0.014419
0.0145428
0.0146791
0.0141651
0.0142225
0.0143143
0.014426
0.0145486
0.0140367
0.0140855
0.0141633
0.0142573
0.0143598
0.0138698
0.0139076
0.0139675
0.0140386
0.0141157
0.0136677
0.0136927
0.0137315
0.013776
0.0138238
0.0134367
0.0134476
0.0134638
0.0134797
0.0134962
0.0131862
0.0131831
0.0131764
0.0131638
0.0131494
0.0129286
0.0129125
0.0128847
0.0128459
0.0128036
0.0126785
0.0126516
0.0126065
0.0125462
0.0124812
0.0124515
0.0124173
0.0123603
0.0122856
0.0122054
0.0122622
0.0122253
0.0121638
0.012084
0.0119986
0.0121223
0.0120877
0.0120307
0.0119578
0.0118798
0.0120381
0.01201
0.0119658
0.0119131
0.0118587
0.0120111
0.0119894
0.0119603
0.0119337
0.0119135
0.0122208
0.0121153
0.0119137
0.0116357
0.011286
0.0108676
0.0103821
0.00983132
0.00922039
0.00855707
0.00785122
0.00711882
0.00637641
0.00564246
0.00493523
0.00427099
0.0036626
0.00311859
0.00264273
0.00223439
0.00189007
0.00160472
0.00137052
0.00118023
0.00102708
0.000904792
0.000808282
0.000733141
0.000676075
0.000641359
0.0122162
0.0120439
0.0117947
0.0114784
0.0110968
0.0106521
0.0101474
0.00958761
0.00897942
0.00833046
0.00765029
0.00695371
0.0062541
0.00556638
0.00490491
0.00428229
0.00370857
0.00319054
0.00273177
0.00233292
0.00199178
0.00170286
0.00146236
0.00126404
0.00110209
0.000971404
0.000867252
0.000785077
0.000720353
0.000672449
0.0121673
0.011949
0.0116632
0.0113183
0.0109142
0.0104532
0.00993896
0.00937692
0.00877468
0.00813949
0.00748221
0.00681574
0.00615153
0.00550188
0.00487818
0.00429021
0.00374574
0.00325024
0.00280676
0.00241604
0.00207684
0.00178697
0.00154195
0.00133735
0.00116837
0.00103034
0.00091887
0.000829432
0.000758013
0.000703359
0.0120973
0.0118492
0.0115362
0.0111704
0.0107528
0.0102842
0.00976785
0.0092093
0.00861607
0.00799491
0.00735755
0.00671487
0.00607725
0.00545532
0.00485872
0.00429567
0.00377264
0.00329429
0.00286332
0.00248062
0.00214548
0.0018561
0.0016092
0.00140102
0.00122738
0.00108391
0.000966098
0.000869672
0.000791132
0.000733539
0.0120208
0.0117508
0.0114168
0.0110351
0.0106089
0.0101375
0.00962359
0.00907214
0.00848979
0.00788302
0.00726332
0.00664003
0.00602284
0.00542141
0.00484448
0.0042995
0.0037924
0.00332742
0.00290705
0.00253216
0.00220214
0.00191523
0.00166869
0.0014591
0.00128261
0.00113502
0.00101189
0.000908749
0.00082418
0.00076434
0.0119494
0.0116623
0.0113125
0.0109188
0.0104864
0.010015
0.0095057
0.00896287
0.0083917
0.00779859
0.00719393
0.00658605
0.00598417
0.00539746
0.00483433
0.00430206
0.00380647
0.00335169
0.00294011
0.00257245
0.00224797
0.00196478
0.00172013
0.00151066
0.00133263
0.00118203
0.00105442
0.000945688
0.000856071
0.000794756
0.0118911
0.0115902
0.0112281
0.0108257
0.0103889
0.00991843
0.00941466
0.00888048
0.00831961
0.00773858
0.00714608
0.00654983
0.00595876
0.00538189
0.00482771
0.0043037
0.00381588
0.00336849
0.00296389
0.0026026
0.00228361
0.00200471
0.00176286
0.00155451
0.00137591
0.00122323
0.00109217
0.000978999
0.000885267
0.000823107
0.0118524
0.01154
0.0111679
0.0107585
0.0103192
0.00984978
0.00935125
0.00882468
0.00827254
0.00770129
0.00711779
0.00652946
0.00594507
0.00537373
0.00482427
0.00430466
0.00382132
0.00337873
0.00297927
0.00262329
0.00230938
0.00203488
0.0017963
0.00158978
0.0014115
0.00125742
0.00112386
0.00100747
0.000910463
0.000847801
0.0118392
0.0115168
0.0111357
0.01072
0.0102787
0.00981042
0.00931615
0.00879557
0.0082502
0.00768582
0.00710793
0.00652378
0.0059421
0.00537229
0.00482375
0.00430506
0.00382319
0.00338296
0.00298681
0.00263489
0.00232539
0.00205509
0.00182
0.00161584
0.00143864
0.00128418
0.0011491
0.00103021
0.000930565
0.000867473
0.0118572
0.0115254
0.0111353
0.0107132
0.0102696
0.00980222
0.00931054
0.00879372
0.00825266
0.00769187
0.00711602
0.00653221
0.00594931
0.0053772
0.00482598
0.00430496
0.00382173
0.0033815
0.00298679
0.00263757
0.0023316
0.00206513
0.00183358
0.00163223
0.00145663
0.00130278
0.00116703
0.00104624
0.000944453
0.000880876
0.0119124
0.0115711
0.0111711
0.0107413
0.010294
0.00982648
0.00933573
0.00882011
0.00828047
0.00771972
0.0071421
0.00655465
0.00596655
0.00538832
0.00483088
0.00430437
0.00381703
0.00337446
0.0029793
0.00263133
0.00232791
0.00206475
0.00183667
0.00163843
0.00146513
0.00131263
0.00117681
0.00105466
0.000951118
0.000886922
0.0120115
0.0116594
0.0112478
0.0108083
0.0103554
0.00988566
0.0093934
0.0088763
0.00833469
0.00777012
0.00718665
0.00659139
0.00599396
0.0054057
0.00483847
0.00430329
0.00380907
0.00336181
0.00296426
0.00261605
0.00231414
0.0020537
0.00182898
0.00163411
0.0014636
0.00131308
0.00117761
0.00105452
0.000949658
0.000884735
0.0121621
0.0117972
0.0113716
0.0109194
0.0104586
0.00998313
0.00948626
0.0089645
0.008417
0.00784439
0.00725063
0.00664308
0.00603195
0.00542956
0.00484883
0.0043017
0.00379776
0.0033434
0.0029415
0.00259152
0.00229005
0.00203173
0.00181016
0.0016188
0.00145138
0.00130297
0.00116848
0.00104498
0.000939347
0.000873674
0.0123735
0.0119927
0.0115497
0.011081
0.0106083
0.0101235
0.00961825
0.00908779
0.00852989
0.00794447
0.00733548
0.00671068
0.00608113
0.00546026
0.00486213
0.0042996
0.00378295
0.00331898
0.00291073
0.00255748
0.00225541
0.00199858
0.00177991
0.00159197
0.00142793
0.00128191
0.00114878
0.00102549
0.000919775
0.000853447
0.012657
0.0122563
0.0117915
0.0113015
0.0108123
0.0103132
0.00979464
0.00925055
0.00867682
0.00807301
0.00744312
0.00679552
0.00614236
0.0054983
0.00487858
0.00429698
0.00376446
0.00328828
0.0028716
0.00251357
0.00220988
0.00195393
0.0017378
0.00155327
0.00139264
0.00124932
0.00111812
0.000995801
0.000890944
0.000824297
0.0130269
0.0126013
0.0121098
0.0115925
0.0110808
0.0105613
0.0100232
0.00945891
0.00886252
0.00823345
0.00757597
0.00689924
0.00621669
0.0055443
0.00489842
0.00429381
0.00374211
0.00325103
0.0028238
0.00245939
0.00215302
0.00189724
0.00168327
0.00150208
0.00134501
0.00120487
0.0010764
0.000956156
0.000853455
0.000787285
0.0135019
0.0130456
0.0125216
0.0119694
0.0114278
0.0108799
0.0103145
0.00972099
0.00909313
0.00843024
0.00773706
0.00702384
0.00630538
0.00559892
0.0049219
0.00429002
0.00371566
0.00320692
0.00276702
0.0023946
0.00208431
0.0018279
0.00161565
0.00143769
0.00128468
0.00114859
0.00102408
0.000907558
0.000808931
0.000744743
0.0141074
0.0136134
0.0130497
0.0124528
0.0118713
0.0112851
0.010681
0.0100469
0.00937636
0.0086689
0.00793019
0.00717182
0.00640989
0.00566283
0.00494917
0.00428549
0.00368487
0.00315563
0.00270088
0.00231876
0.00200328
0.00174542
0.00153459
0.00136001
0.0012117
0.00108112
0.000962552
0.000852313
0.000760706
0.0007011
0.0148779
0.0143372
0.0137243
0.0130697
0.0124352
0.0117967
0.0111388
0.0104492
0.00972166
0.00895626
0.00816005
0.00734606
0.00653174
0.00573666
0.00498033
0.00428012
0.00364951
0.00309685
0.00262496
0.00223143
0.00190958
0.00164966
0.00144026
0.00126968
0.00112736
0.00100448
0.00089507
0.000795177
0.000715062
0.000664176
0.0158615
0.0152613
0.0145859
0.0138552
0.0131498
0.0124393
0.0117081
0.0109436
0.0101406
0.00930049
0.00843199
0.00754972
0.0066725
0.00582099
0.0050155
0.00427381
0.00360941
0.00303037
0.00253901
0.00213239
0.00180322
0.0015411
0.00133385
0.00116897
0.0010353
0.000923689
0.000828401
0.000745367
0.00068354
0.00064772
0.0171255
0.0164471
0.0156902
0.0148583
0.0140548
0.0132455
0.0124142
0.0115494
0.0106472
0.00971119
0.00875202
0.00778621
0.00683387
0.00591653
0.00505482
0.00426645
0.00356438
0.00295601
0.00244302
0.0020219
0.00168493
0.00142123
0.00121805
0.00106227
0.000942082
0.000848237
0.000775118
0.000719702
0.000686887
0.000676216
0.0187644
0.017979
0.0171141
0.0161437
0.0152045
0.0142589
0.013291
0.0122914
0.0112588
0.0101996
0.00912704
0.0080594
0.00701782
0.00602409
0.0050985
0.00425789
0.00351419
0.00287371
0.00233729
0.00190089
0.00155652
0.00129318
0.00109796
0.000957452
0.00085947
0.000794807
0.000758175
0.000747975
0.000761398
0.000792918
0.0209058
0.0199724
0.0189628
0.0177999
0.0166717
0.0155372
0.0143813
0.0132
0.0119959
0.010779
0.00956512
0.00837387
0.00722665
0.00614459
0.00514663
0.00424791
0.00345862
0.0027836
0.00222265
0.00177123
0.00142139
0.00116256
0.000982432
0.000868069
0.000807492
0.000791794
0.000815984
0.000880699
0.000967347
0.00106945
0.0237108
0.0225772
0.0213714
0.0199428
0.0185513
0.0171527
0.0157382
0.0143124
0.0128835
0.0114652
0.0100757
0.00873479
0.00746279
0.00627878
0.00519908
0.00423604
0.00339734
0.00268595
0.00210048
0.00163606
0.00128523
0.00103873
0.00088614
0.000816473
0.000819254
0.000886045
0.00101191
0.0011988
0.00139836
0.00161181
0.0273664
0.0259676
0.0245056
0.022717
0.0209605
0.0191927
0.0174247
0.015672
0.0139499
0.0122761
0.0106691
0.00914744
0.00772831
0.00642685
0.00525504
0.00422112
0.00332941
0.00258057
0.00197213
0.00149933
0.00115605
0.000935666
0.000831591
0.000837167
0.000945508
0.00114926
0.00144054
0.00181857
0.0021837
0.00255737
0.0320667
0.030323
0.0285292
0.0262603
0.0240034
0.0217369
0.019498
0.0173185
0.0152219
0.0132286
0.0113555
0.00961712
0.00802517
0.00658845
0.00531259
0.00420023
0.00325146
0.00246444
0.00183606
0.00136275
0.0010413
0.000869853
0.000848194
0.00097692
0.00125509
0.00167614
0.00222431
0.00288461
0.00347822
0.0040681
0.0379159
0.0357248
0.0334857
0.0306016
0.0277066
0.0248152
0.021993
0.0192906
0.0167391
0.0143596
0.0121663
0.010168
0.00836938
0.00677133
0.00537196
0.00416754
0.00315364
0.00232628
0.00168269
0.00122207
0.000946289
0.000860455
0.000972736
0.00129229
0.00182444
0.00256159
0.00347475
0.00452213
0.0054341
0.00630892
0.0453205
0.04238
0.0394155
0.0358093
0.0322092
0.0286374
0.025171
0.0218713
0.018778
0.0159184
0.0133098
0.0109606
0.00887215
0.00704049
0.00545844
0.00411774
0.00301113
0.0021339
0.00148498
0.00106722
0.000887242
0.000954606
0.00128005
0.00187215
0.00273242
0.00384747
0.0051815
0.00668807
0.00810661
0.00948843
0.0568089
0.0530171
0.0491803
0.0447313
0.0402443
0.0357138
0.0312445
0.0269372
0.0228709
0.0191074
0.0156875
0.0126325
0.00994845
0.00763063
0.0056693
0.00405418
0.00277822
0.00183941
0.00124208
0.000995266
0.0011089
0.00158968
0.00243508
0.00362728
0.00512956
0.00688091
0.0088033
0.0108497
0.0126507
0.0144582
0.092575
0.0857743
0.0780449
0.0701822
0.0623387
0.0545136
0.0468809
0.0396078
0.0328313
0.026658
0.0211565
0.0163569
0.0122596
0.00884788
0.00609942
0.00399708
0.00253617
0.00172843
0.00159892
0.00218025
0.00350322
0.00558321
0.00840789
0.0119283
0.0160562
0.0206643
0.0255938
0.0308043
0.0361596
0.0410164
0.0122344
0.0121739
0.0121178
0.012067
0.0120237
0.0119908
0.0119724
0.0119736
0.0119997
0.0120563
0.0121496
0.0122868
0.0124762
0.0127278
0.0130539
0.0134699
0.0139957
0.0146585
0.0154959
0.0165611
0.0179292
0.0197062
0.0220352
0.0250923
0.0290787
0.0342133
0.0407314
0.0493377
0.0623573
0.100185
0.0121641
0.0121211
0.0120847
0.0120565
0.0120422
0.012044
0.012065
0.0121089
0.0121803
0.0122846
0.0124279
0.012618
0.0128638
0.0131764
0.0135696
0.0140605
0.014672
0.0154346
0.0163905
0.0175984
0.0191406
0.0211318
0.0237247
0.0271055
0.0314846
0.0371163
0.0444108
0.0542153
0.0683602
0.108358
0.0121848
0.0121798
0.0121806
0.0121881
0.0122084
0.0122453
0.0123027
0.0123852
0.0124978
0.0126462
0.0128372
0.0130787
0.0133806
0.0137546
0.0142158
0.0147832
0.0154821
0.0163465
0.0174228
0.0187747
0.0204911
0.0226944
0.0255458
0.0292385
0.0339879
0.0400821
0.0480888
0.0589891
0.0739273
0.117427
0.0123094
0.0123429
0.0123818
0.0124266
0.0124846
0.01256
0.0126574
0.012782
0.012939
0.013135
0.013377
0.0136739
0.014036
0.0144762
0.0150106
0.0156599
0.0164516
0.0174222
0.0186211
0.020115
0.0219958
0.0243887
0.0274558
0.0313851
0.036381
0.0427604
0.0513018
0.0633244
0.078812
0.127165
0.0125228
0.0125912
0.0126665
0.0127485
0.0128448
0.0129606
0.0131009
0.013271
0.0134769
0.0137253
0.014024
0.0143823
0.0148115
0.0153253
0.015941
0.0166811
0.0175749
0.0186612
0.0199911
0.0216335
0.0236807
0.0262574
0.0295209
0.0336459
0.0388165
0.045374
0.0543549
0.0676075
0.083237
0.137464
0.0128042
0.0129033
0.0130124
0.0131305
0.0132653
0.0134221
0.0136067
0.0138246
0.0140823
0.0143868
0.0147464
0.0151709
0.0156722
0.0162651
0.0169679
0.0178044
0.0188055
0.0200116
0.0214748
0.0232639
0.02547
0.0282134
0.0316423
0.0359109
0.0411759
0.0478033
0.0571493
0.0718893
0.0872306
0.148706
0.0131303
0.0132561
0.0133959
0.0135485
0.013721
0.0139188
0.014148
0.0144146
0.0147253
0.0150875
0.0155099
0.016003
0.0165789
0.0172533
0.0180454
0.01898
0.0200891
0.0214137
0.0230061
0.0249337
0.0272845
0.0301721
0.0337321
0.0380931
0.0433779
0.0499754
0.0596216
0.0762593
0.0909027
0.161433
0.0134773
0.013626
0.0137932
0.013978
0.0141864
0.0144241
0.014697
0.0150115
0.0153746
0.015794
0.0162788
0.0168397
0.0174895
0.0182442
0.0191237
0.0201536
0.0213663
0.0228028
0.0245147
0.0265673
0.0290444
0.0320521
0.0357117
0.0401218
0.0453645
0.0518463
0.0617219
0.0808024
0.0944048
0.176222
0.0138215
0.0139899
0.0141812
0.0143951
0.014637
0.0149121
0.0152265
0.0155866
0.0159995
0.0164733
0.0170173
0.0176425
0.018362
0.0191921
0.0201532
0.0212712
0.0225785
0.0241155
0.0259328
0.0280933
0.0306764
0.0337813
0.0375148
0.0419422
0.0470972
0.0533963
0.0634134
0.0855781
0.0979209
0.193542
0.0141419
0.0143269
0.014539
0.0147785
0.0150504
0.0153595
0.0157116
0.0161133
0.0165717
0.0170949
0.0176925
0.0183756
0.0191577
0.0200551
0.0210886
0.0222839
0.023673
0.0252958
0.0272016
0.029451
0.0321198
0.0353015
0.0390902
0.0435153
0.0485542
0.0546281
0.064683
0.0905977
0.101641
0.213518
0.014421
0.0146197
0.0148491
0.0151105
0.0154081
0.0157466
0.0161315
0.0165693
0.017067
0.0176329
0.0182765
0.0190091
0.0198444
0.0207987
0.0218928
0.0231519
0.024608
0.0263001
0.0282763
0.0305953
0.0333304
0.0365713
0.0404023
0.0448163
0.0497271
0.0555611
0.0655476
0.0957966
0.105701
0.235667
0.0146462
0.0148557
0.0150989
0.015378
0.0156965
0.0160589
0.0164707
0.0169378
0.0174674
0.0180677
0.0187484
0.0195207
0.0203983
0.0213976
0.0225391
0.0238478
0.0253552
0.0270997
0.0291286
0.031499
0.0342824
0.037567
0.041431
0.0458326
0.0506173
0.056224
0.0660541
0.101
0.110098
0.258619
0.0148097
0.0150272
0.0152808
0.015573
0.0159072
0.0162876
0.0167194
0.0172084
0.0177617
0.0183876
0.0190956
0.0198972
0.0208057
0.0218375
0.0230129
0.0243569
0.0259005
0.0276816
0.0297467
0.0321518
0.0349676
0.0382824
0.0421715
0.046563
0.0512347
0.0566481
0.0662725
0.105911
0.114619
0.280194
0.0149091
0.0151317
0.015392
0.0156929
0.0160374
0.0164295
0.0168742
0.0173774
0.0179461
0.0185885
0.0193141
0.0201343
0.0210624
0.0221148
0.0233114
0.0246773
0.0262431
0.0280467
0.0301336
0.0325593
0.0353939
0.0387269
0.0426334
0.0470181
0.0516006
0.0568699
0.0662839
0.110035
0.11873
0.297692
0.014946
0.0151711
0.0154347
0.0157398
0.0160892
0.0164869
0.0169377
0.0174476
0.0180235
0.0186737
0.0194076
0.0202364
0.0211736
0.0222353
0.0234417
0.0248176
0.0263939
0.0282078
0.0303048
0.0327399
0.0355833
0.0389252
0.0428416
0.0472251
0.051759
0.0569518
0.0662055
0.112405
0.121325
0.307662
0.0149255
0.0151507
0.0154144
0.0157196
0.016069
0.0164665
0.0169172
0.0174268
0.0180025
0.0186524
0.0193859
0.0202143
0.0211508
0.022212
0.0234179
0.0247937
0.02637
0.0281842
0.0302817
0.0327177
0.0355623
0.038906
0.0428248
0.0472105
0.0517461
0.0569413
0.0661824
0.112362
0.121294
0.308043
0.0148475
0.0150704
0.0153311
0.0156322
0.0159767
0.0163687
0.016813
0.0173157
0.0178837
0.0185253
0.0192498
0.0200685
0.020995
0.0220458
0.0232413
0.0246066
0.0261727
0.0279772
0.0300658
0.0324941
0.0353326
0.038671
0.0425844
0.0469756
0.0515633
0.0568393
0.0662191
0.109921
0.118649
0.298786
0.0147074
0.0149254
0.0151797
0.0154725
0.0158071
0.0161875
0.016619
0.0171074
0.0176599
0.0182845
0.0189908
0.0197902
0.0206963
0.0217259
0.0228996
0.0242429
0.0257869
0.0275699
0.029638
0.0320478
0.0348702
0.0381939
0.0420938
0.0464954
0.0511762
0.0566003
0.0661799
0.105764
0.114517
0.281861
0.0145045
0.0147148
0.0149591
0.0152393
0.0155588
0.0159218
0.0163336
0.0168004
0.0173291
0.017928
0.0186066
0.0193763
0.0202511
0.0212478
0.0223872
0.0236952
0.0252034
0.0269506
0.028984
0.0313611
0.0341538
0.0374503
0.041328
0.0457425
0.0505409
0.0561637
0.0659537
0.100865
0.110007
0.260698
0.0142422
0.0144421
0.014673
0.0149362
0.0152354
0.0155751
0.0159608
0.0163987
0.0168958
0.0174603
0.0181019
0.0188318
0.0196641
0.0206157
0.0217077
0.0229662
0.0244235
0.026119
0.028101
0.0304286
0.0331751
0.0364299
0.040276
0.0447052
0.0496355
0.0554943
0.0654622
0.0957134
0.105646
0.238017
0.013929
0.0141156
0.0143297
0.0145718
0.014846
0.0151572
0.0155109
0.0159134
0.0163717
0.0168941
0.0174899
0.0181705
0.0189497
0.0198446
0.0208763
0.0220711
0.0234617
0.0250886
0.0270011
0.0292602
0.0319415
0.0351378
0.0389418
0.0433841
0.04845
0.0545621
0.0646349
0.090594
0.101643
0.216016
0.0135782
0.0137489
0.0139429
0.0141601
0.0144051
0.0146832
0.015
0.0153618
0.0157755
0.0162492
0.0167921
0.0174153
0.0181324
0.0189602
0.0199198
0.0210376
0.0223467
0.023888
0.0257123
0.0278827
0.0304782
0.0335969
0.0373451
0.041792
0.0469834
0.0533396
0.0634208
0.0856679
0.0979961
0.196092
0.0132076
0.0133595
0.0135303
0.0137192
0.0139317
0.0141732
0.0144495
0.0147668
0.0151317
0.015552
0.0160367
0.0165964
0.0172445
0.0179973
0.0188755
0.0199053
0.0211198
0.0225604
0.0242789
0.0263406
0.0288286
0.0318482
0.0355214
0.0399542
0.0452449
0.0518078
0.0617961
0.0809875
0.0945688
0.178763
0.0128384
0.0129685
0.013113
0.0132709
0.0134483
0.0136509
0.0138845
0.0141548
0.0144685
0.0148329
0.0152564
0.0157493
0.0163243
0.0169971
0.0177878
0.0187221
0.0198327
0.0211608
0.0227588
0.0246939
0.0270533
0.0299503
0.033523
0.0379108
0.043257
0.0499626
0.059766
0.0765334
0.0911705
0.163935
0.0124941
0.0125988
0.0127139
0.0128384
0.0129791
0.0131416
0.0133314
0.0135542
0.013816
0.0141237
0.0144855
0.0149108
0.0154118
0.0160032
0.0167044
0.0175402
0.0185421
0.0197508
0.0212183
0.0230129
0.025225
0.0279755
0.031417
0.0357178
0.0410588
0.0478215
0.0573611
0.0722437
0.0876185
0.151172
0.0121984
0.0122738
0.0123563
0.0124456
0.0125487
0.0126707
0.0128169
0.0129925
0.0132032
0.0134556
0.0137572
0.0141169
0.014546
0.0150584
0.0156723
0.016411
0.0173049
0.018393
0.019726
0.021372
0.0234233
0.0260058
0.0292833
0.0334471
0.0387083
0.0454259
0.0546274
0.0680349
0.083763
0.139919
0.0119744
0.0120163
0.0120633
0.0121159
0.0121809
0.0122627
0.012366
0.0124959
0.0126577
0.0128575
0.0131024
0.0134007
0.0137626
0.0142013
0.0147336
0.0153813
0.0161727
0.0171447
0.0183459
0.0198425
0.0217268
0.0241263
0.027211
0.0311872
0.0362875
0.0428467
0.0516271
0.0638212
0.0794936
0.129652
0.0118426
0.0118471
0.0118568
0.0118719
0.0118987
0.0119411
0.0120033
0.0120899
0.012206
0.0123571
0.0125498
0.012792
0.0130931
0.0134655
0.0139246
0.0144905
0.0151894
0.0160553
0.0171341
0.0184894
0.020211
0.0224248
0.0253008
0.0290509
0.033917
0.0402044
0.0484607
0.0595558
0.0747804
0.119991
0.0118181
0.0117857
0.0117579
0.0117363
0.0117266
0.0117318
0.0117552
0.0118008
0.0118731
0.0119777
0.0121207
0.0123097
0.012554
0.0128648
0.0132564
0.0137467
0.014359
0.0151242
0.0160844
0.0172985
0.0188507
0.0208592
0.0234858
0.0269343
0.031437
0.0372632
0.0448062
0.0548297
0.069348
0.110989
0.0118913
0.0118402
0.0117897
0.0117423
0.0117007
0.0116679
0.0116486
0.0116479
0.0116714
0.0117249
0.011815
0.011949
0.0121356
0.0123851
0.0127102
0.0131267
0.0136546
0.0143215
0.0151658
0.0162416
0.0176257
0.0194278
0.0217989
0.0249313
0.0290422
0.0343635
0.041123
0.0499734
0.0634305
0.102864
0.0952235
0.088305
0.0803487
0.072196
0.0640514
0.0559404
0.048048
0.0405483
0.0335809
0.0272527
0.0216302
0.01674
0.012579
0.00912674
0.00635764
0.00425208
0.00280358
0.00202299
0.00193474
0.00257064
0.0039603
0.00611658
0.00902277
0.0126232
0.0168209
0.0214787
0.0264288
0.0316262
0.0369302
0.0417282
0.0579304
0.0541678
0.0502858
0.0457139
0.0410824
0.0364113
0.0318161
0.0274034
0.0232536
0.0194269
0.0159612
0.0128746
0.01017
0.00784016
0.00587329
0.00425735
0.00298376
0.00204881
0.00145544
0.00121147
0.00132571
0.00180394
0.00264286
0.00382392
0.00530969
0.007038
0.00893132
0.0109457
0.0126946
0.0144765
0.0459856
0.0430941
0.040136
0.036481
0.0328048
0.0291504
0.0256048
0.0222361
0.0190866
0.0161838
0.0135436
0.0111723
0.00906919
0.0072282
0.00564041
0.0042958
0.00318528
0.00230206
0.00164283
0.00120827
0.00100322
0.00103632
0.00131849
0.00185973
0.00266411
0.00372164
0.00500142
0.00646352
0.0078409
0.00921116
0.0383109
0.0361475
0.0339124
0.0309986
0.0280621
0.0251294
0.0222695
0.0195357
0.0169592
0.0145609
0.0123543
0.0103471
0.00854286
0.00694171
0.0055407
0.00433495
0.00331858
0.00248576
0.00183156
0.00135317
0.00105122
0.000931044
0.0010028
0.00127906
0.00176892
0.00246782
0.00334861
0.00437089
0.00526991
0.00614523
0.0322191
0.0304864
0.0286883
0.0264043
0.0241362
0.0218654
0.0196273
0.0174511
0.0153585
0.0133688
0.0114989
0.00976328
0.00817378
0.00673926
0.00546517
0.00435356
0.0034035
0.00261163
0.00197312
0.00148288
0.00113718
0.00093525
0.00087985
0.000975811
0.00122626
0.00162707
0.00216224
0.00281416
0.0034062
0.0039957
0.0273366
0.0259416
0.0244743
0.0226831
0.020935
0.0191874
0.0174449
0.0157185
0.0140201
0.0123658
0.010774
0.00926342
0.00785236
0.00655661
0.00538847
0.00435597
0.00346274
0.00270837
0.00208929
0.00160003
0.00123473
0.000988374
0.000857252
0.000838248
0.000927518
0.00111929
0.00140525
0.00178191
0.00214946
0.00252382
0.0235581
0.0224287
0.0212221
0.019801
0.0184287
0.0170608
0.015683
0.014295
0.0129009
0.0115121
0.0101457
0.00882206
0.00756246
0.00638694
0.00531237
0.00435115
0.00351055
0.00279295
0.00219658
0.00171671
0.00134677
0.00107927
0.000906131
0.000818677
0.000808117
0.00086679
0.000989528
0.00117719
0.00138162
0.00160019
0.0206755
0.0197497
0.0187446
0.0175953
0.0164906
0.01539
0.0142739
0.0131345
0.0119703
0.0107883
0.00960278
0.0084334
0.00730223
0.00623132
0.00524021
0.00434416
0.0035532
0.00287207
0.00230078
0.00183559
0.00146987
0.00119478
0.000999728
0.000873051
0.000803396
0.000781948
0.000803542
0.000868604
0.000959724
0.00106812
0.0184872
0.0177108
0.016854
0.0158997
0.0149851
0.0140732
0.013145
0.0121878
0.0111968
0.0101752
0.00913453
0.00809226
0.00706991
0.00609001
0.00517333
0.00433687
0.00359254
0.00294689
0.00240143
0.00195336
0.00159626
0.00132072
0.00111508
0.000966535
0.000862857
0.000794391
0.000755499
0.000744489
0.000759978
0.000795581
0.0168177
0.0161479
0.0154007
0.0145867
0.0138074
0.0130304
0.0122372
0.0114139
0.0105534
0.00965646
0.00873143
0.00779372
0.00686341
0.0059625
0.00511201
0.00432972
0.00362867
0.0030167
0.00249646
0.00206593
0.00171907
0.00144651
0.00123643
0.00107591
0.000952722
0.000856801
0.000781879
0.000724536
0.000691125
0.000681371
0.0155327
0.0149398
0.0142743
0.0135613
0.0128796
0.0121998
0.0115049
0.0107806
0.0100188
0.00921829
0.00838542
0.00753341
0.00668067
0.00584804
0.00505608
0.00432261
0.00366121
0.00308048
0.00258389
0.00217012
0.0018336
0.00156536
0.00135397
0.00118692
0.00105235
0.000940072
0.000843365
0.000757697
0.000693191
0.000655592
0.0145338
0.0139986
0.0133953
0.0127577
0.0121463
0.011537
0.0109138
0.0102628
0.00957541
0.00884942
0.00808959
0.00730749
0.0065198
0.00574588
0.00500527
0.00431535
0.00368973
0.00313741
0.00266237
0.0022639
0.00193699
0.00167326
0.00146195
0.00129119
0.00114962
0.00102721
0.000916688
0.000813767
0.000729587
0.000674998
0.0137524
0.0132613
0.0127063
0.0121256
0.0115662
0.0110086
0.0104378
0.00984084
0.00920918
0.00854026
0.00783801
0.00711265
0.00637918
0.00565534
0.00495934
0.00430777
0.00371398
0.00318699
0.00273116
0.00234622
0.00202778
0.00176812
0.00155722
0.00138402
0.00123763
0.00110822
0.000988958
0.000875636
0.000779276
0.000714822
0.0131396
0.0126834
0.012167
0.0116302
0.01111
0.0105899
0.0100569
0.00949896
0.00890829
0.00828266
0.00762554
0.00694598
0.00625738
0.00557582
0.0049181
0.00429985
0.00373389
0.00322912
0.00279005
0.00241679
0.00210549
0.00184907
0.00163823
0.00146277
0.00131242
0.00117805
0.00105329
0.000933983
0.000830597
0.000761158
0.0126603
0.0122325
0.0117478
0.0112453
0.0107544
0.0102611
0.00975444
0.00922394
0.00866291
0.00806976
0.00744776
0.00680489
0.00615306
0.00550675
0.00488142
0.00429166
0.00374966
0.00326404
0.00283933
0.00247589
0.00217032
0.0019161
0.0017047
0.00152674
0.00137275
0.00123469
0.00110643
0.000984067
0.00087729
0.000806219
0.0122888
0.0118847
0.0114261
0.0109502
0.0104807
0.0100062
0.00951685
0.00900489
0.00846491
0.00789587
0.00730091
0.00668706
0.0060649
0.00544755
0.00484917
0.00428338
0.00376165
0.00329223
0.00287953
0.0025241
0.00222283
0.00196975
0.00175705
0.00157619
0.00141882
0.00127781
0.00114735
0.00102388
0.000916167
0.000845645
0.0120061
0.0116214
0.0111839
0.0107283
0.0102739
0.00981163
0.00933332
0.00883321
0.00830776
0.00775629
0.00718168
0.00659029
0.00599163
0.0053976
0.00482126
0.00427524
0.0037703
0.00331426
0.00291134
0.0025621
0.00226376
0.00201083
0.0017962
0.00161222
0.00145162
0.00130815
0.00117636
0.00105298
0.000945828
0.00087696
0.0117973
0.0114284
0.0110074
0.0105667
0.0101223
0.00966741
0.00919564
0.00870254
0.00818648
0.00764713
0.00708722
0.00651261
0.00593199
0.0053563
0.00479754
0.00426744
0.00377606
0.00333071
0.00293539
0.00259063
0.00229388
0.0020402
0.00182321
0.00163612
0.0014724
0.00132683
0.00119423
0.00107162
0.000965811
0.000898867
0.0116505
0.0112941
0.0108859
0.0104559
0.0100175
0.00956645
0.00909781
0.00860816
0.00809719
0.00756528
0.00701511
0.00645226
0.00588488
0.00532304
0.00477784
0.00426014
0.00377927
0.00334206
0.00295223
0.00261029
0.00231391
0.00205868
0.00183896
0.00164871
0.00148222
0.00133487
0.00120174
0.00108024
0.000976168
0.000910973
0.0115558
0.0112093
0.0108112
0.0103889
0.00995382
0.00950389
0.00903561
0.00854655
0.0080369
0.00750827
0.00696342
0.00640786
0.00584936
0.00529732
0.004762
0.00425341
0.00378019
0.00334866
0.00296228
0.00262155
0.00232439
0.00206691
0.00184414
0.00165081
0.0014818
0.00133273
0.0011996
0.00107946
0.000977317
0.000913555
0.0115052
0.011167
0.0107771
0.0103607
0.0099273
0.00947645
0.00900619
0.00851513
0.00800346
0.00747428
0.00693071
0.00637834
0.00582473
0.00527873
0.00474984
0.00424727
0.00377897
0.00335075
0.00296583
0.00262473
0.00232569
0.00206529
0.00183924
0.00164288
0.00147173
0.00132151
0.00118866
0.0010701
0.000970011
0.000907295
0.0114916
0.0111614
0.0107789
0.0103673
0.00993497
0.00948174
0.00900757
0.00851197
0.00799536
0.00746205
0.00691604
0.00636305
0.00581057
0.00526703
0.00474124
0.00424168
0.00377562
0.0033484
0.00296301
0.00262002
0.00231801
0.0020541
0.00182457
0.00162534
0.0014525
0.00130169
0.0011696
0.001053
0.000955189
0.000893216
0.0115089
0.0111874
0.0108123
0.0104054
0.00997397
0.00951808
0.00903825
0.00853574
0.0080116
0.00747087
0.00691894
0.00636173
0.00580675
0.00526215
0.00473614
0.00423656
0.00377005
0.00334153
0.00295376
0.00260744
0.00230148
0.00203353
0.00180043
0.00159861
0.00142438
0.00127381
0.00114325
0.00102907
0.000933926
0.000872496
0.0115509
0.0112398
0.0108734
0.0104721
0.0100419
0.00958326
0.00909684
0.00858547
0.00805166
0.00750057
0.00693948
0.0063746
0.00581353
0.00526426
0.00473458
0.00423179
0.00376202
0.00332983
0.00293785
0.00258685
0.00227611
0.00200376
0.00176715
0.0015631
0.00138808
0.00123855
0.00111016
0.000999309
0.000907397
0.000846479
0.0116112
0.0113134
0.0109584
0.0105645
0.0101371
0.00967563
0.00918218
0.00866062
0.00811538
0.0075516
0.00697837
0.00640246
0.0058316
0.0052738
0.00473669
0.00422718
0.0037511
0.00331277
0.00291474
0.0025579
0.00224181
0.00196501
0.00172521
0.00151948
0.00134447
0.00119648
0.00107132
0.000964735
0.000876769
0.000816697
0.0116832
0.0114026
0.0110628
0.0106798
0.0102564
0.00979321
0.00929302
0.00876095
0.00820319
0.00762512
0.00703709
0.00644683
0.00586223
0.0052916
0.00474271
0.00422246
0.00373662
0.00328947
0.0028836
0.00251996
0.00219832
0.00191747
0.0016752
0.00146866
0.0012945
0.00114893
0.00102777
0.000926524
0.000843432
0.000784855
0.011759
0.011501
0.0111816
0.010813
0.0103964
0.00993359
0.00942835
0.00888681
0.00831657
0.00772355
0.00711841
0.00651038
0.00590762
0.00531907
0.00475314
0.00421725
0.00371755
0.00325856
0.00284305
0.00247199
0.00214507
0.00186124
0.00161787
0.00141185
0.00123968
0.00109746
0.000980885
0.00088582
0.000809057
0.000752803
0.0118276
0.0116005
0.0113081
0.0109581
0.0105524
0.0100941
0.00958771
0.00903975
0.00845865
0.00785125
0.00722726
0.00659777
0.00597159
0.00535878
0.00476911
0.00421128
0.00369253
0.00321809
0.00279102
0.00241228
0.00208107
0.00179605
0.00155359
0.00135005
0.00118148
0.0010438
0.00093283
0.00084437
0.000774448
0.000721645
0.0118762
0.0116963
0.0114392
0.0111153
0.0107283
0.0102823
0.00978155
0.00923231
0.00864317
0.008022
0.00737694
0.00672045
0.00606293
0.00541633
0.00479285
0.00420372
0.00365826
0.00316299
0.00272152
0.00233489
0.00200145
0.00171655
0.00147742
0.00127888
0.00111621
0.000984896
0.000880476
0.000798856
0.000735523
0.000689635
0.0118871
0.0117721
0.0115584
0.011268
0.010908
0.0104828
0.00999688
0.00945472
0.00886247
0.00822836
0.00756041
0.00687173
0.00617554
0.00548678
0.00482116
0.00419328
0.00361518
0.00309516
0.00263717
0.00224116
0.00190439
0.00162257
0.00138902
0.00119766
0.00104257
0.000918448
0.000820862
0.000745674
0.000689556
0.000656788
0.0467788
0.0172977
0.0113636
0.00753945
0.00490192
0.00312434
0.00197858
0.00128983
0.000912186
0.00072709
0.000651448
0.000634602
0.000647692
0.000674375
0.000705211
0.000734722
0.000759846
0.000779004
0.000791603
0.00079766
0.000797535
0.00079182
0.000781252
0.000766658
0.000748887
0.000728776
0.000707087
0.000684114
0.000660306
0.000641056
0.0533404
0.0203335
0.0134623
0.00899458
0.00590808
0.00384217
0.00248155
0.00162906
0.00112947
0.000857133
0.000721539
0.000664914
0.000652554
0.000663846
0.00068639
0.000712645
0.000738082
0.000760038
0.000777011
0.000788328
0.000793867
0.000793875
0.000788824
0.000779303
0.000765958
0.000749486
0.000730606
0.000709996
0.000688912
0.000668833
0.0613051
0.0232044
0.0156069
0.0104766
0.00696819
0.00463375
0.00306857
0.00205184
0.00142229
0.00105035
0.000840622
0.000730014
0.000678959
0.00066297
0.000666812
0.000680897
0.000699163
0.000717788
0.000734356
0.000747439
0.000756333
0.000760825
0.000761012
0.000757186
0.00074975
0.000739188
0.000726021
0.000710792
0.00069461
0.000678339
0.0707207
0.0256839
0.0176632
0.0117755
0.00793098
0.00541476
0.00369805
0.00254213
0.00178892
0.0013131
0.0010199
0.000844246
0.000743574
0.000690363
0.000666803
0.000661274
0.000666091
0.000676138
0.000687978
0.00069934
0.000708814
0.000715608
0.000719356
0.000719977
0.000717573
0.000712344
0.000704525
0.000694439
0.000683249
0.00067219
0.0817676
0.0279139
0.0197944
0.0130242
0.0089021
0.00624968
0.00440376
0.00311816
0.00224175
0.00165671
0.00127147
0.00102089
0.000860631
0.000760869
0.000701498
0.000668919
0.000653812
0.000649698
0.000652035
0.000657623
0.000664257
0.000670467
0.000675326
0.00067829
0.000679087
0.000677605
0.000673818
0.000667873
0.000660902
0.000654397
0.0949561
0.0298865
0.0220573
0.0141772
0.00984461
0.00710504
0.00515608
0.0037573
0.00276607
0.00207377
0.00159395
0.00126304
0.00103637
0.000882732
0.000780294
0.000713775
0.000672377
0.000648342
0.000636025
0.000631288
0.000631101
0.000633267
0.000636238
0.000638946
0.000640694
0.000641034
0.000639681
0.000636585
0.000632681
0.000629494
0.110906
0.0316668
0.0245431
0.0152046
0.0107409
0.00795748
0.00592751
0.00443269
0.00333836
0.00254557
0.00197381
0.00156211
0.00126636
0.00105483
0.000904595
0.000799085
0.000726288
0.000677372
0.00064572
0.000626319
0.000615358
0.00060994
0.000607884
0.000607586
0.000607893
0.000607996
0.000607322
0.000605577
0.000603386
0.00060213
0.130232
0.0333723
0.027351
0.0160817
0.0115808
0.00878317
0.00668727
0.00511197
0.00392756
0.00304432
0.00238767
0.00189942
0.00153642
0.00126697
0.00106755
0.000920728
0.00081361
0.000736531
0.000682116
0.000644639
0.000619616
0.00060353
0.000593629
0.000587791
0.000584414
0.000582307
0.000580585
0.000578677
0.000576846
0.000576186
0.153338
0.0351661
0.0305702
0.0167903
0.0123579
0.00955585
0.00740288
0.00576111
0.00449989
0.00353825
0.00280694
0.00225016
0.00182571
0.00150206
0.00125548
0.00106806
0.000926315
0.000819999
0.000741211
0.000683715
0.000642525
0.000613628
0.000593797
0.000580461
0.000571601
0.000565655
0.000561421
0.000558039
0.000555398
0.00055422
0.180189
0.0372452
0.0342518
0.0173254
0.0130672
0.0102489
0.00804418
0.00634883
0.00502385
0.00399685
0.00320307
0.0025883
0.002111
0.00173982
0.00145098
0.00122638
0.0010522
0.000917845
0.00081508
0.000737357
0.000679367
0.000636756
0.00060594
0.00058399
0.000568533
0.00055768
0.000549926
0.00054414
0.000539847
0.000537361
0.209905
0.0397829
0.0383729
0.0176962
0.0137014
0.0108385
0.0085872
0.00685042
0.00547422
0.00439519
0.00355188
0.00289083
0.00237079
0.00196053
0.0016363
0.00137992
0.00117748
0.00101821
0.0008937
0.000797225
0.000723308
0.000667398
0.000625683
0.000594975
0.000572628
0.00055648
0.000544773
0.00053613
0.000529751
0.000525546
0.240512
0.0428413
0.0427915
0.0179242
0.0142472
0.0113069
0.00901655
0.00724961
0.00583418
0.00471608
0.00383602
0.00314046
0.00258813
0.00214792
0.0017961
0.00151455
0.00128932
0.00110962
0.000966981
0.000854606
0.000766941
0.000699351
0.000647895
0.000609225
0.000580505
0.000559367
0.000543856
0.000532396
0.000523914
0.000517955
0.269055
0.0462781
0.047222
0.0180381
0.0146858
0.0116456
0.00932597
0.00753907
0.00609577
0.00495077
0.00404576
0.00332664
0.00275199
0.00229075
0.00191932
0.0016196
0.00137768
0.00118281
0.00102652
0.000902025
0.000803745
0.000727007
0.000667826
0.00062276
0.000588862
0.000563631
0.00054497
0.000531159
0.000520916
0.000513485
0.291978
0.0496347
0.0511528
0.018069
0.014997
0.0118561
0.00951784
0.00771961
0.00625904
0.00509802
0.0041784
0.00344538
0.00285735
0.00238334
0.00199981
0.00168875
0.00143631
0.00123177
0.0010667
0.000934332
0.000829087
0.000746294
0.000681942
0.000632557
0.000595143
0.000567127
0.00054633
0.000530937
0.000519526
0.000511123
0.3048
0.0518826
0.0535529
0.018064
0.015158
0.0119504
0.00960332
0.0077997
0.00633106
0.00516313
0.00423734
0.0034984
0.00290461
0.00242501
0.00203614
0.00172005
0.00146292
0.00125405
0.00108503
0.000949096
0.000840679
0.000755096
0.000688336
0.000636936
0.000597886
0.000568598
0.000546856
0.000530799
0.00051893
0.000510162
0.30492
0.0519229
0.0536457
0.0180795
0.0151464
0.0119431
0.00959506
0.00779036
0.00632175
0.00515431
0.00422916
0.00349089
0.00289777
0.00241883
0.00203061
0.00171514
0.00145863
0.00125037
0.00108191
0.000946483
0.00083849
0.000753241
0.000686753
0.000635589
0.000596772
0.000567721
0.000546224
0.000530417
0.000518795
0.000510262
0.292322
0.0497445
0.0514057
0.0181158
0.0149664
0.0118353
0.00949427
0.00769263
0.00623186
0.00507219
0.00415443
0.0034234
0.00283737
0.00236531
0.00198369
0.00167451
0.0014239
0.00122113
0.00105769
0.000926763
0.000822722
0.000740894
0.000677329
0.000628646
0.00059192
0.00056461
0.000544541
0.000529889
0.000519212
0.000511508
0.269582
0.046432
0.0475701
0.018114
0.0146459
0.0116149
0.00929028
0.00749722
0.00605286
0.00490968
0.00400761
0.00329175
0.00272039
0.00226239
0.0018941
0.00159744
0.00135849
0.00116641
0.00101265
0.000890344
0.000793873
0.000718605
0.000660656
0.000616724
0.000583947
0.000559867
0.000542388
0.000529776
0.000520721
0.000514421
0.241172
0.0430155
0.0431626
0.0180231
0.014209
0.0112709
0.00897271
0.00719649
0.00577842
0.00466215
0.00378591
0.00309482
0.00254707
0.00211136
0.00176392
0.00148658
0.00126531
0.00108924
0.000949794
0.000840106
0.000754641
0.000688865
0.000639001
0.000601839
0.000574631
0.000555041
0.000541111
0.00053125
0.000524349
0.000519892
0.21065
0.0399639
0.0387075
0.0178075
0.013674
0.010802
0.00853925
0.00678991
0.00540897
0.00433134
0.0034925
0.00283705
0.00232286
0.00191838
0.00159971
0.00134858
0.00115095
0.000995924
0.000875005
0.000781463
0.000709932
0.000656052
0.000616193
0.000587297
0.000566786
0.000552514
0.000542715
0.000535992
0.000531501
0.000529078
0.180982
0.0374282
0.0345097
0.0174345
0.0130554
0.0102165
0.00799593
0.00628495
0.00495301
0.00392668
0.00313774
0.00252952
0.00205925
0.00169504
0.00141282
0.00119432
0.00102555
0.000895775
0.000796721
0.000721956
0.000666397
0.000625931
0.000597154
0.000577239
0.000563858
0.000555124
0.000549518
0.00054588
0.000543683
0.000543153
0.154154
0.0353524
0.0307331
0.0168813
0.0123607
0.00953047
0.00735767
0.00569786
0.00442783
0.00346605
0.00273971
0.00219019
0.0017737
0.00145793
0.00121874
0.00103794
0.00090184
0.000800084
0.000724858
0.000670187
0.000631386
0.000604683
0.000587003
0.000575845
0.000569216
0.000565548
0.000563611
0.000562508
0.000562068
0.000562917
0.131057
0.0335649
0.0274192
0.0161404
0.0115921
0.00876539
0.00664757
0.00505316
0.00385893
0.00297496
0.00232324
0.00184259
0.00148806
0.00122692
0.00103513
0.000894942
0.000793217
0.000720318
0.000669118
0.000634245
0.000611524
0.000597637
0.000589942
0.000586361
0.000585299
0.000585547
0.000586185
0.0005866
0.000586986
0.000588329
0.111731
0.0318666
0.0245281
0.0152207
0.0107504
0.00794484
0.00589451
0.00438162
0.00327769
0.002484
0.001917
0.00151281
0.00122539
0.00102194
0.000878924
0.000779412
0.000711297
0.000665924
0.000637042
0.000620001
0.00061124
0.000608003
0.000608173
0.000610159
0.000612799
0.000615257
0.000616928
0.000617472
0.000617441
0.000618088
0.0957727
0.0300903
0.0219753
0.0141449
0.00984099
0.00709279
0.00512965
0.00371643
0.00271714
0.00202424
0.00154887
0.00122486
0.0010057
0.000859155
0.000762823
0.00070117
0.000663458
0.000642248
0.000632267
0.000629669
0.000631596
0.000635923
0.000641112
0.000646077
0.0006501
0.000652713
0.000653608
0.000652698
0.000650838
0.000649404
0.0825671
0.0281143
0.0196604
0.0129424
0.00887617
0.00623256
0.00438276
0.00308872
0.00220691
0.00162185
0.00124056
0.000995759
0.000841587
0.000747347
0.000692539
0.000663484
0.000651073
0.000649154
0.00065348
0.00066105
0.000669743
0.000678083
0.000685103
0.000690223
0.000693145
0.000693757
0.000692027
0.000688092
0.000683001
0.000678066
0.0714922
0.0258698
0.0174887
0.0116482
0.00787848
0.00538913
0.003681
0.00252401
0.00176853
0.00129325
0.00100321
0.000831893
0.000735574
0.000686149
0.000665627
0.000662471
0.000669245
0.000681071
0.000694695
0.000707949
0.000719415
0.000728237
0.000733986
0.000736545
0.000735996
0.000732559
0.000726495
0.000718147
0.000708619
0.000698947
0.0620378
0.0233635
0.0154011
0.010314
0.00689183
0.0045989
0.00305399
0.0020434
0.00141447
0.00104333
0.000835782
0.000728035
0.00067977
0.00066618
0.000672037
0.00068788
0.000707796
0.000728068
0.000746351
0.000761229
0.000771929
0.000778163
0.000779986
0.000777679
0.000771643
0.000762404
0.000750539
0.000736656
0.000721846
0.000706787
0.0540327
0.0204459
0.0132254
0.00881511
0.0058214
0.00380318
0.00246938
0.00162775
0.00113056
0.000858872
0.000724507
0.000669635
0.000659118
0.000672189
0.00069652
0.000724642
0.000751958
0.000775731
0.000794429
0.000807307
0.000814203
0.000815356
0.000811237
0.000802466
0.000789735
0.000773809
0.000755523
0.000735681
0.000715566
0.000696521
0.0474601
0.017352
0.0110972
0.00736426
0.00481962
0.00308607
0.00196756
0.00129142
0.000917054
0.00073265
0.000657978
0.000642677
0.000657636
0.000686399
0.000719527
0.000751503
0.000779038
0.000800327
0.00081459
0.000821758
0.00082222
0.000816658
0.000805889
0.00079082
0.000772408
0.000751604
0.000729327
0.000706079
0.000682503
0.000664117
0.000630937
0.000609311
0.000583936
0.000559158
0.000535866
0.000514086
0.000493754
0.00047481
0.000457158
0.000440685
0.000425272
0.000410807
0.000397188
0.000384322
0.000372128
0.000360534
0.000349478
0.000338902
0.00032876
0.000319008
0.00030961
0.000300532
0.000291747
0.000283229
0.000274957
0.000266912
0.000259078
0.000251439
0.000243983
0.0002367
0.000229579
0.000222613
0.000215794
0.000209116
0.000202573
0.000196161
0.000189876
0.000183713
0.000177671
0.000171745
0.000165935
0.000160238
0.000154651
0.000149175
0.000143806
0.000138545
0.00013339
0.000128339
0.000123393
0.000118551
0.000113811
0.000109173
0.000104637
0.000100203
9.58702e-05
9.1637e-05
8.75036e-05
8.34694e-05
7.9534e-05
7.56971e-05
7.19584e-05
6.83174e-05
6.4774e-05
6.13277e-05
5.79783e-05
5.47254e-05
5.15685e-05
4.85074e-05
4.55417e-05
4.26715e-05
3.98967e-05
3.72168e-05
3.46317e-05
3.21412e-05
2.97449e-05
2.74428e-05
2.52345e-05
2.31197e-05
2.10985e-05
1.91707e-05
1.73361e-05
1.55945e-05
1.39459e-05
1.239e-05
1.09265e-05
9.55551e-06
8.27696e-06
7.0907e-06
5.99665e-06
4.99417e-06
4.08303e-06
3.2632e-06
2.53497e-06
1.89939e-06
1.35604e-06
9.03211e-07
5.4066e-07
2.70344e-07
9.29096e-08
9.8796e-09
0.000640394
0.000612775
0.000586191
0.000561308
0.000538236
0.000516845
0.000496945
0.000478389
0.000461049
0.000444801
0.000429531
0.000415137
0.000401525
0.000388616
0.000376335
0.000364621
0.000353418
0.000342677
0.000332356
0.000322416
0.000312824
0.000303552
0.000294573
0.000285865
0.000277408
0.000269185
0.000261179
0.000253377
0.000245766
0.000238337
0.000231079
0.000223984
0.000217046
0.000210256
0.00020361
0.000197103
0.00019073
0.000184486
0.00017837
0.000172377
0.000166504
0.00016075
0.000155113
0.000149589
0.000144179
0.000138879
0.000133689
0.000128607
0.000123633
0.000118765
0.000114003
0.000109346
0.000104792
0.000100341
9.59915e-05
9.17442e-05
8.75982e-05
8.35528e-05
7.96074e-05
7.57617e-05
7.20151e-05
6.83672e-05
6.48175e-05
6.13657e-05
5.80114e-05
5.47542e-05
5.15936e-05
4.85292e-05
4.55607e-05
4.26881e-05
3.99109e-05
3.7229e-05
3.46422e-05
3.21501e-05
2.97525e-05
2.74492e-05
2.52399e-05
2.31243e-05
2.11022e-05
1.91736e-05
1.73384e-05
1.55966e-05
1.39477e-05
1.23913e-05
1.09275e-05
9.55619e-06
8.27722e-06
7.09047e-06
5.99581e-06
4.99322e-06
4.08251e-06
3.26341e-06
2.53585e-06
1.89994e-06
1.3559e-06
9.02912e-07
5.40511e-07
2.70333e-07
9.30256e-08
9.90324e-09
0.000645427
0.00061461
0.000586375
0.000560795
0.000537643
0.000516523
0.00049705
0.000478957
0.000462051
0.000446182
0.000431224
0.000417072
0.000403639
0.00039085
0.00037864
0.000366954
0.000355745
0.000344969
0.00033459
0.000324575
0.000314896
0.000305527
0.000296445
0.000287631
0.000279067
0.000270736
0.000262625
0.00025472
0.00024701
0.000239486
0.000232137
0.000224957
0.000217937
0.000211072
0.000204355
0.000197782
0.000191347
0.000185047
0.000178878
0.000172836
0.00016692
0.000161125
0.00015545
0.000149893
0.000144451
0.000139123
0.000133908
0.000128803
0.000123808
0.000118921
0.000114141
0.000109468
0.0001049
0.000100436
9.6076e-05
9.1819e-05
8.76641e-05
8.36109e-05
7.96585e-05
7.58065e-05
7.20542e-05
6.84013e-05
6.48471e-05
6.13914e-05
5.80335e-05
5.47732e-05
5.161e-05
4.85433e-05
4.55727e-05
4.26982e-05
3.99194e-05
3.7236e-05
3.46479e-05
3.21547e-05
2.97563e-05
2.74522e-05
2.52422e-05
2.3126e-05
2.11034e-05
1.91743e-05
1.73388e-05
1.55965e-05
1.39473e-05
1.23907e-05
1.09267e-05
9.555e-06
8.27574e-06
7.08899e-06
5.99429e-06
4.99148e-06
4.08074e-06
3.26216e-06
2.53514e-06
1.89925e-06
1.35506e-06
9.02186e-07
5.40091e-07
2.70155e-07
9.29973e-08
9.90199e-09
0.000640014
0.000609488
0.000581615
0.000556548
0.000534089
0.000513744
0.000495043
0.000477669
0.000461403
0.000446083
0.000431583
0.000417804
0.000404665
0.0003921
0.000380055
0.000368483
0.000357343
0.000346602
0.000336229
0.000326197
0.000316483
0.000307065
0.000297924
0.000289043
0.000280407
0.000272001
0.000263813
0.000255832
0.000248047
0.000240449
0.000233029
0.00022578
0.000218696
0.000211769
0.000204993
0.000198365
0.000191879
0.000185532
0.000179318
0.000173236
0.000167282
0.000161452
0.000155745
0.000150159
0.00014469
0.000139338
0.0001341
0.000128975
0.000123962
0.000119058
0.000114263
0.000109576
0.000104996
0.000100521
9.61516e-05
9.18856e-05
8.77227e-05
8.36623e-05
7.97035e-05
7.58458e-05
7.20884e-05
6.84309e-05
6.48726e-05
6.14131e-05
5.80521e-05
5.47889e-05
5.16231e-05
4.85543e-05
4.5582e-05
4.27058e-05
3.99255e-05
3.72409e-05
3.46517e-05
3.21576e-05
2.97582e-05
2.74534e-05
2.52429e-05
2.31262e-05
2.11031e-05
1.91737e-05
1.73376e-05
1.55949e-05
1.39455e-05
1.23892e-05
1.09249e-05
9.55243e-06
8.27296e-06
7.08627e-06
5.99158e-06
4.98881e-06
4.07823e-06
3.2599e-06
2.53314e-06
1.89752e-06
1.3536e-06
9.01034e-07
5.39345e-07
2.69783e-07
9.2893e-08
9.89153e-09
0.000625385
0.00059774
0.000572123
0.000548896
0.000528009
0.000509017
0.000491474
0.000475084
0.000459648
0.00044502
0.000431089
0.000417772
0.000405001
0.000392724
0.000380899
0.00036949
0.000358465
0.0003478
0.00033747
0.000327455
0.000317737
0.000308299
0.000299125
0.000290201
0.000281516
0.000273056
0.00026481
0.00025677
0.000248926
0.000241269
0.000233792
0.000226487
0.000219348
0.00021237
0.000205546
0.000198871
0.000192342
0.000185954
0.000179703
0.000173585
0.000167598
0.000161739
0.000156004
0.000150392
0.0001449
0.000139526
0.000134269
0.000129126
0.000124096
0.000119178
0.00011437
0.000109671
0.00010508
0.000100596
9.62169e-05
9.1943e-05
8.77731e-05
8.37062e-05
7.97418e-05
7.5879e-05
7.21171e-05
6.84555e-05
6.48934e-05
6.14309e-05
5.80673e-05
5.48014e-05
5.1633e-05
4.8562e-05
4.55882e-05
4.27109e-05
3.99295e-05
3.72439e-05
3.46538e-05
3.21588e-05
2.97586e-05
2.7453e-05
2.52417e-05
2.31247e-05
2.11015e-05
1.91718e-05
1.73352e-05
1.5592e-05
1.39421e-05
1.23853e-05
1.09211e-05
9.5492e-06
8.26972e-06
7.08268e-06
5.98785e-06
4.98514e-06
4.07468e-06
3.25648e-06
2.53006e-06
1.89499e-06
1.35157e-06
8.99499e-07
5.3835e-07
2.69267e-07
9.27381e-08
9.87604e-09
0.000604916
0.000581628
0.000559422
0.000538902
0.00052019
0.000502954
0.000486841
0.000471621
0.000457144
0.000443298
0.000430004
0.0004172
0.000404839
0.000392887
0.000381313
0.000370095
0.000359212
0.000348647
0.000338385
0.000328409
0.000318709
0.000309271
0.000300083
0.000291136
0.000282418
0.00027392
0.000265633
0.000257548
0.000249658
0.000241955
0.000234432
0.000227082
0.000219899
0.000212878
0.000206014
0.000199301
0.000192735
0.000186313
0.00018003
0.000173883
0.000167868
0.000161983
0.000156224
0.00015059
0.000145079
0.000139686
0.000134412
0.000129254
0.000124211
0.00011928
0.00011446
0.000109751
0.000105151
0.000100658
9.62714e-05
9.19907e-05
8.78146e-05
8.37423e-05
7.9773e-05
7.59058e-05
7.21401e-05
6.84751e-05
6.49102e-05
6.1445e-05
5.80784e-05
5.48099e-05
5.16395e-05
4.85669e-05
4.55917e-05
4.27132e-05
3.99309e-05
3.72446e-05
3.46538e-05
3.21582e-05
2.97574e-05
2.74512e-05
2.52395e-05
2.31219e-05
2.10983e-05
1.91684e-05
1.73316e-05
1.55882e-05
1.3938e-05
1.23808e-05
1.09162e-05
9.54426e-06
8.2649e-06
7.07794e-06
5.98316e-06
4.98053e-06
4.07017e-06
3.25207e-06
2.52609e-06
1.8918e-06
1.34906e-06
8.97631e-07
5.37164e-07
2.68657e-07
9.25498e-08
9.85688e-09
0.000582321
0.000563796
0.000545398
0.000527916
0.000511615
0.000496295
0.000481716
0.000467735
0.000454258
0.000441223
0.000428584
0.000416306
0.000404366
0.000392746
0.000381434
0.000370417
0.000359687
0.000349234
0.000339049
0.000329126
0.000319456
0.00031003
0.000300842
0.000291883
0.000283145
0.000274621
0.000266304
0.000258186
0.000250261
0.000242521
0.000234961
0.000227575
0.000220357
0.000213302
0.000206404
0.00019966
0.000193064
0.000186614
0.000180304
0.000174132
0.000168094
0.000162187
0.000156409
0.000150757
0.000145228
0.00013982
0.000134532
0.000129361
0.000124306
0.000119364
0.000114535
0.000109817
0.000105208
0.000100708
9.63157e-05
9.20292e-05
8.78479e-05
8.3771e-05
7.97975e-05
7.59267e-05
7.21578e-05
6.84901e-05
6.49226e-05
6.14546e-05
5.80856e-05
5.48154e-05
5.16435e-05
4.85695e-05
4.5593e-05
4.27135e-05
3.99304e-05
3.72433e-05
3.46519e-05
3.21559e-05
2.97548e-05
2.74483e-05
2.52362e-05
2.31182e-05
2.1094e-05
1.91636e-05
1.73267e-05
1.55832e-05
1.39329e-05
1.23754e-05
1.09107e-05
9.53855e-06
8.25906e-06
7.07216e-06
5.97755e-06
4.97508e-06
4.06487e-06
3.24702e-06
2.52156e-06
1.88799e-06
1.34604e-06
8.95441e-07
5.35821e-07
2.67999e-07
9.23544e-08
9.83742e-09
0.000560717
0.000546522
0.000531714
0.000517152
0.00050318
0.00048971
0.000476615
0.000463828
0.000451317
0.00043906
0.000427048
0.000415275
0.000403738
0.000392439
0.000381379
0.000370558
0.000359977
0.000349635
0.000339532
0.000329664
0.000320029
0.000310623
0.000301441
0.000292478
0.000283729
0.000275187
0.000266848
0.000258705
0.000250752
0.000242985
0.000235396
0.000227981
0.000220734
0.000213651
0.000206726
0.000199956
0.000193336
0.000186862
0.00018053
0.000174337
0.00016828
0.000162356
0.000156561
0.000150894
0.000145351
0.00013993
0.00013463
0.000129449
0.000124383
0.000119433
0.000114596
0.00010987
0.000105255
0.000100749
9.63509e-05
9.20596e-05
8.7874e-05
8.37931e-05
7.98162e-05
7.59424e-05
7.21709e-05
6.8501e-05
6.49314e-05
6.14611e-05
5.80901e-05
5.48183e-05
5.16452e-05
4.85701e-05
4.55926e-05
4.27122e-05
3.99285e-05
3.72408e-05
3.46488e-05
3.21524e-05
2.97511e-05
2.74443e-05
2.52317e-05
2.31133e-05
2.10888e-05
1.91582e-05
1.73211e-05
1.55775e-05
1.3927e-05
1.23694e-05
1.09045e-05
9.53224e-06
8.25265e-06
7.06567e-06
5.97113e-06
4.9689e-06
4.05899e-06
3.24153e-06
2.51665e-06
1.88383e-06
1.34276e-06
8.9313e-07
5.34432e-07
2.67343e-07
9.21737e-08
9.82017e-09
0.00054218
0.000531371
0.000519537
0.000507477
0.000495534
0.000483697
0.000471922
0.000460206
0.000448563
0.00043701
0.000425565
0.000414248
0.000403077
0.000392069
0.000381237
0.000370595
0.000360152
0.000349914
0.000339886
0.000330072
0.000320473
0.000311088
0.000301915
0.000292953
0.000284196
0.000275643
0.000267288
0.000259125
0.000251152
0.000243361
0.00023575
0.000228311
0.000221041
0.000213936
0.000206989
0.000200198
0.000193558
0.000187065
0.000180715
0.000174506
0.000168433
0.000162494
0.000156685
0.000151005
0.000145451
0.00014002
0.00013471
0.000129519
0.000124446
0.000119488
0.000114644
0.000109913
0.000105292
0.000100781
9.63786e-05
9.20832e-05
8.78941e-05
8.381e-05
7.98301e-05
7.59538e-05
7.21805e-05
6.85098e-05
6.49389e-05
6.14659e-05
5.8092e-05
5.48187e-05
5.16448e-05
4.85689e-05
4.55909e-05
4.27101e-05
3.99257e-05
3.72374e-05
3.46449e-05
3.21482e-05
2.97466e-05
2.74395e-05
2.52267e-05
2.31079e-05
2.10833e-05
1.91524e-05
1.73152e-05
1.55714e-05
1.39208e-05
1.2363e-05
1.0898e-05
9.52568e-06
8.24602e-06
7.05898e-06
5.96449e-06
4.96246e-06
4.05282e-06
3.23578e-06
2.51155e-06
1.87961e-06
1.33952e-06
8.90907e-07
5.3315e-07
2.66767e-07
9.20335e-08
9.80837e-09
0.000527665
0.000519122
0.000509487
0.000499377
0.00048906
0.00047856
0.000467885
0.000457071
0.000446165
0.000435211
0.000424252
0.000413327
0.00040247
0.000391712
0.000381079
0.000370591
0.000360266
0.000350118
0.000340157
0.000330391
0.000320823
0.000311457
0.000302294
0.000293333
0.000284573
0.00027601
0.000267642
0.000259465
0.000251475
0.000243667
0.000236037
0.00022858
0.000221291
0.000214167
0.000207203
0.000200395
0.000193738
0.00018723
0.000180865
0.000174642
0.000168556
0.000162605
0.000156786
0.000151096
0.000145532
0.000140092
0.000134774
0.000129576
0.000124496
0.000119533
0.000114683
0.000109947
0.000105322
0.000100807
9.64004e-05
9.21018e-05
8.79096e-05
8.38228e-05
7.98406e-05
7.59626e-05
7.21874e-05
6.85138e-05
6.49407e-05
6.14674e-05
5.80939e-05
5.48201e-05
5.16451e-05
4.85685e-05
4.55896e-05
4.27079e-05
3.99228e-05
3.72339e-05
3.46409e-05
3.21436e-05
2.97415e-05
2.74344e-05
2.52216e-05
2.31027e-05
2.10778e-05
1.91468e-05
1.73094e-05
1.55654e-05
1.39146e-05
1.23568e-05
1.08917e-05
9.51935e-06
8.23957e-06
7.05244e-06
5.95795e-06
4.95608e-06
4.04676e-06
3.2302e-06
2.50666e-06
1.87561e-06
1.33653e-06
8.88952e-07
5.32101e-07
2.66342e-07
9.19503e-08
9.80302e-09
0.000517202
0.000509906
0.00050173
0.000493019
0.000483917
0.000474444
0.00046463
0.000454534
0.00044422
0.000433751
0.000423186
0.00041258
0.000401979
0.000391424
0.000380952
0.000370589
0.000360361
0.000350286
0.000340379
0.00033065
0.000321108
0.000311758
0.000302602
0.000293643
0.000284878
0.000276308
0.00026793
0.000259741
0.000251737
0.000243914
0.000236269
0.000228797
0.000221493
0.000214354
0.000207376
0.000200554
0.000193884
0.000187363
0.000180987
0.000174752
0.000168656
0.000162696
0.000156867
0.000151169
0.000145597
0.00014015
0.000134826
0.000129622
0.000124537
0.000119568
0.000114715
0.000109974
0.000105345
0.000100827
9.6418e-05
9.21167e-05
8.79222e-05
8.38334e-05
7.98494e-05
7.59693e-05
7.21922e-05
6.8517e-05
6.49427e-05
6.14688e-05
5.80949e-05
5.48205e-05
5.16449e-05
4.85675e-05
4.55878e-05
4.27055e-05
3.99198e-05
3.72303e-05
3.4637e-05
3.21394e-05
2.97372e-05
2.74298e-05
2.52169e-05
2.3098e-05
2.10729e-05
1.91416e-05
1.7304e-05
1.556e-05
1.39091e-05
1.23511e-05
1.0886e-05
9.51355e-06
8.23374e-06
7.04654e-06
5.95202e-06
4.95019e-06
4.04118e-06
3.22516e-06
2.5023e-06
1.87213e-06
1.33405e-06
8.87398e-07
5.31281e-07
2.66023e-07
9.19162e-08
9.80446e-09
0.000510233
0.00050344
0.000496137
0.000488359
0.000480108
0.000471378
0.000462201
0.000452642
0.000442775
0.000432674
0.00042241
0.000412047
0.000401641
0.000391241
0.00038089
0.000370622
0.000360466
0.000350445
0.000340576
0.000330875
0.000321351
0.00031201
0.000302859
0.000293898
0.00028513
0.000276553
0.000268165
0.000259966
0.00025195
0.000244115
0.000236457
0.000228973
0.000221657
0.000214506
0.000207515
0.000200682
0.000194002
0.00018747
0.000181085
0.000174842
0.000168737
0.000162769
0.000156933
0.000151228
0.00014565
0.000140198
0.000134869
0.00012966
0.00012457
0.000119598
0.00011474
0.000109997
0.000105365
0.000100844
9.64325e-05
9.21291e-05
8.79327e-05
8.38422e-05
7.98567e-05
7.59751e-05
7.21965e-05
6.85201e-05
6.49449e-05
6.14704e-05
5.80959e-05
5.48209e-05
5.16447e-05
4.85667e-05
4.55864e-05
4.27033e-05
3.99171e-05
3.72274e-05
3.4634e-05
3.21362e-05
2.97338e-05
2.74261e-05
2.5213e-05
2.3094e-05
2.10688e-05
1.91372e-05
1.72995e-05
1.55553e-05
1.39043e-05
1.23463e-05
1.08811e-05
9.50878e-06
8.22912e-06
7.04187e-06
5.94707e-06
4.94503e-06
4.03636e-06
3.22095e-06
2.49862e-06
1.86924e-06
1.33211e-06
8.86254e-07
5.30737e-07
2.65847e-07
9.19194e-08
9.8087e-09
0.000505973
0.000499263
0.000492437
0.000485241
0.000477549
0.00046932
0.000460581
0.000451395
0.00044184
0.000431997
0.000421942
0.000411747
0.000401475
0.000391181
0.000380912
0.000370707
0.000360598
0.000350611
0.000340767
0.000331081
0.000321566
0.000312229
0.000303077
0.000294113
0.000285339
0.000276755
0.000268358
0.000260149
0.000252123
0.000244278
0.000236609
0.000229114
0.000221788
0.000214627
0.000207628
0.000200785
0.000194096
0.000187557
0.000181164
0.000174913
0.000168802
0.000162827
0.000156986
0.000151276
0.000145693
0.000140236
0.000134903
0.000129691
0.000124598
0.000119622
0.000114762
0.000110015
0.000105381
0.000100858
9.6445e-05
9.21399e-05
8.79419e-05
8.385e-05
7.98632e-05
7.59805e-05
7.22008e-05
6.85235e-05
6.49475e-05
6.14723e-05
5.80973e-05
5.48218e-05
5.16451e-05
4.85665e-05
4.55855e-05
4.27018e-05
3.99153e-05
3.72256e-05
3.4632e-05
3.21341e-05
2.97313e-05
2.74234e-05
2.521e-05
2.30908e-05
2.10655e-05
1.91339e-05
1.7296e-05
1.55517e-05
1.39007e-05
1.23426e-05
1.08774e-05
9.50521e-06
8.2256e-06
7.03847e-06
5.94365e-06
4.94115e-06
4.03249e-06
3.21753e-06
2.49574e-06
1.86709e-06
1.33071e-06
8.85433e-07
5.30336e-07
2.65731e-07
9.19549e-08
9.81804e-09
0.000503683
0.000496915
0.000490337
0.000483478
0.00047612
0.000468195
0.000459723
0.000450764
0.000441397
0.000431708
0.000421777
0.00041168
0.000401485
0.00039125
0.000381025
0.000370852
0.000360766
0.000350794
0.000340959
0.000331277
0.000321762
0.000312423
0.000303267
0.000294296
0.000285515
0.000276922
0.000268517
0.000260298
0.000252263
0.000244408
0.000236731
0.000229227
0.000221892
0.000214723
0.000207716
0.000200866
0.00019417
0.000187625
0.000181226
0.00017497
0.000168853
0.000162874
0.000157028
0.000151314
0.000145728
0.000140267
0.000134931
0.000129715
0.00012462
0.000119642
0.000114779
0.000110031
0.000105395
0.000100871
9.64559e-05
9.21494e-05
8.79502e-05
8.38572e-05
7.98694e-05
7.59857e-05
7.22053e-05
6.85272e-05
6.49506e-05
6.14749e-05
5.80993e-05
5.48232e-05
5.1646e-05
4.85669e-05
4.55854e-05
4.27014e-05
3.99148e-05
3.72249e-05
3.46311e-05
3.21329e-05
2.97299e-05
2.74217e-05
2.52082e-05
2.30888e-05
2.10633e-05
1.91316e-05
1.72936e-05
1.55493e-05
1.38982e-05
1.23399e-05
1.08743e-05
9.50197e-06
8.22255e-06
7.0354e-06
5.94083e-06
4.9394e-06
4.03107e-06
3.21536e-06
2.49342e-06
1.86561e-06
1.32995e-06
8.84958e-07
5.30018e-07
2.65623e-07
9.20071e-08
9.83057e-09
0.000502822
0.000496035
0.000489586
0.000482893
0.000475694
0.00046791
0.000459557
0.000450697
0.000441408
0.000431779
0.000421894
0.000411831
0.00040166
0.00039144
0.000381224
0.000371056
0.00036097
0.000350995
0.000341155
0.000331467
0.000321944
0.000312596
0.000303431
0.000294451
0.00028566
0.000277058
0.000268644
0.000260416
0.000252373
0.00024451
0.000236825
0.000229314
0.000221972
0.000214797
0.000207783
0.000200928
0.000194227
0.000187676
0.000181273
0.000175012
0.000168892
0.000162909
0.000157061
0.000151343
0.000145754
0.000140292
0.000134953
0.000129735
0.000124638
0.000119658
0.000114794
0.000110044
0.000105407
0.000100881
9.64653e-05
9.21578e-05
8.79577e-05
8.38639e-05
7.98753e-05
7.5991e-05
7.22099e-05
6.85312e-05
6.49541e-05
6.1478e-05
5.81019e-05
5.48252e-05
5.16475e-05
4.85681e-05
4.55864e-05
4.27022e-05
3.99153e-05
3.72252e-05
3.46311e-05
3.21326e-05
2.97293e-05
2.7421e-05
2.52073e-05
2.30878e-05
2.10621e-05
1.91303e-05
1.72922e-05
1.55477e-05
1.38966e-05
1.23383e-05
1.08724e-05
9.4999e-06
8.22031e-06
7.03312e-06
5.93871e-06
4.93743e-06
4.02931e-06
3.21437e-06
2.49318e-06
1.86566e-06
1.32989e-06
8.84499e-07
5.29658e-07
2.65587e-07
9.20653e-08
9.84139e-09
0.000503095
0.000496398
0.000490003
0.00048334
0.000476154
0.00046837
0.000460008
0.000451131
0.000441822
0.000432171
0.000422261
0.000412174
0.000401978
0.000391735
0.000381498
0.000371308
0.000361202
0.000351209
0.000341351
0.000331647
0.00032211
0.000312748
0.00030357
0.000294579
0.000285777
0.000277165
0.000268741
0.000260506
0.000252454
0.000244585
0.000236893
0.000229376
0.000222029
0.000214849
0.000207831
0.000200972
0.000194267
0.000187713
0.000181306
0.000175043
0.00016892
0.000162935
0.000157084
0.000151365
0.000145774
0.000140309
0.000134969
0.00012975
0.000124651
0.000119671
0.000114806
0.000110055
0.000105417
0.00010089
9.64734e-05
9.21652e-05
8.79644e-05
8.38701e-05
7.9881e-05
7.59961e-05
7.22146e-05
6.85355e-05
6.4958e-05
6.14814e-05
5.81049e-05
5.48278e-05
5.16497e-05
4.85699e-05
4.55881e-05
4.27038e-05
3.99169e-05
3.72265e-05
3.4632e-05
3.21332e-05
2.97298e-05
2.74212e-05
2.52073e-05
2.30876e-05
2.10619e-05
1.91299e-05
1.72917e-05
1.5547e-05
1.38955e-05
1.23371e-05
1.08716e-05
9.49918e-06
8.21948e-06
7.03226e-06
5.93794e-06
4.93662e-06
4.02851e-06
3.21399e-06
2.49304e-06
1.86544e-06
1.32976e-06
8.84542e-07
5.29721e-07
2.65617e-07
9.20737e-08
9.84175e-09
0.000504574
0.000498056
0.000491627
0.000484849
0.000477522
0.000469591
0.000461085
0.000452074
0.000442644
0.000432884
0.000422879
0.000412708
0.00040244
0.000392135
0.000381843
0.000371607
0.000361461
0.000351433
0.000341546
0.000331816
0.000322257
0.000312877
0.000303682
0.000294677
0.000285863
0.00027724
0.000268808
0.000260564
0.000252506
0.00024463
0.000236934
0.000229412
0.000222062
0.000214878
0.000207857
0.000200995
0.000194288
0.000187732
0.000181324
0.000175059
0.000168936
0.000162949
0.000157097
0.000151377
0.000145785
0.000140321
0.000134979
0.000129759
0.000124659
0.000119679
0.000114813
0.000110062
0.000105424
0.000100897
9.64797e-05
9.2171e-05
8.79699e-05
8.38752e-05
7.98859e-05
7.60007e-05
7.22189e-05
6.85395e-05
6.49618e-05
6.14849e-05
5.81082e-05
5.48309e-05
5.16524e-05
4.85722e-05
4.55902e-05
4.27059e-05
3.99188e-05
3.72282e-05
3.46336e-05
3.21347e-05
2.9731e-05
2.74223e-05
2.52082e-05
2.30883e-05
2.10624e-05
1.91304e-05
1.7292e-05
1.55471e-05
1.38956e-05
1.23371e-05
1.08718e-05
9.49949e-06
8.21978e-06
7.0324e-06
5.9379e-06
4.93648e-06
4.02849e-06
3.21415e-06
2.49315e-06
1.86532e-06
1.32975e-06
8.84893e-07
5.30042e-07
2.65678e-07
9.20207e-08
9.83149e-09
0.000507697
0.000501342
0.000494717
0.000487617
0.000479948
0.000471687
0.000462877
0.000453593
0.000443924
0.000433957
0.000423775
0.000413454
0.000403059
0.000392647
0.000382265
0.000371953
0.000361745
0.000351665
0.000341734
0.000331968
0.000322379
0.000312974
0.000303759
0.000294737
0.000285909
0.000277276
0.000268835
0.000260584
0.00025252
0.00024464
0.00023694
0.000229416
0.000222064
0.000214879
0.000207857
0.000200995
0.000194287
0.000187731
0.000181323
0.000175058
0.000168935
0.000162949
0.000157097
0.000151377
0.000145786
0.000140321
0.00013498
0.000129761
0.000124662
0.000119681
0.000114816
0.000110065
0.000105428
0.0001009
9.6483e-05
9.21742e-05
8.79731e-05
8.38787e-05
7.98894e-05
7.60042e-05
7.22224e-05
6.8543e-05
6.49652e-05
6.14881e-05
5.81113e-05
5.48339e-05
5.16553e-05
4.85748e-05
4.55925e-05
4.27081e-05
3.9921e-05
3.72304e-05
3.46358e-05
3.21367e-05
2.97329e-05
2.74241e-05
2.52098e-05
2.30897e-05
2.10637e-05
1.91316e-05
1.72932e-05
1.55482e-05
1.38966e-05
1.23381e-05
1.08728e-05
9.5005e-06
8.22069e-06
7.03358e-06
5.9389e-06
4.93683e-06
4.02895e-06
3.21484e-06
2.49387e-06
1.86592e-06
1.33013e-06
8.85227e-07
5.30264e-07
2.65723e-07
9.19662e-08
9.82032e-09
0.000513144
0.000506715
0.000499589
0.000491867
0.000483589
0.00047477
0.000465461
0.000455742
0.000445699
0.000435415
0.000424965
0.000414419
0.000403837
0.000393269
0.000382759
0.000372341
0.000362045
0.000351894
0.000341905
0.000332092
0.000322465
0.00031303
0.000303791
0.00029475
0.000285908
0.000277263
0.000268814
0.000260557
0.000252489
0.000244607
0.000236906
0.000229381
0.000222029
0.000214845
0.000207825
0.000200964
0.000194259
0.000187705
0.000181299
0.000175036
0.000168915
0.000162931
0.000157081
0.000151363
0.000145774
0.00014031
0.000134971
0.000129754
0.000124656
0.000119676
0.000114812
0.000110063
0.000105426
0.0001009
9.64825e-05
9.21742e-05
8.79735e-05
8.38794e-05
7.98907e-05
7.60061e-05
7.22246e-05
6.85454e-05
6.49679e-05
6.14908e-05
5.81138e-05
5.48364e-05
5.16578e-05
4.85774e-05
4.55952e-05
4.27108e-05
3.99235e-05
3.7233e-05
3.46384e-05
3.21392e-05
2.97352e-05
2.74263e-05
2.5212e-05
2.30919e-05
2.10658e-05
1.91337e-05
1.72952e-05
1.55501e-05
1.38984e-05
1.23399e-05
1.08743e-05
9.5018e-06
8.22201e-06
7.03477e-06
5.94019e-06
4.93862e-06
4.03067e-06
3.21627e-06
2.49524e-06
1.86714e-06
1.331e-06
8.8574e-07
5.30513e-07
2.65769e-07
9.19062e-08
9.80826e-09
0.000521767
0.000514717
0.000506599
0.00049783
0.000488596
0.000478937
0.000468902
0.000458562
0.000447995
0.00043727
0.000426454
0.000415604
0.000404771
0.000393997
0.000383317
0.000372761
0.000362353
0.000352111
0.00034205
0.000332179
0.000322505
0.000313034
0.000303768
0.000294706
0.000285849
0.000277193
0.000268737
0.000260476
0.000252406
0.000244524
0.000236824
0.000229302
0.000221953
0.000214773
0.000207757
0.0002009
0.0001942
0.00018765
0.000181248
0.000174991
0.000168874
0.000162894
0.000157048
0.000151333
0.000145747
0.000140287
0.000134951
0.000129736
0.000124641
0.000119663
0.000114801
0.000110053
0.000105419
0.000100895
9.64776e-05
9.217e-05
8.79707e-05
8.38777e-05
7.98898e-05
7.60056e-05
7.22247e-05
6.85466e-05
6.49699e-05
6.14932e-05
5.81162e-05
5.48386e-05
5.16601e-05
4.858e-05
4.55981e-05
4.27138e-05
3.99265e-05
3.72359e-05
3.46412e-05
3.21421e-05
2.97381e-05
2.74291e-05
2.52148e-05
2.30947e-05
2.10687e-05
1.91365e-05
1.7298e-05
1.55529e-05
1.39012e-05
1.23426e-05
1.0877e-05
9.50423e-06
8.22411e-06
7.03677e-06
5.94237e-06
4.94102e-06
4.03311e-06
3.21862e-06
2.49736e-06
1.86883e-06
1.33216e-06
8.86431e-07
5.30824e-07
2.65834e-07
9.18556e-08
9.7977e-09
0.000534411
0.000525857
0.000516054
0.000505693
0.000495078
0.00048425
0.000473229
0.000462065
0.000450811
0.000439518
0.000428233
0.000416998
0.000405848
0.000394815
0.000383926
0.0003732
0.000362655
0.000352303
0.000342154
0.000332215
0.000322488
0.000312977
0.00030368
0.000294596
0.000285723
0.000277058
0.000268596
0.000260333
0.000252264
0.000244385
0.00023669
0.000229173
0.000221831
0.000214658
0.000207649
0.0002008
0.000194107
0.000187565
0.00018117
0.000174919
0.000168809
0.000162835
0.000156995
0.000151286
0.000145705
0.00014025
0.000134918
0.000129708
0.000124616
0.000119642
0.000114783
0.000110038
0.000105404
0.000100882
9.64686e-05
9.21636e-05
8.79657e-05
8.38742e-05
7.98872e-05
7.60037e-05
7.22238e-05
6.85467e-05
6.49706e-05
6.14945e-05
5.8118e-05
5.48409e-05
5.16628e-05
4.85831e-05
4.56013e-05
4.27171e-05
3.99299e-05
3.72392e-05
3.46446e-05
3.21455e-05
2.97417e-05
2.74328e-05
2.52184e-05
2.30982e-05
2.10722e-05
1.91401e-05
1.73017e-05
1.55567e-05
1.39049e-05
1.23463e-05
1.08806e-05
9.50776e-06
8.22757e-06
7.04019e-06
5.9458e-06
4.94448e-06
4.03635e-06
3.22152e-06
2.49996e-06
1.87089e-06
1.33356e-06
8.87285e-07
5.31259e-07
2.65969e-07
9.18236e-08
9.78859e-09
0.00055162
0.000540415
0.000528085
0.000515502
0.000503036
0.000490685
0.00047841
0.000466212
0.000454109
0.000442121
0.000430266
0.000418566
0.000407038
0.000395698
0.000384559
0.000373633
0.000362928
0.00035245
0.000342201
0.000332184
0.000322398
0.000312842
0.000303513
0.000294408
0.000285521
0.000276848
0.000268383
0.000260121
0.000252057
0.000244184
0.000236497
0.00022899
0.000221658
0.000214496
0.000207498
0.00020066
0.000193977
0.000187446
0.000181062
0.000174821
0.000168719
0.000162754
0.000156923
0.000151221
0.000145647
0.000140199
0.000134873
0.000129668
0.000124581
0.000119612
0.000114757
0.000110015
0.000105385
0.000100866
9.64551e-05
9.21531e-05
8.79577e-05
8.38674e-05
7.98817e-05
7.60005e-05
7.22223e-05
6.85458e-05
6.49702e-05
6.14949e-05
5.81193e-05
5.4843e-05
5.16654e-05
4.85862e-05
4.56049e-05
4.27209e-05
3.99338e-05
3.72433e-05
3.46488e-05
3.21499e-05
2.9746e-05
2.74371e-05
2.52227e-05
2.31027e-05
2.10767e-05
1.91446e-05
1.73063e-05
1.55614e-05
1.39096e-05
1.2351e-05
1.08853e-05
9.51242e-06
8.23222e-06
7.04482e-06
5.95038e-06
4.94893e-06
4.04049e-06
3.2252e-06
2.50307e-06
1.87333e-06
1.3353e-06
8.88373e-07
5.31813e-07
2.66163e-07
9.18273e-08
9.78516e-09
0.000573282
0.000558201
0.000542484
0.000527062
0.000512293
0.000498087
0.000484308
0.000470888
0.000457791
0.000444993
0.000432481
0.000420246
0.000408285
0.000396595
0.000385175
0.000374023
0.000363139
0.00035252
0.000342162
0.000332061
0.000322213
0.000312611
0.00030325
0.000294124
0.000285226
0.000276549
0.000268085
0.000259829
0.000251774
0.000243912
0.000236238
0.000228745
0.000221428
0.000214281
0.000207298
0.000200476
0.000193808
0.00018729
0.00018092
0.000174691
0.000168602
0.000162649
0.000156828
0.000151136
0.000145572
0.000140132
0.000134814
0.000129616
0.000124536
0.000119572
0.000114722
0.000109986
0.00010536
0.000100845
9.64378e-05
9.21385e-05
8.79457e-05
8.3858e-05
7.98746e-05
7.59951e-05
7.22184e-05
6.85433e-05
6.4969e-05
6.14949e-05
5.81203e-05
5.48448e-05
5.1668e-05
4.85894e-05
4.56085e-05
4.2725e-05
3.99383e-05
3.72481e-05
3.46537e-05
3.21548e-05
2.9751e-05
2.7442e-05
2.52278e-05
2.31079e-05
2.1082e-05
1.91501e-05
1.73117e-05
1.55669e-05
1.39152e-05
1.23566e-05
1.08909e-05
9.51796e-06
8.23779e-06
7.05039e-06
5.95588e-06
4.95423e-06
4.04538e-06
3.22954e-06
2.50672e-06
1.87621e-06
1.33739e-06
8.89725e-07
5.32543e-07
2.66459e-07
9.18746e-08
9.78745e-09
0.000598299
0.000578322
0.000558543
0.000539819
0.000522416
0.000506113
0.000490651
0.000475874
0.000461678
0.000447989
0.000434754
0.000421934
0.0004095
0.000397429
0.000385704
0.000374311
0.000363236
0.000352467
0.000341995
0.000331809
0.000321898
0.000312254
0.000302865
0.000293723
0.000284818
0.000276142
0.000267686
0.000259442
0.000251401
0.000243557
0.000235902
0.000228429
0.000221132
0.000214006
0.000207044
0.000200241
0.000193592
0.000187093
0.00018074
0.000174528
0.000168454
0.000162515
0.000156708
0.000151029
0.000145476
0.000140047
0.000134738
0.000129549
0.000124478
0.000119521
0.000114678
0.000109948
0.000105328
0.000100817
9.64146e-05
9.21193e-05
8.79298e-05
8.38453e-05
7.98647e-05
7.59874e-05
7.22125e-05
6.85391e-05
6.49664e-05
6.14938e-05
5.81206e-05
5.48461e-05
5.16702e-05
4.85924e-05
4.56122e-05
4.27291e-05
3.99428e-05
3.72529e-05
3.46588e-05
3.21601e-05
2.97564e-05
2.74475e-05
2.52333e-05
2.31135e-05
2.10878e-05
1.9156e-05
1.73178e-05
1.5573e-05
1.39214e-05
1.23628e-05
1.08971e-05
9.52425e-06
8.24404e-06
7.05657e-06
5.96189e-06
4.95995e-06
4.05072e-06
3.23437e-06
2.51086e-06
1.8795e-06
1.33981e-06
8.91329e-07
5.33436e-07
2.66847e-07
9.1965e-08
9.79571e-09
0.000624385
0.000599044
0.000574959
0.000552802
0.000532674
0.000514206
0.000497009
0.00048083
0.000465497
0.000450886
0.000436903
0.000423476
0.000410552
0.000398089
0.000386051
0.00037441
0.000363143
0.000352227
0.000341644
0.000331377
0.00032141
0.000311729
0.00030232
0.00029317
0.000284268
0.000275602
0.000267162
0.000258938
0.000250921
0.000243102
0.000235474
0.000228028
0.000220759
0.00021366
0.000206724
0.000199946
0.000193322
0.000186847
0.000180515
0.000174325
0.00016827
0.000162349
0.000156559
0.000150895
0.000145357
0.000139941
0.000134644
0.000129466
0.000124405
0.000119457
0.000114623
0.000109899
0.000105286
0.000100782
9.63845e-05
9.20938e-05
8.79086e-05
8.38279e-05
7.98507e-05
7.59762e-05
7.22038e-05
6.85325e-05
6.49618e-05
6.14911e-05
5.81194e-05
5.48463e-05
5.16715e-05
4.85945e-05
4.56151e-05
4.27327e-05
3.99469e-05
3.72573e-05
3.46634e-05
3.21649e-05
2.97616e-05
2.74531e-05
2.52391e-05
2.31193e-05
2.10938e-05
1.91621e-05
1.73239e-05
1.55791e-05
1.39275e-05
1.23691e-05
1.09035e-05
9.53069e-06
8.25043e-06
7.06289e-06
5.96807e-06
4.96588e-06
4.05631e-06
3.23948e-06
2.51528e-06
1.88307e-06
1.3425e-06
8.93154e-07
5.34486e-07
2.67333e-07
9.20958e-08
9.80827e-09
0.000648143
0.000617855
0.000589886
0.000564655
0.000542065
0.000521612
0.000502802
0.000485302
0.000468886
0.000453388
0.00043868
0.000424665
0.000411266
0.000398422
0.000386084
0.000374208
0.000362761
0.000351711
0.000341031
0.000330697
0.000320688
0.000310985
0.000301569
0.000292425
0.000283539
0.000274896
0.000266484
0.000258292
0.00025031
0.000242527
0.000234935
0.000227527
0.000220294
0.000213229
0.000206328
0.000199583
0.00019299
0.000186543
0.00018024
0.000174074
0.000168044
0.000162146
0.000156375
0.000150731
0.00014521
0.00013981
0.000134528
0.000129364
0.000124314
0.000119377
0.000114553
0.000109838
0.000105233
0.000100736
9.63453e-05
9.20605e-05
8.78804e-05
8.38042e-05
7.98311e-05
7.59602e-05
7.21908e-05
6.85223e-05
6.4954e-05
6.14853e-05
5.81155e-05
5.48442e-05
5.16709e-05
4.85952e-05
4.56168e-05
4.27352e-05
3.995e-05
3.72609e-05
3.46674e-05
3.21692e-05
2.97661e-05
2.74579e-05
2.52442e-05
2.31247e-05
2.10992e-05
1.91677e-05
1.73297e-05
1.55849e-05
1.39333e-05
1.2375e-05
1.09098e-05
9.53694e-06
8.25618e-06
7.06854e-06
5.97395e-06
4.97178e-06
4.06186e-06
3.24442e-06
2.51956e-06
1.88664e-06
1.34528e-06
8.95096e-07
5.35649e-07
2.67892e-07
9.22545e-08
9.82383e-09
0.000665452
0.000631809
0.000601207
0.000573854
0.000549478
0.000527497
0.000507383
0.000488776
0.000471426
0.000455148
0.000439794
0.000425252
0.000411428
0.000398246
0.000385644
0.000373567
0.00036197
0.000350814
0.000340064
0.000329689
0.000319662
0.000309959
0.000300559
0.000291441
0.000282589
0.000273987
0.00026562
0.000257476
0.000249543
0.00024181
0.000234268
0.000226907
0.000219721
0.000212702
0.000205843
0.000199139
0.000192585
0.000186175
0.000179905
0.000173771
0.00016777
0.000161898
0.000156153
0.000150532
0.000145031
0.00013965
0.000134386
0.000129238
0.000124202
0.000119279
0.000114466
0.000109762
0.000105167
0.000100678
9.62953e-05
9.20174e-05
8.78435e-05
8.37728e-05
7.98045e-05
7.59378e-05
7.21723e-05
6.85071e-05
6.49417e-05
6.14755e-05
5.81081e-05
5.48389e-05
5.16673e-05
4.85931e-05
4.56159e-05
4.27354e-05
3.99511e-05
3.72626e-05
3.46697e-05
3.2172e-05
2.97692e-05
2.74613e-05
2.5248e-05
2.31289e-05
2.11036e-05
1.91722e-05
1.73342e-05
1.55896e-05
1.39382e-05
1.238e-05
1.09151e-05
9.54222e-06
8.26132e-06
7.07371e-06
5.9792e-06
4.97691e-06
4.06672e-06
3.24889e-06
2.52352e-06
1.88998e-06
1.34793e-06
8.97005e-07
5.36818e-07
2.68468e-07
9.24228e-08
9.84027e-09
0.000672349
0.000638245
0.00060715
0.000579178
0.00055401
0.00053116
0.000510185
0.000490776
0.000472712
0.000455816
0.000439945
0.000424977
0.000410813
0.000397366
0.000384563
0.000372342
0.000360647
0.000349431
0.000338652
0.000328274
0.000318264
0.000308594
0.000299239
0.000290175
0.000281383
0.000272845
0.000264544
0.000256468
0.000248601
0.000240934
0.000233456
0.000226158
0.000219031
0.000212068
0.000205263
0.000198609
0.000192101
0.000185735
0.000179506
0.00017341
0.000167444
0.000161604
0.000155889
0.000150294
0.000144819
0.000139461
0.000134217
0.000129087
0.000124068
0.00011916
0.000114361
0.00010967
0.000105086
0.000100607
9.62331e-05
9.19633e-05
8.77966e-05
8.37323e-05
7.97697e-05
7.59081e-05
7.2147e-05
6.84857e-05
6.49239e-05
6.14608e-05
5.80961e-05
5.48292e-05
5.16598e-05
4.85874e-05
4.56118e-05
4.27325e-05
3.99493e-05
3.72617e-05
3.46694e-05
3.21724e-05
2.97702e-05
2.74626e-05
2.52496e-05
2.3131e-05
2.11064e-05
1.91753e-05
1.73376e-05
1.5593e-05
1.39417e-05
1.23836e-05
1.09184e-05
9.54573e-06
8.26555e-06
7.07812e-06
5.98335e-06
4.98079e-06
4.07046e-06
3.25249e-06
2.5268e-06
1.89278e-06
1.35018e-06
8.98638e-07
5.37822e-07
2.68963e-07
9.25697e-08
9.85556e-09
0.00066693
0.000636524
0.000607356
0.000580217
0.000555172
0.000532043
0.000510608
0.000490694
0.000472149
0.000454832
0.000438609
0.000423362
0.000408987
0.000395391
0.000382492
0.00037022
0.000358512
0.000347314
0.000336577
0.000326259
0.000316324
0.00030674
0.000297477
0.00028851
0.000279817
0.000271378
0.000263176
0.000255196
0.000247423
0.000239846
0.000232454
0.000225237
0.000218187
0.000211296
0.000204558
0.000197968
0.000191519
0.000185207
0.000179027
0.000172978
0.000167054
0.000161253
0.000155573
0.000150011
0.000144565
0.000139234
0.000134015
0.000128906
0.000123908
0.000119018
0.000114236
0.00010956
0.000104989
0.000100521
9.61579e-05
9.18972e-05
8.77388e-05
8.36818e-05
7.97257e-05
7.587e-05
7.2114e-05
6.84574e-05
6.48995e-05
6.14401e-05
5.80785e-05
5.48144e-05
5.16474e-05
4.85771e-05
4.56033e-05
4.27256e-05
3.99436e-05
3.72572e-05
3.46661e-05
3.21699e-05
2.97684e-05
2.74613e-05
2.52489e-05
2.31311e-05
2.1107e-05
1.91762e-05
1.73386e-05
1.55942e-05
1.39432e-05
1.23853e-05
1.09202e-05
9.54768e-06
8.26776e-06
7.08047e-06
5.98569e-06
4.98314e-06
4.07283e-06
3.25482e-06
2.52899e-06
1.89475e-06
1.35184e-06
8.99786e-07
5.38439e-07
2.69239e-07
9.26355e-08
9.86141e-09
0.000655253
0.00063229
0.000604969
0.000578189
0.000553019
0.000529525
0.000507654
0.000487335
0.000468459
0.000450896
0.00043451
0.000419176
0.000404777
0.000391212
0.000378388
0.000366225
0.000354655
0.000343614
0.000333049
0.000322913
0.000313166
0.000303771
0.000294697
0.000285916
0.000277405
0.000269141
0.000261108
0.000253288
0.000245668
0.000238234
0.000230977
0.000223887
0.000216955
0.000210174
0.000203538
0.000197041
0.000190679
0.000184446
0.00017834
0.000172358
0.000166495
0.00016075
0.000155121
0.000149605
0.000144201
0.000138907
0.000133722
0.000128645
0.000123674
0.000118809
0.000114048
0.000109391
0.000104838
0.000100388
9.60402e-05
9.17934e-05
8.76473e-05
8.36014e-05
7.96551e-05
7.5808e-05
7.20598e-05
6.841e-05
6.48582e-05
6.14041e-05
5.80472e-05
5.47872e-05
5.16239e-05
4.85568e-05
4.55857e-05
4.27103e-05
3.99305e-05
3.7246e-05
3.46565e-05
3.21617e-05
2.97614e-05
2.74556e-05
2.52442e-05
2.31271e-05
2.11036e-05
1.91734e-05
1.73364e-05
1.55925e-05
1.39417e-05
1.23842e-05
1.09194e-05
9.54733e-06
8.2678e-06
7.08062e-06
5.98571e-06
4.98329e-06
4.07346e-06
3.25587e-06
2.52986e-06
1.89548e-06
1.35261e-06
9.00161e-07
5.38525e-07
2.69257e-07
9.25215e-08
9.8375e-09
)
;

boundaryField
{
    inlet
    {
        type            calculated;
        value           nonuniform List<scalar> 
30
(
0.0123471
0.0123719
0.0124505
0.0125812
0.0127575
0.012968
0.0131981
0.0134323
0.0136563
0.013858
0.0140284
0.0141617
0.0142551
0.0143086
0.0143246
0.0143066
0.0142545
0.0141651
0.0140367
0.0138698
0.0136677
0.0134367
0.0131862
0.0129286
0.0126785
0.0124515
0.0122622
0.0121223
0.0120381
0.0120111
)
;
    }
    outlet
    {
        type            calculated;
        value           uniform 0;
    }
    top
    {
        type            calculated;
        value           nonuniform List<scalar> 
135
(
0.0120111
0.0119894
0.0119603
0.0119337
0.0119135
0.0118871
0.0117721
0.0115584
0.011268
0.010908
0.0104828
0.00999688
0.00945472
0.00886247
0.00822836
0.00756041
0.00687173
0.00617554
0.00548678
0.00482116
0.00419328
0.00361518
0.00309516
0.00263717
0.00224116
0.00190439
0.00162257
0.00138902
0.00119766
0.00104257
0.000918448
0.000820862
0.000745674
0.000689556
0.000656788
0.000655253
0.00063229
0.000604969
0.000578189
0.000553019
0.000529525
0.000507654
0.000487335
0.000468459
0.000450896
0.00043451
0.000419176
0.000404777
0.000391212
0.000378388
0.000366225
0.000354655
0.000343614
0.000333049
0.000322913
0.000313166
0.000303771
0.000294697
0.000285916
0.000277405
0.000269141
0.000261108
0.000253288
0.000245668
0.000238234
0.000230977
0.000223887
0.000216955
0.000210174
0.000203538
0.000197041
0.000190679
0.000184446
0.00017834
0.000172358
0.000166495
0.00016075
0.000155121
0.000149605
0.000144201
0.000138907
0.000133722
0.000128645
0.000123674
0.000118809
0.000114048
0.000109391
0.000104838
0.000100388
9.60402e-05
9.17934e-05
8.76473e-05
8.36014e-05
7.96551e-05
7.5808e-05
7.20598e-05
6.841e-05
6.48582e-05
6.14041e-05
5.80472e-05
5.47872e-05
5.16239e-05
4.85568e-05
4.55857e-05
4.27103e-05
3.99305e-05
3.7246e-05
3.46565e-05
3.21617e-05
2.97614e-05
2.74556e-05
2.52442e-05
2.31271e-05
2.11036e-05
1.91734e-05
1.73364e-05
1.55925e-05
1.39417e-05
1.23842e-05
1.09194e-05
9.54733e-06
8.2678e-06
7.08062e-06
5.98571e-06
4.98329e-06
4.07346e-06
3.25587e-06
2.52986e-06
1.89548e-06
1.35261e-06
9.00161e-07
5.38525e-07
2.69257e-07
9.25215e-08
9.8375e-09
)
;
    }
    bottom
    {
        type            calculated;
        value           nonuniform List<scalar> 
135
(
0.0123471
0.0123274
0.0123013
0.0122782
0.012261
0.0122208
0.0121153
0.0119137
0.0116357
0.011286
0.0108676
0.0103821
0.00983132
0.00922039
0.00855707
0.00785122
0.00711882
0.00637641
0.00564246
0.00493523
0.00427099
0.0036626
0.00311859
0.00264273
0.00223439
0.00189007
0.00160472
0.00137052
0.00118023
0.00102708
0.000904792
0.000808282
0.000733141
0.000676075
0.000641359
0.000630937
0.000609311
0.000583936
0.000559158
0.000535866
0.000514086
0.000493754
0.00047481
0.000457158
0.000440685
0.000425272
0.000410807
0.000397188
0.000384322
0.000372128
0.000360534
0.000349478
0.000338902
0.00032876
0.000319008
0.00030961
0.000300532
0.000291747
0.000283229
0.000274957
0.000266912
0.000259078
0.000251439
0.000243983
0.0002367
0.000229579
0.000222613
0.000215794
0.000209116
0.000202573
0.000196161
0.000189876
0.000183713
0.000177671
0.000171745
0.000165935
0.000160238
0.000154651
0.000149175
0.000143806
0.000138545
0.00013339
0.000128339
0.000123393
0.000118551
0.000113811
0.000109173
0.000104637
0.000100203
9.58702e-05
9.1637e-05
8.75036e-05
8.34694e-05
7.9534e-05
7.56971e-05
7.19584e-05
6.83174e-05
6.4774e-05
6.13277e-05
5.79783e-05
5.47254e-05
5.15685e-05
4.85074e-05
4.55417e-05
4.26715e-05
3.98967e-05
3.72168e-05
3.46317e-05
3.21412e-05
2.97449e-05
2.74428e-05
2.52345e-05
2.31197e-05
2.10985e-05
1.91707e-05
1.73361e-05
1.55945e-05
1.39459e-05
1.239e-05
1.09265e-05
9.55551e-06
8.27696e-06
7.0907e-06
5.99665e-06
4.99417e-06
4.08303e-06
3.2632e-06
2.53497e-06
1.89939e-06
1.35604e-06
9.03211e-07
5.4066e-07
2.70344e-07
9.29096e-08
9.8796e-09
)
;
    }
    obstacle
    {
        type            calculated;
        value           nonuniform List<scalar> 
120
(
0.092575
0.0857743
0.0780449
0.0701822
0.0623387
0.0545136
0.0468809
0.0396078
0.0328313
0.026658
0.0211565
0.0163569
0.0122596
0.00884788
0.00609942
0.00399708
0.00253617
0.00172843
0.00159892
0.00218025
0.00350322
0.00558321
0.00840789
0.0119283
0.0160562
0.0206643
0.0255938
0.0308043
0.0361596
0.0410164
0.0467788
0.0533404
0.0613051
0.0707207
0.0817676
0.0949561
0.110906
0.130232
0.153338
0.180189
0.209905
0.240512
0.269055
0.291978
0.3048
0.30492
0.292322
0.269582
0.241172
0.21065
0.180982
0.154154
0.131057
0.111731
0.0957727
0.0825671
0.0714922
0.0620378
0.0540327
0.0474601
0.0952235
0.088305
0.0803487
0.072196
0.0640514
0.0559404
0.048048
0.0405483
0.0335809
0.0272527
0.0216302
0.01674
0.012579
0.00912674
0.00635764
0.00425208
0.00280358
0.00202299
0.00193474
0.00257064
0.0039603
0.00611658
0.00902277
0.0126232
0.0168209
0.0214787
0.0264288
0.0316262
0.0369302
0.0417282
0.100185
0.108358
0.117427
0.127165
0.137464
0.148706
0.161433
0.176222
0.193542
0.213518
0.235667
0.258619
0.280194
0.297692
0.307662
0.308043
0.298786
0.281861
0.260698
0.238017
0.216016
0.196092
0.178763
0.163935
0.151172
0.139919
0.129652
0.119991
0.110989
0.102864
)
;
    }
    frontAndBack
    {
        type            empty;
    }
}


// ************************************************************************* //
