/*--------------------------------*- C++ -*----------------------------------*\
  =========                 |
  \\      /  F ield         | OpenFOAM: The Open Source CFD Toolbox
   \\    /   O peration     | Website:  https://openfoam.org
    \\  /    A nd           | Version:  12
     \\/     M anipulation  |
\*---------------------------------------------------------------------------*/
FoamFile
{
    format      ascii;
    class       volScalarField;
    location    "160";
    object      p;
}
// * * * * * * * * * * * * * * * * * * * * * * * * * * * * * * * * * * * * * //

dimensions      [0 2 -2 0 0 0 0];

internalField   nonuniform List<scalar> 
6750
(
0.0216203
0.0215983
0.0215689
0.0214054
0.0203768
0.0231381
0.0231016
0.0229742
0.0227082
0.0223488
0.0249305
0.0248713
0.0247406
0.0245425
0.0243895
0.0268107
0.0267168
0.0265925
0.026452
0.0263751
0.0286775
0.0285396
0.0284054
0.0282928
0.0282541
0.0304511
0.0302647
0.0301097
0.030007
0.0299856
0.032083
0.0318468
0.0316672
0.0315673
0.0315544
0.0335439
0.0332587
0.0330544
0.0329553
0.0329476
0.0348155
0.0344837
0.0342567
0.0341584
0.0341542
0.0358872
0.0355128
0.0352663
0.0351694
0.0351679
0.0367558
0.0363443
0.0360822
0.0359871
0.0359875
0.0374245
0.0369821
0.0367087
0.036616
0.0366175
0.0379025
0.0374354
0.0371559
0.0370656
0.0370673
0.0382042
0.0377181
0.0374388
0.0373497
0.0373507
0.0383424
0.0378507
0.0375766
0.037485
0.0374839
0.0383423
0.0378506
0.0375765
0.0374849
0.0374838
0.0382039
0.0377178
0.0374385
0.0373494
0.0373504
0.0379021
0.037435
0.0371554
0.0370651
0.0370669
0.0374238
0.0369814
0.036708
0.0366153
0.0366168
0.0367549
0.0363434
0.0360813
0.0359862
0.0359866
0.0358861
0.0355117
0.0352652
0.0351683
0.0351668
0.0348141
0.0344823
0.0342554
0.034157
0.0341529
0.0335423
0.0332571
0.0330529
0.0329538
0.032946
0.0320811
0.031845
0.0316654
0.0315655
0.0315526
0.030449
0.0302626
0.0301077
0.030005
0.0299835
0.0286752
0.0285372
0.0284031
0.0282905
0.0282517
0.0268081
0.0267141
0.0265899
0.0264494
0.0263725
0.0249276
0.0248684
0.0247377
0.0245396
0.0243865
0.023135
0.0230985
0.022971
0.022705
0.0223456
0.0216169
0.0215949
0.0215655
0.021402
0.0203732
0.0141963
0.0147891
0.0162577
0.0173428
0.0181293
0.0187543
0.0192439
0.0196095
0.0198791
0.020063
0.0201242
0.020137
0.0200733
0.0199291
0.0197033
0.0193921
0.0189927
0.018508
0.0179411
0.0172917
0.0165529
0.0158357
0.0150793
0.0142995
0.0135169
0.0127445
0.0119917
0.0112728
0.0105977
0.00991654
0.0181067
0.0189025
0.0197023
0.0201031
0.0203319
0.020473
0.0205285
0.0205077
0.0204392
0.0203203
0.0201098
0.0199218
0.0197154
0.0194935
0.0192545
0.0189896
0.0186863
0.0183335
0.0179206
0.0174448
0.0169256
0.0162891
0.0156237
0.0149182
0.0141806
0.0134224
0.0126518
0.0118829
0.0111552
0.0104503
0.0205873
0.0207709
0.0210857
0.0212395
0.0213151
0.021323
0.0212512
0.0211105
0.0209223
0.0206508
0.0203005
0.0199644
0.0196003
0.0192191
0.0188269
0.0184235
0.0180055
0.0175679
0.0171049
0.0166118
0.0160877
0.0155317
0.0149508
0.0143441
0.0137163
0.0130734
0.0124166
0.0117567
0.0111802
0.0107643
0.02203
0.0218057
0.0219344
0.0220171
0.0220259
0.0219582
0.021809
0.0215951
0.0213253
0.0209304
0.0204836
0.0200234
0.019521
0.0189932
0.0184516
0.0179041
0.0173562
0.0168109
0.0162689
0.0157289
0.0151893
0.0146543
0.0141204
0.0135844
0.0130463
0.0125063
0.0119574
0.0114021
0.0109699
0.0108901
0.0231203
0.022748
0.0227944
0.0228063
0.0227317
0.0225767
0.0223414
0.0220415
0.0216747
0.0211642
0.0206213
0.020041
0.0194133
0.0187581
0.0180908
0.0174246
0.0167707
0.0161374
0.0155298
0.0149495
0.0143961
0.0138688
0.0133643
0.0128778
0.0124055
0.0119436
0.0114785
0.0110034
0.0106798
0.010905
0.0240671
0.0236557
0.0236373
0.023569
0.0234085
0.0231669
0.0228454
0.0224559
0.0219818
0.0213662
0.0207233
0.0200273
0.0192828
0.0185117
0.0177324
0.0169622
0.0162162
0.0155062
0.0148402
0.0142217
0.0136509
0.0131251
0.0126398
0.0121889
0.0117663
0.0113655
0.0109678
0.0105588
0.0103258
0.010824
0.0249046
0.0244995
0.0244229
0.0242779
0.0240385
0.0237161
0.0233128
0.0228369
0.0222502
0.0215409
0.0207979
0.0199922
0.0191379
0.0182586
0.0173756
0.0165094
0.0156782
0.0148966
0.0141744
0.0135167
0.012924
0.0123932
0.0119187
0.0114927
0.0111079
0.0107555
0.0104127
0.0100599
0.00990709
0.0106475
0.0256535
0.0252844
0.0251574
0.0249408
0.0246272
0.0242271
0.0237458
0.0231854
0.0224856
0.0216926
0.0208497
0.019939
0.0189807
0.0179997
0.0170196
0.0160635
0.0151523
0.0143025
0.0135257
0.012828
0.0122101
0.0116689
0.0111977
0.010788
0.010431
0.0101165
0.00981764
0.00951185
0.00943008
0.0103789
0.0263356
0.0260242
0.025853
0.0255675
0.0251819
0.0247068
0.02415
0.0235007
0.0226968
0.0218227
0.0208808
0.0198693
0.0188119
0.0177343
0.0166624
0.0156215
0.0146344
0.0137194
0.0128893
0.0121509
0.0115054
0.0109494
0.0104758
0.0100751
0.00973754
0.00945166
0.0091873
0.00892023
0.00890149
0.0100242
0.0269679
0.0267287
0.0265179
0.026165
0.0257093
0.0251627
0.0245298
0.0237835
0.0228899
0.0219314
0.0208931
0.0197847
0.018632
0.0174618
0.0163021
0.01518
0.01412
0.0131418
0.0122592
0.0114796
0.0108044
0.0102301
0.00974905
0.00935127
0.00902635
0.0087614
0.00852338
0.00828796
0.00832547
0.00958955
0.0275628
0.0274059
0.0271591
0.0267392
0.0262137
0.0255975
0.0248883
0.0240412
0.0230681
0.0220221
0.0208893
0.0196867
0.0184413
0.0171814
0.0159366
0.0147358
0.0136049
0.0125647
0.0116297
0.0108079
0.010101
0.00950524
0.00901265
0.00861274
0.00829454
0.00804401
0.00782542
0.00761568
0.00770374
0.00908013
0.0281305
0.028063
0.0277831
0.0272959
0.0267004
0.0260169
0.0252278
0.0242814
0.0232333
0.0220978
0.0208716
0.0195764
0.01824
0.0168921
0.0155639
0.0142858
0.0130849
0.0119829
0.0109952
0.01013
0.00938922
0.008769
0.00826111
0.00785462
0.00753811
0.00729637
0.00709129
0.00690211
0.00703586
0.00849958
0.0286808
0.0287074
0.0283971
0.0278428
0.0271788
0.0264236
0.0255472
0.0245137
0.0233872
0.0221607
0.0208418
0.0194548
0.018028
0.0165928
0.0151818
0.0138267
0.0125557
0.0113914
0.0103498
0.00943959
0.00866263
0.00801503
0.00748831
0.00707122
0.0067519
0.00651399
0.00631723
0.00614418
0.00631942
0.00784977
0.0292233
0.0293457
0.0290078
0.0283862
0.0276532
0.0268247
0.0258542
0.0247424
0.0235318
0.0222133
0.0208017
0.0193224
0.017805
0.016282
0.0147877
0.013355
0.0120129
0.010785
0.0096878
0.00873026
0.00791445
0.00723639
0.00668734
0.0062558
0.0059295
0.00569091
0.00549779
0.00533692
0.00554997
0.00713042
0.0297654
0.0299871
0.0296232
0.0289336
0.0281312
0.0272242
0.026158
0.0249703
0.0236708
0.0222586
0.0207528
0.0191798
0.0175702
0.0159581
0.0143789
0.0128667
0.0114517
0.010158
0.00900262
0.00799499
0.00713725
0.00642534
0.00585035
0.00540051
0.00506319
0.00481961
0.00462578
0.00447345
0.004721
0.00633886
0.0303144
0.0306433
0.0302559
0.0294979
0.0286188
0.0276226
0.0264699
0.0252005
0.0238074
0.022299
0.0206965
0.0190271
0.0173228
0.0156189
0.0139521
0.0123577
0.0108667
0.00950402
0.00828724
0.00722603
0.0063227
0.00557315
0.00496829
0.00449614
0.00414369
0.00389087
0.00369207
0.00354476
0.0038238
0.00546974
0.0308804
0.0313264
0.030917
0.0300875
0.0291253
0.0280302
0.0267965
0.0254365
0.0239454
0.022337
0.0206339
0.0188642
0.0170612
0.0152616
0.0135034
0.0118227
0.0102517
0.00881598
0.00753357
0.00641453
0.00546129
0.00466974
0.00403064
0.00353184
0.00315991
0.00289344
0.00268534
0.00253945
0.00284713
0.00451468
0.0314803
0.0320501
0.0316205
0.0307097
0.0296546
0.0284624
0.0271427
0.0256837
0.0240889
0.0223751
0.020566
0.0186906
0.0167835
0.0148829
0.0130279
0.0112557
0.00959946
0.00808541
0.00673218
0.00555014
0.00454189
0.00370328
0.00302498
0.00249466
0.0020985
0.00181362
0.00159163
0.00144333
0.00177682
0.00346175
0.0321377
0.0328242
0.0323768
0.0313791
0.0302165
0.0289307
0.0275132
0.0259473
0.0242419
0.0224158
0.0204933
0.0185049
0.0164867
0.0144781
0.0125195
0.0106491
0.00890101
0.00730218
0.00587177
0.00462051
0.00355117
0.00265961
0.00193637
0.00136899
0.000943214
0.000634649
0.000393662
0.000238686
0.000595046
0.00229482
0.0328714
0.0336682
0.0332038
0.0321085
0.0308289
0.029444
0.0279168
0.0262345
0.0244093
0.0224613
0.0204159
0.0183053
0.0161668
0.0140413
0.0119703
0.0099934
0.00814523
0.00645369
0.00493842
0.0036105
0.00247286
0.00152137
0.000746501
0.000135625
-0.000325963
-0.000664269
-0.00093005
-0.00109664
-0.000720727
0.000992487
0.0337072
0.0346154
0.0341227
0.0329096
0.0315147
0.0300154
0.0283649
0.0265537
0.0245962
0.0225137
0.0203333
0.0180884
0.015818
0.0135643
0.0113701
0.00927614
0.00731791
0.005524
0.00391459
0.00250108
0.00128657
0.000266916
-0.000567505
-0.00122945
-0.00173413
-0.00210925
-0.00240662
-0.00259071
-0.00219922
-0.000473493
0.0346859
0.0356874
0.0351537
0.0338177
0.0322952
0.0306613
0.0288702
0.0269139
0.0248078
0.0225747
0.0202433
0.0178488
0.0154317
0.0130357
0.0107049
0.00848092
0.00640034
0.00449234
0.00277759
0.00126778
-3.38758e-05
-0.00113152
-0.0020349
-0.00275692
-0.00331336
-0.00373373
-0.0040708
-0.00427959
-0.00387762
-0.00214055
0.0358541
0.0369292
0.0363374
0.0348699
0.0331946
0.031402
0.0294487
0.0273256
0.0250494
0.0226445
0.0201418
0.0175781
0.0149956
0.0124394
0.00995512
0.00758531
0.00536731
0.00333094
0.00149727
-0.000121791
-0.00152294
-0.0027104
-0.00369406
-0.00448699
-0.00510564
-0.00558142
-0.00596802
-0.00621051
-0.00580495
-0.00405897
0.0372797
0.0384012
0.0377341
0.0361072
0.034246
0.0322648
0.0301198
0.027801
0.0253261
0.0227219
0.0200211
0.0172629
0.014491
0.0117522
0.00909331
0.00655784
0.00418383
0.00200157
3.23708e-05
-0.00171171
-0.00322741
-0.00451906
-0.00559675
-0.0064738
-0.0071674
-0.00771101
-0.0081592
-0.00844675
-0.00804733
-0.00629772
0.0390754
0.0401972
0.0394157
0.0375844
0.0354956
0.0332851
0.0309084
0.0283543
0.0256421
0.0228015
0.0198677
0.0168817
0.0138894
0.0109393
0.00807896
0.00535297
0.00279977
0.000449834
-0.00167544
-0.00356404
-0.00521286
-0.00662646
-0.00781517
-0.00879265
-0.00957695
-0.0102037
-0.0107284
-0.0110757
-0.0106967
-0.00895426
0.0413685
0.0424408
0.041482
0.0393851
0.0370098
0.0345122
0.031847
0.0290023
0.0259998
0.0228722
0.0196576
0.0163996
0.0131461
0.00994685
0.00685067
0.00390238
0.00114048
-0.00140468
-0.003712
-0.00576976
-0.00757514
-0.00913303
-0.0104541
-0.0115523
-0.0124468
-0.0131754
-0.0137947
-0.0142202
-0.0138832
-0.0121691
0.0444147
0.0453261
0.044089
0.0416365
0.0388881
0.0360177
0.0329804
0.0297647
0.0263956
0.0229095
0.0193479
0.0157573
0.0121874
0.00868935
0.00531202
0.00209998
-0.000908988
-0.00368544
-0.00620907
-0.00846884
-0.0104624
-0.0121948
-0.0136771
-0.0149237
-0.0159544
-0.016809
-0.0175449
-0.018072
-0.0178102
-0.0161652
0.0485963
0.0491352
0.0474443
0.0444992
0.0412516
0.0378849
0.0343554
0.0306543
0.0268109
0.0228664
0.0188667
0.0148611
0.0109015
0.00703906
0.00332214
-0.000206364
-0.0035108
-0.00656385
-0.009347
-0.0118505
-0.014073
-0.0160203
-0.0177032
-0.0191361
-0.0203398
-0.0213546
-0.0222378
-0.0228995
-0.0227714
-0.021281
0.0547854
0.0545773
0.0521414
0.0484957
0.0445426
0.0404547
0.0362006
0.0317856
0.0272505
0.0226462
0.0180258
0.013443
0.0089511
0.00460025
0.000435654
-0.00350406
-0.0071878
-0.0105924
-0.013702
-0.0165072
-0.0190101
-0.0212294
-0.023161
-0.0248193
-0.0262255
-0.0274179
-0.0284492
-0.0292453
-0.0293139
-0.0281446
0.065591
0.0636963
0.0597059
0.0548298
0.049713
0.0444517
0.0390427
0.0335213
0.0279453
0.0223753
0.0168685
0.0114781
0.00625176
0.00123094
-0.00355007
-0.00806389
-0.0122897
-0.016213
-0.0198253
-0.0231243
-0.0261062
-0.028759
-0.0311082
-0.0331622
-0.0349321
-0.0364435
-0.0377416
-0.0388157
-0.0393701
-0.0388505
0.0178635
0.0188008
0.0205482
0.0219295
0.0230827
0.0241545
0.0251787
0.026164
0.0271206
0.0280579
0.028984
0.0299068
0.0308344
0.0317754
0.0327381
0.0337329
0.0347727
0.0358737
0.0370548
0.0383375
0.0397493
0.0413298
0.0431264
0.0452051
0.0476547
0.0506104
0.0542576
0.058809
0.0644919
0.0718277
0.0221833
0.0231582
0.0242823
0.0252171
0.0260498
0.0268422
0.0276059
0.0283451
0.0290672
0.0297801
0.0304918
0.0312104
0.0319441
0.0327019
0.0334934
0.0343303
0.0352263
0.0361986
0.0372672
0.0384569
0.0398001
0.04134
0.0431331
0.0452576
0.0478231
0.0509923
0.0549997
0.060167
0.0669817
0.0760321
0.0244901
0.0253582
0.0261999
0.02695
0.0276771
0.0283977
0.0291085
0.0298106
0.0305089
0.0312091
0.0319173
0.0326403
0.0333852
0.0341603
0.0349751
0.035841
0.036772
0.0377855
0.0389028
0.0401507
0.0415646
0.0431914
0.0450941
0.0473599
0.0501128
0.0535321
0.057884
0.0635469
0.071172
0.0814507
0.0265014
0.0272607
0.0279873
0.028658
0.0293214
0.0299874
0.030655
0.031327
0.0320084
0.0327047
0.0334214
0.0341649
0.0349422
0.0357613
0.036632
0.0375657
0.0385769
0.0396833
0.0409074
0.0422775
0.0438313
0.0456186
0.0477064
0.050188
0.0531948
0.0569162
0.0616327
0.0677399
0.0759796
0.0870894
0.0283782
0.029045
0.0296822
0.0302821
0.0308857
0.0315031
0.032135
0.032784
0.0334545
0.0341511
0.034879
0.0356442
0.0364535
0.0373151
0.0382389
0.039237
0.0403242
0.0415192
0.0428456
0.0443335
0.0460226
0.0479655
0.0502328
0.0529223
0.0561713
0.0601765
0.0652287
0.0717341
0.0805185
0.0923771
0.0300918
0.0306767
0.0312382
0.0317788
0.0323354
0.0329169
0.033524
0.0341587
0.0348248
0.0355264
0.0362684
0.0370565
0.0378974
0.0387994
0.0397724
0.040829
0.0419845
0.0432583
0.044675
0.0462662
0.0480734
0.0501514
0.0525741
0.0554428
0.0588997
0.0631483
0.0684887
0.0753405
0.0846108
0.0971772
0.0316395
0.0321513
0.0326487
0.0331409
0.0336609
0.0342156
0.0348053
0.0354319
0.0360983
0.0368085
0.0375669
0.038379
0.0392514
0.0401924
0.0412121
0.0423232
0.0435414
0.0448867
0.0463847
0.048068
0.0499794
0.0521758
0.0547333
0.0577563
0.0613911
0.0658466
0.071432
0.0785802
0.0882647
0.101459
0.0330165
0.0334626
0.0339052
0.034358
0.0348491
0.0353837
0.0359616
0.0365842
0.0372541
0.0379748
0.0387504
0.0395862
0.0404887
0.0414661
0.0425286
0.0436892
0.044964
0.0463733
0.0479434
0.0497079
0.0517108
0.0540102
0.0566842
0.0598398
0.0636262
0.0682572
0.0740494
0.081448
0.0914719
0.105198
0.0342143
0.0346016
0.0349977
0.0354186
0.0358874
0.0364072
0.0369774
0.0375989
0.038274
0.0390058
0.039798
0.0406558
0.0415856
0.0425957
0.0436962
0.0449003
0.0462243
0.0476892
0.0493215
0.0511557
0.0532366
0.0556235
0.058396
0.0616629
0.0655761
0.0703531
0.0763169
0.0839232
0.0942153
0.10838
0.0352261
0.0355617
0.0359191
0.0363151
0.0367668
0.0372759
0.0378412
0.0384635
0.0391444
0.0398867
0.0406941
0.0415715
0.0425251
0.0435632
0.0446961
0.0459371
0.0473026
0.0488139
0.0504982
0.0523902
0.0545356
0.0569945
0.0598478
0.0632056
0.0672221
0.0721174
0.0782201
0.0859941
0.0964902
0.11101
0.0360489
0.0363406
0.0366672
0.037044
0.0374832
0.0379846
0.0385471
0.0391709
0.0398575
0.0406092
0.0414296
0.0423233
0.0432967
0.0443579
0.0455174
0.0467883
0.0481874
0.0497362
0.0514621
0.0534004
0.0555973
0.0581135
0.0610307
0.0644604
0.0685582
0.0735462
0.0797575
0.087663
0.0983067
0.113108
0.0366848
0.0369411
0.0372442
0.037607
0.0380372
0.0385335
0.0390944
0.03972
0.0404115
0.0411709
0.0420017
0.0429084
0.0438973
0.0449766
0.0461566
0.0474506
0.0488756
0.0504532
0.052211
0.0541847
0.0564207
0.0589804
0.061946
0.06543
0.0695889
0.0746465
0.0809392
0.0889436
0.0996871
0.114709
0.0371409
0.037371
0.0376574
0.0380107
0.0384348
0.0389277
0.0394879
0.0401151
0.0408103
0.0415756
0.042414
0.0433303
0.0443305
0.0454228
0.0466176
0.0479282
0.0493718
0.05097
0.0527506
0.0547494
0.0570132
0.0596038
0.0626038
0.066126
0.0703281
0.0754347
0.0817845
0.0898587
0.100662
0.115851
0.0374291
0.0376421
0.0379179
0.0382654
0.0386859
0.0391769
0.0397367
0.0403651
0.0410629
0.041832
0.0426755
0.0435979
0.0446054
0.045706
0.0469103
0.0482316
0.049687
0.0512982
0.0530932
0.055108
0.0573895
0.0599995
0.0630212
0.0665675
0.0707968
0.075934
0.0823198
0.0904377
0.101269
0.11658
0.0375645
0.0377691
0.03804
0.0383848
0.0388037
0.0392938
0.0398536
0.0404827
0.0411818
0.0419527
0.0427986
0.043724
0.044735
0.0458396
0.0470485
0.0483749
0.0498359
0.0514535
0.0532554
0.0552778
0.0575677
0.0601871
0.063219
0.0667769
0.0710191
0.0761709
0.0825738
0.0907123
0.10155
0.116932
0.0375644
0.037769
0.0380399
0.0383847
0.0388036
0.0392937
0.0398535
0.0404826
0.0411817
0.0419527
0.0427986
0.0437239
0.0447349
0.0458396
0.0470484
0.0483748
0.0498359
0.0514534
0.0532553
0.0552777
0.0575676
0.060187
0.0632189
0.0667768
0.071019
0.0761708
0.0825736
0.0907122
0.10155
0.116932
0.0374288
0.0376418
0.0379177
0.0382652
0.0386857
0.0391767
0.0397365
0.0403649
0.0410627
0.0418318
0.0426753
0.0435977
0.0446051
0.0457058
0.04691
0.0482313
0.0496867
0.051298
0.053093
0.0551078
0.0573892
0.0599993
0.0630209
0.0665673
0.0707965
0.0759337
0.0823194
0.0904373
0.101269
0.116579
0.0371405
0.0373706
0.0376569
0.0380103
0.0384344
0.0389273
0.0394875
0.0401147
0.0408099
0.0415752
0.0424137
0.0433299
0.0443301
0.0454224
0.0466172
0.0479279
0.0493714
0.0509696
0.0527502
0.054749
0.0570128
0.0596033
0.0626033
0.0661255
0.0703275
0.0754341
0.0817839
0.089858
0.100661
0.11585
0.0366841
0.0369405
0.0372436
0.0376065
0.0380367
0.0385329
0.0390939
0.0397195
0.0404109
0.0411704
0.0420012
0.0429079
0.0438968
0.044976
0.046156
0.0474501
0.0488751
0.0504527
0.0522104
0.0541841
0.05642
0.0589797
0.0619454
0.0654292
0.0695881
0.0746457
0.0809384
0.0889427
0.099686
0.114708
0.036048
0.0363398
0.0366663
0.0370432
0.0374824
0.0379839
0.0385464
0.0391702
0.0398568
0.0406085
0.0414289
0.0423226
0.043296
0.0443572
0.0455167
0.0467876
0.0481867
0.0497355
0.0514614
0.0533997
0.0555965
0.0581127
0.0610299
0.0644595
0.0685572
0.0735451
0.0797563
0.0876618
0.0983053
0.113107
0.035225
0.0355607
0.0359181
0.0363141
0.0367659
0.037275
0.0378403
0.0384626
0.0391436
0.0398859
0.0406933
0.0415706
0.0425243
0.0435624
0.0446953
0.0459362
0.0473017
0.0488131
0.0504972
0.0523892
0.0545346
0.0569935
0.0598467
0.0632045
0.0672209
0.0721161
0.0782187
0.0859925
0.0964884
0.111008
0.034213
0.0346004
0.0349965
0.0354175
0.0358863
0.0364061
0.0369763
0.0375978
0.038273
0.0390047
0.039797
0.0406548
0.0415846
0.0425947
0.0436952
0.0448993
0.0462233
0.0476881
0.0493204
0.0511545
0.0532354
0.0556222
0.0583947
0.0616615
0.0655747
0.0703515
0.0763153
0.0839213
0.0942132
0.108378
0.0330149
0.0334612
0.0339038
0.0343566
0.0348478
0.0353824
0.0359604
0.036583
0.0372529
0.0379736
0.0387492
0.039585
0.0404875
0.0414649
0.0425275
0.043688
0.0449628
0.0463721
0.0479422
0.0497066
0.0517095
0.0540088
0.0566828
0.0598382
0.0636246
0.0682554
0.0740474
0.0814459
0.0914695
0.105195
0.0316377
0.0321496
0.0326471
0.0331394
0.0336593
0.0342141
0.0348039
0.0354305
0.0360969
0.0368071
0.0375656
0.0383777
0.0392501
0.0401911
0.0412108
0.0423218
0.04354
0.0448854
0.0463832
0.0480665
0.0499779
0.0521742
0.0547316
0.0577546
0.0613893
0.0658446
0.0714298
0.0785778
0.088262
0.101456
0.0300898
0.0306748
0.0312364
0.031777
0.0323337
0.0329153
0.0335223
0.0341571
0.0348232
0.0355249
0.0362669
0.037055
0.0378959
0.0387979
0.039771
0.0408276
0.041983
0.0432568
0.0446734
0.0462646
0.0480718
0.0501497
0.0525723
0.0554409
0.0588977
0.0631461
0.0684863
0.0753379
0.0846078
0.0971736
0.0283759
0.0290428
0.0296801
0.03028
0.0308838
0.0315012
0.0321332
0.0327823
0.0334528
0.0341494
0.0348774
0.0356426
0.0364519
0.0373135
0.0382373
0.0392354
0.0403226
0.0415176
0.0428439
0.0443318
0.0460208
0.0479636
0.0502309
0.0529203
0.0561691
0.0601741
0.0652261
0.0717312
0.0805152
0.0923732
0.0264989
0.0272583
0.027985
0.0286558
0.0293192
0.0299853
0.030653
0.0313251
0.0320065
0.0327028
0.0334196
0.0341632
0.0349405
0.0357596
0.0366302
0.037564
0.0385751
0.0396816
0.0409056
0.0422757
0.0438294
0.0456166
0.0477043
0.0501858
0.0531925
0.0569136
0.0616299
0.0677368
0.075976
0.0870852
0.0244872
0.0253554
0.0261972
0.0269475
0.0276747
0.0283954
0.0291063
0.0298085
0.0305068
0.0312071
0.0319154
0.0326384
0.0333834
0.0341585
0.0349733
0.0358392
0.0367702
0.0377836
0.0389009
0.0401487
0.0415626
0.0431893
0.0450919
0.0473576
0.0501103
0.0535294
0.057881
0.0635437
0.0711682
0.0814462
0.0221801
0.0231551
0.0242794
0.0252144
0.0260472
0.0268397
0.0276035
0.0283428
0.029065
0.029778
0.0304898
0.0312084
0.0319421
0.0326999
0.0334915
0.0343283
0.0352244
0.0361966
0.0372652
0.0384549
0.039798
0.0413378
0.0431308
0.0452552
0.0478206
0.0509896
0.0549966
0.0601636
0.0669778
0.0760273
0.0178596
0.018797
0.0205447
0.0219262
0.0230796
0.0241516
0.0251759
0.0261614
0.027118
0.0280554
0.0289816
0.0299045
0.0308322
0.0317732
0.0327359
0.0337308
0.0347706
0.0358716
0.0370528
0.0383354
0.0397472
0.0413276
0.0431242
0.0452027
0.0476522
0.0506077
0.0542546
0.0588056
0.0644879
0.0718227
0.0655858
0.0636911
0.0597006
0.0548243
0.0497074
0.0444461
0.039037
0.0335155
0.0279395
0.0223695
0.0168627
0.0114724
0.00624616
0.00122545
-0.00355542
-0.00806909
-0.0122948
-0.0162178
-0.0198299
-0.0231288
-0.0261105
-0.028763
-0.031112
-0.0331658
-0.0349355
-0.0364466
-0.0377446
-0.0388185
-0.0393727
-0.038853
0.054781
0.0545729
0.052137
0.0484911
0.0445379
0.0404499
0.0361957
0.0317806
0.0272455
0.0226412
0.0180207
0.013438
0.00894616
0.0045954
0.000430911
-0.00350867
-0.00719227
-0.0105967
-0.0137061
-0.0165111
-0.0190138
-0.021233
-0.0231644
-0.0248225
-0.0262286
-0.0274207
-0.0284519
-0.0292478
-0.0293163
-0.0281469
0.0485925
0.0491314
0.0474403
0.0444951
0.0412474
0.0378806
0.034351
0.0306499
0.0268064
0.022862
0.0188622
0.0148567
0.0108971
0.0070347
0.00331788
-0.000210523
-0.00351483
-0.00656774
-0.00935075
-0.0118541
-0.0140764
-0.0160236
-0.0177063
-0.0191391
-0.0203426
-0.0213572
-0.0222402
-0.0229018
-0.0227736
-0.0212832
0.0444112
0.0453227
0.0440855
0.0416329
0.0388843
0.0360139
0.0329764
0.0297607
0.0263916
0.0229054
0.0193438
0.0157532
0.0121834
0.00868536
0.00530811
0.00209616
-0.000912694
-0.00368902
-0.00621252
-0.00847214
-0.0104655
-0.0121978
-0.01368
-0.0149264
-0.0159569
-0.0168114
-0.0175472
-0.0180741
-0.0178122
-0.0161672
0.0413654
0.0424377
0.0414788
0.0393818
0.0370064
0.0345087
0.0318434
0.0289986
0.0259961
0.0228685
0.0196538
0.0163958
0.0131423
0.00994316
0.00684704
0.00389883
0.00113704
-0.00140801
-0.0037152
-0.00577283
-0.00757807
-0.00913582
-0.0104567
-0.0115548
-0.0124492
-0.0131777
-0.0137968
-0.0142222
-0.0138851
-0.012171
0.0390725
0.0401943
0.0394128
0.0375814
0.0354924
0.0332818
0.030905
0.0283508
0.0256387
0.022798
0.0198641
0.0168782
0.0138859
0.0109358
0.00807556
0.00534965
0.00279654
0.000446709
-0.00167845
-0.00356693
-0.00521562
-0.00662909
-0.00781768
-0.00879503
-0.0095792
-0.0102058
-0.0107304
-0.0110776
-0.0106985
-0.00895603
0.037277
0.0383985
0.0377313
0.0361043
0.034243
0.0322617
0.0301167
0.0277978
0.0253228
0.0227186
0.0200178
0.0172595
0.0144877
0.011749
0.00909009
0.00655469
0.00418077
0.00199861
2.95172e-05
-0.00171445
-0.00323003
-0.00452156
-0.00559913
-0.00647606
-0.00716954
-0.00771303
-0.00816112
-0.00844857
-0.00804906
-0.00629939
0.0358516
0.0369266
0.0363347
0.0348671
0.0331918
0.0313991
0.0294457
0.0273226
0.0250463
0.0226414
0.0201386
0.0175749
0.0149924
0.0124363
0.00995206
0.00758231
0.00536439
0.00332812
0.00149454
-0.000124411
-0.00152545
-0.0027128
-0.00369634
-0.00448916
-0.0051077
-0.00558338
-0.00596988
-0.00621226
-0.00580663
-0.00406059
0.0346835
0.035685
0.0351511
0.033815
0.0322926
0.0306585
0.0288673
0.026911
0.0248048
0.0225717
0.0202403
0.0178458
0.0154287
0.0130327
0.0107019
0.00847805
0.00639753
0.00448963
0.00277497
0.00126526
-3.62948e-05
-0.00113383
-0.00203711
-0.00275902
-0.00331536
-0.00373563
-0.0040726
-0.00428131
-0.00387926
-0.00214211
0.0337049
0.0346131
0.0341202
0.0329071
0.0315121
0.0300128
0.0283621
0.0265509
0.0245934
0.0225108
0.0203304
0.0180855
0.0158151
0.0135614
0.0113673
0.00927336
0.0073152
0.00552137
0.00391205
0.00249864
0.00128422
0.000264669
-0.000569653
-0.0012315
-0.00173608
-0.00211112
-0.0024084
-0.00259241
-0.00220084
-0.00047502
0.0328691
0.0336659
0.0332014
0.032106
0.0308264
0.0294414
0.0279142
0.0262318
0.0244066
0.0224585
0.0204131
0.0183025
0.016164
0.0140385
0.0119676
0.0099907
0.0081426
0.00645113
0.00493595
0.00360811
0.00247057
0.00151918
0.000744398
0.000133614
-0.000327885
-0.000666105
-0.000931805
-0.00109832
-0.00072233
0.000990984
0.0321355
0.032822
0.0323745
0.0313767
0.0302141
0.0289282
0.0275106
0.0259447
0.0242392
0.0224131
0.0204905
0.0185022
0.016484
0.0144754
0.0125168
0.0106465
0.00889844
0.00729968
0.00586935
0.00461818
0.00354892
0.00265745
0.0019343
0.00136701
0.000941315
0.000632831
0.000391919
0.000237013
0.000593448
0.00229333
0.0314781
0.0320479
0.0316182
0.0307074
0.0296521
0.02846
0.0271402
0.0256811
0.0240862
0.0223725
0.0205633
0.0186879
0.0167808
0.0148802
0.0130252
0.0112532
0.00959695
0.00808297
0.00672981
0.00554785
0.00453967
0.00370116
0.00302294
0.0024927
0.00209662
0.00181181
0.00158989
0.00144165
0.00177522
0.00346027
0.0308783
0.0313242
0.0309148
0.0300852
0.0291229
0.0280278
0.026794
0.025434
0.0239428
0.0223344
0.0206313
0.0188616
0.0170586
0.015259
0.0135008
0.0118202
0.0102493
0.00881357
0.00753123
0.00641226
0.00545911
0.00466763
0.00402862
0.00352989
0.00315804
0.00289163
0.0026836
0.00253777
0.00284552
0.0045132
0.0303123
0.0306411
0.0302536
0.0294957
0.0286164
0.0276203
0.0264674
0.025198
0.0238049
0.0222964
0.0206939
0.0190245
0.0173202
0.0156163
0.0139496
0.0123552
0.0108643
0.00950165
0.00828493
0.0072238
0.00632054
0.00557106
0.00496627
0.0044942
0.00414182
0.00388906
0.00369033
0.00354307
0.00382218
0.00546826
0.0297633
0.029985
0.0296209
0.0289314
0.0281288
0.0272218
0.0261555
0.0249679
0.0236683
0.022256
0.0207503
0.0191773
0.0175677
0.0159556
0.0143764
0.0128643
0.0114493
0.0101556
0.00900034
0.00799277
0.0071351
0.00642326
0.00584834
0.00539857
0.00506132
0.0048178
0.00462402
0.00447175
0.00471937
0.00633737
0.0292212
0.0293434
0.0290055
0.0283839
0.0276509
0.0268223
0.0258518
0.02474
0.0235293
0.0222108
0.0207992
0.0193199
0.0178025
0.0162796
0.0147853
0.0133525
0.0120105
0.0107827
0.00968553
0.00872805
0.00791231
0.00723431
0.00668534
0.00625386
0.00592763
0.00568909
0.00549603
0.00533521
0.00554832
0.00712892
0.0286787
0.0287052
0.0283948
0.0278405
0.0271765
0.0264213
0.0255448
0.0245113
0.0233847
0.0221582
0.0208393
0.0194523
0.0180256
0.0165903
0.0151793
0.0138243
0.0125533
0.0113891
0.0103476
0.0094374
0.0086605
0.00801296
0.0074863
0.00706927
0.00675001
0.00651216
0.00631545
0.00614244
0.00631775
0.00784825
0.0281283
0.0280607
0.0277808
0.0272935
0.0266981
0.0260145
0.0252254
0.0242789
0.0232309
0.0220953
0.0208691
0.019574
0.0182376
0.0168897
0.0155615
0.0142834
0.0130825
0.0119806
0.0109929
0.0101278
0.0093871
0.00876693
0.00825909
0.00785267
0.00753621
0.00729453
0.0070895
0.00690036
0.00703417
0.00849804
0.0275605
0.0274036
0.0271567
0.0267368
0.0262113
0.0255951
0.0248858
0.0240387
0.0230656
0.0220196
0.0208868
0.0196843
0.0184389
0.017179
0.0159342
0.0147334
0.0136026
0.0125624
0.0116275
0.0108058
0.0100989
0.00950317
0.00901063
0.00861077
0.00829263
0.00804215
0.0078236
0.0076139
0.00770202
0.00907856
0.0269656
0.0267263
0.0265155
0.0261626
0.0257068
0.0251602
0.0245273
0.0237811
0.0228875
0.0219289
0.0208906
0.0197823
0.0186295
0.0174594
0.0162997
0.0151776
0.0141177
0.0131396
0.012257
0.0114774
0.0108023
0.010228
0.00974703
0.0093493
0.00902442
0.00875952
0.00852154
0.00828616
0.00832372
0.00958794
0.0263332
0.0260217
0.0258505
0.025565
0.0251795
0.0247043
0.0241475
0.0234982
0.0226943
0.0218202
0.0208783
0.0198668
0.0188095
0.0177319
0.01666
0.0156191
0.0146321
0.0137171
0.012887
0.0121487
0.0115033
0.0109473
0.0104737
0.0100731
0.0097356
0.00944975
0.00918544
0.0089184
0.00889971
0.0100225
0.025651
0.0252818
0.0251548
0.0249382
0.0246247
0.0242245
0.0237433
0.0231829
0.0224831
0.0216901
0.0208472
0.0199365
0.0189783
0.0179973
0.0170172
0.0160612
0.01515
0.0143003
0.0135235
0.0128258
0.012208
0.0116668
0.0111957
0.010786
0.010429
0.0101145
0.00981575
0.00950999
0.00942826
0.0103772
0.024902
0.0244967
0.0244202
0.0242753
0.0240359
0.0237135
0.0233102
0.0228343
0.0222476
0.0215383
0.0207954
0.0199897
0.0191354
0.0182562
0.0173732
0.0165071
0.0156759
0.0148943
0.0141722
0.0135145
0.0129219
0.0123911
0.0119166
0.0114907
0.0111059
0.0107536
0.0104108
0.010058
0.00990522
0.0106458
0.0240643
0.0236529
0.0236345
0.0235663
0.0234058
0.0231642
0.0228427
0.0224533
0.0219792
0.0213636
0.0207208
0.0200248
0.0192804
0.0185093
0.01773
0.0169598
0.0162139
0.015504
0.014838
0.0142195
0.0136487
0.013123
0.0126378
0.0121869
0.0117643
0.0113635
0.0109658
0.0105568
0.0103238
0.0108222
0.0231173
0.022745
0.0227915
0.0228034
0.0227289
0.0225739
0.0223387
0.0220388
0.021672
0.0211616
0.0206188
0.0200385
0.0194108
0.0187557
0.0180884
0.0174223
0.0167684
0.0161351
0.0155275
0.0149473
0.0143939
0.0138667
0.0133622
0.0128758
0.0124035
0.0119416
0.0114765
0.0110015
0.0106779
0.0109031
0.0220269
0.0218025
0.0219313
0.0220141
0.022023
0.0219554
0.0218062
0.0215924
0.0213226
0.0209278
0.020481
0.0200209
0.0195186
0.0189908
0.0184492
0.0179018
0.017354
0.0168086
0.0162667
0.0157268
0.0151872
0.0146522
0.0141183
0.0135823
0.0130442
0.0125042
0.0119553
0.0114001
0.0109679
0.0108882
0.0205839
0.0207676
0.0210825
0.0212364
0.021312
0.02132
0.0212483
0.0211077
0.0209195
0.0206481
0.0202978
0.0199619
0.0195979
0.0192167
0.0188245
0.0184211
0.0180032
0.0175656
0.0171026
0.0166096
0.0160855
0.0155296
0.0149487
0.014342
0.0137141
0.0130713
0.0124145
0.0117546
0.0111781
0.0107623
0.0181029
0.0188989
0.0196989
0.0200998
0.0203286
0.0204699
0.0205255
0.0205047
0.0204364
0.0203176
0.0201072
0.0199193
0.0197129
0.019491
0.0192522
0.0189873
0.018684
0.0183312
0.0179184
0.0174426
0.0169232
0.016287
0.0156215
0.014916
0.0141784
0.0134202
0.0126496
0.0118807
0.011153
0.0104481
0.0141919
0.0147849
0.0162537
0.0173391
0.0181258
0.0187509
0.0192407
0.0196065
0.0198762
0.0200602
0.0201215
0.0201344
0.0200708
0.0199267
0.0197009
0.0193898
0.0189904
0.0185057
0.0179389
0.0172895
0.0165508
0.0158334
0.015077
0.0142972
0.0135146
0.0127421
0.0119892
0.0112703
0.0105951
0.009914
-0.0405284
-0.0325875
-0.0265911
-0.0217218
-0.0177025
-0.0143565
-0.0115339
-0.00912533
-0.00704769
-0.00523775
-0.00364683
-0.00223697
-0.000978172
0.000153627
0.00117792
0.00211068
0.00296503
0.00375179
0.00447969
0.00515559
0.00578442
0.00636914
0.0069106
0.00740744
0.00785568
0.00824701
0.00857135
0.00882589
0.00901183
0.00905802
-0.0406799
-0.0326114
-0.0263201
-0.0213206
-0.0172252
-0.0138236
-0.0109548
-0.0085041
-0.00638667
-0.00453895
-0.00291256
-0.00147024
-0.000182982
0.00097188
0.00201211
0.00295154
0.00380085
0.00456806
0.00525899
0.00587763
0.0064264
0.00690649
0.0073181
0.00766077
0.00793334
0.00813361
0.00825981
0.00833314
0.00844675
0.00864352
-0.0415039
-0.0335844
-0.027277
-0.0222722
-0.0181633
-0.0147435
-0.0118545
-0.00938352
-0.00724701
-0.00538241
-0.00374193
-0.00228861
-0.000993533
0.000166119
0.00120844
0.00214781
0.00299562
0.00376082
0.00445033
0.00506934
0.00562158
0.00610949
0.00653447
0.00689721
0.00719746
0.00743167
0.00759035
0.00768794
0.00785418
0.00824463
-0.0425054
-0.0348876
-0.0286949
-0.0237326
-0.0196174
-0.0161668
-0.0132354
-0.0107168
-0.00853156
-0.00661928
-0.00493343
-0.00343774
-0.00210362
-0.00090834
0.000166298
0.00113489
0.00200914
0.00279843
0.0035102
0.00415025
0.00472301
0.00523176
0.00567879
0.0060659
0.00639434
0.00666157
0.00685622
0.00698891
0.00720854
0.00776332
-0.0434136
-0.036049
-0.0299768
-0.0250645
-0.0209506
-0.0174743
-0.0145033
-0.0119383
-0.00970421
-0.00774317
-0.00601022
-0.00446997
-0.00309433
-0.00186076
-0.000751135
0.000249251
0.0011523
0.00196767
0.00270314
0.00336493
0.00395798
0.00448607
0.00495208
0.00535842
0.00570717
0.0059968
0.00621578
0.00637219
0.0066207
0.00726746
-0.0441934
-0.0370111
-0.031047
-0.0261869
-0.0220857
-0.0185978
-0.0156009
-0.0130024
-0.0107309
-0.00873128
-0.00696008
-0.00538292
-0.00397228
-0.00270595
-0.00156594
-0.000537562
0.000391199
0.00123017
0.00198738
0.00266938
0.00328145
0.00382782
0.00431181
0.0047363
0.00510388
0.00541389
0.00565536
0.00583377
0.00609815
0.00678014
-0.0448606
-0.037817
-0.031954
-0.0271464
-0.0230654
-0.0195759
-0.0165638
-0.0139417
-0.0116421
-0.00961198
-0.00780957
-0.00620148
-0.00476084
-0.00346587
-0.00229876
-0.00124493
-0.000292365
0.000568856
0.00134691
0.00204856
0.00267934
0.00324377
0.00374552
0.00418778
0.00457354
0.00490292
0.00516622
0.00536668
0.00563937
0.00631279
-0.0454246
-0.0384915
-0.0327233
-0.0279654
-0.0239072
-0.0204216
-0.0174007
-0.0147618
-0.0124404
-0.0103857
-0.00855743
-0.00692315
-0.00545664
-0.00413653
-0.00294531
-0.00186852
-0.000894179
-1.23643e-05
0.000785196
0.00150539
0.00215393
0.00273556
0.00325419
0.00371324
0.00411596
0.00446319
0.00474699
0.00496889
0.00524459
0.0058773
-0.0458911
-0.0390455
-0.0333641
-0.0286507
-0.0246153
-0.0211362
-0.0181108
-0.01546
-0.013122
-0.0110479
-0.00919861
-0.00754265
-0.00605441
-0.00471293
-0.00350095
-0.00240418
-0.00141071
-0.000510632
0.00030437
0.00104126
0.00170589
0.00230315
0.00283715
0.00331146
0.00372947
0.00409269
0.0043952
0.00463735
0.00491284
0.00548436
-0.0462677
-0.039489
-0.0338844
-0.0292092
-0.0251947
-0.0217233
-0.0186962
-0.0160373
-0.0136871
-0.011598
-0.00973217
-0.00805884
-0.00655294
-0.0051939
-0.00396469
-0.00285117
-0.00184155
-0.00092592
-9.59633e-05
0.000655338
0.00133392
0.00194478
0.00249217
0.00297979
0.00341112
0.0037882
0.00410716
0.00436782
0.00464159
0.00514221
-0.0465633
-0.0398328
-0.034294
-0.0296499
-0.0256535
-0.0221897
-0.0191626
-0.0164984
-0.0141393
-0.012039
-0.0101606
-0.00847376
-0.00695401
-0.00558104
-0.00433807
-0.00321108
-0.00218836
-0.00126005
-0.000417824
0.000345358
0.00103548
0.00165764
0.00221619
0.00271491
0.00315732
0.0035459
0.00387871
0.0041555
0.00442724
0.0048565
-0.0467868
-0.0400879
-0.0346031
-0.0299828
-0.0260011
-0.0225439
-0.0195175
-0.01685
-0.0144847
-0.0123764
-0.0104886
-0.00879179
-0.00726164
-0.00587814
-0.00462468
-0.00348737
-0.00245456
-0.00151643
-0.000664671
0.000107779
0.000806942
0.00143797
0.00200528
0.00251275
0.00296389
0.0033615
0.00370529
0.00399535
0.00426548
0.00463033
-0.0469471
-0.0402646
-0.034822
-0.0302186
-0.0262477
-0.0227956
-0.0197702
-0.0171006
-0.0147312
-0.0126174
-0.0107231
-0.00901929
-0.0074818
-0.00609084
-0.00482992
-0.00368523
-0.00264518
-0.00169998
-0.000841339
-6.21796e-05
0.00064354
0.00128101
0.00185471
0.00236855
0.00282606
0.00323025
0.00358207
0.00388217
0.00415141
0.00446434
-0.047052
-0.0403731
-0.0349606
-0.0303678
-0.026404
-0.0229552
-0.0199305
-0.0172598
-0.0148878
-0.0127705
-0.0108723
-0.009164
-0.00762189
-0.00622621
-0.00496055
-0.00381117
-0.00276651
-0.0018168
-0.000953761
-0.000170307
0.000539616
0.00118122
0.00175902
0.00227695
0.00273857
0.00314697
0.00350397
0.00381074
0.00407976
0.00435698
-0.0471051
-0.0404229
-0.0350271
-0.0304394
-0.0264789
-0.0230318
-0.0200073
-0.017336
-0.0149629
-0.0128439
-0.0109437
-0.00923336
-0.00768903
-0.00629108
-0.00502315
-0.00387152
-0.00282465
-0.00187278
-0.00100763
-0.000222113
0.000489827
0.00113342
0.00171318
0.00223309
0.00269667
0.0031071
0.00346659
0.00377665
0.00404576
0.00430533
-0.0471052
-0.0404229
-0.0350272
-0.0304394
-0.0264789
-0.0230318
-0.0200074
-0.0173361
-0.0149629
-0.012844
-0.0109438
-0.0092334
-0.00768907
-0.00629113
-0.0050232
-0.00387157
-0.0028247
-0.00187283
-0.00100768
-0.000222163
0.000489776
0.00113336
0.00171313
0.00223303
0.00269662
0.00310705
0.00346653
0.00377659
0.00404571
0.00430528
-0.0470521
-0.0403733
-0.0349607
-0.030368
-0.0264041
-0.0229554
-0.0199306
-0.0172599
-0.014888
-0.0127707
-0.0108724
-0.00916414
-0.00762203
-0.00622635
-0.00496069
-0.00381131
-0.00276665
-0.00181695
-0.00095391
-0.000170459
0.00053946
0.00118106
0.00175886
0.00227679
0.00273841
0.00314681
0.0035038
0.00381057
0.00407959
0.0043568
-0.0469475
-0.0402649
-0.0348223
-0.0302189
-0.026248
-0.0227959
-0.0197704
-0.0171009
-0.0147315
-0.0126176
-0.0107234
-0.00901952
-0.00748203
-0.00609107
-0.00483015
-0.00368546
-0.00264542
-0.00170023
-0.000841592
-6.24388e-05
0.000643275
0.00128074
0.00185443
0.00236827
0.00282578
0.00322996
0.00358178
0.00388188
0.00415112
0.00446404
-0.0467873
-0.0400883
-0.0346035
-0.0299832
-0.0260015
-0.0225442
-0.0195179
-0.0168504
-0.0144851
-0.0123767
-0.010489
-0.00879212
-0.00726197
-0.00587848
-0.00462502
-0.00348771
-0.00245491
-0.00151679
-0.000665034
0.000107409
0.000806564
0.00143758
0.00200489
0.00251235
0.00296349
0.0033611
0.00370488
0.00399493
0.00426505
0.0046299
-0.0465639
-0.0398334
-0.0342946
-0.0296504
-0.025654
-0.0221902
-0.019163
-0.0164989
-0.0141397
-0.0120395
-0.010161
-0.00847419
-0.00695444
-0.00558148
-0.00433851
-0.00321153
-0.00218882
-0.00126051
-0.0004183
0.000344872
0.00103499
0.00165714
0.00221567
0.00271439
0.00315679
0.00354537
0.00387817
0.00415495
0.00442668
0.00485593
-0.0462685
-0.0394897
-0.0338851
-0.0292098
-0.0251953
-0.0217239
-0.0186968
-0.0160379
-0.0136876
-0.0115985
-0.0097327
-0.00805937
-0.00655348
-0.00519444
-0.00396524
-0.00285173
-0.00184212
-0.0009265
-9.65553e-05
0.000654735
0.0013333
0.00194416
0.00249154
0.00297915
0.00341046
0.00378753
0.00410649
0.00436714
0.00464089
0.0051415
-0.045892
-0.0390464
-0.0333649
-0.0286515
-0.024616
-0.0211369
-0.0181114
-0.0154606
-0.0131226
-0.0110485
-0.00919925
-0.00754329
-0.00605505
-0.00471358
-0.00350161
-0.00240485
-0.00141139
-0.000511328
0.000303661
0.00104054
0.00170516
0.00230241
0.00283639
0.00331068
0.00372869
0.0040919
0.00439439
0.00463654
0.00491201
0.00548351
-0.0454256
-0.0384925
-0.0327242
-0.0279663
-0.0239081
-0.0204224
-0.0174015
-0.0147625
-0.0124411
-0.0103865
-0.00855818
-0.00692389
-0.00545738
-0.00413729
-0.00294608
-0.0018693
-0.000894974
-1.31749e-05
0.00078437
0.00150454
0.00215307
0.00273469
0.00325331
0.00371235
0.00411505
0.00446226
0.00474605
0.00496793
0.00524362
0.00587631
-0.0448618
-0.0378181
-0.031955
-0.0271475
-0.0230664
-0.0195768
-0.0165647
-0.0139426
-0.011643
-0.00961283
-0.00781042
-0.00620233
-0.0047617
-0.00346673
-0.00229964
-0.00124582
-0.000293272
0.000567931
0.00134597
0.0020476
0.00267836
0.00324278
0.00374451
0.00418675
0.0045725
0.00490186
0.00516514
0.00536558
0.00563826
0.00631165
-0.0441948
-0.0370124
-0.0310482
-0.0261881
-0.0220868
-0.0185988
-0.0156019
-0.0130034
-0.0107319
-0.00873224
-0.00696104
-0.00538388
-0.00397324
-0.00270692
-0.00156693
-0.000538563
0.00039018
0.00122913
0.00198632
0.0026683
0.00328036
0.00382671
0.00431068
0.00473514
0.00510271
0.00541269
0.00565414
0.00583254
0.0060969
0.00677886
-0.0434153
-0.0360504
-0.0299782
-0.0250658
-0.0209518
-0.0174755
-0.0145044
-0.0119394
-0.00970528
-0.00774423
-0.00601127
-0.00447103
-0.00309539
-0.00186184
-0.000752225
0.000248143
0.00115118
0.00196652
0.00270197
0.00336374
0.00395677
0.00448483
0.00495082
0.00535714
0.00570587
0.00599547
0.00621444
0.00637083
0.00661931
0.00726605
-0.0425072
-0.0348892
-0.0286964
-0.023734
-0.0196188
-0.0161681
-0.0132366
-0.010718
-0.00853274
-0.00662044
-0.00493458
-0.0034389
-0.00210479
-0.000909515
0.000165107
0.00113368
0.00200791
0.00279718
0.00350892
0.00414895
0.00472169
0.00523041
0.00567741
0.0060645
0.00639291
0.00666012
0.00685474
0.0069874
0.00720701
0.00776177
-0.0415059
-0.0335862
-0.0272787
-0.0222738
-0.0181648
-0.0147449
-0.0118559
-0.00938482
-0.00724828
-0.00538367
-0.00374318
-0.00228986
-0.00099479
0.00016485
0.00120716
0.00214651
0.0029943
0.00375947
0.00444896
0.00506794
0.00562015
0.00610803
0.00653298
0.00689569
0.00719591
0.00743009
0.00758874
0.0076863
0.00785251
0.00824294
-0.0406821
-0.0326134
-0.0263219
-0.0213222
-0.0172267
-0.0138251
-0.0109563
-0.00850548
-0.00638803
-0.0045403
-0.00291391
-0.00147158
-0.000184337
0.00097051
0.00201072
0.00295014
0.00379942
0.0045666
0.00525751
0.00587612
0.00642486
0.00690491
0.00731649
0.00765913
0.00793166
0.0081319
0.00825807
0.00833136
0.00844493
0.00864167
-0.0405308
-0.0325895
-0.0265929
-0.0217234
-0.0177041
-0.014358
-0.0115354
-0.00912679
-0.00704915
-0.00523921
-0.0036483
-0.00223847
-0.000979699
0.000152069
0.00117633
0.00210906
0.00296338
0.0037501
0.00447797
0.00515384
0.00578264
0.00636732
0.00690875
0.00740556
0.00785377
0.00824506
0.00856936
0.00882384
0.0090097
0.00905589
0.00842182
0.00793822
0.00733822
0.00672129
0.0061373
0.00559037
0.00507655
0.00459459
0.00414441
0.00372564
0.0033375
0.00297894
0.00264879
0.00234577
0.00206854
0.00181572
0.00158593
0.00137777
0.00118987
0.00102087
0.000869469
0.000734389
0.000614407
0.000508349
0.00041509
0.000333563
0.000262754
0.000201703
0.000149507
0.000105315
6.83302e-05
3.7808e-05
1.3054e-05
-6.5768e-06
-2.16817e-05
-3.28126e-05
-4.04771e-05
-4.5141e-05
-4.72302e-05
-4.71324e-05
-4.51993e-05
-4.17487e-05
-3.70668e-05
-3.14097e-05
-2.50058e-05
-1.8058e-05
-1.07452e-05
-3.22415e-06
4.36666e-06
1.18941e-05
1.92172e-05
2.62724e-05
3.34072e-05
4.03831e-05
4.68431e-05
5.27929e-05
5.82627e-05
6.32546e-05
6.77634e-05
7.17881e-05
7.53326e-05
7.84089e-05
8.10529e-05
8.32479e-05
8.4965e-05
8.62875e-05
8.72238e-05
8.77806e-05
8.79762e-05
8.78317e-05
8.73671e-05
8.66019e-05
8.55554e-05
8.42462e-05
8.26927e-05
8.09123e-05
7.89218e-05
7.67372e-05
7.43737e-05
7.18457e-05
6.91668e-05
6.63497e-05
6.34063e-05
6.03477e-05
5.71843e-05
5.39256e-05
5.05804e-05
4.71567e-05
4.36621e-05
4.0103e-05
3.64854e-05
3.28147e-05
2.90952e-05
2.53306e-05
2.15241e-05
1.76787e-05
1.37934e-05
9.85149e-06
5.8368e-06
1.83726e-06
0.0076466
0.00742527
0.0070186
0.00653424
0.00606299
0.00561686
0.00519088
0.00478389
0.00439684
0.00403044
0.00368493
0.00336026
0.00305618
0.00277232
0.00250818
0.00226315
0.00203653
0.00182758
0.0016355
0.00145947
0.00129865
0.00115218
0.00101922
0.000898914
0.000790441
0.000692987
0.000605764
0.000528008
0.000458985
0.000397993
0.000344359
0.000297444
0.000256644
0.000221388
0.000191139
0.000165394
0.000143682
0.000125567
0.000110641
9.85311e-05
8.88904e-05
8.14021e-05
7.57766e-05
7.17499e-05
6.90829e-05
6.75603e-05
6.69887e-05
6.7196e-05
6.80307e-05
6.93711e-05
7.11478e-05
7.32769e-05
7.52251e-05
7.71197e-05
7.91654e-05
8.12318e-05
8.32182e-05
8.50728e-05
8.67608e-05
8.82554e-05
8.95379e-05
9.05954e-05
9.14091e-05
9.19544e-05
9.22532e-05
9.23163e-05
9.21352e-05
9.17116e-05
9.1052e-05
9.01641e-05
8.90563e-05
8.77376e-05
8.62179e-05
8.45069e-05
8.2615e-05
8.05522e-05
7.8329e-05
7.59551e-05
7.34407e-05
7.0795e-05
6.80273e-05
6.51464e-05
6.21608e-05
5.90784e-05
5.59068e-05
5.26531e-05
4.93241e-05
4.59259e-05
4.24645e-05
3.8945e-05
3.53727e-05
3.1752e-05
2.80871e-05
2.43818e-05
2.06401e-05
1.68672e-05
1.30644e-05
9.20769e-06
5.26935e-06
1.46839e-06
0.00699138
0.00699107
0.00672477
0.00633144
0.00593992
0.00556752
0.00520707
0.00485693
0.00451859
0.00419344
0.00388233
0.00358581
0.00330426
0.00303789
0.00278674
0.00255073
0.00232965
0.00212321
0.00193102
0.00175264
0.00158755
0.00143522
0.00129507
0.00116649
0.00104889
0.000941635
0.000844114
0.000755714
0.00067583
0.000603873
0.00053927
0.000481467
0.000429929
0.000384146
0.000343633
0.000307925
0.000276588
0.000249208
0.0002254
0.000204802
0.000187078
0.000171915
0.000159024
0.000148139
0.000139015
0.000131427
0.000125171
0.000120062
0.000115931
0.000112628
0.000110024
0.000107999
0.000106446
0.000105259
0.00010437
0.000103693
0.000103156
0.000102704
0.00010229
0.000101877
0.000101431
0.000100927
0.000100334
9.96114e-05
9.87927e-05
9.78593e-05
9.67894e-05
9.55775e-05
9.42217e-05
9.27216e-05
9.10775e-05
8.92913e-05
8.73658e-05
8.53048e-05
8.31125e-05
8.0794e-05
7.83544e-05
7.57995e-05
7.31349e-05
7.03665e-05
6.75001e-05
6.45416e-05
6.14967e-05
5.83709e-05
5.51697e-05
5.18983e-05
4.85617e-05
4.51647e-05
4.17119e-05
3.82077e-05
3.46562e-05
3.10614e-05
2.7427e-05
2.37565e-05
2.00544e-05
1.63273e-05
1.25768e-05
8.767e-06
4.8467e-06
1.15042e-06
0.00643964
0.00659259
0.00642948
0.00611214
0.00578896
0.00547956
0.00517541
0.00487469
0.00457932
0.00429111
0.00401136
0.00374106
0.00348105
0.00323197
0.00299431
0.00276839
0.00255438
0.00235235
0.00216225
0.00198393
0.00181718
0.00166169
0.00151714
0.00138312
0.00125922
0.00114499
0.00103995
0.000943621
0.000855524
0.000775169
0.00070207
0.000635751
0.000575745
0.0005216
0.000472875
0.000429151
0.000390022
0.000355105
0.000324034
0.000296465
0.000272072
0.000250551
0.000231618
0.000215008
0.000200475
0.000187791
0.000176748
0.000167154
0.000158831
0.000151621
0.000145377
0.000139969
0.000135283
0.000131208
0.000127645
0.000124505
0.000121713
0.0001192
0.000116908
0.000114785
0.000112786
0.000110872
0.000109008
0.000107162
0.00010532
0.000103461
0.000101566
9.96193e-05
9.76118e-05
9.55349e-05
9.3382e-05
9.11486e-05
8.88318e-05
8.64296e-05
8.39414e-05
8.13676e-05
7.87092e-05
7.59677e-05
7.31456e-05
7.02452e-05
6.72696e-05
6.42218e-05
6.11053e-05
5.79232e-05
5.46793e-05
5.13768e-05
4.80194e-05
4.46105e-05
4.11535e-05
3.76517e-05
3.41084e-05
3.0527e-05
2.69106e-05
2.32623e-05
1.95865e-05
1.58905e-05
1.2176e-05
8.39392e-06
4.46519e-06
8.3867e-07
0.00596827
0.00622745
0.00614112
0.00589074
0.00562955
0.00537616
0.00512169
0.00486474
0.00460763
0.00435256
0.00410117
0.00385484
0.00361478
0.00338199
0.00315733
0.00294144
0.00273482
0.00253785
0.00235075
0.00217363
0.00200652
0.00184933
0.00170193
0.00156409
0.00143558
0.00131607
0.00120523
0.0011027
0.00100808
0.000921001
0.000841039
0.000767792
0.000700855
0.000639826
0.000584311
0.000533926
0.000488298
0.000447069
0.000409895
0.000376447
0.000346414
0.0003195
0.000295426
0.00027393
0.000254769
0.000237713
0.000222551
0.000209085
0.000197135
0.000186533
0.000177127
0.000168775
0.000161349
0.000154734
0.000148823
0.000143519
0.000138738
0.000134402
0.000130441
0.000126794
0.000123407
0.000120232
0.000117226
0.000114351
0.000111578
0.00010888
0.000106231
0.000103611
0.000101003
9.83912e-05
9.57645e-05
9.31124e-05
9.04267e-05
8.77012e-05
8.49306e-05
8.21112e-05
7.92403e-05
7.63163e-05
7.3338e-05
7.03052e-05
6.72182e-05
6.40778e-05
6.0885e-05
5.76414e-05
5.43485e-05
5.10085e-05
4.76232e-05
4.4195e-05
4.07261e-05
3.72189e-05
3.36758e-05
3.00995e-05
2.64925e-05
2.28572e-05
1.91977e-05
1.55219e-05
1.18314e-05
8.06423e-06
4.11074e-06
5.29246e-07
0.0055785
0.0059016
0.00587211
0.00568034
0.00547398
0.00526921
0.00505765
0.00483861
0.0046148
0.00438868
0.00416222
0.00393711
0.00371487
0.00349683
0.00328411
0.00307765
0.00287822
0.00268641
0.0025027
0.00232741
0.00216076
0.00200286
0.00185372
0.00171329
0.00158145
0.00145801
0.00134276
0.00123542
0.0011357
0.00104329
0.000957849
0.000879034
0.000806491
0.000739866
0.000678804
0.000622956
0.000571977
0.000525534
0.000483302
0.000444968
0.000410232
0.000378808
0.000350425
0.000324825
0.000301765
0.000281016
0.000262367
0.000245616
0.00023058
0.000217086
0.000204975
0.0001941
0.000184327
0.000175532
0.000167601
0.000160433
0.000153932
0.000148014
0.000142601
0.000137626
0.000133025
0.000128744
0.000124734
0.000120949
0.000117353
0.00011391
0.000110592
0.000107371
0.000104224
0.000101132
9.80775e-05
9.50458e-05
9.20246e-05
8.90032e-05
8.59729e-05
8.29265e-05
7.98581e-05
7.67629e-05
7.36373e-05
7.04784e-05
6.72843e-05
6.40536e-05
6.07855e-05
5.74798e-05
5.41366e-05
5.07564e-05
4.73401e-05
4.38886e-05
4.04034e-05
3.68858e-05
3.33375e-05
2.97604e-05
2.61563e-05
2.25273e-05
1.88765e-05
1.52123e-05
1.15366e-05
7.77599e-06
3.78835e-06
2.3036e-07
0.00526554
0.00561637
0.00562797
0.00548772
0.00532945
0.00516639
0.00499141
0.00480473
0.00460938
0.00440808
0.00420306
0.0039963
0.00378959
0.0035845
0.00338239
0.00318444
0.00299161
0.00280472
0.00262442
0.00245122
0.00228548
0.00212747
0.00197736
0.00183519
0.00170098
0.00157464
0.00145604
0.001345
0.0012413
0.0011447
0.00105491
0.00097165
0.000894606
0.000823467
0.000757912
0.000697622
0.000642278
0.000591568
0.000545184
0.000502828
0.000464213
0.00042906
0.000397105
0.000368094
0.000341788
0.00031796
0.000296396
0.000276895
0.000259269
0.000243343
0.000228954
0.000215951
0.000204194
0.000193553
0.00018391
0.000175155
0.00016719
0.000159922
0.000153268
0.000147155
0.000141513
0.00013628
0.000131403
0.000126832
0.000122521
0.000118433
0.000114531
0.000110786
0.000107168
0.000103654
0.000100223
9.68565e-05
9.35378e-05
9.02535e-05
8.69915e-05
8.37417e-05
8.04953e-05
7.72454e-05
7.39856e-05
7.07113e-05
6.74184e-05
6.41037e-05
6.07649e-05
5.74002e-05
5.40083e-05
5.05886e-05
4.71408e-05
4.36649e-05
4.01612e-05
3.66306e-05
3.30739e-05
2.94923e-05
2.5887e-05
2.22593e-05
1.8612e-05
1.49534e-05
1.12862e-05
7.52747e-06
3.50198e-06
-5.09636e-08
0.00502142
0.00537145
0.00541216
0.00531703
0.00520039
0.00507262
0.0049284
0.00476892
0.0045975
0.00441709
0.00423016
0.00403893
0.00384542
0.00365141
0.00345845
0.00326791
0.00308092
0.00289848
0.00272137
0.00255024
0.0023856
0.00222784
0.00207723
0.00193393
0.00179803
0.00166954
0.00154841
0.00143453
0.00132774
0.00122785
0.00113463
0.00104784
0.000967209
0.000892455
0.000823289
0.000759417
0.000700543
0.000646373
0.000596614
0.000550982
0.000509199
0.000470996
0.000436114
0.000404303
0.000375328
0.000348962
0.000324992
0.000303217
0.000283448
0.000265506
0.000249225
0.000234452
0.000221042
0.000208861
0.000197788
0.000187707
0.000178514
0.000170113
0.000162417
0.000155344
0.000148824
0.000142788
0.000137178
0.000131938
0.000127022
0.000122384
0.000117985
0.000113791
0.00010977
0.000105895
0.00010214
9.84845e-05
9.4909e-05
9.13969e-05
8.79335e-05
8.45064e-05
8.11045e-05
7.77187e-05
7.43408e-05
7.09643e-05
6.75834e-05
6.41935e-05
6.07909e-05
5.73725e-05
5.3936e-05
5.04795e-05
4.70018e-05
4.35021e-05
3.99801e-05
3.64356e-05
3.28691e-05
2.92809e-05
2.56719e-05
2.20428e-05
1.83956e-05
1.47386e-05
1.10758e-05
7.31698e-06
3.25428e-06
-3.09529e-07
0.00483706
0.00516554
0.00522664
0.00517052
0.00508919
0.00499072
0.00487191
0.00473488
0.00458321
0.00442002
0.00424802
0.00406964
0.00388708
0.0037023
0.00351702
0.00333273
0.00315074
0.00297213
0.00279785
0.00262863
0.00246511
0.00230776
0.00215693
0.0020129
0.0018758
0.00174574
0.0016227
0.00150665
0.00139748
0.00129503
0.00119913
0.00110957
0.0010261
0.000948483
0.000876448
0.000809722
0.000748029
0.000691089
0.000638624
0.000590359
0.000546026
0.000505363
0.000468116
0.000434041
0.000402903
0.000374479
0.000348556
0.000324932
0.000303417
0.000283831
0.000266007
0.000249787
0.000235024
0.000221582
0.000209335
0.000198165
0.000187963
0.00017863
0.000170074
0.000162211
0.000154964
0.000148264
0.000142046
0.000136253
0.000130832
0.000125737
0.000120924
0.000116356
0.000111998
0.00010782
0.000103794
9.98954e-05
9.61036e-05
9.23993e-05
8.87657e-05
8.51884e-05
8.16544e-05
7.81528e-05
7.4674e-05
7.12099e-05
6.77533e-05
6.42985e-05
6.08404e-05
5.73752e-05
5.38992e-05
5.04101e-05
4.69056e-05
4.33843e-05
3.9845e-05
3.62873e-05
3.27106e-05
2.91154e-05
2.55015e-05
2.18695e-05
1.82206e-05
1.4563e-05
1.09018e-05
7.14299e-06
3.0467e-06
-5.41725e-07
0.00470278
0.00499667
0.00507206
0.00504896
0.00499677
0.00492204
0.00482375
0.00470483
0.00456905
0.00441972
0.00425974
0.00409172
0.00391801
0.00374071
0.00356166
0.00338249
0.00320461
0.0030292
0.0028573
0.00268974
0.00252724
0.00237034
0.00221947
0.00207496
0.00193702
0.0018058
0.00168135
0.00156365
0.00145266
0.00134825
0.00125028
0.00115857
0.0010729
0.000993052
0.000918775
0.000849814
0.000785908
0.00072679
0.000672193
0.000621852
0.000575505
0.000532896
0.000493777
0.000457906
0.000425052
0.000394993
0.000367515
0.000342419
0.000319512
0.000298615
0.000279557
0.00026218
0.000246335
0.000231883
0.000218696
0.000206652
0.00019564
0.000185557
0.00017631
0.000167809
0.000159977
0.00015274
0.000146031
0.00013979
0.000133961
0.000128495
0.000123347
0.000118475
0.000113843
0.000109417
0.00010517
0.000101073
9.71048e-05
9.32431e-05
8.94699e-05
8.57691e-05
8.21264e-05
7.85293e-05
7.49671e-05
7.14303e-05
6.79109e-05
6.44019e-05
6.08976e-05
5.73928e-05
5.38837e-05
5.03667e-05
4.68393e-05
4.32992e-05
3.97449e-05
3.61752e-05
3.25894e-05
2.89872e-05
2.53685e-05
2.1733e-05
1.80817e-05
1.44222e-05
1.07614e-05
7.0035e-06
2.87932e-06
-7.45462e-07
0.00460904
0.00486242
0.00494801
0.00495199
0.00492302
0.00486691
0.00478468
0.00467992
0.00455655
0.00441803
0.00426742
0.00410747
0.00394068
0.00376923
0.00359509
0.00341995
0.00324532
0.00307246
0.00290248
0.00273629
0.00257464
0.00241816
0.00226733
0.00212252
0.001984
0.00185194
0.00172644
0.00160753
0.00149517
0.00138929
0.00128976
0.00119642
0.00110908
0.00102753
0.000951537
0.000880868
0.000815268
0.00075448
0.000698247
0.00064631
0.000598414
0.000554307
0.000513744
0.000476488
0.000442309
0.000410985
0.000382305
0.000356069
0.000332084
0.00031017
0.000290156
0.00027188
0.000255193
0.000239956
0.000226038
0.000213314
0.000201671
0.000191004
0.000181217
0.000172219
0.000163929
0.000156272
0.000149179
0.000142587
0.000136439
0.000130682
0.000125269
0.000120159
0.000115311
0.000110692
0.00010627
0.000102017
9.79085e-05
9.39225e-05
9.00388e-05
8.62402e-05
8.25111e-05
7.88383e-05
7.52096e-05
7.1615e-05
6.80454e-05
6.44931e-05
6.09516e-05
5.74152e-05
5.38792e-05
5.03398e-05
4.67936e-05
4.32382e-05
3.96713e-05
3.60917e-05
3.2498e-05
2.88899e-05
2.52667e-05
2.16282e-05
1.79744e-05
1.43126e-05
1.06513e-05
6.89609e-06
2.75104e-06
-9.19875e-07
0.00454704
0.00476025
0.00485331
0.00487848
0.00486713
0.00482498
0.00475479
0.00466063
0.00454653
0.00441607
0.00427245
0.00411854
0.0039569
0.00378983
0.00361936
0.00344725
0.00327507
0.00310415
0.00293563
0.00277049
0.00260952
0.00245339
0.00230262
0.00215762
0.00201869
0.00188604
0.00175979
0.00164
0.00152666
0.0014197
0.00131903
0.0012245
0.00113593
0.00105313
0.000975883
0.000903956
0.000837107
0.000775087
0.000717645
0.000664528
0.000615485
0.000570269
0.000528637
0.000490354
0.000455191
0.000422929
0.000393356
0.000366273
0.000341487
0.000318816
0.00029809
0.000279145
0.000261828
0.000246005
0.000231544
0.000218313
0.000206199
0.000195096
0.000184905
0.000175535
0.000166903
0.000158932
0.000151551
0.000144696
0.000138308
0.000132333
0.000126722
0.000121432
0.000116422
0.000111657
0.000107104
0.000102733
9.852e-05
9.44401e-05
9.04731e-05
8.66006e-05
8.28064e-05
7.90762e-05
7.53973e-05
7.17588e-05
6.81512e-05
6.45659e-05
6.09962e-05
5.74356e-05
5.38792e-05
5.03225e-05
4.67621e-05
4.31947e-05
3.96183e-05
3.60308e-05
3.24311e-05
2.88182e-05
2.51916e-05
2.15505e-05
1.78948e-05
1.42306e-05
1.05685e-05
6.81787e-06
2.65978e-06
-1.065e-06
0.00450906
0.00468758
0.00478618
0.00482679
0.00482784
0.00479546
0.00473371
0.00464696
0.00453932
0.00441449
0.00427574
0.00412603
0.00396799
0.00380398
0.00363607
0.00346608
0.00329562
0.00312605
0.00295857
0.00279417
0.00263369
0.00247781
0.0023271
0.00218198
0.00204279
0.00190973
0.00178297
0.00166258
0.00154856
0.00144086
0.0013394
0.00124405
0.00115463
0.00107097
0.000992851
0.000920051
0.000852336
0.000789461
0.000731179
0.000677242
0.000627402
0.000581414
0.000539038
0.00050004
0.000464192
0.000431276
0.000401082
0.000373408
0.000348063
0.000324865
0.000303644
0.000284232
0.000266468
0.000250234
0.000235401
0.000221817
0.000209373
0.000197964
0.000187491
0.000177861
0.000168989
0.000160798
0.000153216
0.000146176
0.00013962
0.000133492
0.000127743
0.000122327
0.000117204
0.000112336
0.000107691
0.000103238
9.89503e-05
9.48045e-05
9.0779e-05
8.68546e-05
8.30146e-05
7.9244e-05
7.55298e-05
7.18604e-05
6.82259e-05
6.46176e-05
6.10279e-05
5.74503e-05
5.38795e-05
5.03107e-05
4.674e-05
4.31643e-05
3.9581e-05
3.59881e-05
3.2384e-05
2.87679e-05
2.51388e-05
2.14961e-05
1.78389e-05
1.41728e-05
1.05099e-05
6.76579e-06
2.60274e-06
-1.18148e-06
0.00448869
0.00464199
0.00474447
0.00479496
0.0048037
0.00477736
0.00472083
0.00463865
0.00453501
0.00441364
0.00427789
0.00413077
0.00397495
0.00381282
0.00364648
0.0034778
0.0033084
0.00313967
0.00297282
0.00280887
0.00264869
0.00249297
0.0023423
0.0021971
0.00205774
0.00192444
0.00179736
0.00167659
0.00156215
0.001454
0.00135205
0.00125618
0.00116624
0.00108204
0.00100338
0.00093004
0.000861786
0.00079838
0.000739578
0.000685132
0.000634797
0.00058833
0.000545492
0.00050605
0.000469777
0.000436455
0.000405875
0.000377835
0.000352143
0.000328619
0.000307093
0.000287394
0.000269331
0.000252841
0.000237798
0.000223993
0.000211341
0.000199742
0.000189093
0.000179301
0.000170281
0.000161953
0.000154246
0.000147092
0.000140432
0.000134209
0.000128373
0.000122879
0.000117686
0.000112754
0.000108052
0.000103548
9.92144e-05
9.50278e-05
9.0966e-05
8.70095e-05
8.31411e-05
7.93455e-05
7.56094e-05
7.1921e-05
6.82699e-05
6.46473e-05
6.10453e-05
5.74573e-05
5.38775e-05
5.03013e-05
4.67244e-05
4.31436e-05
3.95562e-05
3.59599e-05
3.23534e-05
2.87353e-05
2.5105e-05
2.14614e-05
1.78035e-05
1.4136e-05
1.04726e-05
6.73659e-06
2.57621e-06
-1.26947e-06
0.00448086
0.00462104
0.0047256
0.00478075
0.00479301
0.00476942
0.00471528
0.0046352
0.00453338
0.00441358
0.0042792
0.00413326
0.00397844
0.00381717
0.00365155
0.00348346
0.00331453
0.00314617
0.0029796
0.00281586
0.0026558
0.00250015
0.00234948
0.00220424
0.00206479
0.00193136
0.00180413
0.00168318
0.00156854
0.00146016
0.00135798
0.00126187
0.00117168
0.00108722
0.00100831
0.000934712
0.000866204
0.000802548
0.000743499
0.000688814
0.000638246
0.000591554
0.000548498
0.000508848
0.000472375
0.000438863
0.000408102
0.00037989
0.000354036
0.00033036
0.000308694
0.000288857
0.000270621
0.00025404
0.000238929
0.000225005
0.00021225
0.00020056
0.000189829
0.000179962
0.000170872
0.000162481
0.000154715
0.000147509
0.0001408
0.000134533
0.000128658
0.000123128
0.000117901
0.000112941
0.000108212
0.000103684
9.93299e-05
9.51246e-05
9.10461e-05
8.70749e-05
8.31936e-05
7.93867e-05
7.56407e-05
7.19437e-05
6.82852e-05
6.46562e-05
6.10487e-05
5.74561e-05
5.38725e-05
5.0293e-05
4.67135e-05
4.31305e-05
3.95414e-05
3.59439e-05
3.23364e-05
2.87177e-05
2.50871e-05
2.14435e-05
1.77855e-05
1.41175e-05
1.04541e-05
6.72532e-06
2.57164e-06
-1.32264e-06
0.00448081
0.00462098
0.00472555
0.0047807
0.00479296
0.00476937
0.00471523
0.00463515
0.00453333
0.00441354
0.00427916
0.00413321
0.0039784
0.00381713
0.00365151
0.00348342
0.00331449
0.00314613
0.00297957
0.00281583
0.00265577
0.00250012
0.00234945
0.00220421
0.00206476
0.00193133
0.0018041
0.00168315
0.00156851
0.00146013
0.00135795
0.00126184
0.00117165
0.0010872
0.00100828
0.000934686
0.000866179
0.000802522
0.000743474
0.000688789
0.000638222
0.00059153
0.000548475
0.000508824
0.000472352
0.00043884
0.000408079
0.000379867
0.000354014
0.000330338
0.00030867
0.000288833
0.000270607
0.000254022
0.000238909
0.000224986
0.000212231
0.000200542
0.000189811
0.000179944
0.000170855
0.000162464
0.000154699
0.000147493
0.000140785
0.000134518
0.000128643
0.000123114
0.000117888
0.000112928
0.000108199
0.000103672
9.93183e-05
9.51134e-05
9.10354e-05
8.70646e-05
8.31837e-05
7.93772e-05
7.56316e-05
7.1935e-05
6.82769e-05
6.46483e-05
6.10412e-05
5.7449e-05
5.38657e-05
5.02866e-05
4.67074e-05
4.31249e-05
3.95361e-05
3.5939e-05
3.23319e-05
2.87138e-05
2.50837e-05
2.14406e-05
1.77831e-05
1.41156e-05
1.04527e-05
6.72438e-06
2.57112e-06
-1.32277e-06
0.00448852
0.00464182
0.0047443
0.0047948
0.00480355
0.00477721
0.00472068
0.00463851
0.00453487
0.00441351
0.00427776
0.00413064
0.00397483
0.0038127
0.00364637
0.00347769
0.00330829
0.00313956
0.00297271
0.00280877
0.00264859
0.00249288
0.0023422
0.00219701
0.00205764
0.00192435
0.00179727
0.0016765
0.00156206
0.00145391
0.00135196
0.0012561
0.00116616
0.00108196
0.0010033
0.000929961
0.000861708
0.000798303
0.000739502
0.000685057
0.000634723
0.000588257
0.00054542
0.000505979
0.000469707
0.000436386
0.000405807
0.000377767
0.000352077
0.000328553
0.000307027
0.000287328
0.000269276
0.000252784
0.00023774
0.000223935
0.000211285
0.000199687
0.000189039
0.000179249
0.00017023
0.000161903
0.000154197
0.000147045
0.000140386
0.000134164
0.00012833
0.000122838
0.000117645
0.000112715
0.000108014
0.000103511
9.91792e-05
9.49939e-05
9.09333e-05
8.69781e-05
8.3111e-05
7.93167e-05
7.55818e-05
7.18947e-05
6.82448e-05
6.46234e-05
6.10225e-05
5.74357e-05
5.38571e-05
5.02819e-05
4.67061e-05
4.31264e-05
3.95401e-05
3.59451e-05
3.23398e-05
2.87232e-05
2.50944e-05
2.14525e-05
1.77962e-05
1.41303e-05
1.04684e-05
6.73371e-06
2.5746e-06
-1.2699e-06
0.00450877
0.00468729
0.0047859
0.00482652
0.00482758
0.0047952
0.00473346
0.00464672
0.00453909
0.00441426
0.00427552
0.00412581
0.00396779
0.00380378
0.00363587
0.00346589
0.00329543
0.00312587
0.00295839
0.00279399
0.00263352
0.00247765
0.00232694
0.00218182
0.00204263
0.00190958
0.00178282
0.00166243
0.00154841
0.00144072
0.00133926
0.00124391
0.00115449
0.00107083
0.000992715
0.000919917
0.000852203
0.00078933
0.00073105
0.000677115
0.000627276
0.00058129
0.000538916
0.000499919
0.000464073
0.000431159
0.000400966
0.000373294
0.000347951
0.000324755
0.000303534
0.000284125
0.000266366
0.000250133
0.000235301
0.00022172
0.000209278
0.000197871
0.0001874
0.000177772
0.000168902
0.000160714
0.000153134
0.000146097
0.000139543
0.000133417
0.00012767
0.000122256
0.000117135
0.00011227
0.000107627
0.000103176
9.88908e-05
9.47472e-05
9.07238e-05
8.68017e-05
8.29638e-05
7.91953e-05
7.54832e-05
7.1816e-05
6.81835e-05
6.45772e-05
6.09894e-05
5.74138e-05
5.38449e-05
5.02779e-05
4.67091e-05
4.31352e-05
3.95537e-05
3.59628e-05
3.23609e-05
2.87472e-05
2.51208e-05
2.14809e-05
1.78265e-05
1.4163e-05
1.05026e-05
6.7608e-06
2.59996e-06
-1.18222e-06
0.00454662
0.00475983
0.00485291
0.0048781
0.00486675
0.00482461
0.00475444
0.00466029
0.00454619
0.00441575
0.00427213
0.00411823
0.0039566
0.00378954
0.00361908
0.00344698
0.0032748
0.00310389
0.00293538
0.00277024
0.00260928
0.00245315
0.00230239
0.00215739
0.00201847
0.00188582
0.00175957
0.00163979
0.00152645
0.00141949
0.00131882
0.00122429
0.00113573
0.00105293
0.000975689
0.000903765
0.000836918
0.000774901
0.000717461
0.000664347
0.000615306
0.000570092
0.000528463
0.000490182
0.000455022
0.000422762
0.000393192
0.000366111
0.000341327
0.00031866
0.000297936
0.000278994
0.000261681
0.000245861
0.000231403
0.000218175
0.000206064
0.000194963
0.000184775
0.000175409
0.00016678
0.000158812
0.000151435
0.000144583
0.000138198
0.000132226
0.000126619
0.000121332
0.000116325
0.000111563
0.000107013
0.000102646
9.84356e-05
9.43588e-05
9.03949e-05
8.65255e-05
8.27344e-05
7.90072e-05
7.53313e-05
7.16958e-05
6.8091e-05
6.45087e-05
6.09416e-05
5.73839e-05
5.38301e-05
5.02761e-05
4.67181e-05
4.31533e-05
3.95795e-05
3.59948e-05
3.2398e-05
2.87885e-05
2.51657e-05
2.15286e-05
1.78769e-05
1.42165e-05
1.0558e-05
6.8106e-06
2.65572e-06
-1.06609e-06
0.00460849
0.00486188
0.00494748
0.00495148
0.00492253
0.00486643
0.00478422
0.00467947
0.00455611
0.0044176
0.004267
0.00410707
0.00394029
0.00376885
0.00359472
0.00341959
0.00324497
0.00307212
0.00290215
0.00273596
0.00257432
0.00241785
0.00226703
0.00212222
0.0019837
0.00185165
0.00172615
0.00160724
0.00149489
0.00138902
0.00128949
0.00119615
0.00110881
0.00102727
0.000951283
0.000880617
0.00081502
0.000754236
0.000698006
0.000646073
0.000598179
0.000554076
0.000513517
0.000476264
0.000442088
0.000410767
0.000382091
0.000355858
0.000331877
0.000309966
0.000289956
0.000271684
0.000255001
0.000239767
0.000225853
0.000213134
0.000201495
0.000190832
0.000181048
0.000172055
0.000163769
0.000156116
0.000149027
0.00014244
0.000136295
0.000130543
0.000125134
0.000120028
0.000115184
0.000110569
0.000106151
0.000101903
9.77987e-05
9.38167e-05
8.99371e-05
8.61425e-05
8.24174e-05
7.87485e-05
7.51237e-05
7.1533e-05
6.79671e-05
6.44185e-05
6.08806e-05
5.73478e-05
5.38153e-05
5.02793e-05
4.67364e-05
4.31843e-05
3.96208e-05
3.60446e-05
3.24548e-05
2.8851e-05
2.52326e-05
2.15992e-05
1.79507e-05
1.42938e-05
1.06372e-05
6.88637e-06
2.7456e-06
-9.21349e-07
0.00470208
0.00499599
0.0050714
0.00504832
0.00499615
0.00492144
0.00482317
0.00470426
0.0045685
0.00441919
0.00425922
0.00409121
0.00391752
0.00374023
0.0035612
0.00338204
0.00320417
0.00302877
0.00285688
0.00268933
0.00252684
0.00236994
0.00221909
0.00207458
0.00193665
0.00180544
0.00168099
0.0015633
0.00145231
0.00134791
0.00124995
0.00115824
0.00107258
0.000992731
0.000918458
0.000849502
0.0007856
0.000726486
0.000671893
0.000621556
0.000575213
0.000532609
0.000493494
0.000457627
0.000424777
0.000394722
0.000367249
0.000342157
0.000319254
0.000298361
0.000279309
0.000261936
0.000246096
0.000231649
0.000218467
0.000206428
0.000195421
0.000185343
0.000176101
0.000167606
0.000159779
0.000152547
0.000145843
0.000139607
0.000133784
0.000128323
0.00012318
0.000118313
0.000113686
0.000109266
0.000105024
0.000100933
9.6969e-05
9.31123e-05
8.93442e-05
8.56483e-05
8.20105e-05
7.84183e-05
7.48609e-05
7.13288e-05
6.78141e-05
6.43097e-05
6.08098e-05
5.73095e-05
5.38047e-05
5.02919e-05
4.67686e-05
4.32326e-05
3.96824e-05
3.6117e-05
3.2536e-05
2.89389e-05
2.53259e-05
2.16966e-05
1.80517e-05
1.43984e-05
1.07435e-05
6.99117e-06
2.87241e-06
-7.47348e-07
0.00483622
0.00516473
0.00522585
0.00516976
0.00508845
0.00499
0.00487121
0.0047342
0.00458255
0.00441938
0.0042474
0.00406904
0.0038865
0.00370173
0.00351646
0.00333219
0.00315021
0.00297162
0.00279734
0.00262814
0.00246463
0.00230728
0.00215647
0.00201244
0.00187536
0.0017453
0.00162227
0.00150622
0.00139706
0.00129462
0.00119872
0.00110917
0.00102571
0.000948094
0.000876065
0.000809345
0.000747657
0.000690722
0.000638262
0.000590003
0.000545675
0.000505017
0.000467775
0.000433706
0.000402573
0.000374154
0.000348236
0.000324617
0.000303107
0.000283527
0.000265708
0.000249494
0.000234737
0.000221301
0.00020906
0.000197896
0.0001877
0.000178373
0.000169824
0.000161967
0.000154726
0.000148032
0.00014182
0.000136034
0.000130619
0.000125531
0.000120724
0.000116163
0.000111811
0.000107639
0.000103619
9.97269e-05
9.59412e-05
9.2243e-05
8.86154e-05
8.5044e-05
8.15159e-05
7.80202e-05
7.45471e-05
7.10887e-05
6.76377e-05
6.41884e-05
6.07357e-05
5.72758e-05
5.3805e-05
5.03209e-05
4.68214e-05
4.3305e-05
3.97708e-05
3.62182e-05
3.26471e-05
2.90579e-05
2.54506e-05
2.18256e-05
1.81841e-05
1.45339e-05
1.08799e-05
7.12788e-06
3.03824e-06
-5.44042e-07
0.00502045
0.0053705
0.00541124
0.00531614
0.00519952
0.00507177
0.00492758
0.00476812
0.00459673
0.00441634
0.00422943
0.00403822
0.00384473
0.00365073
0.00345779
0.00326727
0.0030803
0.00289787
0.00272077
0.00254966
0.00238503
0.00222728
0.00207668
0.00193339
0.0017975
0.00166902
0.0015479
0.00143403
0.00132725
0.00122736
0.00113415
0.00104737
0.000966745
0.000891997
0.000822838
0.000758973
0.000700105
0.000645941
0.000596189
0.000550563
0.000508786
0.000470589
0.000435713
0.000403908
0.000374939
0.00034858
0.000324616
0.000302847
0.000283084
0.000265149
0.000248875
0.000234108
0.000220705
0.000208531
0.000197465
0.000187391
0.000178205
0.000169812
0.000162123
0.000155058
0.000148545
0.000142517
0.000136914
0.000131682
0.000126773
0.000122142
0.000117751
0.000113565
0.000109551
0.000105683
0.000101936
9.82876e-05
9.47193e-05
9.12143e-05
8.77581e-05
8.43379e-05
8.0943e-05
7.75639e-05
7.41929e-05
7.0823e-05
6.74487e-05
6.40652e-05
6.0669e-05
5.72568e-05
5.38264e-05
5.03759e-05
4.69042e-05
4.34104e-05
3.98944e-05
3.6356e-05
3.27958e-05
2.92145e-05
2.56129e-05
2.19917e-05
1.83528e-05
1.47042e-05
1.10497e-05
7.29898e-06
3.24423e-06
-3.12293e-07
0.00526443
0.00561528
0.00562691
0.00548669
0.00532846
0.00516543
0.00499048
0.00480382
0.00460849
0.00440721
0.00420222
0.00399548
0.00378879
0.00358372
0.00338163
0.0031837
0.00299089
0.00280402
0.00262373
0.00245054
0.00228482
0.00212682
0.00197672
0.00183457
0.00170037
0.00157404
0.00145545
0.00134442
0.00124073
0.00114414
0.00105436
0.000971103
0.000894068
0.000822937
0.00075739
0.000697107
0.000641771
0.000591068
0.000544691
0.000502343
0.000463735
0.000428589
0.000396641
0.000367638
0.000341339
0.000317518
0.000295961
0.000276468
0.000258849
0.000242931
0.00022855
0.000215555
0.000203805
0.000193172
0.000183537
0.000174791
0.000166834
0.000159575
0.00015293
0.000146825
0.000141191
0.000135968
0.0001311
0.000126537
0.000122235
0.000118156
0.000114263
0.000110526
0.000106916
0.000103411
9.99887e-05
9.66304e-05
9.33201e-05
9.00441e-05
8.67902e-05
8.35485e-05
8.03102e-05
7.70681e-05
7.38162e-05
7.05496e-05
6.72642e-05
6.3957e-05
6.06256e-05
5.72681e-05
5.38834e-05
5.04708e-05
4.70299e-05
4.3561e-05
4.00643e-05
3.65408e-05
3.29914e-05
2.94175e-05
2.58204e-05
2.22014e-05
1.85631e-05
1.49138e-05
1.1256e-05
7.50658e-06
3.4903e-06
-5.41871e-08
0.00557725
0.00590038
0.00587093
0.00567918
0.00547287
0.00526812
0.00505659
0.00483758
0.0046138
0.00438771
0.00416127
0.00393618
0.00371397
0.00349595
0.00328325
0.00307681
0.0028774
0.00268561
0.00250192
0.00232664
0.00216001
0.00200211
0.00185299
0.00171257
0.00158075
0.00145732
0.00134208
0.00123475
0.00113505
0.00104264
0.000957214
0.000878409
0.000805875
0.000739259
0.000678207
0.000622367
0.000571398
0.000524963
0.00048274
0.000444414
0.000409687
0.000378271
0.000349896
0.000324304
0.000301252
0.000280513
0.000261871
0.000245129
0.000230102
0.000216616
0.000204514
0.000193648
0.000183884
0.000175098
0.000167177
0.000160018
0.000153527
0.000147618
0.000142216
0.00013725
0.00013266
0.000128389
0.000124389
0.000120614
0.000117028
0.000113595
0.000110287
0.000107076
0.000103939
0.000100857
9.78118e-05
9.47898e-05
9.17781e-05
8.87661e-05
8.57452e-05
8.2708e-05
7.96488e-05
7.65626e-05
7.34459e-05
7.02958e-05
6.71104e-05
6.38882e-05
6.06287e-05
5.73313e-05
5.39964e-05
5.06244e-05
4.72161e-05
4.37727e-05
4.02956e-05
3.67861e-05
3.32462e-05
2.96777e-05
2.60827e-05
2.2463e-05
1.88221e-05
1.5168e-05
1.15026e-05
7.75238e-06
3.77512e-06
2.26688e-07
0.00596689
0.00622609
0.00613981
0.00588947
0.00562831
0.00537495
0.00512051
0.00486359
0.00460652
0.00435148
0.00410011
0.00385381
0.00361377
0.00338101
0.00315636
0.00294049
0.0027339
0.00253695
0.00234986
0.00217276
0.00200566
0.00184849
0.0017011
0.00156329
0.00143478
0.00131529
0.00120446
0.00110194
0.00100734
0.000920271
0.000840321
0.000767085
0.000700159
0.000639141
0.000583636
0.00053326
0.000487643
0.000446424
0.00040926
0.000375822
0.000345798
0.000318893
0.000294829
0.000273343
0.000254191
0.000237144
0.000221992
0.000208536
0.000196595
0.000186003
0.000176606
0.000168265
0.00016085
0.000154245
0.000148344
0.000143052
0.000138282
0.000133957
0.000130007
0.000126372
0.000122996
0.000119832
0.000116838
0.000113975
0.000111214
0.000108526
0.000105889
0.00010328
0.000100683
9.80825e-05
9.54667e-05
9.28255e-05
9.01506e-05
8.74357e-05
8.46757e-05
8.18667e-05
7.90062e-05
7.60923e-05
7.31241e-05
7.01013e-05
6.70242e-05
6.38935e-05
6.07104e-05
5.74762e-05
5.41929e-05
5.08621e-05
4.74862e-05
4.40672e-05
4.06075e-05
3.71096e-05
3.3576e-05
3.00093e-05
2.64121e-05
2.27871e-05
1.91382e-05
1.54733e-05
1.1794e-05
8.03813e-06
4.09605e-06
5.25139e-07
0.00643812
0.0065911
0.00642805
0.00611074
0.0057876
0.00547824
0.00517413
0.00487344
0.00457809
0.00428991
0.00401018
0.00373992
0.00347993
0.00323088
0.00299324
0.00276733
0.00255335
0.00235134
0.00216126
0.00198296
0.00181622
0.00166076
0.00151622
0.00138222
0.00125833
0.00114411
0.00103909
0.000942777
0.000854693
0.000774351
0.000701265
0.000634958
0.000574965
0.000520831
0.000472119
0.000428406
0.000389289
0.000354383
0.000323323
0.000295764
0.000271382
0.000249872
0.00023095
0.00021435
0.000199827
0.000187155
0.000176122
0.000166539
0.000158227
0.000151028
0.000144795
0.000139398
0.000134724
0.000130661
0.000127109
0.000123982
0.000121202
0.000118702
0.000116423
0.000114313
0.000112327
0.000110426
0.000108576
0.000106743
0.000104914
0.000103068
0.000101185
9.92511e-05
9.72562e-05
9.51917e-05
9.30512e-05
9.083e-05
8.85252e-05
8.61349e-05
8.36586e-05
8.10964e-05
7.84496e-05
7.57196e-05
7.29087e-05
7.00196e-05
6.7055e-05
6.40182e-05
6.09125e-05
5.77412e-05
5.45078e-05
5.1216e-05
4.78691e-05
4.44706e-05
4.1024e-05
3.75327e-05
3.4e-05
3.04292e-05
2.68237e-05
2.31865e-05
1.95221e-05
1.58378e-05
1.21354e-05
8.36552e-06
4.44913e-06
8.34135e-07
0.00698972
0.00698947
0.00672323
0.00632994
0.00593846
0.00556609
0.00520568
0.00485557
0.00451725
0.00419213
0.00388105
0.00358456
0.00330303
0.00303669
0.00278556
0.00254957
0.00232851
0.00212209
0.00192993
0.00175156
0.00158649
0.00143418
0.00129405
0.00116549
0.0010479
0.000940666
0.000843161
0.000754776
0.000674907
0.000602965
0.000538377
0.000480587
0.000429062
0.000383293
0.000342793
0.000307098
0.000275774
0.000248406
0.00022461
0.000204025
0.000186313
0.000171162
0.000158283
0.000147409
0.000138297
0.000130721
0.000124477
0.00011938
0.000115261
0.000111971
0.000109379
0.000107367
0.000105827
0.000104652
0.000103775
0.000103112
0.00010259
0.000102152
0.000101753
0.000101354
0.000100923
0.000100433
9.98557e-05
9.91494e-05
9.83438e-05
9.74246e-05
9.6369e-05
9.51712e-05
9.38295e-05
9.23432e-05
9.07128e-05
8.89402e-05
8.70281e-05
8.49803e-05
8.28011e-05
8.04955e-05
7.80688e-05
7.55266e-05
7.28745e-05
7.01186e-05
6.72645e-05
6.43182e-05
6.12853e-05
5.81715e-05
5.49821e-05
5.17225e-05
4.83977e-05
4.50124e-05
4.15713e-05
3.80788e-05
3.4539e-05
3.09559e-05
2.73334e-05
2.3675e-05
1.99853e-05
1.62708e-05
1.25331e-05
8.7364e-06
4.8293e-06
1.14543e-06
0.00764483
0.00742358
0.00701696
0.00653264
0.00606143
0.00561534
0.00518938
0.00478242
0.0043954
0.00402903
0.00368354
0.00335889
0.00305484
0.002771
0.00250689
0.00226187
0.00203528
0.00182635
0.00163429
0.00145829
0.00129748
0.00115104
0.00101809
0.000897807
0.000789353
0.000691917
0.00060471
0.000526972
0.000457966
0.000396989
0.000343371
0.000296472
0.000255687
0.000220446
0.000190211
0.00016448
0.000142783
0.000124681
0.000109769
9.76726e-05
8.80452e-05
8.05702e-05
7.49576e-05
7.09438e-05
6.82896e-05
6.67795e-05
6.62204e-05
6.64401e-05
6.72872e-05
6.86388e-05
7.0422e-05
7.2555e-05
7.45533e-05
7.64557e-05
7.85106e-05
8.05912e-05
8.25935e-05
8.44644e-05
8.61688e-05
8.76799e-05
8.89789e-05
9.00528e-05
9.08836e-05
9.14469e-05
9.17602e-05
9.18392e-05
9.16739e-05
9.12659e-05
9.06217e-05
8.97491e-05
8.86564e-05
8.73527e-05
8.58477e-05
8.41513e-05
8.22738e-05
8.02254e-05
7.80162e-05
7.56564e-05
7.31557e-05
7.05237e-05
6.77696e-05
6.49022e-05
6.19299e-05
5.88607e-05
5.57022e-05
5.24616e-05
4.91455e-05
4.57603e-05
4.23117e-05
3.88052e-05
3.52458e-05
3.16381e-05
2.79862e-05
2.42941e-05
2.05658e-05
1.68065e-05
1.30174e-05
9.17473e-06
5.25047e-06
1.46283e-06
0.00842002
0.00793653
0.00733654
0.00671962
0.00613565
0.00558874
0.00507494
0.00459299
0.00414283
0.00372409
0.00333598
0.00297744
0.00264731
0.00234431
0.0020671
0.00181431
0.00158455
0.00137641
0.00118853
0.00101955
0.000868172
0.000733114
0.000613153
0.000507115
0.000413876
0.000332369
0.000261579
0.000200547
0.000148369
0.000104195
6.72282e-05
3.67232e-05
1.19862e-05
-7.62789e-06
-2.27164e-05
-3.38312e-05
-4.14798e-05
-4.61281e-05
-4.82019e-05
-4.80888e-05
-4.61407e-05
-4.26754e-05
-3.79789e-05
-3.23073e-05
-2.58891e-05
-1.89271e-05
-1.16002e-05
-4.06495e-06
3.54026e-06
1.10838e-05
1.84275e-05
2.55027e-05
3.26179e-05
3.96155e-05
4.61006e-05
5.20719e-05
5.75619e-05
6.25737e-05
6.71023e-05
7.11466e-05
7.47102e-05
7.78055e-05
8.04685e-05
8.26828e-05
8.44182e-05
8.57581e-05
8.67122e-05
8.72866e-05
8.74996e-05
8.73722e-05
8.69244e-05
8.61758e-05
8.51457e-05
8.38528e-05
8.23153e-05
8.05507e-05
7.85758e-05
7.64067e-05
7.40585e-05
7.15457e-05
6.88819e-05
6.60797e-05
6.3151e-05
6.01072e-05
5.69583e-05
5.37141e-05
5.03833e-05
4.69741e-05
4.34937e-05
3.9949e-05
3.63458e-05
3.26894e-05
2.89843e-05
2.52343e-05
2.14425e-05
1.7612e-05
1.37417e-05
9.81498e-06
5.81559e-06
1.83071e-06
)
;

boundaryField
{
    inlet
    {
        type            zeroGradient;
    }
    outlet
    {
        type            totalPressure;
        rho             none;
        psi             none;
        gamma           1;
        p0              uniform 0;
        value           uniform 0;
    }
    top
    {
        type            zeroGradient;
    }
    bottom
    {
        type            zeroGradient;
    }
    obstacle
    {
        type            zeroGradient;
    }
    frontAndBack
    {
        type            empty;
    }
}


// ************************************************************************* //
