/*--------------------------------*- C++ -*----------------------------------*\
  =========                 |
  \\      /  F ield         | OpenFOAM: The Open Source CFD Toolbox
   \\    /   O peration     | Website:  https://openfoam.org
    \\  /    A nd           | Version:  12
     \\/     M anipulation  |
\*---------------------------------------------------------------------------*/
FoamFile
{
    format      ascii;
    class       volScalarField;
    location    "160";
    object      pMean;
}
// * * * * * * * * * * * * * * * * * * * * * * * * * * * * * * * * * * * * * //

dimensions      [0 2 -2 0 0 0 0];

internalField   nonuniform List<scalar> 
6750
(
8.47213e-05
5.43595e-05
-1.18542e-06
-0.000187493
-0.00112375
0.00188017
0.00185803
0.00174901
0.00150184
0.00117503
0.00391159
0.00386842
0.00375654
0.00357597
0.003445
0.0060034
0.0059255
0.00581958
0.00569568
0.0056382
0.00806218
0.00794058
0.00782555
0.00773045
0.00771138
0.0100085
0.00983888
0.00970438
0.00962144
0.00962188
0.0117935
0.0115746
0.0114171
0.0113399
0.0113518
0.0133875
0.0131202
0.0129398
0.0128665
0.0128868
0.0147721
0.0144588
0.0142575
0.014188
0.0142151
0.0159373
0.015582
0.0153628
0.0152974
0.0153301
0.0168804
0.0164885
0.0162551
0.0161939
0.016231
0.0176058
0.0171834
0.0169399
0.016883
0.0169233
0.0181242
0.0176774
0.0174285
0.0173753
0.0174175
0.0184511
0.0179857
0.0177374
0.0176863
0.0177287
0.0186015
0.0181303
0.0178874
0.0178344
0.0178752
0.0186017
0.0181305
0.0178876
0.0178346
0.0178755
0.0184518
0.0179864
0.0177381
0.017687
0.0177295
0.0181254
0.0176786
0.0174297
0.0173765
0.0174187
0.0176075
0.0171851
0.0169416
0.0168847
0.016925
0.0168825
0.0164906
0.0162572
0.0161961
0.0162332
0.0159398
0.0155845
0.0153654
0.0152999
0.0153327
0.014775
0.0144617
0.0142605
0.014191
0.0142181
0.0133907
0.0131235
0.0129431
0.0128699
0.0128902
0.0117971
0.0115782
0.0114208
0.0113436
0.0113556
0.0100124
0.00984279
0.00970834
0.00962546
0.00962593
0.00806627
0.00794471
0.00782975
0.00773471
0.00771565
0.00600767
0.00592981
0.00582394
0.0057001
0.0056426
0.00391597
0.00387283
0.00376101
0.00358047
0.00344945
0.00188462
0.00186251
0.00175352
0.00150636
0.00117945
8.91899e-05
5.8847e-05
3.32079e-06
-0.000183003
-0.00111932
-0.00668364
-0.00619075
-0.00491187
-0.00398304
-0.00332091
-0.00279666
-0.00238179
-0.00205859
-0.00180087
-0.00160458
-0.00147215
-0.00135466
-0.00126954
-0.00121819
-0.00120291
-0.00122938
-0.00130381
-0.0014292
-0.00160847
-0.00184511
-0.00213994
-0.00241998
-0.00273302
-0.00306565
-0.00340238
-0.00373389
-0.00405254
-0.00433942
-0.00458408
-0.00494404
-0.00306188
-0.00239094
-0.00170303
-0.00137676
-0.00119971
-0.00109191
-0.00104888
-0.00105659
-0.00109273
-0.00116888
-0.00127657
-0.00134865
-0.00140776
-0.0014493
-0.00147521
-0.00149521
-0.0015232
-0.00157314
-0.00165861
-0.00178686
-0.00195234
-0.00221177
-0.00249447
-0.00281409
-0.00316454
-0.00353683
-0.0039245
-0.00430948
-0.00464036
-0.00498368
-0.000642897
-0.000495933
-0.000222049
-0.00010167
-4.77456e-05
-4.69617e-05
-0.000108123
-0.000218448
-0.000365484
-0.000580493
-0.000824775
-0.00105223
-0.00128266
-0.00150465
-0.00171247
-0.00190611
-0.00208933
-0.00226848
-0.002451
-0.00264405
-0.00285259
-0.003075
-0.00331603
-0.00357605
-0.00385269
-0.00414272
-0.00444708
-0.00475575
-0.00498966
-0.00513354
0.000860914
0.000663562
0.00078403
0.000850909
0.000854027
0.000794214
0.000668222
0.000489952
0.000260269
-6.51179e-05
-0.000415114
-0.000777102
-0.0011603
-0.00154851
-0.0019298
-0.00229554
-0.00263986
-0.00295998
-0.00325587
-0.00353011
-0.00378618
-0.0040225
-0.00424743
-0.00446563
-0.00467984
-0.00489243
-0.00511119
-0.00533439
-0.0054589
-0.00536284
0.00205477
0.00173997
0.00179497
0.00180506
0.00173917
0.00160451
0.0014021
0.0011424
0.000815297
0.000381928
-7.59277e-05
-0.000567627
-0.00109021
-0.00162439
-0.00215381
-0.0026639
-0.00314238
-0.00358038
-0.00397286
-0.00431871
-0.0046199
-0.00487946
-0.00510359
-0.00529961
-0.00547402
-0.00563317
-0.00579039
-0.00595127
-0.0059907
-0.00566639
0.00312877
0.00278886
0.00279127
0.00273395
0.00259391
0.00238235
0.00210051
0.00175397
0.00132067
0.000783194
0.000213868
-0.000403761
-0.00105775
-0.00172641
-0.00238969
-0.00302846
-0.00362587
-0.00416882
-0.00464887
-0.00506247
-0.00541052
-0.00569725
-0.00592944
-0.00611586
-0.00626528
-0.00638676
-0.00649828
-0.0066109
-0.00658093
-0.00604873
0.00411381
0.00378452
0.00373735
0.00361388
0.00340359
0.00311781
0.00275816
0.00232442
0.00178187
0.00114575
0.000464904
-0.000274177
-0.00105336
-0.00184883
-0.00263727
-0.00339581
-0.00410393
-0.00474531
-0.00530886
-0.00578922
-0.00618634
-0.00650455
-0.00675152
-0.00693717
-0.00707178
-0.00716646
-0.0072432
-0.00731693
-0.00722665
-0.00650977
0.00502772
0.00472979
0.00463808
0.00445106
0.00417311
0.00381418
0.0033773
0.00285453
0.00220406
0.00147328
0.000681384
-0.000175257
-0.00107446
-0.00199054
-0.00289728
-0.0037687
-0.00458132
-0.00531618
-0.00596011
-0.00650627
-0.00695386
-0.00730714
-0.00757436
-0.00776632
-0.00789437
-0.00797153
-0.00802269
-0.00806598
-0.0079233
-0.00704619
0.00588955
0.00563679
0.00550399
0.00525424
0.00490903
0.00447767
0.00396207
0.00334581
0.00259434
0.00176827
0.0008662
-0.000104699
-0.00111973
-0.00215147
-0.00317109
-0.00414995
-0.00506212
-0.00588651
-0.00660825
-0.00721934
-0.00771834
-0.00810945
-0.0084013
-0.00860534
-0.0087338
-0.00880115
-0.00883493
-0.00885486
-0.00866661
-0.00765371
0.00671396
0.00651424
0.00634209
0.00602973
0.00561688
0.00511356
0.00451766
0.00380275
0.00295741
0.0020331
0.0010223
-6.02256e-05
-0.00118797
-0.00233168
-0.0034602
-0.00454256
-0.00555073
-0.00646183
-0.00725963
-0.00793517
-0.0084865
-0.00891777
-0.00923786
-0.00945873
-0.00959345
-0.0096574
-0.00968104
-0.00968396
-0.00945542
-0.00832857
0.00751146
0.00736946
0.00715953
0.00678335
0.00630145
0.00572595
0.005048
0.00423177
0.0032967
0.00227157
0.00115285
-3.972e-05
-0.0012782
-0.00253147
-0.00376624
-0.00494951
-0.00605143
-0.00704757
-0.00792055
-0.00866062
-0.0092654
-0.00973898
-0.0100905
-0.0103322
-0.0104779
-0.010544
-0.0105635
-0.0105548
-0.0102902
-0.00906815
0.00829086
0.00820951
0.00796286
0.00752154
0.00696923
0.00632014
0.00555554
0.00463999
0.00361513
0.00248708
0.00126054
-4.14656e-05
-0.00138974
-0.00275132
-0.00409095
-0.0053738
-0.00656839
-0.00764897
-0.00859711
-0.00940239
-0.0100621
-0.0105802
-0.010966
-0.0112323
-0.0113931
-0.0114662
-0.0114865
-0.0114708
-0.0111737
-0.00987148
0.00906067
0.00904179
0.00875929
0.00825119
0.00762755
0.00690099
0.00604315
0.00503439
0.00391547
0.00268262
0.00134776
-6.40381e-05
-0.00152221
-0.00299197
-0.00443624
-0.00581851
-0.00710584
-0.00827125
-0.0092954
-0.0101672
-0.0108837
-0.0114488
-0.011872
-0.0121662
-0.012346
-0.0124302
-0.0124561
-0.0124375
-0.0121107
-0.0107397
0.00982915
0.00987354
0.0095562
0.00897936
0.00828243
0.00747497
0.00651839
0.00541946
0.00420122
0.00286139
0.00141674
-0.000106223
-0.00167546
-0.00325441
-0.00480426
-0.00628697
-0.00766819
-0.00891984
-0.0100217
-0.0109622
-0.011738
-0.0123529
-0.0128166
-0.0131423
-0.0133449
-0.0134442
-0.0134799
-0.0134623
-0.0131078
-0.0116762
0.0106033
0.0107149
0.0103632
0.00971529
0.00894113
0.0080464
0.00699014
0.00579906
0.00447648
0.00302669
0.00146963
-0.000166996
-0.0018496
-0.00353991
-0.00519748
-0.00678277
-0.00826018
-0.00960055
-0.0107829
-0.011795
-0.0126331
-0.0133013
-0.013809
-0.0141699
-0.0143991
-0.0145177
-0.0145675
-0.0145545
-0.0141741
-0.0126872
0.0113906
0.0115772
0.0111923
0.0104703
0.00961193
0.00862006
0.00746742
0.00617737
0.00474534
0.00318172
0.00150846
-0.000245518
-0.00204501
-0.00385009
-0.00561875
-0.00731002
-0.00888707
-0.0103197
-0.0115862
-0.0126737
-0.0135783
-0.0143037
-0.0148596
-0.0152597
-0.0155198
-0.0156619
-0.0157301
-0.0157253
-0.0153208
-0.0137816
0.0122016
0.0124739
0.0120559
0.0112547
0.0103041
0.00920632
0.00795723
0.00655972
0.00501244
0.00332985
0.00153523
-0.000341128
-0.00226239
-0.00418701
-0.00607147
-0.00787343
-0.00955485
-0.0110846
-0.01244
-0.0136078
-0.0145837
-0.0153713
-0.0159803
-0.0164246
-0.01672
-0.0168905
-0.0169818
-0.0169891
-0.016562
-0.0149717
0.0130536
0.0134188
0.0129689
0.0120782
0.0110239
0.00981959
0.00846639
0.00695262
0.00528303
0.00347465
0.00155193
-0.000453383
-0.00250285
-0.00455331
-0.00655978
-0.00847858
-0.0102705
-0.0119034
-0.0133539
-0.0146081
-0.0156614
-0.0165171
-0.017185
-0.017679
-0.0180153
-0.0182195
-0.0183394
-0.0183631
-0.0179152
-0.0162739
0.0139675
0.0144257
0.013945
0.0129565
0.011785
0.0104721
0.00900259
0.00736319
0.00556276
0.00361997
0.00156057
-0.000582127
-0.00276802
-0.00495241
-0.00708883
-0.0091323
-0.0110425
-0.0127862
-0.0143393
-0.0156874
-0.0168254
-0.0177564
-0.0184902
-0.0190408
-0.0194246
-0.0196688
-0.0198233
-0.0198686
-0.0194018
-0.0177092
0.014964
0.0155184
0.0150048
0.0139047
0.0126067
0.0111756
0.00957712
0.00780077
0.00585842
0.00377014
0.00156314
-0.000727606
-0.00306035
-0.00538884
-0.00766516
-0.00984305
-0.011881
-0.013745
-0.0154101
-0.0168612
-0.0180927
-0.0191077
-0.0199159
-0.0205312
-0.0209702
-0.0212621
-0.0214584
-0.0215315
-0.0210491
-0.0193049
0.0160732
0.0167275
0.0161724
0.0149437
0.013513
0.0119465
0.0102037
0.00827628
0.0061778
0.00392993
0.00156153
-0.000890708
-0.0033834
-0.0058687
-0.00829731
-0.0106217
-0.0127993
-0.0147951
-0.0165834
-0.0181485
-0.0194846
-0.0205941
-0.0214869
-0.0221767
-0.0226805
-0.0230294
-0.0232773
-0.0233855
-0.0228913
-0.0210959
0.0173375
0.0180847
0.0174757
0.0161087
0.0145287
0.0128057
0.0108998
0.00880294
0.00653012
0.00410471
0.0015574
-0.00107333
-0.00374241
-0.00640044
-0.00899673
-0.0114825
-0.0138142
-0.015956
-0.0178813
-0.019574
-0.0210277
-0.0222447
-0.0232346
-0.0240109
-0.0245913
-0.0250085
-0.0253185
-0.0254718
-0.0249721
-0.0231278
0.0188103
0.0196406
0.0189631
0.0174423
0.0156856
0.0137806
0.0116872
0.00939715
0.0069264
0.00430039
0.0015518
-0.00127902
-0.00414527
-0.00699599
-0.00977913
-0.0124448
-0.0149485
-0.0172536
-0.0193329
-0.0211697
-0.0227572
-0.0240974
-0.0251997
-0.0260776
-0.0267491
-0.0272486
-0.0276345
-0.027846
-0.0273499
-0.0254614
0.0205693
0.0214671
0.0207024
0.0189955
0.0170269
0.014907
0.0125944
0.0100796
0.00738002
0.00452338
0.00154456
-0.00151412
-0.00460404
-0.00767272
-0.0106668
-0.0135355
-0.0162334
-0.0187233
-0.0209775
-0.0229788
-0.02472
-0.026203
-0.0274367
-0.0284347
-0.0292153
-0.0298152
-0.0302942
-0.0305802
-0.0301016
-0.0281786
0.0227361
0.0236682
0.0227784
0.0208387
0.0186129
0.0162338
0.013659
0.0108771
0.00790739
0.00478027
0.00153306
-0.00178975
-0.0051377
-0.00845679
-0.0116926
-0.0147935
-0.0177136
-0.0204152
-0.0228705
-0.0250618
-0.0269817
-0.0286319
-0.030021
-0.0311624
-0.0320751
-0.0327981
-0.0333923
-0.0337734
-0.0333325
-0.0313933
0.0254711
0.0263921
0.0253145
0.0230774
0.0205305
0.017831
0.0149336
0.0118258
0.0085292
0.00507716
0.00150992
-0.00212563
-0.00577711
-0.00938917
-0.0129066
-0.0162773
-0.0194554
-0.0224033
-0.025093
-0.0275068
-0.0296373
-0.0314858
-0.0330609
-0.0343755
-0.0354492
-0.0363238
-0.0370621
-0.0375662
-0.0371937
-0.0352699
0.0290604
0.0298652
0.0284993
0.0258704
0.022912
0.0198023
0.0164943
0.0129754
0.00927024
0.00541612
0.00145672
-0.0025584
-0.00657502
-0.0105368
-0.0143885
-0.0180784
-0.0215615
-0.0248008
-0.0277691
-0.0304491
-0.032833
-0.034922
-0.0367243
-0.0382524
-0.039526
-0.0405888
-0.0415053
-0.0421689
-0.0419102
-0.0400581
0.0339841
0.034456
0.0326158
0.0294481
0.0259425
0.0222886
0.0184399
0.0143856
0.0101546
0.00578915
0.00133696
-0.0031495
-0.00761445
-0.0120014
-0.0162561
-0.0203288
-0.0241766
-0.0277651
-0.0310685
-0.0340707
-0.0367647
-0.0391514
-0.0412383
-0.0430374
-0.0445684
-0.0458753
-0.0470222
-0.0479011
-0.0478437
-0.0461821
0.0411619
0.0409103
0.0383008
0.0343903
0.0301328
0.0257087
0.0210819
0.0162558
0.0112715
0.00618116
0.00103997
-0.00409499
-0.00916644
-0.0141192
-0.0189022
-0.0234704
-0.0277857
-0.0318184
-0.0355457
-0.0389527
-0.0420363
-0.0447997
-0.047242
-0.0493736
-0.0512127
-0.052799
-0.0541915
-0.055299
-0.0555313
-0.0542734
0.0538445
0.0518516
0.0475808
0.0423386
0.0368169
0.0311137
0.0252213
0.0191752
0.0130356
0.00686556
0.000725045
-0.00532948
-0.0112465
-0.0169806
-0.0224931
-0.0277522
-0.032732
-0.037412
-0.0417784
-0.0458209
-0.0495289
-0.0528964
-0.0559329
-0.0586409
-0.0610275
-0.0631167
-0.0649563
-0.0665277
-0.06746
-0.06705
-0.00329573
-0.00225107
-0.000470955
0.00097797
0.00222401
0.00339988
0.00453482
0.00563627
0.00671347
0.00777593
0.00883255
0.00989236
0.0109651
0.0120613
0.0131919
0.0143701
0.0156116
0.0169358
0.0183648
0.0199245
0.0216491
0.0235829
0.0257822
0.0283229
0.0313095
0.0348956
0.0392878
0.0447617
0.0515184
0.0604574
0.00109525
0.00216839
0.00337659
0.00440721
0.00534761
0.00625699
0.00714647
0.0080205
0.00888649
0.00975265
0.0106271
0.011518
0.0124342
0.0133852
0.0143814
0.0154356
0.016563
0.0177822
0.0191157
0.0205916
0.0222469
0.0241301
0.0263054
0.0288617
0.0319239
0.0356751
0.040378
0.0464218
0.0542924
0.0649296
0.00360506
0.00456803
0.00550805
0.00636139
0.00719781
0.00803514
0.00887109
0.00970715
0.0105486
0.0114016
0.0122727
0.0131692
0.014099
0.015071
0.0160958
0.0171858
0.0183565
0.0196266
0.0210197
0.0225657
0.0243039
0.0262862
0.0285828
0.0312911
0.0345493
0.0385578
0.0436121
0.0501568
0.0588457
0.0707058
0.00581843
0.00667138
0.00749628
0.00826839
0.00903896
0.00981948
0.0106098
0.0114132
0.0122351
0.0130816
0.013959
0.0148744
0.0158354
0.0168513
0.0179327
0.0190925
0.0203468
0.021715
0.0232221
0.0248998
0.0267896
0.0289465
0.0314453
0.0343889
0.0379229
0.042257
0.0477003
0.0547095
0.0640258
0.0767032
0.00788617
0.00864344
0.00937635
0.0100751
0.0107837
0.0115137
0.0122662
0.0130448
0.0138542
0.0146999
0.0155879
0.0165247
0.0175184
0.018578
0.0197147
0.020942
0.0222764
0.0237387
0.0253551
0.027159
0.0291944
0.0315192
0.0342117
0.0373796
0.0411739
0.0458113
0.0516093
0.0590317
0.0689006
0.0823129
0.00977727
0.0104485
0.0111022
0.0117387
0.012398
0.01309
0.0138161
0.014579
0.0153831
0.0162335
0.0171357
0.0180962
0.019123
0.0202252
0.0214143
0.022704
0.0241117
0.0256588
0.0273726
0.0292882
0.0314512
0.0339219
0.0367817
0.0401418
0.0441578
0.0490523
0.0551511
0.0629284
0.0732857
0.0873952
0.0114855
0.0120793
0.012665
0.0132504
0.0138707
0.0145341
0.0152414
0.0159951
0.0167991
0.0176581
0.0185772
0.019563
0.020623
0.0217668
0.0230057
0.0243539
0.0258292
0.0274537
0.0292555
0.0312708
0.0335467
0.0361453
0.03915
0.0426751
0.0468798
0.0519914
0.0583437
0.0664219
0.0771935
0.0919214
0.0130041
0.0135279
0.0140552
0.0145985
0.0151879
0.0158297
0.0165241
0.0172732
0.0180805
0.0189502
0.0198873
0.0208981
0.0219901
0.0231727
0.0244576
0.0258592
0.0273956
0.0290894
0.0309694
0.0330727
0.0354475
0.0381572
0.0412869
0.0449531
0.0493179
0.0546126
0.0611774
0.069508
0.0806203
0.0958649
0.0143236
0.0147847
0.0152622
0.0157714
0.0163369
0.0169625
0.0176483
0.018396
0.0192085
0.0200897
0.0210444
0.0220785
0.0231997
0.0244173
0.0257431
0.0271916
0.0287813
0.0305353
0.0324828
0.0346616
0.0371207
0.0399246
0.0431597
0.0469441
0.0514421
0.0568882
0.0636282
0.0721664
0.0835533
0.09921
0.0154368
0.0158429
0.016279
0.0167614
0.0173085
0.0179224
0.0186028
0.0193509
0.0201694
0.0210617
0.0220323
0.0230872
0.0242339
0.0254817
0.0268424
0.0283308
0.0299656
0.03177
0.0337739
0.0360154
0.0385441
0.0414254
0.0447468
0.0486274
0.0532335
0.0588015
0.0656822
0.0743865
0.0859849
0.101969
0.0163411
0.0167006
0.0171037
0.0175655
0.0180989
0.0187045
0.0193816
0.0201312
0.0209555
0.0218576
0.022842
0.0239144
0.0250823
0.0263549
0.0277443
0.0292652
0.0309364
0.0327816
0.0348307
0.0371224
0.0397068
0.0426496
0.0460391
0.0499956
0.0546864
0.0603495
0.0673396
0.0761719
0.0879255
0.10417
0.0170394
0.0173615
0.0177393
0.018186
0.0187096
0.0193095
0.0199848
0.0207361
0.0215655
0.0224757
0.0234712
0.0245575
0.025742
0.0270341
0.0284457
0.0299917
0.0316911
0.0335675
0.0356513
0.0379814
0.040608
0.0435975
0.0470386
0.0510522
0.0558067
0.0615409
0.0686126
0.0775389
0.0894021
0.105847
0.0175401
0.0178343
0.0181943
0.0186307
0.0191477
0.0197438
0.0204181
0.0211711
0.0220043
0.0229207
0.0239244
0.0250208
0.0262174
0.0275236
0.0289512
0.0305154
0.0322349
0.0341337
0.0362423
0.0385996
0.0412563
0.044279
0.0477566
0.0518106
0.0566098
0.0623939
0.069523
0.0785134
0.0904504
0.107038
0.0178564
0.0181325
0.0184812
0.0189113
0.0194243
0.0200183
0.0206922
0.0214463
0.0222823
0.0232027
0.0242116
0.0253147
0.0265191
0.0278343
0.0292721
0.0308478
0.0325801
0.0344932
0.0366175
0.0389921
0.0416679
0.0447115
0.0482122
0.0522916
0.057119
0.0629343
0.0700996
0.0791285
0.0911057
0.107796
0.018005
0.0182724
0.0186158
0.0190429
0.0195542
0.0201472
0.020821
0.0215758
0.0224131
0.0233355
0.024347
0.0254532
0.0266614
0.0279809
0.0294237
0.0310049
0.0327434
0.0346632
0.036795
0.0391779
0.0418628
0.0449165
0.0484282
0.0525198
0.0573607
0.0631907
0.0703734
0.0794194
0.0914095
0.108164
0.0180053
0.0182726
0.0186161
0.0190432
0.0195544
0.0201475
0.0208213
0.021576
0.0224133
0.0233357
0.0243472
0.0254534
0.0266616
0.0279811
0.0294239
0.031005
0.0327435
0.0346634
0.0367952
0.0391781
0.0418629
0.0449166
0.0484284
0.05252
0.0573608
0.0631909
0.0703735
0.0794195
0.0914096
0.108164
0.0178571
0.0181332
0.018482
0.018912
0.0194251
0.020019
0.0206929
0.021447
0.022283
0.0232034
0.0242123
0.0253153
0.0265197
0.0278348
0.0292727
0.0308483
0.0325806
0.0344936
0.0366179
0.0389925
0.0416683
0.0447119
0.0482127
0.0522921
0.0571195
0.0629347
0.0700998
0.0791286
0.0911061
0.107797
0.0175414
0.0178356
0.0181956
0.0186319
0.0191489
0.019745
0.0204193
0.0211722
0.0220055
0.0229218
0.0239254
0.0250218
0.0262184
0.0275245
0.0289521
0.0305162
0.0322357
0.0341344
0.036243
0.0386003
0.041257
0.0442797
0.0477574
0.0518114
0.0566106
0.0623946
0.0695235
0.0785138
0.0904511
0.107039
0.0170412
0.0173632
0.017741
0.0181877
0.0187113
0.0193112
0.0199864
0.0207377
0.021567
0.0224772
0.0234726
0.0245589
0.0257433
0.0270353
0.0284469
0.0299929
0.0316921
0.0335685
0.0356523
0.0379823
0.0406089
0.0435985
0.0470396
0.0510533
0.0558077
0.061542
0.0686135
0.0775397
0.0894031
0.105848
0.0163433
0.0167028
0.0171059
0.0175676
0.018101
0.0187066
0.0193837
0.0201332
0.0209574
0.0218595
0.0228438
0.0239162
0.0250839
0.0263565
0.0277458
0.0292666
0.0309378
0.0327829
0.034832
0.0371237
0.039708
0.0426508
0.0460404
0.0499968
0.0546876
0.0603509
0.0673409
0.0761732
0.0879269
0.104172
0.0154395
0.0158455
0.0162817
0.016764
0.017311
0.0179249
0.0186052
0.0193533
0.0201717
0.0210639
0.0220345
0.0230893
0.0242358
0.0254835
0.0268442
0.0283326
0.0299672
0.0317716
0.0337754
0.0360169
0.0385456
0.0414269
0.0447482
0.0486288
0.053235
0.0588033
0.0656841
0.0743883
0.0859867
0.10197
0.0143267
0.0147878
0.0152652
0.0157744
0.0163398
0.0169654
0.0176511
0.0183988
0.0192112
0.0200923
0.0210468
0.0220809
0.0232019
0.0244194
0.0257451
0.0271936
0.0287833
0.0305372
0.0324847
0.0346635
0.0371225
0.0399263
0.0431613
0.0469456
0.0514439
0.0568904
0.0636308
0.0721688
0.0835557
0.0992114
0.0130076
0.0135314
0.0140586
0.0146018
0.0151912
0.0158329
0.0165272
0.0172763
0.0180835
0.0189531
0.0198901
0.0209007
0.0219926
0.0231752
0.02446
0.0258615
0.0273978
0.0290916
0.0309716
0.0330748
0.0354495
0.0381591
0.0412887
0.0449549
0.04932
0.0546153
0.0611807
0.069511
0.0806228
0.0958664
0.0114893
0.0120831
0.0126687
0.013254
0.0138742
0.0145376
0.0152448
0.0159984
0.0168024
0.0176612
0.0185802
0.0195659
0.0206258
0.0217695
0.0230083
0.0243565
0.0258317
0.0274561
0.0292579
0.0312732
0.0335489
0.0361474
0.039152
0.0426771
0.0468822
0.0519947
0.0583476
0.0664255
0.0771961
0.091923
0.00978134
0.0104526
0.0111062
0.0117427
0.0124018
0.0130938
0.0138197
0.0145826
0.0153866
0.0162369
0.0171389
0.0180994
0.0191261
0.0202282
0.0214171
0.0227068
0.0241144
0.0256615
0.0273752
0.0292908
0.0314536
0.0339243
0.0367839
0.040144
0.0441606
0.0490561
0.0551556
0.0629324
0.0732884
0.0873966
0.00789043
0.0086477
0.00938056
0.0100792
0.0107878
0.0115176
0.0122701
0.0130486
0.013858
0.0147036
0.0155914
0.0165281
0.0175217
0.0185812
0.0197178
0.020945
0.0222794
0.0237416
0.0253579
0.0271618
0.0291971
0.0315218
0.0342142
0.0373822
0.0411771
0.0458156
0.0516143
0.0590361
0.0689032
0.0823141
0.00582281
0.00667578
0.00750063
0.00827269
0.00904319
0.00982365
0.0106139
0.0114172
0.012239
0.0130854
0.0139628
0.014878
0.0158389
0.0168547
0.017936
0.0190957
0.0203499
0.0217181
0.0232252
0.0249028
0.0267924
0.0289493
0.0314481
0.034392
0.0379266
0.0422618
0.0477055
0.0547138
0.0640283
0.0767041
0.00360947
0.0045725
0.00551251
0.00636581
0.00720218
0.00803945
0.00887534
0.00971132
0.0105527
0.0114056
0.0122767
0.0131731
0.0141028
0.0150747
0.0160993
0.0171893
0.0183598
0.0196299
0.021023
0.0225689
0.024307
0.0262892
0.0285859
0.0312947
0.0345534
0.0385627
0.0436171
0.0501606
0.0588477
0.0707066
0.00109964
0.00217292
0.00338114
0.00441171
0.00535206
0.00626139
0.00715081
0.00802479
0.00889072
0.00975682
0.0106312
0.011522
0.0124382
0.013389
0.0143851
0.0154393
0.0165666
0.0177857
0.0191191
0.020595
0.0222502
0.0241333
0.0263088
0.0288657
0.0319283
0.0356799
0.0403823
0.0464246
0.0542939
0.0649305
-0.00329112
-0.00224625
-0.000466231
0.000982564
0.00222851
0.0034043
0.00453918
0.00564055
0.00671767
0.00778005
0.00883659
0.00989632
0.010969
0.0120651
0.0131956
0.0143737
0.0156151
0.0169392
0.018368
0.0199277
0.0216522
0.0235861
0.0257855
0.028327
0.0313138
0.0348997
0.0392909
0.0447633
0.0515193
0.0604585
0.0538461
0.0518535
0.0475824
0.0423399
0.0368182
0.0311151
0.0252226
0.0191763
0.0130364
0.0068658
0.00072472
-0.00533042
-0.0112481
-0.0169828
-0.0224958
-0.0277554
-0.0327357
-0.0374161
-0.0417828
-0.0458256
-0.0495338
-0.0529015
-0.055938
-0.0586461
-0.0610327
-0.063122
-0.0649616
-0.0665332
-0.0674658
-0.0670561
0.0411627
0.0409108
0.0383014
0.0343913
0.030134
0.0257098
0.0210828
0.0162564
0.0112716
0.00618072
0.00103901
-0.00409646
-0.00916842
-0.0141216
-0.0189052
-0.0234738
-0.0277895
-0.0318227
-0.0355503
-0.0389576
-0.0420414
-0.044805
-0.0472474
-0.0493791
-0.0512182
-0.0528045
-0.0541969
-0.0553044
-0.0555366
-0.0542786
0.0339853
0.0344575
0.0326175
0.02945
0.0259441
0.0222899
0.0184407
0.0143858
0.0101542
0.00578828
0.00133561
-0.0031513
-0.00761667
-0.012004
-0.0162591
-0.0203322
-0.0241805
-0.0277694
-0.0310732
-0.0340758
-0.0367702
-0.0391572
-0.0412443
-0.0430436
-0.0445747
-0.0458815
-0.0470282
-0.0479069
-0.0478491
-0.0461871
0.0290629
0.0298677
0.0285016
0.0258723
0.0229133
0.0198029
0.0164943
0.0129748
0.00926913
0.00541461
0.00145486
-0.00256057
-0.00657749
-0.0105396
-0.0143916
-0.0180819
-0.0215654
-0.0248052
-0.027774
-0.0304544
-0.0328389
-0.0349284
-0.036731
-0.0382594
-0.0395332
-0.0405959
-0.0415121
-0.0421753
-0.0419159
-0.040063
0.0254744
0.026395
0.0253168
0.0230787
0.0205309
0.0178307
0.0149326
0.0118244
0.00852732
0.00507498
0.00150752
-0.00212821
-0.00577987
-0.00939214
-0.0129098
-0.0162808
-0.0194593
-0.0224077
-0.0250979
-0.0275123
-0.0296433
-0.0314924
-0.0330679
-0.0343829
-0.0354569
-0.0363315
-0.0370696
-0.0375734
-0.0372001
-0.0352753
0.0227398
0.023671
0.0227801
0.0208392
0.0186126
0.0162328
0.0136573
0.0108749
0.00790489
0.00477754
0.0015302
-0.0017927
-0.00514074
-0.00845996
-0.011696
-0.0147971
-0.0177176
-0.0204196
-0.0228754
-0.0250672
-0.0269877
-0.0286383
-0.0300279
-0.0311697
-0.0320827
-0.0328059
-0.0334001
-0.033781
-0.0333396
-0.0313995
0.0205728
0.0214696
0.0207037
0.018996
0.0170263
0.0149056
0.0125924
0.0100771
0.00737718
0.00452033
0.00154141
-0.00151733
-0.0046073
-0.00767605
-0.0106703
-0.0135392
-0.0162374
-0.0187277
-0.0209823
-0.022984
-0.0247257
-0.0262092
-0.0274434
-0.0284417
-0.0292227
-0.0298227
-0.030302
-0.0305878
-0.0301091
-0.0281856
0.0188131
0.0196426
0.0189643
0.0174425
0.015685
0.0137792
0.0116852
0.00939461
0.00692349
0.00429725
0.00154854
-0.00128234
-0.00414862
-0.00699939
-0.00978263
-0.0124485
-0.0149524
-0.0172578
-0.0193375
-0.0211747
-0.0227626
-0.0241032
-0.0252059
-0.0260841
-0.026756
-0.0272558
-0.0276419
-0.0278535
-0.0273575
-0.0254689
0.0173402
0.0180869
0.0174772
0.0161092
0.0145282
0.0128045
0.0108979
0.00880053
0.0065273
0.00410162
0.00155417
-0.00107664
-0.00374575
-0.00640382
-0.00900017
-0.0114861
-0.013818
-0.01596
-0.0178857
-0.0195787
-0.0210327
-0.0222501
-0.0232403
-0.024017
-0.0245977
-0.0250153
-0.0253255
-0.0254791
-0.0249797
-0.0231355
0.0160758
0.0167297
0.0161738
0.0149445
0.0135128
0.0119455
0.0102021
0.00827405
0.00617514
0.00392697
0.0015584
-0.000893929
-0.00338665
-0.00587197
-0.00830063
-0.0106251
-0.0128029
-0.0147989
-0.0165874
-0.0181529
-0.0194892
-0.0205991
-0.0214922
-0.0221823
-0.0226866
-0.0230358
-0.0232839
-0.0233925
-0.0228987
-0.0211035
0.0149666
0.0155207
0.0150064
0.0139055
0.0126068
0.0111748
0.00957565
0.00779872
0.00585592
0.00376732
0.00156013
-0.00073069
-0.00306346
-0.00539194
-0.00766829
-0.00984626
-0.0118844
-0.0137485
-0.0154138
-0.0168651
-0.0180969
-0.0191123
-0.0199208
-0.0205364
-0.0209759
-0.0212682
-0.0214649
-0.0215384
-0.0210563
-0.0193123
0.0139703
0.0144282
0.0139468
0.0129575
0.0117853
0.0104715
0.00900137
0.00736133
0.00556043
0.00361733
0.00155774
-0.000585031
-0.00277094
-0.00495532
-0.00709175
-0.00913528
-0.0110455
-0.0127894
-0.0143427
-0.0156911
-0.0168293
-0.0177606
-0.0184948
-0.0190458
-0.01943
-0.0196745
-0.0198295
-0.0198753
-0.0194089
-0.0177165
0.0130565
0.0134215
0.0129709
0.0120794
0.0110244
0.00981935
0.00846535
0.00695094
0.00528089
0.00347221
0.00154932
-0.000456063
-0.00250553
-0.00455599
-0.00656248
-0.00848135
-0.0102734
-0.0119064
-0.0133571
-0.0146115
-0.015665
-0.016521
-0.0171893
-0.0176837
-0.0180205
-0.0182251
-0.0183455
-0.0183697
-0.0179222
-0.016281
0.0122047
0.0124768
0.012058
0.0112561
0.0103046
0.00920617
0.00795639
0.00655827
0.00501055
0.00332766
0.00153287
-0.000343544
-0.00226482
-0.00418946
-0.00607395
-0.00787599
-0.00955752
-0.0110874
-0.0124429
-0.013611
-0.0145871
-0.015375
-0.0159844
-0.0164291
-0.016725
-0.016896
-0.0169878
-0.0169955
-0.0165688
-0.0149786
0.0113939
0.0115802
0.0111946
0.0104718
0.00961267
0.00862005
0.00746687
0.00617623
0.00474375
0.00317984
0.00150642
-0.00024764
-0.00204718
-0.00385231
-0.00562104
-0.00731241
-0.00888958
-0.0103224
-0.011589
-0.0126767
-0.0135816
-0.0143073
-0.0148636
-0.0152642
-0.0155247
-0.0156674
-0.015736
-0.0157317
-0.0153275
-0.0137883
0.0106067
0.010718
0.0103657
0.00971706
0.00894215
0.00804672
0.00698984
0.00579828
0.00447526
0.00302518
0.00146794
-0.000168809
-0.00185151
-0.00354191
-0.00519959
-0.00678501
-0.00826256
-0.00960309
-0.0107856
-0.0117979
-0.0126364
-0.0133048
-0.013813
-0.0141743
-0.014404
-0.0145231
-0.0145733
-0.0145607
-0.0141806
-0.0126938
0.00983266
0.00987681
0.00955891
0.00898138
0.00828375
0.00747566
0.00651845
0.00541907
0.00420041
0.00286028
0.00141541
-0.000107726
-0.00167711
-0.0032562
-0.00480621
-0.00628907
-0.00767047
-0.00892231
-0.0100244
-0.0109652
-0.0117412
-0.0123565
-0.0128205
-0.0131467
-0.0133497
-0.0134496
-0.0134857
-0.0134685
-0.0131142
-0.0116827
0.0090643
0.00904523
0.00876221
0.00825349
0.0076292
0.00690207
0.00604366
0.00503442
0.00391508
0.00268191
0.00134678
-6.52355e-05
-0.00152361
-0.00299357
-0.00443803
-0.00582052
-0.00710805
-0.00827368
-0.00929807
-0.0101702
-0.010887
-0.0114524
-0.011876
-0.0121706
-0.012351
-0.0124355
-0.0124619
-0.0124436
-0.012117
-0.010746
0.00829463
0.00821311
0.007966
0.00752407
0.00697115
0.00632158
0.00555649
0.00464043
0.00361516
0.00248676
0.00125991
-4.23626e-05
-0.00139089
-0.00275272
-0.00409259
-0.0053757
-0.00657055
-0.00765139
-0.00859981
-0.00940539
-0.0100654
-0.0105839
-0.0109701
-0.0112368
-0.0113981
-0.0114716
-0.0114923
-0.0114768
-0.01118
-0.00987771
0.00751532
0.0073732
0.00716288
0.00678617
0.00630374
0.00572777
0.00504935
0.00423262
0.00329713
0.00227163
0.00115256
-4.03217e-05
-0.00127911
-0.00253268
-0.00376775
-0.00495134
-0.00605356
-0.00705001
-0.00792331
-0.00866371
-0.00926884
-0.00974279
-0.0100947
-0.0103369
-0.0104829
-0.0105494
-0.0105693
-0.0105608
-0.0102964
-0.00907433
0.00671794
0.00651811
0.0063456
0.00603279
0.0056196
0.00511574
0.00451939
0.00380399
0.00295823
0.00203352
0.00102235
-6.05368e-05
-0.00118863
-0.00233271
-0.00346158
-0.0045443
-0.00555284
-0.0064643
-0.00726246
-0.00793836
-0.00849006
-0.0089217
-0.00924219
-0.00946348
-0.00959853
-0.0096628
-0.00968677
-0.00969
-0.00946162
-0.00833473
0.00589364
0.00564077
0.00550767
0.00525752
0.004912
0.0044802
0.00396414
0.00334742
0.00259553
0.00176905
0.000866576
-0.000104726
-0.00112016
-0.00215231
-0.00317235
-0.00415164
-0.00506423
-0.00588903
-0.00661117
-0.00722265
-0.00772204
-0.00811353
-0.00840576
-0.00861018
-0.00873897
-0.00880667
-0.00884071
-0.00886089
-0.00867277
-0.00765985
0.0050319
0.00473387
0.00464188
0.00445452
0.00417629
0.00381702
0.00337966
0.00285649
0.0022056
0.00147441
0.000682074
-0.000175008
-0.00107466
-0.00199121
-0.00289843
-0.00377033
-0.00458343
-0.00531876
-0.00596313
-0.00650972
-0.00695771
-0.00731136
-0.00757894
-0.00777123
-0.00789963
-0.00797709
-0.00802854
-0.008072
-0.00792939
-0.00705228
0.00411808
0.00378867
0.00374133
0.00361764
0.00340703
0.0031209
0.00276084
0.00232672
0.00178374
0.0011472
0.000465895
-0.000273664
-0.00105335
-0.00184934
-0.00263831
-0.0033974
-0.00410606
-0.00474795
-0.00531199
-0.00579279
-0.00619033
-0.00650891
-0.00675622
-0.0069422
-0.00707712
-0.00717202
-0.00724892
-0.00732274
-0.00723266
-0.00651582
0.00313308
0.0027931
0.00279536
0.00273791
0.0025976
0.00238564
0.00210348
0.00175658
0.00132286
0.000784944
0.000215146
-0.000402997
-0.00105754
-0.00172677
-0.00239064
-0.00303003
-0.00362802
-0.00417154
-0.00465211
-0.00506618
-0.00541465
-0.00570175
-0.00593426
-0.00612097
-0.00627064
-0.00639234
-0.00650399
-0.00661679
-0.0065869
-0.00605468
0.00205925
0.00174426
0.00179923
0.00180917
0.00174296
0.00160806
0.00140536
0.0011453
0.000817778
0.000383961
-7.43814e-05
-0.000566628
-0.00108981
-0.00162461
-0.00215469
-0.00266544
-0.00314456
-0.00358317
-0.00397621
-0.00432255
-0.00462416
-0.00488407
-0.00510852
-0.0053048
-0.00547942
-0.00563872
-0.00579603
-0.00595705
-0.0059964
-0.00567219
0.000865435
0.00066804
0.00078839
0.000855054
0.000858021
0.000797998
0.00067172
0.0004931
0.000263005
-6.28483e-05
-0.000413345
-0.000775909
-0.00115974
-0.00154863
-0.00193062
-0.00229706
-0.00264206
-0.00296283
-0.0032593
-0.00353404
-0.00379053
-0.00402721
-0.00425242
-0.00447086
-0.00468524
-0.00489797
-0.00511685
-0.00533999
-0.0054645
-0.00536846
-0.00063819
-0.000491441
-0.000217646
-9.73117e-05
-4.35354e-05
-4.2981e-05
-0.000104429
-0.000215077
-0.0003625
-0.000577991
-0.000822798
-0.00105086
-0.00128196
-0.00150467
-0.00171322
-0.0019076
-0.00209155
-0.00227137
-0.0024545
-0.00264808
-0.00285704
-0.00307978
-0.00332108
-0.00358129
-0.00385808
-0.00414821
-0.00445264
-0.00476129
-0.00499517
-0.00513888
-0.00305701
-0.00238625
-0.00169844
-0.00137225
-0.00119532
-0.0010878
-0.00104509
-0.00105302
-0.00108945
-0.00116602
-0.00127424
-0.00134697
-0.00140682
-0.00144917
-0.0014759
-0.00149672
-0.0015255
-0.00157619
-0.00166232
-0.00179111
-0.00195706
-0.00221673
-0.00249959
-0.00281932
-0.0031699
-0.00354225
-0.00392984
-0.00431474
-0.00464555
-0.00498874
-0.00667872
-0.00618571
-0.00490683
-0.00397807
-0.00331603
-0.00279182
-0.00237717
-0.00205449
-0.00179736
-0.00160168
-0.00146986
-0.00135305
-0.00126865
-0.00121807
-0.00120358
-0.00123085
-0.00130605
-0.00143216
-0.00161208
-0.00184927
-0.0021445
-0.00242499
-0.00273837
-0.00307118
-0.00340785
-0.00373919
-0.00405772
-0.00434451
-0.00458925
-0.00494966
-0.0693208
-0.0597244
-0.0525101
-0.0465319
-0.0415823
-0.0374275
-0.0338973
-0.0308629
-0.0282257
-0.0259102
-0.0238582
-0.0220246
-0.0203734
-0.0188762
-0.0175099
-0.0162556
-0.0150979
-0.0140239
-0.0130231
-0.0120871
-0.0112091
-0.0103844
-0.00961016
-0.00888566
-0.00821249
-0.00759638
-0.00704363
-0.00654663
-0.00609308
-0.00583195
-0.0698383
-0.059963
-0.0523652
-0.0462311
-0.0412059
-0.0370146
-0.0334679
-0.0304281
-0.0277925
-0.0254837
-0.0234423
-0.0216225
-0.0199883
-0.0185113
-0.0171689
-0.0159431
-0.0148198
-0.0137878
-0.0128383
-0.0119651
-0.0111635
-0.0104304
-0.00976392
-0.00916316
-0.00862822
-0.00816074
-0.00776201
-0.00741157
-0.00702839
-0.00660661
-0.0711746
-0.0613321
-0.0536467
-0.047467
-0.0424012
-0.0381744
-0.0345956
-0.0315264
-0.0288642
-0.0265314
-0.024469
-0.022631
-0.0209814
-0.0194917
-0.018139
-0.0169051
-0.0157752
-0.0147376
-0.013783
-0.012904
-0.0120951
-0.0113522
-0.0106726
-0.0100542
-0.00949635
-0.00900139
-0.00857686
-0.00820999
-0.00779281
-0.00721164
-0.0727117
-0.0630959
-0.055469
-0.0492876
-0.0441769
-0.0398868
-0.0362373
-0.0330958
-0.0303626
-0.0279621
-0.0258362
-0.0239394
-0.0222358
-0.0206971
-0.0193002
-0.0180266
-0.0168613
-0.0157922
-0.0148094
-0.0139051
-0.013073
-0.0123082
-0.0116072
-0.0109668
-0.0103849
-0.00986276
-0.00940886
-0.00901355
-0.00855465
-0.00784076
-0.0741168
-0.0646859
-0.0571325
-0.0509622
-0.0458173
-0.041471
-0.0377554
-0.0345443
-0.031742
-0.0292749
-0.0270861
-0.0251308
-0.0233735
-0.0217858
-0.0203445
-0.0190311
-0.0178301
-0.0167292
-0.0157181
-0.0147885
-0.0139337
-0.0131482
-0.0124277
-0.0117688
-0.0111683
-0.0106265
-0.0101518
-0.00973644
-0.00925342
-0.00846119
-0.0753434
-0.0660278
-0.0585425
-0.0523925
-0.0472308
-0.0428472
-0.0390835
-0.0358193
-0.0329624
-0.0304415
-0.0282009
-0.0261967
-0.0243938
-0.0227639
-0.021284
-0.0199353
-0.0187023
-0.0175725
-0.0165353
-0.0155819
-0.0147054
-0.0138999
-0.0131606
-0.0124835
-0.011865
-0.0113046
-0.01081
-0.0103755
-0.00987823
-0.00905292
-0.0764032
-0.0671707
-0.0597513
-0.0536278
-0.0484615
-0.0440544
-0.0402563
-0.0369516
-0.0340513
-0.0314862
-0.0292022
-0.0271562
-0.0253136
-0.0236463
-0.0221317
-0.0207509
-0.0194884
-0.0183314
-0.0172692
-0.0162929
-0.0153952
-0.01457
-0.013812
-0.0131169
-0.0124809
-0.0119024
-0.0113884
-0.0109347
-0.0104292
-0.00960607
-0.0772968
-0.0681459
-0.0607853
-0.0546907
-0.0495264
-0.0451043
-0.0412809
-0.0379444
-0.0350089
-0.0324072
-0.0300864
-0.0280044
-0.0261271
-0.024427
-0.0228814
-0.0214716
-0.0201822
-0.0190002
-0.0179148
-0.0169171
-0.0159994
-0.0151554
-0.0143796
-0.0136676
-0.013015
-0.0124197
-0.0118872
-0.0114149
-0.0109057
-0.0101114
-0.0780307
-0.0689609
-0.0616532
-0.0555865
-0.0504278
-0.0459963
-0.0421543
-0.0387933
-0.0358297
-0.033198
-0.0308467
-0.0287345
-0.0268278
-0.0250995
-0.0235272
-0.0220922
-0.020779
-0.0195749
-0.0184689
-0.0174519
-0.0165161
-0.0156551
-0.0148632
-0.0141356
-0.013468
-0.0128576
-0.0123082
-0.0118181
-0.0113081
-0.0105604
-0.0786268
-0.0696187
-0.0623622
-0.0563213
-0.05117
-0.0467328
-0.0428775
-0.039498
-0.0365124
-0.0338569
-0.0314811
-0.0293442
-0.0274134
-0.0256618
-0.0240671
-0.0226109
-0.0212777
-0.0200547
-0.018931
-0.0178974
-0.016946
-0.0160701
-0.015264
-0.0145229
-0.0138421
-0.0132186
-0.0126542
-0.0121479
-0.0116386
-0.0109469
-0.0790945
-0.0701341
-0.0629225
-0.0569044
-0.0517607
-0.0473202
-0.0434558
-0.0400625
-0.0370603
-0.0343865
-0.0319915
-0.0298352
-0.0278853
-0.026115
-0.0245023
-0.023029
-0.0216795
-0.0204412
-0.0193029
-0.0182556
-0.0172911
-0.0164029
-0.0155851
-0.0148326
-0.0141409
-0.0135063
-0.0129293
-0.0124088
-0.0119006
-0.0112665
-0.0794427
-0.0705241
-0.0633457
-0.057347
-0.0522101
-0.0477678
-0.0438972
-0.0404941
-0.0374797
-0.0347923
-0.0323829
-0.030212
-0.0282475
-0.026463
-0.0248366
-0.0233501
-0.0219881
-0.0207378
-0.0195882
-0.0185301
-0.0175555
-0.0166576
-0.0158305
-0.0150691
-0.0143686
-0.0137254
-0.0131383
-0.0126062
-0.0120989
-0.0115176
-0.0796805
-0.0708068
-0.0636438
-0.0576615
-0.05253
-0.0480866
-0.0442119
-0.0408021
-0.0377793
-0.0350824
-0.0326629
-0.0304817
-0.0285069
-0.0267122
-0.025076
-0.02358
-0.0222089
-0.02095
-0.0197923
-0.0187264
-0.0177444
-0.0168395
-0.0160056
-0.0152376
-0.0145308
-0.0138812
-0.0132868
-0.0127457
-0.012239
-0.0117006
-0.0798264
-0.0709912
-0.0638292
-0.0578612
-0.0527329
-0.0482889
-0.0444116
-0.0409977
-0.0379696
-0.0352667
-0.0328408
-0.0306531
-0.0286717
-0.0268706
-0.0252281
-0.0237261
-0.0223493
-0.0210849
-0.0199219
-0.018851
-0.0178643
-0.0169548
-0.0161165
-0.0153443
-0.0146334
-0.0139798
-0.0133805
-0.0128336
-0.0123268
-0.0118182
-0.0798996
-0.0710783
-0.0639164
-0.0579575
-0.0528303
-0.0483857
-0.0445073
-0.0410913
-0.0380607
-0.0353549
-0.0329259
-0.030735
-0.0287505
-0.0269463
-0.0253007
-0.0237958
-0.0224163
-0.0211492
-0.0199837
-0.0189105
-0.0179214
-0.0170097
-0.0161694
-0.0153951
-0.0146822
-0.0140266
-0.0134251
-0.0128752
-0.0123682
-0.0118743
-0.0799001
-0.0710788
-0.0639169
-0.0579579
-0.0528306
-0.048386
-0.0445075
-0.0410915
-0.0380608
-0.035355
-0.0329261
-0.0307351
-0.0287506
-0.0269464
-0.0253009
-0.023796
-0.0224165
-0.0211494
-0.0199839
-0.0189107
-0.0179217
-0.01701
-0.0161697
-0.0153954
-0.0146825
-0.0140269
-0.0134254
-0.0128755
-0.0123685
-0.0118746
-0.0798278
-0.0709926
-0.0638308
-0.0578626
-0.0527339
-0.0482897
-0.0444123
-0.0409982
-0.0379701
-0.0352671
-0.0328412
-0.0306534
-0.0286721
-0.026871
-0.0252285
-0.0237266
-0.0223498
-0.0210855
-0.0199226
-0.0188518
-0.0178651
-0.0169556
-0.0161174
-0.0153451
-0.0146343
-0.0139806
-0.0133814
-0.0128345
-0.0123277
-0.011819
-0.0796827
-0.070809
-0.0636465
-0.0576637
-0.0525316
-0.0480881
-0.044213
-0.040803
-0.03778
-0.0350831
-0.0326635
-0.0304823
-0.0285075
-0.0267129
-0.0250767
-0.0235808
-0.0222099
-0.0209511
-0.0197934
-0.0187276
-0.0177457
-0.0168408
-0.0160069
-0.015239
-0.0145322
-0.0138826
-0.0132882
-0.0127472
-0.0122404
-0.011702
-0.079446
-0.0705271
-0.0633493
-0.0573498
-0.0522124
-0.0477699
-0.0438988
-0.0404954
-0.0374807
-0.0347932
-0.0323838
-0.0302129
-0.0282484
-0.026464
-0.0248376
-0.0233512
-0.0219894
-0.0207392
-0.0195898
-0.0185318
-0.0175573
-0.0166595
-0.0158324
-0.015071
-0.0143705
-0.0137273
-0.0131403
-0.0126081
-0.0121009
-0.0115195
-0.0790988
-0.0701377
-0.0629268
-0.0569079
-0.0517636
-0.0473229
-0.043458
-0.0400643
-0.0370617
-0.0343878
-0.0319926
-0.0298363
-0.0278864
-0.0261162
-0.0245037
-0.0230305
-0.0216812
-0.020443
-0.019305
-0.0182577
-0.0172934
-0.0164052
-0.0155874
-0.014835
-0.0141432
-0.0135087
-0.0129317
-0.0124113
-0.0119031
-0.0112689
-0.0786319
-0.0696229
-0.062367
-0.0563252
-0.0511734
-0.046736
-0.0428804
-0.0395002
-0.0365142
-0.0338586
-0.0314826
-0.0293456
-0.0274149
-0.0256633
-0.0240688
-0.0226127
-0.0212798
-0.020057
-0.0189335
-0.0179
-0.0169486
-0.0160728
-0.0152668
-0.0145257
-0.013845
-0.0132214
-0.012657
-0.0121508
-0.0116415
-0.0109497
-0.0780366
-0.0689655
-0.0616583
-0.0555906
-0.0504316
-0.0460001
-0.0421577
-0.0387961
-0.035832
-0.0332
-0.0308486
-0.0287363
-0.0268296
-0.0251015
-0.0235293
-0.0220944
-0.0207815
-0.0195776
-0.0184718
-0.0174549
-0.0165192
-0.0156582
-0.0148663
-0.0141388
-0.0134712
-0.0128609
-0.0123114
-0.0118214
-0.0113114
-0.0105637
-0.0773034
-0.0681508
-0.0607906
-0.0546949
-0.0495305
-0.0451085
-0.0412848
-0.0379478
-0.0350118
-0.0324097
-0.0300887
-0.0280066
-0.0261293
-0.0244293
-0.0228839
-0.0214743
-0.0201851
-0.0190032
-0.017918
-0.0169204
-0.0160028
-0.0151588
-0.0143832
-0.0136712
-0.0130186
-0.0124234
-0.0118909
-0.0114185
-0.0109093
-0.010115
-0.0764103
-0.0671758
-0.0597565
-0.0536321
-0.0484658
-0.044059
-0.0402608
-0.0369556
-0.0340547
-0.0314893
-0.029205
-0.0271589
-0.0253162
-0.0236491
-0.0221346
-0.020754
-0.0194917
-0.0183348
-0.0172728
-0.0162966
-0.015399
-0.0145738
-0.0138159
-0.0131209
-0.0124848
-0.0119064
-0.0113924
-0.0109387
-0.0104332
-0.00961003
-0.0753508
-0.0660329
-0.0585477
-0.0523967
-0.0472352
-0.0428521
-0.0390884
-0.0358239
-0.0329665
-0.0304451
-0.0282043
-0.0261999
-0.024397
-0.0227672
-0.0212874
-0.0199388
-0.018706
-0.0175763
-0.0165392
-0.015586
-0.0147095
-0.013904
-0.0131648
-0.0124877
-0.0118693
-0.0113089
-0.0108144
-0.0103799
-0.00988257
-0.00905722
-0.0741244
-0.0646911
-0.0571374
-0.0509663
-0.0458217
-0.0414761
-0.0377607
-0.0345494
-0.0317466
-0.0292792
-0.0270901
-0.0251347
-0.0233774
-0.0217896
-0.0203484
-0.0190351
-0.0178342
-0.0167334
-0.0157224
-0.0147929
-0.0139381
-0.0131527
-0.0124323
-0.0117734
-0.0111729
-0.0106311
-0.0101565
-0.0097411
-0.00925807
-0.00846581
-0.0727192
-0.0631011
-0.0554738
-0.0492916
-0.0441814
-0.0398921
-0.036243
-0.0331013
-0.0303679
-0.0279671
-0.0258409
-0.023944
-0.0222404
-0.0207016
-0.0193047
-0.0180311
-0.0168658
-0.0157968
-0.014814
-0.0139098
-0.0130777
-0.0123131
-0.011612
-0.0109717
-0.0103899
-0.00986769
-0.00941378
-0.00901847
-0.00855956
-0.00784565
-0.0711819
-0.0613374
-0.0536514
-0.0474709
-0.0424056
-0.0381798
-0.0346016
-0.0315325
-0.0288701
-0.0265372
-0.0244746
-0.0226364
-0.0209867
-0.0194969
-0.0181441
-0.0169102
-0.0157803
-0.0147427
-0.0137881
-0.0129091
-0.0121003
-0.0113574
-0.0106778
-0.0100594
-0.00950157
-0.0090066
-0.00858204
-0.00821514
-0.00779791
-0.0072167
-0.0698453
-0.0599684
-0.0523699
-0.0462352
-0.0412104
-0.0370201
-0.0334742
-0.0304348
-0.0277993
-0.0254903
-0.0234487
-0.0216287
-0.0199944
-0.0185172
-0.0171747
-0.0159489
-0.0148255
-0.0137934
-0.012844
-0.0119707
-0.0111691
-0.010436
-0.00976948
-0.00916869
-0.00863371
-0.00816617
-0.00776739
-0.00741688
-0.0070336
-0.00661168
-0.0693275
-0.0597299
-0.0525151
-0.0465365
-0.0415873
-0.0374334
-0.0339041
-0.0308703
-0.0282332
-0.0259177
-0.0238656
-0.0220317
-0.0203804
-0.0188829
-0.0175164
-0.0162619
-0.015104
-0.0140299
-0.0130291
-0.012093
-0.0112149
-0.0103901
-0.0096159
-0.00889133
-0.00821809
-0.00760188
-0.00704903
-0.00655195
-0.00609831
-0.00583701
-0.00641255
-0.00672233
-0.0070451
-0.00737135
-0.00767311
-0.00794451
-0.00818762
-0.00840399
-0.00859432
-0.00875936
-0.00890013
-0.00901776
-0.00911352
-0.00918869
-0.00924459
-0.00928254
-0.00930386
-0.00930982
-0.00930164
-0.00928051
-0.00924755
-0.00920382
-0.00915033
-0.009088
-0.00901771
-0.00894027
-0.00885643
-0.00876688
-0.00867226
-0.00857314
-0.00847007
-0.00836351
-0.00825391
-0.00814166
-0.00802713
-0.00791062
-0.00779243
-0.00767281
-0.00755198
-0.00743016
-0.00730751
-0.00718419
-0.00706034
-0.00693608
-0.0068115
-0.00668671
-0.00656177
-0.00643675
-0.00631172
-0.00618674
-0.00606187
-0.00593684
-0.00581181
-0.00568696
-0.00556229
-0.00543778
-0.00531344
-0.00518926
-0.00506525
-0.00494141
-0.00481772
-0.00469419
-0.0045708
-0.00444757
-0.00432448
-0.00420152
-0.00407869
-0.00395598
-0.00383338
-0.00371089
-0.00358849
-0.0034662
-0.00334399
-0.00322186
-0.0030998
-0.00297781
-0.0028559
-0.00273404
-0.00261223
-0.00249046
-0.00236875
-0.00224707
-0.00212544
-0.00200384
-0.00188227
-0.00176072
-0.0016392
-0.0015177
-0.00139622
-0.00127477
-0.00115336
-0.00103198
-0.000910595
-0.000789208
-0.000667825
-0.00054643
-0.000424989
-0.000303545
-0.000182135
-6.07314e-05
-0.00724751
-0.00729387
-0.00747089
-0.00769609
-0.00790578
-0.00809269
-0.00826153
-0.00841398
-0.00854998
-0.00866946
-0.00877265
-0.00885989
-0.00893164
-0.00898844
-0.0090309
-0.00905967
-0.00907546
-0.00907899
-0.00907101
-0.00905224
-0.00902343
-0.0089853
-0.00893855
-0.00888385
-0.00882185
-0.00875317
-0.0086784
-0.00859808
-0.00851273
-0.00842284
-0.00832885
-0.00823118
-0.00813022
-0.00802632
-0.00791981
-0.00781098
-0.0077001
-0.00758742
-0.00747317
-0.00735754
-0.00724071
-0.00712285
-0.0070041
-0.00688459
-0.00676444
-0.00664374
-0.00652258
-0.00640105
-0.00627919
-0.00615703
-0.00603459
-0.00591221
-0.00578981
-0.00566725
-0.00554461
-0.00542192
-0.00529923
-0.00517655
-0.00505389
-0.00493126
-0.00480867
-0.00468613
-0.00456365
-0.00444123
-0.00431886
-0.00419655
-0.0040743
-0.00395211
-0.00382998
-0.0037079
-0.00358588
-0.00346392
-0.003342
-0.00322014
-0.00309831
-0.00297653
-0.00285479
-0.00273309
-0.00261142
-0.00248979
-0.00236818
-0.0022466
-0.00212504
-0.00200351
-0.00188201
-0.00176053
-0.00163906
-0.00151761
-0.00139617
-0.00127474
-0.00115334
-0.00103195
-0.00091058
-0.000789231
-0.000667893
-0.000546518
-0.000425078
-0.000303638
-0.000182237
-6.08096e-05
-0.00800392
-0.00784068
-0.00788621
-0.00802447
-0.00815878
-0.00827721
-0.00838588
-0.00848638
-0.00857787
-0.00865954
-0.00873095
-0.00879185
-0.00884211
-0.00888172
-0.00891076
-0.00892944
-0.008938
-0.00893678
-0.00892615
-0.00890654
-0.0088784
-0.00884217
-0.00879835
-0.00874741
-0.00868981
-0.00862604
-0.00855654
-0.00848175
-0.00840209
-0.00831796
-0.00822975
-0.00813782
-0.0080425
-0.00794412
-0.00784295
-0.00773929
-0.00763338
-0.00752545
-0.00741572
-0.00730439
-0.00719163
-0.00707761
-0.00696247
-0.00684635
-0.00672937
-0.00661163
-0.00649324
-0.00637428
-0.00625483
-0.00613495
-0.00601472
-0.00589416
-0.00577334
-0.00565229
-0.00553107
-0.00540969
-0.0052882
-0.00516662
-0.00504496
-0.00492324
-0.00480149
-0.00467971
-0.00455791
-0.0044361
-0.00431429
-0.00419249
-0.00407069
-0.00394891
-0.00382715
-0.00370541
-0.00358368
-0.00346198
-0.0033403
-0.00321865
-0.00309701
-0.0029754
-0.00285381
-0.00273224
-0.00261069
-0.00248916
-0.00236765
-0.00224615
-0.00212467
-0.00200321
-0.00188176
-0.00176032
-0.0016389
-0.00151748
-0.00139607
-0.00127468
-0.0011533
-0.00103192
-0.000910553
-0.000789229
-0.000667924
-0.00054657
-0.000425144
-0.000303708
-0.000182309
-6.08753e-05
-0.00867358
-0.00836005
-0.00830162
-0.00836307
-0.00842966
-0.00848689
-0.00854152
-0.00859488
-0.00864551
-0.008692
-0.00873339
-0.00876894
-0.00879804
-0.00882024
-0.0088352
-0.00884273
-0.00884272
-0.00883518
-0.00882018
-0.00879787
-0.00876846
-0.00873218
-0.00868932
-0.00864017
-0.00858506
-0.00852431
-0.00845827
-0.00838727
-0.00831163
-0.00823169
-0.00814777
-0.00806016
-0.00796916
-0.00787504
-0.00777807
-0.00767849
-0.00757654
-0.00747243
-0.00736637
-0.00725855
-0.00714912
-0.00703827
-0.00692613
-0.00681283
-0.00669851
-0.00658326
-0.0064672
-0.00635042
-0.00623299
-0.00611499
-0.0059965
-0.00587757
-0.00575824
-0.00563859
-0.00551864
-0.00539845
-0.00527803
-0.00515744
-0.00503668
-0.00491579
-0.00479479
-0.00467369
-0.00455251
-0.00443126
-0.00430997
-0.00418863
-0.00406725
-0.00394585
-0.00382443
-0.00370299
-0.00358155
-0.00346009
-0.00333864
-0.00321718
-0.00309572
-0.00297427
-0.00285282
-0.00273138
-0.00260995
-0.00248852
-0.00236709
-0.00224568
-0.00212427
-0.00200286
-0.00188147
-0.00176009
-0.00163872
-0.00151733
-0.00139596
-0.0012746
-0.00115324
-0.00103188
-0.000910527
-0.000789219
-0.000667929
-0.000546591
-0.000425178
-0.000303758
-0.000182384
-6.0951e-05
-0.00926433
-0.00884263
-0.00870291
-0.00869553
-0.00869988
-0.00870154
-0.0087072
-0.00871767
-0.00873087
-0.00874495
-0.00875848
-0.00877028
-0.00877934
-0.0087848
-0.00878599
-0.00878236
-0.00877351
-0.00875916
-0.00873913
-0.00871332
-0.00868173
-0.0086444
-0.00860144
-0.00855301
-0.00849927
-0.00844045
-0.00837678
-0.00830849
-0.00823583
-0.00815907
-0.00807845
-0.00799422
-0.00790664
-0.00781595
-0.00772237
-0.00762613
-0.00752743
-0.00742649
-0.00732348
-0.00721858
-0.00711197
-0.00700379
-0.00689419
-0.0067833
-0.00667124
-0.00655814
-0.00644408
-0.00632918
-0.00621351
-0.00609715
-0.00598018
-0.00586266
-0.00574466
-0.00562622
-0.0055074
-0.00538824
-0.00526879
-0.00514906
-0.00502911
-0.00490896
-0.00478863
-0.00466815
-0.00454753
-0.00442679
-0.00430595
-0.00418503
-0.00406403
-0.00394298
-0.00382187
-0.00370072
-0.00357953
-0.0034583
-0.00333705
-0.00321578
-0.00309449
-0.00297318
-0.00285187
-0.00273054
-0.00260921
-0.00248788
-0.00236655
-0.00224521
-0.00212387
-0.00200254
-0.00188119
-0.00175985
-0.00163851
-0.00151718
-0.00139584
-0.00127451
-0.00115318
-0.00103184
-0.000910505
-0.000789203
-0.000667922
-0.000546596
-0.000425193
-0.000303793
-0.000182458
-6.10317e-05
-0.00977145
-0.00927791
-0.00907515
-0.00900692
-0.00895558
-0.00890808
-0.00887054
-0.00884301
-0.00882294
-0.00880805
-0.00879655
-0.00878686
-0.00877763
-0.00876768
-0.00875602
-0.00874182
-0.00872443
-0.00870332
-0.00867809
-0.00864845
-0.00861421
-0.00857525
-0.00853154
-0.00848309
-0.00842996
-0.00837227
-0.00831014
-0.00824373
-0.00817323
-0.00809883
-0.00802072
-0.00793912
-0.00785422
-0.00776623
-0.00767536
-0.0075818
-0.00748575
-0.00738738
-0.00728687
-0.00718439
-0.0070801
-0.00697415
-0.00686667
-0.0067578
-0.00664765
-0.00653635
-0.006424
-0.00631069
-0.00619651
-0.00608156
-0.00596589
-0.00584959
-0.00573272
-0.00561533
-0.00549748
-0.00537922
-0.00526059
-0.00514163
-0.00502238
-0.00490287
-0.00478312
-0.00466318
-0.00454305
-0.00442276
-0.00430233
-0.00418179
-0.00406113
-0.00394038
-0.00381955
-0.00369865
-0.00357768
-0.00345666
-0.0033356
-0.00321449
-0.00309335
-0.00297218
-0.00285099
-0.00272977
-0.00260854
-0.00248729
-0.00236603
-0.00224477
-0.00212349
-0.00200221
-0.00188092
-0.00175963
-0.00163833
-0.00151703
-0.00139572
-0.00127442
-0.00115311
-0.0010318
-0.000910485
-0.000789183
-0.000667908
-0.000546597
-0.000425212
-0.000303832
-0.000182527
-6.11072e-05
-0.0101963
-0.00966214
-0.00941102
-0.0092891
-0.00918859
-0.00909835
-0.00902338
-0.00896287
-0.00891384
-0.00887367
-0.00884024
-0.00881164
-0.00878621
-0.00876251
-0.00873927
-0.00871546
-0.00869018
-0.00866272
-0.00863249
-0.00859904
-0.00856202
-0.00852118
-0.00847636
-0.00842745
-0.00837443
-0.00831731
-0.00825615
-0.00819103
-0.00812207
-0.0080494
-0.00797319
-0.00789359
-0.00781078
-0.00772492
-0.00763619
-0.00754478
-0.00745084
-0.00735455
-0.00725608
-0.00715557
-0.00705318
-0.00694906
-0.00684333
-0.00673613
-0.00662757
-0.00651777
-0.00640684
-0.00629486
-0.00618195
-0.00606817
-0.0059536
-0.00583833
-0.00572241
-0.00560592
-0.00548889
-0.00537139
-0.00525347
-0.00513516
-0.00501651
-0.00489755
-0.00477831
-0.00465883
-0.00453912
-0.00441922
-0.00429915
-0.00417893
-0.00405857
-0.00393809
-0.0038175
-0.00369681
-0.00357605
-0.0034552
-0.0033343
-0.00321334
-0.00309233
-0.00297128
-0.00285019
-0.00272907
-0.00260792
-0.00248676
-0.00236557
-0.00224437
-0.00212315
-0.00200191
-0.00188067
-0.00175942
-0.00163816
-0.0015169
-0.00139562
-0.00127434
-0.00115306
-0.00103177
-0.000910463
-0.00078917
-0.000667903
-0.000546606
-0.000425236
-0.000303872
-0.000182588
-6.11776e-05
-0.0105434
-0.00999418
-0.0097064
-0.00953745
-0.00939419
-0.00926744
-0.00916061
-0.00907199
-0.00899826
-0.00893651
-0.0088843
-0.00883945
-0.00880006
-0.00876443
-0.0087311
-0.00869883
-0.00866655
-0.00863338
-0.00859859
-0.00856158
-0.00852188
-0.00847913
-0.00843306
-0.00838349
-0.00833028
-0.00827338
-0.00821279
-0.00814853
-0.00808066
-0.00800927
-0.00793448
-0.00785641
-0.0077752
-0.007691
-0.00760396
-0.00751424
-0.007422
-0.00732738
-0.00723054
-0.00713163
-0.00703078
-0.00692814
-0.00682384
-0.00671801
-0.00661075
-0.00650219
-0.00639242
-0.00628156
-0.00616968
-0.00605688
-0.00594323
-0.00582881
-0.00571369
-0.00559794
-0.0054816
-0.00536474
-0.00524741
-0.00512965
-0.0050115
-0.00489301
-0.00477419
-0.0046551
-0.00453576
-0.00441619
-0.00429642
-0.00417648
-0.00405636
-0.00393611
-0.00381572
-0.00369523
-0.00357463
-0.00345394
-0.00333317
-0.00321234
-0.00309144
-0.00297049
-0.0028495
-0.00272846
-0.00260739
-0.00248629
-0.00236517
-0.00224401
-0.00212284
-0.00200165
-0.00188045
-0.00175924
-0.00163801
-0.00151678
-0.00139553
-0.00127427
-0.00115301
-0.00103173
-0.000910446
-0.000789165
-0.000667907
-0.00054662
-0.000425262
-0.000303907
-0.00018264
-6.12419e-05
-0.0108193
-0.0102746
-0.00995924
-0.00974969
-0.00957006
-0.00941275
-0.00927935
-0.0091673
-0.00907297
-0.00899321
-0.00892531
-0.00886686
-0.00881573
-0.00877004
-0.00872817
-0.00868869
-0.00865041
-0.0086123
-0.00857352
-0.00853335
-0.00849123
-0.0084467
-0.00839941
-0.00834908
-0.00829554
-0.00823867
-0.00817839
-0.00811468
-0.00804758
-0.00797712
-0.00790338
-0.00782647
-0.0077465
-0.00766358
-0.00757786
-0.00748947
-0.00739856
-0.00730526
-0.00720972
-0.00711208
-0.00701247
-0.00691102
-0.00680787
-0.00670314
-0.00659693
-0.00648937
-0.00638056
-0.00627059
-0.00615955
-0.00604755
-0.00593465
-0.00582093
-0.00570646
-0.00559132
-0.00547555
-0.00535922
-0.00524237
-0.00512506
-0.00500733
-0.00488922
-0.00477075
-0.00465197
-0.00453292
-0.00441364
-0.00429414
-0.00417442
-0.00405452
-0.00393445
-0.00381424
-0.0036939
-0.00357344
-0.00345287
-0.00333222
-0.00321149
-0.00309069
-0.00296983
-0.00284891
-0.00272795
-0.00260694
-0.00248589
-0.00236482
-0.00224372
-0.00212258
-0.00200143
-0.00188027
-0.00175908
-0.00163788
-0.00151667
-0.00139545
-0.00127422
-0.00115297
-0.00103171
-0.000910436
-0.000789163
-0.000667911
-0.000546633
-0.000425287
-0.00030394
-0.000182686
-6.12995e-05
-0.011032
-0.0105051
-0.0101692
-0.00992536
-0.00971563
-0.00953339
-0.00937839
-0.00924729
-0.00913624
-0.00904185
-0.0089612
-0.00889167
-0.00883097
-0.00877706
-0.00872817
-0.00868276
-0.0086395
-0.00859728
-0.00855515
-0.0085123
-0.0084681
-0.008422
-0.00837359
-0.00832255
-0.00826864
-0.00821167
-0.00815155
-0.0080882
-0.00802163
-0.00795184
-0.00787888
-0.00780284
-0.0077238
-0.00764186
-0.00755715
-0.00746979
-0.00737991
-0.00728764
-0.00719311
-0.00709646
-0.00699782
-0.00689732
-0.00679508
-0.00669121
-0.00658584
-0.00647907
-0.00637101
-0.00626176
-0.0061514
-0.00604003
-0.00592772
-0.00581456
-0.00570062
-0.00558596
-0.00547065
-0.00535474
-0.00523829
-0.00512134
-0.00500395
-0.00488614
-0.00476796
-0.00464945
-0.00453065
-0.00441158
-0.00429226
-0.00417273
-0.00405299
-0.00393308
-0.00381301
-0.0036928
-0.00357245
-0.003452
-0.00333145
-0.0032108
-0.00309008
-0.00296928
-0.00284843
-0.00272752
-0.00260656
-0.00248557
-0.00236454
-0.00224347
-0.00212237
-0.00200125
-0.00188011
-0.00175895
-0.00163778
-0.00151659
-0.00139539
-0.00127418
-0.00115295
-0.0010317
-0.00091043
-0.000789165
-0.00066792
-0.000546648
-0.000425304
-0.000303962
-0.000182722
-6.13499e-05
-0.0111899
-0.0106885
-0.0103372
-0.0100653
-0.00983157
-0.00962969
-0.00945768
-0.0093116
-0.00918741
-0.00908153
-0.00899086
-0.00891263
-0.00884439
-0.008784
-0.00872955
-0.00867943
-0.00863222
-0.0085867
-0.00854187
-0.00849686
-0.00845095
-0.00840356
-0.00835421
-0.00830254
-0.00824826
-0.00819117
-0.0081311
-0.00806799
-0.00800178
-0.00793247
-0.00786008
-0.00778467
-0.00770632
-0.00762512
-0.00754117
-0.00745458
-0.00736548
-0.00727399
-0.00718024
-0.00708436
-0.00698646
-0.00688668
-0.00678513
-0.00668193
-0.00657721
-0.00647105
-0.00636357
-0.00625487
-0.00614503
-0.00603415
-0.00592231
-0.00580959
-0.00569605
-0.00558177
-0.00546681
-0.00535123
-0.00523508
-0.00511842
-0.00500128
-0.00488372
-0.00476577
-0.00464747
-0.00452885
-0.00440995
-0.00429079
-0.0041714
-0.0040518
-0.00393201
-0.00381205
-0.00369193
-0.00357168
-0.00345131
-0.00333083
-0.00321026
-0.00308959
-0.00296885
-0.00284804
-0.00272718
-0.00260627
-0.00248531
-0.00236431
-0.00224327
-0.0021222
-0.00200111
-0.00187999
-0.00175885
-0.0016377
-0.00151653
-0.00139534
-0.00127414
-0.00115293
-0.00103169
-0.000910428
-0.000789169
-0.000667924
-0.000546657
-0.000425327
-0.00030399
-0.000182751
-6.13919e-05
-0.0113019
-0.0108279
-0.0104652
-0.0101715
-0.00991945
-0.00970279
-0.00951797
-0.00936064
-0.00922658
-0.00911208
-0.00901389
-0.00892913
-0.00885523
-0.00878994
-0.00873132
-0.00867763
-0.00862742
-0.00857941
-0.00853252
-0.00848585
-0.00843862
-0.00839022
-0.00834014
-0.00828796
-0.00823338
-0.00817615
-0.0081161
-0.00805313
-0.00798716
-0.00791818
-0.0078462
-0.00777125
-0.0076934
-0.00761272
-0.00752932
-0.0074433
-0.00735478
-0.00726386
-0.00717068
-0.00707535
-0.006978
-0.00687875
-0.00677772
-0.00667502
-0.00657076
-0.00646506
-0.00635802
-0.00624972
-0.00614027
-0.00602976
-0.00591826
-0.00580586
-0.00569263
-0.00557863
-0.00546394
-0.0053486
-0.00523268
-0.00511623
-0.00499929
-0.0048819
-0.00476412
-0.00464597
-0.0045275
-0.00440873
-0.00428969
-0.0041704
-0.0040509
-0.0039312
-0.00381132
-0.00369128
-0.0035711
-0.00345079
-0.00333037
-0.00320984
-0.00308922
-0.00296852
-0.00284776
-0.00272693
-0.00260605
-0.00248511
-0.00236414
-0.00224312
-0.00212208
-0.002001
-0.0018799
-0.00175878
-0.00163763
-0.00151648
-0.00139531
-0.00127413
-0.00115292
-0.00103168
-0.000910434
-0.00078918
-0.000667935
-0.000546668
-0.000425339
-0.000304003
-0.000182769
-6.14267e-05
-0.0113759
-0.0109268
-0.0105559
-0.0102463
-0.00998138
-0.00975434
-0.00956054
-0.00939531
-0.00925434
-0.00913381
-0.00903036
-0.00894101
-0.00886314
-0.00879443
-0.00873287
-0.00867668
-0.00862436
-0.00857458
-0.00852624
-0.00847839
-0.00843023
-0.0083811
-0.00833049
-0.00827794
-0.00822313
-0.00816579
-0.00810574
-0.00804286
-0.00797705
-0.00790829
-0.00783657
-0.00776193
-0.00768442
-0.00760411
-0.00752109
-0.00743546
-0.00734733
-0.00725681
-0.00716402
-0.00706908
-0.00697211
-0.00687322
-0.00677255
-0.00667019
-0.00656627
-0.00646088
-0.00635414
-0.00624613
-0.00613695
-0.00602669
-0.00591543
-0.00580326
-0.00569024
-0.00557644
-0.00546192
-0.00534676
-0.005231
-0.00511469
-0.00499789
-0.00488063
-0.00476297
-0.00464493
-0.00452655
-0.00440787
-0.00428891
-0.0041697
-0.00405027
-0.00393063
-0.00381081
-0.00369083
-0.00357069
-0.00345043
-0.00333005
-0.00320956
-0.00308897
-0.0029683
-0.00284756
-0.00272675
-0.00260589
-0.00248498
-0.00236402
-0.00224302
-0.00212199
-0.00200092
-0.00187984
-0.00175872
-0.00163759
-0.00151645
-0.0013953
-0.00127411
-0.00115291
-0.00103169
-0.000910447
-0.000789196
-0.000667946
-0.000546678
-0.000425357
-0.000304018
-0.000182771
-6.14477e-05
-0.0114192
-0.0109888
-0.0106124
-0.0102927
-0.0100198
-0.00978629
-0.00958692
-0.0094168
-0.00927155
-0.00914729
-0.00904059
-0.00894841
-0.00886809
-0.00879726
-0.00873388
-0.00867614
-0.00862251
-0.00857164
-0.00852239
-0.00847381
-0.00842506
-0.00837549
-0.00832454
-0.00827176
-0.0082168
-0.0081594
-0.00809935
-0.00803651
-0.0079708
-0.00790217
-0.00783062
-0.00775617
-0.00767887
-0.00759878
-0.007516
-0.00743061
-0.00734272
-0.00725244
-0.00715989
-0.00706519
-0.00696846
-0.0068698
-0.00676935
-0.0066672
-0.00656348
-0.00645829
-0.00635173
-0.0062439
-0.00613489
-0.00602479
-0.00591368
-0.00580165
-0.00568876
-0.00557507
-0.00546067
-0.00534562
-0.00522995
-0.00511374
-0.00499702
-0.00487985
-0.00476225
-0.00464428
-0.00452597
-0.00440734
-0.00428843
-0.00416927
-0.00404988
-0.00393028
-0.0038105
-0.00369055
-0.00357044
-0.0034502
-0.00332984
-0.00320937
-0.00308881
-0.00296816
-0.00284743
-0.00272664
-0.0026058
-0.0024849
-0.00236395
-0.00224296
-0.00212193
-0.00200088
-0.00187981
-0.0017587
-0.00163757
-0.00151643
-0.00139529
-0.00127413
-0.00115292
-0.00103169
-0.000910451
-0.000789211
-0.000667955
-0.000546673
-0.000425351
-0.000304018
-0.000182782
-6.1474e-05
-0.0114379
-0.0110175
-0.0106383
-0.0103138
-0.0100372
-0.00980083
-0.0095989
-0.00942654
-0.00927934
-0.00915337
-0.00904518
-0.00895171
-0.00887026
-0.00879846
-0.00873425
-0.0086758
-0.00862157
-0.0085702
-0.00852055
-0.00847162
-0.00842262
-0.00837284
-0.00832174
-0.00826886
-0.00821384
-0.0081564
-0.00809635
-0.00803354
-0.00796788
-0.00789932
-0.00782785
-0.00775349
-0.00767629
-0.0075963
-0.00751363
-0.00742835
-0.00734058
-0.00725041
-0.00715798
-0.00706339
-0.00696676
-0.00686822
-0.00676787
-0.00666582
-0.0065622
-0.0064571
-0.00635062
-0.00624287
-0.00613394
-0.0060239
-0.00591288
-0.00580092
-0.00568808
-0.00557444
-0.0054601
-0.00534509
-0.00522948
-0.0051133
-0.00499663
-0.00487949
-0.00476193
-0.00464399
-0.0045257
-0.0044071
-0.00428822
-0.00416907
-0.0040497
-0.00393012
-0.00381036
-0.00369042
-0.00357033
-0.0034501
-0.00332975
-0.00320929
-0.00308874
-0.0029681
-0.00284738
-0.0027266
-0.00260576
-0.00248486
-0.00236392
-0.00224294
-0.00212191
-0.00200086
-0.00187979
-0.00175869
-0.00163756
-0.00151643
-0.00139528
-0.0012741
-0.00115291
-0.0010317
-0.000910472
-0.000789237
-0.000667985
-0.000546695
-0.000425366
-0.000304021
-0.00018277
-6.148e-05
-0.0114382
-0.0110178
-0.0106385
-0.0103141
-0.0100375
-0.00980104
-0.00959911
-0.00942674
-0.00927952
-0.00915355
-0.00904535
-0.00895187
-0.00887041
-0.00879861
-0.00873438
-0.00867593
-0.00862169
-0.00857032
-0.00852066
-0.00847173
-0.00842272
-0.00837294
-0.00832183
-0.00826894
-0.00821392
-0.00815648
-0.00809643
-0.00803361
-0.00796795
-0.00789938
-0.00782791
-0.00775354
-0.00767634
-0.00759635
-0.00751367
-0.00742839
-0.00734062
-0.00725045
-0.00715802
-0.00706343
-0.0069668
-0.00686825
-0.0067679
-0.00666585
-0.00656222
-0.00645712
-0.00635065
-0.0062429
-0.00613396
-0.00602392
-0.0059129
-0.00580094
-0.00568809
-0.00557446
-0.00546011
-0.0053451
-0.00522949
-0.00511332
-0.00499664
-0.0048795
-0.00476194
-0.004644
-0.00452571
-0.00440711
-0.00428822
-0.00416908
-0.00404971
-0.00393013
-0.00381037
-0.00369043
-0.00357033
-0.00345011
-0.00332976
-0.0032093
-0.00308875
-0.0029681
-0.00284738
-0.0027266
-0.00260577
-0.00248487
-0.00236393
-0.00224295
-0.00212192
-0.00200087
-0.00187979
-0.00175869
-0.00163757
-0.00151643
-0.00139527
-0.0012741
-0.00115291
-0.0010317
-0.000910481
-0.00078925
-0.000668001
-0.00054671
-0.000425373
-0.000304024
-0.000182776
-6.14832e-05
-0.01142
-0.0109896
-0.0106132
-0.0102934
-0.0100204
-0.00978693
-0.00958753
-0.00941738
-0.00927211
-0.00914782
-0.00904109
-0.00894889
-0.00886854
-0.00879769
-0.00873428
-0.00867653
-0.00862287
-0.00857199
-0.00852272
-0.00847412
-0.00842536
-0.00837577
-0.0083248
-0.00827201
-0.00821704
-0.00815962
-0.00809956
-0.00803671
-0.00797099
-0.00790236
-0.0078308
-0.00775634
-0.00767902
-0.00759893
-0.00751613
-0.00743074
-0.00734284
-0.00725256
-0.00716
-0.0070653
-0.00696855
-0.00686989
-0.00676944
-0.00666729
-0.00656356
-0.00645836
-0.0063518
-0.00624397
-0.00613496
-0.00602484
-0.00591373
-0.0058017
-0.00568881
-0.00557512
-0.00546072
-0.00534566
-0.00522999
-0.00511378
-0.00499706
-0.00487988
-0.00476229
-0.00464431
-0.004526
-0.00440737
-0.00428846
-0.00416929
-0.0040499
-0.00393031
-0.00381053
-0.00369057
-0.00357046
-0.00345022
-0.00332986
-0.00320939
-0.00308883
-0.00296818
-0.00284745
-0.00272666
-0.00260582
-0.00248492
-0.00236397
-0.00224298
-0.00212196
-0.0020009
-0.00187982
-0.00175871
-0.00163758
-0.00151644
-0.00139529
-0.00127411
-0.00115293
-0.00103172
-0.000910483
-0.000789247
-0.000668001
-0.000546724
-0.000425397
-0.000304041
-0.000182777
-6.1464e-05
-0.0113773
-0.0109282
-0.0105572
-0.0102475
-0.00998249
-0.00975539
-0.00956154
-0.00939626
-0.00925524
-0.00913466
-0.00903117
-0.00894179
-0.00886388
-0.00879513
-0.00873353
-0.00867731
-0.00862496
-0.00857515
-0.00852678
-0.0084789
-0.00843071
-0.00838156
-0.00833092
-0.00827835
-0.00822352
-0.00816616
-0.0081061
-0.00804319
-0.00797736
-0.00790859
-0.00783686
-0.0077622
-0.00768467
-0.00760435
-0.00752132
-0.00743567
-0.00734753
-0.007257
-0.0071642
-0.00706925
-0.00697227
-0.00687338
-0.00677269
-0.00667033
-0.0065664
-0.006461
-0.00635425
-0.00624624
-0.00613705
-0.00602679
-0.00591552
-0.00580334
-0.00569032
-0.00557651
-0.00546199
-0.00534683
-0.00523106
-0.00511475
-0.00499795
-0.00488069
-0.00476302
-0.00464498
-0.0045266
-0.00440792
-0.00428896
-0.00416974
-0.00405031
-0.00393067
-0.00381086
-0.00369087
-0.00357073
-0.00345046
-0.00333007
-0.00320958
-0.003089
-0.00296833
-0.00284759
-0.00272678
-0.00260592
-0.00248501
-0.00236406
-0.00224306
-0.00212203
-0.00200096
-0.00187986
-0.00175874
-0.00163761
-0.00151648
-0.00139532
-0.00127413
-0.00115293
-0.00103172
-0.000910496
-0.000789255
-0.000668005
-0.000546732
-0.000425407
-0.00030405
-0.000182777
-6.14411e-05
-0.0113038
-0.0108297
-0.0104669
-0.0101731
-0.00992097
-0.00970422
-0.00951934
-0.00936194
-0.00922781
-0.00911325
-0.009015
-0.00893018
-0.00885623
-0.00879089
-0.00873222
-0.00867849
-0.00862823
-0.00858018
-0.00853325
-0.00848654
-0.00843928
-0.00839085
-0.00834073
-0.00828852
-0.00823391
-0.00817665
-0.00811658
-0.00805358
-0.00798759
-0.00791859
-0.00784658
-0.00777161
-0.00769374
-0.00761305
-0.00752963
-0.0074436
-0.00735505
-0.00726412
-0.00717092
-0.00707558
-0.00697822
-0.00687896
-0.00677791
-0.0066752
-0.00657094
-0.00646523
-0.00635817
-0.00624987
-0.00614042
-0.0060299
-0.00591839
-0.00580598
-0.00569274
-0.00557873
-0.00546403
-0.0053487
-0.00523277
-0.00511631
-0.00499937
-0.00488198
-0.0047642
-0.00464605
-0.00452757
-0.00440879
-0.00428975
-0.00417046
-0.00405096
-0.00393125
-0.00381138
-0.00369134
-0.00357115
-0.00345084
-0.00333041
-0.00320988
-0.00308927
-0.00296857
-0.0028478
-0.00272697
-0.00260609
-0.00248516
-0.00236419
-0.00224317
-0.00212213
-0.00200105
-0.00187995
-0.00175882
-0.00163767
-0.00151652
-0.00139535
-0.00127416
-0.00115296
-0.00103174
-0.000910502
-0.000789251
-0.000667999
-0.000546729
-0.000425405
-0.000304047
-0.000182769
-6.14125e-05
-0.0111923
-0.0106907
-0.0103393
-0.0100673
-0.00983346
-0.00963148
-0.00945937
-0.00931322
-0.00918893
-0.00908298
-0.00899224
-0.00891394
-0.00884563
-0.00878517
-0.00873067
-0.00868049
-0.00863322
-0.00858766
-0.00854278
-0.00849772
-0.00845176
-0.00840433
-0.00835494
-0.00830324
-0.00824892
-0.00819179
-0.0081317
-0.00806855
-0.00800231
-0.00793297
-0.00786056
-0.00778513
-0.00770675
-0.00762552
-0.00754155
-0.00745495
-0.00736583
-0.00727432
-0.00718055
-0.00708465
-0.00698673
-0.00688694
-0.00678537
-0.00668217
-0.00657742
-0.00647126
-0.00636377
-0.00625505
-0.00614521
-0.00603432
-0.00592247
-0.00580974
-0.00569618
-0.00558189
-0.00546694
-0.00535136
-0.0052352
-0.00511853
-0.00500139
-0.00488382
-0.00476587
-0.00464756
-0.00452894
-0.00441003
-0.00429087
-0.00417148
-0.00405187
-0.00393208
-0.00381212
-0.003692
-0.00357174
-0.00345137
-0.00333089
-0.00321031
-0.00308965
-0.00296891
-0.0028481
-0.00272724
-0.00260633
-0.00248537
-0.00236437
-0.00224333
-0.00212227
-0.00200117
-0.00188005
-0.00175891
-0.00163776
-0.00151659
-0.0013954
-0.0012742
-0.00115299
-0.00103175
-0.000910502
-0.000789243
-0.000667991
-0.000546722
-0.000425396
-0.000304036
-0.000182753
-6.1378e-05
-0.0110347
-0.0105077
-0.0101717
-0.00992771
-0.00971786
-0.00953551
-0.00938039
-0.00924919
-0.00913804
-0.00904356
-0.00896282
-0.00889321
-0.00883243
-0.00877845
-0.00872948
-0.008684
-0.00864068
-0.0085984
-0.00855621
-0.00851331
-0.00846905
-0.00842291
-0.00837446
-0.00832337
-0.00826941
-0.0082124
-0.00815224
-0.00808886
-0.00802225
-0.00795243
-0.00787945
-0.00780337
-0.0077243
-0.00764234
-0.0075576
-0.00747022
-0.00738031
-0.00728802
-0.00719347
-0.00709681
-0.00699815
-0.00689763
-0.00679537
-0.00669149
-0.0065861
-0.00647932
-0.00637124
-0.00626198
-0.00615161
-0.00604022
-0.00592791
-0.00581474
-0.00570079
-0.00558612
-0.0054708
-0.00535489
-0.00523843
-0.00512147
-0.00500407
-0.00488626
-0.00476808
-0.00464957
-0.00453076
-0.00441168
-0.00429236
-0.00417282
-0.00405308
-0.00393317
-0.00381309
-0.00369288
-0.00357253
-0.00345208
-0.00333152
-0.00321087
-0.00309015
-0.00296936
-0.0028485
-0.00272759
-0.00260664
-0.00248564
-0.0023646
-0.00224354
-0.00212245
-0.00200133
-0.00188019
-0.00175903
-0.00163786
-0.00151667
-0.00139547
-0.00127425
-0.00115303
-0.00103178
-0.000910512
-0.000789243
-0.000667991
-0.000546714
-0.000425367
-0.000304006
-0.000182735
-6.13451e-05
-0.0108225
-0.0102776
-0.00996208
-0.00975237
-0.00957261
-0.00941516
-0.00928163
-0.00916946
-0.00907502
-0.00899516
-0.00892715
-0.00886861
-0.00881739
-0.00877162
-0.00872966
-0.00869011
-0.00865175
-0.00861358
-0.00857473
-0.0085345
-0.00849232
-0.00844773
-0.00840039
-0.00835001
-0.00829643
-0.0082395
-0.00817918
-0.00811544
-0.00804829
-0.00797779
-0.00790403
-0.00782708
-0.00774707
-0.00766413
-0.00757838
-0.00748996
-0.00739902
-0.0073057
-0.00721013
-0.00711247
-0.00701284
-0.00691137
-0.0068082
-0.00670345
-0.00659723
-0.00648965
-0.00638082
-0.00627084
-0.00615979
-0.00604777
-0.00593486
-0.00582113
-0.00570666
-0.00559151
-0.00547573
-0.00535939
-0.00524253
-0.00512521
-0.00500748
-0.00488936
-0.00477089
-0.00465212
-0.00453307
-0.00441377
-0.00429424
-0.00417452
-0.00405461
-0.00393454
-0.00381433
-0.00369398
-0.00357352
-0.00345296
-0.00333231
-0.00321158
-0.00309078
-0.00296992
-0.002849
-0.00272803
-0.00260703
-0.00248598
-0.0023649
-0.0022438
-0.00212268
-0.00200152
-0.00188036
-0.00175917
-0.00163798
-0.00151677
-0.00139555
-0.00127432
-0.00115307
-0.00103181
-0.000910528
-0.000789251
-0.000667993
-0.00054671
-0.00042536
-0.000303987
-0.00018269
-6.1288e-05
-0.0105469
-0.00999752
-0.00970956
-0.00954044
-0.00939703
-0.00927013
-0.00916315
-0.0090744
-0.00900055
-0.00893868
-0.00888635
-0.0088414
-0.0088019
-0.00876618
-0.00873276
-0.0087004
-0.00866805
-0.0086348
-0.00859993
-0.00856286
-0.00852309
-0.00848028
-0.00843415
-0.00838452
-0.00833126
-0.00827432
-0.00821367
-0.00814936
-0.00808145
-0.00801002
-0.00793519
-0.00785708
-0.00777584
-0.00769161
-0.00760454
-0.00751479
-0.00742251
-0.00732787
-0.007231
-0.00713206
-0.00703119
-0.00692854
-0.00682421
-0.00671836
-0.00661108
-0.0065025
-0.00639272
-0.00628184
-0.00616995
-0.00605713
-0.00594347
-0.00582904
-0.00571391
-0.00559815
-0.0054818
-0.00536493
-0.00524759
-0.00512982
-0.00501167
-0.00489316
-0.00477434
-0.00465525
-0.0045359
-0.00441633
-0.00429655
-0.0041766
-0.00405648
-0.00393623
-0.00381584
-0.00369534
-0.00357474
-0.00345405
-0.00333328
-0.00321245
-0.00309155
-0.0029706
-0.0028496
-0.00272856
-0.00260749
-0.00248639
-0.00236526
-0.00224411
-0.00212294
-0.00200176
-0.00188056
-0.00175935
-0.00163812
-0.00151688
-0.00139563
-0.00127438
-0.00115312
-0.00103185
-0.000910549
-0.000789259
-0.000667994
-0.000546696
-0.000425321
-0.000303944
-0.000182652
-6.12392e-05
-0.0102001
-0.0096658
-0.0094145
-0.00929239
-0.0091917
-0.00910129
-0.00902617
-0.00896551
-0.00891633
-0.00887604
-0.00884248
-0.00881377
-0.00878823
-0.00876442
-0.00874109
-0.00871719
-0.00869182
-0.00866428
-0.00863397
-0.00860044
-0.00856335
-0.00852244
-0.00847755
-0.00842859
-0.00837551
-0.00831833
-0.00825712
-0.00819195
-0.00812294
-0.00805023
-0.00797397
-0.00789433
-0.00781148
-0.00772558
-0.00763682
-0.00754537
-0.00745141
-0.00735509
-0.00725659
-0.00715605
-0.00705364
-0.00694949
-0.00684374
-0.00673651
-0.00662794
-0.00651812
-0.00640716
-0.00629518
-0.00618224
-0.00606845
-0.00595387
-0.00583858
-0.00572266
-0.00560615
-0.00548911
-0.0053716
-0.00525367
-0.00513535
-0.00501669
-0.00489772
-0.00477848
-0.00465899
-0.00453928
-0.00441938
-0.0042993
-0.00417907
-0.00405871
-0.00393822
-0.00381763
-0.00369694
-0.00357617
-0.00345533
-0.00333442
-0.00321346
-0.00309245
-0.00297139
-0.0028503
-0.00272918
-0.00260804
-0.00248687
-0.00236568
-0.00224447
-0.00212325
-0.00200203
-0.00188079
-0.00175954
-0.00163828
-0.00151701
-0.00139574
-0.00127446
-0.00115318
-0.00103189
-0.000910573
-0.000789269
-0.000667991
-0.000546682
-0.000425295
-0.000303907
-0.000182601
-6.11778e-05
-0.00977559
-0.00928188
-0.00907891
-0.00901047
-0.00895894
-0.00891125
-0.00887354
-0.00884585
-0.00882563
-0.00881061
-0.00879897
-0.00878916
-0.00877981
-0.00876975
-0.00875798
-0.00874369
-0.0087262
-0.008705
-0.00867968
-0.00864996
-0.00861564
-0.00857661
-0.00853283
-0.00848432
-0.00843113
-0.00837337
-0.00831119
-0.00824473
-0.00817418
-0.00809973
-0.00802157
-0.00793992
-0.00785498
-0.00776696
-0.00767605
-0.00758245
-0.00748636
-0.00738796
-0.00728742
-0.00718492
-0.0070806
-0.00697462
-0.00686711
-0.00675821
-0.00664805
-0.00653673
-0.00642435
-0.00631102
-0.00619683
-0.00608186
-0.00596618
-0.00584987
-0.00573298
-0.00561558
-0.00549772
-0.00537944
-0.0052608
-0.00514183
-0.00502257
-0.00490305
-0.0047833
-0.00466335
-0.00454322
-0.00442293
-0.0043025
-0.00418194
-0.00406128
-0.00394053
-0.00381969
-0.00369879
-0.00357782
-0.0034568
-0.00333573
-0.00321462
-0.00309348
-0.00297231
-0.00285111
-0.00272989
-0.00260866
-0.00248741
-0.00236615
-0.00224488
-0.00212361
-0.00200233
-0.00188104
-0.00175975
-0.00163845
-0.00151716
-0.00139586
-0.00127455
-0.00115324
-0.00103192
-0.000910595
-0.000789279
-0.000667991
-0.000546669
-0.00042527
-0.000303869
-0.000182539
-6.11065e-05
-0.00926877
-0.00884688
-0.00870694
-0.00869932
-0.00870347
-0.00870492
-0.00871041
-0.0087207
-0.00873374
-0.00874767
-0.00876106
-0.00877273
-0.00878166
-0.00878701
-0.00878808
-0.00878435
-0.0087754
-0.00876095
-0.00874083
-0.00871494
-0.00868326
-0.00864586
-0.00860282
-0.00855432
-0.00850052
-0.00844164
-0.0083779
-0.00830955
-0.00823684
-0.00816002
-0.00807935
-0.00799508
-0.00790746
-0.00781672
-0.0077231
-0.00762682
-0.00752809
-0.00742711
-0.00732407
-0.00721914
-0.0071125
-0.00700429
-0.00689466
-0.00678375
-0.00667167
-0.00655854
-0.00644447
-0.00632954
-0.00621385
-0.00609748
-0.00598049
-0.00586296
-0.00574494
-0.00562649
-0.00550766
-0.00538849
-0.00526902
-0.00514929
-0.00502932
-0.00490916
-0.00478882
-0.00466833
-0.00454771
-0.00442697
-0.00430613
-0.0041852
-0.0040642
-0.00394314
-0.00382203
-0.00370087
-0.00357967
-0.00345845
-0.0033372
-0.00321592
-0.00309463
-0.00297332
-0.002852
-0.00273067
-0.00260934
-0.00248801
-0.00236667
-0.00224533
-0.00212399
-0.00200265
-0.00188131
-0.00175998
-0.00163866
-0.00151733
-0.00139598
-0.00127464
-0.00115331
-0.00103197
-0.000910626
-0.00078929
-0.000667982
-0.000546648
-0.00042524
-0.000303827
-0.000182473
-6.1033e-05
-0.00867829
-0.00836455
-0.00830586
-0.00836706
-0.00843342
-0.00849045
-0.00854488
-0.00859807
-0.00864852
-0.00869486
-0.0087361
-0.00877151
-0.00880049
-0.00882256
-0.00883741
-0.00884482
-0.00884471
-0.00883707
-0.00882198
-0.00879958
-0.00877008
-0.00873372
-0.00869078
-0.00864156
-0.00858638
-0.00852556
-0.00845946
-0.00838839
-0.0083127
-0.00823271
-0.00814873
-0.00806107
-0.00797002
-0.00787586
-0.00777884
-0.00767923
-0.00757724
-0.00747309
-0.007367
-0.00725914
-0.00714969
-0.0070388
-0.00692663
-0.00681331
-0.00669896
-0.00658369
-0.00646761
-0.0063508
-0.00623335
-0.00611534
-0.00599683
-0.00587788
-0.00575854
-0.00563887
-0.00551891
-0.0053987
-0.00527828
-0.00515767
-0.0050369
-0.004916
-0.00479499
-0.00467389
-0.0045527
-0.00443145
-0.00431015
-0.0041888
-0.00406742
-0.00394602
-0.00382459
-0.00370315
-0.0035817
-0.00346025
-0.00333879
-0.00321733
-0.00309587
-0.00297442
-0.00285296
-0.00273151
-0.00261007
-0.00248864
-0.00236722
-0.00224581
-0.0021244
-0.002003
-0.0018816
-0.00176022
-0.00163886
-0.00151749
-0.00139611
-0.00127473
-0.00115338
-0.00103202
-0.000910653
-0.000789301
-0.000667981
-0.000546636
-0.000425221
-0.000303788
-0.000182395
-6.09499e-05
-0.00800882
-0.00784536
-0.0078906
-0.00802859
-0.00816267
-0.00828089
-0.00838936
-0.00848967
-0.00858099
-0.0086625
-0.00873376
-0.00879452
-0.00884464
-0.00888413
-0.00891305
-0.00893161
-0.00894007
-0.00893874
-0.00892802
-0.00890832
-0.00888008
-0.00884378
-0.00879988
-0.00874886
-0.00869119
-0.00862735
-0.00855778
-0.00848292
-0.0084032
-0.00831902
-0.00823076
-0.00813878
-0.00804341
-0.00794498
-0.00784377
-0.00774006
-0.00763411
-0.00752615
-0.00741638
-0.00730501
-0.00719222
-0.00707817
-0.006963
-0.00684685
-0.00672984
-0.00661208
-0.00649366
-0.00637468
-0.00625521
-0.00613532
-0.00601506
-0.00589449
-0.00577365
-0.00565259
-0.00553135
-0.00540996
-0.00528846
-0.00516687
-0.0050452
-0.00492347
-0.00480171
-0.00467992
-0.00455811
-0.0044363
-0.00431448
-0.00419267
-0.00407087
-0.00394909
-0.00382732
-0.00370558
-0.00358385
-0.00346215
-0.00334047
-0.00321881
-0.00309717
-0.00297556
-0.00285396
-0.00273238
-0.00261083
-0.00248929
-0.00236778
-0.00224629
-0.00212481
-0.00200335
-0.0018819
-0.00176046
-0.00163904
-0.00151763
-0.00139622
-0.00127483
-0.00115344
-0.00103205
-0.000910664
-0.000789299
-0.000667963
-0.000546603
-0.000425176
-0.000303732
-0.000182319
-6.0875e-05
-0.00725242
-0.00729858
-0.00747532
-0.00770026
-0.00790972
-0.00809642
-0.00826506
-0.00841733
-0.00855316
-0.00867248
-0.00877552
-0.00886261
-0.00893423
-0.00899091
-0.00903324
-0.0090619
-0.00907758
-0.00908101
-0.00907292
-0.00905406
-0.00902517
-0.00898695
-0.00894012
-0.00888534
-0.00882327
-0.00875452
-0.00867967
-0.00859929
-0.00851388
-0.00842393
-0.00832988
-0.00823216
-0.00813115
-0.00802721
-0.00792065
-0.00781177
-0.00770085
-0.00758814
-0.00747384
-0.00735818
-0.00724132
-0.00712343
-0.00700465
-0.00688511
-0.00676493
-0.0066442
-0.00652302
-0.00640146
-0.00627958
-0.00615741
-0.00603497
-0.00591256
-0.00579013
-0.00566756
-0.0055449
-0.00542221
-0.0052995
-0.00517681
-0.00505414
-0.0049315
-0.0048089
-0.00468635
-0.00456387
-0.00444143
-0.00431906
-0.00419674
-0.00407449
-0.0039523
-0.00383016
-0.00370809
-0.00358606
-0.00346409
-0.00334217
-0.0032203
-0.00309848
-0.0029767
-0.00285495
-0.00273324
-0.00261156
-0.00248992
-0.00236832
-0.00224674
-0.0021252
-0.00200367
-0.00188217
-0.00176068
-0.00163922
-0.00151776
-0.00139632
-0.00127489
-0.00115348
-0.00103207
-0.000910663
-0.000789279
-0.000667927
-0.00054655
-0.000425109
-0.000303659
-0.000182241
-6.08059e-05
-0.00641725
-0.00672685
-0.00704942
-0.00737545
-0.007677
-0.00794819
-0.00819112
-0.00840731
-0.00859748
-0.00876237
-0.00890299
-0.00902049
-0.00911611
-0.00919115
-0.00924693
-0.00928478
-0.00930599
-0.00931184
-0.00930357
-0.00928235
-0.0092493
-0.00920548
-0.0091519
-0.0090895
-0.00901913
-0.00894162
-0.00885772
-0.0087681
-0.00867342
-0.00857425
-0.00847112
-0.00836451
-0.00825486
-0.00814256
-0.00802798
-0.00791143
-0.00779319
-0.00767353
-0.00755267
-0.00743081
-0.00730812
-0.00718477
-0.00706089
-0.0069366
-0.006812
-0.00668718
-0.00656221
-0.00643717
-0.00631211
-0.0061871
-0.00606219
-0.00593718
-0.00581214
-0.00568728
-0.00556259
-0.00543807
-0.00531372
-0.00518953
-0.00506551
-0.00494165
-0.00481796
-0.00469442
-0.00457102
-0.00444778
-0.00432469
-0.00420172
-0.00407889
-0.00395617
-0.00383357
-0.00371108
-0.00358868
-0.00346638
-0.00334417
-0.00322204
-0.00309998
-0.00297799
-0.00285607
-0.0027342
-0.00261238
-0.00249061
-0.0023689
-0.00224723
-0.0021256
-0.002004
-0.00188243
-0.00176089
-0.00163937
-0.00151787
-0.0013964
-0.00127495
-0.00115349
-0.00103204
-0.00091063
-0.000789254
-0.000667873
-0.000546457
-0.000425003
-0.000303555
-0.000182138
-6.07313e-05
)
;

boundaryField
{
    inlet
    {
        type            calculated;
        value           nonuniform List<scalar> 
30
(
8.47213e-05
0.00188017
0.00391159
0.0060034
0.00806218
0.0100085
0.0117935
0.0133875
0.0147721
0.0159373
0.0168804
0.0176058
0.0181242
0.0184511
0.0186015
0.0186017
0.0184518
0.0181254
0.0176075
0.0168825
0.0159398
0.014775
0.0133907
0.0117971
0.0100124
0.00806627
0.00600767
0.00391597
0.00188462
8.91899e-05
)
;
    }
    outlet
    {
        type            calculated;
        value           uniform 0;
    }
    top
    {
        type            calculated;
        value           nonuniform List<scalar> 
135
(
8.91899e-05
5.8847e-05
3.32079e-06
-0.000183003
-0.00111932
-0.00667872
-0.00618571
-0.00490683
-0.00397807
-0.00331603
-0.00279182
-0.00237717
-0.00205449
-0.00179736
-0.00160168
-0.00146986
-0.00135305
-0.00126865
-0.00121807
-0.00120358
-0.00123085
-0.00130605
-0.00143216
-0.00161208
-0.00184927
-0.0021445
-0.00242499
-0.00273837
-0.00307118
-0.00340785
-0.00373919
-0.00405772
-0.00434451
-0.00458925
-0.00494966
-0.00641725
-0.00672685
-0.00704942
-0.00737545
-0.007677
-0.00794819
-0.00819112
-0.00840731
-0.00859748
-0.00876237
-0.00890299
-0.00902049
-0.00911611
-0.00919115
-0.00924693
-0.00928478
-0.00930599
-0.00931184
-0.00930357
-0.00928235
-0.0092493
-0.00920548
-0.0091519
-0.0090895
-0.00901913
-0.00894162
-0.00885772
-0.0087681
-0.00867342
-0.00857425
-0.00847112
-0.00836451
-0.00825486
-0.00814256
-0.00802798
-0.00791143
-0.00779319
-0.00767353
-0.00755267
-0.00743081
-0.00730812
-0.00718477
-0.00706089
-0.0069366
-0.006812
-0.00668718
-0.00656221
-0.00643717
-0.00631211
-0.0061871
-0.00606219
-0.00593718
-0.00581214
-0.00568728
-0.00556259
-0.00543807
-0.00531372
-0.00518953
-0.00506551
-0.00494165
-0.00481796
-0.00469442
-0.00457102
-0.00444778
-0.00432469
-0.00420172
-0.00407889
-0.00395617
-0.00383357
-0.00371108
-0.00358868
-0.00346638
-0.00334417
-0.00322204
-0.00309998
-0.00297799
-0.00285607
-0.0027342
-0.00261238
-0.00249061
-0.0023689
-0.00224723
-0.0021256
-0.002004
-0.00188243
-0.00176089
-0.00163937
-0.00151787
-0.0013964
-0.00127495
-0.00115349
-0.00103204
-0.00091063
-0.000789254
-0.000667873
-0.000546457
-0.000425003
-0.000303555
-0.000182138
-6.07313e-05
)
;
    }
    bottom
    {
        type            calculated;
        value           nonuniform List<scalar> 
135
(
8.47213e-05
5.43595e-05
-1.18542e-06
-0.000187493
-0.00112375
-0.00668364
-0.00619075
-0.00491187
-0.00398304
-0.00332091
-0.00279666
-0.00238179
-0.00205859
-0.00180087
-0.00160458
-0.00147215
-0.00135466
-0.00126954
-0.00121819
-0.00120291
-0.00122938
-0.00130381
-0.0014292
-0.00160847
-0.00184511
-0.00213994
-0.00241998
-0.00273302
-0.00306565
-0.00340238
-0.00373389
-0.00405254
-0.00433942
-0.00458408
-0.00494404
-0.00641255
-0.00672233
-0.0070451
-0.00737135
-0.00767311
-0.00794451
-0.00818762
-0.00840399
-0.00859432
-0.00875936
-0.00890013
-0.00901776
-0.00911352
-0.00918869
-0.00924459
-0.00928254
-0.00930386
-0.00930982
-0.00930164
-0.00928051
-0.00924755
-0.00920382
-0.00915033
-0.009088
-0.00901771
-0.00894027
-0.00885643
-0.00876688
-0.00867226
-0.00857314
-0.00847007
-0.00836351
-0.00825391
-0.00814166
-0.00802713
-0.00791062
-0.00779243
-0.00767281
-0.00755198
-0.00743016
-0.00730751
-0.00718419
-0.00706034
-0.00693608
-0.0068115
-0.00668671
-0.00656177
-0.00643675
-0.00631172
-0.00618674
-0.00606187
-0.00593684
-0.00581181
-0.00568696
-0.00556229
-0.00543778
-0.00531344
-0.00518926
-0.00506525
-0.00494141
-0.00481772
-0.00469419
-0.0045708
-0.00444757
-0.00432448
-0.00420152
-0.00407869
-0.00395598
-0.00383338
-0.00371089
-0.00358849
-0.0034662
-0.00334399
-0.00322186
-0.0030998
-0.00297781
-0.0028559
-0.00273404
-0.00261223
-0.00249046
-0.00236875
-0.00224707
-0.00212544
-0.00200384
-0.00188227
-0.00176072
-0.0016392
-0.0015177
-0.00139622
-0.00127477
-0.00115336
-0.00103198
-0.000910595
-0.000789208
-0.000667825
-0.00054643
-0.000424989
-0.000303545
-0.000182135
-6.07314e-05
)
;
    }
    obstacle
    {
        type            calculated;
        value           nonuniform List<scalar> 
120
(
0.0538445
0.0518516
0.0475808
0.0423386
0.0368169
0.0311137
0.0252213
0.0191752
0.0130356
0.00686556
0.000725045
-0.00532948
-0.0112465
-0.0169806
-0.0224931
-0.0277522
-0.032732
-0.037412
-0.0417784
-0.0458209
-0.0495289
-0.0528964
-0.0559329
-0.0586409
-0.0610275
-0.0631167
-0.0649563
-0.0665277
-0.06746
-0.06705
-0.0693208
-0.0698383
-0.0711746
-0.0727117
-0.0741168
-0.0753434
-0.0764032
-0.0772968
-0.0780307
-0.0786268
-0.0790945
-0.0794427
-0.0796805
-0.0798264
-0.0798996
-0.0799001
-0.0798278
-0.0796827
-0.079446
-0.0790988
-0.0786319
-0.0780366
-0.0773034
-0.0764103
-0.0753508
-0.0741244
-0.0727192
-0.0711819
-0.0698453
-0.0693275
0.0538461
0.0518535
0.0475824
0.0423399
0.0368182
0.0311151
0.0252226
0.0191763
0.0130364
0.0068658
0.00072472
-0.00533042
-0.0112481
-0.0169828
-0.0224958
-0.0277554
-0.0327357
-0.0374161
-0.0417828
-0.0458256
-0.0495338
-0.0529015
-0.055938
-0.0586461
-0.0610327
-0.063122
-0.0649616
-0.0665332
-0.0674658
-0.0670561
0.0604574
0.0649296
0.0707058
0.0767032
0.0823129
0.0873952
0.0919214
0.0958649
0.09921
0.101969
0.10417
0.105847
0.107038
0.107796
0.108164
0.108164
0.107797
0.107039
0.105848
0.104172
0.10197
0.0992114
0.0958664
0.091923
0.0873966
0.0823141
0.0767041
0.0707066
0.0649305
0.0604585
)
;
    }
    frontAndBack
    {
        type            empty;
    }
}


// ************************************************************************* //
