/*--------------------------------*- C++ -*----------------------------------*\
  =========                 |
  \\      /  F ield         | OpenFOAM: The Open Source CFD Toolbox
   \\    /   O peration     | Website:  https://openfoam.org
    \\  /    A nd           | Version:  12
     \\/     M anipulation  |
\*---------------------------------------------------------------------------*/
FoamFile
{
    format      ascii;
    class       volScalarField;
    location    "160";
    object      pPrime2Mean;
}
// * * * * * * * * * * * * * * * * * * * * * * * * * * * * * * * * * * * * * //

dimensions      [0 4 -4 0 0 0 0];

internalField   nonuniform List<scalar> 
6750
(
0.00798538
0.00797326
0.00795759
0.00794373
0.0079306
0.00799382
0.00797742
0.00795161
0.00792094
0.007889
0.00803697
0.00801661
0.00798306
0.00793999
0.00789377
0.00811344
0.00809172
0.00805557
0.00800839
0.00795786
0.00821897
0.0081991
0.0081659
0.00812207
0.00807515
0.00834636
0.00833115
0.0083055
0.00827088
0.00823365
0.00848648
0.00847806
0.00846338
0.00844229
0.00841936
0.0086297
0.00862943
0.00862794
0.00862324
0.00861782
0.00876702
0.00877551
0.00878818
0.0088012
0.00881494
0.0088909
0.008908
0.00893465
0.00896526
0.00899823
0.00899565
0.00902059
0.00906
0.00910679
0.0091576
0.0090776
0.00910912
0.00915925
0.00921971
0.00928575
0.00913503
0.00917156
0.00922979
0.00930067
0.00937842
0.00916793
0.0092077
0.00927116
0.0093488
0.00943426
0.00917763
0.00921886
0.00928465
0.00936538
0.00945441
0.00916635
0.00920736
0.00927282
0.00935317
0.00944179
0.00913405
0.00917316
0.00923563
0.00931213
0.00939634
0.00907873
0.00911417
0.00917077
0.00923975
0.00931542
0.0089994
0.00902947
0.00907738
0.00913526
0.00919845
0.00889643
0.00891961
0.00895634
0.00899999
0.00904731
0.00877185
0.00878698
0.00881062
0.0088377
0.00886673
0.00862964
0.00863604
0.00864551
0.00865478
0.00866435
0.00847573
0.00847335
0.0084686
0.0084601
0.00845047
0.00831789
0.00830739
0.00828951
0.00826472
0.00823769
0.00816525
0.00814803
0.00811932
0.00808116
0.00804002
0.00802752
0.00800575
0.00796966
0.0079225
0.00787195
0.00791391
0.00789041
0.00785155
0.00780126
0.00774739
0.00783164
0.00780961
0.00777352
0.00772752
0.00767825
0.00778498
0.00776706
0.00773893
0.00770552
0.00767075
0.00777514
0.00776178
0.00774423
0.00772821
0.00771321
0.00788978
0.00782636
0.00770513
0.00753532
0.0073199
0.00706098
0.00675946
0.00641626
0.00603468
0.00561971
0.00517666
0.00471614
0.00424827
0.00378453
0.00333642
0.00291419
0.002526
0.00217741
0.00187092
0.00160616
0.00138058
0.00119318
0.00103764
0.000909603
0.000805046
0.00072015
0.000651756
0.000597011
0.000553835
0.000526792
0.00789415
0.00778966
0.00763674
0.00744092
0.00720374
0.00692663
0.00661148
0.00626121
0.00588022
0.00547345
0.00504568
0.00460732
0.00416629
0.00373191
0.00331318
0.00291802
0.00255278
0.00222181
0.00192743
0.00167023
0.00144943
0.00126023
0.00110179
0.000969857
0.000860799
0.000771499
0.000699039
0.000640491
0.000592793
0.000556442
0.0078652
0.00772969
0.00755205
0.00733733
0.0070853
0.00679735
0.00647562
0.00612354
0.00574606
0.00534757
0.00493407
0.00451476
0.00409626
0.00368626
0.0032919
0.00291931
0.00257339
0.00225759
0.00197389
0.00172283
0.00150377
0.00131527
0.00115487
0.00101975
0.000906949
0.00081362
0.000737057
0.000674455
0.000623429
0.000584315
0.00781994
0.00766418
0.00746871
0.0072405
0.0069796
0.00668652
0.00636318
0.00601315
0.00564135
0.00525133
0.00485055
0.00444641
0.00404492
0.00365277
0.00327598
0.00291969
0.00258795
0.00228368
0.00200863
0.00176337
0.00154752
0.00136011
0.00119917
0.00106237
0.000947166
0.000850881
0.000770719
0.000704034
0.000649132
0.000609906
0.00776948
0.00759933
0.00739031
0.00715179
0.00688518
0.00659003
0.006268
0.00592231
0.00555732
0.00517614
0.00478672
0.00439496
0.00400663
0.00362778
0.00326386
0.00291951
0.00259842
0.00230323
0.00203554
0.00179589
0.00158396
0.00139875
0.00123861
0.00110147
0.000984964
0.000886551
0.000803437
0.00073282
0.000674526
0.000635327
0.00772169
0.00754047
0.00732135
0.00707501
0.00680422
0.00650882
0.00618953
0.00584918
0.00549115
0.00511853
0.00473881
0.00435695
0.00397856
0.00360939
0.00325465
0.00291885
0.00260561
0.00231748
0.00205597
0.00182152
0.00161373
0.00143145
0.00127306
0.0011365
0.00101951
0.000919636
0.000834094
0.000760258
0.00069915
0.000660299
0.00768162
0.00749169
0.00726465
0.0070126
0.00673887
0.00644393
0.00612799
0.00579308
0.00544141
0.00507649
0.00470466
0.00433038
0.00395915
0.00359659
0.00324797
0.00291792
0.00261015
0.00232728
0.00207077
0.00184094
0.00163718
0.00145817
0.00130205
0.00116668
0.00104977
0.000949
0.000861654
0.000785317
0.000721966
0.000683751
0.00765338
0.00745643
0.00722298
0.00696636
0.00669091
0.00639652
0.00608387
0.00575384
0.00540751
0.00504899
0.00468306
0.00431405
0.00394739
0.00358875
0.00324361
0.00291686
0.00261248
0.00233321
0.00208051
0.00185458
0.00165457
0.00147884
0.00132526
0.00119149
0.0010752
0.00097393
0.000885344
0.000807264
0.000742186
0.000704673
0.00764073
0.00743785
0.00719873
0.00693805
0.00666127
0.00636753
0.00605761
0.00573143
0.0053893
0.00503542
0.00467328
0.00430721
0.00394265
0.00358544
0.00324137
0.00291574
0.00261284
0.00233561
0.00208554
0.00186271
0.00166598
0.00149339
0.00134246
0.0012106
0.00109537
0.000994213
0.000904986
0.000825596
0.000759173
0.000722228
0.00764736
0.0074391
0.00719436
0.00692958
0.00665128
0.00635813
0.00604993
0.00572615
0.00538684
0.00503554
0.00467498
0.00430948
0.00394458
0.00358639
0.00324115
0.00291459
0.00261138
0.0023347
0.00208607
0.00186545
0.00167145
0.00150172
0.00135345
0.00122374
0.00110989
0.00100945
0.000920098
0.000839773
0.000772286
0.000735673
0.00767704
0.0074634
0.00721255
0.00694291
0.00666231
0.00636911
0.00606164
0.00573864
0.00540047
0.00504951
0.00468816
0.00432077
0.00395304
0.00359149
0.00324287
0.0029134
0.00260815
0.00233054
0.00208216
0.00186284
0.00167091
0.00150371
0.00135803
0.00123066
0.0011186
0.00101933
0.000930205
0.000849264
0.00078094
0.000744368
0.00773397
0.00751431
0.00725629
0.00698051
0.00669645
0.00640202
0.00609378
0.00576986
0.00543082
0.00507778
0.00471312
0.00434124
0.00396812
0.00360078
0.00324653
0.00291217
0.00260315
0.00232314
0.00207378
0.0018548
0.00166429
0.00149923
0.00135606
0.00123118
0.0011212
0.00102346
0.000934827
0.000853536
0.000784624
0.000747816
0.00782297
0.00759606
0.00732938
0.00704572
0.00675676
0.00645892
0.00614794
0.00582127
0.00547891
0.00512117
0.00475044
0.00437129
0.00399006
0.00361437
0.00325219
0.00291088
0.00259631
0.00231238
0.00206082
0.00184123
0.00165146
0.00148816
0.00134737
0.00122503
0.00111732
0.0010212
0.000933435
0.000852123
0.000782934
0.000745672
0.00794991
0.00771377
0.0074364
0.00714247
0.00684621
0.00654268
0.00622659
0.00589477
0.00554626
0.00518086
0.00480099
0.0044115
0.00401923
0.00363248
0.00325994
0.00290953
0.00258755
0.00229815
0.00204312
0.00182198
0.0016323
0.00147036
0.00133178
0.00121196
0.00110668
0.00101234
0.000925681
0.00084473
0.000775673
0.000737824
0.00812183
0.00787393
0.00758322
0.007276
0.00696958
0.00665736
0.00633304
0.00599307
0.00563501
0.00525849
0.00486597
0.00446268
0.00405614
0.00365541
0.0032699
0.00290811
0.00257675
0.00228025
0.00202048
0.00179684
0.00160662
0.00144567
0.00130908
0.00119175
0.00108893
0.000996573
0.00091137
0.000831272
0.000762899
0.000724499
0.00834768
0.00808491
0.00777772
0.00745355
0.0071333
0.00680848
0.0064722
0.00611998
0.00574812
0.0053562
0.00494688
0.00452585
0.00410143
0.00368352
0.00328221
0.00290659
0.0025638
0.00225852
0.0019927
0.00176559
0.00157417
0.00141378
0.00127895
0.00116408
0.00106382
0.000973745
0.000890513
0.000811961
0.000745056
0.000706444
0.00863915
0.00835785
0.00803055
0.0076848
0.00734603
0.00700367
0.00665062
0.00628053
0.00588938
0.00547674
0.00504557
0.00460223
0.00415589
0.00371723
0.00329701
0.00290491
0.00254854
0.00223279
0.0019596
0.00172802
0.00153465
0.00137434
0.00124102
0.00112856
0.00103118
0.00094394
0.000863465
0.000787499
0.000723235
0.000685213
0.00901206
0.00870786
0.008356
0.00798252
0.00761905
0.00725293
0.0068761
0.00648102
0.0060636
0.00562355
0.00516441
0.00469336
0.0042204
0.00375693
0.00331439
0.00290301
0.00253081
0.00220285
0.00192096
0.00168388
0.0014878
0.00132709
0.00119511
0.00108518
0.000991111
0.000907642
0.000831183
0.000759418
0.000699613
0.000663687
0.0094881
0.00915519
0.00877285
0.00836349
0.00796716
0.00756869
0.00715862
0.00672926
0.00627664
0.00580086
0.00530628
0.00480101
0.00429587
0.00380298
0.00333438
0.0029008
0.00251048
0.00216851
0.00187652
0.0016329
0.00143343
0.00127196
0.00114137
0.0010344
0.000944487
0.00086619
0.000795788
0.000730795
0.000678218
0.000646882
0.0100973
0.00972741
0.00930632
0.00884976
0.0084093
0.00796621
0.00751074
0.00703497
0.00653567
0.00601372
0.0054745
0.00492712
0.00438326
0.00385571
0.00335703
0.00289818
0.00248741
0.00212963
0.00182613
0.00157499
0.00137156
0.00120931
0.00108062
0.000977718
0.000893662
0.000822818
0.00076162
0.000707508
0.000666404
0.00064355
0.0108816
0.0104629
0.00999124
0.00947162
0.00897023
0.00846585
0.00794829
0.00741029
0.00684949
0.00626808
0.00567276
0.00507376
0.00448357
0.00391553
0.00338239
0.00289506
0.00246147
0.00208608
0.00176979
0.0015103
0.00130268
0.00114011
0.00101459
0.000917947
0.000842845
0.000783582
0.000736697
0.000700234
0.000677302
0.000669188
0.0119001
0.0114145
0.0108755
0.0102697
0.00968385
0.00909475
0.00849226
0.0078705
0.00722872
0.00657089
0.00590528
0.00524327
0.00459796
0.00398287
0.00341053
0.0028913
0.00243246
0.0020378
0.00170766
0.00143942
0.00122796
0.00106637
0.000946541
0.000860115
0.000799508
0.000759047
0.000735504
0.000727772
0.000733806
0.000751069
0.0132324
0.0126539
0.0120247
0.011299
0.0105956
0.00988882
0.00916928
0.00843452
0.00768614
0.00693034
0.00617702
0.0054384
0.00472777
0.00405821
0.00344142
0.00288669
0.0024002
0.00198483
0.00164026
0.00136353
0.00114955
0.000991648
0.000882098
0.000812809
0.000776325
0.000767149
0.000782275
0.000821958
0.000873877
0.000934272
0.0149788
0.0142748
0.0135231
0.0126319
0.0117644
0.0108931
0.0100125
0.00912547
0.00823711
0.00735613
0.00649371
0.00566225
0.00487438
0.00414189
0.00347485
0.00288082
0.0023644
0.00192727
0.0015684
0.00128458
0.00107103
0.000921867
0.000830529
0.000790137
0.00079416
0.000837393
0.000916885
0.00103368
0.0011564
0.00128547
0.0172564
0.0163859
0.0154742
0.0143585
0.0132634
0.0121619
0.011061
0.00997018
0.00889922
0.00785915
0.00686155
0.00591787
0.00503886
0.00423383
0.00351016
0.00287282
0.00232433
0.00186492
0.00149287
0.00120502
0.000997419
0.000865817
0.000806022
0.000813841
0.000884975
0.0010149
0.00119883
0.00143602
0.00166262
0.00189105
0.0201858
0.0190988
0.0179799
0.0165646
0.0151574
0.0137447
0.01235
0.0109931
0.00968884
0.00844976
0.00728659
0.00620828
0.00522213
0.00433353
0.00354586
0.00286063
0.00227769
0.00179572
0.00141259
0.00112586
0.000933388
0.000833875
0.000827101
0.000913377
0.0010921
0.00135925
0.00170513
0.00212
0.00249006
0.00285308
0.0238316
0.0224641
0.021067
0.0192678
0.0174623
0.0156597
0.013901
0.012218
0.0106301
0.00915044
0.00778796
0.00654813
0.00543376
0.00444541
0.00358173
0.00284025
0.00221803
0.00171238
0.00132138
0.00104432
0.000882212
0.000838088
0.000916933
0.00112438
0.00146372
0.00193027
0.0025061
0.00316459
0.00373468
0.00427563
0.0284465
0.0266098
0.0247596
0.0225096
0.0202642
0.0180371
0.0158765
0.0138209
0.0118951
0.0101163
0.00849517
0.00703703
0.00574267
0.00460954
0.00363305
0.00280791
0.0021294
0.00159442
0.00120207
0.00095395
0.000853999
0.000908026
0.00112259
0.00150294
0.00204992
0.00275526
0.00359671
0.0045447
0.00543339
0.006292
0.0356104
0.0332412
0.030846
0.0280698
0.0252705
0.0224447
0.019658
0.0169734
0.0144403
0.0120974
0.00997026
0.00807219
0.00640686
0.00497135
0.00375946
0.00276465
0.00198235
0.00141116
0.00105359
0.000915125
0.00100178
0.00131729
0.00186008
0.00261883
0.00357044
0.00467677
0.00588918
0.0071777
0.00830836
0.00943535
0.0579365
0.0536874
0.0488605
0.0439516
0.0390554
0.0341715
0.0294088
0.0248718
0.0206462
0.0167987
0.0133721
0.0103853
0.00783849
0.00572124
0.00401955
0.00272265
0.00182752
0.00134136
0.00127971
0.00166273
0.00250946
0.00382959
0.00561495
0.00783471
0.0104334
0.0133316
0.0164298
0.0197025
0.023062
0.0261011
0.00790531
0.00786481
0.00782898
0.00779553
0.00776622
0.00774308
0.00772891
0.00772686
0.00774024
0.0077726
0.00782783
0.00791035
0.0080253
0.00817893
0.00837884
0.00863462
0.00895867
0.00936789
0.00988578
0.0105454
0.0113938
0.012497
0.0139443
0.0158456
0.0183267
0.021524
0.0255844
0.0309477
0.039068
0.0626878
0.00785967
0.00783037
0.00780551
0.00778553
0.00777393
0.00777221
0.00778228
0.00780649
0.00784768
0.00790918
0.00799495
0.00810971
0.00825912
0.00845008
0.00869115
0.00899312
0.00937016
0.0098414
0.0104331
0.011182
0.0121394
0.0133769
0.0149899
0.0170944
0.0198219
0.0233311
0.027878
0.0339913
0.0428155
0.0677925
0.00786759
0.00786209
0.0078602
0.00786236
0.00787243
0.00789265
0.00792554
0.00797391
0.00804089
0.00813006
0.00824561
0.00839257
0.00857698
0.0088063
0.00908984
0.0094395
0.0098711
0.0104058
0.0110726
0.0119114
0.0129775
0.0143474
0.0161218
0.0184213
0.0213803
0.0251786
0.0301708
0.0369693
0.0462897
0.0734557
0.00794053
0.00795918
0.00798109
0.00800666
0.00804029
0.00808467
0.00814268
0.0082174
0.00831228
0.00843123
0.00857882
0.00876043
0.00898258
0.00925328
0.0095826
0.00998348
0.010473
0.0110741
0.0118174
0.0127448
0.0139135
0.0154018
0.0173108
0.0197579
0.0228707
0.0268471
0.0321734
0.0396732
0.0493373
0.0795379
0.00806926
0.00810983
0.00815458
0.00820346
0.00826115
0.00833083
0.00841566
0.00851898
0.00864444
0.00879625
0.00897928
0.00919933
0.00946341
0.00978012
0.0101603
0.0106178
0.0111712
0.0118445
0.0126697
0.0136897
0.0149623
0.0165653
0.0185969
0.0211662
0.024388
0.0284756
0.0340765
0.0423453
0.0520984
0.0859706
0.00824084
0.00830071
0.00836669
0.00843827
0.00852004
0.00861547
0.00872804
0.00886131
0.00901918
0.00920607
0.00942716
0.00968859
0.0099978
0.0103639
0.0107985
0.0113163
0.0119366
0.0126847
0.0135931
0.0147048
0.0160766
0.0177836
0.0199185
0.0225774
0.0258582
0.0299894
0.0358185
0.0450171
0.0545904
0.0929939
0.00844084
0.00851751
0.00860278
0.00869601
0.00880141
0.00892252
0.00906304
0.00922674
0.00941776
0.00964076
0.00990118
0.0102054
0.0105613
0.0109783
0.0114686
0.0120477
0.0127355
0.0135576
0.0145467
0.0157448
0.0172069
0.019004
0.0212207
0.0239373
0.0272305
0.031343
0.0373599
0.0477447
0.0568822
0.100945
0.00865433
0.00874547
0.00884798
0.00896134
0.00908932
0.00923539
0.00940328
0.00959696
0.00982074
0.0100795
0.0103789
0.0107256
0.0111276
0.0115948
0.0121397
0.0127783
0.0135308
0.0144228
0.0154865
0.0167626
0.0183036
0.0201757
0.0224546
0.0252019
0.0284687
0.032509
0.0386693
0.0505811
0.0590682
0.110186
0.00886665
0.00897016
0.00908781
0.00921945
0.00936836
0.0095379
0.00973175
0.00995393
0.0102089
0.0105017
0.010838
0.0112249
0.0116704
0.0121847
0.0127806
0.0134743
0.0142858
0.0152406
0.0163701
0.0177136
0.0193208
0.0212536
0.0235787
0.0263367
0.0295487
0.0334749
0.0397237
0.0535634
0.0612634
0.121009
0.00906451
0.0091785
0.0093092
0.00945693
0.00962461
0.0098154
0.0100329
0.0102811
0.0105645
0.0108881
0.011258
0.0116811
0.0121657
0.0127221
0.0133632
0.0141051
0.0149677
0.015976
0.0171608
0.0185599
0.0202206
0.0222014
0.0245609
0.0273175
0.030457
0.0342424
0.040515
0.0566986
0.0635867
0.133493
0.00923707
0.00935968
0.00950128
0.00966269
0.0098465
0.0100557
0.0102937
0.0105644
0.0108724
0.0112227
0.0116214
0.0120754
0.0125932
0.0131852
0.0138641
0.0146459
0.0155503
0.0166019
0.0178307
0.0192732
0.0209754
0.022993
0.025379
0.0281287
0.0311881
0.0348237
0.0410536
0.0599464
0.0661226
0.147335
0.00937635
0.00950576
0.00965606
0.00982852
0.0100255
0.0102496
0.0105044
0.0107935
0.0111214
0.0114933
0.0119151
0.0123939
0.0129382
0.0135582
0.0142667
0.0150795
0.016016
0.0171003
0.0183619
0.0198366
0.0215689
0.0236139
0.0260205
0.0287624
0.031743
0.0352366
0.0413689
0.0631972
0.0688694
0.161679
0.00947754
0.00961197
0.00976875
0.00994948
0.0101562
0.0103917
0.0106589
0.0109617
0.0113045
0.0116923
0.0121312
0.0126283
0.0131918
0.0138322
0.014562
0.0153967
0.0163558
0.0174631
0.0187473
0.0202436
0.0219961
0.02406
0.0264822
0.0292178
0.0321279
0.0355006
0.0415044
0.066266
0.071694
0.175163
0.00953898
0.00967667
0.00983769
0.0100238
0.010237
0.0104798
0.0107551
0.0110668
0.0114191
0.0118173
0.0122672
0.0127759
0.0133518
0.0140049
0.0147479
0.0155964
0.0165694
0.0176906
0.0189884
0.0204976
0.0222619
0.0243371
0.0267702
0.0295016
0.0323559
0.0356387
0.0415109
0.068843
0.0742632
0.186099
0.00956174
0.009701
0.00986409
0.0100529
0.0102692
0.0105154
0.0107945
0.0111104
0.0114673
0.0118703
0.0123254
0.0128395
0.0134209
0.01408
0.0148291
0.0156838
0.0166633
0.017791
0.0190951
0.0206102
0.0223799
0.0244607
0.0269
0.0296306
0.0324546
0.0356896
0.0414616
0.0703241
0.0758844
0.19233
0.00954892
0.00968824
0.00985138
0.0100402
0.0102565
0.0105026
0.0107817
0.0110974
0.0114542
0.011857
0.0123118
0.0128256
0.0134067
0.0140654
0.0148142
0.0156688
0.0166484
0.0177762
0.0190807
0.0205963
0.0223668
0.0244487
0.0268895
0.0296215
0.0324465
0.035683
0.0414472
0.0702972
0.0758651
0.192569
0.00950046
0.00963833
0.00979955
0.00998587
0.0101991
0.0104417
0.0107168
0.0110282
0.0113802
0.0117778
0.012227
0.0127348
0.0133096
0.0139618
0.0147041
0.0155522
0.0165253
0.0176471
0.0189461
0.0204569
0.0222236
0.0243022
0.0267396
0.029475
0.0323326
0.0356195
0.0414704
0.0687715
0.0742126
0.186783
0.00941355
0.00954832
0.00970551
0.00988664
0.0100936
0.0103291
0.0105961
0.0108986
0.0112408
0.0116279
0.0120657
0.0125614
0.0131235
0.0137624
0.0144911
0.0153254
0.0162848
0.0173932
0.0186793
0.0201786
0.0219352
0.0240047
0.0264336
0.0291756
0.0320913
0.0354708
0.0414465
0.0661739
0.0716305
0.176205
0.00928772
0.00941766
0.00956863
0.00974182
0.00993933
0.0101638
0.0104187
0.0107075
0.0110349
0.0114059
0.0118264
0.0123036
0.0128461
0.0134645
0.0141718
0.0149841
0.0159211
0.0170071
0.0182715
0.0197504
0.0214885
0.023541
0.025956
0.0287061
0.0316952
0.0351989
0.0413061
0.063113
0.0688124
0.162979
0.00912522
0.00924856
0.00939112
0.00955366
0.00973849
0.00994845
0.0101869
0.0104577
0.0107654
0.0111148
0.0115122
0.0119645
0.0124805
0.0130707
0.0137484
0.0145298
0.015435
0.0164887
0.0177211
0.019169
0.0208782
0.0229046
0.0253
0.0280592
0.0311308
0.0347819
0.0410002
0.0598943
0.0660881
0.148804
0.00893134
0.00904635
0.00917834
0.00932764
0.00949682
0.00968889
0.00990733
0.010156
0.0104394
0.0107625
0.0111313
0.0115528
0.0120357
0.0125904
0.0132304
0.013972
0.0148356
0.0158465
0.0170354
0.0184406
0.0201091
0.022099
0.0244681
0.0272354
0.0303918
0.0342011
0.0404849
0.0566963
0.0635876
0.135055
0.00871445
0.00881939
0.00893876
0.00907243
0.00922335
0.00939471
0.00959007
0.00981333
0.0100688
0.0103615
0.0106972
0.0110828
0.0115268
0.0120397
0.0126347
0.0133282
0.0141409
0.0150983
0.0162322
0.0175819
0.0191969
0.0211383
0.0234725
0.0262428
0.0294775
0.0334394
0.0397283
0.0536195
0.0613104
0.122603
0.00848566
0.00857875
0.00868354
0.0087995
0.00893004
0.00907849
0.00924849
0.00944387
0.00966884
0.00992817
0.0102275
0.0105735
0.0109744
0.0114404
0.0119845
0.012623
0.0133766
0.0142712
0.015339
0.0166209
0.0181687
0.0200482
0.0223356
0.025097
0.0283939
0.0324848
0.0387155
0.0506967
0.0591706
0.111774
0.00825826
0.00833761
0.00842585
0.00852232
0.00863089
0.00875499
0.00889822
0.00906428
0.0092572
0.00948153
0.0097426
0.0100468
0.010402
0.0108181
0.0113076
0.0118864
0.0125752
0.0133995
0.0143921
0.0155949
0.0170624
0.0188653
0.02109
0.0238233
0.0271549
0.0313349
0.03745
0.047916
0.0570495
0.102509
0.00804685
0.00811027
0.00817999
0.0082555
0.00834105
0.00844004
0.0085559
0.00869213
0.00885258
0.00904152
0.00926398
0.00952596
0.00983491
0.0102002
0.0106337
0.0111511
0.0117719
0.0125216
0.0134328
0.0145478
0.0159234
0.0176349
0.0197776
0.0224566
0.0257849
0.0300007
0.0359508
0.0452385
0.0548328
0.0945349
0.0078663
0.00791129
0.00796055
0.00801395
0.00807589
0.00814954
0.00823806
0.00834476
0.00847323
0.00862754
0.00881238
0.00903334
0.00929734
0.0096132
0.00999222
0.010449
0.0110024
0.0116768
0.0125039
0.0135262
0.0148014
0.0164079
0.0184483
0.0210418
0.0243203
0.0285079
0.0342467
0.0426123
0.052427
0.087505
0.00773092
0.00775482
0.00778185
0.00781229
0.00785033
0.00789872
0.00796039
0.00803845
0.00813629
0.0082577
0.00840705
0.00858954
0.00881158
0.00908135
0.00940936
0.00980924
0.0102986
0.0109006
0.0116453
0.0125744
0.0137453
0.0152377
0.0171577
0.0196341
0.0228122
0.0269009
0.0323765
0.0399836
0.0497633
0.0810921
0.00765348
0.00765399
0.00765763
0.00766459
0.00767868
0.00770233
0.00773822
0.00778918
0.00785835
0.00794921
0.00806586
0.00821319
0.00839719
0.00862545
0.00890769
0.00925645
0.00968801
0.0102237
0.0108921
0.0117329
0.0128023
0.0141788
0.0159686
0.018304
0.0213359
0.025255
0.0304031
0.0373233
0.0468228
0.0750584
0.00764317
0.00762052
0.00760107
0.00758518
0.00757651
0.0075769
0.00758848
0.00761373
0.00765552
0.0077172
0.00780275
0.00791688
0.00806534
0.00825519
0.00849529
0.00879687
0.00917445
0.00964732
0.0102417
0.0109945
0.0119581
0.0132064
0.0148404
0.0169873
0.0197921
0.0234228
0.028125
0.0343752
0.0434329
0.0694366
0.00769065
0.00765604
0.0076237
0.00759237
0.0075641
0.00754111
0.00752636
0.00752311
0.00753486
0.00756533
0.00761854
0.00769905
0.00781223
0.00796457
0.00816391
0.00841999
0.00874536
0.00915715
0.00967937
0.0103457
0.011204
0.0123228
0.0137965
0.0157449
0.0183038
0.0216177
0.025829
0.0313449
0.0397387
0.0643622
0.0595917
0.055269
0.0503003
0.0452101
0.0401258
0.0350632
0.0301381
0.0254595
0.0211147
0.0171703
0.0136681
0.0106247
0.00803808
0.00589548
0.0041809
0.002882
0.00199464
0.00152547
0.00148961
0.00190675
0.00279516
0.00416299
0.00599931
0.00826909
0.0109115
0.0138407
0.0169518
0.0202163
0.0235438
0.0265461
0.0363113
0.0339603
0.0315369
0.0286838
0.0257942
0.0228806
0.0200151
0.0172647
0.0146794
0.012297
0.0101413
0.00822342
0.00654527
0.00510228
0.00388694
0.00289162
0.00211081
0.00154205
0.00118697
0.00105029
0.00113734
0.00145126
0.00199001
0.0027418
0.0036831
0.00477504
0.00596928
0.00723778
0.00833589
0.00944687
0.0288621
0.027056
0.0252098
0.0229294
0.0206364
0.0183576
0.0161476
0.0140489
0.0120879
0.0102821
0.00864124
0.00716932
0.00586578
0.00472684
0.00374677
0.00291919
0.00223826
0.00169954
0.00130076
0.00104215
0.000926549
0.000959173
0.0011467
0.00149527
0.00200733
0.00267671
0.00348427
0.00440447
0.00526742
0.00611879
0.0240784
0.0227282
0.0213336
0.0195158
0.0176844
0.015856
0.0140738
0.0123711
0.0107676
0.00927622
0.0079054
0.00665998
0.00554217
0.00455188
0.00368719
0.00294489
0.00232114
0.00181208
0.00141446
0.00112632
0.000947871
0.000882298
0.000935831
0.00111624
0.00142915
0.0018718
0.00242739
0.00307019
0.00363217
0.00417341
0.0202809
0.0192008
0.0180793
0.0166545
0.0152403
0.013825
0.0124308
0.011076
0.00977414
0.00853738
0.0073762
0.00629961
0.005315
0.00442778
0.00364122
0.00295647
0.00237273
0.00188775
0.00149829
0.001201
0.000993394
0.000874848
0.000847002
0.000912814
0.00107423
0.00132873
0.00166648
0.0020761
0.00244517
0.00280793
0.0172377
0.0163695
0.0154546
0.0143372
0.0132474
0.0121586
0.0110735
0.0099992
0.0089431
0.00791524
0.00692706
0.00599036
0.00511638
0.00431493
0.00359355
0.00295711
0.00240769
0.00194484
0.00156614
0.00126803
0.00104668
0.000898858
0.000822175
0.000814645
0.00087387
0.000996321
0.00117692
0.00141325
0.00164135
0.0018702
0.0148833
0.0141819
0.0134297
0.0125432
0.0116877
0.0108356
0.00997801
0.00911461
0.00824801
0.0073854
0.00653745
0.0057168
0.00493667
0.0042095
0.00354567
0.00295278
0.00243518
0.00199418
0.00162852
0.00133505
0.00110957
0.000947297
0.000843129
0.000791632
0.000787328
0.000825496
0.000903042
0.00102031
0.00114607
0.00127833
0.0130883
0.0125146
0.0118882
0.011171
0.0104823
0.00979675
0.00910217
0.00839359
0.00767011
0.00693611
0.00620056
0.00547562
0.00477502
0.00411243
0.00349991
0.00294686
0.00245934
0.00204015
0.00168913
0.00140381
0.00117992
0.00101187
0.000893001
0.000816027
0.00077388
0.00076112
0.00077463
0.000814535
0.000869253
0.000933583
0.0117267
0.0112467
0.0107128
0.010117
0.00954666
0.00897865
0.00840095
0.00780572
0.00718992
0.00655566
0.00590997
0.00526381
0.00463053
0.00402408
0.00345731
0.00294068
0.00248145
0.00208356
0.00174779
0.00147226
0.00125286
0.00108365
0.00095732
0.000865882
0.000801726
0.000758899
0.000733951
0.000725721
0.000733054
0.000752875
0.0106892
0.0102758
0.0098102
0.00930184
0.00881552
0.00833135
0.00783762
0.00732556
0.00679086
0.00623387
0.00565989
0.00507846
0.00450204
0.00394427
0.00341814
0.00293461
0.00250166
0.00212403
0.00180321
0.00153785
0.00132407
0.00115596
0.00102614
0.000926553
0.000849584
0.000789034
0.000741031
0.000703375
0.000680081
0.000672548
0.00989169
0.00952637
0.00911152
0.008666
0.00824034
0.00781651
0.00738376
0.00693308
0.00645955
0.00596234
0.00544539
0.00491693
0.00438837
0.00387262
0.0033824
0.00292868
0.00251979
0.00216096
0.00185421
0.0015986
0.00139058
0.00122452
0.00109325
0.000989
0.000904397
0.000833149
0.000771074
0.000715327
0.000672558
0.000648602
0.00927298
0.00894344
0.00856715
0.0081684
0.00778654
0.0074063
0.00701798
0.00661271
0.00618522
0.00573407
0.00526224
0.00477691
0.00428841
0.00380874
0.00334997
0.00292281
0.00253562
0.00219387
0.00189992
0.00165322
0.00145059
0.00128675
0.00115498
0.0010479
0.00095847
0.000880474
0.000809393
0.000742519
0.000687412
0.000653771
0.00879009
0.00848767
0.00814129
0.00777791
0.00742828
0.00708007
0.0067241
0.00635221
0.00595909
0.00554314
0.00510679
0.00465637
0.0042012
0.00375223
0.00332074
0.00291693
0.002549
0.00222246
0.00193989
0.00170105
0.00150314
0.0013413
0.00120929
0.00110023
0.00100738
0.000924655
0.000847775
0.000774096
0.000711329
0.000672381
0.0084126
0.00813134
0.00780881
0.00747274
0.00714737
0.00682233
0.00648959
0.00614173
0.00577383
0.00538449
0.00497586
0.00455355
0.00412588
0.00370278
0.00329463
0.00291105
0.00255992
0.00224667
0.001974
0.0017419
0.00154791
0.0013876
0.00125517
0.00114428
0.00104858
0.00096243
0.000881806
0.000804108
0.000736879
0.000695584
0.00811844
0.00785431
0.00755135
0.00723649
0.0069292
0.00662084
0.00630416
0.00597308
0.00562333
0.00525387
0.00486673
0.00446686
0.00406165
0.00366004
0.00327157
0.00290523
0.0025685
0.00226665
0.0020024
0.0017759
0.001585
0.00142559
0.00129238
0.00117953
0.00108122
0.000992448
0.00090936
0.000829494
0.000760051
0.000718383
0.00789159
0.00764156
0.00735469
0.00705632
0.00676223
0.00646544
0.00615936
0.00583949
0.00550253
0.00514774
0.00477706
0.00439487
0.0040077
0.00362366
0.0032515
0.00289959
0.00257498
0.0022827
0.00202543
0.00180342
0.00161472
0.00145558
0.00132114
0.00120611
0.00110535
0.00101444
0.000929718
0.000848909
0.000778756
0.000737941
0.00772016
0.00748159
0.00720768
0.00692193
0.00663707
0.00634769
0.00604844
0.0057356
0.00540737
0.0050632
0.00470483
0.00433622
0.00396325
0.00359329
0.00323437
0.00289428
0.00257963
0.00229518
0.0020435
0.00182487
0.00163752
0.00147804
0.00134199
0.00122465
0.00112154
0.0010288
0.000942988
0.000861997
0.000792044
0.000752614
0.00759486
0.0073654
0.00710162
0.00682517
0.00654647
0.0062615
0.00596621
0.00565747
0.00533477
0.00499783
0.00464825
0.0042897
0.00392755
0.00356855
0.0032201
0.00288944
0.00258273
0.00230444
0.00205699
0.00184067
0.00165386
0.00149347
0.00135555
0.0012359
0.00113051
0.00103617
0.000949601
0.000868848
0.000799559
0.000761508
0.00750821
0.00728581
0.00702992
0.00676011
0.00648515
0.00620241
0.00590894
0.00560219
0.00528231
0.00494969
0.00460585
0.00425423
0.0038999
0.00354908
0.00320861
0.00288517
0.0025845
0.00231077
0.00206625
0.0018512
0.00166415
0.00150236
0.00136233
0.00124034
0.00113288
0.00103715
0.000949982
0.000869688
0.000801274
0.0007643
0.00745402
0.00723712
0.00698746
0.0067225
0.00644954
0.00616737
0.00587396
0.00556756
0.00524816
0.00491728
0.00457641
0.00422896
0.00387974
0.00353457
0.00319977
0.00288152
0.0025851
0.0023144
0.00207152
0.00185673
0.00166872
0.00150507
0.00136273
0.00123844
0.00112907
0.00103195
0.000944517
0.00086484
0.000797394
0.000761096
0.00742718
0.00721491
0.00697034
0.0067091
0.0064372
0.00615439
0.0058596
0.00555192
0.005231
0.00489946
0.00455908
0.00421324
0.00386665
0.00352479
0.00319351
0.00287849
0.00258462
0.00231546
0.00207297
0.00185744
0.00166776
0.00150184
0.00135701
0.00123045
0.00111938
0.00102122
0.000933684
0.000854753
0.000788337
0.000752265
0.00742335
0.00721559
0.0069756
0.00671749
0.00644628
0.00616196
0.00586462
0.00555406
0.00522991
0.00489547
0.00455326
0.00420668
0.00386038
0.00351959
0.00318975
0.00287609
0.00258308
0.002314
0.00207066
0.00185342
0.00166139
0.00149279
0.00134535
0.00121658
0.00110408
0.00100522
0.000917859
0.000839916
0.000774638
0.000738395
0.00743852
0.00723587
0.00700056
0.00674553
0.006475
0.00618906
0.00588811
0.00557312
0.0052443
0.00490487
0.00455868
0.00420913
0.00386087
0.00351895
0.00318847
0.00287426
0.00258041
0.00230994
0.00206456
0.00184468
0.00164964
0.00147802
0.00132788
0.00119706
0.0010833
0.000984232
0.000897528
0.000820834
0.000756922
0.000720181
0.00746877
0.00727253
0.00704279
0.0067914
0.00652185
0.00623428
0.0059292
0.00560856
0.00527382
0.00492761
0.00457543
0.00422077
0.00386829
0.00352299
0.00318971
0.00287293
0.00257646
0.0023031
0.00205449
0.0018311
0.00163251
0.0014576
0.00130477
0.00117209
0.00105743
0.000958629
0.000872958
0.000798073
0.000735865
0.00069843
0.00751012
0.00732225
0.00709985
0.00685336
0.00658576
0.00629656
0.00598716
0.00566012
0.00531831
0.00496402
0.00460396
0.0042421
0.00388311
0.00353203
0.00319356
0.002872
0.00257097
0.00229314
0.00204011
0.00181244
0.00160989
0.00143163
0.00127627
0.00114206
0.00102696
0.000928722
0.000844713
0.000772225
0.000712152
0.000674079
0.0075583
0.00738147
0.00716888
0.00692955
0.00666469
0.00637467
0.00606122
0.00572766
0.00537804
0.00501481
0.0046452
0.0042741
0.00390615
0.00354656
0.00320018
0.00287131
0.00256352
0.0022795
0.00202087
0.00178828
0.00158159
0.00140018
0.00124272
0.00110749
0.000992445
0.000895294
0.000813419
0.000743989
0.000686616
0.00064821
0.00760826
0.00744629
0.00724688
0.00701692
0.00675668
0.00646718
0.0061508
0.00581142
0.00545399
0.00508158
0.00470095
0.00431847
0.0039388
0.00356752
0.00320992
0.00287063
0.00255348
0.00226134
0.00199595
0.00175798
0.00154728
0.00136335
0.00120462
0.00106919
0.0009549
0.000859402
0.000780015
0.00071418
0.000660389
0.000622002
0.00765262
0.00751165
0.00732989
0.00711201
0.00685898
0.00657267
0.0062559
0.00591262
0.00554836
0.00516725
0.00477458
0.0043784
0.00398368
0.00359673
0.00322365
0.00286993
0.00254009
0.00223748
0.00196405
0.00172049
0.00150644
0.00132097
0.00116218
0.00102773
0.000915189
0.000822076
0.000745833
0.000683842
0.000633752
0.000595793
0.00768141
0.00757216
0.0074143
0.00721375
0.00697322
0.00669525
0.0063826
0.00603895
0.00566987
0.00528048
0.00487467
0.00446138
0.00404669
0.00363802
0.00324306
0.00286886
0.0025213
0.00220458
0.00192103
0.00167148
0.00145551
0.00126882
0.00111124
0.000979166
0.000869663
0.000779976
0.000707348
0.000649146
0.000602316
0.000567223
0.00768096
0.00761158
0.00748281
0.0073053
0.00708343
0.00682023
0.00651845
0.00618067
0.00581078
0.00541409
0.00499474
0.00456157
0.00412259
0.00368713
0.00326504
0.00286555
0.00249633
0.00216274
0.00186744
0.0016104
0.00138955
0.00120437
0.00104924
0.000920533
0.000814772
0.000728721
0.000659653
0.000604877
0.000562294
0.000536479
0.0297226
0.0112417
0.0074945
0.00507104
0.00339572
0.00226222
0.00152709
0.00108028
0.000830046
0.000701856
0.000643448
0.000622917
0.000622037
0.000630447
0.000642135
0.000653586
0.000662812
0.000668765
0.000671018
0.000669534
0.00066449
0.000656209
0.000645105
0.000631645
0.000616307
0.000599564
0.000581822
0.000563072
0.000543405
0.000527629
0.0338361
0.0131461
0.00881013
0.00598353
0.00402755
0.00271431
0.0018456
0.00129733
0.000971837
0.000790108
0.000695219
0.000650786
0.000634903
0.000634517
0.000641742
0.000651748
0.000661612
0.000669587
0.000674669
0.000676379
0.000674592
0.000669423
0.000661134
0.000650071
0.000636619
0.000621209
0.000604287
0.000586289
0.000568199
0.000551598
0.0388318
0.0149533
0.0101606
0.00691824
0.0046975
0.00321573
0.00221867
0.00156736
0.00116031
0.000916048
0.000774562
0.000696133
0.000655814
0.00063813
0.00063342
0.000635584
0.000640742
0.000646432
0.000651082
0.000653749
0.000653949
0.000651513
0.000646472
0.000638985
0.000629285
0.000617655
0.00060439
0.000589862
0.000575131
0.000561441
0.0447355
0.0165182
0.0114585
0.00774092
0.00530856
0.00371195
0.00261918
0.00188004
0.00139499
0.00108518
0.000890987
0.000771431
0.000699687
0.000658375
0.000636225
0.00062586
0.000622385
0.000622527
0.000624076
0.00062556
0.000626052
0.000625021
0.000622207
0.000617534
0.000611048
0.000602847
0.000593032
0.000581822
0.000570403
0.000560494
0.0516576
0.0179263
0.0128027
0.00853177
0.0059245
0.00424161
0.00306713
0.00224614
0.00168342
0.00130477
0.00105257
0.000885765
0.000776425
0.000705714
0.000660921
0.000633428
0.000617314
0.000608449
0.000603933
0.000601708
0.000600351
0.000598905
0.000596757
0.000593542
0.000589069
0.000583243
0.000575991
0.000567415
0.000558699
0.000551872
0.0599167
0.0191722
0.014228
0.00926191
0.00652182
0.00478344
0.00354372
0.0026513
0.00201623
0.00157005
0.0012583
0.00104092
0.000889751
0.000785092
0.000713143
0.000664232
0.00063151
0.000610047
0.000596247
0.000587469
0.00058177
0.000577737
0.00057437
0.000570973
0.00056709
0.000562415
0.000556712
0.000549946
0.000543156
0.000538438
0.0699
0.0202964
0.0157915
0.00991264
0.00708952
0.00532284
0.00403175
0.00307868
0.00237864
0.0018692
0.00149959
0.00123138
0.00103673
0.000895633
0.00079359
0.000720118
0.000667608
0.000630456
0.000604456
0.000586418
0.000573911
0.000565082
0.000558535
0.000553237
0.000548446
0.000543629
0.000538374
0.000532483
0.000526749
0.00052312
0.0819908
0.0213728
0.0175552
0.0104685
0.00762122
0.00584485
0.0045119
0.00350797
0.00275116
0.00218477
0.00176175
0.00144538
0.00120845
0.00103091
0.000897923
0.000798461
0.000724352
0.000669474
0.000629143
0.000599722
0.000578359
0.000562812
0.000551325
0.000542543
0.00053544
0.000529246
0.000523357
0.000517395
0.000511858
0.000508385
0.096442
0.0225031
0.0195747
0.0109181
0.00811278
0.00633298
0.00496381
0.00391785
0.00311262
0.00249687
0.00202687
0.0016674
0.00139182
0.0011802
0.00101757
0.000892576
0.000796695
0.000723433
0.000667777
0.000625769
0.000594242
0.000570643
0.000552918
0.000539429
0.000528889
0.000520298
0.000512856
0.000506005
0.00049993
0.00049587
0.113232
0.0238101
0.021882
0.0112581
0.0085611
0.00677058
0.00536856
0.00428872
0.00344328
0.00278638
0.00227707
0.00188112
0.00157231
0.00133081
0.00114161
0.000993251
0.000876983
0.000786104
0.000715385
0.000660671
0.000618591
0.000586381
0.000561762
0.000542872
0.000528201
0.000516543
0.000506918
0.000498593
0.000491456
0.000486307
0.131811
0.0254024
0.0244628
0.0114944
0.0089615
0.00714267
0.00571117
0.0046051
0.00372737
0.00303769
0.00249721
0.00207215
0.00173645
0.00147039
0.00125894
0.00109062
0.000956597
0.000850067
0.000765691
0.000699204
0.000647127
0.000606572
0.000575119
0.000550739
0.000531755
0.000516787
0.000504705
0.000494621
0.000486154
0.00047968
0.150946
0.0273186
0.0272283
0.0116405
0.00930576
0.00743821
0.005982
0.00485684
0.00395437
0.00324008
0.00267646
0.00222967
0.00187366
0.00158877
0.00135999
0.00117584
0.00102751
0.00090815
0.000812392
0.000735925
0.000675223
0.000627342
0.000589782
0.000560414
0.00053744
0.000519354
0.000504904
0.000493081
0.000483282
0.0004755
0.168788
0.0294705
0.03
0.0117142
0.00958218
0.00765186
0.00617718
0.00503936
0.00411931
0.00338808
0.00280874
0.00234712
0.00197707
0.00167895
0.00143784
0.00124227
0.00108346
0.000954571
0.000850249
0.000766175
0.000698814
0.000645197
0.000602794
0.00056942
0.000543205
0.00052256
0.000506149
0.000492874
0.000481961
0.000473096
0.183116
0.0315711
0.0324583
0.0117352
0.00977814
0.00778472
0.00629825
0.00515323
0.00422228
0.00348094
0.00289239
0.00242202
0.00204355
0.00173739
0.00148867
0.00128598
0.00112056
0.0009856
0.000875765
0.00078675
0.000715021
0.000657607
0.000611964
0.000575885
0.000547469
0.000525083
0.000507341
0.000493088
0.000481438
0.000471858
0.191131
0.0329774
0.0339591
0.0117329
0.00987944
0.00784428
0.00635222
0.00520378
0.00426774
0.00352203
0.00292958
0.00245548
0.00207337
0.0017637
0.00151162
0.00130577
0.0011374
0.000999721
0.000887406
0.000796156
0.000722436
0.000663273
0.00061612
0.000578778
0.000549339
0.000526158
0.000507828
0.000493164
0.000481225
0.000471364
0.191206
0.0330026
0.0340171
0.0117425
0.00987225
0.00783968
0.00634706
0.00519794
0.00426192
0.00351652
0.00292447
0.00245079
0.0020691
0.00175984
0.00150817
0.00130271
0.00113472
0.000997423
0.000885462
0.000794527
0.000721072
0.000662118
0.000615135
0.000577941
0.000548647
0.000525614
0.000507437
0.00049293
0.000481145
0.000471431
0.183332
0.0316398
0.0326165
0.0117644
0.00975903
0.00777174
0.00628354
0.00513638
0.0042053
0.0034648
0.00287741
0.00240829
0.00203106
0.00172613
0.0014786
0.00127708
0.00111281
0.000978956
0.000870143
0.000782032
0.000711055
0.000654245
0.000609094
0.000573454
0.000545467
0.000523523
0.000506236
0.000492446
0.000481254
0.000472111
0.169118
0.0295667
0.0302176
0.0117617
0.00955728
0.0076327
0.0061549
0.00501323
0.00409251
0.0033624
0.00278489
0.00232532
0.00195733
0.00166123
0.00142208
0.00122844
0.00107148
0.000944336
0.000841597
0.000758893
0.000692664
0.000639966
0.000598334
0.000565669
0.000540154
0.000520229
0.000504556
0.000492029
0.000481859
0.000473701
0.151358
0.0274276
0.0274603
0.0117023
0.00928195
0.00741574
0.00595464
0.00482367
0.00391953
0.00320638
0.00264515
0.00220116
0.00184802
0.00156593
0.00133989
0.00115838
0.00101252
0.000895435
0.000801674
0.000726889
0.000667563
0.000620817
0.000584251
0.000555826
0.000533797
0.000516678
0.000503216
0.000492392
0.00048358
0.000476737
0.132277
0.0255156
0.024672
0.0115641
0.00894443
0.00711993
0.00568125
0.00456732
0.00368661
0.00299781
0.00246011
0.00203855
0.00170651
0.00144406
0.00123609
0.00107105
0.000940038
0.000836165
0.000754037
0.000689385
0.000638801
0.000599515
0.000569222
0.000545975
0.000528138
0.000514342
0.000503452
0.000494568
0.000487281
0.00048192
0.113728
0.0239247
0.0220433
0.0113264
0.00855375
0.00675038
0.00533847
0.00424884
0.00339904
0.00274255
0.00223626
0.0018444
0.00153998
0.00130284
0.00111778
0.000973238
0.000860357
0.000772344
0.000703946
0.000651083
0.000610524
0.000579655
0.000556311
0.000538693
0.000525319
0.000514984
0.000506702
0.00049972
0.000493891
0.000489964
0.0969522
0.0226197
0.0196766
0.010975
0.00811463
0.00631721
0.00493562
0.00387838
0.00306762
0.00245178
0.00198488
0.00162994
0.00135934
0.00115265
0.00099463
0.000873782
0.000781434
0.000711025
0.000657598
0.000617357
0.000587324
0.000565096
0.000548716
0.000536588
0.000527443
0.000520274
0.000514268
0.000508841
0.000504141
0.000501346
0.0825066
0.0214934
0.0175979
0.0105053
0.00762834
0.00583383
0.00448717
0.00347129
0.00270832
0.00214147
0.00172152
0.00140989
0.00117825
0.00100591
0.000877699
0.000782382
0.000711648
0.000659384
0.000621065
0.000593273
0.000573349
0.000559177
0.000549069
0.000541698
0.000536041
0.000531318
0.000526904
0.000522393
0.000518241
0.000516019
0.0704155
0.0204215
0.0157822
0.00992281
0.00709553
0.00531504
0.00401122
0.00304684
0.00234078
0.00183077
0.00146412
0.0012006
0.00101117
0.000875116
0.000777586
0.000707866
0.000658285
0.000623349
0.000599082
0.00058252
0.000571388
0.000563923
0.000558767
0.000554897
0.000551563
0.000548218
0.000544428
0.000539967
0.000535582
0.000533141
0.0604273
0.0192997
0.0141768
0.00924181
0.00651966
0.00477589
0.00352731
0.00262585
0.00198573
0.00153916
0.00123018
0.00101711
0.000870631
0.000770403
0.000702272
0.000656403
0.000625987
0.000606291
0.000593952
0.000586511
0.000582133
0.000579452
0.00057747
0.000575485
0.000573023
0.000569768
0.00056547
0.000560069
0.000554556
0.000550932
0.0521576
0.0180517
0.0127191
0.00848075
0.00590839
0.00423102
0.00305411
0.00222784
0.00166173
0.00128307
0.00103332
0.000870121
0.00076458
0.000697319
0.000655377
0.000630087
0.000615657
0.000608166
0.000604893
0.000603907
0.000603837
0.000603722
0.000602925
0.000601057
0.000597912
0.000593394
0.000587428
0.000580105
0.000572563
0.000566718
0.0452178
0.0166345
0.0113496
0.0076614
0.00527583
0.00369604
0.00260864
0.00186883
0.00138235
0.00107287
0.000880637
0.000763784
0.000694756
0.000655808
0.000635555
0.000626671
0.000624418
0.000625672
0.000628336
0.000631001
0.000632738
0.000632974
0.000631411
0.000627949
0.000622621
0.00061554
0.000606819
0.000596695
0.000586314
0.00057727
0.0392899
0.0150529
0.0100321
0.00681669
0.00464986
0.00319405
0.00220967
0.0015622
0.00115554
0.000911765
0.000771633
0.000694985
0.000656405
0.000640215
0.000636762
0.000640022
0.000646209
0.000652926
0.000658646
0.000662434
0.000663762
0.000662414
0.000658394
0.000651856
0.000643029
0.000632224
0.000619772
0.000606083
0.000592207
0.000579274
0.0342689
0.0132164
0.00866217
0.00587143
0.00397345
0.00269005
0.00183812
0.00129664
0.000972644
0.000791315
0.000697186
0.000653841
0.000639104
0.000639824
0.00064816
0.000659329
0.000670364
0.000679472
0.00068563
0.000688313
0.000687372
0.000682917
0.000675209
0.000664612
0.000651542
0.000636471
0.000619917
0.000602398
0.00058491
0.000568952
0.0301485
0.0112758
0.00732813
0.00496163
0.00334437
0.00223842
0.00152033
0.00108141
0.000833227
0.000705464
0.000647654
0.00062808
0.00062836
0.000638063
0.000651176
0.000664161
0.000674888
0.000682168
0.000685459
0.000684665
0.000679986
0.000671799
0.000660567
0.000646807
0.000631066
0.000613887
0.000595774
0.00057685
0.000557324
0.000542086
0.000520675
0.000504356
0.000483972
0.000463843
0.000444885
0.000427074
0.000410337
0.000394633
0.000379907
0.000366086
0.000353092
0.00034085
0.000329291
0.00031835
0.000307969
0.000298097
0.000288688
0.000279699
0.000271093
0.000262838
0.000254902
0.000247259
0.000239885
0.000232758
0.000225859
0.00021917
0.000212676
0.000206363
0.000200218
0.000194231
0.000188391
0.000182689
0.000177118
0.00017167
0.00016634
0.000161122
0.000156011
0.000151003
0.000146095
0.000141283
0.000136565
0.000131937
0.000127399
0.000122947
0.000118582
0.000114301
0.000110103
0.000105988
0.000101954
9.80003e-05
9.41267e-05
9.0336e-05
8.66262e-05
8.2995e-05
7.94423e-05
7.59682e-05
7.25727e-05
6.92557e-05
6.6017e-05
6.28567e-05
5.97746e-05
5.67708e-05
5.38452e-05
5.09976e-05
4.8228e-05
4.55364e-05
4.29226e-05
4.03865e-05
3.79281e-05
3.55475e-05
3.32447e-05
3.10196e-05
2.88721e-05
2.68021e-05
2.48097e-05
2.28947e-05
2.10571e-05
1.92966e-05
1.76134e-05
1.60074e-05
1.44785e-05
1.30267e-05
1.1652e-05
1.03541e-05
9.13309e-06
7.98891e-06
6.92156e-06
5.93096e-06
5.0171e-06
4.17959e-06
3.41835e-06
2.73331e-06
2.12465e-06
1.59304e-06
1.13823e-06
7.59156e-07
4.55671e-07
2.29038e-07
7.96861e-08
8.5732e-09
0.000527884
0.000507754
0.000487409
0.000467708
0.000449176
0.00043181
0.000415485
0.000400116
0.000385634
0.000371968
0.000359049
0.000346812
0.000335197
0.000324152
0.000313627
0.000303579
0.000293968
0.000284759
0.000275919
0.000267421
0.000259238
0.000251346
0.000243724
0.000236353
0.000229216
0.000222295
0.000215578
0.00020905
0.0002027
0.000196518
0.000190493
0.000184617
0.000178882
0.000173281
0.000167808
0.000162456
0.000157222
0.0001521
0.000147086
0.000142176
0.000137368
0.000132659
0.000128045
0.000123526
0.000119099
0.000114761
0.000110513
0.000106352
0.000102277
9.82883e-05
9.43849e-05
9.05623e-05
8.68217e-05
8.31643e-05
7.95892e-05
7.60954e-05
7.26827e-05
6.93505e-05
6.60985e-05
6.29266e-05
5.98343e-05
5.68216e-05
5.38881e-05
5.10337e-05
4.82583e-05
4.55617e-05
4.29436e-05
4.04038e-05
3.79423e-05
3.55591e-05
3.32539e-05
3.10268e-05
2.88777e-05
2.68065e-05
2.48129e-05
2.28969e-05
2.10585e-05
1.92975e-05
1.76137e-05
1.60073e-05
1.44781e-05
1.30263e-05
1.16514e-05
1.03534e-05
9.13232e-06
7.98805e-06
6.92057e-06
5.92981e-06
5.01569e-06
4.17822e-06
3.41732e-06
2.73281e-06
2.12467e-06
1.59297e-06
1.13784e-06
7.58754e-07
4.55426e-07
2.28936e-07
7.97098e-08
8.57749e-09
0.000533055
0.000511066
0.000489789
0.000469676
0.000451117
0.000433954
0.000417926
0.000402865
0.00038866
0.000375221
0.000362473
0.000350351
0.000338801
0.000327774
0.000317228
0.000307125
0.000297431
0.000288118
0.000279157
0.000270525
0.000262198
0.000254156
0.000246381
0.000238856
0.000231565
0.000224493
0.000217627
0.000210956
0.000204467
0.000198152
0.000192001
0.000186005
0.000180156
0.000174448
0.000168874
0.000163429
0.000158107
0.000152903
0.000147814
0.000142834
0.000137962
0.000133193
0.000128526
0.000123957
0.000119484
0.000115105
0.000110819
0.000106623
0.000102517
9.84996e-05
9.4569e-05
9.07246e-05
8.69655e-05
8.32909e-05
7.97e-05
7.61921e-05
7.27667e-05
6.94233e-05
6.61614e-05
6.29807e-05
5.98806e-05
5.6861e-05
5.39215e-05
5.10619e-05
4.82819e-05
4.55814e-05
4.29599e-05
4.04173e-05
3.79533e-05
3.55679e-05
3.32609e-05
3.10322e-05
2.88817e-05
2.68094e-05
2.4815e-05
2.28983e-05
2.10592e-05
1.92977e-05
1.76135e-05
1.60067e-05
1.44773e-05
1.30252e-05
1.16502e-05
1.03522e-05
9.13096e-06
7.98652e-06
6.91893e-06
5.92823e-06
5.01415e-06
4.17663e-06
3.41578e-06
2.73164e-06
2.12388e-06
1.59226e-06
1.13712e-06
7.58159e-07
4.55069e-07
2.28763e-07
7.96538e-08
8.56708e-09
0.000531971
0.000510167
0.000489057
0.000469202
0.000451039
0.000434341
0.000418783
0.000404157
0.000390332
0.000377211
0.000364718
0.00035279
0.000341377
0.000330438
0.000319937
0.000309842
0.000300126
0.000290765
0.000281737
0.00027302
0.000264598
0.000256451
0.000248565
0.000240925
0.000233517
0.000226328
0.000219346
0.000212561
0.000205962
0.00019954
0.000193286
0.000187191
0.000181249
0.000175452
0.000169795
0.000164271
0.000158875
0.000153603
0.000148449
0.000143411
0.000138484
0.000133664
0.00012895
0.000124338
0.000119826
0.000115411
0.000111092
0.000106867
0.000102734
9.86921e-05
9.47395e-05
9.08751e-05
8.7098e-05
8.34072e-05
7.98018e-05
7.62809e-05
7.2844e-05
6.94903e-05
6.62193e-05
6.30305e-05
5.99234e-05
5.68975e-05
5.39525e-05
5.1088e-05
4.83038e-05
4.55995e-05
4.29748e-05
4.04295e-05
3.79632e-05
3.55758e-05
3.32671e-05
3.10369e-05
2.88852e-05
2.68118e-05
2.48164e-05
2.2899e-05
2.10594e-05
1.92974e-05
1.76128e-05
1.60057e-05
1.44759e-05
1.30235e-05
1.16484e-05
1.03505e-05
9.12918e-06
7.98434e-06
6.91666e-06
5.92604e-06
5.01202e-06
4.17458e-06
3.41387e-06
2.72993e-06
2.12238e-06
1.59097e-06
1.13604e-06
7.57316e-07
4.54516e-07
2.28475e-07
7.95558e-08
8.55174e-09
0.000525151
0.000505066
0.000485245
0.000466464
0.000449234
0.000433343
0.000418475
0.000404432
0.000391093
0.00037837
0.000366193
0.000354511
0.000343282
0.000332473
0.000322055
0.000312005
0.000302302
0.000292927
0.000283862
0.000275093
0.000266603
0.00025838
0.00025041
0.00024268
0.000235179
0.000227896
0.00022082
0.000213941
0.00020725
0.000200738
0.000194398
0.00018822
0.000182199
0.000176327
0.000170598
0.000165007
0.000159548
0.000154217
0.000149008
0.000143918
0.000138943
0.00013408
0.000129325
0.000124676
0.000120129
0.000115683
0.000111336
0.000107084
0.000102928
9.88639e-05
9.48917e-05
9.10097e-05
8.72166e-05
8.35114e-05
7.98931e-05
7.63607e-05
7.29134e-05
6.95505e-05
6.62714e-05
6.30754e-05
5.99618e-05
5.69303e-05
5.39802e-05
5.11114e-05
4.83235e-05
4.56157e-05
4.29878e-05
4.04398e-05
3.79715e-05
3.55824e-05
3.32722e-05
3.10408e-05
2.8888e-05
2.68135e-05
2.48173e-05
2.2899e-05
2.10588e-05
1.92963e-05
1.76115e-05
1.60042e-05
1.44741e-05
1.30213e-05
1.16459e-05
1.03477e-05
9.12638e-06
7.98187e-06
6.91421e-06
5.92342e-06
5.00935e-06
4.17198e-06
3.41138e-06
2.72756e-06
2.12026e-06
1.58922e-06
1.13463e-06
7.56247e-07
4.53814e-07
2.28101e-07
7.94291e-08
8.53365e-09
0.000514634
0.000497099
0.000479263
0.000462092
0.000446164
0.00043132
0.000417299
0.000403945
0.000391164
0.000378889
0.000367068
0.000355664
0.000344646
0.000333991
0.000323681
0.000313699
0.000304032
0.000294666
0.000285588
0.000276788
0.000268254
0.000259976
0.000251943
0.000244144
0.000236571
0.000229213
0.000222061
0.000215106
0.00020834
0.000201755
0.000195343
0.000189096
0.000183009
0.000177074
0.000171286
0.000165638
0.000160126
0.000154744
0.000149489
0.000144355
0.00013934
0.000134439
0.000129649
0.000124968
0.000120392
0.000115919
0.000111547
0.000107273
0.000103096
9.90132e-05
9.5024e-05
9.11266e-05
8.73197e-05
8.3602e-05
7.99725e-05
7.643e-05
7.29738e-05
6.96029e-05
6.63166e-05
6.31142e-05
5.99951e-05
5.69586e-05
5.40043e-05
5.11316e-05
4.834e-05
4.5629e-05
4.29985e-05
4.04483e-05
3.79781e-05
3.55873e-05
3.32758e-05
3.10433e-05
2.88896e-05
2.68143e-05
2.48173e-05
2.28985e-05
2.10576e-05
1.92947e-05
1.76095e-05
1.60019e-05
1.44716e-05
1.30186e-05
1.1643e-05
1.03445e-05
9.12301e-06
7.97848e-06
6.91091e-06
5.92017e-06
5.00616e-06
4.16887e-06
3.40837e-06
2.72464e-06
2.11763e-06
1.58709e-06
1.13294e-06
7.54987e-07
4.53008e-07
2.27677e-07
7.92843e-08
8.51329e-09
0.000502683
0.000487869
0.000472251
0.000456902
0.000442424
0.000428721
0.000415608
0.000402981
0.000390782
0.000378971
0.000367517
0.000356398
0.0003456
0.000335109
0.000324918
0.000315016
0.000305397
0.000296054
0.000286978
0.000278164
0.000269602
0.000261285
0.000253205
0.000245354
0.000237724
0.000230307
0.000223094
0.000216078
0.000209251
0.000202606
0.000196135
0.000189832
0.00018369
0.000177703
0.000171865
0.00016617
0.000160613
0.00015519
0.000149895
0.000144725
0.000139676
0.000134743
0.000129924
0.000125216
0.000120615
0.000116119
0.000111726
0.000107433
0.000103238
9.91402e-05
9.51366e-05
9.12261e-05
8.74074e-05
8.36791e-05
8.00399e-05
7.64889e-05
7.30249e-05
6.96471e-05
6.63547e-05
6.31469e-05
6.00231e-05
5.69824e-05
5.40243e-05
5.1148e-05
4.83533e-05
4.56398e-05
4.30071e-05
4.04549e-05
3.7983e-05
3.55909e-05
3.32782e-05
3.10446e-05
2.889e-05
2.6814e-05
2.48165e-05
2.28973e-05
2.1056e-05
1.92926e-05
1.76069e-05
1.59989e-05
1.44684e-05
1.30153e-05
1.16396e-05
1.03409e-05
9.11932e-06
7.97469e-06
6.90704e-06
5.91637e-06
5.00248e-06
4.16529e-06
3.4049e-06
2.72136e-06
2.11469e-06
1.58461e-06
1.13096e-06
7.53548e-07
4.52118e-07
2.27231e-07
7.91381e-08
8.49317e-09
0.000491186
0.000478772
0.000465233
0.000451639
0.000438562
0.000425962
0.000413725
0.000401798
0.000390159
0.000378792
0.00036769
0.000356847
0.000346261
0.000335931
0.000325856
0.000316037
0.000306472
0.000297158
0.000288093
0.000279273
0.000270694
0.00026235
0.000254236
0.000246345
0.000238671
0.000231206
0.000223945
0.00021688
0.000210004
0.00020331
0.000196792
0.000190443
0.000184256
0.000178226
0.000172347
0.000166613
0.000161019
0.000155562
0.000150234
0.000145034
0.000139956
0.000134998
0.000130154
0.000125423
0.000120802
0.000116287
0.000111876
0.000107567
0.000103358
9.92463e-05
9.52306e-05
9.13092e-05
8.74805e-05
8.37432e-05
8.0096e-05
7.65377e-05
7.30673e-05
6.96837e-05
6.63862e-05
6.31738e-05
6.00459e-05
5.70019e-05
5.40405e-05
5.11613e-05
4.83638e-05
4.56481e-05
4.30136e-05
4.04598e-05
3.79864e-05
3.55931e-05
3.32794e-05
3.1045e-05
2.88896e-05
2.6813e-05
2.48151e-05
2.28953e-05
2.10536e-05
1.92898e-05
1.76038e-05
1.59956e-05
1.44649e-05
1.30117e-05
1.16358e-05
1.0337e-05
9.11531e-06
7.97058e-06
6.90288e-06
5.91217e-06
4.99834e-06
4.16131e-06
3.40111e-06
2.71783e-06
2.11153e-06
1.58193e-06
1.12885e-06
7.5205e-07
4.5121e-07
2.26792e-07
7.90041e-08
8.47502e-09
0.00048139
0.000470766
0.000458931
0.000446842
0.000434984
0.000423354
0.000411895
0.000400594
0.000389457
0.000378491
0.000367706
0.000357112
0.000346719
0.000336536
0.000326571
0.000316829
0.000307316
0.000298033
0.000288982
0.000280162
0.000271572
0.000263209
0.000255069
0.000247148
0.000239439
0.000231938
0.000224638
0.000217534
0.000210619
0.000203886
0.000197329
0.000190942
0.000184719
0.000178654
0.000172741
0.000166976
0.000161353
0.000155866
0.000150513
0.000145288
0.000140187
0.000135206
0.000130343
0.000125594
0.000120955
0.000116425
0.000111999
0.000107677
0.000103456
9.93334e-05
9.53078e-05
9.13773e-05
8.75405e-05
8.37958e-05
8.01419e-05
7.65776e-05
7.31018e-05
6.97134e-05
6.64115e-05
6.31954e-05
6.00644e-05
5.70179e-05
5.40543e-05
5.1172e-05
4.83717e-05
4.5654e-05
4.30181e-05
4.04631e-05
3.79886e-05
3.55944e-05
3.32798e-05
3.10446e-05
2.88885e-05
2.68114e-05
2.48131e-05
2.28929e-05
2.10509e-05
1.92867e-05
1.76005e-05
1.59921e-05
1.44612e-05
1.30078e-05
1.16318e-05
1.0333e-05
9.11115e-06
7.96638e-06
6.89863e-06
5.90788e-06
4.99409e-06
4.15721e-06
3.39719e-06
2.71417e-06
2.10829e-06
1.57924e-06
1.12677e-06
7.50619e-07
4.50378e-07
2.2641e-07
7.88993e-08
8.46102e-09
0.000473857
0.000464331
0.000453734
0.000442815
0.000431931
0.000421092
0.000410278
0.000399502
0.00038879
0.000378166
0.000367652
0.000357272
0.000347046
0.00033699
0.000327119
0.000317445
0.000307978
0.000298724
0.000289687
0.00028087
0.000272273
0.000263896
0.000255736
0.000247791
0.000240056
0.000232526
0.000225196
0.00021806
0.000211113
0.000204349
0.000197761
0.000191344
0.000185092
0.000178999
0.00017306
0.000167269
0.000161622
0.000156113
0.000150738
0.000145493
0.000140373
0.000135375
0.000130496
0.000125732
0.000121079
0.000116536
0.000112099
0.000107766
0.000103535
9.94038e-05
9.53701e-05
9.14323e-05
8.75888e-05
8.38381e-05
8.01789e-05
7.66097e-05
7.31295e-05
6.97371e-05
6.64317e-05
6.32127e-05
6.00789e-05
5.70293e-05
5.40631e-05
5.11795e-05
4.83784e-05
4.56595e-05
4.30222e-05
4.0466e-05
3.79905e-05
3.55953e-05
3.32798e-05
3.10439e-05
2.88871e-05
2.68095e-05
2.48106e-05
2.28903e-05
2.10481e-05
1.92838e-05
1.75973e-05
1.59886e-05
1.44576e-05
1.30041e-05
1.1628e-05
1.0329e-05
9.10717e-06
7.96235e-06
6.89453e-06
5.90372e-06
4.98994e-06
4.15317e-06
3.39336e-06
2.71064e-06
2.10519e-06
1.5767e-06
1.12487e-06
7.49367e-07
4.49698e-07
2.26125e-07
7.88333e-08
8.45185e-09
0.000468583
0.00045955
0.000449753
0.000439669
0.00042951
0.000419275
0.000408964
0.000398605
0.000388233
0.000377883
0.00036759
0.000357384
0.000347293
0.00033734
0.000327546
0.000317928
0.000308499
0.000299268
0.000290243
0.000281428
0.000272827
0.000264439
0.000256264
0.0002483
0.000240543
0.00023299
0.000225636
0.000218476
0.000211504
0.000204715
0.000198103
0.000191663
0.000185388
0.000179272
0.000173312
0.000167501
0.000161835
0.000156308
0.000150916
0.000145655
0.000140521
0.000135509
0.000130617
0.000125841
0.000121178
0.000116624
0.000112178
0.000107837
0.000103598
9.94597e-05
9.54196e-05
9.1476e-05
8.76272e-05
8.38718e-05
8.02082e-05
7.66352e-05
7.31515e-05
6.97561e-05
6.6448e-05
6.32263e-05
6.00901e-05
5.70383e-05
5.40703e-05
5.11855e-05
4.83834e-05
4.56634e-05
4.30251e-05
4.0468e-05
3.79916e-05
3.55955e-05
3.32794e-05
3.10428e-05
2.88857e-05
2.68077e-05
2.48085e-05
2.28879e-05
2.10455e-05
1.9281e-05
1.75944e-05
1.59855e-05
1.44543e-05
1.30007e-05
1.16245e-05
1.03254e-05
9.10353e-06
7.95868e-06
6.89084e-06
5.9e-06
4.9862e-06
4.14946e-06
3.38984e-06
2.70745e-06
2.10244e-06
1.5745e-06
1.12329e-06
7.48371e-07
4.49169e-07
2.25915e-07
7.88016e-08
8.44767e-09
0.000465216
0.000456255
0.000446917
0.000437388
0.000427732
0.000417932
0.000407992
0.000397944
0.000387828
0.000377687
0.000367561
0.000357487
0.000347498
0.000337623
0.000327888
0.000318311
0.000308909
0.000299695
0.000290678
0.000281865
0.000273259
0.000264862
0.000256674
0.000248695
0.000240922
0.000233351
0.000225978
0.000218799
0.000211807
0.000204999
0.000198368
0.000191909
0.000185616
0.000179484
0.000173507
0.000167681
0.000161999
0.000156459
0.000151054
0.00014578
0.000140635
0.000135613
0.000130711
0.000125925
0.000121254
0.000116693
0.00011224
0.000107892
0.000103647
9.95032e-05
9.54581e-05
9.151e-05
8.76572e-05
8.38981e-05
8.02312e-05
7.66552e-05
7.31688e-05
6.9771e-05
6.64607e-05
6.3237e-05
6.00989e-05
5.70456e-05
5.40763e-05
5.11904e-05
4.83873e-05
4.56665e-05
4.30275e-05
4.04695e-05
3.79924e-05
3.55956e-05
3.32789e-05
3.1042e-05
2.88845e-05
2.68063e-05
2.48068e-05
2.28859e-05
2.10433e-05
1.92787e-05
1.75919e-05
1.59829e-05
1.44516e-05
1.29978e-05
1.16215e-05
1.03224e-05
9.10043e-06
7.95567e-06
6.88792e-06
5.89705e-06
4.98309e-06
4.14622e-06
3.38681e-06
2.70481e-06
2.10012e-06
1.57269e-06
1.12206e-06
7.4764e-07
4.48815e-07
2.25795e-07
7.87959e-08
8.44609e-09
0.000463268
0.000454173
0.000445073
0.000435888
0.000426561
0.000417053
0.000407367
0.000397534
0.000387596
0.0003776
0.000367589
0.000357606
0.000347688
0.000337866
0.000328169
0.000318619
0.000309234
0.00030003
0.000291016
0.000282201
0.000273589
0.000265184
0.000256986
0.000248995
0.000241208
0.000233623
0.000226235
0.000219041
0.000212035
0.000205212
0.000198566
0.000192093
0.000185787
0.000179642
0.000173653
0.000167814
0.000162122
0.000156571
0.000151156
0.000145874
0.00014072
0.00013569
0.000130781
0.000125989
0.000121311
0.000116744
0.000112286
0.000107933
0.000103684
9.9536e-05
9.54872e-05
9.15358e-05
8.76799e-05
8.39181e-05
8.02487e-05
7.66704e-05
7.31821e-05
6.97825e-05
6.64706e-05
6.32454e-05
6.0106e-05
5.70515e-05
5.40812e-05
5.11944e-05
4.83906e-05
4.56691e-05
4.30294e-05
4.04708e-05
3.7993e-05
3.55957e-05
3.32786e-05
3.10414e-05
2.88838e-05
2.68054e-05
2.48057e-05
2.28845e-05
2.10416e-05
1.92769e-05
1.759e-05
1.59809e-05
1.44494e-05
1.29956e-05
1.16193e-05
1.03201e-05
9.09811e-06
7.95342e-06
6.8857e-06
5.89492e-06
4.98095e-06
4.14379e-06
3.38438e-06
2.70267e-06
2.09832e-06
1.57134e-06
1.12118e-06
7.47117e-07
4.4856e-07
2.25718e-07
7.88113e-08
8.44801e-09
0.000462291
0.000453036
0.000444055
0.000435069
0.000425938
0.000416607
0.000407074
0.000397371
0.000387541
0.000377631
0.000367688
0.000357757
0.000347878
0.000338084
0.000328407
0.000318869
0.000309491
0.000300289
0.000291273
0.000282454
0.000273835
0.000265422
0.000257214
0.000249212
0.000241415
0.000233818
0.000226419
0.000219213
0.000212196
0.000205362
0.000198706
0.000192223
0.000185907
0.000179753
0.000173755
0.000167909
0.000162209
0.00015665
0.000151229
0.00014594
0.00014078
0.000135744
0.00013083
0.000126033
0.000121351
0.00011678
0.000112318
0.000107962
0.00010371
9.95595e-05
9.55082e-05
9.15543e-05
8.76964e-05
8.39327e-05
8.02616e-05
7.66818e-05
7.3192e-05
6.97911e-05
6.6478e-05
6.32518e-05
6.01115e-05
5.70562e-05
5.40852e-05
5.11978e-05
4.83933e-05
4.56712e-05
4.3031e-05
4.04719e-05
3.79937e-05
3.5596e-05
3.32788e-05
3.10415e-05
2.88836e-05
2.68049e-05
2.4805e-05
2.28836e-05
2.10406e-05
1.92757e-05
1.75887e-05
1.59795e-05
1.4448e-05
1.29941e-05
1.16177e-05
1.03184e-05
9.09623e-06
7.95141e-06
6.88378e-06
5.89298e-06
4.97919e-06
4.14272e-06
3.38352e-06
2.70131e-06
2.09687e-06
1.57042e-06
1.1207e-06
7.46807e-07
4.48348e-07
2.25646e-07
7.88432e-08
8.45366e-09
0.00046197
0.000452642
0.000443726
0.000434838
0.0004258
0.00041655
0.000407087
0.00039744
0.000387653
0.000377776
0.000367858
0.000357943
0.000348074
0.000338287
0.000328611
0.000319072
0.000309691
0.000300483
0.000291461
0.000282634
0.000274007
0.000265585
0.000257369
0.000249358
0.000241552
0.000233946
0.000226539
0.000219325
0.0002123
0.000205459
0.000198795
0.000192305
0.000185983
0.000179823
0.000173819
0.000167968
0.000162263
0.0001567
0.000151274
0.000145981
0.000140817
0.000135779
0.000130861
0.000126062
0.000121377
0.000116804
0.000112339
0.000107981
0.000103727
9.95748e-05
9.55218e-05
9.15665e-05
8.77074e-05
8.39427e-05
8.02704e-05
7.66896e-05
7.31989e-05
6.97972e-05
6.64834e-05
6.32566e-05
6.01156e-05
5.70598e-05
5.40883e-05
5.12005e-05
4.83956e-05
4.56731e-05
4.30324e-05
4.04731e-05
3.79947e-05
3.55968e-05
3.32793e-05
3.10419e-05
2.88838e-05
2.68048e-05
2.48047e-05
2.28833e-05
2.10402e-05
1.92751e-05
1.7588e-05
1.59787e-05
1.44471e-05
1.29931e-05
1.16167e-05
1.03174e-05
9.09506e-06
7.95012e-06
6.8824e-06
5.89157e-06
4.97785e-06
4.14145e-06
3.38239e-06
2.7007e-06
2.09675e-06
1.57047e-06
1.12069e-06
7.4653e-07
4.48127e-07
2.25622e-07
7.88765e-08
8.45838e-09
0.000462145
0.000452873
0.00044399
0.00043512
0.000426091
0.000416841
0.000407371
0.000397714
0.000387914
0.000378023
0.000368089
0.000358159
0.000348275
0.000338473
0.000328783
0.000319231
0.000309837
0.000300618
0.000291585
0.000282747
0.000274112
0.000265681
0.000257457
0.000249439
0.000241625
0.000234014
0.000226601
0.000219381
0.000212352
0.000205506
0.000198839
0.000192345
0.000186019
0.000179856
0.000173849
0.000167995
0.000162288
0.000156723
0.000151295
0.000146
0.000140835
0.000135795
0.000130876
0.000126075
0.000121389
0.000116815
0.000112349
0.00010799
0.000103736
9.95828e-05
9.55292e-05
9.15732e-05
8.77136e-05
8.39483e-05
8.02755e-05
7.66942e-05
7.32031e-05
6.98011e-05
6.6487e-05
6.32598e-05
6.01186e-05
5.70625e-05
5.40907e-05
5.12027e-05
4.83975e-05
4.56747e-05
4.30338e-05
4.04743e-05
3.79957e-05
3.55978e-05
3.32803e-05
3.10427e-05
2.88844e-05
2.68052e-05
2.4805e-05
2.28834e-05
2.10402e-05
1.92751e-05
1.75879e-05
1.59785e-05
1.44468e-05
1.29927e-05
1.16161e-05
1.03167e-05
9.09456e-06
7.94967e-06
6.88189e-06
5.89103e-06
4.97736e-06
4.14094e-06
3.3819e-06
2.70047e-06
2.09667e-06
1.57035e-06
1.12062e-06
7.46568e-07
4.4817e-07
2.25642e-07
7.88832e-08
8.45884e-09
0.00046286
0.00045376
0.000444872
0.000435935
0.000426823
0.000417487
0.000407933
0.000398197
0.000388327
0.000378372
0.000368383
0.000358405
0.00034848
0.000338642
0.000328923
0.000319345
0.000309929
0.000300692
0.000291644
0.000282794
0.000274147
0.000265708
0.000257476
0.000249452
0.000241634
0.000234019
0.000226603
0.000219381
0.00021235
0.000205503
0.000198835
0.00019234
0.000186014
0.000179851
0.000173844
0.00016799
0.000162283
0.000156718
0.000151291
0.000145997
0.000140832
0.000135792
0.000130874
0.000126073
0.000121388
0.000116814
0.000112349
0.00010799
0.000103735
9.95827e-05
9.55296e-05
9.1574e-05
8.77145e-05
8.39493e-05
8.02766e-05
7.66954e-05
7.32044e-05
6.98025e-05
6.64885e-05
6.32613e-05
6.01201e-05
5.7064e-05
5.40922e-05
5.12041e-05
4.8399e-05
4.56761e-05
4.30351e-05
4.04754e-05
3.79968e-05
3.55989e-05
3.32813e-05
3.10436e-05
2.88852e-05
2.68061e-05
2.48057e-05
2.2884e-05
2.10407e-05
1.92755e-05
1.75882e-05
1.59787e-05
1.4447e-05
1.29928e-05
1.16161e-05
1.03167e-05
9.09465e-06
7.94987e-06
6.88207e-06
5.89113e-06
4.97735e-06
4.14086e-06
3.38191e-06
2.70059e-06
2.09674e-06
1.57027e-06
1.12062e-06
7.46801e-07
4.48387e-07
2.25689e-07
7.88504e-08
8.45348e-09
0.000464364
0.00045549
0.000446514
0.000437388
0.000428075
0.000418546
0.000408814
0.000398919
0.000388909
0.000378835
0.000368745
0.000358682
0.000348686
0.00033879
0.000329021
0.000319404
0.000309957
0.000300694
0.000291626
0.000282761
0.000274102
0.000265654
0.000257416
0.000249388
0.000241568
0.000233952
0.000226536
0.000219315
0.000212285
0.000205441
0.000198775
0.000192284
0.000185961
0.000179801
0.000173798
0.000167947
0.000162243
0.000156681
0.000151257
0.000145966
0.000140804
0.000135767
0.000130851
0.000126053
0.000121369
0.000116798
0.000112334
0.000107977
0.000103725
9.95732e-05
9.55215e-05
9.15674e-05
8.7709e-05
8.39446e-05
8.02727e-05
7.66922e-05
7.32018e-05
6.98006e-05
6.64872e-05
6.32604e-05
6.01196e-05
5.70638e-05
5.40924e-05
5.12044e-05
4.83994e-05
4.56768e-05
4.30358e-05
4.04761e-05
3.79975e-05
3.55997e-05
3.32822e-05
3.10446e-05
2.88863e-05
2.68071e-05
2.48067e-05
2.2885e-05
2.10416e-05
1.92763e-05
1.7589e-05
1.59795e-05
1.44477e-05
1.29935e-05
1.16168e-05
1.03173e-05
9.09529e-06
7.95051e-06
6.88267e-06
5.8919e-06
4.978e-06
4.14109e-06
3.38219e-06
2.70103e-06
2.09721e-06
1.57066e-06
1.12087e-06
7.47024e-07
4.48541e-07
2.25725e-07
7.88195e-08
8.44892e-09
0.00046706
0.000458325
0.000449097
0.000439601
0.000429926
0.00042007
0.000410046
0.000399897
0.00038967
0.000379413
0.00036917
0.000358981
0.000348881
0.000338901
0.000329065
0.000319394
0.000309905
0.000300609
0.000291516
0.000282632
0.000273961
0.000265505
0.000257262
0.000249233
0.000241413
0.000233799
0.000226387
0.000219172
0.000212148
0.00020531
0.000198651
0.000192167
0.000185851
0.000179698
0.000173703
0.000167859
0.000162162
0.000156607
0.000151189
0.000145904
0.000140747
0.000135715
0.000130804
0.000126011
0.000121332
0.000116764
0.000112305
0.000107951
0.000103701
9.95525e-05
9.55035e-05
9.15518e-05
8.76957e-05
8.39332e-05
8.02628e-05
7.66837e-05
7.31947e-05
6.97946e-05
6.64823e-05
6.32567e-05
6.01167e-05
5.70617e-05
5.40909e-05
5.12034e-05
4.83987e-05
4.56764e-05
4.30358e-05
4.04764e-05
3.7998e-05
3.56004e-05
3.3283e-05
3.10455e-05
2.88874e-05
2.68082e-05
2.48078e-05
2.28861e-05
2.10428e-05
1.92775e-05
1.75902e-05
1.59807e-05
1.44489e-05
1.29947e-05
1.16179e-05
1.03185e-05
9.09631e-06
7.95138e-06
6.88354e-06
5.89267e-06
4.97883e-06
4.14225e-06
3.3833e-06
2.70195e-06
2.09808e-06
1.57144e-06
1.12142e-06
7.47359e-07
4.4871e-07
2.25763e-07
7.87874e-08
8.44472e-09
0.000471467
0.000462585
0.000452822
0.000442701
0.000432457
0.000422104
0.000411654
0.000401141
0.00039061
0.000380099
0.000369648
0.000359289
0.000349051
0.00033896
0.000329036
0.000319296
0.000309753
0.000300418
0.000291295
0.000282391
0.000273707
0.000265243
0.000256999
0.000248971
0.000241155
0.000233548
0.000226145
0.00021894
0.000211927
0.0002051
0.000198454
0.000191981
0.000185678
0.000179537
0.000173553
0.00016772
0.000162034
0.000156489
0.000151081
0.000145806
0.000140658
0.000135634
0.000130731
0.000125945
0.000121272
0.000116711
0.000112257
0.000107909
0.000103664
9.95195e-05
9.54742e-05
9.15261e-05
8.76738e-05
8.39144e-05
8.0246e-05
7.6669e-05
7.31823e-05
6.97842e-05
6.64737e-05
6.32493e-05
6.01107e-05
5.70572e-05
5.40877e-05
5.1201e-05
4.83969e-05
4.5675e-05
4.30349e-05
4.04761e-05
3.79982e-05
3.56009e-05
3.32838e-05
3.10464e-05
2.88884e-05
2.68095e-05
2.48093e-05
2.28876e-05
2.10443e-05
1.92791e-05
1.75919e-05
1.59824e-05
1.44507e-05
1.29965e-05
1.16197e-05
1.03202e-05
9.09804e-06
7.95296e-06
6.88492e-06
5.89398e-06
4.98025e-06
4.1438e-06
3.38487e-06
2.70345e-06
2.09943e-06
1.5725e-06
1.12216e-06
7.47809e-07
4.48919e-07
2.25814e-07
7.87639e-08
8.44237e-09
0.000478108
0.000468573
0.000457869
0.000446791
0.000435719
0.000424672
0.000413641
0.000402645
0.000391714
0.000380876
0.000370158
0.000359583
0.000349172
0.000338943
0.000328912
0.000319088
0.000309482
0.0003001
0.000290945
0.000282019
0.000273322
0.000264853
0.00025661
0.000248587
0.000240781
0.000233186
0.000225797
0.000218607
0.000211611
0.000204802
0.000198173
0.000191719
0.000185433
0.000179309
0.000173341
0.000167525
0.000161854
0.000156324
0.00015093
0.000145668
0.000140533
0.000135521
0.000130628
0.000125852
0.000121189
0.000116636
0.00011219
0.000107849
0.000103611
9.94729e-05
9.54331e-05
9.14898e-05
8.76413e-05
8.38858e-05
8.02221e-05
7.66489e-05
7.31651e-05
6.97697e-05
6.64613e-05
6.32388e-05
6.01021e-05
5.70503e-05
5.40821e-05
5.11967e-05
4.83937e-05
4.56728e-05
4.30335e-05
4.04754e-05
3.7998e-05
3.56012e-05
3.32844e-05
3.10474e-05
2.88896e-05
2.68109e-05
2.48109e-05
2.28895e-05
2.10463e-05
1.92811e-05
1.75939e-05
1.59846e-05
1.4453e-05
1.29988e-05
1.1622e-05
1.03226e-05
9.10038e-06
7.95525e-06
6.88716e-06
5.8962e-06
4.98247e-06
4.14603e-06
3.38695e-06
2.70531e-06
2.10109e-06
1.57382e-06
1.12307e-06
7.48367e-07
4.49203e-07
2.25908e-07
7.87567e-08
8.44241e-09
0.000487328
0.000476455
0.000464307
0.000451889
0.000439702
0.000427749
0.000415975
0.000404371
0.000392945
0.000381706
0.000370664
0.000359829
0.000349212
0.00033882
0.000328662
0.000318742
0.000309064
0.000299629
0.000290439
0.000281492
0.000272785
0.000264314
0.000256076
0.000248064
0.000240274
0.000232697
0.000225329
0.000218162
0.000211189
0.000204404
0.0001978
0.00019137
0.000185108
0.000179007
0.000173062
0.000167268
0.000161618
0.000156107
0.000150732
0.000145487
0.000140368
0.000135371
0.000130493
0.00012573
0.00012108
0.000116538
0.000112103
0.000107771
0.000103542
9.94115e-05
9.53789e-05
9.14421e-05
8.75995e-05
8.38493e-05
8.01904e-05
7.66219e-05
7.31422e-05
6.97498e-05
6.64443e-05
6.3225e-05
6.00909e-05
5.70409e-05
5.40743e-05
5.11906e-05
4.83891e-05
4.56694e-05
4.30312e-05
4.04741e-05
3.79976e-05
3.56014e-05
3.32851e-05
3.10485e-05
2.88912e-05
2.68127e-05
2.4813e-05
2.28917e-05
2.10486e-05
1.92837e-05
1.75966e-05
1.59874e-05
1.44558e-05
1.30018e-05
1.1625e-05
1.03256e-05
9.10339e-06
7.95826e-06
6.89017e-06
5.89918e-06
4.98542e-06
4.14889e-06
3.38961e-06
2.70767e-06
2.10308e-06
1.57539e-06
1.1242e-06
7.49084e-07
4.49579e-07
2.2605e-07
7.87709e-08
8.44558e-09
0.000499081
0.00048611
0.000472001
0.000457867
0.00044429
0.000431227
0.000418561
0.000406237
0.000394229
0.000382523
0.000371106
0.000359973
0.00034912
0.000338545
0.000328244
0.000318218
0.000308462
0.000298974
0.000289748
0.000280782
0.000272068
0.000263602
0.000255375
0.000247382
0.000239614
0.000232064
0.000224725
0.000217589
0.000210648
0.000203895
0.000197323
0.000190925
0.000184694
0.000178623
0.000172708
0.000166941
0.000161317
0.000155832
0.00015048
0.000145258
0.00014016
0.000135183
0.000130323
0.000125577
0.000120941
0.000116414
0.000111992
0.000107673
0.000103454
9.93341e-05
9.53107e-05
9.13822e-05
8.7547e-05
8.38037e-05
8.0151e-05
7.65877e-05
7.31127e-05
6.97249e-05
6.64232e-05
6.32072e-05
6.00761e-05
5.70287e-05
5.40644e-05
5.11828e-05
4.83831e-05
4.5665e-05
4.30282e-05
4.04722e-05
3.79967e-05
3.56014e-05
3.32858e-05
3.10498e-05
2.88929e-05
2.68148e-05
2.48153e-05
2.28942e-05
2.10514e-05
1.92866e-05
1.75998e-05
1.59907e-05
1.44592e-05
1.30052e-05
1.16286e-05
1.03292e-05
9.10699e-06
7.96186e-06
6.89378e-06
5.90278e-06
4.98896e-06
4.1523e-06
3.39276e-06
2.71046e-06
2.10543e-06
1.57725e-06
1.12556e-06
7.49969e-07
4.50058e-07
2.26252e-07
7.88193e-08
8.45429e-09
0.000512714
0.00049699
0.000480506
0.000464378
0.000449208
0.000434889
0.000421222
0.000408095
0.000395445
0.000383223
0.000371395
0.000359936
0.000348827
0.000338054
0.000327603
0.000317465
0.000307629
0.000298088
0.000288832
0.000279852
0.000271139
0.000262684
0.000254479
0.000246513
0.000238778
0.000231264
0.000223964
0.000216869
0.00020997
0.000203259
0.000196728
0.000190371
0.000184179
0.000178147
0.000172268
0.000166536
0.000160946
0.000155492
0.00015017
0.000144975
0.000139903
0.000134951
0.000130113
0.000125388
0.000120772
0.000116262
0.000111856
0.000107552
0.000103347
9.92392e-05
9.5227e-05
9.13087e-05
8.74827e-05
8.37477e-05
8.01025e-05
7.65458e-05
7.30767e-05
6.96942e-05
6.63973e-05
6.31854e-05
6.00577e-05
5.70135e-05
5.40521e-05
5.1173e-05
4.83756e-05
4.56594e-05
4.30242e-05
4.04696e-05
3.79953e-05
3.5601e-05
3.32863e-05
3.10509e-05
2.88946e-05
2.6817e-05
2.48178e-05
2.2897e-05
2.10544e-05
1.92899e-05
1.76033e-05
1.59944e-05
1.4463e-05
1.30092e-05
1.16326e-05
1.03333e-05
9.11109e-06
7.96596e-06
6.89786e-06
5.90681e-06
4.99288e-06
4.15601e-06
3.39622e-06
2.71359e-06
2.10811e-06
1.57939e-06
1.12714e-06
7.51024e-07
4.50655e-07
2.26523e-07
7.88971e-08
8.46702e-09
0.00052685
0.000508028
0.000489015
0.000470818
0.000454002
0.000438385
0.000423684
0.000409729
0.000396412
0.000383656
0.000371403
0.000359608
0.000348236
0.000337261
0.000326659
0.000316412
0.000306503
0.000296916
0.000287638
0.000278655
0.000269954
0.000261523
0.00025335
0.000245425
0.000237735
0.000230272
0.000223023
0.000215981
0.000209135
0.000202477
0.000195999
0.000189693
0.000183551
0.000177567
0.000171733
0.000166045
0.000160496
0.000155081
0.000149795
0.000144634
0.000139594
0.00013467
0.00012986
0.00012516
0.000120568
0.000116079
0.000111693
0.000107407
0.000103218
9.9125e-05
9.51263e-05
9.12202e-05
8.74053e-05
8.36802e-05
8.00439e-05
7.64952e-05
7.30332e-05
6.96569e-05
6.63657e-05
6.31588e-05
6.00354e-05
5.6995e-05
5.4037e-05
5.11609e-05
4.83661e-05
4.56522e-05
4.30189e-05
4.0466e-05
3.79931e-05
3.55999e-05
3.32862e-05
3.10516e-05
2.88959e-05
2.68189e-05
2.48203e-05
2.28999e-05
2.10577e-05
1.92934e-05
1.7607e-05
1.59983e-05
1.4467e-05
1.30132e-05
1.16367e-05
1.03374e-05
9.11533e-06
7.97022e-06
6.90207e-06
5.91099e-06
4.99694e-06
4.1599e-06
3.39987e-06
2.71691e-06
2.11099e-06
1.58172e-06
1.1289e-06
7.52233e-07
4.51362e-07
2.26861e-07
7.90027e-08
8.48277e-09
0.000539423
0.000517684
0.00049639
0.000476353
0.000458056
0.000441249
0.000425586
0.000410847
0.000396894
0.000383625
0.000370961
0.000358841
0.000347218
0.000336053
0.000325313
0.000314971
0.000305002
0.000295385
0.000286101
0.000277131
0.000268459
0.000260069
0.000251947
0.000244079
0.000236452
0.000229054
0.000221873
0.000214899
0.000208121
0.00020153
0.000195118
0.000188875
0.000182794
0.000176868
0.000171091
0.000165455
0.000159956
0.000154588
0.000149346
0.000144227
0.000139225
0.000134337
0.000129559
0.00012489
0.000120325
0.000115862
0.000111499
0.000107234
0.000103065
9.89896e-05
9.50068e-05
9.11152e-05
8.73133e-05
8.35999e-05
7.99741e-05
7.64348e-05
7.29812e-05
6.96124e-05
6.63278e-05
6.31267e-05
6.00084e-05
5.69725e-05
5.40185e-05
5.11458e-05
4.83541e-05
4.56429e-05
4.30119e-05
4.0461e-05
3.79898e-05
3.5598e-05
3.32854e-05
3.10518e-05
2.88969e-05
2.68204e-05
2.48223e-05
2.29025e-05
2.10607e-05
1.92967e-05
1.76104e-05
1.60019e-05
1.44708e-05
1.30171e-05
1.16406e-05
1.03414e-05
9.11957e-06
7.97445e-06
6.90601e-06
5.91483e-06
5.00089e-06
4.16382e-06
3.40354e-06
2.72019e-06
2.11382e-06
1.58408e-06
1.13074e-06
7.53525e-07
4.52148e-07
2.27253e-07
7.91297e-08
8.50102e-09
0.00054792
0.000524166
0.000501346
0.000480059
0.000460695
0.000442971
0.000426527
0.000411129
0.000396625
0.000382902
0.000369874
0.000357467
0.000345625
0.000334298
0.000323447
0.000313036
0.000303034
0.000293412
0.000284147
0.000275215
0.000266596
0.000258271
0.000250222
0.000242433
0.00023489
0.000227577
0.000220483
0.000213596
0.000206904
0.000200396
0.000194065
0.0001879
0.000181894
0.00017604
0.00017033
0.000164758
0.000159319
0.000154008
0.000148818
0.000143748
0.000138791
0.000133945
0.000129207
0.000124573
0.000120041
0.000115608
0.000111273
0.000107032
0.000102886
9.88313e-05
9.48672e-05
9.09924e-05
8.72057e-05
8.3506e-05
7.98924e-05
7.6364e-05
7.29201e-05
6.956e-05
6.6283e-05
6.30887e-05
5.99764e-05
5.69457e-05
5.39962e-05
5.11275e-05
4.83393e-05
4.56312e-05
4.30029e-05
4.04542e-05
3.79848e-05
3.55947e-05
3.32835e-05
3.10509e-05
2.88969e-05
2.68212e-05
2.48237e-05
2.29043e-05
2.1063e-05
1.92994e-05
1.76135e-05
1.60051e-05
1.44741e-05
1.30205e-05
1.16442e-05
1.03451e-05
9.12332e-06
7.97819e-06
6.90964e-06
5.91845e-06
5.00451e-06
4.16733e-06
3.40685e-06
2.72321e-06
2.1165e-06
1.58633e-06
1.13253e-06
7.54824e-07
4.52957e-07
2.27664e-07
7.92637e-08
8.51953e-09
0.000549932
0.000525886
0.000502818
0.000481205
0.000461385
0.000443137
0.000426167
0.000410282
0.00039535
0.000381268
0.000367947
0.000355314
0.000343305
0.000331866
0.000320947
0.000310508
0.000300511
0.000290921
0.00028171
0.000272849
0.000264315
0.000256084
0.000248137
0.000240455
0.00023302
0.000225818
0.000218834
0.000212055
0.000205468
0.000199063
0.00019283
0.00018676
0.000180844
0.000175075
0.000169446
0.00016395
0.000158582
0.000153336
0.000148209
0.000143196
0.000138292
0.000133495
0.000128802
0.000124209
0.000119715
0.000115317
0.000111013
0.000106802
0.000102682
9.86505e-05
9.47076e-05
9.08521e-05
8.70827e-05
8.33986e-05
7.9799e-05
7.6283e-05
7.28502e-05
6.94998e-05
6.62315e-05
6.30448e-05
5.99392e-05
5.69143e-05
5.397e-05
5.11058e-05
4.83215e-05
4.56169e-05
4.29915e-05
4.04453e-05
3.79782e-05
3.55898e-05
3.328e-05
3.10487e-05
2.88957e-05
2.68208e-05
2.48241e-05
2.29052e-05
2.10642e-05
1.93012e-05
1.76157e-05
1.60077e-05
1.44769e-05
1.30233e-05
1.1647e-05
1.0348e-05
9.12605e-06
7.981e-06
6.91282e-06
5.92169e-06
5.00755e-06
4.17016e-06
3.40952e-06
2.72575e-06
2.11878e-06
1.58828e-06
1.1341e-06
7.5596e-07
4.53665e-07
2.28026e-07
7.93882e-08
8.53795e-09
0.000544517
0.000522644
0.00050068
0.000479566
0.000459798
0.000441342
0.000424055
0.000407835
0.000392599
0.000378262
0.000364745
0.000351974
0.000339881
0.000328405
0.000317492
0.000307094
0.000297166
0.00028767
0.00027857
0.000269835
0.000261437
0.000253349
0.000245549
0.000238015
0.000230729
0.000223674
0.000216833
0.000210193
0.000203742
0.000197466
0.000191357
0.000185404
0.000179599
0.000173935
0.000168404
0.000163
0.000157718
0.000152552
0.000147499
0.000142554
0.000137714
0.000132975
0.000128335
0.000123791
0.000119342
0.000114984
0.000110718
0.00010654
0.00010245
9.84472e-05
9.45308e-05
9.06968e-05
8.69455e-05
8.32782e-05
7.96939e-05
7.61918e-05
7.27712e-05
6.94317e-05
6.61731e-05
6.29948e-05
5.98967e-05
5.68785e-05
5.39399e-05
5.10807e-05
4.83007e-05
4.55998e-05
4.29777e-05
4.04343e-05
3.79694e-05
3.5583e-05
3.32749e-05
3.1045e-05
2.88931e-05
2.68193e-05
2.48232e-05
2.2905e-05
2.10646e-05
1.93021e-05
1.76171e-05
1.60092e-05
1.44785e-05
1.3025e-05
1.16489e-05
1.035e-05
9.12807e-06
7.98304e-06
6.91495e-06
5.92382e-06
5.0096e-06
4.17214e-06
3.41146e-06
2.72759e-06
2.12046e-06
1.58976e-06
1.13533e-06
7.56818e-07
4.54145e-07
2.2826e-07
7.94664e-08
8.55101e-09
0.000535916
0.000518762
0.000497158
0.000475774
0.000455639
0.000436756
0.000419054
0.000402488
0.000386994
0.00037249
0.000358887
0.0003461
0.000334052
0.000322672
0.000311897
0.000301669
0.000291937
0.000282656
0.000273785
0.000265289
0.000257134
0.000249292
0.000241737
0.000234445
0.000227396
0.00022057
0.000213951
0.000207525
0.000201276
0.000195195
0.000189269
0.000183489
0.000177847
0.000172335
0.000166946
0.000161675
0.000156516
0.000151464
0.000146516
0.000141668
0.000136916
0.000132259
0.000127694
0.000123218
0.00011883
0.000114528
0.000110312
0.00010618
0.00010213
9.81628e-05
9.42764e-05
9.04735e-05
8.67526e-05
8.31113e-05
7.95493e-05
7.60666e-05
7.26632e-05
6.93388e-05
6.60933e-05
6.29266e-05
5.98386e-05
5.68292e-05
5.38983e-05
5.10458e-05
4.82715e-05
4.55755e-05
4.29577e-05
4.04179e-05
3.79561e-05
3.55723e-05
3.32664e-05
3.10383e-05
2.88881e-05
2.68155e-05
2.48205e-05
2.29032e-05
2.10635e-05
1.93016e-05
1.76169e-05
1.60094e-05
1.4479e-05
1.30258e-05
1.16497e-05
1.03509e-05
9.12902e-06
7.98413e-06
6.91613e-06
5.92495e-06
5.01054e-06
4.17305e-06
3.41253e-06
2.7288e-06
2.12148e-06
1.59063e-06
1.13612e-06
7.57265e-07
4.54342e-07
2.28362e-07
7.94441e-08
8.54684e-09
)
;

boundaryField
{
    inlet
    {
        type            calculated;
        value           nonuniform List<scalar> 
30
(
0.00798538
0.00799382
0.00803697
0.00811344
0.00821897
0.00834636
0.00848648
0.0086297
0.00876702
0.0088909
0.00899565
0.0090776
0.00913503
0.00916793
0.00917763
0.00916635
0.00913405
0.00907873
0.0089994
0.00889643
0.00877185
0.00862964
0.00847573
0.00831789
0.00816525
0.00802752
0.00791391
0.00783164
0.00778498
0.00777514
)
;
    }
    outlet
    {
        type            calculated;
        value           uniform 0;
    }
    top
    {
        type            calculated;
        value           nonuniform List<scalar> 
135
(
0.00777514
0.00776178
0.00774423
0.00772821
0.00771321
0.00768096
0.00761158
0.00748281
0.0073053
0.00708343
0.00682023
0.00651845
0.00618067
0.00581078
0.00541409
0.00499474
0.00456157
0.00412259
0.00368713
0.00326504
0.00286555
0.00249633
0.00216274
0.00186744
0.0016104
0.00138955
0.00120437
0.00104924
0.000920533
0.000814772
0.000728721
0.000659653
0.000604877
0.000562294
0.000536479
0.000535916
0.000518762
0.000497158
0.000475774
0.000455639
0.000436756
0.000419054
0.000402488
0.000386994
0.00037249
0.000358887
0.0003461
0.000334052
0.000322672
0.000311897
0.000301669
0.000291937
0.000282656
0.000273785
0.000265289
0.000257134
0.000249292
0.000241737
0.000234445
0.000227396
0.00022057
0.000213951
0.000207525
0.000201276
0.000195195
0.000189269
0.000183489
0.000177847
0.000172335
0.000166946
0.000161675
0.000156516
0.000151464
0.000146516
0.000141668
0.000136916
0.000132259
0.000127694
0.000123218
0.00011883
0.000114528
0.000110312
0.00010618
0.00010213
9.81628e-05
9.42764e-05
9.04735e-05
8.67526e-05
8.31113e-05
7.95493e-05
7.60666e-05
7.26632e-05
6.93388e-05
6.60933e-05
6.29266e-05
5.98386e-05
5.68292e-05
5.38983e-05
5.10458e-05
4.82715e-05
4.55755e-05
4.29577e-05
4.04179e-05
3.79561e-05
3.55723e-05
3.32664e-05
3.10383e-05
2.88881e-05
2.68155e-05
2.48205e-05
2.29032e-05
2.10635e-05
1.93016e-05
1.76169e-05
1.60094e-05
1.4479e-05
1.30258e-05
1.16497e-05
1.03509e-05
9.12902e-06
7.98413e-06
6.91613e-06
5.92495e-06
5.01054e-06
4.17305e-06
3.41253e-06
2.7288e-06
2.12148e-06
1.59063e-06
1.13612e-06
7.57265e-07
4.54342e-07
2.28362e-07
7.94441e-08
8.54684e-09
)
;
    }
    bottom
    {
        type            calculated;
        value           nonuniform List<scalar> 
135
(
0.00798538
0.00797326
0.00795759
0.00794373
0.0079306
0.00788978
0.00782636
0.00770513
0.00753532
0.0073199
0.00706098
0.00675946
0.00641626
0.00603468
0.00561971
0.00517666
0.00471614
0.00424827
0.00378453
0.00333642
0.00291419
0.002526
0.00217741
0.00187092
0.00160616
0.00138058
0.00119318
0.00103764
0.000909603
0.000805046
0.00072015
0.000651756
0.000597011
0.000553835
0.000526792
0.000520675
0.000504356
0.000483972
0.000463843
0.000444885
0.000427074
0.000410337
0.000394633
0.000379907
0.000366086
0.000353092
0.00034085
0.000329291
0.00031835
0.000307969
0.000298097
0.000288688
0.000279699
0.000271093
0.000262838
0.000254902
0.000247259
0.000239885
0.000232758
0.000225859
0.00021917
0.000212676
0.000206363
0.000200218
0.000194231
0.000188391
0.000182689
0.000177118
0.00017167
0.00016634
0.000161122
0.000156011
0.000151003
0.000146095
0.000141283
0.000136565
0.000131937
0.000127399
0.000122947
0.000118582
0.000114301
0.000110103
0.000105988
0.000101954
9.80003e-05
9.41267e-05
9.0336e-05
8.66262e-05
8.2995e-05
7.94423e-05
7.59682e-05
7.25727e-05
6.92557e-05
6.6017e-05
6.28567e-05
5.97746e-05
5.67708e-05
5.38452e-05
5.09976e-05
4.8228e-05
4.55364e-05
4.29226e-05
4.03865e-05
3.79281e-05
3.55475e-05
3.32447e-05
3.10196e-05
2.88721e-05
2.68021e-05
2.48097e-05
2.28947e-05
2.10571e-05
1.92966e-05
1.76134e-05
1.60074e-05
1.44785e-05
1.30267e-05
1.1652e-05
1.03541e-05
9.13309e-06
7.98891e-06
6.92156e-06
5.93096e-06
5.0171e-06
4.17959e-06
3.41835e-06
2.73331e-06
2.12465e-06
1.59304e-06
1.13823e-06
7.59156e-07
4.55671e-07
2.29038e-07
7.96861e-08
8.5732e-09
)
;
    }
    obstacle
    {
        type            calculated;
        value           nonuniform List<scalar> 
120
(
0.0579365
0.0536874
0.0488605
0.0439516
0.0390554
0.0341715
0.0294088
0.0248718
0.0206462
0.0167987
0.0133721
0.0103853
0.00783849
0.00572124
0.00401955
0.00272265
0.00182752
0.00134136
0.00127971
0.00166273
0.00250946
0.00382959
0.00561495
0.00783471
0.0104334
0.0133316
0.0164298
0.0197025
0.023062
0.0261011
0.0297226
0.0338361
0.0388318
0.0447355
0.0516576
0.0599167
0.0699
0.0819908
0.096442
0.113232
0.131811
0.150946
0.168788
0.183116
0.191131
0.191206
0.183332
0.169118
0.151358
0.132277
0.113728
0.0969522
0.0825066
0.0704155
0.0604273
0.0521576
0.0452178
0.0392899
0.0342689
0.0301485
0.0595917
0.055269
0.0503003
0.0452101
0.0401258
0.0350632
0.0301381
0.0254595
0.0211147
0.0171703
0.0136681
0.0106247
0.00803808
0.00589548
0.0041809
0.002882
0.00199464
0.00152547
0.00148961
0.00190675
0.00279516
0.00416299
0.00599931
0.00826909
0.0109115
0.0138407
0.0169518
0.0202163
0.0235438
0.0265461
0.0626878
0.0677925
0.0734557
0.0795379
0.0859706
0.0929939
0.100945
0.110186
0.121009
0.133493
0.147335
0.161679
0.175163
0.186099
0.19233
0.192569
0.186783
0.176205
0.162979
0.148804
0.135055
0.122603
0.111774
0.102509
0.0945349
0.087505
0.0810921
0.0750584
0.0694366
0.0643622
)
;
    }
    frontAndBack
    {
        type            empty;
    }
}


// ************************************************************************* //
