/*--------------------------------*- C++ -*----------------------------------*\
  =========                 |
  \\      /  F ield         | OpenFOAM: The Open Source CFD Toolbox
   \\    /   O peration     | Website:  https://openfoam.org
    \\  /    A nd           | Version:  12
     \\/     M anipulation  |
\*---------------------------------------------------------------------------*/
FoamFile
{
    format      ascii;
    class       volScalarField;
    location    "200";
    object      p;
}
// * * * * * * * * * * * * * * * * * * * * * * * * * * * * * * * * * * * * * //

dimensions      [0 2 -2 0 0 0 0];

internalField   nonuniform List<scalar> 
6750
(
0.0215802
0.0215582
0.0215287
0.0213652
0.0203368
0.0230984
0.023062
0.0229346
0.0226687
0.0223093
0.0248912
0.024832
0.0247014
0.0245033
0.0243503
0.0267717
0.0266777
0.0265535
0.0264131
0.0263362
0.0286387
0.0285008
0.0283667
0.0282541
0.0282154
0.0304125
0.0302261
0.0300712
0.0299686
0.0299472
0.0320446
0.0318084
0.0316289
0.031529
0.0315161
0.0335057
0.0332205
0.0330163
0.0329172
0.0329095
0.0347774
0.0344456
0.0342187
0.0341204
0.0341163
0.0358493
0.035475
0.0352285
0.0351316
0.0351301
0.036718
0.0363065
0.0360444
0.0359494
0.0359499
0.0373868
0.0369444
0.0366711
0.0365785
0.03658
0.0378649
0.0373979
0.0371184
0.0370281
0.0370299
0.0381667
0.0376807
0.0374014
0.0373123
0.0373134
0.038305
0.0378133
0.0375393
0.0374477
0.0374467
0.0383049
0.0378132
0.0375393
0.0374477
0.0374467
0.0381666
0.0376806
0.0374013
0.0373122
0.0373133
0.0378648
0.0373978
0.0371183
0.037028
0.0370298
0.0373866
0.0369442
0.0366709
0.0365783
0.0365798
0.0367177
0.0363063
0.0360442
0.0359492
0.0359496
0.035849
0.0354747
0.0352282
0.0351313
0.0351298
0.034777
0.0344453
0.0342183
0.0341201
0.034116
0.0335052
0.0332201
0.0330158
0.0329168
0.0329091
0.032044
0.0318079
0.0316284
0.0315285
0.0315156
0.0304119
0.0302255
0.0300706
0.029968
0.0299466
0.028638
0.0285001
0.028366
0.0282535
0.0282147
0.0267709
0.026677
0.0265527
0.0264123
0.0263355
0.0248903
0.0248311
0.0247005
0.0245024
0.0243494
0.0230976
0.0230611
0.0229337
0.0226677
0.0223084
0.0215792
0.0215572
0.0215278
0.0213643
0.0203357
0.0141578
0.0147504
0.0162187
0.0173036
0.01809
0.0187148
0.0192045
0.0195703
0.0198402
0.0200244
0.0200862
0.0200997
0.0200369
0.0198938
0.0196692
0.0193593
0.0189612
0.018478
0.0179127
0.0172653
0.0165302
0.0158127
0.0150572
0.0142787
0.0134974
0.0127261
0.0119744
0.0112569
0.0105833
0.00990048
0.0180675
0.0188631
0.0196628
0.0200636
0.0202924
0.0204336
0.0204894
0.0204688
0.0204007
0.0202824
0.0200725
0.0198852
0.0196796
0.0194585
0.0192205
0.0189566
0.0186543
0.0183025
0.0178907
0.0174158
0.0168961
0.0162621
0.0155971
0.0148921
0.0141548
0.0133969
0.0126263
0.0118575
0.0111304
0.0104254
0.020548
0.0207315
0.0210464
0.0212002
0.0212759
0.021284
0.0212125
0.0210722
0.0208843
0.0206133
0.0202636
0.0199282
0.0195648
0.0191843
0.0187929
0.0183903
0.0179731
0.0175364
0.0170742
0.0165819
0.0160584
0.0155032
0.0149226
0.014316
0.0136883
0.0130454
0.0123884
0.0117281
0.0111512
0.0107345
0.0219907
0.0217665
0.0218953
0.0219781
0.0219871
0.0219197
0.0217707
0.0215571
0.0212877
0.0208933
0.020447
0.0199874
0.0194857
0.0189585
0.0184176
0.0178708
0.0173236
0.016779
0.0162377
0.0156985
0.0151595
0.0146249
0.0140912
0.0135553
0.0130172
0.0124771
0.0119279
0.0113722
0.0109393
0.0108578
0.0230812
0.0227091
0.0227556
0.0227677
0.0226932
0.0225384
0.0223034
0.0220038
0.0216374
0.0211274
0.020585
0.0200052
0.0193781
0.0187234
0.0180567
0.0173912
0.0167379
0.0161052
0.0154981
0.0149184
0.0143655
0.0138385
0.0133343
0.0128478
0.0123754
0.0119133
0.0114478
0.0109722
0.0106478
0.0108708
0.0240282
0.0236171
0.0235988
0.0235306
0.0233703
0.023129
0.0228077
0.0224185
0.0219448
0.0213296
0.0206871
0.0199917
0.0192476
0.018477
0.0176983
0.0169286
0.0161831
0.0154736
0.0148081
0.01419
0.0136195
0.013094
0.0126089
0.012158
0.0117352
0.0113341
0.0109359
0.0105264
0.0102924
0.0107883
0.024866
0.0244611
0.0243846
0.0242398
0.0240006
0.0236784
0.0232754
0.0227998
0.0222135
0.0215045
0.020762
0.0199566
0.0191028
0.0182239
0.0173414
0.0164756
0.0156449
0.0148637
0.0141419
0.0134845
0.012892
0.0123614
0.0118869
0.011461
0.0110759
0.0107232
0.01038
0.0100266
0.00987271
0.0106104
0.0256152
0.0252463
0.0251194
0.0249029
0.0245896
0.0241897
0.0237086
0.0231485
0.0224492
0.0216565
0.0208139
0.0199035
0.0189456
0.017965
0.0169853
0.0160296
0.0151187
0.0142693
0.0134928
0.0127953
0.0121776
0.0116365
0.0111654
0.0107556
0.0103983
0.0100834
0.00978411
0.00947775
0.00939489
0.0103406
0.0262976
0.0259862
0.0258152
0.0255299
0.0251445
0.0246696
0.0241131
0.0234641
0.0226605
0.0217867
0.0208451
0.0198339
0.0187769
0.0176996
0.016628
0.0155874
0.0146005
0.0136858
0.0128559
0.0121177
0.0114724
0.0109165
0.0104428
0.010042
0.0097042
0.00941794
0.00915312
0.00888549
0.00886563
0.00998499
0.0269302
0.026691
0.0264803
0.0261276
0.0256721
0.0251257
0.0244931
0.0237471
0.0228538
0.0218955
0.0208575
0.0197494
0.0185969
0.017427
0.0162675
0.0151457
0.0140859
0.013108
0.0122255
0.011446
0.0107709
0.0101967
0.00971556
0.00931763
0.00899245
0.00872713
0.00848864
0.00825269
0.00828906
0.0095496
0.0275254
0.0273685
0.0271218
0.026702
0.0261767
0.0255608
0.0248518
0.0240049
0.0230321
0.0219863
0.0208537
0.0196514
0.0184062
0.0171465
0.0159019
0.0147013
0.0135706
0.0125305
0.0115957
0.010774
0.0100671
0.00947135
0.00897868
0.0085786
0.00826014
0.00800924
0.0077902
0.00757995
0.00766688
0.00903957
0.0280934
0.0280258
0.027746
0.0272589
0.0266636
0.0259803
0.0251915
0.0242453
0.0231974
0.022062
0.020836
0.0195411
0.0182049
0.0168571
0.0155291
0.0142511
0.0130503
0.0119485
0.0109608
0.0100957
0.00935494
0.00873469
0.00822669
0.00782004
0.00750326
0.00726116
0.00705565
0.006866
0.00699862
0.00845856
0.028644
0.0286704
0.0283602
0.027806
0.0271422
0.0263873
0.025511
0.0244777
0.0233513
0.022125
0.0208063
0.0194194
0.0179928
0.0165577
0.0151468
0.0137918
0.0125209
0.0113567
0.0103152
0.00940494
0.00862797
0.00798031
0.00745348
0.00703622
0.00671664
0.00647838
0.00628121
0.00610772
0.00628185
0.00780841
0.0291868
0.0293089
0.028971
0.0283496
0.0276168
0.0267884
0.0258181
0.0247065
0.023496
0.0221777
0.0207662
0.019287
0.0177696
0.0162468
0.0147526
0.0133198
0.0119778
0.01075
0.00965279
0.00869525
0.00787942
0.00720128
0.00665212
0.00622041
0.00589385
0.00565492
0.00546142
0.00530015
0.00551211
0.00708883
0.0297291
0.0299505
0.0295866
0.0288972
0.0280949
0.0271881
0.026122
0.0249345
0.023635
0.0222229
0.0207172
0.0191443
0.0175348
0.0159227
0.0143436
0.0128314
0.0114164
0.0101227
0.0089673
0.00795964
0.00710185
0.00638986
0.00581475
0.00536473
0.00502716
0.00478326
0.00458908
0.00443637
0.00468287
0.00629714
0.0302784
0.0306068
0.0302195
0.0294617
0.0285826
0.0275867
0.026434
0.0251647
0.0237717
0.0222633
0.0206609
0.0189915
0.0172872
0.0155833
0.0139166
0.0123221
0.0108311
0.0094684
0.00825159
0.00719034
0.00628695
0.0055373
0.00493231
0.00445999
0.0041073
0.00385417
0.00365505
0.00350738
0.00378541
0.00542796
0.0308446
0.0312902
0.0308808
0.0300513
0.0290893
0.0279944
0.0267607
0.0254007
0.0239097
0.0223013
0.0205982
0.0188285
0.0170255
0.0152259
0.0134676
0.0117869
0.0102158
0.00878005
0.00749759
0.00637848
0.00542517
0.00463352
0.00399429
0.00349531
0.00312316
0.0028564
0.002648
0.00250177
0.0028085
0.00447289
0.0314447
0.032014
0.0315844
0.0306737
0.0296187
0.0284267
0.0271069
0.025648
0.0240531
0.0223394
0.0205302
0.0186548
0.0167476
0.0148469
0.0129918
0.0112197
0.0095633
0.00804918
0.00669587
0.00551374
0.0045054
0.00366668
0.00298825
0.00245776
0.00206138
0.00177623
0.00155396
0.00140535
0.00173795
0.00341999
0.0321022
0.0327883
0.0323409
0.0313433
0.0301808
0.028895
0.0274774
0.0259116
0.0242062
0.02238
0.0204574
0.018469
0.0164507
0.014442
0.0124832
0.0106128
0.00886454
0.00726561
0.00583511
0.00458375
0.0035143
0.00262262
0.00189925
0.0013317
0.000905718
0.000596902
0.000355654
0.000200388
0.000555928
0.00225311
0.0328361
0.0336325
0.0331681
0.0320728
0.0307933
0.0294083
0.0278812
0.0261988
0.0243736
0.0224254
0.02038
0.0182692
0.0161306
0.014005
0.0119338
0.00995676
0.00810846
0.00641678
0.0049014
0.00357336
0.0024356
0.00148399
0.000708979
9.79388e-05
-0.000363848
-0.000702388
-0.00096841
-0.00113527
-0.000760105
0.000950828
0.033672
0.0345799
0.0340871
0.0328741
0.0314791
0.0299799
0.0283292
0.026518
0.0245604
0.0224778
0.0202972
0.0180521
0.0157816
0.0135277
0.0113334
0.0092392
0.0072808
0.00548674
0.00387719
0.00246355
0.0012489
0.000229118
-0.000605446
-0.00126755
-0.00177242
-0.00214776
-0.00244535
-0.00262969
-0.00223888
-0.000515109
0.0346508
0.0356521
0.0351183
0.0337823
0.0322598
0.0306258
0.0288346
0.0268782
0.0247719
0.0225386
0.0202071
0.0178124
0.0153951
0.0129988
0.0106678
0.00844366
0.00636288
0.00445471
0.00273979
0.00122982
-7.1973e-05
-0.00116976
-0.00207329
-0.00279546
-0.00335208
-0.00377266
-0.00410993
-0.00431895
-0.00391757
-0.00218215
0.0358192
0.036894
0.0363022
0.0348346
0.0331592
0.0313666
0.0294131
0.0272899
0.0250134
0.0226084
0.0201054
0.0175415
0.0149587
0.0124023
0.00991776
0.0075477
0.00532947
0.0032929
0.00145904
-0.000160193
-0.0015615
-0.00274912
-0.00373292
-0.00452601
-0.00514483
-0.0056208
-0.00600758
-0.00625028
-0.00584523
-0.0041006
0.0372449
0.0383662
0.0376991
0.0360721
0.0342108
0.0322294
0.0300843
0.0277653
0.0252901
0.0226856
0.0199846
0.0172261
0.0144539
0.0117148
0.00905561
0.00651985
0.00414559
0.00196309
-6.3278e-06
-0.0017506
-0.00326647
-0.00455829
-0.00563614
-0.00651334
-0.0072071
-0.00775088
-0.00819924
-0.00848698
-0.00808798
-0.00633942
0.0390408
0.0401625
0.0393809
0.0375495
0.0354605
0.0332498
0.0308729
0.0283185
0.0256061
0.0227652
0.019831
0.0168447
0.0138521
0.0109015
0.00804089
0.00531458
0.00276107
0.000410863
-0.00171466
-0.00360348
-0.00525249
-0.00666627
-0.00785515
-0.00883278
-0.00961723
-0.0102441
-0.010769
-0.0111164
-0.0107378
-0.00899612
0.0413341
0.0424064
0.0414475
0.0393504
0.0369749
0.0344771
0.0318115
0.0289665
0.0259637
0.0228358
0.0196208
0.0163623
0.0131084
0.00990878
0.0068122
0.00386352
0.00110128
-0.00144421
-0.00375181
-0.00580983
-0.00761543
-0.00917351
-0.0104947
-0.0115931
-0.0124878
-0.0132165
-0.0138359
-0.0142615
-0.0139247
-0.0122112
0.0443806
0.045292
0.0440548
0.0416021
0.0388534
0.0359827
0.032945
0.029729
0.0263595
0.022873
0.0193109
0.0157198
0.0121495
0.00865088
0.00527308
0.0020606
-0.000948786
-0.00372562
-0.00624959
-0.00850966
-0.0105035
-0.0122361
-0.0137186
-0.0149653
-0.0159962
-0.0168508
-0.0175869
-0.018114
-0.0178524
-0.0162078
0.0485628
0.0491017
0.0474106
0.0444652
0.0412173
0.0378502
0.0343202
0.0306187
0.0267748
0.0228298
0.0188295
0.0148234
0.0108632
0.00700015
0.00328268
-0.000246368
-0.0035513
-0.00660481
-0.00938837
-0.0118922
-0.014115
-0.0160626
-0.0177457
-0.0191788
-0.0203826
-0.0213975
-0.0222807
-0.0229425
-0.0228145
-0.0213242
0.0547527
0.0545446
0.0521085
0.0484624
0.0445089
0.0404205
0.0361659
0.0317503
0.0272146
0.0226096
0.0179885
0.013405
0.00891236
0.0045608
0.000395505
-0.00354487
-0.00722924
-0.0106344
-0.0137445
-0.0165502
-0.0190534
-0.0212731
-0.0232049
-0.0248634
-0.0262697
-0.0274622
-0.0284935
-0.0292896
-0.0293582
-0.0281888
0.0655599
0.063665
0.0596743
0.0547976
0.0496802
0.0444183
0.0390086
0.0334864
0.0279097
0.0223388
0.0168311
0.0114398
0.00621255
0.00119083
-0.00359106
-0.00810573
-0.0123324
-0.0162563
-0.0198693
-0.0231689
-0.0261514
-0.0288046
-0.031154
-0.0332083
-0.0349783
-0.0364898
-0.0377879
-0.0388619
-0.0394162
-0.0388964
0.0178243
0.0187617
0.0205091
0.0218905
0.0230439
0.0241158
0.0251401
0.0261256
0.0270823
0.0280197
0.0289459
0.0298689
0.0307966
0.0317377
0.0327006
0.0336956
0.0347356
0.0358369
0.0370183
0.0383013
0.0397134
0.0412942
0.0430912
0.0451703
0.0476203
0.0505766
0.0542243
0.0587764
0.0644602
0.0717971
0.022144
0.023119
0.0242433
0.0251783
0.0260111
0.0268037
0.0275676
0.028307
0.0290292
0.0297424
0.0304543
0.0311731
0.031907
0.032665
0.0334568
0.0342938
0.0351901
0.0361625
0.0372314
0.0384214
0.0397648
0.041305
0.0430984
0.0452232
0.0477891
0.0509587
0.0549666
0.0601346
0.0669503
0.0760018
0.0244511
0.0253193
0.0261611
0.0269114
0.0276387
0.0283594
0.0290704
0.0297727
0.0304712
0.0311716
0.03188
0.0326032
0.0333483
0.0341236
0.0349386
0.0358048
0.036736
0.0377497
0.0388672
0.0401154
0.0415296
0.0431567
0.0450596
0.0473258
0.0500791
0.0534988
0.0578512
0.0635149
0.0711409
0.0814209
0.0264626
0.0272221
0.0279488
0.0286196
0.0292832
0.0299493
0.0306171
0.0312893
0.0319709
0.0326673
0.0333842
0.0341279
0.0349054
0.0357248
0.0365956
0.0375296
0.038541
0.0396477
0.040872
0.0422424
0.0437965
0.045584
0.0476722
0.0501542
0.0531614
0.0568832
0.0616003
0.0677082
0.0759489
0.08706
0.0283396
0.0290065
0.0296439
0.0302439
0.0308477
0.0314652
0.0320972
0.0327464
0.0334171
0.0341139
0.034842
0.0356073
0.0364168
0.0372787
0.0382027
0.039201
0.0402884
0.0414837
0.0428103
0.0442986
0.045988
0.0479311
0.0501988
0.0528888
0.0561381
0.0601438
0.0651966
0.0717028
0.0804882
0.092348
0.0300535
0.0306385
0.0312001
0.0317408
0.0322975
0.0328792
0.0334864
0.0341213
0.0347875
0.0354893
0.0362315
0.0370198
0.0378609
0.038763
0.0397364
0.0407932
0.0419489
0.043223
0.0446399
0.0462315
0.048039
0.0501173
0.0525404
0.0554095
0.0588669
0.0631159
0.068457
0.0753096
0.0845808
0.0971484
0.0316013
0.0321133
0.0326108
0.0331031
0.0336232
0.0341781
0.0347679
0.0353946
0.0360612
0.0367715
0.0375301
0.0383424
0.039215
0.0401562
0.0411762
0.0422874
0.0435059
0.0448515
0.0463498
0.0480334
0.0499452
0.0521419
0.0546998
0.0577232
0.0613585
0.0658146
0.0714005
0.0785495
0.088235
0.101431
0.0329785
0.0334247
0.0338674
0.0343203
0.0348115
0.0353463
0.0359243
0.0365471
0.0372172
0.037938
0.0387138
0.0395497
0.0404524
0.04143
0.0424928
0.0436537
0.0449287
0.0463383
0.0479087
0.0496735
0.0516767
0.0539765
0.0566509
0.0598069
0.0635939
0.0682253
0.0740182
0.0814176
0.0914424
0.10517
0.0341765
0.0345639
0.03496
0.0353811
0.03585
0.0363699
0.0369402
0.0375619
0.0382372
0.038969
0.0397615
0.0406195
0.0415495
0.0425598
0.0436605
0.0448649
0.0461892
0.0476543
0.0492869
0.0511214
0.0532026
0.0555899
0.0583628
0.0616302
0.065544
0.0703215
0.076286
0.083893
0.0941861
0.108352
0.0351884
0.0355241
0.0358816
0.0362777
0.0367295
0.0372387
0.0378042
0.0384266
0.0391077
0.0398501
0.0406577
0.0415352
0.0424891
0.0435274
0.0446606
0.0459017
0.0472676
0.0487792
0.0504637
0.052356
0.0545018
0.0569611
0.0598148
0.0631731
0.0671901
0.072086
0.0781893
0.085964
0.0964611
0.110982
0.0360113
0.0363031
0.0366298
0.0370067
0.037446
0.0379476
0.0385102
0.0391341
0.0398208
0.0405727
0.0413932
0.0422872
0.0432608
0.0443222
0.0454819
0.046753
0.0481525
0.0497016
0.0514278
0.0533664
0.0555636
0.0580802
0.0609979
0.0644281
0.0685263
0.0735149
0.0797269
0.0876331
0.0982778
0.113081
0.0366473
0.0369038
0.0372069
0.0375699
0.0380001
0.0384965
0.0390576
0.0396833
0.0403749
0.0411345
0.0419654
0.0428724
0.0438615
0.0449409
0.0461212
0.0474155
0.0488408
0.0504187
0.0521768
0.0541508
0.0563871
0.0589472
0.0619133
0.0653977
0.0695571
0.0746154
0.0809087
0.0889139
0.0996583
0.114681
0.0371036
0.0373337
0.0376202
0.0379736
0.0383978
0.0388908
0.0394511
0.0400784
0.0407738
0.0415392
0.0423779
0.0432943
0.0442947
0.0453872
0.0465823
0.0478932
0.0493371
0.0509355
0.0527164
0.0547156
0.0569798
0.0595707
0.0625711
0.0660938
0.0702964
0.0754036
0.0817541
0.089829
0.100633
0.115824
0.0373919
0.0376049
0.0378808
0.0382284
0.038649
0.0391401
0.0397
0.0403286
0.0410265
0.0417957
0.0426394
0.043562
0.0445696
0.0456705
0.046875
0.0481966
0.0496523
0.0512638
0.0530592
0.0550743
0.0573561
0.0599666
0.0629886
0.0665355
0.0707652
0.075903
0.0822895
0.0904081
0.10124
0.116552
0.0375273
0.037732
0.038003
0.0383479
0.0387668
0.0392571
0.039817
0.0404461
0.0411454
0.0419165
0.0427626
0.0436882
0.0446993
0.0458042
0.0470133
0.0483399
0.0498013
0.0514191
0.0532214
0.0552441
0.0575344
0.0601541
0.0631865
0.0667449
0.0709876
0.07614
0.0825435
0.0906828
0.101522
0.116905
0.0375272
0.037732
0.0380029
0.0383478
0.0387668
0.039257
0.0398169
0.0404461
0.0411454
0.0419165
0.0427626
0.0436881
0.0446993
0.0458042
0.0470133
0.0483399
0.0498012
0.0514191
0.0532213
0.0552441
0.0575343
0.0601541
0.0631865
0.0667448
0.0709875
0.0761399
0.0825434
0.0906827
0.101522
0.116905
0.0373918
0.0376048
0.0378808
0.0382283
0.0386489
0.03914
0.0397
0.0403285
0.0410264
0.0417957
0.0426393
0.0435619
0.0445696
0.0456704
0.0468749
0.0481965
0.0496522
0.0512637
0.053059
0.0550741
0.057356
0.0599664
0.0629884
0.0665353
0.070765
0.0759028
0.0822892
0.0904079
0.10124
0.116552
0.0371034
0.0373336
0.03762
0.0379735
0.0383977
0.0388907
0.039451
0.0400783
0.0407737
0.0415391
0.0423777
0.0432942
0.0442946
0.0453871
0.0465821
0.047893
0.0493369
0.0509353
0.0527162
0.0547154
0.0569795
0.0595705
0.0625709
0.0660935
0.0702961
0.0754032
0.0817537
0.0898286
0.100633
0.115823
0.0366471
0.0369036
0.0372067
0.0375697
0.038
0.0384964
0.0390574
0.0396831
0.0403747
0.0411343
0.0419653
0.0428722
0.0438613
0.0449407
0.046121
0.0474152
0.0488405
0.0504184
0.0521765
0.0541505
0.0563868
0.0589469
0.0619129
0.0653973
0.0695567
0.0746148
0.0809081
0.0889132
0.0996575
0.11468
0.0360111
0.0363029
0.0366295
0.0370065
0.0374458
0.0379474
0.0385099
0.0391339
0.0398206
0.0405725
0.041393
0.0422869
0.0432605
0.0443219
0.0454816
0.0467527
0.0481521
0.0497012
0.0514274
0.053366
0.0555632
0.0580798
0.0609974
0.0644275
0.0685257
0.0735142
0.0797261
0.0876323
0.0982768
0.113079
0.0351881
0.0355238
0.0358813
0.0362774
0.0367293
0.0372385
0.0378039
0.0384263
0.0391074
0.0398499
0.0406574
0.0415349
0.0424887
0.0435271
0.0446602
0.0459014
0.0472672
0.0487788
0.0504632
0.0523555
0.0545013
0.0569605
0.0598142
0.0631724
0.0671894
0.0720851
0.0781883
0.085963
0.0964599
0.11098
0.0341761
0.0345635
0.0349597
0.0353808
0.0358496
0.0363696
0.0369399
0.0375615
0.0382368
0.0389687
0.0397611
0.0406191
0.0415491
0.0425594
0.0436601
0.0448644
0.0461887
0.0476538
0.0492864
0.0511208
0.053202
0.0555892
0.0583621
0.0616294
0.0655431
0.0703204
0.0762848
0.0838917
0.0941846
0.10835
0.032978
0.0334243
0.033867
0.0343199
0.0348111
0.0353459
0.035924
0.0365467
0.0372168
0.0379376
0.0387134
0.0395493
0.040452
0.0414296
0.0424924
0.0436532
0.0449281
0.0463377
0.0479081
0.0496729
0.051676
0.0539757
0.0566501
0.059806
0.0635928
0.0682242
0.0740169
0.0814161
0.0914407
0.105168
0.0316008
0.0321128
0.0326103
0.0331027
0.0336227
0.0341776
0.0347675
0.0353942
0.0360608
0.0367711
0.0375297
0.0383419
0.0392145
0.0401557
0.0411756
0.0422869
0.0435053
0.0448509
0.0463491
0.0480326
0.0499444
0.052141
0.0546988
0.0577222
0.0613573
0.0658133
0.0713991
0.0785479
0.088233
0.101428
0.0300529
0.0306379
0.0311996
0.0317403
0.032297
0.0328787
0.0334859
0.0341208
0.0347871
0.0354889
0.036231
0.0370193
0.0378603
0.0387625
0.0397358
0.0407926
0.0419483
0.0432223
0.0446392
0.0462307
0.0480381
0.0501164
0.0525393
0.0554083
0.0588656
0.0631145
0.0684554
0.0753077
0.0845786
0.0971458
0.028339
0.0290059
0.0296433
0.0302433
0.0308471
0.0314647
0.0320967
0.0327459
0.0334166
0.0341134
0.0348415
0.0356068
0.0364163
0.0372781
0.0382021
0.0392003
0.0402878
0.041483
0.0428095
0.0442977
0.0459871
0.0479301
0.0501977
0.0528875
0.0561367
0.0601423
0.0651949
0.0717008
0.0804858
0.0923451
0.0264619
0.0272214
0.0279481
0.028619
0.0292826
0.0299487
0.0306165
0.0312887
0.0319703
0.0326667
0.0333837
0.0341274
0.0349048
0.0357242
0.036595
0.0375289
0.0385403
0.0396469
0.0408711
0.0422415
0.0437955
0.0455829
0.047671
0.0501529
0.0531599
0.0568816
0.0615985
0.0677061
0.0759463
0.0870568
0.0244502
0.0253185
0.0261604
0.0269107
0.027638
0.0283588
0.0290698
0.0297721
0.0304706
0.031171
0.0318795
0.0326026
0.0333477
0.034123
0.034938
0.0358041
0.0367353
0.0377489
0.0388664
0.0401145
0.0415285
0.0431555
0.0450584
0.0473245
0.0500776
0.0534971
0.0578493
0.0635126
0.0711382
0.0814175
0.022143
0.0231181
0.0242424
0.0251775
0.0260104
0.026803
0.0275669
0.0283064
0.0290286
0.0297418
0.0304537
0.0311725
0.0319064
0.0326644
0.0334561
0.0342931
0.0351894
0.0361618
0.0372305
0.0384204
0.0397638
0.0413039
0.0430971
0.0452218
0.0477875
0.050957
0.0549646
0.0601323
0.0669474
0.0759983
0.0178229
0.0187604
0.020508
0.0218895
0.0230429
0.0241149
0.0251392
0.0261248
0.0270815
0.0280189
0.0289452
0.0298681
0.0307959
0.031737
0.0326998
0.0336948
0.0347348
0.0358361
0.0370174
0.0383003
0.0397124
0.0412931
0.04309
0.045169
0.0476188
0.0505749
0.0542224
0.0587741
0.0644574
0.0717935
0.065556
0.0636612
0.0596704
0.0547936
0.0496762
0.0444142
0.0390045
0.0334823
0.0279055
0.0223347
0.016827
0.0114358
0.00620868
0.00118707
-0.00359469
-0.00810921
-0.0123357
-0.0162595
-0.0198723
-0.0231717
-0.026154
-0.028807
-0.0311563
-0.0332104
-0.0349802
-0.0364915
-0.0377895
-0.0388634
-0.0394176
-0.0388977
0.0547496
0.0545415
0.0521054
0.0484592
0.0445056
0.0404171
0.0361625
0.0317468
0.0272111
0.0226062
0.017985
0.0134016
0.00890905
0.00455758
0.000392385
-0.00354787
-0.00723211
-0.0106371
-0.0137471
-0.0165526
-0.0190557
-0.0212752
-0.0232069
-0.0248652
-0.0262715
-0.0274637
-0.028495
-0.0292909
-0.0293595
-0.0281901
0.0485601
0.0490991
0.0474079
0.0444625
0.0412144
0.0378473
0.0343173
0.0306157
0.0267718
0.0228269
0.0188266
0.0148205
0.0108603
0.00699735
0.00327996
-0.000248982
-0.0035538
-0.00660719
-0.00939063
-0.0118943
-0.014117
-0.0160645
-0.0177474
-0.0191804
-0.0203841
-0.0213989
-0.022282
-0.0229437
-0.0228156
-0.0213253
0.0443783
0.0452898
0.0440525
0.0415998
0.038851
0.0359802
0.0329425
0.0297264
0.0263569
0.0228703
0.0193083
0.0157172
0.0121469
0.00864841
0.00527068
0.00205828
-0.000951004
-0.00372773
-0.00625159
-0.00851154
-0.0105052
-0.0122378
-0.0137202
-0.0149668
-0.0159975
-0.0168521
-0.017588
-0.0181151
-0.0178534
-0.0162088
0.0413321
0.0424045
0.0414455
0.0393484
0.0369728
0.0344749
0.0318093
0.0289642
0.0259614
0.0228335
0.0196185
0.01636
0.0131061
0.00990657
0.00681005
0.00386145
0.00109929
-0.0014461
-0.0037536
-0.00581151
-0.007617
-0.00917497
-0.0104961
-0.0115944
-0.0124889
-0.0132176
-0.0138369
-0.0142624
-0.0139256
-0.0122121
0.0390391
0.0401607
0.0393792
0.0375477
0.0354586
0.0332479
0.0308709
0.0283165
0.025604
0.0227631
0.0198289
0.0168426
0.01385
0.0108995
0.00803896
0.00531272
0.00275929
0.000409166
-0.00171626
-0.00360499
-0.0052539
-0.00666758
-0.00785637
-0.00883391
-0.00961827
-0.0102451
-0.0107699
-0.0111172
-0.0107385
-0.00899693
0.0372434
0.0383647
0.0376975
0.0360704
0.0342091
0.0322277
0.0300825
0.0277635
0.0252882
0.0226837
0.0199827
0.0172242
0.014452
0.011713
0.00905385
0.00651816
0.00414397
0.00196155
-7.7787e-06
-0.00175197
-0.00326775
-0.00455948
-0.00563724
-0.00651436
-0.00720804
-0.00775174
-0.00820003
-0.00848771
-0.00808867
-0.00634014
0.0358178
0.0368926
0.0363007
0.0348331
0.0331577
0.031365
0.0294114
0.0272882
0.0250117
0.0226067
0.0201037
0.0175398
0.014957
0.0124007
0.00991616
0.00754615
0.005328
0.0032915
0.00145772
-0.000161432
-0.00156266
-0.00275019
-0.00373392
-0.00452693
-0.00514568
-0.00562158
-0.0060083
-0.00625094
-0.00584585
-0.00410124
0.0346496
0.0356508
0.035117
0.0337809
0.0322584
0.0306243
0.0288331
0.0268767
0.0247704
0.0225371
0.0202055
0.0178108
0.0153935
0.0129973
0.0106664
0.00844224
0.00636153
0.00445343
0.00273858
0.00122869
-7.30281e-05
-0.00117074
-0.00207419
-0.0027963
-0.00335285
-0.00377337
-0.00411058
-0.00431955
-0.00391814
-0.00218273
0.0336709
0.0345788
0.0340859
0.0328728
0.0314778
0.0299785
0.0283279
0.0265166
0.024559
0.0224764
0.0202958
0.0180507
0.0157801
0.0135263
0.011332
0.0092379
0.00727956
0.00548556
0.00387608
0.00246251
0.00124793
0.00022822
-0.000606276
-0.00126831
-0.00177312
-0.00214841
-0.00244595
-0.00263025
-0.0022394
-0.000515637
0.0328351
0.0336315
0.033167
0.0320716
0.0307921
0.0294071
0.0278799
0.0261975
0.0243723
0.0224241
0.0203787
0.0182679
0.0161293
0.0140037
0.0119326
0.00995556
0.00810731
0.0064157
0.00490037
0.0035724
0.00243471
0.00148316
0.000708213
9.72317e-05
-0.0003645
-0.00070299
-0.000968966
-0.00113578
-0.000760591
0.000950346
0.0321013
0.0327874
0.0323399
0.0313423
0.0301797
0.0288939
0.0274763
0.0259104
0.024205
0.0223788
0.0204562
0.0184678
0.0164495
0.0144408
0.0124821
0.0106117
0.00886348
0.0072646
0.00583416
0.00458286
0.00351347
0.00262185
0.00189854
0.00133104
0.000905112
0.000596341
0.000355134
0.000199905
0.000555472
0.00225267
0.0314438
0.0320131
0.0315834
0.0306727
0.0296177
0.0284256
0.0271058
0.0256469
0.024052
0.0223383
0.0205291
0.0186536
0.0167465
0.0148458
0.0129908
0.0112186
0.00956231
0.00804824
0.00669498
0.00551292
0.00450463
0.00366597
0.00298759
0.00245715
0.00206081
0.00177571
0.00155347
0.00140489
0.00173752
0.00341958
0.0308439
0.0312893
0.0308799
0.0300504
0.0290884
0.0279934
0.0267597
0.0253997
0.0239087
0.0223002
0.0205972
0.0188275
0.0170244
0.0152249
0.0134666
0.011786
0.0102149
0.00877918
0.00749677
0.00637771
0.00542445
0.00463285
0.00399367
0.00349474
0.00312263
0.0028559
0.00264753
0.00250134
0.00280809
0.0044725
0.0302777
0.0306061
0.0302187
0.0294608
0.0285818
0.0275858
0.0264331
0.0251637
0.0237707
0.0222623
0.0206599
0.0189905
0.0172862
0.0155824
0.0139156
0.0123212
0.0108302
0.00946759
0.00825082
0.00718962
0.00628628
0.00553667
0.00493173
0.00445945
0.0041068
0.0038537
0.0036546
0.00350696
0.00378502
0.0054276
0.0297285
0.0299498
0.0295858
0.0288964
0.0280941
0.0271873
0.0261211
0.0249336
0.0236341
0.022222
0.0207163
0.0191434
0.0175339
0.0159218
0.0143427
0.0128306
0.0114156
0.0101219
0.00896658
0.00795897
0.00710123
0.00638928
0.0058142
0.00536422
0.00502669
0.00478282
0.00458865
0.00443596
0.00468249
0.0062968
0.0291862
0.0293081
0.0289703
0.0283488
0.027616
0.0267876
0.0258173
0.0247057
0.0234952
0.0221768
0.0207653
0.0192861
0.0177688
0.016246
0.0147517
0.0133191
0.0119771
0.0107493
0.00965212
0.00869462
0.00787883
0.00720073
0.00665161
0.00621992
0.0058934
0.00565449
0.00546101
0.00529975
0.00551173
0.00708851
0.0286434
0.0286697
0.0283595
0.0278053
0.0271415
0.0263865
0.0255103
0.0244769
0.0233505
0.0221242
0.0208055
0.0194186
0.017992
0.0165569
0.015146
0.0137911
0.0125202
0.0113561
0.0103145
0.00940435
0.00862742
0.0079798
0.00745299
0.00703576
0.0067162
0.00647796
0.00628081
0.00610733
0.00628148
0.0078081
0.0280929
0.0280251
0.0277453
0.0272582
0.0266629
0.0259796
0.0251907
0.0242445
0.0231966
0.0220613
0.0208353
0.0195404
0.0182041
0.0168564
0.0155284
0.0142505
0.0130497
0.0119479
0.0109602
0.0100952
0.00935443
0.0087342
0.00822623
0.0078196
0.00750284
0.00726076
0.00705526
0.00686561
0.00699825
0.00845825
0.0275249
0.0273678
0.0271211
0.0267014
0.026176
0.0255601
0.0248511
0.0240042
0.0230314
0.0219856
0.020853
0.0196507
0.0184055
0.0171458
0.0159013
0.0147007
0.01357
0.01253
0.0115951
0.0107735
0.0100667
0.00947089
0.00897824
0.00857818
0.00825974
0.00800884
0.00778982
0.00757957
0.0076665
0.00903926
0.0269296
0.0266904
0.0264797
0.0261269
0.0256714
0.025125
0.0244924
0.0237464
0.0228531
0.0218948
0.0208568
0.0197487
0.0185963
0.0174264
0.0162669
0.0151451
0.0140854
0.0131074
0.012225
0.0114455
0.0107705
0.0101962
0.00971515
0.00931723
0.00899205
0.00872674
0.00848826
0.00825231
0.00828868
0.00954928
0.026297
0.0259856
0.0258145
0.0255292
0.0251439
0.024669
0.0241125
0.0234634
0.0226598
0.021786
0.0208445
0.0198333
0.0187763
0.017699
0.0166274
0.0155868
0.0146
0.0136853
0.0128555
0.0121173
0.011472
0.0109161
0.0104424
0.0100416
0.00970382
0.00941756
0.00915273
0.0088851
0.00886524
0.00998466
0.0256146
0.0252456
0.0251187
0.0249023
0.0245889
0.024189
0.023708
0.0231479
0.0224486
0.0216559
0.0208133
0.019903
0.0189451
0.0179645
0.0169847
0.0160291
0.0151182
0.0142688
0.0134924
0.0127948
0.0121772
0.0116361
0.011165
0.0107552
0.0103979
0.010083
0.00978372
0.00947735
0.00939448
0.0103403
0.0248654
0.0244603
0.0243839
0.0242391
0.024
0.0236778
0.0232748
0.0227992
0.0222129
0.021504
0.0207614
0.0199561
0.0191023
0.0182235
0.0173409
0.0164752
0.0156445
0.0148633
0.0141415
0.0134841
0.0128917
0.0123611
0.0118866
0.0114606
0.0110755
0.0107228
0.0103796
0.0100262
0.00987229
0.01061
0.0240275
0.0236163
0.0235981
0.0235299
0.0233697
0.0231283
0.0228071
0.0224179
0.0219442
0.0213291
0.0206866
0.0199912
0.0192472
0.0184766
0.0176978
0.0169282
0.0161827
0.0154733
0.0148077
0.0141897
0.0136192
0.0130937
0.0126086
0.0121576
0.0117348
0.0113337
0.0109355
0.010526
0.010292
0.0107879
0.0230804
0.0227083
0.0227548
0.0227669
0.0226926
0.0225378
0.0223028
0.0220032
0.0216369
0.0211269
0.0205845
0.0200048
0.0193776
0.018723
0.0180564
0.0173908
0.0167376
0.0161048
0.0154978
0.0149181
0.0143652
0.0138382
0.0133339
0.0128475
0.012375
0.0119129
0.0114474
0.0109718
0.0106473
0.0108704
0.0219899
0.0217657
0.0218945
0.0219773
0.0219864
0.021919
0.0217701
0.0215565
0.0212872
0.0208929
0.0204465
0.019987
0.0194853
0.0189581
0.0184173
0.0178705
0.0173234
0.0167787
0.0162374
0.0156982
0.0151593
0.0146247
0.0140909
0.013555
0.0130168
0.0124767
0.0119275
0.0113717
0.0109388
0.0108573
0.0205469
0.0207306
0.0210455
0.0211994
0.0212752
0.0212833
0.0212119
0.0210716
0.0208838
0.0206129
0.0202632
0.0199278
0.0195645
0.0191841
0.0187927
0.01839
0.0179729
0.0175361
0.017074
0.0165817
0.0160582
0.0155029
0.0149223
0.0143157
0.0136879
0.013045
0.0123879
0.0117276
0.0111507
0.0107339
0.0180662
0.018862
0.0196618
0.0200627
0.0202916
0.0204329
0.0204887
0.0204683
0.0204002
0.020282
0.0200721
0.0198849
0.0196793
0.0194583
0.0192203
0.0189564
0.0186541
0.0183024
0.0178905
0.0174156
0.0168957
0.0162619
0.0155968
0.0148917
0.0141544
0.0133964
0.0126258
0.0118569
0.0111297
0.0104247
0.0141561
0.0147489
0.0162173
0.0173024
0.0180889
0.0187139
0.0192037
0.0195697
0.0198396
0.020024
0.0200859
0.0200995
0.0200367
0.0198936
0.019669
0.0193592
0.0189611
0.0184779
0.0179125
0.0172652
0.0165302
0.0158125
0.0150568
0.0142783
0.013497
0.0127256
0.0119739
0.0112562
0.0105826
0.00989969
-0.0405741
-0.0326316
-0.0266342
-0.0217641
-0.0177442
-0.0143976
-0.0115745
-0.00916542
-0.00708731
-0.00527691
-0.00368556
-0.0022753
-0.00101611
0.000116048
0.00114067
0.00207371
0.00292831
0.00371527
0.00444334
0.00511937
0.00574832
0.00633316
0.00687479
0.00737188
0.00782053
0.00821242
0.00853758
0.00879355
0.00898183
0.00902782
-0.0407252
-0.0326555
-0.0263634
-0.0213633
-0.0172675
-0.0138657
-0.0109967
-0.00854577
-0.00642822
-0.00458041
-0.00295396
-0.00151159
-0.000224307
0.000930575
0.00197082
0.00291028
0.00375963
0.00452689
0.0052179
0.00583665
0.00638555
0.00686579
0.00727756
0.00762039
0.00789309
0.00809348
0.00821981
0.0082934
0.00840791
0.00860566
-0.0415488
-0.0336284
-0.0273204
-0.0223152
-0.0182061
-0.014786
-0.011897
-0.00942586
-0.00728933
-0.00542473
-0.00378428
-0.002331
-0.00103598
0.000123606
0.00116585
0.00210515
0.00295289
0.00371803
0.00440748
0.00502645
0.00557866
0.00606655
0.00649153
0.00685427
0.00715453
0.00738873
0.00754732
0.00764478
0.00781145
0.00820337
-0.0425498
-0.0349314
-0.0287382
-0.0237757
-0.0196604
-0.0162096
-0.0132781
-0.0107596
-0.00857436
-0.00666213
-0.00497636
-0.00348079
-0.0021468
-0.00095166
0.000122816
0.00109123
0.0019653
0.0027544
0.00346596
0.00410581
0.00467836
0.00518689
0.0056337
0.00602058
0.00634877
0.00661573
0.00681002
0.00694229
0.00716207
0.0077185
-0.0434575
-0.0360926
-0.0300202
-0.0251077
-0.0209937
-0.0175174
-0.0145464
-0.0119815
-0.00974747
-0.00778656
-0.00605376
-0.00451371
-0.00313827
-0.00190495
-0.000795577
0.000204528
0.00110728
0.00192233
0.00265746
0.00331891
0.00391159
0.00443929
0.0049049
0.00531082
0.00565912
0.00594826
0.00616666
0.00632243
0.00657082
0.00721916
-0.0442367
-0.0370544
-0.0310903
-0.0262302
-0.022129
-0.0186411
-0.0156444
-0.0130459
-0.0107746
-0.0087752
-0.00700423
-0.00542733
-0.00401698
-0.00275099
-0.00161133
-0.000583334
0.000345017
0.00118355
0.0019403
0.00262181
0.00323338
0.00377921
0.00426263
0.00468652
0.00505349
0.00536282
0.00560352
0.00578109
0.00604511
0.00672844
-0.0449034
-0.0378601
-0.0319972
-0.0271898
-0.0231088
-0.0196194
-0.0166075
-0.0139856
-0.0116862
-0.00965637
-0.00785426
-0.00624651
-0.00480625
-0.00351168
-0.00234502
-0.00129167
-0.00033962
0.000521052
0.00129853
0.00199956
0.00262969
0.00319344
0.00369447
0.00413597
0.00452094
0.00484948
0.00511185
0.00531129
0.00558338
0.00625777
-0.0454669
-0.0385343
-0.0327664
-0.0280087
-0.0239507
-0.0204653
-0.0174446
-0.014806
-0.0124848
-0.0104305
-0.00860261
-0.00696873
-0.00550267
-0.00418305
-0.00299236
-0.00191613
-0.000942404
-6.12423e-05
0.000735624
0.00145508
0.00210284
0.00268365
0.00320143
0.00365958
0.00406135
0.00440758
0.0046903
0.00491101
0.00518587
0.00581909
-0.045933
-0.0390881
-0.0334071
-0.028694
-0.0246588
-0.02118
-0.0181549
-0.0155044
-0.0131668
-0.011093
-0.00924419
-0.00758871
-0.00610098
-0.00476006
-0.00354868
-0.00245256
-0.00145979
-0.000560456
0.000253751
0.000989798
0.00165353
0.00224985
0.00278285
0.00325612
0.00367304
0.00403512
0.0043364
0.00457724
0.00485166
0.00542318
-0.0463093
-0.0395314
-0.0339273
-0.0292525
-0.0252383
-0.0217672
-0.0187404
-0.016082
-0.0137321
-0.0116434
-0.00977809
-0.00810528
-0.00659996
-0.00524153
-0.00401299
-0.0029002
-0.00189135
-0.000976547
-0.000147475
0.000602885
0.00128047
0.00189028
0.00243656
0.00292302
0.00335312
0.00372893
0.00404654
0.00430576
0.00457824
0.00507836
-0.0466045
-0.039875
-0.0343368
-0.0296931
-0.0256971
-0.0222337
-0.0192069
-0.0165432
-0.0141845
-0.0120847
-0.0102068
-0.00852051
-0.00700138
-0.00562909
-0.00438683
-0.00326063
-0.00223874
-0.00131133
-0.000470064
0.000292096
0.000981136
0.00160215
0.00215949
0.00265694
0.00309802
0.00348521
0.00381656
0.00409182
0.00436209
0.00479038
-0.0468278
-0.0401299
-0.0346458
-0.030026
-0.0260447
-0.0225879
-0.0195619
-0.0168949
-0.0145301
-0.0124222
-0.010535
-0.00883878
-0.00730928
-0.00592649
-0.0046738
-0.00353731
-0.00250539
-0.00156821
-0.000717473
5.38921e-05
0.000751902
0.00138171
0.00194773
0.00245385
0.00290357
0.00329971
0.00364194
0.00393038
0.0041989
0.00456239
-0.0469879
-0.0403065
-0.0348646
-0.0302618
-0.0262913
-0.0228397
-0.0198146
-0.0171456
-0.0147766
-0.0126633
-0.0107697
-0.00906643
-0.00752963
-0.00613941
-0.00487928
-0.00373545
-0.00269632
-0.00175212
-0.000894538
-0.000116511
0.000588005
0.0012242
0.00179655
0.00230897
0.00276501
0.00316764
0.00351785
0.00381627
0.00408379
0.00439505
-0.0470926
-0.0404149
-0.0350031
-0.0304109
-0.0264475
-0.0229993
-0.019975
-0.0173047
-0.0149333
-0.0128165
-0.0109189
-0.00921124
-0.00766982
-0.0062749
-0.00501006
-0.00386156
-0.00281785
-0.00186916
-0.0010072
-0.00022491
0.000483777
0.00112407
0.00170048
0.00221696
0.00267705
0.00308386
0.00343919
0.00374425
0.00401148
0.00428681
-0.0471457
-0.0404646
-0.0350696
-0.0304825
-0.0265224
-0.0230758
-0.0200518
-0.017381
-0.0150083
-0.0128899
-0.0109904
-0.00928062
-0.007737
-0.00633982
-0.00507271
-0.00392197
-0.00287606
-0.00192522
-0.00106117
-0.000276827
0.000433862
0.00107612
0.00165449
0.00217292
0.00263496
0.00304377
0.00340156
0.00370988
0.00397718
0.00423476
-0.0471458
-0.0404646
-0.0350697
-0.0304825
-0.0265224
-0.0230758
-0.0200518
-0.017381
-0.0150083
-0.01289
-0.0109904
-0.00928063
-0.00773701
-0.00633983
-0.00507272
-0.00392198
-0.00287607
-0.00192523
-0.00106118
-0.000276837
0.000433852
0.00107611
0.00165448
0.0021729
0.00263494
0.00304375
0.00340155
0.00370986
0.00397716
0.00423474
-0.0470927
-0.040415
-0.0350032
-0.030411
-0.0264476
-0.0229993
-0.019975
-0.0173048
-0.0149333
-0.0128166
-0.0109189
-0.00921127
-0.00766986
-0.00627493
-0.00501009
-0.00386159
-0.00281787
-0.00186919
-0.00100723
-0.000224941
0.000483745
0.00112404
0.00170045
0.00221693
0.00267701
0.00308382
0.00343915
0.0037442
0.00401143
0.00428675
-0.0469881
-0.0403066
-0.0348647
-0.0302619
-0.0262914
-0.0228397
-0.0198147
-0.0171456
-0.0147767
-0.0126634
-0.0107697
-0.00906649
-0.00752968
-0.00613946
-0.00487933
-0.0037355
-0.00269637
-0.00175217
-0.000894589
-0.000116564
0.00058795
0.00122414
0.00179649
0.00230891
0.00276494
0.00316757
0.00351777
0.00381618
0.0040837
0.00439495
-0.046828
-0.0401301
-0.034646
-0.0300262
-0.0260448
-0.022588
-0.0195621
-0.016895
-0.0145302
-0.0124223
-0.0105351
-0.00883886
-0.00730936
-0.00592657
-0.00467387
-0.00353739
-0.00250546
-0.00156829
-0.000717546
5.38164e-05
0.000751823
0.00138163
0.00194765
0.00245375
0.00290348
0.0032996
0.00364183
0.00393026
0.00419877
0.00456224
-0.0466048
-0.0398753
-0.034337
-0.0296933
-0.0256973
-0.0222338
-0.0192071
-0.0165433
-0.0141846
-0.0120848
-0.0102069
-0.00852062
-0.00700148
-0.00562919
-0.00438693
-0.00326072
-0.00223884
-0.00131142
-0.000470161
0.000291995
0.000981031
0.00160204
0.00215937
0.00265682
0.00309789
0.00348507
0.00381641
0.00409166
0.00436192
0.00479019
-0.0463096
-0.0395317
-0.0339276
-0.0292527
-0.0252385
-0.0217674
-0.0187406
-0.0160821
-0.0137322
-0.0116436
-0.00977824
-0.00810542
-0.00660009
-0.00524166
-0.00401311
-0.00290032
-0.00189147
-0.000976667
-0.000147597
0.000602759
0.00128033
0.00189014
0.00243641
0.00292286
0.00335296
0.00372875
0.00404636
0.00430556
0.00457803
0.00507813
-0.0459334
-0.0390885
-0.0334074
-0.0286944
-0.0246591
-0.0211803
-0.0181551
-0.0155046
-0.013167
-0.0110932
-0.00924437
-0.00758887
-0.00610114
-0.00476021
-0.00354883
-0.0024527
-0.00145993
-0.000560601
0.000253603
0.000989645
0.00165337
0.00224968
0.00278268
0.00325593
0.00367285
0.00403491
0.00433618
0.004577
0.0048514
0.0054229
-0.0454674
-0.0385348
-0.0327668
-0.0280091
-0.0239511
-0.0204656
-0.0174449
-0.0148062
-0.0124851
-0.0104307
-0.00860282
-0.00696893
-0.00550285
-0.00418323
-0.00299253
-0.0019163
-0.000942575
-6.14138e-05
0.000735449
0.0014549
0.00210265
0.00268346
0.00320122
0.00365936
0.00406111
0.00440733
0.00469003
0.00491073
0.00518557
0.00581877
-0.044904
-0.0378606
-0.0319976
-0.0271902
-0.0231092
-0.0196198
-0.0166078
-0.0139859
-0.0116865
-0.00965663
-0.0078545
-0.00624674
-0.00480647
-0.00351189
-0.00234522
-0.00129187
-0.000339817
0.000520854
0.00129833
0.00199935
0.00262947
0.00319321
0.00369423
0.00413572
0.00452068
0.0048492
0.00511155
0.00531097
0.00558303
0.00625741
-0.0442373
-0.037055
-0.0310908
-0.0262307
-0.0221295
-0.0186415
-0.0156447
-0.0130463
-0.010775
-0.00877549
-0.0070045
-0.00542759
-0.00401723
-0.00275122
-0.00161156
-0.000583557
0.000344794
0.00118332
0.00194007
0.00262158
0.00323313
0.00377895
0.00426236
0.00468624
0.00505318
0.0053625
0.00560318
0.00578072
0.00604473
0.00672804
-0.0434582
-0.0360933
-0.0300208
-0.0251083
-0.0209943
-0.0175179
-0.0145468
-0.0119819
-0.00974782
-0.00778688
-0.00605407
-0.00451399
-0.00313854
-0.00190521
-0.00079583
0.000204279
0.00110703
0.00192208
0.0026572
0.00331864
0.00391131
0.004439
0.0049046
0.0053105
0.00565879
0.0059479
0.00616629
0.00632202
0.00657039
0.00721871
-0.0425506
-0.0349322
-0.028739
-0.0237763
-0.019661
-0.0162101
-0.0132786
-0.01076
-0.00857474
-0.00666249
-0.0049767
-0.0034811
-0.0021471
-0.000951945
0.000122538
0.00109096
0.00196503
0.00275412
0.00346568
0.00410552
0.00467807
0.00518658
0.00563337
0.00602023
0.0063484
0.00661534
0.00680961
0.00694185
0.0071616
0.00771801
-0.0415498
-0.0336293
-0.0273212
-0.0223159
-0.0182067
-0.0147866
-0.0118975
-0.00942633
-0.00728975
-0.00542512
-0.00378464
-0.00233134
-0.0010363
0.000123297
0.00116556
0.00210486
0.0029526
0.00371773
0.00440718
0.00502614
0.00557834
0.00606622
0.00649118
0.0068539
0.00715413
0.00738831
0.00754687
0.0076443
0.00781095
0.00820283
-0.0407263
-0.0326565
-0.0263642
-0.0213641
-0.0172682
-0.0138663
-0.0109972
-0.00854625
-0.00642865
-0.00458081
-0.00295433
-0.00151194
-0.000224644
0.000930249
0.0019705
0.00290997
0.00375932
0.00452658
0.00521758
0.00583632
0.00638521
0.00686543
0.00727718
0.00761999
0.00789266
0.00809302
0.00821933
0.00829288
0.00840735
0.00860506
-0.0405753
-0.0326326
-0.026635
-0.0217648
-0.0177448
-0.0143981
-0.0115749
-0.00916586
-0.00708772
-0.0052773
-0.00368593
-0.00227566
-0.00101647
0.000115684
0.0011403
0.00207333
0.00292792
0.00371486
0.00444292
0.00511894
0.00574787
0.00633269
0.00687429
0.00737136
0.00781999
0.00821185
0.00853698
0.00879291
0.00898114
0.0090271
0.0083802
0.0078932
0.00729238
0.00667421
0.00608847
0.00553946
0.00502324
0.00453854
0.00408526
0.00366302
0.00327105
0.00290831
0.00257365
0.00226581
0.00198347
0.00172531
0.00148994
0.00127602
0.00108221
0.0009072
0.000749721
0.000608545
0.000482489
0.000370424
0.00027127
0.000184001
0.000107643
4.12786e-05
-1.59614e-05
-6.48927e-05
-0.000106281
-0.000140845
-0.000169254
-0.000192133
-0.000210063
-0.000223585
-0.000233198
-0.000239364
-0.000242508
-0.000243022
-0.000241263
-0.000237561
-0.000232214
-0.000225493
-0.000217644
-0.00020889
-0.00019943
-0.000189443
-0.000179089
-0.00016851
-0.000157832
-0.000147177
-0.000136672
-0.000126388
-0.000116076
-0.000105844
-9.60721e-05
-8.67717e-05
-7.79185e-05
-6.95163e-05
-6.15757e-05
-5.41034e-05
-4.71011e-05
-4.05669e-05
-3.44946e-05
-2.88681e-05
-2.36813e-05
-1.89511e-05
-1.46198e-05
-1.0686e-05
-7.13902e-06
-3.96099e-06
-1.13276e-06
1.36438e-06
3.54897e-06
5.4394e-06
7.05388e-06
8.41024e-06
9.52586e-06
1.04176e-05
1.11017e-05
1.15936e-05
1.19083e-05
1.20598e-05
1.20613e-05
1.19254e-05
1.16637e-05
1.1287e-05
1.08052e-05
1.02275e-05
9.56191e-06
8.8156e-06
7.99462e-06
7.10393e-06
6.14777e-06
5.12993e-06
4.04837e-06
2.87797e-06
1.58678e-06
3.41713e-07
0.00760312
0.00737932
0.00697025
0.00648346
0.00600959
0.00556077
0.00513197
0.00472198
0.00433172
0.00396189
0.00361272
0.00328415
0.00297596
0.00268778
0.00241913
0.0021694
0.00193793
0.001724
0.00152684
0.00134566
0.00117964
0.00102797
0.000889824
0.000764399
0.000650896
0.000548537
0.000456567
0.000374255
0.000300896
0.000235815
0.000178365
0.000127933
8.39333e-05
4.5813e-05
1.30499e-05
-1.48476e-05
-3.83412e-05
-5.78632e-05
-7.38174e-05
-8.65796e-05
-9.64992e-05
-0.0001039
-0.00010908
-0.000112316
-0.000113859
-0.000113942
-0.000112774
-0.000110548
-0.000107436
-0.000103594
-9.91589e-05
-9.42453e-05
-8.8925e-05
-8.32745e-05
-7.77063e-05
-7.22372e-05
-6.66272e-05
-6.09955e-05
-5.54429e-05
-5.00235e-05
-4.4774e-05
-3.97237e-05
-3.48953e-05
-3.03043e-05
-2.59656e-05
-2.19145e-05
-1.81342e-05
-1.45991e-05
-1.13359e-05
-8.34204e-06
-5.61147e-06
-3.13773e-06
-9.13401e-07
1.06993e-06
2.82157e-06
4.35144e-06
5.66991e-06
6.7876e-06
7.71527e-06
8.4637e-06
9.04358e-06
9.46541e-06
9.7395e-06
9.87577e-06
9.88386e-06
9.77294e-06
9.55179e-06
9.22869e-06
8.81147e-06
8.30742e-06
7.72337e-06
7.06557e-06
6.33977e-06
5.55119e-06
4.70561e-06
3.81052e-06
2.86769e-06
1.84148e-06
6.82068e-07
-2.43051e-07
0.00694414
0.00694221
0.00667323
0.00627726
0.00588289
0.0055076
0.00514419
0.00479097
0.00444942
0.00412091
0.00380629
0.0035061
0.00322072
0.00295037
0.0026951
0.00245484
0.0022294
0.0020185
0.00182177
0.0016388
0.0014691
0.00131216
0.00116741
0.0010343
0.00091223
0.000800622
0.000698881
0.000606421
0.000522666
0.000447049
0.000379019
0.000318044
0.000263608
0.000215218
0.0001724
0.000134705
0.000101703
7.29886e-05
4.81796e-05
2.69151e-05
8.85701e-06
-6.31129e-06
-1.88852e-05
-2.91394e-05
-3.73291e-05
-4.369e-05
-4.84398e-05
-5.17785e-05
-5.38896e-05
-5.49408e-05
-5.50852e-05
-5.44602e-05
-5.31859e-05
-5.13714e-05
-4.91208e-05
-4.65343e-05
-4.36749e-05
-4.06235e-05
-3.74513e-05
-3.42135e-05
-3.0956e-05
-2.77185e-05
-2.45347e-05
-2.14322e-05
-1.84352e-05
-1.55714e-05
-1.28708e-05
-1.02974e-05
-7.88148e-06
-5.63664e-06
-3.56565e-06
-1.66928e-06
5.26332e-08
1.60162e-06
2.98049e-06
4.1931e-06
5.24418e-06
6.13911e-06
6.88383e-06
7.48468e-06
7.94828e-06
8.28142e-06
8.49101e-06
8.58394e-06
8.56705e-06
8.4471e-06
8.23066e-06
7.92412e-06
7.53367e-06
7.06526e-06
6.52462e-06
5.91727e-06
5.24844e-06
4.52323e-06
3.74799e-06
2.93258e-06
2.0796e-06
1.13468e-06
1.12903e-08
-7.44245e-07
0.00638846
0.00654053
0.00637483
0.00605462
0.00572854
0.00541624
0.00510912
0.00480534
0.00450681
0.00421534
0.00393222
0.00365845
0.00339485
0.00314208
0.00290062
0.0026708
0.00245282
0.00224674
0.00205254
0.00187009
0.00169918
0.00153954
0.00139086
0.00125276
0.00112485
0.00100669
0.000897848
0.000797859
0.000706259
0.000622584
0.000546369
0.000477157
0.000414498
0.000357954
0.0003071
0.000261524
0.000220832
0.000184646
0.000152605
0.000124366
9.96042e-05
7.8013e-05
5.93034e-05
4.32041e-05
2.94614e-05
1.78387e-05
8.11572e-06
8.80911e-08
-6.43307e-06
-1.1622e-05
-1.56388e-05
-1.86304e-05
-2.07309e-05
-2.20612e-05
-2.27278e-05
-2.28337e-05
-2.24734e-05
-2.17299e-05
-2.06766e-05
-1.93786e-05
-1.78934e-05
-1.62714e-05
-1.45568e-05
-1.27882e-05
-1.09989e-05
-9.21918e-06
-7.47519e-06
-5.77784e-06
-4.14697e-06
-2.59846e-06
-1.14333e-06
2.10111e-07
1.45556e-06
2.58857e-06
3.60636e-06
4.50758e-06
5.29212e-06
5.96088e-06
6.51566e-06
6.95894e-06
7.29385e-06
7.52393e-06
7.65315e-06
7.6857e-06
7.62603e-06
7.47868e-06
7.2483e-06
6.93955e-06
6.55713e-06
6.10569e-06
5.58992e-06
5.01446e-06
4.38388e-06
3.70273e-06
2.97734e-06
2.21896e-06
1.43026e-06
5.36408e-07
-5.92496e-07
-1.23343e-06
0.00591351
0.00617191
0.00608329
0.00583003
0.00556593
0.00530964
0.00505222
0.00479227
0.0045321
0.0042739
0.00401929
0.00376968
0.00352625
0.00329003
0.00306184
0.00284237
0.00263212
0.00243146
0.00224063
0.00205975
0.00188887
0.00172792
0.00157677
0.00143524
0.00130308
0.00118001
0.00106572
0.000959844
0.000862037
0.000771916
0.000689097
0.000613188
0.000543801
0.000480547
0.000423047
0.000370926
0.000323822
0.000281382
0.000243268
0.000209154
0.000178728
0.000151695
0.000127772
0.000106694
8.82105e-05
7.20842e-05
5.80944e-05
4.60346e-05
3.5712e-05
2.69478e-05
1.95763e-05
1.34444e-05
8.41098e-06
4.34642e-06
1.13145e-06
-1.3426e-06
-3.17499e-06
-4.45588e-06
-5.267e-06
-5.68203e-06
-5.76703e-06
-5.58094e-06
-5.17624e-06
-4.59943e-06
-3.89164e-06
-3.08909e-06
-2.22312e-06
-1.31923e-06
-4.01043e-07
5.10999e-07
1.39978e-06
2.25108e-06
3.05317e-06
3.79655e-06
4.47365e-06
5.07867e-06
5.6073e-06
6.05657e-06
6.42466e-06
6.71073e-06
6.9148e-06
7.03761e-06
7.08048e-06
7.04527e-06
6.93425e-06
6.75001e-06
6.49544e-06
6.17365e-06
5.78791e-06
5.34168e-06
4.83856e-06
4.2823e-06
3.67662e-06
3.02532e-06
2.33423e-06
1.61548e-06
8.71816e-07
8.67599e-09
-1.15142e-06
-1.71716e-06
0.0055205
0.00584285
0.00581113
0.00561652
0.0054073
0.00519969
0.00498525
0.00476329
0.00453652
0.0043074
0.00407789
0.00384968
0.00362429
0.00340304
0.00318706
0.0029773
0.00277451
0.00257932
0.00239219
0.00221346
0.00204336
0.00188202
0.00172946
0.00158565
0.00145047
0.00132378
0.00120535
0.00109494
0.000992278
0.000897063
0.000808976
0.000727689
0.000652863
0.000584158
0.000521232
0.000463746
0.000411365
0.000363761
0.000320616
0.00028162
0.000246477
0.000214898
0.000186612
0.000161357
0.000138886
0.000118964
0.000101372
8.58996e-05
7.23537e-05
6.05517e-05
5.03238e-05
4.15121e-05
3.39703e-05
2.75627e-05
2.21641e-05
1.76593e-05
1.3943e-05
1.09184e-05
8.49717e-06
6.59886e-06
5.1508e-06
4.08733e-06
3.34938e-06
2.88396e-06
2.64369e-06
2.58642e-06
2.67494e-06
2.87681e-06
3.16315e-06
3.50856e-06
3.891e-06
4.29147e-06
4.69373e-06
5.084e-06
5.45069e-06
5.7842e-06
6.07669e-06
6.32187e-06
6.51484e-06
6.65189e-06
6.7304e-06
6.74866e-06
6.70575e-06
6.60146e-06
6.43617e-06
6.21078e-06
5.92659e-06
5.58533e-06
5.189e-06
4.73992e-06
4.24066e-06
3.69406e-06
3.10299e-06
2.47033e-06
1.80118e-06
1.10819e-06
3.94673e-07
-4.5152e-07
-1.65798e-06
-2.18298e-06
0.00520462
0.00555461
0.00556398
0.00542095
0.0052599
0.00509407
0.0049163
0.0047268
0.00452861
0.00432445
0.00411653
0.00390685
0.00369718
0.00348909
0.00328395
0.00308293
0.002887
0.00269699
0.00251353
0.00233716
0.00216825
0.00200707
0.0018538
0.00170852
0.00157123
0.00144187
0.00132033
0.00120644
0.00110001
0.00100079
0.000908528
0.00082295
0.000743762
0.000670662
0.000603342
0.000541495
0.00048481
0.000432982
0.00038571
0.000342699
0.000303666
0.000268332
0.000236432
0.000207712
0.000181926
0.000158844
0.000138245
0.000119921
0.000103677
8.93277e-05
7.67008e-05
6.56348e-05
5.59793e-05
4.75944e-05
4.03503e-05
3.41269e-05
2.88136e-05
2.43082e-05
2.05172e-05
1.73548e-05
1.47429e-05
1.26105e-05
1.08932e-05
9.53257e-06
8.47625e-06
7.67706e-06
7.09283e-06
6.68611e-06
6.42345e-06
6.27519e-06
6.21516e-06
6.22045e-06
6.27102e-06
6.34956e-06
6.44109e-06
6.53287e-06
6.61406e-06
6.67562e-06
6.71e-06
6.71113e-06
6.6741e-06
6.59515e-06
6.47143e-06
6.301e-06
6.08258e-06
5.81561e-06
5.50004e-06
5.13636e-06
4.72544e-06
4.2686e-06
3.76744e-06
3.22395e-06
2.64013e-06
2.01801e-06
1.36176e-06
6.84283e-07
-9.87878e-09
-8.4723e-07
-2.10643e-06
-2.62034e-06
0.00495787
0.0053069
0.00534536
0.00524753
0.00512818
0.00499773
0.00485083
0.00468864
0.00451451
0.00433137
0.00414169
0.0039477
0.00375141
0.00355459
0.0033588
0.00316539
0.00297552
0.00279017
0.00261013
0.00243606
0.00226848
0.00210777
0.00195422
0.00180801
0.00166925
0.00153794
0.00141406
0.00129751
0.00118815
0.0010858
0.000990256
0.000901276
0.00081861
0.000741992
0.000671144
0.000605781
0.000545617
0.000490364
0.000439739
0.00039346
0.000351252
0.000312848
0.000277989
0.000246425
0.000217917
0.000192233
0.000169157
0.00014848
0.000130006
0.000113549
9.8934e-05
8.59976e-05
7.45862e-05
6.45565e-05
5.57752e-05
4.81184e-05
4.14714e-05
3.5728e-05
3.07901e-05
2.65678e-05
2.29787e-05
1.99473e-05
1.7405e-05
1.52892e-05
1.35432e-05
1.21158e-05
1.09609e-05
1.0037e-05
9.30696e-06
8.73753e-06
8.29919e-06
7.96576e-06
7.71414e-06
7.52405e-06
7.37778e-06
7.25993e-06
7.15723e-06
7.05828e-06
6.95345e-06
6.83458e-06
6.69495e-06
6.52902e-06
6.33237e-06
6.10153e-06
5.83391e-06
5.52764e-06
5.18157e-06
4.79509e-06
4.36813e-06
3.90107e-06
3.39471e-06
2.85019e-06
2.26883e-06
1.65177e-06
1.00226e-06
3.33163e-07
-3.49072e-07
-1.18144e-06
-2.49306e-06
-3.02149e-06
0.00477117
0.00509847
0.00515729
0.00509855
0.00501461
0.00491355
0.00479215
0.00465253
0.00449826
0.00433247
0.00415787
0.00397687
0.00379169
0.00360426
0.00341632
0.00322935
0.00304465
0.00286332
0.00268629
0.00251432
0.00234804
0.00218792
0.00203435
0.00188758
0.00174779
0.00161507
0.00148944
0.00137086
0.00125925
0.00115447
0.00105635
0.000964702
0.000879294
0.000799891
0.000726239
0.000658076
0.000595134
0.000537141
0.000483827
0.000434922
0.00039016
0.000349282
0.000312035
0.000278173
0.00024746
0.00021967
0.000194584
0.000171995
0.000151708
0.000133534
0.0001173
0.000102837
8.99919e-05
7.86176e-05
6.85783e-05
5.97474e-05
5.2007e-05
4.52473e-05
3.93671e-05
3.4273e-05
2.98791e-05
2.61066e-05
2.28832e-05
2.01431e-05
1.78263e-05
1.58783e-05
1.42496e-05
1.28958e-05
1.17766e-05
1.08561e-05
1.01017e-05
9.48491e-06
8.97993e-06
8.56418e-06
8.21765e-06
7.92285e-06
7.66447e-06
7.42928e-06
7.20581e-06
6.98434e-06
6.75654e-06
6.5155e-06
6.25543e-06
5.9717e-06
5.66052e-06
5.31905e-06
4.9451e-06
4.53724e-06
4.09452e-06
3.6166e-06
3.1035e-06
2.55576e-06
1.97396e-06
1.35858e-06
7.11865e-07
4.6467e-08
-6.28785e-07
-1.45707e-06
-2.81603e-06
-3.38109e-06
0.00463488
0.00492737
0.00500048
0.00497484
0.00492013
0.0048429
0.00474212
0.0046207
0.00448244
0.00433063
0.00416816
0.00399765
0.00382145
0.00364164
0.00346008
0.00327837
0.00309793
0.00291995
0.00274546
0.00257531
0.00241019
0.00225068
0.0020972
0.0019501
0.0018096
0.00167586
0.00154893
0.00142883
0.0013155
0.00120886
0.00110876
0.00101504
0.000927505
0.000845931
0.000770089
0.000699733
0.000634611
0.000574464
0.000519033
0.000468056
0.000421278
0.000378443
0.000339305
0.000303622
0.000271161
0.000241697
0.000215013
0.000190904
0.000169173
0.000149632
0.000132105
0.000116424
0.000102433
8.99835e-05
7.89372e-05
6.91658e-05
6.05493e-05
5.29747e-05
4.6338e-05
4.05434e-05
3.55022e-05
3.11329e-05
2.73608e-05
2.41172e-05
2.13395e-05
1.89707e-05
1.69587e-05
1.52567e-05
1.3822e-05
1.26163e-05
1.16051e-05
1.07576e-05
1.00461e-05
9.44603e-06
8.93573e-06
8.49591e-06
8.10972e-06
7.76237e-06
7.44107e-06
7.13467e-06
6.83371e-06
6.53006e-06
6.21694e-06
5.88865e-06
5.54059e-06
5.16897e-06
4.77091e-06
4.34417e-06
3.88722e-06
3.39898e-06
2.87898e-06
2.32708e-06
1.74343e-06
1.12781e-06
4.81669e-07
-1.82928e-07
-8.54318e-07
-1.67755e-06
-3.07547e-06
-3.69606e-06
0.00453947
0.00479126
0.00487457
0.00487609
0.00484468
0.00478615
0.00470151
0.00459434
0.00446858
0.00432767
0.00417468
0.00401236
0.00384318
0.00366934
0.00349279
0.00331524
0.00313817
0.00296287
0.00279042
0.00262174
0.00245761
0.00229863
0.00214531
0.00199802
0.00185703
0.00172255
0.00159467
0.00147344
0.00135883
0.00125079
0.0011492
0.00105392
0.00096476
0.000881533
0.00080402
0.000731988
0.000665197
0.000603399
0.000546343
0.000493775
0.000445446
0.000401105
0.00036051
0.000323422
0.000289612
0.000258854
0.000230936
0.00020565
0.000182801
0.000162201
0.000143672
0.000127046
0.000112166
9.8881e-05
8.70515e-05
7.65487e-05
6.72514e-05
5.90428e-05
5.18169e-05
4.54763e-05
3.99302e-05
3.50953e-05
3.08945e-05
2.72574e-05
2.41192e-05
2.14209e-05
1.91087e-05
1.71336e-05
1.54513e-05
1.40217e-05
1.28086e-05
1.17796e-05
1.09053e-05
1.016e-05
9.52034e-06
8.96588e-06
8.47847e-06
8.0422e-06
7.64311e-06
7.26914e-06
6.90976e-06
6.55605e-06
6.20032e-06
5.83617e-06
5.4582e-06
5.06206e-06
4.64416e-06
4.20178e-06
3.73276e-06
3.23561e-06
2.7093e-06
2.15331e-06
1.56731e-06
9.50687e-07
3.04008e-07
-3.61352e-07
-1.0308e-06
-1.84693e-06
-3.27331e-06
-3.9652e-06
0.00447617
0.00468761
0.0047784
0.00480118
0.00478745
0.00474295
0.00467042
0.00457392
0.0044575
0.00432474
0.00417882
0.00402261
0.00385868
0.00368931
0.00351652
0.00334209
0.00316756
0.00299428
0.00282339
0.00265585
0.00249248
0.00233394
0.00218077
0.00203337
0.00189206
0.00175706
0.0016285
0.00150646
0.00139093
0.00128187
0.00117919
0.00108276
0.000992413
0.000907973
0.000829231
0.000755965
0.000687944
0.000624928
0.000566671
0.000512927
0.000463449
0.000417993
0.000376319
0.00033819
0.000303378
0.000271661
0.000242826
0.000216666
0.000192986
0.000171598
0.000152324
0.000134995
0.000119453
0.000105546
9.31308e-05
8.20819e-05
7.22788e-05
6.35977e-05
5.59321e-05
4.91836e-05
4.32603e-05
3.80771e-05
3.35558e-05
2.96241e-05
2.62161e-05
2.32711e-05
2.07338e-05
1.8554e-05
1.6686e-05
1.50883e-05
1.37235e-05
1.25579e-05
1.15613e-05
1.07066e-05
9.96948e-06
9.32854e-06
8.76473e-06
8.26124e-06
7.80334e-06
7.37814e-06
6.97448e-06
6.58268e-06
6.19452e-06
5.80296e-06
5.40212e-06
4.9871e-06
4.55391e-06
4.09932e-06
3.62085e-06
3.11657e-06
2.58513e-06
2.02563e-06
1.43747e-06
8.19696e-07
1.72191e-07
-4.94638e-07
-1.16324e-06
-1.96984e-06
-3.41292e-06
-4.18869e-06
0.00443724
0.00461387
0.0047102
0.00474847
0.0047472
0.00471252
0.00464847
0.00455944
0.00444955
0.00432246
0.00418147
0.00402953
0.00386926
0.003703
0.00353285
0.0033606
0.00318786
0.003016
0.0028462
0.00267947
0.00251665
0.00235843
0.00220537
0.00205791
0.00191639
0.00178104
0.00165202
0.00152942
0.00141325
0.00130349
0.00120006
0.00110284
0.00101168
0.000926396
0.000846802
0.000772681
0.000703806
0.000639944
0.000580853
0.000526291
0.000476016
0.000429784
0.000387358
0.000348505
0.000312996
0.00028061
0.000251136
0.000224367
0.000200108
0.000178171
0.000158377
0.000140559
0.000124555
0.000110213
9.73851e-05
8.59515e-05
7.58017e-05
6.67912e-05
5.88177e-05
5.17838e-05
4.55966e-05
4.01698e-05
3.54241e-05
3.12864e-05
2.76894e-05
2.45716e-05
2.18767e-05
1.95535e-05
1.75553e-05
1.58397e-05
1.43686e-05
1.31073e-05
1.20248e-05
1.10932e-05
1.02876e-05
9.58595e-06
8.96842e-06
8.41765e-06
7.91834e-06
7.45707e-06
7.02217e-06
6.60354e-06
6.19246e-06
5.78154e-06
5.3645e-06
4.9361e-06
4.49203e-06
4.02876e-06
3.54351e-06
3.0341e-06
2.49892e-06
1.93685e-06
1.34705e-06
7.28407e-07
8.02136e-08
-5.88198e-07
-1.25655e-06
-2.05116e-06
-3.49883e-06
-4.36764e-06
0.00441628
0.0045676
0.00466782
0.00471601
0.00472246
0.00469384
0.00463505
0.00455063
0.00444476
0.00432118
0.00418323
0.00403391
0.00387589
0.00371156
0.00354302
0.00337212
0.00320048
0.0030295
0.00286038
0.00269415
0.00253166
0.00237364
0.00222065
0.00207315
0.00193149
0.00179592
0.00166662
0.00154367
0.00142711
0.00131692
0.00121302
0.00111531
0.00102363
0.000937833
0.000857711
0.000783058
0.000713654
0.000649266
0.000589658
0.000534588
0.000483817
0.000437104
0.000394212
0.000354908
0.000318966
0.000286166
0.000256295
0.000229148
0.000204529
0.000182251
0.000162135
0.000144012
0.000127724
0.000113117
0.000100013
8.83368e-05
7.79937e-05
6.87766e-05
6.0609e-05
5.33971e-05
4.70457e-05
4.14675e-05
3.65824e-05
3.23167e-05
2.86023e-05
2.53773e-05
2.25845e-05
2.01723e-05
1.80932e-05
1.63045e-05
1.47673e-05
1.34466e-05
1.23108e-05
1.13316e-05
1.04835e-05
9.74416e-06
9.09331e-06
8.51323e-06
7.98825e-06
7.50462e-06
7.05038e-06
6.61511e-06
6.18987e-06
5.76697e-06
5.33993e-06
4.90328e-06
4.4525e-06
3.9839e-06
3.4945e-06
2.98197e-06
2.44453e-06
1.88092e-06
1.29019e-06
6.71133e-07
2.26243e-08
-6.47125e-07
-1.31539e-06
-2.09619e-06
-3.53713e-06
-4.50246e-06
0.00440819
0.00454634
0.00464865
0.00470151
0.00471149
0.00468565
0.00462926
0.00454695
0.00444292
0.00432093
0.00418436
0.00403623
0.00387925
0.00371579
0.00354798
0.00337769
0.00320654
0.00303595
0.00286714
0.00270112
0.00253878
0.00238084
0.00222787
0.00208035
0.00193862
0.00180294
0.0016735
0.00155038
0.00143363
0.00132323
0.00121911
0.00112116
0.00102925
0.000943196
0.000862823
0.000787919
0.000718264
0.000653628
0.000593776
0.000538467
0.000487462
0.000440522
0.00039741
0.000357895
0.00032175
0.000288755
0.000258697
0.000231373
0.000206585
0.000184147
0.000163881
0.000145617
0.0001292
0.000114474
0.000101186
8.94291e-05
7.90312e-05
6.97027e-05
6.14377e-05
5.41412e-05
4.77128e-05
4.20639e-05
3.71139e-05
3.27885e-05
2.90196e-05
2.57447e-05
2.29066e-05
2.0453e-05
1.83365e-05
1.6514e-05
1.49462e-05
1.35981e-05
1.24377e-05
1.14365e-05
1.05689e-05
9.81224e-06
9.14612e-06
8.55263e-06
8.01594e-06
7.52215e-06
7.05914e-06
6.61637e-06
6.18476e-06
5.75652e-06
5.32504e-06
4.88477e-06
4.4311e-06
3.96023e-06
3.46911e-06
2.95534e-06
2.41707e-06
1.85295e-06
1.26201e-06
6.43012e-07
-5.41692e-09
-6.75886e-07
-1.34398e-06
-2.11301e-06
-3.54188e-06
-4.5837e-06
0.00440817
0.00454632
0.00464863
0.00470149
0.00471147
0.00468563
0.00462924
0.00454693
0.00444289
0.00432091
0.00418434
0.00403621
0.00387922
0.00371577
0.00354796
0.00337767
0.00320652
0.00303593
0.00286712
0.0027011
0.00253876
0.00238082
0.00222785
0.00208033
0.0019386
0.00180292
0.00167348
0.00155036
0.00143361
0.00132321
0.00121909
0.00112114
0.00102923
0.000943179
0.000862806
0.000787903
0.000718248
0.000653612
0.000593759
0.000538451
0.000487446
0.000440506
0.000397395
0.000357879
0.000321734
0.000288739
0.000258682
0.000231358
0.00020657
0.000184133
0.000163866
0.000145602
0.000129186
0.000114459
0.000101174
8.94168e-05
7.90171e-05
6.96893e-05
6.14248e-05
5.41286e-05
4.77006e-05
4.20519e-05
3.71021e-05
3.27771e-05
2.90085e-05
2.57339e-05
2.2896e-05
2.04428e-05
1.83266e-05
1.65043e-05
1.49369e-05
1.3589e-05
1.24289e-05
1.14281e-05
1.05608e-05
9.80443e-06
9.13863e-06
8.54545e-06
8.00907e-06
7.51559e-06
7.05289e-06
6.61043e-06
6.17913e-06
5.75119e-06
5.32003e-06
4.88007e-06
4.4267e-06
3.95614e-06
3.46533e-06
2.95188e-06
2.41393e-06
1.85015e-06
1.25955e-06
6.40894e-07
-7.18797e-09
-6.77313e-07
-1.34507e-06
-2.11377e-06
-3.5423e-06
-4.58378e-06
0.00441623
0.00456754
0.00466776
0.00471594
0.0047224
0.00469378
0.00463499
0.00455057
0.0044447
0.00432111
0.00418316
0.00403384
0.00387583
0.0037115
0.00354296
0.00337206
0.00320042
0.00302943
0.00286032
0.00269409
0.0025316
0.00237358
0.00222059
0.00207309
0.00193143
0.00179587
0.00166656
0.00154362
0.00142706
0.00131687
0.00121297
0.00111525
0.00102358
0.000937781
0.000857659
0.000783007
0.000713603
0.000649215
0.000589607
0.000534539
0.000483768
0.000437055
0.000394163
0.00035486
0.000318918
0.000286119
0.000256248
0.000229102
0.000204483
0.000182206
0.00016209
0.000143968
0.000127681
0.000113074
9.99722e-05
8.82963e-05
7.79529e-05
6.87366e-05
6.057e-05
5.33589e-05
4.70083e-05
4.1431e-05
3.65467e-05
3.22818e-05
2.85684e-05
2.53442e-05
2.25524e-05
2.0141e-05
1.80629e-05
1.62751e-05
1.47389e-05
1.34191e-05
1.22842e-05
1.13059e-05
1.04588e-05
9.7204e-06
9.0705e-06
8.49137e-06
7.96733e-06
7.48466e-06
7.03136e-06
6.59704e-06
6.17273e-06
5.75078e-06
5.32467e-06
4.88896e-06
4.43911e-06
3.97145e-06
3.483e-06
2.97143e-06
2.43498e-06
1.87238e-06
1.28269e-06
6.64688e-07
1.72293e-08
-6.51473e-07
-1.31871e-06
-2.09848e-06
-3.53839e-06
-4.50271e-06
0.00443715
0.00461377
0.0047101
0.00474837
0.0047471
0.00471241
0.00464836
0.00455933
0.00444944
0.00432235
0.00418136
0.00402941
0.00386915
0.0037029
0.00353274
0.00336049
0.00318775
0.00301589
0.0028461
0.00267937
0.00251655
0.00235833
0.00220527
0.00205781
0.00191629
0.00178094
0.00165192
0.00152932
0.00141316
0.0013034
0.00119997
0.00110275
0.00101159
0.000926307
0.000846714
0.000772594
0.00070372
0.000639858
0.000580768
0.000526207
0.000475932
0.000429701
0.000387276
0.000348423
0.000312915
0.00028053
0.000251057
0.000224289
0.000200031
0.000178094
0.000158302
0.000140484
0.000124481
0.000110141
9.73143e-05
8.58818e-05
7.57328e-05
6.67236e-05
5.87514e-05
5.17189e-05
4.55331e-05
4.01078e-05
3.53635e-05
3.12272e-05
2.76317e-05
2.45154e-05
2.18221e-05
1.95004e-05
1.75037e-05
1.57898e-05
1.43202e-05
1.30605e-05
1.19796e-05
1.10496e-05
1.02457e-05
9.54558e-06
8.92966e-06
8.38051e-06
7.88281e-06
7.42315e-06
6.98986e-06
6.57283e-06
6.16335e-06
5.75403e-06
5.33858e-06
4.91177e-06
4.46928e-06
4.00761e-06
3.52396e-06
3.01619e-06
2.48267e-06
1.92232e-06
1.33429e-06
7.17436e-07
7.10346e-08
-5.95602e-07
-1.2622e-06
-2.05507e-06
-3.50096e-06
-4.36808e-06
0.00447603
0.00468746
0.00477825
0.00480103
0.0047873
0.00474279
0.00467026
0.00457377
0.00445734
0.00432458
0.00417866
0.00402245
0.00385852
0.00368915
0.00351637
0.00334194
0.00316741
0.00299413
0.00282324
0.00265571
0.00249234
0.0023338
0.00218063
0.00203323
0.00189192
0.00175692
0.00162837
0.00150632
0.00139079
0.00128174
0.00117906
0.00108263
0.000992285
0.000907846
0.000829105
0.00075584
0.00068782
0.000624805
0.000566549
0.000512806
0.000463329
0.000417874
0.000376201
0.000338073
0.000303263
0.000271547
0.000242713
0.000216554
0.000192875
0.000171489
0.000152216
0.000134889
0.000119348
0.000105442
9.30293e-05
8.19821e-05
7.21805e-05
6.35012e-05
5.58375e-05
4.90909e-05
4.31696e-05
3.79884e-05
3.34692e-05
2.95396e-05
2.61337e-05
2.31908e-05
2.06558e-05
1.84782e-05
1.66124e-05
1.50169e-05
1.36544e-05
1.24911e-05
1.14968e-05
1.06443e-05
9.90952e-06
9.27089e-06
8.70938e-06
8.2082e-06
7.7526e-06
7.3297e-06
6.92833e-06
6.53884e-06
6.15296e-06
5.76368e-06
5.36511e-06
4.95236e-06
4.52143e-06
4.06912e-06
3.59293e-06
3.09097e-06
2.5619e-06
2.00485e-06
1.41921e-06
8.03994e-07
1.59053e-07
-5.05238e-07
-1.17134e-06
-1.97544e-06
-3.41598e-06
-4.18933e-06
0.0045393
0.00479107
0.00487437
0.00487589
0.00484448
0.00478594
0.0047013
0.00459414
0.00446837
0.00432746
0.00417447
0.00401215
0.00384297
0.00366914
0.00349259
0.00331504
0.00313797
0.00296267
0.00279022
0.00262155
0.00245742
0.00229844
0.00214512
0.00199783
0.00185685
0.00172237
0.00159449
0.00147326
0.00135866
0.00125062
0.00114903
0.00105375
0.000964591
0.000881366
0.000803854
0.000731824
0.000665035
0.000603238
0.000546183
0.000493617
0.000445288
0.000400949
0.000360355
0.000323269
0.00028946
0.000258704
0.000230787
0.000205503
0.000182656
0.000162057
0.00014353
0.000126907
0.000112028
9.87455e-05
8.69182e-05
7.64176e-05
6.71225e-05
5.89162e-05
5.16928e-05
4.53547e-05
3.98112e-05
3.49789e-05
3.07809e-05
2.71465e-05
2.40111e-05
2.13156e-05
1.90063e-05
1.70341e-05
1.53548e-05
1.39281e-05
1.2718e-05
1.16919e-05
1.08207e-05
1.00783e-05
9.44169e-06
8.89025e-06
8.40586e-06
7.97262e-06
7.57656e-06
7.2056e-06
6.84924e-06
6.49853e-06
6.1458e-06
5.78464e-06
5.40966e-06
5.01649e-06
4.60157e-06
4.16216e-06
3.69614e-06
3.20203e-06
2.67882e-06
2.12603e-06
1.54331e-06
9.30034e-07
2.86721e-07
-3.75304e-07
-1.04146e-06
-1.85432e-06
-3.27734e-06
-3.96606e-06
0.00463465
0.00492713
0.00500023
0.00497459
0.00491988
0.00484264
0.00474186
0.00462045
0.00448218
0.00433037
0.0041679
0.00399739
0.00382119
0.00364139
0.00345983
0.00327812
0.00309768
0.00291971
0.00274522
0.00257507
0.00240995
0.00225044
0.00209697
0.00194987
0.00180938
0.00167563
0.0015487
0.00142861
0.00131528
0.00120864
0.00110855
0.00101483
0.000927295
0.000845723
0.000769882
0.000699528
0.000634408
0.000574263
0.000518833
0.000467858
0.000421082
0.000378249
0.000339113
0.000303432
0.000270972
0.00024151
0.000214828
0.000190721
0.000168992
0.000149453
0.000131928
0.00011625
0.000102261
8.98143e-05
7.87707e-05
6.90021e-05
6.03884e-05
5.28167e-05
4.61831e-05
4.03916e-05
3.53537e-05
3.09877e-05
2.7219e-05
2.39788e-05
2.12046e-05
1.88393e-05
1.68309e-05
1.51325e-05
1.37015e-05
1.24995e-05
1.1492e-05
1.06482e-05
9.94044e-06
9.34416e-06
8.83762e-06
8.40157e-06
8.01915e-06
7.67558e-06
7.35804e-06
7.05541e-06
6.75821e-06
6.45832e-06
6.14895e-06
5.82439e-06
5.48005e-06
5.11215e-06
4.7178e-06
4.29479e-06
3.84157e-06
3.35712e-06
2.84098e-06
2.29305e-06
1.71346e-06
1.102e-06
4.60032e-07
-2.004e-07
-8.67677e-07
-1.68681e-06
-3.08052e-06
-3.69715e-06
0.0047709
0.00509818
0.005157
0.00509826
0.00501431
0.00491324
0.00479185
0.00465222
0.00449795
0.00433216
0.00415756
0.00397657
0.00379138
0.00360396
0.00341601
0.00322905
0.00304435
0.00286302
0.002686
0.00251403
0.00234775
0.00218764
0.00203407
0.0018873
0.00174751
0.0016148
0.00148917
0.0013706
0.00125899
0.00115421
0.0010561
0.000964446
0.000879041
0.00079964
0.00072599
0.000657829
0.000594889
0.000536898
0.000483586
0.000434683
0.000389923
0.000349047
0.000311802
0.000277943
0.000247232
0.000219444
0.00019436
0.000171774
0.000151489
0.000133318
0.000117086
0.000102627
8.97845e-05
7.84133e-05
6.83772e-05
5.95496e-05
5.18127e-05
4.50566e-05
3.91801e-05
3.40898e-05
2.96998e-05
2.59312e-05
2.27119e-05
1.9976e-05
1.76634e-05
1.57197e-05
1.40954e-05
1.2746e-05
1.16312e-05
1.07151e-05
9.96525e-06
9.35293e-06
8.85247e-06
8.44126e-06
8.09927e-06
7.80902e-06
7.55519e-06
7.32455e-06
7.10564e-06
6.88871e-06
6.66546e-06
6.42895e-06
6.17341e-06
5.89418e-06
5.58751e-06
5.25053e-06
4.88108e-06
4.47772e-06
4.03953e-06
3.56618e-06
3.05775e-06
2.51476e-06
1.93783e-06
1.3274e-06
6.85694e-07
2.53027e-08
-6.44975e-07
-1.46829e-06
-2.82217e-06
-3.38245e-06
0.00495755
0.00530656
0.00534502
0.00524718
0.00512783
0.00499738
0.00485047
0.00468828
0.00451415
0.00433101
0.00414133
0.00394734
0.00375105
0.00355423
0.00335844
0.00316504
0.00297518
0.00278982
0.00260979
0.00243572
0.00226814
0.00210744
0.00195389
0.00180769
0.00166893
0.00153763
0.00141375
0.0012972
0.00118784
0.0010855
0.000989951
0.000900974
0.000818311
0.000741696
0.00067085
0.000605489
0.000545327
0.000490077
0.000439454
0.000393178
0.000350972
0.000312571
0.000277715
0.000246153
0.000217647
0.000191967
0.000168894
0.000148219
0.000129748
0.000113294
9.86824e-05
8.57493e-05
7.43414e-05
6.43154e-05
5.55378e-05
4.7885e-05
4.12421e-05
3.55029e-05
3.05693e-05
2.63516e-05
2.27671e-05
1.97405e-05
1.7203e-05
1.50921e-05
1.33511e-05
1.19288e-05
1.07791e-05
9.86033e-06
9.1355e-06
8.57133e-06
8.1383e-06
7.81018e-06
7.56391e-06
7.37916e-06
7.23826e-06
7.12577e-06
7.02844e-06
6.93486e-06
6.83541e-06
6.7219e-06
6.58763e-06
6.42704e-06
6.23574e-06
6.01022e-06
5.74793e-06
5.44698e-06
5.10624e-06
4.72508e-06
4.30349e-06
3.84183e-06
3.34095e-06
2.80202e-06
2.22634e-06
1.61505e-06
9.71387e-07
3.08154e-07
-3.68228e-07
-1.19473e-06
-2.50034e-06
-3.02315e-06
0.00520425
0.00555423
0.00556359
0.00542055
0.0052595
0.00509366
0.00491589
0.00472639
0.0045282
0.00432403
0.00411612
0.00390644
0.00369677
0.00348868
0.00328355
0.00308253
0.0028866
0.00269659
0.00251314
0.00233677
0.00216786
0.00200669
0.00185342
0.00170814
0.00157086
0.0014415
0.00131997
0.00120608
0.00109965
0.00100043
0.000908176
0.000822601
0.000743415
0.000670318
0.000603002
0.000541157
0.000484475
0.000432649
0.00038538
0.000342373
0.000303342
0.000268011
0.000236114
0.000207396
0.000181614
0.000158535
0.000137939
0.000119619
0.000103378
8.9032e-05
7.64088e-05
6.53467e-05
5.56952e-05
4.73146e-05
4.00748e-05
3.3856e-05
2.85474e-05
2.4047e-05
2.02611e-05
1.71039e-05
1.44975e-05
1.23706e-05
1.06589e-05
9.30405e-06
8.25357e-06
7.46029e-06
6.88204e-06
6.48135e-06
6.22477e-06
6.08263e-06
6.02876e-06
6.04022e-06
6.09699e-06
6.18174e-06
6.27949e-06
6.3775e-06
6.46492e-06
6.5327e-06
6.57332e-06
6.58067e-06
6.54986e-06
6.47711e-06
6.3596e-06
6.19535e-06
5.98312e-06
5.72234e-06
5.41296e-06
5.05549e-06
4.65081e-06
4.20025e-06
3.70544e-06
3.16837e-06
2.59109e-06
1.97559e-06
1.32604e-06
6.55292e-07
-3.21168e-08
-8.62677e-07
-2.11492e-06
-2.62234e-06
0.00552008
0.00584242
0.00581069
0.00561607
0.00540685
0.00519923
0.00498479
0.00476283
0.00453606
0.00430694
0.00407742
0.00384921
0.00362382
0.00340258
0.0031866
0.00297684
0.00277406
0.00257887
0.00239174
0.00221302
0.00204293
0.00188158
0.00172903
0.00158522
0.00145005
0.00132336
0.00120493
0.00109453
0.000991869
0.000896656
0.000808573
0.000727289
0.000652467
0.000583765
0.000520842
0.000463359
0.000410981
0.000363381
0.000320239
0.000281246
0.000246106
0.000214531
0.000186248
0.000160996
0.000138528
0.00011861
0.000101021
8.5553e-05
7.2011e-05
6.02131e-05
4.99894e-05
4.11821e-05
3.36449e-05
2.72421e-05
2.18485e-05
1.7349e-05
1.36381e-05
1.06192e-05
8.20378e-06
6.31154e-06
4.86973e-06
3.81265e-06
3.08123e-06
2.62244e-06
2.38892e-06
2.33845e-06
2.43385e-06
2.64265e-06
2.93598e-06
3.28841e-06
3.67792e-06
4.08547e-06
4.49484e-06
4.89222e-06
5.26604e-06
5.60667e-06
5.9063e-06
6.15861e-06
6.35871e-06
6.50288e-06
6.58852e-06
6.61387e-06
6.57808e-06
6.48088e-06
6.3227e-06
6.1044e-06
5.82733e-06
5.49318e-06
5.10401e-06
4.66212e-06
4.17013e-06
3.63085e-06
3.04719e-06
2.42203e-06
1.76046e-06
1.07509e-06
3.69242e-07
-4.6922e-07
-1.66778e-06
-2.18535e-06
0.00591304
0.00617143
0.0060828
0.00582954
0.00556544
0.00530913
0.00505172
0.00479176
0.00453159
0.00427338
0.00401878
0.00376916
0.00352573
0.00328951
0.00306133
0.00284186
0.00263161
0.00243095
0.00224013
0.00205926
0.00188837
0.00172743
0.00157628
0.00143476
0.0013026
0.00117954
0.00106524
0.000959377
0.000861574
0.000771457
0.000688641
0.000612736
0.000543352
0.000480103
0.000422606
0.000370489
0.000323388
0.000280952
0.000242841
0.00020873
0.000178308
0.000151278
0.00012736
0.000106286
8.78054e-05
7.16831e-05
5.76975e-05
4.56418e-05
3.53236e-05
2.65639e-05
1.91971e-05
1.30701e-05
8.04188e-06
3.9827e-06
7.73409e-07
-1.69471e-06
-3.5209e-06
-4.79532e-06
-5.59971e-06
-6.00778e-06
-6.08561e-06
-5.89219e-06
-5.48001e-06
-4.89561e-06
-4.18012e-06
-3.36979e-06
-2.49598e-06
-1.58423e-06
-6.58086e-07
2.61955e-07
1.15877e-06
2.01812e-06
2.82827e-06
3.57972e-06
4.2649e-06
4.87799e-06
5.4147e-06
5.87205e-06
6.24821e-06
6.54235e-06
6.75448e-06
6.88534e-06
6.93627e-06
6.90912e-06
6.80615e-06
6.62997e-06
6.38347e-06
6.06977e-06
5.69215e-06
5.25407e-06
4.75916e-06
4.21116e-06
3.61382e-06
2.97094e-06
2.28834e-06
1.57813e-06
8.43069e-07
-1.13829e-08
-1.1626e-06
-1.71998e-06
0.00638794
0.00654
0.0063743
0.00605408
0.005728
0.00541569
0.00510856
0.00480478
0.00450624
0.00421477
0.00393165
0.00365788
0.00339428
0.00314151
0.00290005
0.00267023
0.00245225
0.00224618
0.00205198
0.00186953
0.00169863
0.001539
0.00139032
0.00125222
0.00112431
0.00100616
0.000897322
0.000797336
0.000705741
0.00062207
0.000545859
0.000476651
0.000413996
0.000357456
0.000306605
0.000261033
0.000220345
0.000184163
0.000152125
0.000123891
9.91329e-05
7.75457e-05
5.88401e-05
4.2745e-05
2.90066e-05
1.73883e-05
7.66977e-06
-3.53216e-07
-6.86957e-06
-1.20535e-05
-1.60651e-05
-1.90512e-05
-2.11459e-05
-2.24702e-05
-2.31308e-05
-2.32302e-05
-2.28628e-05
-2.21119e-05
-2.10509e-05
-1.9745e-05
-1.82515e-05
-1.66211e-05
-1.48981e-05
-1.31208e-05
-1.13227e-05
-9.53419e-06
-7.78128e-06
-6.07521e-06
-4.43534e-06
-2.87776e-06
-1.41356e-06
-5.10514e-08
1.20347e-06
2.34555e-06
3.37242e-06
4.28271e-06
5.07632e-06
5.75415e-06
6.31798e-06
6.77033e-06
7.11428e-06
7.35342e-06
7.49168e-06
7.53328e-06
7.48266e-06
7.34437e-06
7.12306e-06
6.82341e-06
6.4501e-06
6.00782e-06
5.50125e-06
4.93504e-06
4.31376e-06
3.64199e-06
2.92605e-06
2.17718e-06
1.39803e-06
5.1386e-07
-6.05174e-07
-1.23677e-06
0.00694358
0.00694164
0.00667266
0.00627667
0.0058823
0.005507
0.00514358
0.00479036
0.00444881
0.00412029
0.00380567
0.00350548
0.0032201
0.00294974
0.00269447
0.00245421
0.00222878
0.00201788
0.00182116
0.00163819
0.0014685
0.00131155
0.00116681
0.0010337
0.000911638
0.000800034
0.000698297
0.000605842
0.000522091
0.000446477
0.000378452
0.000317481
0.00026305
0.000214664
0.00017185
0.000134159
0.000101161
7.24509e-05
4.76461e-05
2.6386e-05
8.33222e-06
-6.83167e-06
-1.94011e-05
-2.96508e-05
-3.78358e-05
-4.41919e-05
-4.89368e-05
-5.22705e-05
-5.43763e-05
-5.54221e-05
-5.55607e-05
-5.49296e-05
-5.36491e-05
-5.18276e-05
-4.95697e-05
-4.6977e-05
-4.41104e-05
-4.10506e-05
-3.78695e-05
-3.46225e-05
-3.13556e-05
-2.81086e-05
-2.49151e-05
-2.18028e-05
-1.87959e-05
-1.59222e-05
-1.32112e-05
-1.06289e-05
-8.20265e-06
-5.9475e-06
-3.86631e-06
-1.9598e-06
-2.27756e-07
1.33136e-06
2.72034e-06
3.94306e-06
5.00423e-06
5.90926e-06
6.66407e-06
7.275e-06
7.74867e-06
8.0919e-06
8.31155e-06
8.41456e-06
8.40776e-06
8.2979e-06
8.09157e-06
7.79516e-06
7.41486e-06
6.95664e-06
6.42623e-06
5.82915e-06
5.17064e-06
4.45581e-06
3.69102e-06
2.88612e-06
2.04371e-06
1.10949e-06
-3.02655e-09
-7.48187e-07
0.00760251
0.00737871
0.00696964
0.00648283
0.00600895
0.00556012
0.00513131
0.00472132
0.00433105
0.00396121
0.00361204
0.00328347
0.00297528
0.0026871
0.00241844
0.00216871
0.00193725
0.00172332
0.00152616
0.00134498
0.00117897
0.0010273
0.000889162
0.000763741
0.000650242
0.000547887
0.000455922
0.000373614
0.000300259
0.000235182
0.000177738
0.00012731
8.33144e-05
4.51986e-05
1.24401e-05
-1.54529e-05
-3.89419e-05
-5.84594e-05
-7.44088e-05
-8.71664e-05
-9.70813e-05
-0.000104477
-0.000109653
-0.000112883
-0.000114422
-0.000114499
-0.000113327
-0.000111096
-0.000107978
-0.00010413
-9.96899e-05
-9.47714e-05
-8.9449e-05
-8.37964e-05
-7.81913e-05
-7.27227e-05
-6.71096e-05
-6.14696e-05
-5.59073e-05
-5.04777e-05
-4.52177e-05
-4.01567e-05
-3.53173e-05
-3.07151e-05
-2.63654e-05
-2.23041e-05
-1.85119e-05
-1.49658e-05
-1.16909e-05
-8.68587e-06
-5.94421e-06
-3.45929e-06
-1.22377e-06
7.70761e-07
2.53359e-06
4.07466e-06
5.40431e-06
6.53318e-06
7.47201e-06
8.2316e-06
8.82264e-06
9.25564e-06
9.54088e-06
9.68832e-06
9.70757e-06
9.60784e-06
9.39788e-06
9.08601e-06
8.68003e-06
8.18726e-06
7.61451e-06
6.96808e-06
6.25367e-06
5.47657e-06
4.6425e-06
3.75899e-06
2.8278e-06
1.81336e-06
6.65887e-07
-2.47745e-07
0.00837956
0.00789256
0.00729173
0.00667353
0.00608777
0.00553875
0.00502252
0.00453781
0.00408452
0.00366228
0.0032703
0.00290756
0.00257289
0.00226505
0.00198272
0.00172455
0.00148918
0.00127526
0.00108146
0.000906451
0.000748975
0.000607802
0.000481751
0.000369689
0.000270539
0.000183275
0.000106922
4.05617e-05
-1.66736e-05
-6.56002e-05
-0.000106984
-0.000141543
-0.000169947
-0.000192821
-0.000210746
-0.000224263
-0.000233871
-0.000240032
-0.000243171
-0.000243679
-0.000241916
-0.000238208
-0.000232855
-0.000226129
-0.000218275
-0.000209515
-0.000200049
-0.000190057
-0.000179697
-0.000169112
-0.000158428
-0.000147765
-0.000137249
-0.000126956
-0.000116664
-0.000106415
-9.66258e-05
-8.73113e-05
-7.84453e-05
-7.00303e-05
-6.20768e-05
-5.45915e-05
-4.75764e-05
-4.10296e-05
-3.49449e-05
-2.9306e-05
-2.41051e-05
-1.93622e-05
-1.50185e-05
-1.1072e-05
-7.51232e-06
-4.32162e-06
-1.48078e-06
1.02894e-06
3.22608e-06
5.12905e-06
6.75604e-06
8.12491e-06
9.25304e-06
1.01573e-05
1.08538e-05
1.13583e-05
1.16854e-05
1.18494e-05
1.18634e-05
1.17401e-05
1.14909e-05
1.11267e-05
1.06576e-05
1.00925e-05
9.43952e-06
8.70592e-06
7.8977e-06
7.01981e-06
6.07651e-06
5.0716e-06
4.00304e-06
2.84576e-06
1.56785e-06
3.35804e-07
)
;

boundaryField
{
    inlet
    {
        type            zeroGradient;
    }
    outlet
    {
        type            totalPressure;
        rho             none;
        psi             none;
        gamma           1;
        p0              uniform 0;
        value           uniform 0;
    }
    top
    {
        type            zeroGradient;
    }
    bottom
    {
        type            zeroGradient;
    }
    obstacle
    {
        type            zeroGradient;
    }
    frontAndBack
    {
        type            empty;
    }
}


// ************************************************************************* //
