/*--------------------------------*- C++ -*----------------------------------*\
  =========                 |
  \\      /  F ield         | OpenFOAM: The Open Source CFD Toolbox
   \\    /   O peration     | Website:  https://openfoam.org
    \\  /    A nd           | Version:  12
     \\/     M anipulation  |
\*---------------------------------------------------------------------------*/
FoamFile
{
    format      ascii;
    class       volScalarField;
    location    "200";
    object      pMean;
}
// * * * * * * * * * * * * * * * * * * * * * * * * * * * * * * * * * * * * * //

dimensions      [0 2 -2 0 0 0 0];

internalField   nonuniform List<scalar> 
6750
(
0.00438497
0.00435627
0.00430595
0.00412421
0.0031695
0.00612495
0.00609994
0.00598724
0.00573632
0.005403
0.0081086
0.00806222
0.0079466
0.00776252
0.00762715
0.0101581
0.010077
0.00996744
0.00984023
0.00977887
0.0121785
0.0120537
0.0119348
0.0118362
0.0118132
0.0140903
0.0139174
0.0137788
0.0136919
0.013688
0.0158447
0.0156224
0.0154605
0.0153788
0.0153857
0.0174121
0.0171413
0.0169561
0.0168777
0.0168923
0.0187742
0.0184572
0.0182508
0.0181755
0.0181964
0.0199207
0.0195616
0.019337
0.0192652
0.0192911
0.0208489
0.0204531
0.0202139
0.020146
0.0201758
0.021563
0.0211366
0.0208871
0.020823
0.0208556
0.0220733
0.0216225
0.0213674
0.0213068
0.0213409
0.0223952
0.0219256
0.0216711
0.0216124
0.0216466
0.0225431
0.0220678
0.0218187
0.021758
0.0217905
0.0225433
0.022068
0.0218189
0.0217582
0.0217907
0.0223957
0.0219262
0.0216717
0.021613
0.0216472
0.0220742
0.0216234
0.0213683
0.0213077
0.0213418
0.0215642
0.0211378
0.0208884
0.0208243
0.0208569
0.0208505
0.0204546
0.0202155
0.0201476
0.0201774
0.0199225
0.0195635
0.0193389
0.0192671
0.019293
0.0187763
0.0184594
0.018253
0.0181777
0.0181986
0.0174146
0.0171437
0.0169586
0.0168802
0.0168949
0.0158474
0.0156251
0.0154632
0.0153815
0.0153885
0.0140932
0.0139202
0.0137817
0.0136949
0.013691
0.0121815
0.0120567
0.0119379
0.0118394
0.0118164
0.0101612
0.0100801
0.00997059
0.00984343
0.00978206
0.00811174
0.00806539
0.00794981
0.00776575
0.00763033
0.00612811
0.00610312
0.00599045
0.00573953
0.00540612
0.00438811
0.00435944
0.00430913
0.00412737
0.00317259
-0.0025143
-0.00200146
-0.000684691
0.000275367
0.000962354
0.00150673
0.00193655
0.00226826
0.00252839
0.00272224
0.00284051
0.00293714
0.00299261
0.00300499
0.00297221
0.00288896
0.0027497
0.00255263
0.00229603
0.00197709
0.00159393
0.00122642
0.000824791
0.000402877
-2.2877e-05
-0.000442447
-0.000847814
-0.00122097
-0.00155157
-0.00197599
0.00116508
0.00186098
0.00257125
0.00291242
0.00309981
0.00321429
0.00325985
0.00324955
0.00320699
0.00312237
0.00299418
0.00289901
0.00281054
0.00273302
0.00266463
0.00259577
0.00251284
0.00240246
0.00225164
0.00205399
0.00181768
0.00148317
0.00112397
0.000727217
0.000299369
-0.000150075
-0.000614341
-0.0010761
-0.00148629
-0.00190195
0.00359637
0.00375066
0.00403274
0.0041598
0.00421807
0.0042203
0.00415706
0.0040407
0.00388547
0.00365923
0.00339381
0.00314472
0.00288765
0.00263391
0.00238931
0.00215381
0.00192374
0.001693
0.00145449
0.00120153
0.000929953
0.000640914
0.000331941
2.59939e-06
-0.000344272
-0.000704875
-0.00107976
-0.00145874
-0.00176121
-0.00195959
0.00508797
0.00488524
0.00500737
0.00507742
0.0050817
0.00502035
0.00488974
0.00470438
0.00446673
0.00412751
0.0037582
0.00337666
0.0029697
0.00255364
0.00214038
0.00173839
0.00135344
0.000988355
0.000643339
0.000316045
3.35106e-06
-0.000292665
-0.000579371
-0.000861118
-0.00114012
-0.00141821
-0.00170304
-0.00199271
-0.00217885
-0.00211816
0.00626113
0.00593486
0.00598816
0.00599863
0.00593102
0.00579231
0.00558336
0.00531566
0.00498067
0.00453195
0.00405714
0.00354778
0.00300425
0.00244594
0.00188901
0.00134778
0.000834297
0.000357303
-7.81394e-05
-0.000470801
-0.000822378
-0.00113543
-0.00141562
-0.00166973
-0.00190373
-0.00212346
-0.0023423
-0.00256609
-0.00266246
-0.00235823
0.00730972
0.00695555
0.00695381
0.00689432
0.00675021
0.00653268
0.00624293
0.00588784
0.00544643
0.00489338
0.0043094
0.00367616
0.00300413
0.00231504
0.00162863
0.000963628
0.00033657
-0.000239718
-0.000756911
-0.00121143
-0.001604
-0.00193851
-0.00222129
-0.00246062
-0.0026647
-0.00284208
-0.0030109
-0.00318286
-0.00320561
-0.00268048
0.0082653
0.00792086
0.00786784
0.00774008
0.007524
0.00723093
0.00686257
0.00642044
0.00586911
0.0052184
0.00452518
0.00377282
0.00297867
0.00216649
0.00135921
0.000579186
-0.000153495
-0.000822869
-0.0014181
-0.00193389
-0.0023701
-0.0027308
-0.00302328
-0.003257
-0.00344169
-0.00358794
-0.00371795
-0.00384756
-0.00380604
-0.00308478
0.00914624
0.00883411
0.00873536
0.00854244
0.00825739
0.00789025
0.00744452
0.00691427
0.00625399
0.00551081
0.00470875
0.00384133
0.00293037
0.00200135
0.00107998
0.000191678
-0.000640617
-0.00139841
-0.00206888
-0.00264534
-0.00312696
-0.00351781
-0.00382582
-0.00406133
-0.00423521
-0.0043599
-0.00446064
-0.0045565
-0.00445885
-0.00356777
0.00997217
0.00970769
0.00956723
0.00931035
0.0089571
0.00851702
0.00799322
0.00737038
0.00660846
0.00577283
0.00486284
0.00388386
0.0028604
0.00181953
0.000789486
-0.000201749
-0.00112887
-0.00197134
-0.00271473
-0.00335126
-0.00387953
-0.00430361
-0.00463182
-0.00487522
-0.00504551
-0.00515662
-0.00523657
-0.005306
-0.00515929
-0.00412484
0.0107582
0.0105506
0.0103707
0.0100503
0.00962888
0.00911693
0.00851367
0.00779253
0.00693757
0.00600645
0.00499019
0.00390253
0.00276982
0.00162085
0.000486116
-0.000604154
-0.00162265
-0.00254714
-0.00336189
-0.00405823
-0.00463432
-0.00509419
-0.00544647
-0.00570274
-0.00587554
-0.00597973
-0.00604631
-0.00609578
-0.0059056
-0.00475174
0.0115152
0.0113702
0.0111529
0.0107681
0.0102774
0.00969385
0.00900967
0.0081873
0.00724466
0.00621539
0.00509387
0.00389934
0.0026595
0.00140493
0.000168182
-0.00101857
-0.00212626
-0.0031312
-0.00401656
-0.00477295
-0.00539816
-0.00589618
-0.00627589
-0.00654932
-0.00672954
-0.00683257
-0.00689195
-0.00692695
-0.00669782
-0.00544535
0.0122523
0.0121737
0.0119204
0.01147
0.0109091
0.0102531
0.00948364
0.00856194
0.00753246
0.00640294
0.00517649
0.00387589
0.00253001
0.00117119
-0.000166132
-0.00144802
-0.00264386
-0.0037287
-0.00468475
-0.005502
-0.00617789
-0.00671643
-0.00712668
-0.00742103
-0.00761304
-0.00771985
-0.00777721
-0.00780249
-0.00753823
-0.00620418
0.0129783
0.0129685
0.0126804
0.0121631
0.0115314
0.0107992
0.00993762
0.00892394
0.00780352
0.00657197
0.00524032
0.0038335
0.00238163
0.000918792
-0.000518807
-0.00189563
-0.00317968
-0.00434485
-0.00537248
-0.006252
-0.00698058
-0.00756217
-0.00800605
-0.00832487
-0.00853265
-0.00864759
-0.00870769
-0.0087275
-0.00843112
-0.00702875
0.0137016
0.0137615
0.0134401
0.0128543
0.0121502
0.0113386
0.0103792
0.00927776
0.00806106
0.00672552
0.00528749
0.00377328
0.00221441
0.000646679
-0.000892057
-0.00236477
-0.00373815
-0.00498504
-0.006086
-0.0070299
-0.00781368
-0.00844123
-0.00892198
-0.00926887
-0.00949622
-0.00962345
-0.00969069
-0.00970884
-0.00938278
-0.00792188
0.0144293
0.0145629
0.0142088
0.0135526
0.0127728
0.0118756
0.0108174
0.00962703
0.00830906
0.00686681
0.00532002
0.00369613
0.00202814
0.00035348
-0.00128841
-0.00285908
-0.00432401
-0.00565504
-0.00683197
-0.00784316
-0.00868527
-0.00936215
-0.00988336
-0.010262
-0.0105129
-0.0106565
-0.0107352
-0.0107553
-0.0104016
-0.00888898
0.0151691
0.0153841
0.0149986
0.0142695
0.013407
0.0124143
0.0112616
0.00997571
0.00855149
0.00699891
0.00533982
0.00360277
0.00182231
3.74695e-05
-0.0017108
-0.00338271
-0.00494255
-0.00636121
-0.00761773
-0.00869998
-0.00960433
-0.0103346
-0.0109003
-0.0113148
-0.0115934
-0.0117577
-0.0118521
-0.0118778
-0.0114985
-0.0099383
0.0159311
0.0162381
0.0158218
0.0150149
0.014062
0.0129648
0.0117188
0.0103288
0.00879278
0.00712502
0.00534871
0.00349369
0.00159608
-0.000303539
-0.00216275
-0.00394045
-0.0055998
-0.00711072
-0.00845155
-0.00960962
-0.010581
-0.0113694
-0.0119844
-0.0124396
-0.0127503
-0.0129401
-0.0130548
-0.0130898
-0.0126868
-0.0110814
0.0167326
0.0171388
0.0166929
0.0157982
0.0147438
0.0135419
0.0121954
0.0106926
0.00903794
0.0072485
0.00534849
0.00336915
0.00134815
-0.000672346
-0.00264853
-0.004538
-0.00630281
-0.00791195
-0.009343
-0.0105828
-0.0116271
-0.0124793
-0.0131494
-0.0136506
-0.013999
-0.0142193
-0.0143596
-0.0144083
-0.0139834
-0.0123338
0.0175953
0.0180991
0.0176251
0.0166347
0.0154651
0.0141575
0.0126985
0.0110738
0.00929234
0.00737288
0.00534085
0.00322901
0.00107664
-0.0010726
-0.00317348
-0.00518233
-0.0070601
-0.00877486
-0.0103035
-0.0116322
-0.0127564
-0.0136795
-0.0144113
-0.0149652
-0.0153575
-0.0156146
-0.0157864
-0.0158536
-0.0154091
-0.0137154
0.0185392
0.0191421
0.0186383
0.0175392
0.0162449
0.014823
0.0132388
0.0114813
0.00956235
0.0075021
0.00532742
0.00307269
0.000778781
-0.00150912
-0.00374439
-0.00588211
-0.00788214
-0.00971166
-0.0113468
-0.0127732
-0.013986
-0.0149883
-0.0157899
-0.0164043
-0.0168479
-0.017149
-0.0173593
-0.0174511
-0.0169901
-0.0152524
0.0195938
0.0202989
0.0197562
0.0185307
0.0171071
0.0155541
0.0138297
0.0119255
0.00985523
0.00764043
0.0053096
0.00289881
0.000450554
-0.00198845
-0.00437019
-0.00664852
-0.00878226
-0.0107377
-0.0124902
-0.0140251
-0.0153368
-0.0164284
-0.0173095
-0.0179937
-0.0184978
-0.0188519
-0.0191097
-0.0192331
-0.0187596
-0.0169784
0.020801
0.021599
0.0210051
0.0196443
0.0180758
0.0163706
0.0144876
0.0124189
0.0101794
0.00779242
0.00528828
0.00270477
8.60653e-05
-0.00251959
-0.0050628
-0.00749626
-0.00977776
-0.0118728
-0.013756
-0.0154122
-0.0168354
-0.0180286
-0.0190012
-0.0197667
-0.0203423
-0.0207601
-0.0210756
-0.02124
-0.02076
-0.0189373
0.0222129
0.0230921
0.0224317
0.0209216
0.0191812
0.0172987
0.0152333
0.0129766
0.0105447
0.00796293
0.00526349
0.00248605
-0.000323477
-0.00311531
-0.00583871
-0.00844525
-0.0108918
-0.0131432
-0.0151734
-0.0169667
-0.0185169
-0.0198266
-0.0209052
-0.0217661
-0.0224271
-0.0229219
-0.0233079
-0.0235256
-0.0230477
-0.0211878
0.0239053
0.0248478
0.0241026
0.0224117
0.0204645
0.0183724
0.0160933
0.0136177
0.010963
0.00815678
0.00523355
0.00223491
-0.000791439
-0.00379416
-0.00672127
-0.00952334
-0.0121565
-0.0145849
-0.0167821
-0.018732
-0.0204281
-0.0218728
-0.0230754
-0.0240492
-0.0248124
-0.025401
-0.025874
-0.0261602
-0.0256976
-0.0238093
0.0259979
0.0269679
0.0260998
0.0241817
0.0219833
0.0196379
0.0171026
0.0143663
0.0114481
0.00837822
0.00519364
0.00193815
-0.0013387
-0.00458405
-0.0077448
-0.0107707
-0.0136175
-0.0162488
-0.0186381
-0.0207689
-0.0226346
-0.0242375
-0.0255866
-0.0266952
-0.0275822
-0.028286
-0.0288664
-0.0292407
-0.0288122
-0.0269124
0.0286445
0.0295958
0.0285419
0.0263328
0.0238202
0.0211611
0.0183101
0.0152549
0.0120171
0.00862986
0.0051331
0.001573
-0.00199894
-0.00552848
-0.00896168
-0.012248
-0.0153429
-0.0182102
-0.0208235
-0.0231662
-0.0252317
-0.0270221
-0.0285463
-0.0298177
-0.0308556
-0.031701
-0.0324155
-0.0329039
-0.0325385
-0.0306568
0.0321252
0.0329514
0.0316112
0.0290176
0.0261012
0.0230392
0.0197854
0.0163271
0.012689
0.00890847
0.00502858
0.00109829
-0.00282903
-0.00669817
-0.010455
-0.0140494
-0.0174377
-0.0205845
-0.0234639
-0.0260599
-0.0283658
-0.0303835
-0.0321218
-0.0335936
-0.0348187
-0.0358398
-0.0367202
-0.0373565
-0.0370972
-0.0352866
0.0369006
0.0373859
0.0355755
0.0324524
0.0289983
0.0254018
0.0216168
0.0176331
0.0134796
0.00919827
0.0048365
0.000446153
-0.00391781
-0.00819994
-0.0123471
-0.016311
-0.0200503
-0.0235317
-0.0267311
-0.0296336
-0.0322333
-0.0345322
-0.0365383
-0.0382642
-0.0397298
-0.0409783
-0.0420724
-0.0429079
-0.0428364
-0.041209
0.0438808
0.0436379
0.0410631
0.0372055
0.0330088
0.0286518
0.0240996
0.0193556
0.0144611
0.00946785
0.00443071
-0.0005939
-0.00554953
-0.010382
-0.0150414
-0.019484
-0.0236731
-0.0275802
-0.031184
-0.0344707
-0.0374382
-0.0400928
-0.042433
-0.04447
-0.0462225
-0.0477301
-0.0490503
-0.0500955
-0.0502951
-0.0490549
0.0561882
0.0542149
0.0500002
0.0448311
0.0393903
0.0337754
0.0279796
0.0220383
0.0160114
0.00996118
0.0039473
-0.00197452
-0.00775352
-0.0133451
-0.0187114
-0.0238215
-0.0286506
-0.0331794
-0.037395
-0.0412889
-0.0448517
-0.0480764
-0.0509754
-0.0535526
-0.0558159
-0.0577896
-0.0595208
-0.0609928
-0.0618495
-0.0614175
0.000929369
0.00195257
0.00372614
0.00516155
0.00638905
0.00754413
0.00865692
0.00973518
0.0107883
0.0118257
0.0128562
0.0138887
0.0149324
0.0159976
0.0170946
0.0182362
0.0194374
0.020717
0.0220965
0.0236008
0.0252628
0.0271261
0.0292448
0.0316932
0.0345725
0.0380326
0.0422758
0.0475653
0.0541074
0.0627259
0.0053061
0.0063596
0.007551
0.00856249
0.00948137
0.0103674
0.0112317
0.0120788
0.012916
0.0137516
0.0145935
0.01545
0.0163297
0.0172421
0.0181974
0.0192082
0.0202893
0.0214592
0.0227397
0.0241585
0.0257514
0.0275659
0.0296649
0.0321348
0.0350977
0.0387326
0.0432964
0.049165
0.0568246
0.0671446
0.00777534
0.00871935
0.00963972
0.0104725
0.011287
0.012101
0.012912
0.0137213
0.0145341
0.0153566
0.0161952
0.017057
0.0179498
0.0188825
0.0198653
0.0209105
0.0220333
0.0232521
0.0245901
0.0260765
0.0277498
0.0296611
0.031879
0.0344988
0.037656
0.0415467
0.0464606
0.0528291
0.0613054
0.0728493
0.00994833
0.0107826
0.0115878
0.0123397
0.0130888
0.0138465
0.0146123
0.0153894
0.0161832
0.0169997
0.017845
0.018726
0.0196503
0.0206269
0.0216662
0.0227808
0.0239865
0.0253024
0.026753
0.0283692
0.0301918
0.0322749
0.0346915
0.0375427
0.0409713
0.045183
0.050481
0.0573099
0.066411
0.078775
0.0119779
0.0127171
0.0134309
0.0141099
0.0147975
0.015505
0.0162334
0.0169861
0.0177678
0.0185837
0.0194396
0.0203422
0.021299
0.0223191
0.0234132
0.0245947
0.0258797
0.0272886
0.028847
0.0305878
0.0325539
0.0348024
0.0374099
0.0404822
0.0441675
0.0486785
0.0543274
0.0615665
0.0712187
0.0843204
0.0138335
0.0144875
0.0151228
0.0157402
0.0163789
0.0170488
0.0177511
0.0184884
0.019265
0.0200856
0.0209558
0.0218819
0.0228715
0.0239337
0.0250796
0.0263228
0.02768
0.0291725
0.0308269
0.0326776
0.0347695
0.0371618
0.0399342
0.043196
0.0471003
0.0518657
0.0578129
0.0654052
0.0755452
0.0893462
0.0155097
0.0160871
0.0166552
0.0172219
0.0178222
0.0184638
0.0191477
0.019876
0.0206525
0.0214817
0.0223687
0.0233198
0.0243423
0.0254456
0.0266407
0.0279415
0.0293654
0.0309341
0.0326752
0.0346241
0.0368272
0.0393454
0.0422607
0.0456854
0.0497762
0.0547567
0.0609557
0.0688479
0.0794023
0.0938237
0.017
0.0175083
0.0180186
0.0185438
0.0191136
0.019734
0.0204051
0.0211289
0.0219088
0.0227487
0.0236536
0.0246293
0.0256835
0.0268251
0.0280656
0.029419
0.030903
0.03254
0.0343581
0.0363937
0.0386941
0.0413218
0.0443605
0.0479246
0.0521738
0.0573357
0.0637461
0.0718904
0.0827852
0.0977263
0.0182952
0.0187415
0.0192027
0.0196944
0.0202405
0.020845
0.0215077
0.0222301
0.0230152
0.0238665
0.0247887
0.0257876
0.0268705
0.0280467
0.0293274
0.0307271
0.0322637
0.0339599
0.0358444
0.0379544
0.0403379
0.0430584
0.046201
0.049882
0.0542631
0.0595754
0.0661603
0.0745122
0.0856803
0.101039
0.0193881
0.0197801
0.0202005
0.0206656
0.0211936
0.0217866
0.022444
0.023167
0.023958
0.0248203
0.0257583
0.0267777
0.0278858
0.0290917
0.0304069
0.0318459
0.0334268
0.0351726
0.0371126
0.0392843
0.0417364
0.0445333
0.0477611
0.0515372
0.0560254
0.061459
0.0681841
0.0767025
0.0880806
0.103772
0.0202761
0.0206221
0.0210098
0.0214547
0.0219692
0.022554
0.0232082
0.0239327
0.0247294
0.0256015
0.0265532
0.0275899
0.0287188
0.0299492
0.0312926
0.0327636
0.0343804
0.0361664
0.0381509
0.040372
0.0428789
0.0457365
0.0490316
0.0528827
0.057455
0.0629832
0.0698176
0.0784647
0.0899964
0.105953
0.020962
0.0212709
0.0216338
0.0220637
0.0225687
0.0231479
0.0238003
0.0245265
0.0253283
0.0262084
0.0271709
0.0282213
0.0293668
0.0306163
0.0319816
0.0334773
0.0351218
0.0369385
0.0389572
0.041216
0.0437645
0.0466682
0.0500143
0.053922
0.0585574
0.0641564
0.0710724
0.0798144
0.0914537
0.107614
0.0214538
0.0217351
0.0220804
0.0225002
0.0229986
0.0235742
0.0242256
0.0249535
0.0257591
0.0266453
0.0276159
0.0286764
0.0298338
0.0310972
0.0324783
0.0339918
0.0356561
0.0374949
0.0395379
0.0418235
0.0444017
0.047338
0.0507202
0.0546679
0.0593478
0.0649964
0.0719697
0.080777
0.0924874
0.108796
0.0217644
0.0220279
0.0223621
0.0227756
0.0232702
0.0238436
0.0244947
0.0252237
0.026032
0.0269222
0.0278981
0.028965
0.03013
0.0314024
0.0327936
0.0343184
0.0359954
0.0378481
0.0399066
0.0422093
0.0448062
0.0477632
0.0511682
0.055141
0.0598489
0.0655286
0.0725381
0.0813848
0.093133
0.109548
0.0219104
0.0221652
0.0224942
0.0229049
0.0233976
0.0239701
0.0246211
0.0253508
0.0261604
0.0270526
0.028031
0.0291011
0.0302698
0.0315464
0.0329424
0.0344727
0.0361557
0.0380152
0.0400811
0.0423919
0.0449978
0.0479647
0.0513806
0.0553654
0.0600866
0.0657811
0.0728079
0.0816726
0.0934323
0.109912
0.0219106
0.0221654
0.0224944
0.022905
0.0233978
0.0239703
0.0246213
0.025351
0.0261606
0.0270527
0.0280312
0.0291012
0.03027
0.0315465
0.0329426
0.0344728
0.0361559
0.0380153
0.0400811
0.042392
0.0449979
0.0479648
0.0513807
0.0553656
0.0600867
0.0657812
0.072808
0.0816726
0.0934324
0.109912
0.021765
0.0220285
0.0223627
0.0227762
0.0232707
0.0238441
0.0244952
0.0252242
0.0260325
0.0269227
0.0278986
0.0289655
0.0301305
0.0314028
0.0327939
0.0343187
0.0359957
0.0378484
0.0399069
0.0422096
0.0448065
0.0477635
0.0511685
0.0551414
0.0598492
0.0655289
0.0725382
0.0813849
0.0931333
0.109548
0.0214547
0.0217361
0.0220814
0.0225011
0.0229996
0.0235751
0.0242265
0.0249543
0.02576
0.0266462
0.0276167
0.0286772
0.0298345
0.0310979
0.0324789
0.0339924
0.0356567
0.0374954
0.0395384
0.041824
0.0444022
0.0473385
0.0507207
0.0546684
0.0593483
0.0649969
0.07197
0.0807772
0.0924878
0.108796
0.0209633
0.0212722
0.0216351
0.022065
0.02257
0.0231491
0.0238015
0.0245277
0.0253294
0.0262095
0.027172
0.0282224
0.0293677
0.0306173
0.0319825
0.0334781
0.0351226
0.0369393
0.0389579
0.0412167
0.0437652
0.0466688
0.0500149
0.0539227
0.0585581
0.0641571
0.0710729
0.0798148
0.0914544
0.107615
0.0202778
0.0206237
0.0210115
0.0214563
0.0219709
0.0225556
0.0232098
0.0239342
0.0247309
0.025603
0.0265545
0.0275912
0.0287201
0.0299504
0.0312938
0.0327647
0.0343814
0.0361673
0.0381518
0.0403729
0.0428797
0.0457373
0.0490324
0.0528836
0.0574558
0.0629841
0.0698185
0.0784654
0.0899973
0.105954
0.0193901
0.0197821
0.0202025
0.0206676
0.0211956
0.0217885
0.0224459
0.0231688
0.0239597
0.024822
0.0257599
0.0267793
0.0278873
0.0290931
0.0304082
0.0318471
0.033428
0.0351738
0.0371137
0.0392854
0.0417375
0.0445343
0.047762
0.0515381
0.0560264
0.0614602
0.0681854
0.0767037
0.0880817
0.103773
0.0182975
0.0187438
0.019205
0.0196966
0.0202426
0.0208471
0.0215098
0.0222322
0.0230172
0.0238684
0.0247905
0.0257894
0.0268722
0.0280482
0.0293289
0.0307286
0.0322652
0.0339613
0.0358458
0.0379557
0.0403391
0.0430595
0.0462021
0.049883
0.0542643
0.059577
0.0661621
0.0745139
0.0856818
0.101039
0.0170026
0.0175109
0.0180211
0.0185463
0.0191161
0.0197364
0.0204074
0.0211312
0.021911
0.0227508
0.0236556
0.0246313
0.0256853
0.0268269
0.0280673
0.0294206
0.0309046
0.0325415
0.0343596
0.0363952
0.0386955
0.0413231
0.0443616
0.0479257
0.0521751
0.0573376
0.0637484
0.0718925
0.0827868
0.097727
0.0155125
0.0160899
0.0166579
0.0172247
0.0178248
0.0184664
0.0191502
0.0198784
0.0206549
0.021484
0.022371
0.0233219
0.0243444
0.0254475
0.0266426
0.0279433
0.0293672
0.0309358
0.0326769
0.0346258
0.0368287
0.0393468
0.042262
0.0456867
0.0497778
0.054759
0.0609584
0.0688504
0.0794038
0.0938244
0.0138365
0.0144905
0.0151257
0.0157431
0.0163817
0.0170516
0.0177538
0.0184911
0.0192676
0.0200881
0.0209582
0.0218842
0.0228737
0.0239359
0.0250817
0.0263248
0.027682
0.0291744
0.0308288
0.0326795
0.0347712
0.0371634
0.0399356
0.0431975
0.0471022
0.0518684
0.0578161
0.065408
0.0755468
0.0893467
0.011981
0.0127202
0.013434
0.0141129
0.0148005
0.0155079
0.0162363
0.0169889
0.0177705
0.0185864
0.0194422
0.0203447
0.0213014
0.0223214
0.0234155
0.0245969
0.0258818
0.0272907
0.028849
0.0305897
0.0325558
0.0348041
0.0374116
0.0404839
0.0441697
0.0486815
0.0543309
0.0615695
0.0712202
0.0843206
0.00995151
0.0107858
0.011591
0.0123428
0.0130919
0.0138495
0.0146153
0.0153923
0.0161861
0.0170026
0.0178478
0.0187287
0.0196529
0.0206294
0.0216686
0.0227832
0.0239888
0.0253047
0.0267551
0.0283713
0.0301938
0.0322768
0.0346934
0.0375448
0.0409739
0.0451863
0.0504846
0.0573127
0.0664123
0.0787749
0.0077785
0.00872257
0.00964296
0.0104757
0.0112902
0.0121042
0.0129151
0.0137243
0.0145371
0.0153595
0.0161981
0.0170598
0.0179526
0.0188852
0.0198679
0.020913
0.0220357
0.0232545
0.0245924
0.0260788
0.027752
0.0296632
0.0318811
0.0345013
0.0376589
0.0415502
0.0464641
0.0528315
0.0613063
0.0728491
0.00530919
0.00636283
0.00755427
0.00856574
0.0094846
0.0103706
0.0112349
0.012082
0.0129191
0.0137547
0.0145965
0.015453
0.0163326
0.0172449
0.0182001
0.0192108
0.0202919
0.0214617
0.0227422
0.0241608
0.0257537
0.0275682
0.0296672
0.0321376
0.0351009
0.0387359
0.0432994
0.0491667
0.0568251
0.0671444
0.00093254
0.00195593
0.00372947
0.0051648
0.00639225
0.00754729
0.00866004
0.00973826
0.0107913
0.0118287
0.0128592
0.0138915
0.0149352
0.0160003
0.0170973
0.0182387
0.0194399
0.0207194
0.0220987
0.023603
0.025265
0.0271283
0.0292472
0.0316961
0.0345755
0.0380354
0.0422778
0.047566
0.0541074
0.0627259
0.0561885
0.0542155
0.0500005
0.0448312
0.0393903
0.0337755
0.0279796
0.0220382
0.0160109
0.00996036
0.00394603
-0.00197626
-0.00775574
-0.0133478
-0.0187145
-0.023825
-0.0286545
-0.0331835
-0.0373993
-0.0412934
-0.0448564
-0.0480811
-0.0509801
-0.0535574
-0.0558206
-0.0577943
-0.0595256
-0.0609976
-0.0618546
-0.0614228
0.0438806
0.0436375
0.0410628
0.0372055
0.0330089
0.0286519
0.0240994
0.0193552
0.0144603
0.00946662
0.00442907
-0.00059594
-0.00555196
-0.0103848
-0.0150446
-0.0194875
-0.0236769
-0.0275844
-0.0311884
-0.0344753
-0.0374429
-0.0400977
-0.0424379
-0.0444749
-0.0462274
-0.0477349
-0.0490551
-0.0501002
-0.0502997
-0.0490594
0.0369009
0.0373865
0.0355762
0.0324531
0.0289988
0.025402
0.0216167
0.0176325
0.0134785
0.00919682
0.00483466
0.000443954
-0.00392033
-0.00820278
-0.0123503
-0.0163145
-0.020054
-0.0235358
-0.0267355
-0.0296383
-0.0322383
-0.0345374
-0.0365436
-0.0382696
-0.0397352
-0.0409836
-0.0420776
-0.0429129
-0.042841
-0.0412133
0.0321266
0.0329528
0.0316125
0.0290185
0.0261015
0.0230391
0.0197847
0.0163259
0.0126875
0.00890658
0.0050264
0.00109587
-0.00283168
-0.00670106
-0.0104582
-0.0140529
-0.0174415
-0.0205886
-0.0234684
-0.0260647
-0.0283709
-0.030389
-0.0321276
-0.0335996
-0.0348248
-0.0358459
-0.036726
-0.0373619
-0.0371021
-0.0352908
0.0286466
0.0295976
0.0285432
0.0263334
0.02382
0.0211602
0.0183087
0.0152531
0.0120149
0.00862749
0.00513055
0.00157031
-0.00200176
-0.00553147
-0.00896486
-0.0122514
-0.0153466
-0.0182143
-0.0208279
-0.023171
-0.0252369
-0.0270277
-0.0285524
-0.029824
-0.0308621
-0.0317075
-0.0324218
-0.03291
-0.0325439
-0.0306614
0.0260003
0.0269697
0.0261007
0.0241816
0.0219825
0.0196365
0.0171008
0.014364
0.0114455
0.00837546
0.00519078
0.00193521
-0.0013417
-0.00458715
-0.00774804
-0.0107742
-0.0136212
-0.0162529
-0.0186425
-0.0207737
-0.0226398
-0.0242431
-0.0255925
-0.0267014
-0.0275887
-0.0282926
-0.0288729
-0.0292471
-0.0288181
-0.0269177
0.0239076
0.0248493
0.0241032
0.0224116
0.0204636
0.0183708
0.0160912
0.0136151
0.0109602
0.00815381
0.00523049
0.00223182
-0.000794566
-0.00379734
-0.00672455
-0.00952678
-0.0121602
-0.0145888
-0.0167864
-0.0187366
-0.0204331
-0.0218782
-0.0230811
-0.0240551
-0.0248186
-0.0254074
-0.0258804
-0.0261666
-0.0257038
-0.0238152
0.0222147
0.0230934
0.0224323
0.0209214
0.0191802
0.0172971
0.0152312
0.0129741
0.0105419
0.00795993
0.00526038
0.0024829
-0.000326647
-0.00311851
-0.00584199
-0.00844866
-0.0108954
-0.013147
-0.0151775
-0.0169711
-0.0185216
-0.0198316
-0.0209105
-0.0217716
-0.0224329
-0.0229279
-0.0233141
-0.0235319
-0.023054
-0.021194
0.0208028
0.0216004
0.0210059
0.0196443
0.018075
0.0163692
0.0144857
0.0124165
0.0101767
0.00778949
0.00528523
0.00270166
8.29315e-05
-0.00252274
-0.00506601
-0.00749956
-0.00978121
-0.0118764
-0.0137599
-0.0154163
-0.0168398
-0.0180333
-0.0190061
-0.0197718
-0.0203477
-0.0207658
-0.0210814
-0.0212461
-0.0207662
-0.0189436
0.0195955
0.0203003
0.019757
0.0185309
0.0171065
0.0155528
0.013828
0.0119233
0.00985267
0.00763762
0.00530665
0.00289579
0.000447516
-0.0019915
-0.00437326
-0.00665166
-0.00878552
-0.0107411
-0.0124938
-0.0140289
-0.0153408
-0.0164327
-0.0173141
-0.0179985
-0.0185029
-0.0188573
-0.0191153
-0.019239
-0.0187657
-0.0169846
0.018541
0.0191436
0.0186393
0.0175395
0.0162446
0.014822
0.0132372
0.0114792
0.00955994
0.00749943
0.0053246
0.0030698
0.00077588
-0.00151202
-0.00374731
-0.00588507
-0.00788519
-0.00971483
-0.0113501
-0.0127767
-0.0139897
-0.0149923
-0.0157941
-0.0164088
-0.0168527
-0.0171542
-0.0173647
-0.0174569
-0.0169961
-0.0152585
0.0175972
0.0181008
0.0176262
0.0166352
0.015465
0.0141567
0.0126971
0.0110719
0.00929008
0.00737036
0.00533818
0.00322629
0.00107391
-0.00107532
-0.0031762
-0.0051851
-0.00706293
-0.00877779
-0.0103065
-0.0116354
-0.0127598
-0.0136832
-0.0144152
-0.0149695
-0.015362
-0.0156194
-0.0157916
-0.0158592
-0.0154149
-0.0137214
0.0167347
0.0171406
0.0166942
0.0157989
0.0147438
0.0135413
0.0121942
0.0106909
0.00903586
0.00724616
0.00534601
0.00336662
0.00134562
-0.000674869
-0.00265107
-0.00454058
-0.00630546
-0.00791468
-0.00934585
-0.0105858
-0.0116302
-0.0124828
-0.0131531
-0.0136547
-0.0140033
-0.0142241
-0.0143648
-0.0144138
-0.0139892
-0.0123396
0.0159333
0.01624
0.0158232
0.0150157
0.0140621
0.0129644
0.0117178
0.0103273
0.0087909
0.0071229
0.00534646
0.00349139
0.00159376
-0.000305861
-0.0021651
-0.00394285
-0.00560227
-0.00711329
-0.00845423
-0.00961245
-0.010584
-0.0113726
-0.011988
-0.0124435
-0.0127546
-0.0129448
-0.0130599
-0.0130952
-0.0126924
-0.0110871
0.0151714
0.0153861
0.0150002
0.0142704
0.0134073
0.0124139
0.0112608
0.00997445
0.00854988
0.00699706
0.00533783
0.00360071
0.00182022
3.5342e-05
-0.00171298
-0.00338496
-0.00494489
-0.00636364
-0.00762029
-0.00870269
-0.00960724
-0.0103377
-0.0109038
-0.0113187
-0.0115976
-0.0117623
-0.011857
-0.011883
-0.011504
-0.00994387
0.0144318
0.0145651
0.0142105
0.0135537
0.0127733
0.0118756
0.0108168
0.00962606
0.00830775
0.00686525
0.00531832
0.00369433
0.00202627
0.000351537
-0.00129043
-0.0028612
-0.00432624
-0.00565739
-0.00683445
-0.00784581
-0.00868812
-0.00936526
-0.00988678
-0.0102658
-0.010517
-0.0106611
-0.0107401
-0.0107605
-0.010407
-0.0088944
0.0137041
0.0137639
0.013442
0.0128556
0.012151
0.0113388
0.010379
0.00927711
0.00806008
0.00672429
0.00528608
0.00377174
0.00221276
0.000644912
-0.00089394
-0.00236677
-0.00374029
-0.00498732
-0.00608843
-0.00703252
-0.00781652
-0.00844433
-0.0089254
-0.00927264
-0.00950036
-0.00962796
-0.00969555
-0.00971397
-0.00938809
-0.00792719
0.0129809
0.0129709
0.0126825
0.0121646
0.0115324
0.0107997
0.00993772
0.00892364
0.00780289
0.00657107
0.00523921
0.00383222
0.00238019
0.000917194
-0.000520561
-0.00189755
-0.00318175
-0.00434709
-0.00537491
-0.00625463
-0.00698345
-0.00756532
-0.00800951
-0.00832866
-0.0085368
-0.0086521
-0.00871253
-0.0087326
-0.00843638
-0.00703397
0.0122551
0.0121763
0.0119227
0.0114717
0.0109103
0.0102539
0.00948408
0.00856197
0.00753217
0.00640236
0.00517567
0.00387485
0.00252877
0.00116975
-0.000167761
-0.00144984
-0.00264588
-0.00373093
-0.00468719
-0.00550467
-0.00618082
-0.00671964
-0.00713021
-0.00742488
-0.00761723
-0.00772438
-0.00778205
-0.00780757
-0.00754345
-0.00620935
0.011518
0.0113729
0.0111553
0.01077
0.010279
0.009695
0.00901044
0.00818766
0.00724469
0.00621512
0.00509333
0.00389854
0.00265847
0.00140366
0.000166669
-0.00102032
-0.00212825
-0.00313343
-0.00401904
-0.00477569
-0.00540116
-0.00589947
-0.0062795
-0.00655324
-0.00673378
-0.00683711
-0.00689677
-0.00693201
-0.006703
-0.00545048
0.0107611
0.0105534
0.0103732
0.0100524
0.00963074
0.00911837
0.00851475
0.00779321
0.00693792
0.00600648
0.00498992
0.00390197
0.00276899
0.00161973
0.000484715
-0.000605837
-0.00162462
-0.0025494
-0.00336442
-0.00406105
-0.00463742
-0.00509758
-0.00545018
-0.00570678
-0.00587983
-0.00598428
-0.0060511
-0.00610084
-0.00591076
-0.00475686
0.00997515
0.00971055
0.00956985
0.00931266
0.00895916
0.00851873
0.00799456
0.00737136
0.00660911
0.00577314
0.00486283
0.00388353
0.00285976
0.00181856
0.000788187
-0.000203385
-0.00113083
-0.00197363
-0.00271733
-0.00335417
-0.00388274
-0.00430712
-0.00463562
-0.00487932
-0.00504988
-0.00516126
-0.00524142
-0.00531104
-0.00516443
-0.00412994
0.00914928
0.00883704
0.00873808
0.00854489
0.00825962
0.00789221
0.00744609
0.00691553
0.00625491
0.0055114
0.004709
0.00384123
0.00292991
0.00200052
0.00107878
0.000190097
-0.000642581
-0.00140074
-0.00207156
-0.00264835
-0.00313028
-0.00352143
-0.00382972
-0.0040655
-0.00423965
-0.00436457
-0.00446555
-0.00456154
-0.00446394
-0.00357285
0.0082684
0.00792385
0.00787068
0.00774276
0.00752643
0.00723307
0.0068644
0.00642196
0.0058703
0.00521925
0.00452568
0.00377293
0.00297839
0.0021658
0.00135809
0.000577639
-0.000155465
-0.000825246
-0.00142086
-0.001937
-0.00237353
-0.00273453
-0.00302728
-0.00326125
-0.00344619
-0.00359262
-0.00372276
-0.00385244
-0.00381107
-0.00308983
0.00731283
0.00695859
0.00695674
0.00689715
0.00675283
0.00653498
0.00624498
0.00588961
0.00544787
0.00489448
0.00431012
0.00367648
0.00300402
0.00231448
0.00162759
0.000962112
0.000334588
-0.000242147
-0.000759753
-0.00121465
-0.00160754
-0.00194235
-0.00222538
-0.00246494
-0.00266922
-0.00284678
-0.0030157
-0.00318781
-0.00321062
-0.00268546
0.00626435
0.00593792
0.0059912
0.00600156
0.00593371
0.00579481
0.00558564
0.00531767
0.00498234
0.00453327
0.00405808
0.0035483
0.00300429
0.00244548
0.00188804
0.00134629
0.000832298
0.000354822
-8.10591e-05
-0.000474113
-0.000826023
-0.00113936
-0.00141979
-0.00167412
-0.00190829
-0.00212814
-0.00234706
-0.00257096
-0.00266727
-0.00236311
0.00509119
0.00488842
0.00501047
0.00508036
0.00508454
0.00502303
0.0048922
0.00470658
0.00446861
0.00412902
0.00375932
0.00337733
0.00296987
0.00255328
0.00213947
0.00173692
0.00135143
0.000985836
0.000640359
0.000312663
-3.61866e-07
-0.000296659
-0.000583602
-0.000865542
-0.00114469
-0.00142289
-0.00170782
-0.00199744
-0.00218358
-0.00212289
0.00359971
0.00375383
0.00403585
0.0041629
0.00422106
0.00422312
0.00415967
0.00404307
0.00388754
0.00366092
0.0033951
0.00314554
0.00288793
0.00263363
0.00238845
0.00215237
0.00192173
0.00169045
0.00145145
0.00119808
0.000926157
0.000636854
0.000327669
-1.8343e-06
-0.000348832
-0.000709525
-0.00108446
-0.00146343
-0.00176588
-0.00196413
0.00116848
0.00186425
0.00257448
0.00291562
0.00310292
0.0032172
0.00326252
0.00325206
0.00320929
0.00312435
0.00299575
0.00290007
0.00281102
0.00273287
0.00266383
0.00259433
0.00251077
0.00239979
0.00224844
0.00205035
0.00181365
0.00147897
0.00111963
0.000722788
0.000294828
-0.000154676
-0.000618883
-0.00108059
-0.00149073
-0.00190629
-0.00251098
-0.001998
-0.000681183
0.000278856
0.000965815
0.00151019
0.00193986
0.00227118
0.00253087
0.00272426
0.00284205
0.00293816
0.00299307
0.00300485
0.00297143
0.00288755
0.00274768
0.00255003
0.00229292
0.00197354
0.00159009
0.00122218
0.00082026
0.000398189
-2.75276e-05
-0.000446976
-0.000852253
-0.00122536
-0.00155604
-0.00198083
-0.0635698
-0.0543043
-0.0473334
-0.0415769
-0.0368133
-0.0328201
-0.0294314
-0.0265221
-0.0239968
-0.0217823
-0.0198225
-0.0180736
-0.0165009
-0.0150767
-0.0137787
-0.0125887
-0.0114916
-0.0104751
-0.0095289
-0.00864486
-0.00781667
-0.00703996
-0.00631231
-0.00563332
-0.0050051
-0.00443389
-0.00392674
-0.00347807
-0.00307779
-0.00285966
-0.064014
-0.0544999
-0.0471633
-0.0412561
-0.0364168
-0.0323834
-0.0289723
-0.0260502
-0.0235183
-0.0213016
-0.0193432
-0.0175989
-0.0160341
-0.0146215
-0.0133396
-0.0121711
-0.0111026
-0.0101235
-0.00922576
-0.00840346
-0.0076524
-0.00696988
-0.00635436
-0.00580521
-0.00532274
-0.00490869
-0.00456445
-0.00426941
-0.00394005
-0.00356316
-0.0652477
-0.0557898
-0.0483799
-0.0424351
-0.0375607
-0.0334953
-0.0300544
-0.0271048
-0.0245477
-0.0223086
-0.0203306
-0.0185696
-0.0169909
-0.0155672
-0.0142766
-0.0131016
-0.0120281
-0.011045
-0.0101434
-0.00931644
-0.00855889
-0.00786701
-0.00723828
-0.00667104
-0.00616472
-0.00572192
-0.00535058
-0.00503759
-0.00467055
-0.00412734
-0.0666777
-0.0574614
-0.0501213
-0.0441837
-0.0392721
-0.0351499
-0.031644
-0.028627
-0.0260034
-0.0237006
-0.0216627
-0.0198461
-0.0182165
-0.0167465
-0.015414
-0.0142015
-0.0130944
-0.0120813
-0.0111527
-0.0103013
-0.00952109
-0.00880757
-0.00815734
-0.00756766
-0.00703651
-0.00656537
-0.00616337
-0.00582064
-0.00540958
-0.00472731
-0.0679833
-0.0589657
-0.0517085
-0.0457898
-0.0408511
-0.0366788
-0.0331121
-0.0300302
-0.0273415
-0.0249757
-0.0228781
-0.0210058
-0.0193249
-0.017808
-0.0164331
-0.0151823
-0.014041
-0.0129972
-0.0120413
-0.0111653
-0.0103629
-0.00962889
-0.00895938
-0.008351
-0.00780092
-0.00730962
-0.00688615
-0.00652266
-0.00608655
-0.00532322
-0.0691205
-0.0602316
-0.0530505
-0.0471585
-0.0422089
-0.0380044
-0.0343942
-0.0312631
-0.0285233
-0.0261066
-0.02396
-0.0220412
-0.0203168
-0.0187596
-0.0173477
-0.0160631
-0.0148911
-0.0138195
-0.0128383
-0.0119393
-0.0111158
-0.0103621
-0.00967395
-0.00904744
-0.00847922
-0.00796894
-0.00752511
-0.00714195
-0.00669127
-0.00589446
-0.0701017
-0.0613071
-0.0541989
-0.0483387
-0.0433894
-0.0391658
-0.035525
-0.0323568
-0.0295767
-0.0271186
-0.024931
-0.0229726
-0.0212104
-0.0196177
-0.0181726
-0.0168572
-0.0156568
-0.014559
-0.0135537
-0.0126325
-0.0117882
-0.0110152
-0.0103085
-0.00966415
-0.00907824
-0.0085497
-0.00808591
-0.00768299
-0.00722412
-0.00643084
-0.0709293
-0.062222
-0.05518
-0.0493527
-0.0444097
-0.0401749
-0.036512
-0.0333151
-0.0305025
-0.0280102
-0.025788
-0.0237955
-0.0220005
-0.0203764
-0.0189018
-0.0175586
-0.0163323
-0.0152104
-0.0141827
-0.0132406
-0.0123768
-0.0115853
-0.0108611
-0.0101998
-0.00959728
-0.00905176
-0.00856912
-0.00814698
-0.00768458
-0.00692253
-0.0716097
-0.0629848
-0.0560024
-0.0502064
-0.0452725
-0.0410314
-0.0373528
-0.0341339
-0.0312954
-0.0287753
-0.0265245
-0.0245036
-0.0226807
-0.0210298
-0.0195296
-0.0181623
-0.0169132
-0.01577
-0.0147223
-0.0137614
-0.0128799
-0.0120718
-0.0113316
-0.0106548
-0.0100372
-0.00947637
-0.00897647
-0.00853613
-0.00807317
-0.00736072
-0.0721619
-0.0635998
-0.0566737
-0.050906
-0.0459821
-0.0417381
-0.0380485
-0.0348131
-0.0319547
-0.0294125
-0.0271387
-0.0250946
-0.0232489
-0.0215759
-0.0200543
-0.0186667
-0.0173984
-0.016237
-0.0151721
-0.0141951
-0.0132983
-0.0124756
-0.0117214
-0.0110311
-0.0104004
-0.00982624
-0.00931109
-0.0088541
-0.00839206
-0.00773862
-0.0725951
-0.0640809
-0.0572039
-0.0514606
-0.0465464
-0.0423013
-0.0386044
-0.035357
-0.0324835
-0.0299244
-0.0276328
-0.0255705
-0.0237066
-0.0220159
-0.0204773
-0.0190733
-0.0177893
-0.016613
-0.0155341
-0.0145437
-0.0136343
-0.0127994
-0.0120336
-0.011332
-0.0106903
-0.0101051
-0.00957705
-0.0091055
-0.00864479
-0.00805174
-0.0729183
-0.0644438
-0.0576042
-0.0518812
-0.0469755
-0.0427303
-0.0390285
-0.0357726
-0.0328881
-0.0303166
-0.0280116
-0.0259356
-0.024058
-0.0223538
-0.0208021
-0.0193855
-0.0180894
-0.0169017
-0.0158118
-0.0148109
-0.0138916
-0.0130472
-0.0122722
-0.0115617
-0.0109113
-0.0103173
-0.00977911
-0.00929557
-0.00883594
-0.00829804
-0.0731406
-0.0647053
-0.0578865
-0.05218
-0.0472807
-0.0430357
-0.0393308
-0.0360692
-0.0331771
-0.0305969
-0.0282825
-0.0261968
-0.0243095
-0.0225957
-0.0210346
-0.019609
-0.0183043
-0.0171082
-0.0160104
-0.015002
-0.0140754
-0.0132241
-0.0124424
-0.0117254
-0.0110687
-0.0104684
-0.00992262
-0.00942997
-0.00897089
-0.0084778
-0.0732783
-0.0648745
-0.0580625
-0.0523697
-0.0474743
-0.0432294
-0.0395227
-0.0362575
-0.0333607
-0.030775
-0.0284547
-0.0263629
-0.0244694
-0.0227495
-0.0211825
-0.0197511
-0.0184408
-0.0172395
-0.0161366
-0.0151234
-0.0141921
-0.0133364
-0.0125504
-0.0118292
-0.0111683
-0.0105639
-0.0100133
-0.0095146
-0.00905558
-0.00859344
-0.0733475
-0.0649542
-0.0581456
-0.0524609
-0.0475672
-0.0433222
-0.0396145
-0.0363476
-0.0334485
-0.0308602
-0.028537
-0.0264423
-0.0245459
-0.022823
-0.0212531
-0.0198189
-0.018506
-0.0173021
-0.0161968
-0.0151813
-0.0142478
-0.0133899
-0.0126018
-0.0118786
-0.0112158
-0.0106094
-0.0100565
-0.00955475
-0.00909557
-0.00864874
-0.0733479
-0.0649545
-0.058146
-0.0524613
-0.0475674
-0.0433224
-0.0396147
-0.0363477
-0.0334486
-0.0308603
-0.0285371
-0.0264424
-0.024546
-0.0228231
-0.0212532
-0.0198191
-0.0185062
-0.0173023
-0.016197
-0.0151815
-0.014248
-0.0133901
-0.0126021
-0.0118788
-0.011216
-0.0106096
-0.0100567
-0.009555
-0.00909581
-0.00864898
-0.0732794
-0.0648756
-0.0580638
-0.0523707
-0.0474751
-0.0432301
-0.0395232
-0.0362579
-0.033361
-0.0307753
-0.028455
-0.0263632
-0.0244697
-0.0227498
-0.0211828
-0.0197515
-0.0184413
-0.01724
-0.0161372
-0.015124
-0.0141928
-0.013337
-0.012551
-0.0118299
-0.011169
-0.0105646
-0.010014
-0.00951532
-0.0090563
-0.00859415
-0.0731424
-0.0647071
-0.0578886
-0.0521818
-0.0472821
-0.0430369
-0.0393317
-0.0360699
-0.0331777
-0.0305974
-0.028283
-0.0261973
-0.0243101
-0.0225963
-0.0210352
-0.0196097
-0.018305
-0.0171091
-0.0160114
-0.015003
-0.0140765
-0.0132252
-0.0124435
-0.0117266
-0.0110698
-0.0104695
-0.0099238
-0.00943115
-0.00897208
-0.00847897
-0.0729211
-0.0644462
-0.0576072
-0.0518836
-0.0469774
-0.042732
-0.0390299
-0.0357737
-0.032889
-0.0303173
-0.0280123
-0.0259363
-0.0240588
-0.0223546
-0.0208029
-0.0193864
-0.0180905
-0.0169029
-0.0158131
-0.0148123
-0.013893
-0.0130487
-0.0122737
-0.0115633
-0.0109129
-0.0103189
-0.00978072
-0.00929719
-0.00883757
-0.00829964
-0.0725986
-0.0640838
-0.0572074
-0.0514635
-0.0465488
-0.0423035
-0.0386062
-0.0353585
-0.0324847
-0.0299255
-0.0276337
-0.0255714
-0.0237076
-0.0220169
-0.0204784
-0.0190745
-0.0177907
-0.0166146
-0.0155358
-0.0145455
-0.0136361
-0.0128013
-0.0120355
-0.0113339
-0.0106922
-0.0101071
-0.00957906
-0.00910753
-0.00864682
-0.00805374
-0.0721661
-0.0636032
-0.0566776
-0.0509092
-0.0459849
-0.0417408
-0.0380508
-0.034815
-0.0319562
-0.0294139
-0.02714
-0.0250959
-0.0232501
-0.0215772
-0.0200558
-0.0186683
-0.0174001
-0.0162389
-0.0151742
-0.0141972
-0.0133005
-0.0124778
-0.0117237
-0.0110334
-0.0104027
-0.00982861
-0.00931348
-0.0088565
-0.00839446
-0.00774098
-0.0716145
-0.0629886
-0.0560066
-0.0502099
-0.0452756
-0.0410346
-0.0373556
-0.0341363
-0.0312974
-0.028777
-0.0265261
-0.0245051
-0.0226822
-0.0210314
-0.0195313
-0.0181642
-0.0169153
-0.0157722
-0.0147246
-0.0137638
-0.0128825
-0.0120743
-0.0113342
-0.0106574
-0.0100399
-0.00947908
-0.0089792
-0.00853887
-0.0080759
-0.00736343
-0.0709348
-0.0622261
-0.0551843
-0.0493563
-0.0444131
-0.0401784
-0.0365153
-0.033318
-0.0305049
-0.0280123
-0.0257899
-0.0237974
-0.0220024
-0.0203784
-0.0189039
-0.0175609
-0.0163347
-0.015213
-0.0141854
-0.0132433
-0.0123796
-0.0115882
-0.0108641
-0.0102028
-0.00960028
-0.00905479
-0.00857218
-0.00815005
-0.00768764
-0.00692556
-0.0701076
-0.0613113
-0.0542033
-0.0483422
-0.043393
-0.0391697
-0.0355287
-0.0323601
-0.0295795
-0.0271212
-0.0249333
-0.0229748
-0.0212126
-0.01962
-0.0181751
-0.0168598
-0.0156595
-0.0145619
-0.0135567
-0.0126355
-0.0117913
-0.0110184
-0.0103118
-0.00966742
-0.00908155
-0.00855303
-0.00808926
-0.00768636
-0.00722748
-0.00643416
-0.0691267
-0.0602358
-0.0530548
-0.047162
-0.0422126
-0.0380085
-0.0343982
-0.0312669
-0.0285267
-0.0261097
-0.0239628
-0.0220439
-0.0203195
-0.0187624
-0.0173506
-0.0160661
-0.0148942
-0.0138227
-0.0128416
-0.0119427
-0.0111192
-0.0103656
-0.00967746
-0.00905099
-0.0084828
-0.00797256
-0.00752874
-0.0071456
-0.00669492
-0.00589808
-0.0679896
-0.05897
-0.0517126
-0.0457933
-0.0408548
-0.036683
-0.0331165
-0.0300344
-0.0273454
-0.0249792
-0.0228814
-0.021009
-0.0193281
-0.0178112
-0.0164364
-0.0151856
-0.0140444
-0.0130007
-0.0120448
-0.0111689
-0.0103665
-0.00963263
-0.00896317
-0.00835483
-0.00780478
-0.0073135
-0.00689004
-0.00652656
-0.00609046
-0.00532711
-0.0666839
-0.0574658
-0.0501254
-0.0441871
-0.0392759
-0.0351543
-0.0316487
-0.0286317
-0.0260078
-0.0237048
-0.0216667
-0.01985
-0.0182203
-0.0167502
-0.0154178
-0.0142052
-0.0130982
-0.0120851
-0.0111566
-0.0103052
-0.00952506
-0.0088116
-0.0081614
-0.00757175
-0.00704063
-0.0065695
-0.0061675
-0.00582477
-0.00541371
-0.00473143
-0.0652539
-0.0557943
-0.0483839
-0.0424385
-0.0375644
-0.0334998
-0.0300594
-0.0271099
-0.0245527
-0.0223134
-0.0203352
-0.018574
-0.0169953
-0.0155715
-0.0142808
-0.0131058
-0.0120323
-0.0110492
-0.0101477
-0.00932071
-0.00856319
-0.00787134
-0.00724263
-0.00667541
-0.00616909
-0.00572629
-0.00535493
-0.00504192
-0.00467485
-0.00413162
-0.0640199
-0.0545045
-0.0471674
-0.0412596
-0.0364206
-0.032388
-0.0289775
-0.0260558
-0.0235238
-0.0213071
-0.0193486
-0.0176041
-0.0160392
-0.0146265
-0.0133444
-0.0121759
-0.0111073
-0.0101282
-0.00923043
-0.00840812
-0.00765705
-0.00697453
-0.006359
-0.00580983
-0.00532733
-0.00491325
-0.00456898
-0.0042739
-0.00394446
-0.00356746
-0.0635755
-0.054309
-0.0473377
-0.0415808
-0.0368175
-0.0328251
-0.0294371
-0.0265282
-0.024003
-0.0217885
-0.0198286
-0.0180795
-0.0165066
-0.0150822
-0.0137841
-0.012594
-0.0114968
-0.0104801
-0.00953387
-0.00864979
-0.00782157
-0.00704483
-0.00631713
-0.0056381
-0.00500983
-0.00443855
-0.00393132
-0.0034826
-0.00308226
-0.002864
-0.00345271
-0.00379765
-0.00417597
-0.00456052
-0.00491894
-0.0052457
-0.00554325
-0.00581307
-0.00605574
-0.00627195
-0.00646264
-0.00662896
-0.00677213
-0.00689343
-0.00699419
-0.00707575
-0.00713941
-0.00718646
-0.00721818
-0.00723576
-0.00724036
-0.00723307
-0.00721495
-0.00718696
-0.00715003
-0.00710501
-0.00705269
-0.00699383
-0.00692911
-0.00685915
-0.00678453
-0.0067058
-0.00662343
-0.00653786
-0.00644951
-0.00635874
-0.00626588
-0.00617122
-0.00607503
-0.00597755
-0.005879
-0.00577956
-0.0056794
-0.00557868
-0.00547751
-0.00537602
-0.00527431
-0.00517246
-0.00507055
-0.00496866
-0.00486687
-0.004765
-0.00466317
-0.00456147
-0.00445991
-0.00435859
-0.00425751
-0.00415665
-0.00405601
-0.00395561
-0.00385543
-0.00375546
-0.00365571
-0.00355617
-0.00345684
-0.0033577
-0.00325876
-0.00315998
-0.00306138
-0.00296294
-0.00286465
-0.0027665
-0.00266849
-0.0025706
-0.00247283
-0.00237516
-0.0022776
-0.00218013
-0.00208275
-0.00198544
-0.0018882
-0.00179103
-0.00169392
-0.00159687
-0.00149987
-0.00140291
-0.00130599
-0.00120911
-0.00111226
-0.00101545
-0.000918689
-0.00082196
-0.000725243
-0.000628537
-0.000531844
-0.00043515
-0.000338431
-0.000241724
-0.000145064
-4.84007e-05
-0.00427595
-0.00435759
-0.00458082
-0.00485815
-0.00512046
-0.00535954
-0.00558014
-0.00578386
-0.00597045
-0.00613972
-0.0062918
-0.00642698
-0.00654568
-0.00664839
-0.00673571
-0.00680827
-0.00686678
-0.00691197
-0.00694457
-0.00696534
-0.00697504
-0.00697441
-0.00696417
-0.00694503
-0.00691768
-0.00688276
-0.00684089
-0.00679267
-0.00673865
-0.00667935
-0.00661528
-0.00654688
-0.00647458
-0.00639879
-0.00631986
-0.00623813
-0.00615392
-0.0060675
-0.00597914
-0.00588907
-0.00579751
-0.00570465
-0.00561067
-0.00551573
-0.00541995
-0.00532348
-0.00522642
-0.00512887
-0.00503091
-0.00493259
-0.00483393
-0.00473525
-0.00463646
-0.00453758
-0.00443867
-0.00433969
-0.00424069
-0.00414171
-0.00404277
-0.0039439
-0.00384509
-0.00374637
-0.00364775
-0.00354921
-0.00345078
-0.00335245
-0.00325422
-0.00315608
-0.00305805
-0.0029601
-0.00286226
-0.0027645
-0.00266683
-0.00256924
-0.00247173
-0.00237429
-0.00227693
-0.00217963
-0.00208239
-0.0019852
-0.00188807
-0.00179099
-0.00169395
-0.00159696
-0.00150001
-0.0014031
-0.00130622
-0.00120937
-0.00111254
-0.00101574
-0.000918964
-0.000822218
-0.000725499
-0.000628806
-0.000532131
-0.000435434
-0.000338693
-0.000241967
-0.000145292
-4.85581e-05
-0.00501256
-0.00488221
-0.00497221
-0.0051618
-0.00534789
-0.00551746
-0.00567683
-0.00582762
-0.00596885
-0.00609961
-0.00621937
-0.00632782
-0.00642478
-0.0065102
-0.00658414
-0.00664676
-0.00669832
-0.00673914
-0.00676958
-0.00679009
-0.0068011
-0.0068031
-0.00679657
-0.00678203
-0.00675996
-0.00673086
-0.00669521
-0.00665349
-0.00660614
-0.00655361
-0.00649631
-0.00643464
-0.00636898
-0.00629967
-0.00622706
-0.00615145
-0.00607312
-0.00599235
-0.00590939
-0.00582447
-0.00573779
-0.00564955
-0.00555993
-0.00546909
-0.00537717
-0.00528431
-0.00519063
-0.00509623
-0.00500123
-0.00490569
-0.0048097
-0.00471332
-0.00461661
-0.00451963
-0.00442244
-0.00432507
-0.00422756
-0.00412995
-0.00403227
-0.00393454
-0.00383677
-0.003739
-0.00364123
-0.00354347
-0.00344573
-0.00334802
-0.00325035
-0.00315272
-0.00305513
-0.00295759
-0.0028601
-0.00276266
-0.00266527
-0.00256793
-0.00247064
-0.00237339
-0.00227619
-0.00217904
-0.00208192
-0.00198485
-0.00188782
-0.00179082
-0.00169385
-0.00159692
-0.00150002
-0.00140315
-0.0013063
-0.00120947
-0.00111267
-0.00101589
-0.000919129
-0.000822379
-0.000725653
-0.00062897
-0.00053231
-0.000435618
-0.000338874
-0.000242137
-0.000145459
-4.86922e-05
-0.00565909
-0.00537777
-0.00536395
-0.00547692
-0.00559516
-0.00570318
-0.00580805
-0.00591125
-0.00601119
-0.0061064
-0.00619585
-0.00627875
-0.00635444
-0.00642244
-0.00648237
-0.00653401
-0.00657726
-0.00661208
-0.00663856
-0.00665684
-0.00666712
-0.00666965
-0.00666472
-0.00665265
-0.00663377
-0.00660844
-0.00657702
-0.00653986
-0.00649734
-0.0064498
-0.0063976
-0.00634106
-0.00628052
-0.00621628
-0.00614865
-0.00607789
-0.00600429
-0.00592808
-0.00584951
-0.00576879
-0.00568612
-0.0056017
-0.0055157
-0.00542828
-0.00533959
-0.00524976
-0.00515893
-0.00506719
-0.00497467
-0.00488144
-0.0047876
-0.00469322
-0.00459837
-0.00450311
-0.0044075
-0.0043116
-0.00421543
-0.00411906
-0.0040225
-0.0039258
-0.00382897
-0.00373205
-0.00363504
-0.00353798
-0.00344088
-0.00334374
-0.00324658
-0.00314942
-0.00305225
-0.00295508
-0.00285793
-0.00276078
-0.00266366
-0.00256655
-0.00246947
-0.0023724
-0.00227536
-0.00217835
-0.00208137
-0.00198441
-0.00188747
-0.00179055
-0.00169366
-0.00159678
-0.00149994
-0.00140312
-0.00130631
-0.00120951
-0.00111273
-0.00101598
-0.000919232
-0.000822491
-0.000725771
-0.000629094
-0.000532439
-0.00043575
-0.000339006
-0.000242274
-0.000145617
-4.88324e-05
-0.00622637
-0.00583726
-0.00574302
-0.00578753
-0.00584359
-0.00589593
-0.0059517
-0.00601181
-0.00607415
-0.00613678
-0.00619825
-0.00625733
-0.00631297
-0.00636429
-0.00641057
-0.00645124
-0.0064859
-0.00651422
-0.00653603
-0.00655122
-0.00655978
-0.00656176
-0.00655729
-0.0065465
-0.00652961
-0.00650684
-0.00647843
-0.00644465
-0.00640578
-0.00636209
-0.00631388
-0.00626142
-0.00620498
-0.00614484
-0.00608126
-0.0060145
-0.00594479
-0.00587237
-0.00579746
-0.00572027
-0.00564098
-0.00555978
-0.00547685
-0.00539235
-0.00530642
-0.00521919
-0.0051308
-0.00504137
-0.004951
-0.00485978
-0.00476782
-0.00467518
-0.00458196
-0.0044882
-0.00439399
-0.00429937
-0.00420439
-0.0041091
-0.00401354
-0.00391775
-0.00382176
-0.0037256
-0.0036293
-0.00353287
-0.00343633
-0.00333971
-0.00324302
-0.00314628
-0.00304949
-0.00295267
-0.00285582
-0.00275896
-0.00266208
-0.00256519
-0.0024683
-0.00237141
-0.00227453
-0.00217765
-0.00208078
-0.00198392
-0.00188708
-0.00179025
-0.00169343
-0.00159662
-0.00149982
-0.00140303
-0.00130626
-0.00120951
-0.00111276
-0.00101602
-0.000919299
-0.000822576
-0.000725867
-0.00062919
-0.000532536
-0.000435851
-0.000339109
-0.000242388
-0.000145767
-4.89758e-05
-0.00671039
-0.00625101
-0.00609496
-0.00607907
-0.0060796
-0.00608289
-0.0060955
-0.00611762
-0.00614667
-0.00618033
-0.00621676
-0.00625438
-0.0062918
-0.00632781
-0.00636139
-0.00639169
-0.00641803
-0.00643988
-0.00645681
-0.00646853
-0.00647485
-0.00647564
-0.00647086
-0.00646055
-0.00644478
-0.00642365
-0.00639733
-0.006366
-0.00632984
-0.00628909
-0.00624396
-0.00619468
-0.00614149
-0.00608463
-0.00602432
-0.00596078
-0.00589425
-0.00582494
-0.00575304
-0.00567875
-0.00560227
-0.00552376
-0.0054434
-0.00536134
-0.00527773
-0.0051927
-0.00510638
-0.0050189
-0.00493036
-0.00484086
-0.0047505
-0.00465936
-0.00456753
-0.00447507
-0.00438205
-0.00428854
-0.00419459
-0.00410024
-0.00400556
-0.00391056
-0.0038153
-0.00371981
-0.00362411
-0.00352823
-0.00343221
-0.00333605
-0.00323978
-0.00314341
-0.00304696
-0.00295044
-0.00285387
-0.00275725
-0.00266059
-0.00256391
-0.00246719
-0.00237046
-0.00227372
-0.00217696
-0.0020802
-0.00198344
-0.00188668
-0.00178993
-0.00169317
-0.00159642
-0.00149967
-0.00140294
-0.00130621
-0.00120948
-0.00111276
-0.00101605
-0.000919343
-0.000822641
-0.000725942
-0.000629263
-0.00053261
-0.000435934
-0.0003392
-0.000242494
-0.000145904
-4.91121e-05
-0.00711317
-0.00661579
-0.00641284
-0.00634368
-0.00629524
-0.00625599
-0.00623133
-0.00622057
-0.00622074
-0.0062292
-0.00624378
-0.00626258
-0.00628391
-0.0063063
-0.00632847
-0.00634935
-0.00636803
-0.00638379
-0.00639601
-0.00640423
-0.0064081
-0.00640738
-0.00640188
-0.00639152
-0.00637627
-0.00635616
-0.00633126
-0.00630167
-0.00626752
-0.00622898
-0.00618621
-0.00613941
-0.00608878
-0.0060345
-0.0059768
-0.00591586
-0.00585189
-0.00578509
-0.00571565
-0.00564375
-0.00556957
-0.00549328
-0.00541504
-0.005335
-0.00525331
-0.00517012
-0.00508553
-0.00499968
-0.00491267
-0.00482462
-0.00473561
-0.00464573
-0.00455508
-0.00446372
-0.00437172
-0.00427915
-0.00418607
-0.00409253
-0.00399858
-0.00390427
-0.00380964
-0.00371472
-0.00361955
-0.00352415
-0.00342856
-0.0033328
-0.00323689
-0.00314085
-0.0030447
-0.00294845
-0.00285212
-0.00275571
-0.00265925
-0.00256274
-0.00246618
-0.00236959
-0.00227297
-0.00217632
-0.00207966
-0.00198299
-0.00188631
-0.00178962
-0.00169292
-0.00159622
-0.00149952
-0.00140283
-0.00130614
-0.00120944
-0.00111275
-0.00101606
-0.00091937
-0.000822686
-0.000725998
-0.000629325
-0.000532678
-0.000436009
-0.000339286
-0.00024259
-0.000146026
-4.92399e-05
-0.00744
-0.00693073
-0.00669262
-0.0065768
-0.00648584
-0.0064103
-0.00635399
-0.0063153
-0.0062909
-0.00627789
-0.00627381
-0.00627649
-0.00628399
-0.00629459
-0.00630684
-0.00631944
-0.00633133
-0.0063416
-0.00634951
-0.00635444
-0.00635593
-0.0063536
-0.00634718
-0.00633649
-0.0063214
-0.00630188
-0.00627792
-0.00624956
-0.00621688
-0.00618
-0.00613905
-0.00609416
-0.00604552
-0.00599329
-0.00593765
-0.00587878
-0.00581687
-0.00575209
-0.00568463
-0.00561466
-0.00554235
-0.00546786
-0.00539135
-0.00531298
-0.00523287
-0.00515118
-0.00506802
-0.00498352
-0.00489778
-0.00481092
-0.00472304
-0.00463421
-0.00454454
-0.00445409
-0.00436294
-0.00427116
-0.00417882
-0.00408595
-0.00399263
-0.0038989
-0.00380479
-0.00371035
-0.00361562
-0.00352064
-0.00342542
-0.00333
-0.0032344
-0.00313864
-0.00304273
-0.00294671
-0.00285059
-0.00275437
-0.00265807
-0.00256171
-0.00246528
-0.00236881
-0.0022723
-0.00217575
-0.00207918
-0.00198258
-0.00188597
-0.00178934
-0.00169269
-0.00159604
-0.00149938
-0.00140272
-0.00130606
-0.0012094
-0.00111273
-0.00101606
-0.000919389
-0.000822719
-0.000726044
-0.000629379
-0.000532738
-0.000436077
-0.000339361
-0.000242671
-0.000146131
-4.93568e-05
-0.00769788
-0.00719651
-0.00693229
-0.00677618
-0.00664904
-0.00654318
-0.00646052
-0.00639858
-0.00635374
-0.00632286
-0.00630323
-0.00629244
-0.00628834
-0.00628903
-0.00629288
-0.00629845
-0.00630452
-0.00631005
-0.00631417
-0.00631618
-0.00631548
-0.00631162
-0.00630424
-0.00629308
-0.00627795
-0.00625874
-0.00623539
-0.0062079
-0.0061763
-0.00614066
-0.00610107
-0.00605766
-0.00601056
-0.00595992
-0.0059059
-0.00584866
-0.00578838
-0.00572521
-0.00565933
-0.0055909
-0.00552009
-0.00544705
-0.00537194
-0.0052949
-0.00521608
-0.00513561
-0.0050536
-0.0049702
-0.0048855
-0.00479961
-0.00471264
-0.00462467
-0.0045358
-0.0044461
-0.00435566
-0.00426453
-0.00417278
-0.00408047
-0.00398767
-0.0038944
-0.00380073
-0.00370669
-0.00361232
-0.00351768
-0.00342278
-0.00332764
-0.0032323
-0.00313677
-0.00304108
-0.00294525
-0.00284929
-0.00275322
-0.00265707
-0.00256083
-0.00246451
-0.00236814
-0.00227172
-0.00217526
-0.00207876
-0.00198223
-0.00188567
-0.00178909
-0.00169249
-0.00159588
-0.00149926
-0.00140263
-0.00130599
-0.00120935
-0.00111271
-0.00101606
-0.000919407
-0.000822749
-0.000726082
-0.000629424
-0.000532788
-0.000436134
-0.000339426
-0.000242743
-0.00014622
-4.94616e-05
-0.00789508
-0.00741498
-0.00713143
-0.00694127
-0.00678421
-0.00665366
-0.00654959
-0.00646878
-0.00640737
-0.006362
-0.00632975
-0.00630801
-0.00629447
-0.00628707
-0.00628404
-0.00628382
-0.00628507
-0.00628665
-0.0062876
-0.00628711
-0.00628453
-0.00627931
-0.00627103
-0.00625938
-0.0062441
-0.00622503
-0.00620208
-0.00617519
-0.00614437
-0.00610964
-0.00607109
-0.00602879
-0.00598287
-0.00593345
-0.00588069
-0.00582471
-0.00576569
-0.00570378
-0.00563914
-0.00557192
-0.00550229
-0.0054304
-0.00535639
-0.00528041
-0.0052026
-0.00512309
-0.00504201
-0.00495948
-0.0048756
-0.00479049
-0.00470425
-0.00461697
-0.00452874
-0.00443965
-0.00434976
-0.00425915
-0.00416788
-0.00407603
-0.00398363
-0.00389075
-0.00379743
-0.00370371
-0.00360965
-0.00351528
-0.00342062
-0.00332571
-0.00323057
-0.00313523
-0.00303971
-0.00294403
-0.00284822
-0.00275228
-0.00265624
-0.0025601
-0.00246388
-0.0023676
-0.00227125
-0.00217485
-0.00207841
-0.00198193
-0.00188542
-0.00178888
-0.00169232
-0.00159574
-0.00149915
-0.00140255
-0.00130593
-0.00120931
-0.00111269
-0.00101606
-0.000919421
-0.000822773
-0.000726115
-0.000629463
-0.000532832
-0.000436182
-0.000339477
-0.000242797
-0.000146291
-4.95534e-05
-0.0080404
-0.00758875
-0.00729087
-0.00707286
-0.00689191
-0.00674191
-0.00662101
-0.00652537
-0.00645096
-0.00639422
-0.00635207
-0.00632174
-0.00630077
-0.006287
-0.00627853
-0.00627372
-0.00627114
-0.00626956
-0.00626796
-0.00626545
-0.00626131
-0.00625496
-0.00624591
-0.0062338
-0.00621834
-0.00619933
-0.00617662
-0.00615015
-0.00611988
-0.00608583
-0.00604803
-0.00600656
-0.00596153
-0.00591303
-0.00586121
-0.00580619
-0.00574813
-0.00568718
-0.00562348
-0.0055572
-0.00548847
-0.00541745
-0.0053443
-0.00526913
-0.00519211
-0.00511335
-0.00503297
-0.00495111
-0.00486788
-0.00478337
-0.0046977
-0.00461095
-0.00452322
-0.00443459
-0.00434513
-0.00425493
-0.00416404
-0.00407253
-0.00398046
-0.00388788
-0.00379483
-0.00370137
-0.00360754
-0.00351338
-0.00341891
-0.00332418
-0.0032292
-0.00313401
-0.00303863
-0.00294307
-0.00284737
-0.00275153
-0.00265558
-0.00255953
-0.00246338
-0.00236716
-0.00227087
-0.00217452
-0.00207813
-0.00198169
-0.00188522
-0.00178871
-0.00169218
-0.00159563
-0.00149906
-0.00140248
-0.00130589
-0.00120929
-0.00111268
-0.00101606
-0.000919431
-0.000822791
-0.000726141
-0.000629494
-0.000532864
-0.000436218
-0.000339523
-0.000242846
-0.000146347
-4.96311e-05
-0.0081425
-0.00772088
-0.00741239
-0.00717264
-0.00697355
-0.00680891
-0.00667536
-0.00656859
-0.00648441
-0.00641916
-0.00636959
-0.00633281
-0.00630626
-0.0062877
-0.00627514
-0.00626687
-0.00626138
-0.00625741
-0.00625386
-0.0062498
-0.00624447
-0.00623723
-0.00622757
-0.00621508
-0.00619945
-0.00618044
-0.00615789
-0.0061317
-0.00610182
-0.00606823
-0.00603098
-0.00599011
-0.00594572
-0.00589789
-0.00584676
-0.00579245
-0.0057351
-0.00567484
-0.00561184
-0.00554624
-0.00547818
-0.00540782
-0.00533528
-0.00526073
-0.00518428
-0.00510607
-0.00502623
-0.00494487
-0.0048621
-0.00477804
-0.00469279
-0.00460644
-0.00451908
-0.0044308
-0.00434167
-0.00425177
-0.00416116
-0.00406991
-0.00397808
-0.00388572
-0.00379288
-0.00369962
-0.00360596
-0.00351195
-0.00341763
-0.00332303
-0.00322818
-0.00313309
-0.00303781
-0.00294235
-0.00284673
-0.00275097
-0.00265509
-0.00255909
-0.002463
-0.00236682
-0.00227058
-0.00217428
-0.00207792
-0.00198151
-0.00188506
-0.00178858
-0.00169208
-0.00159555
-0.001499
-0.00140243
-0.00130585
-0.00120926
-0.00111267
-0.00101606
-0.000919442
-0.000822807
-0.000726166
-0.000629524
-0.000532894
-0.000436248
-0.000339554
-0.000242877
-0.000146385
-4.96955e-05
-0.00820942
-0.00781469
-0.00749849
-0.00724296
-0.00703106
-0.00685616
-0.00671373
-0.00659915
-0.00650814
-0.00643693
-0.00638217
-0.00634088
-0.00631043
-0.00628851
-0.00627308
-0.00626237
-0.00625485
-0.00624918
-0.00624425
-0.0062391
-0.00623291
-0.00622504
-0.00621493
-0.00620216
-0.00618639
-0.00616737
-0.00614492
-0.00611891
-0.00608929
-0.00605603
-0.00601914
-0.00597868
-0.00593473
-0.00588736
-0.00583671
-0.00578288
-0.00572602
-0.00566625
-0.00560373
-0.0055386
-0.00547101
-0.00540109
-0.00532899
-0.00525486
-0.00517881
-0.00510099
-0.00502151
-0.0049405
-0.00485807
-0.00477432
-0.00468936
-0.00460329
-0.00451619
-0.00442815
-0.00433925
-0.00424955
-0.00415914
-0.00406807
-0.00397641
-0.00388421
-0.00379152
-0.00369838
-0.00360485
-0.00351095
-0.00341673
-0.00332223
-0.00322746
-0.00313245
-0.00303724
-0.00294184
-0.00284628
-0.00275057
-0.00265474
-0.00255879
-0.00246273
-0.00236659
-0.00227038
-0.0021741
-0.00207777
-0.00198138
-0.00188496
-0.0017885
-0.001692
-0.00159548
-0.00149895
-0.00140239
-0.00130582
-0.00120925
-0.00111267
-0.00101607
-0.000919451
-0.000822825
-0.00072619
-0.000629551
-0.000532917
-0.000436271
-0.000339584
-0.000242902
-0.0001464
-4.97416e-05
-0.0082482
-0.00787347
-0.0075521
-0.00728651
-0.00706665
-0.00688541
-0.00673747
-0.00661806
-0.00652283
-0.00644794
-0.00638997
-0.00634589
-0.00631303
-0.00628903
-0.00627183
-0.00625961
-0.00625082
-0.00624411
-0.00623833
-0.00623249
-0.00622577
-0.0062175
-0.00620712
-0.00619417
-0.00617832
-0.00615929
-0.0061369
-0.006111
-0.00608154
-0.00604847
-0.00601182
-0.00597161
-0.00592792
-0.00588084
-0.00583048
-0.00577695
-0.00572039
-0.00566093
-0.00559871
-0.00553387
-0.00546656
-0.00539692
-0.0053251
-0.00525122
-0.00517542
-0.00509784
-0.00501859
-0.00493779
-0.00485557
-0.00477201
-0.00468724
-0.00460134
-0.0045144
-0.00442651
-0.00433774
-0.00424818
-0.00415789
-0.00406694
-0.00397538
-0.00388327
-0.00379067
-0.00369762
-0.00360416
-0.00351033
-0.00341618
-0.00332173
-0.00322701
-0.00313206
-0.00303689
-0.00294153
-0.00284601
-0.00275033
-0.00265452
-0.0025586
-0.00246257
-0.00236645
-0.00227025
-0.00217399
-0.00207768
-0.00198131
-0.0018849
-0.00178844
-0.00169196
-0.00159545
-0.00149893
-0.00140238
-0.00130581
-0.00120924
-0.00111267
-0.00101608
-0.00091947
-0.000822835
-0.000726203
-0.000629573
-0.000532934
-0.000436277
-0.000339589
-0.000242909
-0.000146415
-4.97847e-05
-0.00826479
-0.00790062
-0.00757661
-0.00730629
-0.0070828
-0.00689865
-0.00674819
-0.00662657
-0.00652941
-0.00645284
-0.0063934
-0.00634804
-0.00631408
-0.00628913
-0.00627112
-0.00625822
-0.00624885
-0.00624167
-0.00623549
-0.00622935
-0.00622239
-0.00621394
-0.00620344
-0.00619042
-0.00617453
-0.0061555
-0.00613314
-0.0061073
-0.00607791
-0.00604494
-0.00600839
-0.00596831
-0.00592475
-0.0058778
-0.00582758
-0.00577419
-0.00571777
-0.00565845
-0.00559637
-0.00553167
-0.0054645
-0.00539499
-0.00532329
-0.00524953
-0.00517385
-0.00509638
-0.00501724
-0.00493654
-0.00485441
-0.00477094
-0.00468626
-0.00460045
-0.00451358
-0.00442575
-0.00433705
-0.00424754
-0.00415731
-0.00406641
-0.00397491
-0.00388285
-0.00379028
-0.00369727
-0.00360385
-0.00351005
-0.00341593
-0.0033215
-0.00322681
-0.00313187
-0.00303673
-0.00294139
-0.00284588
-0.00275022
-0.00265442
-0.00255851
-0.00246249
-0.00236639
-0.0022702
-0.00217395
-0.00207764
-0.00198128
-0.00188487
-0.00178843
-0.00169194
-0.00159544
-0.00149892
-0.00140237
-0.00130581
-0.00120924
-0.00111266
-0.00101607
-0.000919463
-0.000822848
-0.000726224
-0.000629598
-0.000532963
-0.0004363
-0.000339605
-0.000242914
-0.000146407
-4.98029e-05
-0.00826503
-0.00790084
-0.00757682
-0.00730649
-0.00708299
-0.00689883
-0.00674836
-0.00662673
-0.00652957
-0.00645298
-0.00639354
-0.00634818
-0.00631421
-0.00628925
-0.00627123
-0.00625833
-0.00624896
-0.00624177
-0.00623559
-0.00622944
-0.00622248
-0.00621402
-0.00620351
-0.00619049
-0.0061746
-0.00615557
-0.0061332
-0.00610736
-0.00607797
-0.00604499
-0.00600844
-0.00596836
-0.00592479
-0.00587785
-0.00582762
-0.00577423
-0.00571781
-0.00565849
-0.0055964
-0.0055317
-0.00546453
-0.00539502
-0.00532332
-0.00524956
-0.00517388
-0.0050964
-0.00501726
-0.00493657
-0.00485443
-0.00477096
-0.00468628
-0.00460046
-0.0045136
-0.00442577
-0.00433706
-0.00424756
-0.00415732
-0.00406642
-0.00397492
-0.00388286
-0.0037903
-0.00369728
-0.00360386
-0.00351006
-0.00341593
-0.00332151
-0.00322682
-0.00313188
-0.00303674
-0.0029414
-0.00284589
-0.00275022
-0.00265443
-0.00255852
-0.0024625
-0.00236639
-0.00227021
-0.00217396
-0.00207765
-0.00198129
-0.00188488
-0.00178843
-0.00169195
-0.00159545
-0.00149892
-0.00140237
-0.00130581
-0.00120924
-0.00111266
-0.00101607
-0.000919466
-0.000822853
-0.000726232
-0.000629609
-0.000532975
-0.000436312
-0.000339611
-0.000242917
-0.000146412
-4.98054e-05
-0.0082489
-0.00787413
-0.00755272
-0.0072871
-0.00706722
-0.00688594
-0.00673798
-0.00661854
-0.00652329
-0.00644838
-0.00639039
-0.00634629
-0.00631341
-0.00628939
-0.00627217
-0.00625994
-0.00625113
-0.00624441
-0.00623861
-0.00623276
-0.00622603
-0.00621774
-0.00620735
-0.00619439
-0.00617853
-0.00615949
-0.00613708
-0.00611118
-0.00608171
-0.00604863
-0.00601197
-0.00597176
-0.00592806
-0.00588098
-0.00583061
-0.00577707
-0.0057205
-0.00566103
-0.00559881
-0.00553397
-0.00546665
-0.00539701
-0.00532518
-0.0052513
-0.0051755
-0.00509791
-0.00501865
-0.00493786
-0.00485563
-0.00477207
-0.00468729
-0.00460139
-0.00451445
-0.00442656
-0.00433779
-0.00424822
-0.00415793
-0.00406698
-0.00397542
-0.00388331
-0.00379071
-0.00369765
-0.00360419
-0.00351036
-0.00341621
-0.00332175
-0.00322704
-0.00313208
-0.00303692
-0.00294156
-0.00284603
-0.00275035
-0.00265454
-0.00255862
-0.00246259
-0.00236647
-0.00227027
-0.00217402
-0.0020777
-0.00198133
-0.00188492
-0.00178847
-0.00169198
-0.00159547
-0.00149894
-0.00140239
-0.00130582
-0.00120925
-0.00111267
-0.00101607
-0.000919476
-0.000822861
-0.00072623
-0.000629603
-0.000532971
-0.000436319
-0.000339626
-0.000242928
-0.000146411
-4.97768e-05
-0.00821056
-0.00781577
-0.00749951
-0.00724394
-0.00703198
-0.00685704
-0.00671457
-0.00659994
-0.0065089
-0.00643766
-0.00638286
-0.00634153
-0.00631105
-0.0062891
-0.00627364
-0.0062629
-0.00625535
-0.00624967
-0.00624471
-0.00623953
-0.00623333
-0.00622543
-0.0062153
-0.00620252
-0.00618673
-0.0061677
-0.00614523
-0.00611921
-0.00608957
-0.00605629
-0.00601939
-0.00597892
-0.00593495
-0.00588758
-0.00583691
-0.00578307
-0.0057262
-0.00566643
-0.0056039
-0.00553876
-0.00547116
-0.00540123
-0.00532913
-0.00525499
-0.00517893
-0.00510111
-0.00502162
-0.00494061
-0.00485817
-0.00477442
-0.00468945
-0.00460338
-0.00451627
-0.00442823
-0.00433932
-0.00424962
-0.00415921
-0.00406814
-0.00397647
-0.00388427
-0.00379157
-0.00369844
-0.0036049
-0.003511
-0.00341678
-0.00332227
-0.0032275
-0.0031325
-0.00303729
-0.00294189
-0.00284632
-0.00275061
-0.00265477
-0.00255882
-0.00246277
-0.00236663
-0.00227041
-0.00217413
-0.0020778
-0.00198142
-0.00188499
-0.00178853
-0.00169204
-0.00159552
-0.00149898
-0.00140241
-0.00130585
-0.00120927
-0.00111269
-0.00101608
-0.00091947
-0.000822857
-0.000726233
-0.000629601
-0.000532966
-0.000436316
-0.000339625
-0.000242928
-0.000146406
-4.97365e-05
-0.00814406
-0.00772237
-0.00741379
-0.00717398
-0.00697481
-0.00681011
-0.0066765
-0.00656968
-0.00648545
-0.00642015
-0.00637052
-0.0063337
-0.00630711
-0.0062885
-0.00627591
-0.00626759
-0.00626208
-0.00625807
-0.00625448
-0.0062504
-0.00624503
-0.00623777
-0.00622808
-0.00621557
-0.00619991
-0.00618088
-0.00615831
-0.0061321
-0.0061022
-0.00606859
-0.00603132
-0.00599044
-0.00594603
-0.00589819
-0.00584704
-0.00579271
-0.00573535
-0.00567509
-0.00561207
-0.00554646
-0.00547839
-0.00540801
-0.00533547
-0.0052609
-0.00518445
-0.00510623
-0.00502638
-0.00494501
-0.00486225
-0.00477818
-0.00469292
-0.00460656
-0.00451919
-0.0044309
-0.00434177
-0.00425187
-0.00416126
-0.00407
-0.00397817
-0.0038858
-0.00379296
-0.00369969
-0.00360603
-0.00351202
-0.0034177
-0.0033231
-0.00322824
-0.00313316
-0.00303787
-0.00294241
-0.00284679
-0.00275102
-0.00265513
-0.00255914
-0.00246305
-0.00236687
-0.00227063
-0.00217432
-0.00207796
-0.00198156
-0.00188511
-0.00178863
-0.00169213
-0.00159559
-0.00149904
-0.00140247
-0.00130589
-0.0012093
-0.0011127
-0.0010161
-0.000919481
-0.000822857
-0.000726225
-0.000629585
-0.000532948
-0.0004363
-0.000339609
-0.000242913
-0.000146385
-4.96843e-05
-0.00804235
-0.0075906
-0.00729262
-0.00707453
-0.00689349
-0.00674341
-0.00662244
-0.00652673
-0.00645225
-0.00639545
-0.00635324
-0.00632285
-0.00630182
-0.006288
-0.00627948
-0.00627463
-0.006272
-0.00627038
-0.00626874
-0.00626619
-0.00626202
-0.00625563
-0.00624655
-0.00623441
-0.00621892
-0.00619988
-0.00617715
-0.00615065
-0.00612036
-0.00608628
-0.00604846
-0.00600697
-0.00596191
-0.0059134
-0.00586156
-0.00580653
-0.00574845
-0.00568748
-0.00562377
-0.00555747
-0.00548873
-0.0054177
-0.00534453
-0.00526936
-0.00519232
-0.00511355
-0.00503317
-0.0049513
-0.00486805
-0.00478354
-0.00469786
-0.0046111
-0.00452336
-0.00443472
-0.00434527
-0.00425506
-0.00416417
-0.00407265
-0.00398057
-0.00388799
-0.00379494
-0.00370148
-0.00360764
-0.00351347
-0.003419
-0.00332426
-0.00322929
-0.00313409
-0.00303871
-0.00294315
-0.00284744
-0.0027516
-0.00265565
-0.00255959
-0.00246344
-0.00236722
-0.00227093
-0.00217458
-0.00207819
-0.00198175
-0.00188528
-0.00178878
-0.00169224
-0.00159569
-0.00149912
-0.00140254
-0.00130594
-0.00120934
-0.00111273
-0.00101611
-0.000919488
-0.000822851
-0.000726206
-0.000629559
-0.000532922
-0.000436274
-0.00033958
-0.000242885
-0.00014635
-4.96202e-05
-0.00789739
-0.00741718
-0.00713351
-0.00694325
-0.00678609
-0.00665544
-0.00655128
-0.00647039
-0.0064089
-0.00636345
-0.00633113
-0.00630932
-0.00629571
-0.00628826
-0.00628517
-0.00628489
-0.00628609
-0.00628762
-0.00628852
-0.00628799
-0.00628536
-0.0062801
-0.00627179
-0.00626009
-0.00624478
-0.00622568
-0.0062027
-0.00617578
-0.00614493
-0.00611018
-0.00607159
-0.00602927
-0.00598333
-0.00593389
-0.0058811
-0.00582511
-0.00576607
-0.00570414
-0.00563948
-0.00557224
-0.0055026
-0.00543069
-0.00535667
-0.00528068
-0.00520286
-0.00512334
-0.00504224
-0.0049597
-0.00487581
-0.0047907
-0.00470445
-0.00461716
-0.00452892
-0.00443981
-0.00434992
-0.0042593
-0.00416803
-0.00407616
-0.00398376
-0.00389088
-0.00379756
-0.00370384
-0.00360977
-0.00351539
-0.00342073
-0.00332581
-0.00323067
-0.00313532
-0.0030398
-0.00294412
-0.00284831
-0.00275237
-0.00265632
-0.00256018
-0.00246396
-0.00236767
-0.00227133
-0.00217493
-0.00207848
-0.001982
-0.00188549
-0.00178896
-0.0016924
-0.00159582
-0.00149922
-0.00140262
-0.00130601
-0.00120939
-0.00111276
-0.00101613
-0.000919494
-0.000822846
-0.000726187
-0.000629531
-0.000532894
-0.000436239
-0.00033953
-0.000242834
-0.000146303
-4.95499e-05
-0.00770051
-0.00719902
-0.00693467
-0.00677843
-0.00665119
-0.00654522
-0.00646245
-0.00640041
-0.00635549
-0.00632452
-0.00630481
-0.00629394
-0.00628976
-0.00629039
-0.00629417
-0.00629967
-0.00630568
-0.00631115
-0.00631523
-0.00631718
-0.00631643
-0.00631253
-0.0063051
-0.0062939
-0.00627873
-0.00625949
-0.0062361
-0.00620858
-0.00617694
-0.00614127
-0.00610166
-0.00605822
-0.00601109
-0.00596043
-0.00590638
-0.00584912
-0.00578881
-0.00572562
-0.00565972
-0.00559127
-0.00552044
-0.00544739
-0.00537226
-0.00529521
-0.00521638
-0.00513589
-0.00505387
-0.00497045
-0.00488574
-0.00479985
-0.00471286
-0.00462489
-0.00453601
-0.0044463
-0.00435585
-0.00426471
-0.00417295
-0.00408064
-0.00398783
-0.00389456
-0.00380088
-0.00370684
-0.00361247
-0.00351782
-0.0034229
-0.00332776
-0.00323241
-0.00313688
-0.00304118
-0.00294535
-0.00284939
-0.00275333
-0.00265717
-0.00256093
-0.00246462
-0.00236824
-0.00227182
-0.00217535
-0.00207885
-0.00198232
-0.00188576
-0.00178918
-0.00169258
-0.00159597
-0.00149935
-0.00140272
-0.00130608
-0.00120944
-0.0011128
-0.00101615
-0.000919497
-0.000822835
-0.000726165
-0.000629502
-0.000532859
-0.0004362
-0.000339488
-0.000242783
-0.000146225
-4.94528e-05
-0.00744293
-0.00693353
-0.00669528
-0.00657933
-0.00648823
-0.00641257
-0.00635614
-0.00631735
-0.00629285
-0.00627974
-0.00627557
-0.00627816
-0.00628557
-0.0062961
-0.00630827
-0.00632081
-0.00633263
-0.00634284
-0.00635068
-0.00635556
-0.006357
-0.00635461
-0.00634815
-0.00633741
-0.00632228
-0.00630271
-0.00627871
-0.00625032
-0.0062176
-0.00618069
-0.0061397
-0.00609479
-0.00604611
-0.00599385
-0.00593819
-0.00587929
-0.00581735
-0.00575255
-0.00568507
-0.00561508
-0.00554275
-0.00546824
-0.00539172
-0.00531333
-0.00523321
-0.0051515
-0.00506832
-0.00498381
-0.00489806
-0.00481119
-0.00472329
-0.00463446
-0.00454477
-0.00445431
-0.00436316
-0.00427137
-0.00417901
-0.00408615
-0.00399282
-0.00389907
-0.00380496
-0.00371052
-0.00361578
-0.00352079
-0.00342557
-0.00333014
-0.00323453
-0.00313877
-0.00304287
-0.00294684
-0.00285071
-0.00275449
-0.00265819
-0.00256182
-0.0024654
-0.00236892
-0.00227241
-0.00217586
-0.00207928
-0.00198268
-0.00188607
-0.00178943
-0.00169279
-0.00159615
-0.00149949
-0.00140283
-0.00130616
-0.0012095
-0.00111283
-0.00101616
-0.000919496
-0.000822821
-0.000726136
-0.000629463
-0.000532815
-0.000436144
-0.000339413
-0.000242704
-0.000146142
-4.93551e-05
-0.00711639
-0.00661887
-0.00641577
-0.00634645
-0.00629787
-0.00625848
-0.0062337
-0.00622282
-0.00622288
-0.00623123
-0.00624571
-0.00626441
-0.00628565
-0.00630796
-0.00633005
-0.00635085
-0.00636946
-0.00638514
-0.0063973
-0.00640546
-0.00640928
-0.00640849
-0.00640294
-0.00639253
-0.00637724
-0.00635708
-0.00633213
-0.0063025
-0.00626831
-0.00622973
-0.00618693
-0.0061401
-0.00608943
-0.00603513
-0.00597739
-0.00591643
-0.00585243
-0.00578561
-0.00571614
-0.00564422
-0.00557001
-0.0054937
-0.00541544
-0.00533539
-0.00525368
-0.00517047
-0.00508587
-0.005
-0.00491298
-0.00482491
-0.00473589
-0.004646
-0.00455534
-0.00446396
-0.00437196
-0.00427938
-0.00418629
-0.00409274
-0.00399879
-0.00390447
-0.00380983
-0.0037149
-0.00361973
-0.00352433
-0.00342873
-0.00333297
-0.00323705
-0.00314101
-0.00304485
-0.00294859
-0.00285226
-0.00275585
-0.00265939
-0.00256287
-0.00246631
-0.00236971
-0.00227309
-0.00217644
-0.00207978
-0.00198311
-0.00188642
-0.00178973
-0.00169303
-0.00159634
-0.00149964
-0.00140294
-0.00130625
-0.00120955
-0.00111286
-0.00101617
-0.000919487
-0.000822797
-0.000726098
-0.000629414
-0.000532756
-0.000436077
-0.000339337
-0.000242621
-0.000146039
-4.92405e-05
-0.00671388
-0.00625436
-0.00609814
-0.00608208
-0.00608245
-0.00608559
-0.00609806
-0.00612005
-0.00614898
-0.00618252
-0.00621885
-0.00625637
-0.00629369
-0.00632961
-0.0063631
-0.00639332
-0.00641958
-0.00644135
-0.00645822
-0.00646987
-0.00647612
-0.00647685
-0.00647202
-0.00646165
-0.00644583
-0.00642465
-0.00639829
-0.00636691
-0.00633071
-0.00628992
-0.00624475
-0.00619543
-0.00614221
-0.00608531
-0.00602497
-0.0059614
-0.00589484
-0.0058255
-0.00575357
-0.00567926
-0.00560276
-0.00552423
-0.00544385
-0.00536177
-0.00527813
-0.00519309
-0.00510675
-0.00501925
-0.0049307
-0.00484118
-0.00475081
-0.00465966
-0.00456781
-0.00447534
-0.00438232
-0.00428879
-0.00419483
-0.00410048
-0.00400578
-0.00391078
-0.00381551
-0.00372001
-0.00362431
-0.00352843
-0.00343239
-0.00333623
-0.00323995
-0.00314358
-0.00304713
-0.00295061
-0.00285403
-0.00275741
-0.00266074
-0.00256405
-0.00246734
-0.0023706
-0.00227385
-0.00217709
-0.00208033
-0.00198357
-0.00188681
-0.00179005
-0.00169329
-0.00159654
-0.0014998
-0.00140306
-0.00130633
-0.0012096
-0.00111288
-0.00101617
-0.00091946
-0.000822752
-0.000726043
-0.000629351
-0.000532687
-0.000435999
-0.000339253
-0.000242527
-0.000145916
-4.91122e-05
-0.00623011
-0.00584084
-0.00574642
-0.00579074
-0.00584663
-0.00589882
-0.00595444
-0.0060144
-0.00607661
-0.00613913
-0.00620048
-0.00625945
-0.00631499
-0.00636621
-0.0064124
-0.00645299
-0.00648756
-0.0065158
-0.00653753
-0.00655265
-0.00656115
-0.00656307
-0.00655853
-0.00654769
-0.00653074
-0.00650791
-0.00647946
-0.00644563
-0.00640671
-0.00636299
-0.00631473
-0.00626223
-0.00620575
-0.00614558
-0.00608197
-0.00601517
-0.00594543
-0.00587298
-0.00579804
-0.00572082
-0.00564151
-0.00556029
-0.00547734
-0.00539281
-0.00530686
-0.00521961
-0.00513121
-0.00504176
-0.00495137
-0.00486014
-0.00476816
-0.00467551
-0.00458227
-0.0044885
-0.00439428
-0.00429964
-0.00420465
-0.00410936
-0.00401379
-0.00391799
-0.00382199
-0.00372582
-0.00362951
-0.00353307
-0.00343653
-0.00333991
-0.00324322
-0.00314647
-0.00304967
-0.00295285
-0.00285599
-0.00275912
-0.00266224
-0.00256535
-0.00246846
-0.00237157
-0.00227468
-0.00217779
-0.00208092
-0.00198406
-0.00188721
-0.00179038
-0.00169355
-0.00159674
-0.00149994
-0.00140316
-0.00130641
-0.00120965
-0.00111289
-0.00101615
-0.00091942
-0.0008227
-0.000725979
-0.000629272
-0.000532595
-0.000435902
-0.000339153
-0.00024242
-0.000145782
-4.89775e-05
-0.00566306
-0.00538157
-0.00536754
-0.00548031
-0.00559837
-0.00570621
-0.00581093
-0.00591398
-0.00601379
-0.00610887
-0.0061982
-0.00628099
-0.00635657
-0.00642447
-0.00648431
-0.00653586
-0.00657902
-0.00661376
-0.00664016
-0.00665837
-0.00666857
-0.00667104
-0.00666604
-0.00665391
-0.00663497
-0.00660959
-0.00657811
-0.00654091
-0.00649834
-0.00645076
-0.00639851
-0.00634193
-0.00628135
-0.00621707
-0.0061494
-0.00607861
-0.00600498
-0.00592874
-0.00585014
-0.00576939
-0.00568669
-0.00560225
-0.00551622
-0.00542878
-0.00534006
-0.00525021
-0.00515936
-0.00506761
-0.00497506
-0.00488182
-0.00478797
-0.00469357
-0.00459871
-0.00450344
-0.00440781
-0.00431189
-0.00421572
-0.00411933
-0.00402277
-0.00392605
-0.00382922
-0.00373228
-0.00363528
-0.00353821
-0.0034411
-0.00334395
-0.00324679
-0.00314962
-0.00305244
-0.00295527
-0.00285811
-0.00276097
-0.00266384
-0.00256673
-0.00246964
-0.00237257
-0.00227553
-0.00217851
-0.00208152
-0.00198455
-0.00188761
-0.0017907
-0.0016938
-0.00159693
-0.00150007
-0.00140325
-0.00130645
-0.00120966
-0.00111287
-0.0010161
-0.000919357
-0.000822621
-0.000725888
-0.000629174
-0.000532492
-0.000435796
-0.000339048
-0.000242304
-0.000145628
-4.88323e-05
-0.0050167
-0.00488617
-0.00497594
-0.00516531
-0.00535121
-0.00552061
-0.00567982
-0.00583046
-0.00597155
-0.00610218
-0.00622182
-0.00633015
-0.006427
-0.00651232
-0.00658616
-0.00664869
-0.00670016
-0.00674089
-0.00677126
-0.00679168
-0.00680262
-0.00680455
-0.00679796
-0.00678335
-0.00676122
-0.00673207
-0.00669636
-0.00665459
-0.00660719
-0.00655461
-0.00649727
-0.00643556
-0.00636985
-0.00630051
-0.00622786
-0.00615221
-0.00607385
-0.00599305
-0.00591006
-0.0058251
-0.00573839
-0.00565013
-0.00556048
-0.00546961
-0.00537767
-0.00528479
-0.00519109
-0.00509667
-0.00500165
-0.00490609
-0.00481009
-0.00471369
-0.00461697
-0.00451998
-0.00442277
-0.00432538
-0.00422787
-0.00413025
-0.00403256
-0.00393481
-0.00383704
-0.00373926
-0.00364148
-0.00354371
-0.00344596
-0.00334825
-0.00325057
-0.00315293
-0.00305534
-0.0029578
-0.0028603
-0.00276286
-0.00266546
-0.00256812
-0.00247082
-0.00237357
-0.00227637
-0.0021792
-0.00208208
-0.001985
-0.00188797
-0.00179097
-0.00169401
-0.00159707
-0.00150017
-0.00140329
-0.00130645
-0.00120962
-0.00111281
-0.00101603
-0.00091926
-0.000822505
-0.00072576
-0.000629041
-0.000532355
-0.000435655
-0.000338908
-0.000242162
-0.00014547
-4.86928e-05
-0.00428011
-0.00436159
-0.0045846
-0.00486172
-0.00512384
-0.00536274
-0.00558319
-0.00578676
-0.00597321
-0.00614235
-0.00629431
-0.00642938
-0.00654796
-0.00665057
-0.00673779
-0.00681026
-0.00686868
-0.00691378
-0.0069463
-0.00696699
-0.00697662
-0.00697592
-0.00696561
-0.00694641
-0.00691899
-0.00688401
-0.00684209
-0.00679381
-0.00673974
-0.0066804
-0.00661628
-0.00654783
-0.0064755
-0.00639966
-0.00632069
-0.00623893
-0.00615468
-0.00606823
-0.00597983
-0.00588974
-0.00579815
-0.00570526
-0.00561125
-0.00551628
-0.00542048
-0.00532399
-0.00522691
-0.00512934
-0.00503136
-0.00493302
-0.00483437
-0.00473565
-0.00463684
-0.00453794
-0.00443902
-0.00434002
-0.00424101
-0.00414202
-0.00404308
-0.00394419
-0.00384538
-0.00374665
-0.00364801
-0.00354947
-0.00345103
-0.00335269
-0.00325445
-0.00315631
-0.00305827
-0.00296033
-0.00286248
-0.00276471
-0.00266704
-0.00256945
-0.00247193
-0.00237449
-0.00227711
-0.0021798
-0.00208255
-0.00198537
-0.00188823
-0.00179115
-0.00169412
-0.00159713
-0.00150018
-0.00140326
-0.00130638
-0.00120952
-0.00111269
-0.00101588
-0.000919106
-0.000822339
-0.000725585
-0.000628861
-0.000532173
-0.000435472
-0.000338727
-0.00024199
-0.000145299
-4.85563e-05
-0.00345672
-0.00380151
-0.00417967
-0.00456403
-0.00492229
-0.00524889
-0.00554629
-0.00581597
-0.00605851
-0.00627459
-0.00646517
-0.00663137
-0.00677443
-0.00689563
-0.0069963
-0.00707776
-0.00714133
-0.0071883
-0.00721994
-0.00723744
-0.00724197
-0.00723461
-0.00721642
-0.00718837
-0.00715137
-0.00710629
-0.00705392
-0.00699501
-0.00693023
-0.00686022
-0.00678556
-0.00670678
-0.00662437
-0.00653876
-0.00645037
-0.00635956
-0.00626666
-0.00617197
-0.00607575
-0.00597824
-0.00587966
-0.00578019
-0.00568001
-0.00557925
-0.00547806
-0.00537655
-0.00527481
-0.00517294
-0.00507101
-0.0049691
-0.00486727
-0.00476541
-0.00466357
-0.00456186
-0.00446029
-0.00435895
-0.00425785
-0.00415698
-0.00405634
-0.00395592
-0.00385573
-0.00375576
-0.003656
-0.00355645
-0.00345711
-0.00335797
-0.00325901
-0.00316023
-0.00306163
-0.00296318
-0.00286489
-0.00276673
-0.00266871
-0.00257082
-0.00247305
-0.00237538
-0.0022778
-0.00218032
-0.00208293
-0.00198561
-0.00188837
-0.0017912
-0.0016941
-0.00159705
-0.00150005
-0.00140308
-0.00130616
-0.00120928
-0.00111243
-0.00101562
-0.000918817
-0.000822034
-0.000725294
-0.000628592
-0.000531897
-0.000435186
-0.000338453
-0.000241739
-0.000145071
-4.84019e-05
)
;

boundaryField
{
    inlet
    {
        type            calculated;
        value           nonuniform List<scalar> 
30
(
0.00438497
0.00612495
0.0081086
0.0101581
0.0121785
0.0140903
0.0158447
0.0174121
0.0187742
0.0199207
0.0208489
0.021563
0.0220733
0.0223952
0.0225431
0.0225433
0.0223957
0.0220742
0.0215642
0.0208505
0.0199225
0.0187763
0.0174146
0.0158474
0.0140932
0.0121815
0.0101612
0.00811174
0.00612811
0.00438811
)
;
    }
    outlet
    {
        type            calculated;
        value           uniform 0;
    }
    top
    {
        type            calculated;
        value           nonuniform List<scalar> 
135
(
0.00438811
0.00435944
0.00430913
0.00412737
0.00317259
-0.00251098
-0.001998
-0.000681183
0.000278856
0.000965815
0.00151019
0.00193986
0.00227118
0.00253087
0.00272426
0.00284205
0.00293816
0.00299307
0.00300485
0.00297143
0.00288755
0.00274768
0.00255003
0.00229292
0.00197354
0.00159009
0.00122218
0.00082026
0.000398189
-2.75276e-05
-0.000446976
-0.000852253
-0.00122536
-0.00155604
-0.00198083
-0.00345672
-0.00380151
-0.00417967
-0.00456403
-0.00492229
-0.00524889
-0.00554629
-0.00581597
-0.00605851
-0.00627459
-0.00646517
-0.00663137
-0.00677443
-0.00689563
-0.0069963
-0.00707776
-0.00714133
-0.0071883
-0.00721994
-0.00723744
-0.00724197
-0.00723461
-0.00721642
-0.00718837
-0.00715137
-0.00710629
-0.00705392
-0.00699501
-0.00693023
-0.00686022
-0.00678556
-0.00670678
-0.00662437
-0.00653876
-0.00645037
-0.00635956
-0.00626666
-0.00617197
-0.00607575
-0.00597824
-0.00587966
-0.00578019
-0.00568001
-0.00557925
-0.00547806
-0.00537655
-0.00527481
-0.00517294
-0.00507101
-0.0049691
-0.00486727
-0.00476541
-0.00466357
-0.00456186
-0.00446029
-0.00435895
-0.00425785
-0.00415698
-0.00405634
-0.00395592
-0.00385573
-0.00375576
-0.003656
-0.00355645
-0.00345711
-0.00335797
-0.00325901
-0.00316023
-0.00306163
-0.00296318
-0.00286489
-0.00276673
-0.00266871
-0.00257082
-0.00247305
-0.00237538
-0.0022778
-0.00218032
-0.00208293
-0.00198561
-0.00188837
-0.0017912
-0.0016941
-0.00159705
-0.00150005
-0.00140308
-0.00130616
-0.00120928
-0.00111243
-0.00101562
-0.000918817
-0.000822034
-0.000725294
-0.000628592
-0.000531897
-0.000435186
-0.000338453
-0.000241739
-0.000145071
-4.84019e-05
)
;
    }
    bottom
    {
        type            calculated;
        value           nonuniform List<scalar> 
135
(
0.00438497
0.00435627
0.00430595
0.00412421
0.0031695
-0.0025143
-0.00200146
-0.000684691
0.000275367
0.000962354
0.00150673
0.00193655
0.00226826
0.00252839
0.00272224
0.00284051
0.00293714
0.00299261
0.00300499
0.00297221
0.00288896
0.0027497
0.00255263
0.00229603
0.00197709
0.00159393
0.00122642
0.000824791
0.000402877
-2.2877e-05
-0.000442447
-0.000847814
-0.00122097
-0.00155157
-0.00197599
-0.00345271
-0.00379765
-0.00417597
-0.00456052
-0.00491894
-0.0052457
-0.00554325
-0.00581307
-0.00605574
-0.00627195
-0.00646264
-0.00662896
-0.00677213
-0.00689343
-0.00699419
-0.00707575
-0.00713941
-0.00718646
-0.00721818
-0.00723576
-0.00724036
-0.00723307
-0.00721495
-0.00718696
-0.00715003
-0.00710501
-0.00705269
-0.00699383
-0.00692911
-0.00685915
-0.00678453
-0.0067058
-0.00662343
-0.00653786
-0.00644951
-0.00635874
-0.00626588
-0.00617122
-0.00607503
-0.00597755
-0.005879
-0.00577956
-0.0056794
-0.00557868
-0.00547751
-0.00537602
-0.00527431
-0.00517246
-0.00507055
-0.00496866
-0.00486687
-0.004765
-0.00466317
-0.00456147
-0.00445991
-0.00435859
-0.00425751
-0.00415665
-0.00405601
-0.00395561
-0.00385543
-0.00375546
-0.00365571
-0.00355617
-0.00345684
-0.0033577
-0.00325876
-0.00315998
-0.00306138
-0.00296294
-0.00286465
-0.0027665
-0.00266849
-0.0025706
-0.00247283
-0.00237516
-0.0022776
-0.00218013
-0.00208275
-0.00198544
-0.0018882
-0.00179103
-0.00169392
-0.00159687
-0.00149987
-0.00140291
-0.00130599
-0.00120911
-0.00111226
-0.00101545
-0.000918689
-0.00082196
-0.000725243
-0.000628537
-0.000531844
-0.00043515
-0.000338431
-0.000241724
-0.000145064
-4.84007e-05
)
;
    }
    obstacle
    {
        type            calculated;
        value           nonuniform List<scalar> 
120
(
0.0561882
0.0542149
0.0500002
0.0448311
0.0393903
0.0337754
0.0279796
0.0220383
0.0160114
0.00996118
0.0039473
-0.00197452
-0.00775352
-0.0133451
-0.0187114
-0.0238215
-0.0286506
-0.0331794
-0.037395
-0.0412889
-0.0448517
-0.0480764
-0.0509754
-0.0535526
-0.0558159
-0.0577896
-0.0595208
-0.0609928
-0.0618495
-0.0614175
-0.0635698
-0.064014
-0.0652477
-0.0666777
-0.0679833
-0.0691205
-0.0701017
-0.0709293
-0.0716097
-0.0721619
-0.0725951
-0.0729183
-0.0731406
-0.0732783
-0.0733475
-0.0733479
-0.0732794
-0.0731424
-0.0729211
-0.0725986
-0.0721661
-0.0716145
-0.0709348
-0.0701076
-0.0691267
-0.0679896
-0.0666839
-0.0652539
-0.0640199
-0.0635755
0.0561885
0.0542155
0.0500005
0.0448312
0.0393903
0.0337755
0.0279796
0.0220382
0.0160109
0.00996036
0.00394603
-0.00197626
-0.00775574
-0.0133478
-0.0187145
-0.023825
-0.0286545
-0.0331835
-0.0373993
-0.0412934
-0.0448564
-0.0480811
-0.0509801
-0.0535574
-0.0558206
-0.0577943
-0.0595256
-0.0609976
-0.0618546
-0.0614228
0.0627259
0.0671446
0.0728493
0.078775
0.0843204
0.0893462
0.0938237
0.0977263
0.101039
0.103772
0.105953
0.107614
0.108796
0.109548
0.109912
0.109912
0.109548
0.108796
0.107615
0.105954
0.103773
0.101039
0.097727
0.0938244
0.0893467
0.0843206
0.0787749
0.0728491
0.0671444
0.0627259
)
;
    }
    frontAndBack
    {
        type            empty;
    }
}


// ************************************************************************* //
