/*--------------------------------*- C++ -*----------------------------------*\
  =========                 |
  \\      /  F ield         | OpenFOAM: The Open Source CFD Toolbox
   \\    /   O peration     | Website:  https://openfoam.org
    \\  /    A nd           | Version:  12
     \\/     M anipulation  |
\*---------------------------------------------------------------------------*/
FoamFile
{
    format      ascii;
    class       volScalarField;
    location    "200";
    object      pPrime2Mean;
}
// * * * * * * * * * * * * * * * * * * * * * * * * * * * * * * * * * * * * * //

dimensions      [0 4 -4 0 0 0 0];

internalField   nonuniform List<scalar> 
6750
(
0.00646227
0.00645263
0.00644028
0.00642934
0.00641821
0.00646713
0.00645391
0.00643314
0.00640848
0.0063827
0.00650004
0.00648364
0.00645667
0.0064221
0.00638497
0.0065598
0.00654232
0.00651328
0.00647542
0.00643487
0.00664296
0.00662695
0.00660026
0.00656509
0.00652742
0.00674374
0.00673146
0.0067108
0.00668298
0.00665305
0.00685484
0.00684799
0.0068361
0.00681908
0.00680058
0.00696855
0.00696822
0.00696687
0.00696295
0.00695843
0.00707768
0.00708435
0.00709433
0.00710456
0.00711535
0.00717619
0.00718975
0.0072109
0.00723519
0.00726135
0.00725951
0.00727934
0.00731069
0.00734791
0.00738832
0.00732471
0.00734981
0.00738972
0.00743786
0.00749045
0.00737041
0.0073995
0.0074459
0.00750236
0.00756431
0.00739657
0.00742825
0.00747883
0.0075407
0.00760881
0.00740425
0.00743711
0.00748954
0.00755388
0.00762484
0.00739523
0.0074279
0.00748008
0.00754412
0.00761475
0.00736946
0.00740062
0.0074504
0.00751136
0.00757847
0.00732536
0.00735358
0.00739867
0.00745361
0.0075139
0.00726215
0.00728607
0.00732422
0.00737029
0.0074206
0.00718012
0.00719854
0.00722774
0.00726245
0.00730008
0.00708093
0.00709291
0.00711165
0.00713311
0.00715612
0.00696775
0.00697276
0.00698017
0.0069874
0.00699486
0.00684535
0.00684333
0.00683938
0.00683241
0.00682453
0.00671993
0.00671142
0.00669697
0.00667699
0.00665521
0.00659881
0.00658493
0.00656182
0.00653117
0.00649811
0.00648976
0.00647224
0.00644323
0.00640539
0.00636482
0.00640014
0.00638123
0.00635002
0.00630967
0.00626645
0.00633573
0.006318
0.006289
0.00625208
0.00621252
0.00630001
0.00628558
0.00626295
0.0062361
0.00620806
0.00629403
0.0062834
0.00626954
0.00625689
0.00624425
0.00638135
0.00633129
0.00623558
0.00610079
0.0059293
0.00572286
0.00548216
0.00520789
0.00490272
0.00457066
0.00421572
0.00384659
0.00347128
0.00309896
0.00273886
0.00239919
0.00208653
0.00180534
0.00155772
0.00134337
0.00116023
0.00100773
0.000880746
0.000775805
0.000689721
0.000619454
0.000562485
0.000516507
0.000479852
0.000456671
0.00638679
0.00630405
0.00618247
0.00602632
0.00583694
0.00561548
0.00536345
0.00508314
0.00477812
0.00445242
0.0041095
0.00375803
0.00340421
0.0030555
0.0027191
0.00240136
0.00210738
0.00184067
0.00160311
0.0013952
0.0012164
0.0010628
0.000933808
0.00082605
0.000736634
0.00066308
0.00060306
0.000554212
0.000514027
0.000483141
0.00636405
0.00625588
0.00611406
0.00594251
0.00574103
0.00551071
0.00525327
0.00497139
0.00466913
0.00434995
0.00401844
0.00368226
0.00334657
0.00301752
0.00270082
0.00240138
0.00212313
0.00186885
0.00164012
0.00143742
0.00126025
0.00110745
0.000977127
0.000867026
0.000774795
0.000698171
0.000635001
0.000583045
0.000540435
0.000507748
0.00632743
0.00620263
0.00604631
0.00586385
0.00565517
0.00542066
0.00516183
0.00488157
0.00458385
0.00427137
0.00395011
0.00362614
0.00330416
0.00298953
0.00268705
0.00240084
0.00213414
0.0018893
0.00166772
0.00146987
0.00129546
0.00114374
0.00101315
0.000901868
0.000807851
0.000728986
0.000663037
0.000607894
0.000562341
0.000530037
0.00628636
0.00614985
0.00598258
0.00579178
0.00557843
0.00534218
0.00508433
0.00480752
0.00451526
0.00420981
0.00389771
0.00358372
0.00327236
0.00296849
0.00267646
0.00239998
0.00214199
0.00190461
0.00168911
0.00149594
0.00132486
0.00117507
0.00104529
0.000933877
0.000838959
0.000758513
0.000690307
0.000632094
0.000583929
0.000552037
0.00624728
0.00610182
0.00592639
0.00572924
0.00551248
0.00527595
0.00502026
0.0047477
0.00446101
0.0041624
0.00385814
0.00355214
0.00324885
0.00295284
0.0026683
0.00239883
0.00214729
0.00191574
0.00170536
0.00151654
0.00134894
0.00120168
0.00107345
0.000962647
0.000867462
0.000785968
0.000715923
0.000655212
0.000604891
0.000573619
0.00621423
0.00606179
0.00587996
0.00567818
0.005459
0.00522281
0.00496977
0.00470157
0.00441995
0.00412754
0.00382967
0.00352982
0.00323235
0.00294176
0.00266227
0.00239754
0.00215055
0.00192337
0.00171717
0.0015322
0.001368
0.0012235
0.00109724
0.000987521
0.00089253
0.000810424
0.000739032
0.000676399
0.000624375
0.000593923
0.00619055
0.00603252
0.00584554
0.00564004
0.00541945
0.00518367
0.00493327
0.00466899
0.00439162
0.0041044
0.00381133
0.00351577
0.00322207
0.00293474
0.00265816
0.00239623
0.0021521
0.00192796
0.00172497
0.00154329
0.00138223
0.00124051
0.00111642
0.0010081
0.000913719
0.00083132
0.000759028
0.000695077
0.000641759
0.000612136
0.00617925
0.00601657
0.00582502
0.00561625
0.00539457
0.00515929
0.00491109
0.00464993
0.00437589
0.00409248
0.00380252
0.0035094
0.00321749
0.00293143
0.00265584
0.00239495
0.00215215
0.0019298
0.00172907
0.00155002
0.00139173
0.00125265
0.00113081
0.00102413
0.00093071
0.000848501
0.000775782
0.000710855
0.000656544
0.000627595
0.00618331
0.00601645
0.00582041
0.00560832
0.0053854
0.00515061
0.00490382
0.00464459
0.00437284
0.00409158
0.00380296
0.0035104
0.00321832
0.0029316
0.00265521
0.00239372
0.00215082
0.00192906
0.00172963
0.00155249
0.00139651
0.00125985
0.00114026
0.00103543
0.000943206
0.000861664
0.000788924
0.000723318
0.000668234
0.000639713
0.00620575
0.00603474
0.00583383
0.00561784
0.00539308
0.00515826
0.00491209
0.00465349
0.00438272
0.00410182
0.00381265
0.00351868
0.00322445
0.00293518
0.00265621
0.00239253
0.00214815
0.00192579
0.0017267
0.00155073
0.00139655
0.00126203
0.00114463
0.00104177
0.000951085
0.00087056
0.000798087
0.000732056
0.000676373
0.000647993
0.00624995
0.0060743
0.00586768
0.00564677
0.00541925
0.00518349
0.00493674
0.00467742
0.00440604
0.00412356
0.00383183
0.00353438
0.00323596
0.00294217
0.00265884
0.00239138
0.00214413
0.00191998
0.00172025
0.00154469
0.00139178
0.0012591
0.00114381
0.00104304
0.000954117
0.000874911
0.000802898
0.000736654
0.000680566
0.000652049
0.00631977
0.00613852
0.00592501
0.00569779
0.00546637
0.00522792
0.00497902
0.00471753
0.00444359
0.00415744
0.00386096
0.00355779
0.00325301
0.00295267
0.00266314
0.00239026
0.00213871
0.00191157
0.00171022
0.0015343
0.0013821
0.00125095
0.00113768
0.00103905
0.000952025
0.000874192
0.000802949
0.000736755
0.000680504
0.000651623
0.00641991
0.00623148
0.00600946
0.00577404
0.00553681
0.00529385
0.0050409
0.00477536
0.0044966
0.00420441
0.00390073
0.0035894
0.00327591
0.00296686
0.00266917
0.00238916
0.00213182
0.00190045
0.00169646
0.00151944
0.00136744
0.0012375
0.0011261
0.00102958
0.00094459
0.000868265
0.000797977
0.000732138
0.000676042
0.000646641
0.00655602
0.00635837
0.00612573
0.0058797
0.00563439
0.00538454
0.00512503
0.00485307
0.00456677
0.00426578
0.00395208
0.00362984
0.00330506
0.00298496
0.00267704
0.00238807
0.00212337
0.00188647
0.00167882
0.00149994
0.00134764
0.00121861
0.00110891
0.00101448
0.000931555
0.000856892
0.000787842
0.000722753
0.000667246
0.000637305
0.00673525
0.00652589
0.00628013
0.00602057
0.00576425
0.00550437
0.00523534
0.00495369
0.00465644
0.00434324
0.00401622
0.00367992
0.00334097
0.00300727
0.00268686
0.00238696
0.00211327
0.0018695
0.00165715
0.00147563
0.00132251
0.00119404
0.00108587
0.000993514
0.000912723
0.000839968
0.000772567
0.000708784
0.000654487
0.000624238
0.00696696
0.00674296
0.00648117
0.0062044
0.00593331
0.00565945
0.00537709
0.00508125
0.00476867
0.00443901
0.00409463
0.00374061
0.00338427
0.00303411
0.00269872
0.0023858
0.0021014
0.0018494
0.00163131
0.00144636
0.00129181
0.00116354
0.00105669
0.000966367
0.000887978
0.000817574
0.000752457
0.000690815
0.000638658
0.000608708
0.00726379
0.00702164
0.00674027
0.00644137
0.00615059
0.00585777
0.0055565
0.00524076
0.00490728
0.00455581
0.00418918
0.00381314
0.00343564
0.00306579
0.0027127
0.00238452
0.00208762
0.00182601
0.00160112
0.00141192
0.00125535
0.00112688
0.00102123
0.000933051
0.000857414
0.00079012
0.0007283
0.000670096
0.000621526
0.000593049
0.00764312
0.00737813
0.00707245
0.00674491
0.0064279
0.00610929
0.00578154
0.00543848
0.00507695
0.00469702
0.00430219
0.00389891
0.00349582
0.00310259
0.00272883
0.00238305
0.00207182
0.00179917
0.00156637
0.0013721
0.00121297
0.00108405
0.00097965
0.000893958
0.000821756
0.000758699
0.000701816
0.000649114
0.000606342
0.000581309
0.00812896
0.00783446
0.00749786
0.00713265
0.00678038
0.00642619
0.00606222
0.00568216
0.00528341
0.00486669
0.00443628
0.00399947
0.00356556
0.00314478
0.00274712
0.0023813
0.0020539
0.00176877
0.00152695
0.00132683
0.00116471
0.00103532
0.000932593
0.000850299
0.000782905
0.000725923
0.000676508
0.000632606
0.000599026
0.000580532
0.00875489
0.00842137
0.00804437
0.00762876
0.00722786
0.00682474
0.00641122
0.0059815
0.00553369
0.00506954
0.0045944
0.00411645
0.00364565
0.00319265
0.0027676
0.00237919
0.00203372
0.00173471
0.00148284
0.00127625
0.00111096
0.000981501
0.000881475
0.000804346
0.000744258
0.000696671
0.000658832
0.000629155
0.000610126
0.000603167
0.00956806
0.00918099
0.00875022
0.00826572
0.00779741
0.00732663
0.0068453
0.0063487
0.00583624
0.00531111
0.0047799
0.00425171
0.003737
0.00324654
0.00279032
0.0023766
0.00201114
0.00169693
0.0014342
0.00122082
0.00105267
0.000924196
0.000828919
0.000760146
0.000711822
0.000679432
0.000660412
0.00065385
0.000658014
0.000671097
0.0106322
0.0101708
0.00966788
0.00908761
0.00852532
0.00796056
0.00738573
0.00679887
0.00620128
0.00559793
0.00499672
0.00440743
0.00384064
0.00330681
0.00281524
0.00237333
0.00198599
0.00165544
0.00138141
0.00116148
0.000991561
0.000866278
0.00077945
0.000724603
0.00069578
0.000688603
0.000700698
0.000732229
0.000773138
0.00082047
0.0120276
0.0114655
0.0108648
0.0101522
0.00945879
0.00876251
0.00805897
0.00735045
0.00664104
0.00593771
0.0052494
0.00458602
0.00395764
0.00337369
0.00284215
0.00236904
0.00195801
0.00161032
0.00132512
0.00109981
0.000930506
0.000812494
0.000740508
0.000709039
0.00071287
0.000747852
0.000811663
0.000905083
0.0010027
0.00110474
0.0138477
0.0131523
0.0124235
0.0115315
0.0106562
0.0097759
0.0088962
0.00802484
0.00716952
0.0063391
0.00554284
0.00478989
0.00408881
0.00344706
0.00287047
0.00236298
0.00192658
0.00156137
0.00126595
0.00103773
0.000873523
0.000769896
0.000723474
0.000730896
0.000788723
0.000893357
0.001041
0.001231
0.00141182
0.00159315
0.0161889
0.0153201
0.0144256
0.0132941
0.0121692
0.0110401
0.00992561
0.00884155
0.00779973
0.0068103
0.00588178
0.00502134
0.0042348
0.00352644
0.00289894
0.00235344
0.00188981
0.0015069
0.00120298
0.000976052
0.00082435
0.000746801
0.000743205
0.000813796
0.000958086
0.00117288
0.00145047
0.00178295
0.00207873
0.00236759
0.0191029
0.0180094
0.0168924
0.0154538
0.0140105
0.0125697
0.0111642
0.00981937
0.00855081
0.00736914
0.0062814
0.00529199
0.00440314
0.00361527
0.00292728
0.00233713
0.00184245
0.00144101
0.00113124
0.00091252
0.000785595
0.000752864
0.000818279
0.000986324
0.00125961
0.00163443
0.00209646
0.00262431
0.00308041
0.00351158
0.0227912
0.0213222
0.0198427
0.0180438
0.0162487
0.0144684
0.0127416
0.0110989
0.00956032
0.00813952
0.00684512
0.00568134
0.00464879
0.00374544
0.00296756
0.00231089
0.00177163
0.00134722
0.0010369
0.00084191
0.000765331
0.000811768
0.000986431
0.00129348
0.00173359
0.00230013
0.00297537
0.00373549
0.00444701
0.00513253
0.0285179
0.0266227
0.0247073
0.0224875
0.0202495
0.0179904
0.0157628
0.0136171
0.0115929
0.00972115
0.00802219
0.00650678
0.00517782
0.00403295
0.00306719
0.00227528
0.00165354
0.00120078
0.000918968
0.000812453
0.000885994
0.00114245
0.00158057
0.00219125
0.00295596
0.00384419
0.00481707
0.00585046
0.00675636
0.00765721
0.0463712
0.0429723
0.0391118
0.0351861
0.0312708
0.0273656
0.0235575
0.0199303
0.0165524
0.0134773
0.0107392
0.00835323
0.00631959
0.00462986
0.00327285
0.00223992
0.00152864
0.00114475
0.00110062
0.00141234
0.00209507
0.0031566
0.00459027
0.00637133
0.00845539
0.0107788
0.013262
0.0158845
0.0185755
0.0210078
0.00639566
0.00636253
0.00633364
0.00630643
0.00628237
0.00626316
0.0062511
0.0062487
0.00625861
0.00628369
0.00632703
0.00639216
0.0064832
0.00660512
0.006764
0.00696748
0.00722548
0.0075515
0.00796432
0.00849041
0.00916728
0.0100478
0.0112034
0.012722
0.0147039
0.0172585
0.0205032
0.0247896
0.0312812
0.0501708
0.00635866
0.00633456
0.00631411
0.00629749
0.00628749
0.00628535
0.00629258
0.00631108
0.00634309
0.00639131
0.00645889
0.00654961
0.00666799
0.00681957
0.00701117
0.00725143
0.00755167
0.0079272
0.00839905
0.0089965
0.00976067
0.0107488
0.012037
0.0137184
0.0158978
0.0187023
0.0223365
0.0272231
0.0342781
0.0542537
0.00636364
0.0063586
0.00635644
0.00635749
0.00636483
0.00638024
0.00640574
0.00644358
0.00649625
0.00656661
0.00665803
0.00677451
0.0069209
0.00710315
0.00732871
0.0076071
0.00795096
0.00837724
0.0089091
0.00957842
0.0104295
0.0115235
0.0129409
0.0147782
0.0171428
0.0201787
0.0241691
0.029604
0.0370559
0.0587829
0.00642065
0.00643495
0.00645183
0.00647163
0.00649784
0.00653261
0.00657822
0.00663716
0.00671217
0.00680639
0.00692346
0.00706768
0.00724428
0.00745964
0.00772183
0.00804119
0.00843141
0.00891076
0.00950381
0.010244
0.0111771
0.0123657
0.0138908
0.0158461
0.0183337
0.0215119
0.0257696
0.0317656
0.0394926
0.0636475
0.00652237
0.00655424
0.00658942
0.00662788
0.00667336
0.00672838
0.00679549
0.00687732
0.00697682
0.00709733
0.00724276
0.00741775
0.0076279
0.00788008
0.00818294
0.00854764
0.00898888
0.00952599
0.0101845
0.0109988
0.012015
0.0132953
0.0149184
0.0169714
0.0195462
0.0228134
0.0272907
0.0339019
0.0417002
0.0687926
0.00665848
0.00670582
0.00675801
0.00681466
0.00687943
0.00695507
0.00704437
0.00715018
0.00727562
0.00742421
0.0076001
0.0078082
0.00805444
0.00834615
0.00869251
0.0091054
0.00960024
0.0101972
0.0109222
0.0118098
0.0129053
0.0142689
0.0159745
0.0180992
0.0207212
0.0240232
0.0286832
0.0360382
0.0436928
0.0744103
0.00681745
0.00687826
0.00694591
0.0070199
0.00710358
0.00719979
0.00731147
0.00744164
0.0075936
0.00777109
0.00797845
0.00822081
0.00850436
0.0088368
0.00922776
0.00968965
0.0102384
0.0108946
0.0116841
0.0126408
0.0138086
0.0152442
0.0170153
0.0191861
0.0218179
0.025105
0.0299152
0.0382193
0.0455253
0.0807706
0.00698734
0.00705975
0.00714122
0.00723133
0.0073331
0.00744928
0.00758288
0.00773703
0.00791521
0.00812132
0.00835986
0.00863617
0.00895662
0.00932917
0.00976383
0.0102733
0.0108738
0.0115858
0.0124351
0.0134542
0.0146851
0.0161806
0.0180015
0.0201968
0.0228076
0.0260368
0.0309618
0.0404876
0.0472733
0.088163
0.00715641
0.00723876
0.00733236
0.00743711
0.00755564
0.00769061
0.00784497
0.00802194
0.00822507
0.00845838
0.00872652
0.00903496
0.00939023
0.00980047
0.0102759
0.0108294
0.0114771
0.0122394
0.0131413
0.0142143
0.0154981
0.0170422
0.0188999
0.0211039
0.0236708
0.0268088
0.0318046
0.0428727
0.0490288
0.0968208
0.00731406
0.00740481
0.00750887
0.00762652
0.00776007
0.00791205
0.00808533
0.00828311
0.00850897
0.00876702
0.00906195
0.00939934
0.0097859
0.0102298
0.0107414
0.0113335
0.0120221
0.0128271
0.0137732
0.0148906
0.0162173
0.0177997
0.019685
0.0218879
0.0243967
0.0274222
0.032437
0.0453803
0.0508869
0.106808
0.00745159
0.00754926
0.00766205
0.00779065
0.00793712
0.00810382
0.00829352
0.00850935
0.0087549
0.00903426
0.0093522
0.00971434
0.0101275
0.0105998
0.0111416
0.0117657
0.0124877
0.0133274
0.0143086
0.0154608
0.0168205
0.0184326
0.020339
0.0225363
0.0249811
0.0278867
0.0328674
0.0479781
0.0529152
0.117881
0.00756262
0.00766574
0.00778552
0.00792297
0.00807993
0.00825863
0.00846173
0.00869226
0.00895377
0.00925035
0.00958681
0.0099688
0.0104031
0.0108979
0.0114634
0.0121122
0.0128599
0.0137257
0.0147333
0.0159111
0.017295
0.0189288
0.0208518
0.0230429
0.0254247
0.0282166
0.0331193
0.0505785
0.0551123
0.129356
0.0076433
0.00775045
0.00787541
0.00801948
0.00818432
0.00837202
0.00858512
0.0088266
0.00909998
0.00940934
0.00975949
0.0101561
0.0106058
0.0111169
0.0116993
0.0123657
0.0131315
0.0140156
0.0150413
0.0162365
0.0176365
0.0192854
0.0212209
0.0234069
0.0257323
0.0284276
0.0332275
0.0530333
0.0573718
0.140143
0.00769228
0.00780203
0.00793039
0.00807881
0.0082488
0.00844236
0.00866194
0.00891051
0.00919156
0.00950918
0.00986813
0.010274
0.0107336
0.0112549
0.0118479
0.0125253
0.0133022
0.0141975
0.015234
0.0164395
0.0178489
0.019507
0.0214511
0.0236338
0.0259145
0.0285379
0.0332325
0.0550948
0.059427
0.148892
0.0077104
0.00782142
0.00795144
0.00810196
0.00827442
0.00847076
0.0086934
0.00894531
0.00922998
0.0095515
0.00991459
0.0103248
0.0107888
0.0113148
0.0119128
0.0125951
0.0133772
0.0142777
0.0153193
0.0165295
0.0179433
0.0196058
0.0215549
0.0237369
0.0259934
0.0285785
0.033193
0.0562796
0.0607239
0.153876
0.00770014
0.00781121
0.00794127
0.00809182
0.00826427
0.00846056
0.00868313
0.00893494
0.0092195
0.00954086
0.00990375
0.0103137
0.0107774
0.0113032
0.0119009
0.0125832
0.0133653
0.0142659
0.0153078
0.0165184
0.0179328
0.0195962
0.0215465
0.0237296
0.0259869
0.0285732
0.0331815
0.0562581
0.0607085
0.154067
0.00766145
0.00777136
0.00789988
0.00804842
0.00821843
0.0084119
0.00863131
0.00887963
0.00916036
0.00947755
0.00983594
0.0102411
0.0106998
0.0112203
0.0118129
0.0124899
0.0132669
0.0141627
0.0152001
0.0164069
0.0178183
0.019479
0.0214266
0.0236125
0.0258959
0.0285226
0.0332001
0.0550376
0.0593865
0.149439
0.0075921
0.00769951
0.00782481
0.00796919
0.00813422
0.00832193
0.00853489
0.00877609
0.00904903
0.00935776
0.00970705
0.0101025
0.0105511
0.011061
0.0116427
0.0123087
0.0130747
0.0139597
0.0149869
0.0161844
0.0175877
0.0192412
0.021182
0.0233731
0.025703
0.0284037
0.0331811
0.0529596
0.057321
0.140976
0.00749171
0.00759525
0.00771556
0.00785359
0.00801102
0.00819
0.00839314
0.00862349
0.00888457
0.00918043
0.00951586
0.00989656
0.0103294
0.0108229
0.0113874
0.0120358
0.0127839
0.0136511
0.0146609
0.0158421
0.0172306
0.0188705
0.0208002
0.0229978
0.0253864
0.0281864
0.0330691
0.0505111
0.0550668
0.130396
0.00736209
0.00746034
0.00757391
0.00770342
0.0078507
0.00801802
0.00820809
0.00842399
0.00866924
0.00894793
0.00926483
0.00962563
0.0100373
0.0105082
0.0110491
0.0116728
0.0123954
0.0132368
0.014221
0.0153774
0.0167428
0.0183618
0.0202758
0.0224807
0.0249353
0.0278532
0.0328247
0.0479365
0.0528876
0.119056
0.0072075
0.00729906
0.00740416
0.00752306
0.00765781
0.00781082
0.00798487
0.00818307
0.00840894
0.00866653
0.00896057
0.00929672
0.00968185
0.0101245
0.0106351
0.011227
0.0119164
0.0127235
0.0136729
0.0147952
0.0161281
0.0177178
0.0196108
0.0218222
0.0243446
0.0273891
0.0324129
0.0453785
0.0508877
0.108057
0.00703463
0.00711811
0.0072131
0.00731948
0.00743961
0.00757604
0.00773161
0.00790944
0.008113
0.00834624
0.00861382
0.00892126
0.00927534
0.00968446
0.0101591
0.0107125
0.0113612
0.0121255
0.0130309
0.0141089
0.0153989
0.0169499
0.018815
0.0210287
0.0236138
0.0267804
0.0318082
0.0429176
0.0490664
0.098096
0.00685237
0.00692635
0.00700964
0.00710184
0.00720565
0.00732374
0.00745902
0.00761454
0.00779367
0.00800022
0.00823869
0.00851444
0.00883403
0.00920564
0.00963964
0.0101491
0.0107505
0.0114646
0.0123171
0.0133408
0.0145771
0.0160786
0.0179063
0.0201129
0.0227477
0.0260175
0.0309988
0.0405801
0.0473552
0.0894334
0.00667135
0.00673431
0.00680434
0.00688092
0.00696714
0.00706574
0.00717958
0.00731164
0.00746513
0.00764368
0.00785156
0.00809389
0.00837693
0.0087086
0.00909888
0.00956062
0.0101101
0.010768
0.0115604
0.0125209
0.0136929
0.0151332
0.0169107
0.0190949
0.0217574
0.0250985
0.0299873
0.0383563
0.0456591
0.0820217
0.00650326
0.00655343
0.00660862
0.00666841
0.0067362
0.00681469
0.00690663
0.00701481
0.00714231
0.00729254
0.00746953
0.00767807
0.00792411
0.00821512
0.0085607
0.0089732
0.00946842
0.0100667
0.0107939
0.0116842
0.0127827
0.0141498
0.0158618
0.0180026
0.0206626
0.0240322
0.0287889
0.0362153
0.0438867
0.0756431
0.00635997
0.00639537
0.00643416
0.00647624
0.00652512
0.00658332
0.00665337
0.00673791
0.00683982
0.00696234
0.00710922
0.00728494
0.00749502
0.00774652
0.00804846
0.00841251
0.00885381
0.00939179
0.0100519
0.010868
0.0118862
0.0131694
0.0147995
0.0168719
0.0194921
0.0228392
0.0274269
0.0341155
0.0419631
0.0700201
0.00625292
0.00627142
0.0062924
0.00631609
0.00634583
0.00638381
0.00643236
0.00649397
0.00657135
0.00666753
0.00678601
0.00693094
0.00710745
0.00732207
0.00758322
0.00790178
0.00829187
0.00877189
0.0093661
0.0101076
0.0110425
0.0122344
0.0137683
0.0157471
0.0182869
0.021555
0.0259321
0.0320139
0.0398333
0.0648908
0.00619231
0.00619209
0.00619434
0.00619924
0.0062098
0.00622795
0.00625585
0.00629576
0.00635018
0.0064219
0.0065142
0.00663098
0.00677703
0.00695844
0.00718296
0.00746063
0.00780446
0.0082315
0.00876463
0.00943563
0.0102893
0.0113886
0.0128183
0.0146843
0.0171073
0.0202397
0.0243549
0.0298872
0.0374825
0.0600651
0.00618542
0.00616664
0.00615052
0.00613717
0.00612952
0.00612906
0.0061375
0.00615683
0.00618933
0.00623769
0.00630509
0.00639531
0.00651294
0.00666362
0.00685445
0.00709439
0.00739507
0.00777191
0.00824588
0.00884645
0.00961557
0.0106123
0.0119174
0.0136326
0.0158739
0.0187756
0.022534
0.0275302
0.0347719
0.0555689
0.00622388
0.00619547
0.00616938
0.00614386
0.00612063
0.00610155
0.00608901
0.00608565
0.00609426
0.00611783
0.00615955
0.00622308
0.00631271
0.0064336
0.00659202
0.00679575
0.00705481
0.00738288
0.00779917
0.00833058
0.00901542
0.00990847
0.0110851
0.0126413
0.0146856
0.0173335
0.0206989
0.0251074
0.0318178
0.0515104
0.0476953
0.0442375
0.0402636
0.0361929
0.0321271
0.0280789
0.0241409
0.0204004
0.0169271
0.0137746
0.010976
0.00854473
0.00647925
0.00476924
0.00340191
0.00236739
0.00166234
0.00129203
0.00126855
0.00160757
0.00232364
0.00342334
0.00489777
0.00671885
0.00883785
0.0111861
0.0136796
0.0162956
0.018961
0.0213638
0.0290786
0.027198
0.02526
0.0229787
0.0206684
0.0183391
0.0160485
0.0138501
0.0117842
0.00988081
0.00815897
0.00662775
0.00528853
0.00413768
0.00316916
0.00237686
0.0017563
0.00130549
0.00102568
0.000920597
0.000994454
0.00124964
0.00168453
0.00228965
0.00304611
0.00392283
0.00488117
0.00589855
0.00677841
0.00766646
0.0231237
0.0216791
0.0202029
0.0183796
0.0165464
0.0147248
0.0129584
0.0112812
0.00971454
0.00827215
0.00696197
0.00578716
0.00474728
0.00383927
0.00305853
0.00239992
0.00185872
0.00143132
0.00111587
0.000912488
0.000823391
0.00085271
0.00100575
0.00128738
0.00169955
0.00223733
0.00288545
0.00362333
0.00431426
0.00499398
0.0193003
0.0182206
0.0171056
0.0156522
0.0141882
0.0127267
0.0113024
0.00994183
0.0086608
0.00746975
0.00637534
0.00538146
0.00448986
0.00370044
0.00301164
0.00242084
0.00192494
0.00152078
0.00120572
0.000978135
0.000838146
0.000788261
0.00083343
0.000979842
0.00123199
0.00158769
0.00203354
0.00254882
0.00299842
0.00342982
0.016265
0.0154017
0.0145051
0.013366
0.0122355
0.0111044
0.00999022
0.0089078
0.00786797
0.00688039
0.00595347
0.00509441
0.0043091
0.00360184
0.00297523
0.00243012
0.00196585
0.00158054
0.00127157
0.00103619
0.00087238
0.000779611
0.000759162
0.000813385
0.000943829
0.00114851
0.00141959
0.00174788
0.00204285
0.0023315
0.0138327
0.0131391
0.0124078
0.0115145
0.0106433
0.00977321
0.00890627
0.00804806
0.00720462
0.00638398
0.00559525
0.00484788
0.00415084
0.00351194
0.00293719
0.00243042
0.00199327
0.00162532
0.00132458
0.00108816
0.000912958
0.00079636
0.000736432
0.000731579
0.000779882
0.000878537
0.00102352
0.00121283
0.00139485
0.00157651
0.0119511
0.0113912
0.01079
0.0100812
0.00939745
0.00871654
0.00803137
0.00734176
0.00664976
0.00596113
0.0052844
0.00462966
0.00400748
0.00342777
0.00289881
0.00242662
0.00201464
0.00166387
0.00137323
0.0011402
0.000961361
0.000832868
0.000750622
0.000710273
0.000707445
0.000738378
0.000800633
0.000894436
0.000994483
0.00109907
0.0105169
0.0100593
0.0095587
0.00898521
0.0084347
0.00788691
0.00733203
0.00676613
0.00618846
0.00560255
0.00501556
0.0044372
0.00387844
0.00335019
0.00286205
0.00242148
0.00203331
0.00169972
0.00142053
0.00119373
0.00101588
0.000882483
0.000788204
0.000727212
0.000693862
0.00068382
0.000694625
0.000726335
0.000769483
0.000819962
0.00942933
0.00904675
0.00862006
0.00814362
0.00768765
0.00723375
0.00677225
0.00629688
0.00580521
0.00529893
0.00478366
0.00426815
0.00376306
0.00327951
0.00282776
0.00241611
0.00205034
0.00173355
0.00146632
0.00124711
0.00107261
0.000938046
0.000837571
0.000764791
0.000713632
0.00067935
0.000659209
0.00065225
0.000657456
0.000672586
0.00860088
0.00827167
0.00789951
0.00749292
0.00710408
0.00671713
0.00632268
0.00591371
0.00548679
0.00504218
0.00458411
0.00412021
0.00366044
0.00321565
0.00279621
0.00241084
0.00206589
0.00176508
0.0015096
0.00129831
0.00112809
0.000994207
0.000890742
0.000811258
0.00074968
0.000701067
0.000662335
0.000631708
0.000612391
0.000605898
0.00796446
0.0076736
0.007342
0.00698563
0.00664521
0.00630642
0.00596064
0.00560065
0.00522252
0.00482559
0.004413
0.00399132
0.00356966
0.00315831
0.00276742
0.00240571
0.00207981
0.00179385
0.00154942
0.00134574
0.00117994
0.00104751
0.00094272
0.000859351
0.000791522
0.00073422
0.000684106
0.000638898
0.000603989
0.000584615
0.007471
0.00720871
0.00690787
0.00658883
0.00628339
0.00597937
0.00566901
0.00534524
0.00500382
0.0046436
0.00426696
0.00387963
0.00348986
0.00310721
0.0027413
0.00240066
0.00209194
0.00181947
0.0015851
0.00138837
0.00122671
0.0010959
0.000990554
0.000904788
0.000832969
0.000770156
0.000712733
0.00065853
0.000613736
0.00058686
0.00708619
0.00684547
0.00656848
0.00627766
0.00599796
0.00571947
0.0054349
0.00513771
0.00482367
0.00449148
0.00414309
0.00378355
0.00342028
0.00306204
0.00271779
0.00239567
0.00210218
0.0018417
0.00161627
0.00142567
0.00126763
0.00113827
0.0010326
0.00094512
0.000870457
0.000803759
0.000741606
0.000681873
0.000630937
0.000600044
0.00678569
0.00656172
0.00630375
0.00603473
0.00577437
0.00551436
0.00524827
0.00497021
0.00467623
0.00436521
0.00403886
0.00370167
0.00336026
0.00302255
0.00269682
0.00239072
0.00211051
0.00186051
0.00164284
0.00145747
0.00130243
0.00117415
0.00106802
0.000978967
0.000901924
0.000832395
0.000767161
0.000704137
0.000649609
0.000617042
0.00655183
0.00634139
0.00609901
0.00584691
0.00560095
0.00535425
0.00510091
0.00483617
0.00455661
0.00426138
0.0039521
0.00363273
0.00330914
0.00298848
0.00267834
0.00238588
0.00211704
0.00187601
0.00166492
0.00148389
0.00133118
0.0012035
0.00109662
0.0010059
0.000926662
0.000854957
0.000787675
0.000722843
0.000666517
0.000633825
0.0063718
0.00617245
0.00594289
0.00570394
0.00546849
0.00523099
0.00498608
0.0047302
0.00446078
0.00417718
0.00388095
0.00357559
0.00326631
0.00295956
0.00266233
0.00238126
0.00212196
0.00188844
0.00168279
0.00150522
0.00135413
0.00122655
0.00111857
0.00102599
0.000944711
0.000871213
0.000802549
0.000736894
0.000679965
0.000648093
0.00623608
0.00604571
0.00582645
0.00559758
0.00536948
0.00513785
0.00489837
0.00464802
0.00438549
0.00411028
0.00382379
0.00352918
0.00323113
0.0029355
0.00264872
0.00237696
0.00212549
0.00189808
0.00169677
0.00152176
0.00137163
0.00124365
0.00113428
0.00103975
0.000956499
0.000881459
0.000811852
0.000745983
0.000689171
0.000658505
0.00613725
0.00595396
0.00574277
0.00552133
0.00529812
0.00506997
0.00483363
0.00458648
0.00432828
0.00405876
0.00377921
0.00349252
0.003203
0.00291601
0.00263747
0.00237311
0.00212785
0.00190522
0.00170716
0.00153386
0.00138404
0.00125522
0.00114424
0.00104776
0.000962599
0.000886196
0.000815911
0.000750165
0.000693835
0.000664323
0.00606931
0.00589147
0.00568655
0.00547043
0.00525019
0.00502378
0.00478885
0.00454327
0.00428722
0.00402108
0.00374601
0.00346476
0.00318137
0.0029008
0.0026285
0.00236978
0.00212921
0.0019101
0.00171423
0.00154182
0.00139168
0.00126162
0.00114884
0.00105039
0.000963487
0.000885883
0.000815049
0.000749605
0.000693916
0.000665267
0.0060273
0.00585369
0.00565373
0.00544148
0.00522284
0.00499685
0.00476193
0.00451662
0.00426086
0.00399603
0.00372325
0.00344523
0.00316581
0.00288963
0.00262174
0.00236702
0.00212971
0.00191288
0.00171819
0.00154585
0.00139481
0.00126314
0.00114841
0.00104801
0.000959481
0.000880682
0.000809564
0.000744546
0.000689566
0.000661406
0.00600714
0.00583706
0.00564116
0.00543191
0.00521412
0.00498759
0.00475153
0.00450519
0.00424815
0.0039827
0.00371023
0.0034334
0.00315597
0.00288232
0.0026171
0.00236484
0.00212942
0.00191368
0.00171915
0.00154608
0.00139358
0.00125997
0.00114313
0.00104081
0.00095082
0.000871103
0.000799819
0.000735331
0.000681103
0.000653017
0.00600531
0.00583872
0.00564648
0.00543976
0.00522254
0.0049948
0.00475667
0.00450802
0.00424837
0.0039805
0.00370649
0.00342897
0.00315166
0.00287874
0.00261454
0.00236323
0.00212835
0.00191252
0.00171718
0.0015426
0.00138807
0.00125219
0.00113313
0.00102894
0.000937702
0.000857329
0.000786107
0.000722338
0.000668944
0.000640557
0.00601862
0.00585604
0.00566757
0.00546335
0.00524669
0.00501768
0.00477663
0.0045244
0.00426103
0.00398908
0.00371181
0.00343182
0.00315284
0.0028789
0.00261405
0.00236215
0.00212645
0.00190935
0.00171222
0.00153538
0.00137831
0.00123987
0.00111853
0.00101257
0.000920222
0.000839587
0.000768802
0.000705961
0.000653575
0.00062457
0.00604392
0.00588643
0.00570244
0.00550119
0.00528536
0.00505506
0.00481072
0.00455393
0.00428585
0.00400842
0.00372627
0.00344211
0.00315965
0.00288288
0.00261565
0.00236155
0.0021236
0.00190403
0.00170415
0.00152435
0.00136428
0.00122306
0.00109944
0.000991872
0.000898679
0.000818152
0.000748102
0.00068663
0.000635521
0.000605694
0.00607798
0.00592721
0.00574915
0.00555189
0.00533767
0.00510611
0.00485834
0.00459642
0.00432271
0.00403877
0.00375024
0.00346025
0.00317248
0.00289095
0.00261943
0.00236135
0.00211959
0.00189627
0.00169269
0.00150929
0.00134589
0.00120183
0.00107604
0.000967115
0.00087345
0.000793262
0.000724443
0.000664812
0.000615318
0.00058467
0.00611737
0.00597553
0.00580539
0.00561394
0.005402
0.00516985
0.00491888
0.00465176
0.00437181
0.00408072
0.00378447
0.00348701
0.00319196
0.00290351
0.00262552
0.00236142
0.00211408
0.00188563
0.00167739
0.00148986
0.00132298
0.00117623
0.0010486
0.000938716
0.000844968
0.000765532
0.000698317
0.000641054
0.000593626
0.000562368
0.00615804
0.00602828
0.00586881
0.00568495
0.0054768
0.00524515
0.00499189
0.00472015
0.00443394
0.00413555
0.0038304
0.00352378
0.00321925
0.00292132
0.0026342
0.00236159
0.00210658
0.00187144
0.00165759
0.00146557
0.00129529
0.00114635
0.00101754
0.000907342
0.000814063
0.000735827
0.000670498
0.000616034
0.000571369
0.000539737
0.00619394
0.00608141
0.00593628
0.00576221
0.00555994
0.00533093
0.00507745
0.00480262
0.00451094
0.00420567
0.00389082
0.00357316
0.0032565
0.00294588
0.00264622
0.00236188
0.0020965
0.00185277
0.00163227
0.00143556
0.0012624
0.00111203
0.000982997
0.000873431
0.000781411
0.000704959
0.000642045
0.000590577
0.000548715
0.000516951
0.00621655
0.00613
0.00600447
0.00584455
0.00565248
0.00543033
0.0051803
0.00490529
0.00460981
0.00429802
0.00397267
0.00364126
0.00330851
0.00298038
0.002663
0.00236203
0.00208221
0.00182689
0.001598
0.00139621
0.00122128
0.00106969
0.000941386
0.000833519
0.000743747
0.000669883
0.000609728
0.000561156
0.000521664
0.000491784
0.00621425
0.00615941
0.00605767
0.00591673
0.00574008
0.00553021
0.00528931
0.00501938
0.00472356
0.00440613
0.00407016
0.00372291
0.00337072
0.00302103
0.00268175
0.00236029
0.00206279
0.00179363
0.00155495
0.00134678
0.00116743
0.0010167
0.000890048
0.000784572
0.000697524
0.000626332
0.000568822
0.000522818
0.000486637
0.000464439
0.0239103
0.0091109
0.00610279
0.00415504
0.00280755
0.00189469
0.00130145
0.00093959
0.000735572
0.000629641
0.000579906
0.000560776
0.000557617
0.000562104
0.000569394
0.000576653
0.000582269
0.000585388
0.000585654
0.000583023
0.000577625
0.000569707
0.000559588
0.000547627
0.000534195
0.000519657
0.000504318
0.000488122
0.000471092
0.000457441
0.0272045
0.0106362
0.00715634
0.00488583
0.00331378
0.00225724
0.00155733
0.00111453
0.000850547
0.000702044
0.000623384
0.000585384
0.000570464
0.000568134
0.000572048
0.000578312
0.000584561
0.000589378
0.000591938
0.000591845
0.000588985
0.000583439
0.000575408
0.00056516
0.000553
0.000539271
0.000524327
0.000508524
0.00049271
0.000478328
0.0312059
0.0120855
0.00823942
0.00563587
0.00385172
0.00266016
0.00185742
0.00133209
0.00100278
0.000804166
0.000688155
0.000622889
0.00058835
0.000572112
0.00056641
0.000566335
0.000568757
0.000571687
0.000573852
0.000574482
0.000573179
0.000569798
0.000564355
0.000556971
0.000547827
0.000537144
0.000525148
0.000512147
0.000499099
0.000487204
0.035934
0.0133416
0.00928119
0.00629694
0.00434307
0.00305931
0.00217974
0.00158391
0.001192
0.000940789
0.000782461
0.000684163
0.000624369
0.00058913
0.000569388
0.000559214
0.000554666
0.000553105
0.000552746
0.000552397
0.000551305
0.000549035
0.000545371
0.000540244
0.000533686
0.000525769
0.000516558
0.000506237
0.000495888
0.00048717
0.0414766
0.014472
0.0103598
0.00693243
0.00483826
0.00348515
0.00253994
0.00187842
0.00142419
0.00111775
0.000912887
0.000776674
0.000686706
0.000627862
0.000589933
0.000565994
0.000551281
0.000542471
0.000537223
0.000533878
0.000531284
0.000528665
0.000525524
0.000521558
0.000516612
0.000510601
0.000503451
0.000495245
0.000487075
0.000480885
0.0480883
0.0154721
0.011503
0.00751911
0.00531834
0.00392056
0.00292294
0.00220408
0.00169181
0.0013312
0.00107858
0.000901812
0.000778289
0.00069221
0.00063249
0.000591359
0.00056331
0.000544378
0.000531668
0.00052305
0.000516959
0.000512253
0.000508122
0.000504004
0.000499526
0.000494437
0.000488532
0.000481781
0.000475152
0.000470654
0.0560788
0.0163747
0.0127565
0.00804201
0.00577452
0.00435386
0.00331494
0.00254739
0.001983
0.00157166
0.00127264
0.00105511
0.000896729
0.000781427
0.00069757
0.000636736
0.000592811
0.000561288
0.000538784
0.000522731
0.000511171
0.000502611
0.000495924
0.000490277
0.000485068
0.000479866
0.000474324
0.00046828
0.000462489
0.000458824
0.0657548
0.0172386
0.0141698
0.00848875
0.0062017
0.00477307
0.00370049
0.0028921
0.00228216
0.00182515
0.00148331
0.00122716
0.00103487
0.000890357
0.000781689
0.000700015
0.000638768
0.000593028
0.000559029
0.000533845
0.00051518
0.00050123
0.00049058
0.000482137
0.000475075
0.00046877
0.000462725
0.000456632
0.000450987
0.000447383
0.0773185
0.0181453
0.0157875
0.00885023
0.00659653
0.00516498
0.00406326
0.00322112
0.00257233
0.00207573
0.00169622
0.00140552
0.00118225
0.00101041
0.000877976
0.000775836
0.000697135
0.000636657
0.000590371
0.000555095
0.000528281
0.000507875
0.000492224
0.000480009
0.000470193
0.000461969
0.000454686
0.000447889
0.000441803
0.000437648
0.0907531
0.019193
0.0176351
0.00912382
0.00695654
0.00551625
0.00438813
0.00351877
0.00283772
0.00230811
0.00189708
0.00157713
0.00132722
0.00113143
0.000977696
0.000856825
0.000761784
0.000687185
0.000628825
0.000583365
0.000548094
0.000520787
0.000499611
0.000483069
0.000469944
0.000459266
0.000450239
0.000442271
0.000435324
0.000430217
0.105618
0.0204685
0.0197011
0.00931408
0.00727796
0.00581489
0.00466308
0.00377265
0.00306568
0.00250979
0.00207376
0.00173047
0.00145901
0.00124352
0.00107196
0.000935083
0.000825814
0.000738672
0.000669369
0.000614475
0.000571193
0.0005372
0.000510549
0.000489609
0.00047303
0.000459704
0.000448713
0.000439344
0.000431326
0.000425083
0.120927
0.0220028
0.0219145
0.00943186
0.00755422
0.00605208
0.00488042
0.00397464
0.00324782
0.00267219
0.0022176
0.00185689
0.00156914
0.00133856
0.0011531
0.00100354
0.000882804
0.000785383
0.00070696
0.00064407
0.000593877
0.000554015
0.000522472
0.000497538
0.000477765
0.000461943
0.000449061
0.000438305
0.000429214
0.000421861
0.135202
0.0237253
0.0241326
0.00949156
0.00777597
0.00622354
0.00503705
0.0041211
0.00338017
0.00279094
0.00232374
0.00195114
0.00165212
0.00141094
0.0012156
0.00105689
0.000927751
0.000822695
0.00073741
0.000668425
0.000612897
0.000568441
0.00053302
0.000504877
0.00048251
0.000464639
0.00045019
0.000438276
0.000428289
0.000420022
0.146665
0.0254065
0.0260997
0.00950878
0.00793313
0.00633017
0.00513421
0.00421247
0.00346279
0.00286546
0.00239087
0.00201124
0.00170547
0.00145785
0.0012564
0.00109199
0.000957549
0.000847629
0.000757925
0.000684982
0.000625955
0.000578458
0.000540441
0.000510133
0.000486003
0.000466739
0.000451226
0.000438533
0.000427954
0.000419081
0.153076
0.0265319
0.0273005
0.00950713
0.00801436
0.00637798
0.00517753
0.00425303
0.00349928
0.00289843
0.00242071
0.00203809
0.00172941
0.00147896
0.00127483
0.00110788
0.000971076
0.000858976
0.000767286
0.000692552
0.000631931
0.000583031
0.000543805
0.000512486
0.000487536
0.000467636
0.000451653
0.000438633
0.000427822
0.000418708
0.153136
0.0265521
0.0273469
0.00951488
0.00800861
0.00637431
0.00517341
0.00424837
0.00349462
0.00289402
0.00241663
0.00203434
0.001726
0.00147588
0.00127207
0.00110543
0.000968938
0.000857139
0.000765732
0.00069125
0.000630841
0.000582109
0.000543019
0.000511818
0.000486984
0.000467202
0.000451341
0.000438447
0.000427759
0.000418763
0.146837
0.0254615
0.0262262
0.00953219
0.00791785
0.0063198
0.00512244
0.00419899
0.00344921
0.00285255
0.00237888
0.00200025
0.00169549
0.00144884
0.00124835
0.00108487
0.000951354
0.000842316
0.000753432
0.000681211
0.000622787
0.000575772
0.000538149
0.000508192
0.000484406
0.000465495
0.000450346
0.000438023
0.000427811
0.000419287
0.135465
0.0238023
0.0243067
0.00952957
0.00775605
0.00620822
0.00501923
0.00410019
0.00335873
0.00277041
0.00230467
0.0019337
0.00163634
0.00139677
0.001203
0.00104583
0.000918172
0.000814513
0.000730494
0.000662606
0.000607984
0.000564263
0.000529459
0.000501883
0.000480076
0.00046278
0.000448922
0.000437608
0.000428214
0.000420512
0.121257
0.02209
0.0221001
0.0094814
0.00753519
0.00603411
0.00485854
0.00394811
0.00321996
0.00264524
0.00219256
0.00183409
0.00154863
0.0013203
0.00113703
0.000989579
0.000870823
0.000775219
0.000698394
0.000636849
0.000587758
0.000548804
0.000518057
0.000493877
0.00047486
0.000459811
0.000447719
0.000437763
0.000429461
0.000422859
0.105991
0.020559
0.0198685
0.00936983
0.00726432
0.00579672
0.00463915
0.00374243
0.00303309
0.00247789
0.00204409
0.0017036
0.00143506
0.00122246
0.00105369
0.000919437
0.000812575
0.000727561
0.000660056
0.00060663
0.000564543
0.000531566
0.000505843
0.000485809
0.000470148
0.000457759
0.000447722
0.000439313
0.000432238
0.000426885
0.09115
0.0192847
0.0177641
0.00917846
0.00695068
0.00550011
0.00436407
0.00348687
0.00280233
0.00227306
0.00186444
0.00154776
0.00130136
0.00110906
0.000958643
0.000840825
0.000748493
0.000676188
0.000619687
0.000575708
0.000541654
0.000515419
0.000495264
0.000479739
0.000467651
0.000458032
0.000450079
0.000443185
0.000437285
0.000433154
0.0777268
0.0182387
0.0158691
0.00889584
0.00659804
0.00515239
0.00404074
0.00318956
0.00253635
0.00203967
0.00166264
0.00137556
0.00115627
0.000988381
0.000859638
0.000760813
0.000684939
0.000626744
0.000582243
0.000548381
0.000522762
0.000503453
0.000488877
0.000477751
0.000469051
0.000461965
0.00045583
0.000450173
0.000445186
0.000442043
0.0661675
0.0173351
0.014204
0.00851823
0.00620742
0.00476429
0.00368073
0.00286277
0.0022479
0.00179052
0.00145113
0.00119878
0.00101073
0.00087037
0.000765523
0.000687166
0.00062862
0.000584972
0.000552583
0.000528702
0.000511189
0.000498339
0.000488792
0.000481477
0.000475573
0.000470444
0.000465579
0.000460647
0.00045611
0.000453504
0.0564913
0.0164747
0.0127491
0.00805018
0.00577936
0.00434766
0.00329855
0.00252195
0.00195273
0.00154093
0.00124429
0.0010305
0.000876291
0.000765028
0.000684782
0.000626951
0.00058537
0.00055562
0.000534503
0.000519631
0.000509171
0.000501703
0.000496129
0.000491623
0.00048758
0.000483555
0.000479185
0.000474284
0.000469571
0.000466858
0.0484968
0.0155742
0.0114621
0.00750306
0.00531663
0.00391455
0.00290984
0.00218374
0.00166743
0.00130651
0.0010561
0.000882776
0.00076301
0.000680476
0.00062381
0.000585114
0.00055891
0.000541392
0.000529851
0.000522303
0.000517269
0.000513644
0.000510623
0.000507633
0.000504292
0.000500339
0.000495557
0.000489898
0.00048429
0.000480666
0.0418766
0.0145723
0.010293
0.00689164
0.00482539
0.00347671
0.00252956
0.00186381
0.00140687
0.00110041
0.000897506
0.00076418
0.00067725
0.000621166
0.000585519
0.000563342
0.000549977
0.000542265
0.000538012
0.000535658
0.000534094
0.000532541
0.000530479
0.000527591
0.000523707
0.000518742
0.00051262
0.000505417
0.000498186
0.00049278
0.03632
0.0134346
0.00919407
0.00623334
0.00431692
0.00304662
0.00217134
0.00157497
0.00118192
0.000930965
0.000774207
0.00067807
0.000620449
0.0005871
0.000568876
0.000559886
0.000556316
0.000555644
0.000556176
0.000556773
0.000556677
0.00055542
0.000552756
0.000548597
0.000542966
0.000535944
0.000527609
0.000518155
0.000508636
0.00050061
0.0315725
0.0121652
0.00813665
0.00555466
0.00381364
0.00264285
0.00185027
0.001328
0.000998992
0.000800773
0.000685843
0.000622
0.000588851
0.000573808
0.00056911
0.000569911
0.000573155
0.000576907
0.000579928
0.000581454
0.000581053
0.000578542
0.000573916
0.000567291
0.000558845
0.000548821
0.000537474
0.000525144
0.00051278
0.00050149
0.0275509
0.0106925
0.00703801
0.00479617
0.00327053
0.00223786
0.00155138
0.00111402
0.000851232
0.000703048
0.000624994
0.000587863
0.000573858
0.000572412
0.000577213
0.000584406
0.000591591
0.000597313
0.000600734
0.000601419
0.000599236
0.00059426
0.000586693
0.000576818
0.000564962
0.000551502
0.000536853
0.000521431
0.000506099
0.000492231
0.0242512
0.0091382
0.00596973
0.00406754
0.0027665
0.00187568
0.00129608
0.000940545
0.000738162
0.000632571
0.000583312
0.000564945
0.000562712
0.000568231
0.00057666
0.000585144
0.00059196
0.000596139
0.000597233
0.000595154
0.000590048
0.000582204
0.000571981
0.00055978
0.000546025
0.000531137
0.0005155
0.000499164
0.000482246
0.000469024
0.000451582
0.0004377
0.000420105
0.000402677
0.00038625
0.000370794
0.000356241
0.000342558
0.000329703
0.000317618
0.000306239
0.000295506
0.000285361
0.000275753
0.000266632
0.000257958
0.00024969
0.000241794
0.000234238
0.000226994
0.000220037
0.000213343
0.000206891
0.000200662
0.00019464
0.000188809
0.000183155
0.000177666
0.000172329
0.000167136
0.000162077
0.000157144
0.000152329
0.000147625
0.000143028
0.000138531
0.000134131
0.000129822
0.000125602
0.000121467
0.000117415
0.000113442
0.000109547
0.000105729
0.000101984
9.83129e-05
9.47133e-05
9.11845e-05
8.77256e-05
8.43356e-05
8.10138e-05
7.77621e-05
7.45789e-05
7.14633e-05
6.84151e-05
6.54336e-05
6.25185e-05
5.96701e-05
5.68882e-05
5.41729e-05
5.15241e-05
4.89418e-05
4.64259e-05
4.39766e-05
4.15938e-05
3.92774e-05
3.70274e-05
3.48438e-05
3.27266e-05
3.06759e-05
2.86917e-05
2.67741e-05
2.4923e-05
2.31384e-05
2.14202e-05
1.97686e-05
1.81834e-05
1.66646e-05
1.52122e-05
1.38262e-05
1.25065e-05
1.12533e-05
1.00665e-05
8.94583e-06
7.89142e-06
6.90328e-06
5.98139e-06
5.12572e-06
4.33623e-06
3.61268e-06
2.95498e-06
2.36309e-06
1.83715e-06
1.3777e-06
9.84551e-07
6.5686e-07
3.94507e-07
1.98518e-07
6.92462e-08
7.46678e-09
0.000457628
0.00044069
0.000423337
0.000406382
0.000390373
0.000375328
0.000361147
0.000347763
0.000335123
0.000323173
0.000311858
0.000301126
0.000290929
0.000281225
0.000271973
0.000263138
0.000254687
0.000246591
0.000238823
0.000231358
0.000224174
0.000217252
0.000210572
0.000204119
0.000197876
0.00019183
0.000185968
0.000180278
0.00017475
0.000169373
0.00016414
0.000159041
0.000154071
0.000149221
0.000144486
0.000139861
0.000135341
0.000130921
0.000126597
0.000122367
0.000118226
0.000114173
0.000110203
0.000106317
0.00010251
9.87819e-05
9.51308e-05
9.15556e-05
8.80549e-05
8.46281e-05
8.12747e-05
7.79913e-05
7.47786e-05
7.16365e-05
6.85641e-05
6.55617e-05
6.26286e-05
5.97643e-05
5.69686e-05
5.42411e-05
5.15817e-05
4.89901e-05
4.64663e-05
4.40099e-05
4.16211e-05
3.92995e-05
3.70452e-05
3.48579e-05
3.27375e-05
3.06842e-05
2.86978e-05
2.67783e-05
2.49257e-05
2.31399e-05
2.14208e-05
1.97684e-05
1.81826e-05
1.66633e-05
1.52106e-05
1.38243e-05
1.25046e-05
1.12514e-05
1.00645e-05
8.94389e-06
7.88958e-06
6.90149e-06
5.97962e-06
5.12392e-06
4.33435e-06
3.61093e-06
2.95359e-06
2.3622e-06
1.83677e-06
1.37733e-06
9.84005e-07
6.56364e-07
3.94192e-07
1.98363e-07
6.92279e-08
7.46243e-09
0.000462237
0.000443863
0.000425797
0.00040852
0.000392498
0.000377628
0.000363697
0.000350568
0.000338156
0.00032639
0.00031521
0.000304567
0.000294415
0.000284716
0.000275435
0.000266542
0.00025801
0.000249813
0.000241929
0.000234338
0.000227019
0.000219957
0.000213134
0.000206536
0.000200149
0.000193961
0.00018796
0.000182135
0.000176476
0.000170974
0.00016562
0.000160407
0.000155328
0.000150376
0.000145545
0.000140829
0.000136224
0.000131725
0.000127328
0.000123029
0.000118825
0.000114713
0.00011069
0.000106753
0.000102901
9.91316e-05
9.54426e-05
9.18327e-05
8.83004e-05
8.48445e-05
8.14639e-05
7.81577e-05
7.49249e-05
7.17648e-05
6.86766e-05
6.56597e-05
6.27136e-05
5.98377e-05
5.70316e-05
5.4295e-05
5.16275e-05
4.90288e-05
4.64987e-05
4.4037e-05
4.16434e-05
3.93178e-05
3.706e-05
3.48697e-05
3.27469e-05
3.06914e-05
2.87031e-05
2.67821e-05
2.49282e-05
2.31414e-05
2.14215e-05
1.97684e-05
1.8182e-05
1.66624e-05
1.52093e-05
1.38228e-05
1.25028e-05
1.12495e-05
1.00626e-05
8.94204e-06
7.88769e-06
6.89954e-06
5.97766e-06
5.12208e-06
4.33262e-06
3.60922e-06
2.95198e-06
2.36095e-06
1.83587e-06
1.37655e-06
9.83264e-07
6.55772e-07
3.93827e-07
1.98175e-07
6.91552e-08
7.44743e-09
0.000461925
0.00044371
0.000425765
0.000408681
0.000392969
0.000378469
0.000364913
0.000352133
0.000340024
0.00032851
0.000317531
0.000307036
0.000296987
0.000287348
0.000278093
0.000269194
0.00026063
0.000252381
0.000244427
0.000236753
0.000229341
0.000222177
0.000215249
0.000208541
0.000202044
0.000195745
0.000189634
0.000183701
0.000177937
0.000172333
0.000166881
0.000161574
0.000156406
0.000151368
0.000146456
0.000141665
0.000136989
0.000132423
0.000127963
0.000123607
0.000119349
0.000115187
0.000111118
0.000107139
0.000103248
9.94423e-05
9.57206e-05
9.20808e-05
8.85213e-05
8.50407e-05
8.16377e-05
7.83112e-05
7.506e-05
7.18834e-05
6.87803e-05
6.57501e-05
6.2792e-05
5.99055e-05
5.709e-05
5.43451e-05
5.16702e-05
4.9065e-05
4.65292e-05
4.40624e-05
4.16645e-05
3.93351e-05
3.7074e-05
3.4881e-05
3.27558e-05
3.06983e-05
2.87083e-05
2.67858e-05
2.49307e-05
2.31428e-05
2.1422e-05
1.97683e-05
1.81814e-05
1.66613e-05
1.52079e-05
1.38211e-05
1.2501e-05
1.12474e-05
1.00605e-05
8.94005e-06
7.88565e-06
6.89724e-06
5.97534e-06
5.11987e-06
4.33051e-06
3.60723e-06
2.95015e-06
2.35933e-06
1.83445e-06
1.37534e-06
9.82268e-07
6.54999e-07
3.93317e-07
1.97902e-07
6.90524e-08
7.42891e-09
0.000457038
0.000440182
0.00042324
0.000406997
0.000392021
0.00037816
0.000365151
0.000352832
0.000341108
0.000329906
0.000319174
0.000308869
0.000298958
0.000289414
0.000280215
0.000271341
0.000262775
0.000254501
0.000246505
0.000238773
0.000231294
0.000224054
0.000217042
0.000210248
0.000203662
0.000197272
0.000191071
0.000185049
0.000179197
0.000173508
0.000167973
0.000162587
0.000157342
0.000152232
0.000147252
0.000142396
0.000137658
0.000133035
0.000128522
0.000124115
0.00011981
0.000115605
0.000111496
0.00010748
0.000103555
9.97181e-05
9.59677e-05
9.23017e-05
8.87183e-05
8.52159e-05
8.17931e-05
7.84486e-05
7.51812e-05
7.19898e-05
6.88736e-05
6.58315e-05
6.28628e-05
5.99668e-05
5.71429e-05
5.43905e-05
5.1709e-05
4.9098e-05
4.65569e-05
4.40857e-05
4.1684e-05
3.9351e-05
3.70867e-05
3.4891e-05
3.27636e-05
3.07044e-05
2.87129e-05
2.67891e-05
2.49329e-05
2.3144e-05
2.14224e-05
1.97679e-05
1.81804e-05
1.66599e-05
1.52063e-05
1.38193e-05
1.24989e-05
1.1245e-05
1.00579e-05
8.93725e-06
7.88292e-06
6.8948e-06
5.97295e-06
5.1174e-06
4.32805e-06
3.60486e-06
2.94792e-06
2.35722e-06
1.83258e-06
1.3738e-06
9.81028e-07
6.54058e-07
3.92695e-07
1.97564e-07
6.89287e-08
7.40839e-09
0.000449188
0.000434327
0.000418937
0.000403963
0.000390016
0.000376983
0.000364642
0.000352867
0.000341581
0.000330731
0.000320276
0.000310185
0.000300434
0.000291005
0.000281882
0.000273052
0.000264504
0.000256225
0.000248207
0.000240439
0.000232911
0.000225615
0.00021854
0.000211678
0.000205021
0.000198559
0.000192284
0.000186189
0.000180265
0.000174505
0.000168902
0.00016345
0.000158141
0.000152971
0.000147933
0.000143021
0.000138232
0.000133561
0.000129002
0.000124552
0.000120208
0.000115966
0.000111823
0.000107775
0.000103821
9.99572e-05
9.61821e-05
9.24935e-05
8.88894e-05
8.53682e-05
8.19283e-05
7.85683e-05
7.52868e-05
7.20828e-05
6.8955e-05
6.59026e-05
6.29247e-05
6.00205e-05
5.71893e-05
5.44303e-05
5.17431e-05
4.91269e-05
4.65814e-05
4.41062e-05
4.17007e-05
3.93645e-05
3.70975e-05
3.48995e-05
3.27702e-05
3.07093e-05
2.87164e-05
2.67915e-05
2.49343e-05
2.31446e-05
2.14222e-05
1.97671e-05
1.81792e-05
1.66582e-05
1.52042e-05
1.3817e-05
1.24964e-05
1.12425e-05
1.00551e-05
8.9343e-06
7.87983e-06
6.89173e-06
5.96998e-06
5.11451e-06
4.32523e-06
3.60214e-06
2.9453e-06
2.35472e-06
1.83034e-06
1.37198e-06
9.79581e-07
6.52978e-07
3.92e-07
1.97192e-07
6.87927e-08
7.38625e-09
0.000440169
0.000427416
0.000413757
0.000400224
0.000387425
0.000375293
0.000363669
0.000352466
0.000341637
0.00033115
0.00032098
0.000311109
0.000301526
0.000292219
0.000283182
0.000274407
0.000265888
0.000257617
0.00024959
0.0002418
0.000234239
0.000226901
0.000219778
0.000212864
0.00020615
0.00019963
0.000193296
0.000187141
0.000181159
0.000175341
0.000169682
0.000164175
0.000158814
0.000153593
0.000148507
0.00014355
0.000138718
0.000134005
0.000129408
0.000124923
0.000120546
0.000116272
0.0001121
0.000108026
0.000104047
0.000100161
9.63647e-05
9.26569e-05
8.90353e-05
8.54982e-05
8.20437e-05
7.86704e-05
7.5377e-05
7.21621e-05
6.90246e-05
6.59634e-05
6.29776e-05
6.00663e-05
5.72287e-05
5.44642e-05
5.1772e-05
4.91516e-05
4.66022e-05
4.41233e-05
4.17146e-05
3.93758e-05
3.71065e-05
3.49064e-05
3.27754e-05
3.0713e-05
2.8719e-05
2.6793e-05
2.49349e-05
2.31445e-05
2.14216e-05
1.9766e-05
1.81776e-05
1.66563e-05
1.52018e-05
1.38143e-05
1.24936e-05
1.12395e-05
1.00521e-05
8.93113e-06
7.87658e-06
6.88841e-06
5.96664e-06
5.11123e-06
4.32207e-06
3.59909e-06
2.94237e-06
2.35196e-06
1.82787e-06
1.3699e-06
9.77918e-07
6.51768e-07
3.91247e-07
1.96808e-07
6.8658e-08
7.36468e-09
0.000431473
0.000420556
0.000408517
0.000396373
0.000384684
0.000373423
0.000362489
0.000351836
0.000341446
0.000331307
0.000321411
0.000311753
0.000302331
0.000293145
0.000284194
0.000275476
0.000266991
0.000258736
0.000250708
0.000242904
0.000235321
0.000227952
0.000220792
0.000213837
0.000207079
0.000200513
0.000194131
0.000187929
0.000181898
0.000176033
0.000170328
0.000164776
0.000159372
0.00015411
0.000148984
0.00014399
0.000139122
0.000134376
0.000129747
0.000125232
0.000120827
0.000116528
0.000112332
0.000108236
0.000104236
0.000100331
9.65175e-05
9.27937e-05
8.91575e-05
8.56069e-05
8.21403e-05
7.8756e-05
7.54525e-05
7.22285e-05
6.90827e-05
6.60142e-05
6.30217e-05
6.01045e-05
5.72616e-05
5.44923e-05
5.1796e-05
4.91719e-05
4.66192e-05
4.41373e-05
4.17259e-05
3.93848e-05
3.71136e-05
3.49119e-05
3.27793e-05
3.07157e-05
2.87206e-05
2.67937e-05
2.49348e-05
2.31438e-05
2.14205e-05
1.97645e-05
1.81756e-05
1.66538e-05
1.51992e-05
1.38114e-05
1.24905e-05
1.12363e-05
1.00488e-05
8.92776e-06
7.87313e-06
6.88491e-06
5.9631e-06
5.10769e-06
4.3186e-06
3.59576e-06
2.93921e-06
2.34902e-06
1.82525e-06
1.36768e-06
9.76168e-07
6.50523e-07
3.90486e-07
1.96434e-07
6.85355e-08
7.34516e-09
0.000424086
0.000414511
0.000403794
0.000392841
0.000382117
0.000371621
0.000361299
0.000351138
0.000341142
0.000331316
0.000321666
0.000312201
0.000302927
0.000293851
0.000284979
0.000276317
0.000267866
0.000259628
0.000251604
0.000243793
0.000236194
0.000228802
0.000221614
0.000214627
0.000207834
0.000201231
0.000194812
0.000188571
0.000182502
0.000176599
0.000170857
0.000165269
0.000159829
0.000154533
0.000149375
0.00014435
0.000139453
0.00013468
0.000130026
0.000125486
0.000121059
0.000116738
0.000112523
0.000108408
0.000104392
0.000100471
9.66431e-05
9.29062e-05
8.9258e-05
8.56964e-05
8.22198e-05
7.88263e-05
7.55145e-05
7.2283e-05
6.91305e-05
6.60558e-05
6.30579e-05
6.01357e-05
5.72884e-05
5.45152e-05
5.18156e-05
4.91889e-05
4.66337e-05
4.41488e-05
4.17346e-05
3.93915e-05
3.71188e-05
3.49158e-05
3.27822e-05
3.07176e-05
2.87216e-05
2.67938e-05
2.49343e-05
2.31427e-05
2.14189e-05
1.97625e-05
1.81733e-05
1.66513e-05
1.51964e-05
1.38084e-05
1.24874e-05
1.12331e-05
1.00454e-05
8.92431e-06
7.86963e-06
6.88137e-06
5.95954e-06
5.10411e-06
4.31507e-06
3.59237e-06
2.93598e-06
2.34601e-06
1.82258e-06
1.36546e-06
9.74458e-07
6.49339e-07
3.89793e-07
1.9611e-07
6.84389e-08
7.32948e-09
0.000418446
0.000409661
0.0003999
0.000389871
0.000379918
0.000370045
0.000360231
0.000350482
0.000340819
0.000331259
0.00032182
0.000312519
0.000303372
0.000294392
0.00028559
0.000276976
0.000268556
0.000260335
0.000252317
0.000244502
0.00023689
0.000229482
0.000222272
0.00021526
0.00020844
0.000201808
0.000195358
0.000189087
0.000182987
0.000177054
0.000171282
0.000165665
0.000160197
0.000154874
0.00014969
0.000144641
0.00013972
0.000134925
0.00013025
0.000125691
0.000121245
0.000116908
0.000112676
0.000108547
0.000104517
0.000100584
9.67446e-05
9.29971e-05
8.93392e-05
8.57687e-05
8.22839e-05
7.88831e-05
7.55646e-05
7.2327e-05
6.9169e-05
6.60894e-05
6.3087e-05
6.01607e-05
5.73098e-05
5.45336e-05
5.18311e-05
4.92014e-05
4.66436e-05
4.41572e-05
4.1742e-05
3.93976e-05
3.71235e-05
3.49193e-05
3.27845e-05
3.0719e-05
2.87221e-05
2.67937e-05
2.49335e-05
2.31413e-05
2.14171e-05
1.97604e-05
1.81711e-05
1.66489e-05
1.51937e-05
1.38056e-05
1.24844e-05
1.12299e-05
1.00422e-05
8.92101e-06
7.86631e-06
6.87802e-06
5.95614e-06
5.10068e-06
4.31165e-06
3.58905e-06
2.93283e-06
2.34312e-06
1.82005e-06
1.36339e-06
9.72896e-07
6.48307e-07
3.89226e-07
1.95867e-07
6.83758e-08
7.31824e-09
0.000414545
0.000406074
0.000396923
0.000387556
0.000378174
0.000368777
0.000359358
0.000349936
0.000340539
0.000331193
0.000321925
0.000312758
0.000303714
0.000294812
0.000286067
0.000277492
0.000269098
0.000260891
0.000252877
0.000245059
0.000237439
0.000230017
0.000222791
0.000215759
0.000208917
0.000202262
0.000195789
0.000189494
0.00018337
0.000177413
0.000171617
0.000165977
0.000160488
0.000155143
0.000149939
0.00014487
0.000139931
0.000135118
0.000130427
0.000125853
0.000121393
0.000117042
0.000112798
0.000108657
0.000104616
0.000100673
9.68249e-05
9.3069e-05
8.94034e-05
8.58259e-05
8.23347e-05
7.8928e-05
7.56042e-05
7.23619e-05
6.91995e-05
6.6116e-05
6.311e-05
6.01807e-05
5.7327e-05
5.45481e-05
5.18432e-05
4.92113e-05
4.66517e-05
4.4164e-05
4.17476e-05
3.94021e-05
3.7127e-05
3.49218e-05
3.27861e-05
3.07197e-05
2.87222e-05
2.67932e-05
2.49325e-05
2.31401e-05
2.14155e-05
1.97585e-05
1.8169e-05
1.66466e-05
1.51913e-05
1.3803e-05
1.24816e-05
1.12271e-05
1.00393e-05
8.91805e-06
7.86329e-06
6.87499e-06
5.95309e-06
5.09762e-06
4.30858e-06
3.58602e-06
2.92996e-06
2.34052e-06
1.81781e-06
1.36159e-06
9.71601e-07
6.47487e-07
3.88787e-07
1.95688e-07
6.83428e-08
7.31155e-09
0.000412099
0.000403618
0.000394813
0.000385883
0.000376899
0.000367844
0.000358716
0.000349538
0.000340341
0.000331157
0.000322018
0.000312953
0.000303987
0.000295144
0.000286442
0.000277896
0.00026952
0.000261323
0.000253312
0.000245492
0.000237864
0.000230431
0.000223192
0.000216144
0.000209285
0.000202613
0.000196121
0.000189807
0.000183664
0.000177689
0.000171875
0.000166217
0.000160711
0.00015535
0.00015013
0.000145046
0.000140093
0.000135267
0.000130563
0.000125977
0.000121506
0.000117145
0.000112891
0.000108742
0.000104693
0.000100742
9.68867e-05
9.31244e-05
8.94529e-05
8.587e-05
8.23739e-05
7.89628e-05
7.56349e-05
7.23888e-05
6.92232e-05
6.61366e-05
6.3128e-05
6.01962e-05
5.73403e-05
5.45594e-05
5.18526e-05
4.92191e-05
4.66582e-05
4.41694e-05
4.1752e-05
3.94056e-05
3.71296e-05
3.49237e-05
3.27873e-05
3.07202e-05
2.87221e-05
2.67927e-05
2.49318e-05
2.3139e-05
2.14142e-05
1.9757e-05
1.81672e-05
1.66448e-05
1.51893e-05
1.38008e-05
1.24794e-05
1.12248e-05
1.00369e-05
8.91554e-06
7.86074e-06
6.87251e-06
5.95069e-06
5.0952e-06
4.30605e-06
3.58338e-06
2.9275e-06
2.33837e-06
1.81593e-06
1.36012e-06
9.70601e-07
6.46885e-07
3.88491e-07
1.95583e-07
6.83326e-08
7.30752e-09
0.000410721
0.00040208
0.00039345
0.000384792
0.000376067
0.000367241
0.000358311
0.000349301
0.000340243
0.000331172
0.000322123
0.000313128
0.000304216
0.000295412
0.000286737
0.000278211
0.000269846
0.000261654
0.000253643
0.000245819
0.000238185
0.000230742
0.000223492
0.000216432
0.00020956
0.000202873
0.000196368
0.000190039
0.000183882
0.000177893
0.000172065
0.000166395
0.000160875
0.000155503
0.000150271
0.000145176
0.000140213
0.000135377
0.000130663
0.000126069
0.000121589
0.000117221
0.00011296
0.000108804
0.000104749
0.000100793
9.69324e-05
9.31654e-05
8.94896e-05
8.59028e-05
8.24031e-05
7.89886e-05
7.56578e-05
7.2409e-05
6.92409e-05
6.61521e-05
6.31415e-05
6.02079e-05
5.73504e-05
5.4568e-05
5.18599e-05
4.92252e-05
4.66633e-05
4.41736e-05
4.17554e-05
3.94083e-05
3.71318e-05
3.49252e-05
3.27882e-05
3.07206e-05
2.87221e-05
2.67925e-05
2.49314e-05
2.31384e-05
2.14133e-05
1.97559e-05
1.81659e-05
1.66433e-05
1.51877e-05
1.37992e-05
1.24776e-05
1.12229e-05
1.0035e-05
8.91365e-06
7.85883e-06
6.87066e-06
5.94887e-06
5.09346e-06
4.3043e-06
3.5814e-06
2.92553e-06
2.33664e-06
1.81447e-06
1.35903e-06
9.69881e-07
6.46455e-07
3.88279e-07
1.95517e-07
6.8341e-08
7.3067e-09
0.000410054
0.000401251
0.000392706
0.000384204
0.000375634
0.000366946
0.000358137
0.000349229
0.000340255
0.000331251
0.000322254
0.000313298
0.000304416
0.000295633
0.000286972
0.000278454
0.000270093
0.000261901
0.000253887
0.000246057
0.000238416
0.000230965
0.000223705
0.000216636
0.000209754
0.000203056
0.00019654
0.000190201
0.000184034
0.000178035
0.000172198
0.000166517
0.000160989
0.000155608
0.000150368
0.000145265
0.000140295
0.000135452
0.000130733
0.000126132
0.000121647
0.000117273
0.000113008
0.000108847
0.000104788
0.000100828
9.69641e-05
9.31939e-05
8.95151e-05
8.59257e-05
8.24235e-05
7.90068e-05
7.56739e-05
7.24233e-05
6.92535e-05
6.61632e-05
6.31512e-05
6.02164e-05
5.73577e-05
5.45743e-05
5.18653e-05
4.92298e-05
4.66673e-05
4.41769e-05
4.17582e-05
3.94105e-05
3.71334e-05
3.49264e-05
3.2789e-05
3.07211e-05
2.87224e-05
2.67926e-05
2.49312e-05
2.31381e-05
2.14128e-05
1.97552e-05
1.81651e-05
1.66423e-05
1.51867e-05
1.37981e-05
1.24764e-05
1.12217e-05
1.00337e-05
8.91227e-06
7.8573e-06
6.86903e-06
5.94731e-06
5.09188e-06
4.30287e-06
3.58054e-06
2.92483e-06
2.33554e-06
1.8133e-06
1.35828e-06
9.69492e-07
6.46198e-07
3.88102e-07
1.95455e-07
6.83653e-08
7.30966e-09
0.000409852
0.000400973
0.000392476
0.000384052
0.000375555
0.000366931
0.000358176
0.000349312
0.000340371
0.000331393
0.000322414
0.000313471
0.000304596
0.000295817
0.000287157
0.000278637
0.000270272
0.000262075
0.000254055
0.000246218
0.00023857
0.000231112
0.000223844
0.000216766
0.000209877
0.000203172
0.000196648
0.000190302
0.000184128
0.000178122
0.000172278
0.000166592
0.000161058
0.000155672
0.000150427
0.000145319
0.000140344
0.000135497
0.000130774
0.00012617
0.000121682
0.000117305
0.000113036
0.000108873
0.000104812
0.000100849
9.69834e-05
9.32113e-05
8.95308e-05
8.59399e-05
8.24362e-05
7.90181e-05
7.56841e-05
7.24324e-05
6.92616e-05
6.61704e-05
6.31576e-05
6.0222e-05
5.73627e-05
5.45787e-05
5.18691e-05
4.92332e-05
4.66701e-05
4.41794e-05
4.17602e-05
3.94122e-05
3.71347e-05
3.49275e-05
3.27899e-05
3.07218e-05
2.87229e-05
2.6793e-05
2.49314e-05
2.3138e-05
2.14126e-05
1.97549e-05
1.81648e-05
1.66419e-05
1.51861e-05
1.37974e-05
1.24757e-05
1.12209e-05
1.00329e-05
8.91143e-06
7.85634e-06
6.86798e-06
5.9462e-06
5.09073e-06
4.30179e-06
3.57951e-06
2.92392e-06
2.33505e-06
1.81319e-06
1.35832e-06
9.6948e-07
6.45976e-07
3.87923e-07
1.95435e-07
6.8391e-08
7.3123e-09
0.000409993
0.000401159
0.000392689
0.000384279
0.000375788
0.000367164
0.000358404
0.000349531
0.000340581
0.00033159
0.0003226
0.000313644
0.000304757
0.000295966
0.000287295
0.000278764
0.000270389
0.000262183
0.000254154
0.00024631
0.000238654
0.000231188
0.000223915
0.000216831
0.000209936
0.000203226
0.000196698
0.000190347
0.00018417
0.00017816
0.000172313
0.000166624
0.000161087
0.000155698
0.000150451
0.000145341
0.000140365
0.000135516
0.000130791
0.000126185
0.000121696
0.000117318
0.000113048
0.000108884
0.000104822
0.000100858
9.69915e-05
9.32186e-05
8.95376e-05
8.59462e-05
8.24421e-05
7.90234e-05
7.5689e-05
7.24369e-05
6.92657e-05
6.61741e-05
6.31609e-05
6.02251e-05
5.73655e-05
5.45813e-05
5.18715e-05
4.92353e-05
4.66721e-05
4.41811e-05
4.17618e-05
3.94135e-05
3.71359e-05
3.49284e-05
3.27907e-05
3.07226e-05
2.87237e-05
2.67936e-05
2.49319e-05
2.31384e-05
2.14128e-05
1.9755e-05
1.81647e-05
1.66418e-05
1.5186e-05
1.37972e-05
1.24755e-05
1.12206e-05
1.00324e-05
8.91089e-06
7.85594e-06
6.86762e-06
5.94578e-06
5.09031e-06
4.30139e-06
3.57909e-06
2.92352e-06
2.33486e-06
1.81313e-06
1.35823e-06
9.69427e-07
6.46009e-07
3.87959e-07
1.95451e-07
6.83967e-08
7.31272e-09
0.000410513
0.000401834
0.000393363
0.0003849
0.000376344
0.000367653
0.000358827
0.000349892
0.000340885
0.000331845
0.000322811
0.000313818
0.000304899
0.00029608
0.000287386
0.000278836
0.000270444
0.000262224
0.000254184
0.00024633
0.000238666
0.000231195
0.000223916
0.000216828
0.00020993
0.000203218
0.000196688
0.000190336
0.000184158
0.000178147
0.0001723
0.000166611
0.000161075
0.000155686
0.00015044
0.000145331
0.000140355
0.000135507
0.000130782
0.000126178
0.000121689
0.000117311
0.000113043
0.000108879
0.000104817
0.000100855
9.69887e-05
9.32158e-05
8.95351e-05
8.59443e-05
8.24407e-05
7.90226e-05
7.56884e-05
7.24365e-05
6.92655e-05
6.61741e-05
6.31611e-05
6.02255e-05
5.73661e-05
5.45819e-05
5.18722e-05
4.92361e-05
4.66729e-05
4.4182e-05
4.17627e-05
3.94144e-05
3.71367e-05
3.49291e-05
3.27915e-05
3.07233e-05
2.87244e-05
2.67943e-05
2.49325e-05
2.3139e-05
2.14134e-05
1.97555e-05
1.81652e-05
1.66421e-05
1.51863e-05
1.37975e-05
1.24757e-05
1.12207e-05
1.00324e-05
8.91093e-06
7.85604e-06
6.86778e-06
5.94594e-06
5.0904e-06
4.30139e-06
3.57904e-06
2.92354e-06
2.33497e-06
1.8132e-06
1.35817e-06
9.69433e-07
6.46201e-07
3.88139e-07
1.95491e-07
6.83707e-08
7.30932e-09
0.000411603
0.00040314
0.000394608
0.000385996
0.000377282
0.000368439
0.000359473
0.000350413
0.000341297
0.000332164
0.00032305
0.000313991
0.000305016
0.000296153
0.000287422
0.000278841
0.000270426
0.000262187
0.000254132
0.000246268
0.000238596
0.000231119
0.000223837
0.000216747
0.000209849
0.000203137
0.000196609
0.000190259
0.000184084
0.000178077
0.000172233
0.000166548
0.000161015
0.00015563
0.000150387
0.000145282
0.00014031
0.000135465
0.000130744
0.000126143
0.000121657
0.000117283
0.000113017
0.000108855
0.000104796
0.000100836
9.69715e-05
9.3201e-05
8.95222e-05
8.59326e-05
8.24305e-05
7.90139e-05
7.5681e-05
7.24302e-05
6.92601e-05
6.61694e-05
6.31572e-05
6.02224e-05
5.73636e-05
5.458e-05
5.18708e-05
4.92351e-05
4.66722e-05
4.41816e-05
4.17625e-05
3.94145e-05
3.71369e-05
3.49294e-05
3.27918e-05
3.07238e-05
2.8725e-05
2.67949e-05
2.49333e-05
2.31398e-05
2.14142e-05
1.97563e-05
1.81659e-05
1.66428e-05
1.51869e-05
1.37981e-05
1.24762e-05
1.12212e-05
1.0033e-05
8.91145e-06
7.85657e-06
6.86833e-06
5.94644e-06
5.09104e-06
4.30194e-06
3.57924e-06
2.92378e-06
2.33534e-06
1.81359e-06
1.35849e-06
9.69642e-07
6.46389e-07
3.88269e-07
1.95525e-07
6.83478e-08
7.3073e-09
0.000413583
0.000405282
0.000396564
0.000387659
0.00037866
0.000369559
0.000360364
0.000351105
0.000341818
0.000332542
0.000323309
0.000314152
0.000305097
0.000296169
0.000287386
0.000278765
0.000270319
0.000262056
0.000253984
0.000246107
0.000238428
0.000230947
0.000223663
0.000216575
0.000209679
0.000202972
0.000196449
0.000190106
0.000183938
0.000177938
0.000172102
0.000166424
0.000160899
0.000155522
0.000150287
0.000145189
0.000140224
0.000135386
0.000130671
0.000126076
0.000121596
0.000117227
0.000112966
0.00010881
0.000104755
0.000100799
9.69387e-05
9.31718e-05
8.94961e-05
8.59095e-05
8.24102e-05
7.89962e-05
7.56657e-05
7.24169e-05
6.92484e-05
6.61594e-05
6.31486e-05
6.0215e-05
5.73575e-05
5.45751e-05
5.18668e-05
4.92319e-05
4.66698e-05
4.41797e-05
4.1761e-05
3.94134e-05
3.71363e-05
3.49291e-05
3.27918e-05
3.0724e-05
2.87254e-05
2.67955e-05
2.4934e-05
2.31406e-05
2.1415e-05
1.97571e-05
1.81668e-05
1.66438e-05
1.51879e-05
1.37991e-05
1.24773e-05
1.12222e-05
1.0034e-05
8.91241e-06
7.85744e-06
6.86908e-06
5.94719e-06
5.09169e-06
4.30264e-06
3.58021e-06
2.9247e-06
2.3361e-06
1.81431e-06
1.35913e-06
9.70096e-07
6.46669e-07
3.88414e-07
1.95561e-07
6.83256e-08
7.30613e-09
0.000416862
0.000408511
0.000399387
0.000389989
0.000380539
0.000371047
0.000361516
0.000351971
0.000342446
0.000332971
0.000323576
0.000314286
0.000305125
0.000296112
0.000287262
0.00027859
0.000270104
0.000261813
0.000253722
0.000245832
0.000238146
0.000230663
0.00022338
0.000216297
0.000209408
0.00020271
0.000196197
0.000189865
0.000183709
0.000177721
0.000171898
0.000166233
0.00016072
0.000155355
0.000150132
0.000145046
0.000140091
0.000135264
0.00013056
0.000125974
0.000121503
0.000117142
0.000112889
0.00010874
0.000104692
0.000100742
9.6888e-05
9.31266e-05
8.94558e-05
8.58738e-05
8.23784e-05
7.89681e-05
7.56414e-05
7.23959e-05
6.92297e-05
6.6143e-05
6.31346e-05
6.02031e-05
5.73474e-05
5.45665e-05
5.18596e-05
4.92263e-05
4.66655e-05
4.41763e-05
4.17583e-05
3.94113e-05
3.71347e-05
3.49282e-05
3.27914e-05
3.0724e-05
2.87256e-05
2.6796e-05
2.49347e-05
2.31414e-05
2.1416e-05
1.97583e-05
1.8168e-05
1.66451e-05
1.51893e-05
1.38005e-05
1.24787e-05
1.12237e-05
1.00355e-05
8.91389e-06
7.8589e-06
6.87042e-06
5.94837e-06
5.09281e-06
4.30383e-06
3.5815e-06
2.926e-06
2.33733e-06
1.81541e-06
1.36001e-06
9.7071e-07
6.47046e-07
3.88594e-07
1.95611e-07
6.83125e-08
7.30703e-09
0.000421858
0.000413065
0.000403217
0.000393061
0.000382956
0.000372917
0.000362928
0.000353003
0.000343164
0.000333433
0.000323829
0.000314372
0.000305078
0.000295959
0.000287028
0.000278294
0.000269762
0.000261439
0.000253325
0.000245423
0.000237732
0.000230249
0.000222973
0.000215898
0.000209021
0.000202337
0.000195841
0.000189526
0.000183387
0.000177417
0.000171612
0.000165965
0.00016047
0.000155123
0.000149916
0.000144846
0.000139907
0.000135095
0.000130404
0.000125832
0.000121373
0.000117024
0.000112782
0.000108644
0.000104605
0.000100664
9.68176e-05
9.30636e-05
8.93998e-05
8.5824e-05
8.23343e-05
7.8929e-05
7.56065e-05
7.23651e-05
6.92035e-05
6.61206e-05
6.31153e-05
6.01867e-05
5.73334e-05
5.45544e-05
5.18496e-05
4.92181e-05
4.66588e-05
4.41709e-05
4.17541e-05
3.94081e-05
3.71324e-05
3.49267e-05
3.27905e-05
3.07236e-05
2.87257e-05
2.67964e-05
2.49354e-05
2.31424e-05
2.14173e-05
1.97597e-05
1.81696e-05
1.66467e-05
1.5191e-05
1.38023e-05
1.24806e-05
1.12257e-05
1.00375e-05
8.91588e-06
7.86088e-06
6.87235e-06
5.95025e-06
5.09467e-06
4.30568e-06
3.58335e-06
2.92772e-06
2.33887e-06
1.81678e-06
1.3611e-06
9.71466e-07
6.47516e-07
3.88837e-07
1.95696e-07
6.8315e-08
7.31057e-09
0.000428849
0.000419074
0.000408107
0.000396889
0.000385901
0.000375145
0.000364571
0.000354168
0.00034394
0.000333894
0.000324038
0.000314379
0.000304925
0.000295682
0.000286656
0.00027785
0.000269267
0.000260908
0.000252773
0.00024486
0.000237166
0.000229688
0.000222422
0.000215362
0.000208503
0.00020184
0.000195366
0.000189074
0.00018296
0.000177015
0.000171235
0.000165612
0.000160141
0.000154816
0.000149633
0.000144584
0.000139666
0.000134873
0.000130201
0.000125646
0.000121204
0.00011687
0.000112643
0.000108517
0.000104491
0.000100561
9.67256e-05
9.29814e-05
8.93265e-05
8.57588e-05
8.22766e-05
7.88781e-05
7.55616e-05
7.23257e-05
6.91692e-05
6.60911e-05
6.309e-05
6.01647e-05
5.73144e-05
5.45387e-05
5.18367e-05
4.92072e-05
4.66496e-05
4.41636e-05
4.17484e-05
3.94037e-05
3.71292e-05
3.49245e-05
3.27893e-05
3.07231e-05
2.87257e-05
2.67969e-05
2.49364e-05
2.31437e-05
2.14188e-05
1.97615e-05
1.81715e-05
1.66488e-05
1.51932e-05
1.38047e-05
1.2483e-05
1.12282e-05
1.004e-05
8.91843e-06
7.86342e-06
6.87489e-06
5.95278e-06
5.09717e-06
4.30815e-06
3.58573e-06
2.92993e-06
2.34082e-06
1.81843e-06
1.3624e-06
9.72407e-07
6.4812e-07
3.89161e-07
1.95825e-07
6.8336e-08
7.31688e-09
0.000437803
0.000426441
0.000413944
0.000401367
0.000389276
0.000377644
0.000366366
0.000355395
0.00034471
0.000334298
0.00032415
0.000314259
0.000304624
0.000295241
0.000286108
0.000277224
0.000268586
0.000260191
0.000252036
0.000244114
0.000236423
0.000228956
0.000221706
0.000214668
0.000207835
0.0002012
0.000194757
0.000188497
0.000182414
0.000176502
0.000170754
0.000165163
0.000159723
0.000154428
0.000149273
0.000144252
0.00013936
0.000134593
0.000129944
0.000125411
0.00012099
0.000116676
0.000112467
0.000108358
0.000104348
0.000100433
9.66101e-05
9.28782e-05
8.92345e-05
8.56771e-05
8.22043e-05
7.88142e-05
7.55055e-05
7.22767e-05
6.91266e-05
6.6054e-05
6.30579e-05
6.01372e-05
5.72911e-05
5.45189e-05
5.182e-05
4.91933e-05
4.66382e-05
4.41544e-05
4.17411e-05
3.93982e-05
3.71251e-05
3.49217e-05
3.27875e-05
3.07222e-05
2.87257e-05
2.67975e-05
2.49374e-05
2.31452e-05
2.14206e-05
1.97635e-05
1.81738e-05
1.66513e-05
1.51959e-05
1.38075e-05
1.24859e-05
1.12312e-05
1.0043e-05
8.9215e-06
7.86649e-06
6.87794e-06
5.95583e-06
5.10019e-06
4.31111e-06
3.58857e-06
2.93255e-06
2.34315e-06
1.82039e-06
1.36395e-06
9.73544e-07
6.48866e-07
3.8957e-07
1.96004e-07
6.83878e-08
7.32848e-09
0.000448208
0.000434727
0.000420374
0.000406216
0.000392863
0.000380237
0.000368169
0.000356566
0.000345375
0.000334559
0.000324089
0.000313946
0.000304114
0.00029458
0.000285335
0.00027637
0.000267677
0.000259249
0.000251077
0.000243154
0.000235472
0.000228023
0.000220799
0.000213792
0.000206995
0.000200398
0.000193994
0.000187776
0.000181735
0.000175864
0.000170157
0.000164606
0.000159205
0.000153949
0.00014883
0.000143843
0.000138984
0.000134247
0.000129629
0.000125123
0.000120728
0.000116438
0.000112251
0.000108163
0.000104172
0.000100275
9.64688e-05
9.27519e-05
8.9122e-05
8.55773e-05
8.21159e-05
7.87363e-05
7.54371e-05
7.22168e-05
6.90744e-05
6.60088e-05
6.30188e-05
6.01037e-05
5.72626e-05
5.44948e-05
5.17995e-05
4.91762e-05
4.66243e-05
4.41431e-05
4.17322e-05
3.93913e-05
3.712e-05
3.49181e-05
3.27851e-05
3.0721e-05
2.87253e-05
2.67979e-05
2.49385e-05
2.31468e-05
2.14226e-05
1.97658e-05
1.81763e-05
1.66541e-05
1.51989e-05
1.38107e-05
1.24892e-05
1.12345e-05
1.00465e-05
8.925e-06
7.86999e-06
6.88144e-06
5.9593e-06
5.1036e-06
4.31441e-06
3.59169e-06
2.93545e-06
2.34576e-06
1.82262e-06
1.36573e-06
9.7487e-07
6.49757e-07
3.90081e-07
1.96243e-07
6.84653e-08
7.34372e-09
0.000458976
0.000443086
0.000426752
0.000410956
0.000396299
0.000382646
0.000369761
0.000357503
0.000345788
0.000334552
0.000323751
0.000313346
0.000303312
0.000293626
0.000284269
0.000275227
0.000266485
0.00025803
0.00024985
0.000241935
0.000234273
0.000226855
0.000219668
0.000212705
0.000205954
0.000199408
0.000193056
0.00018689
0.000180902
0.000175084
0.000169428
0.000163928
0.000158576
0.000153365
0.000148291
0.000143347
0.000138529
0.00013383
0.000129247
0.000124776
0.000120411
0.000116151
0.000111991
0.000107929
0.000103961
0.000100085
9.62991e-05
9.26004e-05
8.89871e-05
8.54575e-05
8.201e-05
7.86429e-05
7.5355e-05
7.21451e-05
6.90119e-05
6.59545e-05
6.2972e-05
6.00636e-05
5.72283e-05
5.44657e-05
5.17751e-05
4.91558e-05
4.66074e-05
4.41295e-05
4.17214e-05
3.93829e-05
3.71136e-05
3.49134e-05
3.2782e-05
3.07192e-05
2.87246e-05
2.6798e-05
2.49393e-05
2.31482e-05
2.14245e-05
1.97682e-05
1.81791e-05
1.66571e-05
1.52022e-05
1.38141e-05
1.24927e-05
1.12381e-05
1.00501e-05
8.92862e-06
7.87369e-06
6.88512e-06
5.96292e-06
5.10718e-06
4.31787e-06
3.59498e-06
2.93852e-06
2.34855e-06
1.82504e-06
1.36769e-06
9.76355e-07
6.50781e-07
3.90687e-07
1.96542e-07
6.85675e-08
7.36176e-09
0.000468473
0.000450292
0.000432171
0.000414922
0.000399091
0.000384496
0.00037085
0.000357974
0.000345757
0.000334118
0.000322995
0.000312339
0.000302113
0.000292284
0.000282826
0.000273718
0.000264939
0.000256471
0.000248299
0.000240407
0.000232781
0.000225408
0.000218274
0.00021137
0.000204682
0.0001982
0.000191915
0.000185816
0.000179895
0.000174142
0.00016855
0.000163112
0.000157819
0.000152666
0.000147646
0.000142754
0.000137985
0.000133332
0.000128793
0.000124362
0.000120035
0.00011581
0.000111683
0.000107651
0.000103711
9.9861e-05
9.60984e-05
9.24212e-05
8.88277e-05
8.53161e-05
8.18849e-05
7.85327e-05
7.52582e-05
7.20604e-05
6.89381e-05
6.58905e-05
6.29167e-05
6.00161e-05
5.71878e-05
5.44313e-05
5.17461e-05
4.91316e-05
4.65874e-05
4.41131e-05
4.17083e-05
3.93726e-05
3.71058e-05
3.49077e-05
3.27781e-05
3.07167e-05
2.87233e-05
2.67978e-05
2.49399e-05
2.31494e-05
2.14263e-05
1.97705e-05
1.81818e-05
1.66601e-05
1.52053e-05
1.38174e-05
1.24963e-05
1.12417e-05
1.00536e-05
8.93224e-06
7.87746e-06
6.88886e-06
5.9664e-06
5.11055e-06
4.32129e-06
3.59834e-06
2.94165e-06
2.35134e-06
1.82744e-06
1.36969e-06
9.77914e-07
6.51883e-07
3.91364e-07
1.96887e-07
6.86893e-08
7.38224e-09
0.000474702
0.000454925
0.000435612
0.00041738
0.000400706
0.000385385
0.00037112
0.00035772
0.000345067
0.000333071
0.000321663
0.000310785
0.000300391
0.000290442
0.000280906
0.000271754
0.000262961
0.000254502
0.000246359
0.000238511
0.000230942
0.000223635
0.000216576
0.00020975
0.000203144
0.000196746
0.000190545
0.00018453
0.000178691
0.000173019
0.000167506
0.000162142
0.000156922
0.000151839
0.000146885
0.000142055
0.000137344
0.000132747
0.000128259
0.000123876
0.000119595
0.000115411
0.000111323
0.000107326
0.000103419
9.95995e-05
9.58646e-05
9.22127e-05
8.86423e-05
8.51517e-05
8.17395e-05
7.84046e-05
7.51458e-05
7.1962e-05
6.88524e-05
6.58162e-05
6.28526e-05
5.99609e-05
5.71406e-05
5.43912e-05
5.17123e-05
4.91032e-05
4.65639e-05
4.40938e-05
4.16927e-05
3.93602e-05
3.70963e-05
3.49005e-05
3.27729e-05
3.07132e-05
2.87212e-05
2.67968e-05
2.49399e-05
2.31502e-05
2.14277e-05
1.97724e-05
1.81842e-05
1.66628e-05
1.52083e-05
1.38206e-05
1.24995e-05
1.1245e-05
1.0057e-05
8.93569e-06
7.88094e-06
6.8923e-06
5.96972e-06
5.11381e-06
4.32451e-06
3.60143e-06
2.94455e-06
2.35397e-06
1.82976e-06
1.37163e-06
9.79458e-07
6.53004e-07
3.9207e-07
1.97253e-07
6.88185e-08
7.40304e-09
0.000475757
0.000455736
0.000436235
0.000417758
0.000400725
0.000384986
0.0003703
0.000356511
0.000343517
0.000331235
0.000319597
0.000308544
0.000298024
0.000287995
0.000278416
0.000269254
0.000260477
0.000252059
0.000243974
0.0002362
0.000228715
0.000221501
0.00021454
0.000207817
0.000201316
0.000195023
0.000188927
0.000183015
0.000177277
0.000171704
0.000166285
0.000161012
0.000155879
0.000150878
0.000146002
0.000141245
0.000136604
0.000132071
0.000127644
0.000123318
0.000119089
0.000114954
0.00011091
0.000106955
0.000103086
9.93011e-05
9.55981e-05
9.19753e-05
8.84314e-05
8.49648e-05
8.15744e-05
7.82592e-05
7.50182e-05
7.18505e-05
6.87554e-05
6.5732e-05
6.27799e-05
5.98985e-05
5.70873e-05
5.43459e-05
5.16739e-05
4.90711e-05
4.65371e-05
4.40718e-05
4.16748e-05
3.93459e-05
3.7085e-05
3.48919e-05
3.27665e-05
3.07087e-05
2.87183e-05
2.67951e-05
2.49392e-05
2.31504e-05
2.14286e-05
1.97738e-05
1.81859e-05
1.66651e-05
1.52109e-05
1.38234e-05
1.25024e-05
1.1248e-05
1.00601e-05
8.93868e-06
7.88375e-06
6.89511e-06
5.97277e-06
5.11685e-06
4.32734e-06
3.60405e-06
2.94699e-06
2.35625e-06
1.83179e-06
1.37336e-06
9.80841e-07
6.54009e-07
3.92702e-07
1.97585e-07
6.89423e-08
7.42404e-09
0.000470952
0.000452619
0.000433969
0.000415882
0.000398883
0.000382966
0.000368014
0.000353948
0.000340704
0.000328216
0.000316422
0.000305262
0.000294682
0.000284633
0.00027507
0.000265955
0.00025725
0.000248924
0.000240946
0.000233292
0.000225936
0.000218856
0.000212034
0.00020545
0.000199089
0.000192934
0.000186974
0.000181194
0.000175584
0.000170133
0.000164832
0.000159672
0.000154645
0.000149744
0.000144963
0.000140296
0.000135738
0.000131283
0.000126928
0.000122669
0.000118503
0.000114425
0.000110435
0.000106528
0.000102704
9.89599e-05
9.52943e-05
9.17056e-05
8.81927e-05
8.47547e-05
8.13909e-05
7.80984e-05
7.48772e-05
7.17271e-05
6.86475e-05
6.56383e-05
6.26989e-05
5.98289e-05
5.70278e-05
5.42953e-05
5.16312e-05
4.90353e-05
4.65073e-05
4.40472e-05
4.16547e-05
3.93297e-05
3.70722e-05
3.48819e-05
3.2759e-05
3.07031e-05
2.87143e-05
2.67926e-05
2.49379e-05
2.315e-05
2.14289e-05
1.97747e-05
1.81873e-05
1.66669e-05
1.52131e-05
1.38257e-05
1.25048e-05
1.12503e-05
1.00625e-05
8.94114e-06
7.88615e-06
6.89746e-06
5.97511e-06
5.11913e-06
4.32948e-06
3.60607e-06
2.94891e-06
2.35803e-06
1.83339e-06
1.37475e-06
9.81984e-07
6.54811e-07
3.93165e-07
1.97821e-07
6.90323e-08
7.44107e-09
0.000463792
0.00044924
0.000430669
0.000412235
0.000394865
0.000378549
0.000363223
0.000348851
0.000335381
0.000322748
0.000310881
0.000299712
0.000289176
0.000279216
0.000269779
0.000260819
0.000252293
0.000244163
0.000236395
0.000228958
0.000221825
0.000214971
0.000208374
0.000202014
0.000195871
0.00018993
0.000184176
0.000178595
0.000173176
0.000167908
0.00016278
0.000157784
0.000152912
0.000148157
0.000143513
0.000138974
0.000134534
0.000130191
0.000125939
0.000121775
0.000117696
0.000113699
0.000109783
0.000105944
0.000102182
9.84942e-05
9.48798e-05
9.13374e-05
8.78661e-05
8.44649e-05
8.11329e-05
7.78715e-05
7.46794e-05
7.15557e-05
6.85001e-05
6.55117e-05
6.25903e-05
5.9736e-05
5.69487e-05
5.42283e-05
5.15747e-05
4.8988e-05
4.6468e-05
4.40148e-05
4.16282e-05
3.93083e-05
3.70551e-05
3.48686e-05
3.27486e-05
3.06954e-05
2.87088e-05
2.67888e-05
2.49355e-05
2.31488e-05
2.14287e-05
1.97752e-05
1.81885e-05
1.66685e-05
1.52149e-05
1.38277e-05
1.25069e-05
1.12525e-05
1.00646e-05
8.94317e-06
7.88814e-06
6.89943e-06
5.97703e-06
5.12089e-06
4.331e-06
3.60746e-06
2.95032e-06
2.35946e-06
1.83459e-06
1.37576e-06
9.82855e-07
6.5534e-07
3.93439e-07
1.97975e-07
6.90516e-08
7.44556e-09
)
;

boundaryField
{
    inlet
    {
        type            calculated;
        value           nonuniform List<scalar> 
30
(
0.00646227
0.00646713
0.00650004
0.0065598
0.00664296
0.00674374
0.00685484
0.00696855
0.00707768
0.00717619
0.00725951
0.00732471
0.00737041
0.00739657
0.00740425
0.00739523
0.00736946
0.00732536
0.00726215
0.00718012
0.00708093
0.00696775
0.00684535
0.00671993
0.00659881
0.00648976
0.00640014
0.00633573
0.00630001
0.00629403
)
;
    }
    outlet
    {
        type            calculated;
        value           uniform 0;
    }
    top
    {
        type            calculated;
        value           nonuniform List<scalar> 
135
(
0.00629403
0.0062834
0.00626954
0.00625689
0.00624425
0.00621425
0.00615941
0.00605767
0.00591673
0.00574008
0.00553021
0.00528931
0.00501938
0.00472356
0.00440613
0.00407016
0.00372291
0.00337072
0.00302103
0.00268175
0.00236029
0.00206279
0.00179363
0.00155495
0.00134678
0.00116743
0.0010167
0.000890048
0.000784572
0.000697524
0.000626332
0.000568822
0.000522818
0.000486637
0.000464439
0.000463792
0.00044924
0.000430669
0.000412235
0.000394865
0.000378549
0.000363223
0.000348851
0.000335381
0.000322748
0.000310881
0.000299712
0.000289176
0.000279216
0.000269779
0.000260819
0.000252293
0.000244163
0.000236395
0.000228958
0.000221825
0.000214971
0.000208374
0.000202014
0.000195871
0.00018993
0.000184176
0.000178595
0.000173176
0.000167908
0.00016278
0.000157784
0.000152912
0.000148157
0.000143513
0.000138974
0.000134534
0.000130191
0.000125939
0.000121775
0.000117696
0.000113699
0.000109783
0.000105944
0.000102182
9.84942e-05
9.48798e-05
9.13374e-05
8.78661e-05
8.44649e-05
8.11329e-05
7.78715e-05
7.46794e-05
7.15557e-05
6.85001e-05
6.55117e-05
6.25903e-05
5.9736e-05
5.69487e-05
5.42283e-05
5.15747e-05
4.8988e-05
4.6468e-05
4.40148e-05
4.16282e-05
3.93083e-05
3.70551e-05
3.48686e-05
3.27486e-05
3.06954e-05
2.87088e-05
2.67888e-05
2.49355e-05
2.31488e-05
2.14287e-05
1.97752e-05
1.81885e-05
1.66685e-05
1.52149e-05
1.38277e-05
1.25069e-05
1.12525e-05
1.00646e-05
8.94317e-06
7.88814e-06
6.89943e-06
5.97703e-06
5.12089e-06
4.331e-06
3.60746e-06
2.95032e-06
2.35946e-06
1.83459e-06
1.37576e-06
9.82855e-07
6.5534e-07
3.93439e-07
1.97975e-07
6.90516e-08
7.44556e-09
)
;
    }
    bottom
    {
        type            calculated;
        value           nonuniform List<scalar> 
135
(
0.00646227
0.00645263
0.00644028
0.00642934
0.00641821
0.00638135
0.00633129
0.00623558
0.00610079
0.0059293
0.00572286
0.00548216
0.00520789
0.00490272
0.00457066
0.00421572
0.00384659
0.00347128
0.00309896
0.00273886
0.00239919
0.00208653
0.00180534
0.00155772
0.00134337
0.00116023
0.00100773
0.000880746
0.000775805
0.000689721
0.000619454
0.000562485
0.000516507
0.000479852
0.000456671
0.000451582
0.0004377
0.000420105
0.000402677
0.00038625
0.000370794
0.000356241
0.000342558
0.000329703
0.000317618
0.000306239
0.000295506
0.000285361
0.000275753
0.000266632
0.000257958
0.00024969
0.000241794
0.000234238
0.000226994
0.000220037
0.000213343
0.000206891
0.000200662
0.00019464
0.000188809
0.000183155
0.000177666
0.000172329
0.000167136
0.000162077
0.000157144
0.000152329
0.000147625
0.000143028
0.000138531
0.000134131
0.000129822
0.000125602
0.000121467
0.000117415
0.000113442
0.000109547
0.000105729
0.000101984
9.83129e-05
9.47133e-05
9.11845e-05
8.77256e-05
8.43356e-05
8.10138e-05
7.77621e-05
7.45789e-05
7.14633e-05
6.84151e-05
6.54336e-05
6.25185e-05
5.96701e-05
5.68882e-05
5.41729e-05
5.15241e-05
4.89418e-05
4.64259e-05
4.39766e-05
4.15938e-05
3.92774e-05
3.70274e-05
3.48438e-05
3.27266e-05
3.06759e-05
2.86917e-05
2.67741e-05
2.4923e-05
2.31384e-05
2.14202e-05
1.97686e-05
1.81834e-05
1.66646e-05
1.52122e-05
1.38262e-05
1.25065e-05
1.12533e-05
1.00665e-05
8.94583e-06
7.89142e-06
6.90328e-06
5.98139e-06
5.12572e-06
4.33623e-06
3.61268e-06
2.95498e-06
2.36309e-06
1.83715e-06
1.3777e-06
9.84551e-07
6.5686e-07
3.94507e-07
1.98518e-07
6.92462e-08
7.46678e-09
)
;
    }
    obstacle
    {
        type            calculated;
        value           nonuniform List<scalar> 
120
(
0.0463712
0.0429723
0.0391118
0.0351861
0.0312708
0.0273656
0.0235575
0.0199303
0.0165524
0.0134773
0.0107392
0.00835323
0.00631959
0.00462986
0.00327285
0.00223992
0.00152864
0.00114475
0.00110062
0.00141234
0.00209507
0.0031566
0.00459027
0.00637133
0.00845539
0.0107788
0.013262
0.0158845
0.0185755
0.0210078
0.0239103
0.0272045
0.0312059
0.035934
0.0414766
0.0480883
0.0560788
0.0657548
0.0773185
0.0907531
0.105618
0.120927
0.135202
0.146665
0.153076
0.153136
0.146837
0.135465
0.121257
0.105991
0.09115
0.0777268
0.0661675
0.0564913
0.0484968
0.0418766
0.03632
0.0315725
0.0275509
0.0242512
0.0476953
0.0442375
0.0402636
0.0361929
0.0321271
0.0280789
0.0241409
0.0204004
0.0169271
0.0137746
0.010976
0.00854473
0.00647925
0.00476924
0.00340191
0.00236739
0.00166234
0.00129203
0.00126855
0.00160757
0.00232364
0.00342334
0.00489777
0.00671885
0.00883785
0.0111861
0.0136796
0.0162956
0.018961
0.0213638
0.0501708
0.0542537
0.0587829
0.0636475
0.0687926
0.0744103
0.0807706
0.088163
0.0968208
0.106808
0.117881
0.129356
0.140143
0.148892
0.153876
0.154067
0.149439
0.140976
0.130396
0.119056
0.108057
0.098096
0.0894334
0.0820217
0.0756431
0.0700201
0.0648908
0.0600651
0.0555689
0.0515104
)
;
    }
    frontAndBack
    {
        type            empty;
    }
}


// ************************************************************************* //
