/*--------------------------------*- C++ -*----------------------------------*\
  =========                 |
  \\      /  F ield         | OpenFOAM: The Open Source CFD Toolbox
   \\    /   O peration     | Website:  https://openfoam.org
    \\  /    A nd           | Version:  12
     \\/     M anipulation  |
\*---------------------------------------------------------------------------*/
FoamFile
{
    format      ascii;
    class       volScalarField;
    location    "120";
    object      p;
}
// * * * * * * * * * * * * * * * * * * * * * * * * * * * * * * * * * * * * * //

dimensions      [0 2 -2 0 0 0 0];

internalField   nonuniform List<scalar> 
6750
(
0.0215907
0.0215687
0.0215396
0.0213762
0.0203456
0.0231061
0.0230693
0.0229415
0.022675
0.0223149
0.0248967
0.0248372
0.0247061
0.0245076
0.0243541
0.0267758
0.0266814
0.0265567
0.0264159
0.0263386
0.0286416
0.0285032
0.0283687
0.0282557
0.0282166
0.0304144
0.0302275
0.0300721
0.029969
0.0299472
0.0320456
0.031809
0.0316289
0.0315286
0.0315152
0.0335061
0.0332203
0.0330155
0.032916
0.0329078
0.0347772
0.0344448
0.0342173
0.0341185
0.0341139
0.0358486
0.0354736
0.0352266
0.0351291
0.0351271
0.0367169
0.0363048
0.036042
0.0359465
0.0359463
0.0373854
0.0369423
0.0366684
0.0365751
0.036576
0.0378632
0.0373955
0.0371154
0.0370245
0.0370257
0.0381648
0.0376781
0.0373981
0.0373084
0.0373089
0.0383029
0.0378105
0.0375359
0.0374437
0.0374421
0.0383027
0.0378104
0.0375357
0.0374436
0.037442
0.0381643
0.0376776
0.0373977
0.037308
0.0373085
0.0378625
0.0373948
0.0371146
0.0370238
0.037025
0.0373843
0.0369413
0.0366673
0.0365741
0.036575
0.0367156
0.0363034
0.0360407
0.0359451
0.035945
0.0358469
0.035472
0.0352249
0.0351274
0.0351254
0.0347752
0.0344428
0.0342153
0.0341165
0.0341119
0.0335037
0.0332179
0.0330131
0.0329136
0.0329054
0.0320429
0.0318062
0.0316261
0.0315258
0.0315125
0.0304112
0.0302244
0.030069
0.0299659
0.0299441
0.028638
0.0284997
0.0283651
0.0282521
0.028213
0.0267718
0.0266775
0.0265528
0.0264119
0.0263346
0.0248924
0.0248328
0.0247018
0.0245032
0.0243497
0.0231013
0.0230645
0.0229367
0.0226702
0.0223101
0.0215854
0.0215635
0.0215343
0.021371
0.0203402
0.014153
0.0147477
0.0162199
0.0173077
0.0180958
0.0187213
0.0192106
0.0195747
0.0198416
0.0200217
0.0200783
0.0200855
0.0200152
0.0198638
0.0196303
0.0193114
0.0189044
0.0184128
0.0178395
0.0171792
0.0164124
0.0157108
0.0149597
0.0141805
0.0133994
0.0126306
0.0118841
0.0111741
0.0105101
0.00984598
0.0180694
0.018867
0.0196682
0.0200693
0.0202976
0.0204376
0.0204914
0.0204681
0.0203966
0.0202735
0.0200588
0.019866
0.0196543
0.0194267
0.0191821
0.0189116
0.0186029
0.0182453
0.017828
0.01735
0.0168433
0.0161877
0.0155237
0.014821
0.0140861
0.0133318
0.0125665
0.0118045
0.0110842
0.0103882
0.020552
0.0207355
0.0210503
0.0212036
0.0212782
0.0212846
0.021211
0.0210677
0.0208768
0.0206007
0.0202472
0.019907
0.0195383
0.0191525
0.0187557
0.0183478
0.0179257
0.0174842
0.0170178
0.0165217
0.0159965
0.0154387
0.0148598
0.0142561
0.0136315
0.0129927
0.0123411
0.0116877
0.0111182
0.0107085
0.0219943
0.0217688
0.021897
0.021979
0.0219868
0.0219176
0.0217664
0.02155
0.0212776
0.0208785
0.0204291
0.0199652
0.0194589
0.0189271
0.0183816
0.0178304
0.0172791
0.0167306
0.016186
0.0156433
0.0151011
0.0145664
0.0140346
0.0135015
0.0129667
0.0124309
0.0118871
0.0113383
0.0109132
0.0108391
0.0230832
0.0227096
0.0227553
0.0227664
0.0226906
0.0225339
0.0222968
0.0219945
0.0216248
0.0211111
0.0205659
0.0199822
0.0193511
0.0186926
0.018022
0.0173527
0.016696
0.0160602
0.0154505
0.0148685
0.0143137
0.0137865
0.0132837
0.0127998
0.0123308
0.0118731
0.011413
0.0109441
0.0106276
0.0108585
0.0240283
0.0236158
0.0235966
0.0235273
0.0233654
0.0231222
0.0227989
0.0224072
0.02193
0.021312
0.0206669
0.0199681
0.0192207
0.0184468
0.0176648
0.0168921
0.0161438
0.015432
0.0147644
0.0141448
0.0135735
0.0130479
0.0125641
0.0121156
0.0116963
0.0112995
0.0109066
0.0105034
0.0102774
0.0107823
0.0248639
0.0244579
0.0243806
0.0242344
0.0239936
0.0236694
0.0232647
0.022787
0.0221969
0.0214858
0.0207408
0.0199326
0.019076
0.0181944
0.0173092
0.016441
0.0156081
0.014825
0.0141018
0.0134434
0.0128506
0.0123203
0.0118472
0.0114236
0.0110419
0.0106935
0.0103552
0.0100079
0.00986195
0.0106104
0.0256106
0.0252413
0.0251135
0.0248956
0.0245805
0.0241787
0.0236966
0.0231343
0.0224309
0.0216369
0.0207921
0.0198793
0.0189191
0.0179363
0.0169544
0.0159968
0.0150843
0.0142335
0.013456
0.0127579
0.0121402
0.0115997
0.0111301
0.0107227
0.0103686
0.0100578
0.0097633
0.00946251
0.00938757
0.0103461
0.0262904
0.0259795
0.0258076
0.0255208
0.0251338
0.0246574
0.0240992
0.0234477
0.0226415
0.0217665
0.0208229
0.0198098
0.0187508
0.0176717
0.0165985
0.0155564
0.0145683
0.0136527
0.0128221
0.0120837
0.0114387
0.0108836
0.0104115
0.010013
0.00967833
0.00939595
0.00913564
0.00887315
0.0088611
0.00999529
0.0269205
0.0266825
0.0264711
0.0261169
0.0256599
0.025112
0.0244775
0.0237292
0.0228343
0.0218748
0.0208351
0.0197254
0.0185714
0.0174002
0.0162394
0.0151165
0.0140559
0.0130773
0.0121946
0.0114151
0.0107406
0.0101673
0.0096878
0.00929214
0.00896993
0.00870829
0.00847403
0.00824278
0.00828683
0.00956415
0.0275132
0.0273582
0.0271109
0.0266898
0.026163
0.0255455
0.0248348
0.023986
0.0230122
0.0219652
0.0208313
0.0196277
0.0183814
0.0171207
0.0158753
0.014674
0.0135428
0.0125024
0.0115675
0.0107461
0.0100399
0.00944517
0.00895413
0.00855626
0.00824063
0.0079932
0.00777807
0.00757209
0.00766653
0.00905773
0.0280789
0.028014
0.0277337
0.0272452
0.0266486
0.0259636
0.0251733
0.0242257
0.0231772
0.0220407
0.0208137
0.0195179
0.0181809
0.0168325
0.015504
0.0142256
0.0130246
0.0119227
0.0109352
0.0100705
0.00933056
0.00871148
0.00820511
0.00780058
0.00748649
0.00724764
0.00704573
0.00685992
0.00699988
0.00847969
0.0286272
0.028657
0.0283465
0.027791
0.0271259
0.0263694
0.0254919
0.0244578
0.0233308
0.0221037
0.0207842
0.0193968
0.0179698
0.0165344
0.0151233
0.0137682
0.0124973
0.0113333
0.0102921
0.00938247
0.00860637
0.00795992
0.00743468
0.00701945
0.0067024
0.00646718
0.00627328
0.00610324
0.0062845
0.00783186
0.0291681
0.0292939
0.0289558
0.0283332
0.0275992
0.0267697
0.0257983
0.0246863
0.0234753
0.0221564
0.0207446
0.0192652
0.0177477
0.0162249
0.0147307
0.0132981
0.0119564
0.0107289
0.00963225
0.00867541
0.00786052
0.0071836
0.00663599
0.0062062
0.00588202
0.00564589
0.00545536
0.00529716
0.00551601
0.00711402
0.0297085
0.0299341
0.0295701
0.0288797
0.0280763
0.0271686
0.0261018
0.0249141
0.0236143
0.022202
0.0206962
0.0191234
0.017514
0.0159023
0.0143235
0.0128117
0.0113971
0.010104
0.00894927
0.00794242
0.00708561
0.00637483
0.00580122
0.00535303
0.00501766
0.00477634
0.00458482
0.00443484
0.00468797
0.00632354
0.0302558
0.030589
0.0302018
0.0294432
0.0285634
0.0275664
0.0264135
0.0251441
0.0237511
0.0222428
0.0206406
0.0189716
0.0172677
0.0155644
0.0138983
0.0123045
0.0108141
0.00945214
0.00823611
0.00717574
0.00627336
0.00552492
0.00492137
0.00445076
0.00410011
0.00384934
0.0036526
0.00350734
0.0037917
0.00545511
0.0308202
0.0312712
0.0308622
0.0300325
0.0290695
0.0279734
0.0267399
0.0253802
0.0238893
0.0222813
0.0205788
0.0188098
0.0170075
0.0152087
0.0134512
0.0117714
0.0102012
0.00876627
0.0074847
0.00636655
0.00541428
0.00462382
0.00398596
0.00348858
0.0031183
0.00285368
0.0026474
0.0025033
0.00281602
0.00450043
0.0314192
0.0319939
0.0315651
0.0306536
0.0295977
0.0284054
0.0270862
0.0256276
0.0240332
0.0223201
0.0205118
0.0186372
0.0167311
0.0148315
0.0129775
0.0112064
0.00955107
0.00803796
0.00668565
0.00550455
0.00449727
0.00365973
0.0029826
0.00245359
0.00205893
0.00177572
0.0015553
0.00140857
0.00174679
0.00344766
0.0320761
0.0327669
0.0323202
0.031322
0.0301591
0.0288737
0.0274567
0.0258914
0.0241867
0.0223615
0.0204401
0.0184529
0.0164359
0.0144285
0.012471
0.0106019
0.00885484
0.00725706
0.00582767
0.0045774
0.00350905
0.00261851
0.00189638
0.00133021
0.000905787
0.000598701
0.000359082
0.000205463
0.000566203
0.00228074
0.0328093
0.0336098
0.0331461
0.0320506
0.0307713
0.0293869
0.0278605
0.026179
0.0243548
0.0224079
0.0203639
0.0182546
0.0161176
0.0139935
0.0119239
0.00994832
0.00810141
0.00641104
0.00489687
0.00356999
0.00243335
0.00148287
0.000709031
9.92598e-05
-0.000361113
-0.000698118
-0.000962727
-0.00112814
-0.000748235
0.000978354
0.0336446
0.034556
0.034064
0.0328512
0.0314568
0.0299583
0.0283087
0.0264986
0.0245424
0.0224613
0.0202824
0.0180392
0.0157704
0.0135184
0.0113259
0.0092334
0.00727658
0.00548397
0.00387575
0.00246333
0.00124983
0.000231161
-0.000602288
-0.00126322
-0.00176683
-0.00214082
-0.0024372
-0.00262029
-0.00222522
-0.000487654
0.0346229
0.035627
0.0350941
0.0337587
0.0322371
0.0306041
0.0288142
0.0268593
0.0247547
0.0225233
0.0201938
0.0178012
0.015386
0.0129919
0.0106629
0.00844069
0.00636169
0.00445513
0.00274166
0.00123299
-6.76275e-05
-0.00116432
-0.00206679
-0.00278789
-0.00334339
-0.0037628
-0.00409904
-0.00430699
-0.0039019
-0.00215462
0.0357907
0.0368678
0.0362771
0.0348104
0.0331362
0.0313449
0.029393
0.0272716
0.0249972
0.0225944
0.0200938
0.0175322
0.0149519
0.0123979
0.00991568
0.00754779
0.00533156
0.00329677
0.00146449
-0.000153354
-0.00155344
-0.00273996
-0.00372276
-0.00451489
-0.00513272
-0.00560771
-0.00599364
-0.00623544
-0.00582723
-0.00407274
0.0372159
0.038339
0.037673
0.0360472
0.0341873
0.0322076
0.0300645
0.0277477
0.0252749
0.022673
0.0199747
0.0172189
0.0144495
0.0117132
0.00905662
0.00652331
0.00415128
0.00197076
3.07991e-06
-0.0017397
-0.0032543
-0.00454502
-0.00562191
-0.00649825
-0.00719117
-0.00773414
-0.00818183
-0.00846887
-0.0080673
-0.00631084
0.0390108
0.0401338
0.0393536
0.0375236
0.0354365
0.0332279
0.0308533
0.0283015
0.025592
0.022754
0.019823
0.0168398
0.0138504
0.010903
0.00804533
0.00532179
0.00277079
0.000422803
-0.00170079
-0.003588
-0.00523566
-0.00664832
-0.00783629
-0.00881315
-0.00959691
-0.0102232
-0.0107476
-0.0110945
-0.0107139
-0.00896628
0.0413032
0.042376
0.0414184
0.0393233
0.0369501
0.0344548
0.0317921
0.0289502
0.0259507
0.0228262
0.0196148
0.0163601
0.0131098
0.00991371
0.00682052
0.003875
0.00111561
-0.00142736
-0.00373281
-0.00578902
-0.00759317
-0.00915011
-0.0104704
-0.0115682
-0.0124623
-0.0131906
-0.0138097
-0.0142351
-0.013897
-0.0121793
0.0443476
0.0452592
0.0440235
0.0415733
0.0388275
0.0359599
0.0329256
0.0297132
0.0263476
0.0228651
0.0193073
0.0157204
0.0121543
0.00865983
0.00528594
0.0020771
-0.000928993
-0.00370292
-0.00622442
-0.00848245
-0.0104746
-0.0122061
-0.0136877
-0.0149338
-0.0159643
-0.0168188
-0.0175548
-0.018082
-0.0178198
-0.0161727
0.0485263
0.0490653
0.0473761
0.0444339
0.0411895
0.0378262
0.0343004
0.0306032
0.026764
0.0228238
0.0188284
0.0148273
0.010872
0.00701385
0.00330096
-0.000223817
-0.00352489
-0.00657499
-0.00935566
-0.0118572
-0.0140786
-0.0160244
-0.0177064
-0.019139
-0.0203426
-0.0213575
-0.022241
-0.0229033
-0.0227754
-0.0212842
0.0547099
0.0545023
0.0520689
0.0484268
0.0444777
0.0403941
0.0361446
0.0317345
0.0272045
0.0226054
0.0179903
0.013413
0.00892639
0.00458069
0.000420982
-0.0035142
-0.00719385
-0.0105948
-0.0137014
-0.0165041
-0.0190053
-0.0212233
-0.0231541
-0.0248121
-0.0262185
-0.0274113
-0.0284435
-0.0292407
-0.0293101
-0.0281412
0.0655042
0.0636115
0.0596251
0.054754
0.0496425
0.044387
0.038984
0.0334689
0.0278996
0.0223363
0.0168363
0.0114526
0.00623297
0.00121857
-0.00355633
-0.00806447
-0.0122851
-0.0162038
-0.0198121
-0.0231078
-0.0260864
-0.0287379
-0.0310862
-0.0331398
-0.0349099
-0.036422
-0.0377212
-0.0387968
-0.0393533
-0.0388355
0.017826
0.0187624
0.0205105
0.0218919
0.0230449
0.0241163
0.0251399
0.0261248
0.0270809
0.0280175
0.028943
0.029865
0.0307916
0.0317315
0.0326928
0.033686
0.0347241
0.0358234
0.0370027
0.0382832
0.0396928
0.0412708
0.0430649
0.0451409
0.0475879
0.0505405
0.0541839
0.0587308
0.0644079
0.0717353
0.022148
0.0231222
0.0242459
0.0251801
0.0260118
0.0268031
0.0275656
0.0283035
0.0290241
0.0297355
0.0304458
0.0311627
0.0318949
0.0326511
0.033441
0.0342763
0.0351708
0.0361416
0.0372087
0.0383969
0.0397386
0.0412768
0.0430682
0.0451907
0.0477541
0.0509205
0.0549244
0.0600871
0.0668952
0.0759358
0.0244539
0.0253213
0.0261622
0.0269114
0.0276375
0.0283569
0.0290666
0.0297674
0.0304643
0.0311631
0.0318699
0.0325913
0.0333347
0.0341082
0.0349214
0.0357857
0.0367151
0.0377271
0.0388427
0.0400891
0.0415013
0.0431264
0.0450272
0.047291
0.0500415
0.0534579
0.0578059
0.0634638
0.0710816
0.0813497
0.0264642
0.0272228
0.0279485
0.0286183
0.0292807
0.0299457
0.0306122
0.031283
0.0319631
0.032658
0.0333734
0.0341154
0.0348912
0.0357088
0.0365778
0.0375099
0.0385194
0.0396242
0.0408466
0.042215
0.0437669
0.0455522
0.0476379
0.0501171
0.0531211
0.0568391
0.0615514
0.067653
0.0758848
0.0869835
0.02834
0.0290061
0.0296425
0.0302415
0.0308442
0.0314606
0.0320913
0.0327392
0.0334084
0.0341037
0.0348303
0.035594
0.0364018
0.0372619
0.0381841
0.0391805
0.040266
0.0414593
0.0427838
0.0442698
0.0459569
0.0478976
0.0501625
0.0528494
0.0560952
0.0600967
0.0651442
0.0716437
0.0804198
0.0922669
0.0300528
0.030637
0.0311977
0.0317374
0.0322931
0.0328736
0.0334796
0.0341132
0.0347781
0.0354784
0.036219
0.0370056
0.037845
0.0387454
0.0397169
0.0407718
0.0419255
0.0431974
0.0446122
0.0462014
0.0480064
0.050082
0.0525021
0.0553679
0.0588215
0.063066
0.0684015
0.0752469
0.0845086
0.0970631
0.0315997
0.0321109
0.0326075
0.0330989
0.0336179
0.0341717
0.0347604
0.0353857
0.036051
0.0367599
0.0375169
0.0383276
0.0391985
0.0401378
0.0411559
0.0422652
0.0434815
0.0448249
0.0463208
0.0480019
0.0499111
0.0521049
0.0546596
0.0576796
0.0613108
0.0657621
0.0713422
0.0784838
0.0881594
0.101342
0.0329761
0.0334216
0.0338634
0.0343153
0.0348055
0.0353392
0.0359161
0.0365376
0.0372063
0.0379257
0.0386999
0.0395342
0.0404351
0.0414109
0.0424718
0.0436305
0.0449034
0.0463107
0.0478786
0.0496409
0.0516413
0.053938
0.0566091
0.0597614
0.0635441
0.0681706
0.0739574
0.0813492
0.091364
0.105078
0.0341734
0.0345601
0.0349554
0.0353755
0.0358434
0.0363623
0.0369314
0.0375518
0.0382257
0.0389562
0.039747
0.0406034
0.0415316
0.04254
0.0436388
0.044841
0.046163
0.0476258
0.0492558
0.0510876
0.053166
0.0555501
0.0583195
0.061583
0.0654924
0.0702647
0.076223
0.0838223
0.0941052
0.108257
0.0351848
0.0355197
0.0358764
0.0362715
0.0367224
0.0372306
0.0377949
0.038416
0.0390957
0.0398368
0.0406428
0.0415186
0.0424706
0.043507
0.0446382
0.0458772
0.0472407
0.0487498
0.0504317
0.0523213
0.054464
0.0569201
0.0597702
0.0631246
0.067137
0.0720276
0.0781245
0.0858915
0.0963783
0.110885
0.0360072
0.0362983
0.0366241
0.0370001
0.0374385
0.037939
0.0385005
0.0391231
0.0398085
0.0405589
0.0413779
0.0422701
0.0432419
0.0443014
0.045459
0.0467279
0.048125
0.0496716
0.0513951
0.0533309
0.055525
0.0580383
0.0609523
0.0643783
0.068472
0.0734552
0.0796607
0.0875591
0.0981934
0.112982
0.0366428
0.0368985
0.0372008
0.0375629
0.0379923
0.0384876
0.0390475
0.039672
0.0403622
0.0411204
0.0419497
0.0428549
0.0438422
0.0449197
0.0460978
0.0473899
0.0488128
0.0503881
0.0521435
0.0541146
0.0563478
0.0589045
0.0618669
0.0653471
0.0695018
0.0745546
0.0808415
0.0888387
0.0995727
0.114582
0.0370987
0.0373282
0.0376138
0.0379664
0.0383897
0.0388816
0.0394408
0.0400669
0.0407609
0.0415248
0.0423619
0.0432766
0.0442751
0.0453656
0.0465586
0.0478672
0.0493087
0.0509046
0.0526827
0.0546789
0.0569399
0.0595275
0.0625241
0.0660426
0.0702404
0.0753421
0.0816861
0.089753
0.100547
0.115723
0.0373868
0.0375991
0.0378743
0.038221
0.0386406
0.0391307
0.0396895
0.0403168
0.0410134
0.0417812
0.0426232
0.0435441
0.0445499
0.0456487
0.0468511
0.0481704
0.0496236
0.0512326
0.0530251
0.0550373
0.0573159
0.0599229
0.0629412
0.0664838
0.0707088
0.0758411
0.082221
0.0903316
0.101153
0.116451
0.037522
0.0377261
0.0379963
0.0383403
0.0387583
0.0392475
0.0398063
0.0404343
0.0411321
0.0419018
0.0427463
0.0436701
0.0446794
0.0457823
0.0469892
0.0483136
0.0497725
0.0513877
0.0531872
0.055207
0.057494
0.0601103
0.0631389
0.066693
0.0709309
0.0760778
0.0824747
0.0906061
0.101435
0.116804
0.0375219
0.0377259
0.0379961
0.0383402
0.0387582
0.0392474
0.0398062
0.0404342
0.041132
0.0419017
0.0427462
0.04367
0.0446793
0.0457822
0.0469891
0.0483135
0.0497724
0.0513876
0.0531871
0.0552069
0.0574939
0.0601102
0.0631388
0.066693
0.0709309
0.0760777
0.0824747
0.090606
0.101435
0.116803
0.0373864
0.0375987
0.0378739
0.0382206
0.0386403
0.0391304
0.0396892
0.0403165
0.0410131
0.0417809
0.0426229
0.0435438
0.0445496
0.0456485
0.0468508
0.0481701
0.0496234
0.0512323
0.0530249
0.055037
0.0573157
0.0599227
0.0629409
0.0664836
0.0707085
0.0758409
0.0822207
0.0903313
0.101153
0.116451
0.037098
0.0373275
0.0376132
0.0379658
0.0383891
0.0388811
0.0394402
0.0400663
0.0407604
0.0415243
0.0423614
0.0432761
0.0442747
0.0453652
0.0465581
0.0478668
0.0493082
0.0509041
0.0526823
0.0546785
0.0569395
0.059527
0.0625237
0.0660422
0.07024
0.0753417
0.0816857
0.0897526
0.100546
0.115723
0.0366418
0.0368976
0.0371999
0.037562
0.0379914
0.0384868
0.0390467
0.0396712
0.0403615
0.0411196
0.041949
0.0428542
0.0438415
0.044919
0.0460972
0.0473892
0.0488122
0.0503875
0.0521429
0.054114
0.0563472
0.0589039
0.0618663
0.0653465
0.0695012
0.074554
0.0808409
0.088838
0.099572
0.114581
0.0360059
0.036297
0.0366229
0.036999
0.0374373
0.0379379
0.0384994
0.0391221
0.0398075
0.040558
0.0413769
0.0422692
0.043241
0.0443005
0.0454581
0.0467271
0.0481241
0.0496708
0.0513943
0.0533301
0.0555242
0.0580375
0.0609515
0.0643776
0.0684712
0.0734544
0.0796599
0.0875582
0.0981925
0.112981
0.0351831
0.0355181
0.0358749
0.0362701
0.036721
0.0372292
0.0377936
0.0384147
0.0390945
0.0398356
0.0406416
0.0415175
0.0424695
0.043506
0.0446371
0.0458761
0.0472397
0.0487489
0.0504308
0.0523203
0.0544631
0.0569192
0.0597693
0.0631236
0.0671361
0.0720266
0.0781235
0.0858905
0.0963772
0.110884
0.0341714
0.0345582
0.0349535
0.0353737
0.0358417
0.0363606
0.0369298
0.0375503
0.0382242
0.0389547
0.0397456
0.040602
0.0415303
0.0425387
0.0436375
0.0448397
0.0461618
0.0476246
0.0492547
0.0510865
0.0531648
0.055549
0.0583184
0.0615819
0.0654913
0.0702636
0.0762218
0.0838211
0.0941039
0.108256
0.0329737
0.0334193
0.0338612
0.0343132
0.0348036
0.0353373
0.0359142
0.0365358
0.0372046
0.037924
0.0386983
0.0395326
0.0404336
0.0414094
0.0424703
0.0436291
0.044902
0.0463093
0.0478773
0.0496395
0.05164
0.0539367
0.0566078
0.0597601
0.0635428
0.0681692
0.073956
0.0813478
0.0913624
0.105076
0.031597
0.0321083
0.032605
0.0330965
0.0336156
0.0341695
0.0347582
0.0353837
0.036049
0.0367579
0.037515
0.0383257
0.0391967
0.0401361
0.0411542
0.0422635
0.0434799
0.0448234
0.0463193
0.0480004
0.0499096
0.0521035
0.0546582
0.0576781
0.0613093
0.0657605
0.0713406
0.0784822
0.0881577
0.10134
0.0300497
0.030634
0.0311949
0.0317347
0.0322905
0.0328711
0.0334772
0.0341109
0.0347758
0.0354762
0.0362169
0.0370036
0.0378431
0.0387435
0.039715
0.0407699
0.0419237
0.0431957
0.0446105
0.0461997
0.0480047
0.0500804
0.0525004
0.0553662
0.0588198
0.0630643
0.0683997
0.0752451
0.0845066
0.0970609
0.0283366
0.0290027
0.0296393
0.0302384
0.0308412
0.0314577
0.0320886
0.0327366
0.0334059
0.0341013
0.0348279
0.0355917
0.0363996
0.0372597
0.038182
0.0391785
0.040264
0.0414574
0.0427819
0.044268
0.0459551
0.0478957
0.0501607
0.0528476
0.0560934
0.0600948
0.0651423
0.0716417
0.0804176
0.0922645
0.0264603
0.027219
0.027945
0.0286149
0.0292775
0.0299425
0.0306091
0.03128
0.0319603
0.0326553
0.0333708
0.0341129
0.0348887
0.0357064
0.0365755
0.0375077
0.0385173
0.0396221
0.0408445
0.0422129
0.0437649
0.0455502
0.0476359
0.0501151
0.0531191
0.0568371
0.0615493
0.0676508
0.0758824
0.0869809
0.0244496
0.0253172
0.0261582
0.0269076
0.0276339
0.0283534
0.0290632
0.0297642
0.0304613
0.0311601
0.031867
0.0325886
0.033332
0.0341056
0.0349189
0.0357833
0.0367128
0.0377248
0.0388405
0.0400869
0.0414992
0.0431243
0.0450251
0.0472889
0.0500394
0.0534557
0.0578037
0.0634614
0.071079
0.0813469
0.0221433
0.0231177
0.0242416
0.0251759
0.0260078
0.0267993
0.0275619
0.0282999
0.0290207
0.0297323
0.0304426
0.0311597
0.031892
0.0326483
0.0334383
0.0342736
0.0351682
0.0361391
0.0372063
0.0383946
0.0397362
0.0412745
0.0430659
0.0451885
0.0477518
0.0509182
0.054922
0.0600846
0.0668925
0.0759328
0.0178206
0.0187572
0.0205056
0.0218872
0.0230404
0.024112
0.0251358
0.0261209
0.0270771
0.0280139
0.0289395
0.0298616
0.0307885
0.0317284
0.0326899
0.0336832
0.0347213
0.0358207
0.0370001
0.0382807
0.0396903
0.0412684
0.0430625
0.0451386
0.0475855
0.0505381
0.0541815
0.0587283
0.0644052
0.0717322
0.0655009
0.0636081
0.0596217
0.0547504
0.0496389
0.0443832
0.0389801
0.033465
0.0278955
0.0223322
0.0168322
0.0114485
0.00622883
0.00121445
-0.00356041
-0.00806849
-0.0122891
-0.0162076
-0.0198159
-0.0231115
-0.02609
-0.0287413
-0.0310895
-0.033143
-0.0349129
-0.0364249
-0.037724
-0.0387995
-0.0393558
-0.0388379
0.0547069
0.0544992
0.0520658
0.0484236
0.0444744
0.0403907
0.0361411
0.0317309
0.0272008
0.0226017
0.0179866
0.0134092
0.00892259
0.00457691
0.000417226
-0.00351791
-0.0071975
-0.0105984
-0.0137049
-0.0165075
-0.0190085
-0.0212265
-0.0231572
-0.0248151
-0.0262213
-0.027414
-0.0284461
-0.0292432
-0.0293125
-0.0281435
0.0485234
0.0490624
0.0473733
0.0444309
0.0411865
0.0378231
0.0342971
0.0305999
0.0267606
0.0228203
0.0188249
0.0148238
0.0108685
0.00701031
0.00329745
-0.000227299
-0.00352832
-0.00657836
-0.00935896
-0.0118604
-0.0140817
-0.0160274
-0.0177093
-0.0191418
-0.0203453
-0.0213601
-0.0222435
-0.0229056
-0.0227776
-0.0212863
0.0443449
0.0452565
0.0440208
0.0415705
0.0388246
0.0359569
0.0329225
0.0297101
0.0263444
0.0228618
0.0193039
0.015717
0.0121509
0.00865645
0.00528258
0.00207377
-0.000932279
-0.00370615
-0.00622758
-0.00848554
-0.0104777
-0.012209
-0.0136905
-0.0149366
-0.0159669
-0.0168213
-0.0175573
-0.0180844
-0.017822
-0.0161748
0.0413006
0.0423734
0.0414158
0.0393206
0.0369473
0.034452
0.0317892
0.0289472
0.0259476
0.0228231
0.0196116
0.0163568
0.0131065
0.00991045
0.00681727
0.00387178
0.00111242
-0.0014305
-0.00373588
-0.00579203
-0.0075961
-0.00915296
-0.0104732
-0.0115708
-0.0124648
-0.0131931
-0.0138121
-0.0142374
-0.0138992
-0.0121814
0.0390082
0.0401313
0.039351
0.037521
0.0354337
0.0332251
0.0308504
0.0282986
0.0255889
0.022751
0.0198198
0.0168367
0.0138472
0.0108998
0.00804215
0.00531863
0.00276766
0.000419725
-0.00170382
-0.00359096
-0.00523855
-0.00665114
-0.00783902
-0.0088158
-0.00959947
-0.0102257
-0.01075
-0.0110968
-0.0107161
-0.0089683
0.0372133
0.0383364
0.0376704
0.0360445
0.0341846
0.0322048
0.0300616
0.0277448
0.0252719
0.0226699
0.0199716
0.0172158
0.0144464
0.0117101
0.00905348
0.00652019
0.00414819
0.00196772
8.65909e-08
-0.00174264
-0.00325717
-0.00454782
-0.00562464
-0.00650089
-0.00719373
-0.00773662
-0.00818424
-0.0084712
-0.00806951
-0.00631287
0.0357882
0.0368653
0.0362745
0.0348078
0.0331335
0.0313421
0.0293901
0.0272687
0.0249942
0.0225914
0.0200907
0.0175291
0.0149488
0.0123948
0.00991257
0.0075447
0.00532849
0.00329374
0.00146151
-0.000156283
-0.00155631
-0.00274276
-0.00372549
-0.00451754
-0.0051353
-0.00561021
-0.00599607
-0.0062378
-0.00582948
-0.00407477
0.0346204
0.0356244
0.0350915
0.033756
0.0322344
0.0306013
0.0288113
0.0268564
0.0247518
0.0225203
0.0201907
0.0177981
0.0153829
0.0129888
0.0106598
0.0084376
0.00635862
0.00445209
0.00273867
0.00123005
-7.05072e-05
-0.00116713
-0.00206953
-0.00279057
-0.003346
-0.00376533
-0.0041015
-0.00430939
-0.00390418
-0.00215668
0.033642
0.0345533
0.0340613
0.0328485
0.031454
0.0299555
0.0283058
0.0264956
0.0245394
0.0224583
0.0202794
0.0180361
0.0157673
0.0135153
0.0113228
0.0092303
0.0072735
0.00548092
0.00387274
0.00246037
0.00124693
0.000228318
-0.000605066
-0.00126593
-0.00176947
-0.00214339
-0.0024397
-0.00262272
-0.00222754
-0.000489749
0.0328067
0.0336071
0.0331434
0.0320478
0.0307685
0.0293841
0.0278575
0.026176
0.0243518
0.0224048
0.0203608
0.0182515
0.0161144
0.0139903
0.0119208
0.00994519
0.00809831
0.00640797
0.00489384
0.003567
0.00243041
0.00147999
0.000706216
9.65114e-05
-0.000363793
-0.000700728
-0.000965269
-0.00113062
-0.000750603
0.000976217
0.0320735
0.0327641
0.0323175
0.0313192
0.0301562
0.0288708
0.0274537
0.0258884
0.0241837
0.0223584
0.0204369
0.0184497
0.0164327
0.0144253
0.0124678
0.0105987
0.0088517
0.00725395
0.0058246
0.00457437
0.00350607
0.0026156
0.00189352
0.00132741
0.000903063
0.000596047
0.000356495
0.000202943
0.000563789
0.00227856
0.0314165
0.0319911
0.0315622
0.0306507
0.0295947
0.0284024
0.0270831
0.0256245
0.0240301
0.022317
0.0205086
0.018634
0.0167279
0.0148283
0.0129743
0.0112032
0.00954789
0.00803481
0.00668254
0.00550148
0.00449426
0.00365677
0.0029797
0.00245076
0.00205616
0.00177302
0.00155267
0.001406
0.00174433
0.00344543
0.0308174
0.0312683
0.0308592
0.0300295
0.0290665
0.0279703
0.0267368
0.025377
0.0238862
0.0222781
0.0205755
0.0188065
0.0170042
0.0152054
0.013448
0.0117682
0.010198
0.00876307
0.00748154
0.00636343
0.00541122
0.00462081
0.00398301
0.00348569
0.00311549
0.00285094
0.00264472
0.00250069
0.00281352
0.00449815
0.0302529
0.030586
0.0301987
0.0294402
0.0285603
0.0275633
0.0264103
0.0251409
0.0237479
0.0222395
0.0206373
0.0189683
0.0172644
0.0155611
0.013895
0.0123012
0.0108108
0.00944889
0.0082329
0.00717257
0.00627025
0.00552186
0.00491837
0.00444782
0.00409724
0.00384655
0.00364987
0.00350468
0.00378915
0.00545278
0.0297055
0.029931
0.029567
0.0288765
0.0280731
0.0271653
0.0260985
0.0249108
0.023611
0.0221986
0.0206929
0.01912
0.0175106
0.0158989
0.0143201
0.0128083
0.0113938
0.0101007
0.00894601
0.0079392
0.00708244
0.00637172
0.00579817
0.00535004
0.00501475
0.0047735
0.00458205
0.00443215
0.00468538
0.00632115
0.0291649
0.0292907
0.0289526
0.0283299
0.0275959
0.0267664
0.0257949
0.024683
0.0234719
0.022153
0.0207411
0.0192617
0.0177443
0.0162214
0.0147273
0.0132947
0.011953
0.0107256
0.00962893
0.00867214
0.00785729
0.00718043
0.00663289
0.00620317
0.00587906
0.005643
0.00545255
0.00529442
0.00551337
0.00711158
0.028624
0.0286537
0.0283431
0.0277876
0.0271225
0.026366
0.0254884
0.0244543
0.0233273
0.0221002
0.0207807
0.0193933
0.0179663
0.0165309
0.0151198
0.0137647
0.0124938
0.0113299
0.0102887
0.00937913
0.00860309
0.0079567
0.00743153
0.00701637
0.00669939
0.00646424
0.00627042
0.00610046
0.00628181
0.00782936
0.0280755
0.0280105
0.0277302
0.0272417
0.0266451
0.0259601
0.0251698
0.0242221
0.0231736
0.0220372
0.0208101
0.0195143
0.0181773
0.0168289
0.0155004
0.0142221
0.0130211
0.0119192
0.0109318
0.0100671
0.00932723
0.0087082
0.0082019
0.00779744
0.00748343
0.00724466
0.00704282
0.0068571
0.00699715
0.00847713
0.0275097
0.0273547
0.0271073
0.0266862
0.0261594
0.0255419
0.0248312
0.0239823
0.0230085
0.0219615
0.0208276
0.019624
0.0183777
0.0171171
0.0158716
0.0146704
0.0135392
0.0124988
0.011564
0.0107426
0.0100365
0.00944184
0.00895086
0.00855307
0.00823752
0.00799017
0.00777513
0.00756923
0.00766377
0.00905512
0.0269168
0.0266788
0.0264673
0.0261131
0.0256561
0.0251082
0.0244737
0.0237254
0.0228305
0.021871
0.0208313
0.0197216
0.0185677
0.0173964
0.0162357
0.0151128
0.0140523
0.0130737
0.012191
0.0114116
0.0107371
0.0101639
0.00968448
0.0092889
0.00896677
0.00870521
0.00847104
0.00823988
0.00828402
0.00956149
0.0262866
0.0259756
0.0258037
0.0255169
0.0251299
0.0246535
0.0240953
0.0234438
0.0226376
0.0217626
0.020819
0.0198059
0.0187469
0.0176679
0.0165946
0.0155526
0.0145646
0.0136489
0.0128185
0.0120801
0.0114352
0.0108802
0.0104081
0.0100097
0.00967511
0.00939282
0.0091326
0.00887021
0.00885826
0.00999258
0.0256066
0.0252372
0.0251095
0.0248916
0.0245764
0.0241746
0.0236925
0.0231302
0.0224269
0.0216328
0.0207881
0.0198753
0.0189151
0.0179323
0.0169505
0.0159929
0.0150804
0.0142297
0.0134522
0.0127542
0.0121366
0.0115962
0.0111267
0.0107193
0.0103654
0.0100546
0.00976022
0.00945953
0.00938468
0.0103433
0.0248597
0.0244537
0.0243764
0.0242302
0.0239894
0.0236652
0.0232605
0.0227828
0.0221927
0.0214816
0.0207367
0.0199285
0.0190719
0.0181903
0.0173052
0.016437
0.0156042
0.0148211
0.014098
0.0134397
0.0128469
0.0123167
0.0118437
0.0114202
0.0110386
0.0106902
0.0103521
0.0100049
0.00985903
0.0106076
0.024024
0.0236114
0.0235922
0.0235229
0.0233611
0.0231178
0.0227945
0.0224029
0.0219257
0.0213077
0.0206626
0.0199638
0.0192165
0.0184426
0.0176607
0.016888
0.0161398
0.015428
0.0147605
0.014141
0.0135697
0.0130442
0.0125605
0.0121121
0.0116929
0.0112962
0.0109034
0.0105003
0.0102744
0.0107795
0.0230787
0.022705
0.0227507
0.0227618
0.022686
0.0225293
0.0222922
0.02199
0.0216203
0.0211066
0.0205615
0.0199778
0.0193468
0.0186883
0.0180178
0.0173486
0.0166919
0.0160562
0.0154465
0.0148646
0.0143099
0.0137828
0.01328
0.0127963
0.0123274
0.0118698
0.0114098
0.010941
0.0106246
0.0108557
0.0219895
0.021764
0.0218923
0.0219743
0.021982
0.0219128
0.0217617
0.0215453
0.021273
0.0208739
0.0204246
0.0199607
0.0194544
0.0189227
0.0183773
0.0178261
0.0172749
0.0167265
0.0161819
0.0156394
0.0150972
0.0145626
0.0140309
0.0134979
0.0129632
0.0124275
0.0118839
0.0113352
0.0109101
0.0108362
0.020547
0.0207305
0.0210454
0.0211987
0.0212733
0.0212797
0.0212061
0.0210628
0.020872
0.020596
0.0202424
0.0199023
0.0195337
0.019148
0.0187512
0.0183434
0.0179213
0.01748
0.0170136
0.0165176
0.0159925
0.0154348
0.0148561
0.0142524
0.013628
0.0129893
0.0123378
0.0116845
0.0111151
0.0107056
0.0180641
0.0188617
0.019663
0.0200641
0.0202925
0.0204325
0.0204863
0.020463
0.0203916
0.0202685
0.0200539
0.0198612
0.0196495
0.019422
0.0191775
0.018907
0.0185985
0.0182409
0.0178238
0.0173458
0.0168394
0.0161837
0.0155199
0.0148173
0.0140825
0.0133283
0.0125631
0.0118012
0.011081
0.0103851
0.0141473
0.0147421
0.0162144
0.0173023
0.0180904
0.018716
0.0192053
0.0195695
0.0198365
0.0200166
0.0200733
0.0200805
0.0200102
0.0198589
0.0196256
0.0193067
0.0188998
0.0184083
0.0178351
0.0171749
0.016408
0.0157066
0.0149557
0.0141766
0.0133955
0.0126269
0.0118805
0.0111706
0.0105066
0.00984265
-0.0405162
-0.032586
-0.0265965
-0.0217325
-0.0177178
-0.0143758
-0.0115567
-0.00915148
-0.00707684
-0.00526961
-0.00368111
-0.00227336
-0.00101629
0.000114167
0.00113755
0.00206983
0.00292417
0.00371134
0.00444007
0.00511714
0.00574741
0.00633373
0.00687681
0.00737511
0.00782445
0.00821643
0.00854087
0.00879437
0.00897755
0.00902424
-0.0406707
-0.0326103
-0.0263241
-0.0213282
-0.0172356
-0.0138362
-0.0109691
-0.00851967
-0.00640326
-0.00455633
-0.00293053
-0.00148864
-0.000201702
0.000952936
0.001993
0.00293232
0.00378152
0.00454863
0.00523948
0.00585804
0.00640678
0.0068869
0.00729868
0.00764174
0.007915
0.00811632
0.00824403
0.00831888
0.00843222
0.00862713
-0.0414981
-0.0335843
-0.0272807
-0.0222786
-0.0181716
-0.0147532
-0.0118653
-0.00939502
-0.00725902
-0.00539473
-0.0037544
-0.00230111
-0.00100595
0.000153861
0.00119641
0.00213608
0.00298423
0.00374984
0.0044398
0.00505934
0.00561217
0.00610078
0.00652658
0.0068903
0.00719174
0.00742744
0.00758819
0.00768821
0.00785468
0.00824038
-0.0425034
-0.0348891
-0.0286989
-0.0237385
-0.0196247
-0.0161751
-0.0132444
-0.0107263
-0.00854126
-0.00662901
-0.00494302
-0.00344705
-0.00211251
-0.000916687
0.000158605
0.00112796
0.00200308
0.00279335
0.00350621
0.00414746
0.00472157
0.0052318
0.00568048
0.00606943
0.00639991
0.00666947
0.00686702
0.00700308
0.00722369
0.00777192
-0.0434155
-0.0360524
-0.0299816
-0.0250703
-0.0209572
-0.0174815
-0.0145108
-0.0119459
-0.00971171
-0.00775036
-0.00601692
-0.00447602
-0.00309957
-0.00186505
-0.000754333
0.000247277
0.00115168
0.00196854
0.00270563
0.0033692
0.00396416
0.00449433
0.0049626
0.00537141
0.00572283
0.00601542
0.00623791
0.00639831
0.00664853
0.00728926
-0.044199
-0.0370164
-0.0310526
-0.0261928
-0.0220918
-0.018604
-0.0156071
-0.0130083
-0.0107363
-0.00873603
-0.00696399
-0.00538581
-0.00397397
-0.00270631
-0.0015648
-0.000534762
0.0003958
0.00123672
0.00199603
0.00268029
0.0032948
0.00384377
0.00433055
0.00475802
0.00512882
0.0054423
0.00568776
0.00587063
0.00613743
0.00681429
-0.0448699
-0.0378244
-0.0319605
-0.0271526
-0.0230712
-0.0195814
-0.0165688
-0.0139461
-0.0116457
-0.00961458
-0.00781099
-0.00620154
-0.00475937
-0.00346268
-0.00229369
-0.00123781
-0.00028303
0.000580573
0.00136118
0.00206555
0.00269922
0.00326673
0.00377175
0.00421748
0.00460692
0.00494024
0.00520793
0.00541323
0.00568901
0.00635863
-0.0454372
-0.0385008
-0.0327308
-0.027972
-0.0239129
-0.0204265
-0.0174048
-0.014765
-0.0124425
-0.0103865
-0.00855674
-0.00692078
-0.0054524
-0.00413025
-0.00293679
-0.00185758
-0.000880644
3.95069e-06
0.000804472
0.0015278
0.00217967
0.00276482
0.00328716
0.00375012
0.00415694
0.00450851
0.00479705
0.00502408
0.00530353
0.00593413
-0.0459068
-0.0390567
-0.0333726
-0.0286577
-0.024621
-0.0211408
-0.0181142
-0.0154622
-0.0131228
-0.0110472
-0.00919614
-0.00753823
-0.00604783
-0.004704
-0.00348947
-0.00238995
-0.00139354
-0.000490321
0.000328011
0.00106842
0.00173677
0.00233793
0.00287602
0.00335463
0.00377713
0.00414505
0.00445259
0.00470013
0.00497997
0.00555122
-0.046286
-0.0395018
-0.0338939
-0.0292166
-0.0252005
-0.0217277
-0.0186992
-0.0160388
-0.0136869
-0.0115961
-0.00972825
-0.00805272
-0.00654442
-0.00518277
-0.00395073
-0.00283419
-0.00182132
-0.000902244
-6.86372e-05
0.000686515
0.00136914
0.00198425
0.00253608
0.00302833
0.00346448
0.00384657
0.00417084
0.00443708
0.00471574
0.00521789
-0.0465836
-0.0398469
-0.0343043
-0.0296577
-0.0256594
-0.0221939
-0.0191652
-0.0164993
-0.0141384
-0.0120362
-0.0101555
-0.0084663
-0.00694394
-0.00556816
-0.00432213
-0.00319188
-0.00216567
-0.00123365
-0.000387506
0.0003798
0.00107425
0.00170095
0.00226421
0.00276785
0.00321536
0.00360922
0.00394755
0.00423009
0.00450718
0.00493961
-0.0468088
-0.0401029
-0.034614
-0.0299909
-0.0260071
-0.022548
-0.0195199
-0.0168505
-0.0144833
-0.0123728
-0.0104827
-0.00878333
-0.00725041
-0.00586392
-0.00460723
-0.00346647
-0.00242997
-0.00148794
-0.00063205
0.000144743
0.000848458
0.00148424
0.00205651
0.00256911
0.00302558
0.00342869
0.00377816
0.0040741
0.00434994
0.00471935
-0.0469703
-0.0402804
-0.0348333
-0.030227
-0.0262538
-0.0227997
-0.0197723
-0.0171009
-0.0147294
-0.0126133
-0.0107166
-0.00901011
-0.00746974
-0.00607567
-0.00481139
-0.00366312
-0.00261924
-0.00167
-0.000807072
-2.34114e-05
0.000687023
0.00132941
0.00190823
0.00242738
0.00289038
0.00330022
0.00365786
0.00396394
0.00423914
0.0045577
-0.0470759
-0.0403894
-0.0349722
-0.0303764
-0.0264101
-0.0229593
-0.0199326
-0.0172598
-0.0148857
-0.0127661
-0.0108654
-0.00915439
-0.00760932
-0.00621045
-0.00494136
-0.0037883
-0.00273973
-0.00178588
-0.000918459
-0.000130402
0.000584341
0.00123097
0.001814
0.00233735
0.00280456
0.00321872
0.00358162
0.00389443
0.00416957
0.00445314
-0.0471294
-0.0404394
-0.0350389
-0.030448
-0.026485
-0.0230358
-0.0200094
-0.017336
-0.0149607
-0.0128394
-0.0109367
-0.00922355
-0.00767623
-0.00627506
-0.00500366
-0.00384831
-0.00279749
-0.00184143
-0.000971846
-0.000181678
0.000535133
0.0011838
0.00176885
0.00229422
0.00276346
0.00317969
0.00354513
0.00386125
0.00413657
0.00440285
-0.0471295
-0.0404394
-0.035039
-0.0304481
-0.0264851
-0.0230359
-0.0200094
-0.0173361
-0.0149607
-0.0128395
-0.0109367
-0.00922361
-0.0076763
-0.00627513
-0.00500373
-0.00384838
-0.00279756
-0.0018415
-0.000971921
-0.000181754
0.000535056
0.00118372
0.00176877
0.00229414
0.00276337
0.00317961
0.00354504
0.00386117
0.00413649
0.00440277
-0.0470761
-0.0403895
-0.0349724
-0.0303766
-0.0264103
-0.0229595
-0.0199327
-0.01726
-0.0148859
-0.0127663
-0.0108656
-0.00915459
-0.00760953
-0.00621066
-0.00494157
-0.00378852
-0.00273995
-0.0017861
-0.000918687
-0.000130634
0.000584105
0.00123073
0.00181375
0.0023371
0.00280431
0.00321847
0.00358137
0.00389418
0.00416932
0.00445289
-0.0469706
-0.0402807
-0.0348336
-0.0302273
-0.0262541
-0.0228
-0.0197727
-0.0171012
-0.0147297
-0.0126136
-0.010717
-0.00901045
-0.00747009
-0.00607602
-0.00481175
-0.00366348
-0.00261962
-0.00167038
-0.000807459
-2.3806e-05
0.000686622
0.00132901
0.00190782
0.00242696
0.00288996
0.00329979
0.00365743
0.0039635
0.00423871
0.00455728
-0.0468093
-0.0401034
-0.0346144
-0.0299914
-0.0260075
-0.0225485
-0.0195203
-0.016851
-0.0144837
-0.0123733
-0.0104832
-0.00878381
-0.0072509
-0.00586442
-0.00460774
-0.00346699
-0.00243051
-0.00148848
-0.000632603
0.000144179
0.000847884
0.00148366
0.00205592
0.00256851
0.00302497
0.00342808
0.00377755
0.00407348
0.00434932
0.00471875
-0.0465842
-0.0398475
-0.0343048
-0.0296582
-0.0256599
-0.0221945
-0.0191657
-0.0164999
-0.014139
-0.0120368
-0.0101561
-0.00846693
-0.00694459
-0.00556881
-0.0043228
-0.00319256
-0.00216636
-0.00123436
-0.000388233
0.000379061
0.0010735
0.00170018
0.00226344
0.00276707
0.00321457
0.00360842
0.00394674
0.00422929
0.00450637
0.00493882
-0.0462868
-0.0395025
-0.0338946
-0.0292173
-0.0252012
-0.0217284
-0.0186999
-0.0160396
-0.0136877
-0.0115968
-0.00972901
-0.0080535
-0.00654522
-0.00518358
-0.00395157
-0.00283504
-0.00182219
-0.000903131
-6.95415e-05
0.000685594
0.0013682
0.0019833
0.00253512
0.00302736
0.00346349
0.00384558
0.00416984
0.00443608
0.00471474
0.0052169
-0.0459077
-0.0390576
-0.0333735
-0.0286585
-0.0246218
-0.0211416
-0.0181151
-0.0154631
-0.0131237
-0.0110481
-0.00919706
-0.00753917
-0.00604879
-0.00470498
-0.00349047
-0.00239097
-0.00139458
-0.000491387
0.000326924
0.00106732
0.00173564
0.00233679
0.00287487
0.00335346
0.00377595
0.00414386
0.0044514
0.00469894
0.00497878
0.00555003
-0.0454383
-0.0385019
-0.0327319
-0.027973
-0.0239139
-0.0204275
-0.0174058
-0.014766
-0.0124435
-0.0103875
-0.00855781
-0.00692188
-0.00545353
-0.0041314
-0.00293797
-0.00185878
-0.000881868
2.70233e-06
0.0008032
0.00152651
0.00217836
0.00276348
0.00328581
0.00374875
0.00415556
0.00450713
0.00479567
0.0050227
0.00530214
0.00593274
-0.0448712
-0.0378256
-0.0319617
-0.0271537
-0.0230724
-0.0195825
-0.01657
-0.0139473
-0.0116469
-0.00961579
-0.00781222
-0.0062028
-0.00476066
-0.003464
-0.00229504
-0.00123919
-0.000284434
0.000579141
0.00135972
0.00206406
0.00269771
0.00326521
0.00377021
0.00421593
0.00460535
0.00493866
0.00520635
0.00541165
0.00568743
0.00635705
-0.0442005
-0.0370178
-0.0310539
-0.0261941
-0.0220931
-0.0186053
-0.0156084
-0.0130096
-0.0107377
-0.00873739
-0.00696538
-0.00538723
-0.00397543
-0.00270779
-0.00156632
-0.000536317
0.000394213
0.0012351
0.00199439
0.00267862
0.0032931
0.00384205
0.00432881
0.00475627
0.00512705
0.00544053
0.00568599
0.00586886
0.00613567
0.00681251
-0.0434171
-0.0360539
-0.029983
-0.0250718
-0.0209587
-0.017483
-0.0145123
-0.0119474
-0.0097132
-0.00775188
-0.00601847
-0.00447761
-0.00310119
-0.00186671
-0.000756029
0.000245545
0.00114992
0.00196674
0.0027038
0.00336733
0.00396227
0.00449242
0.00496067
0.00536946
0.00572088
0.00601345
0.00623595
0.00639635
0.00664657
0.00728728
-0.0425052
-0.0348907
-0.0287005
-0.0237401
-0.0196263
-0.0161767
-0.013246
-0.0107279
-0.00854289
-0.00663067
-0.00494472
-0.00344879
-0.0021143
-0.000918512
0.000156739
0.00112605
0.00200114
0.00279137
0.00350419
0.00414542
0.0047195
0.0052297
0.00567836
0.00606729
0.00639776
0.00666731
0.00686487
0.00700093
0.00722154
0.00776977
-0.0415001
-0.0335861
-0.0272825
-0.0222803
-0.0181733
-0.0147549
-0.011867
-0.00939677
-0.0072608
-0.00539654
-0.00375626
-0.002303
-0.00100789
0.000151876
0.00119438
0.002134
0.00298212
0.00374768
0.00443761
0.00505711
0.00560992
0.0060985
0.00652428
0.00688797
0.0071894
0.0074251
0.00758585
0.00768587
0.00785234
0.00823804
-0.0406728
-0.0326122
-0.026326
-0.0213301
-0.0172375
-0.0138381
-0.010971
-0.00852158
-0.00640522
-0.00455832
-0.00293257
-0.00149073
-0.000203833
0.000950759
0.00199078
0.00293005
0.00377922
0.00454629
0.0052371
0.00585563
0.00640433
0.00688443
0.00729619
0.00763923
0.00791248
0.0081138
0.00824151
0.00831637
0.00842971
0.00862463
-0.0405185
-0.0325881
-0.0265986
-0.0217346
-0.0177198
-0.0143779
-0.0115589
-0.00915368
-0.0070791
-0.00527193
-0.00368348
-0.00227578
-0.00101876
0.000111661
0.00113501
0.00206726
0.00292157
0.00370871
0.00443742
0.00511448
0.00574473
0.00633103
0.0068741
0.00737239
0.00782172
0.00821369
0.00853812
0.0087916
0.00897473
0.00902149
0.00841213
0.00794062
0.00735184
0.00674769
0.00617763
0.00564552
0.00514739
0.004682
0.00424918
0.00384848
0.00347899
0.00313955
0.00282884
0.00254546
0.00228793
0.00205472
0.0018443
0.00165515
0.00148575
0.00133463
0.00120035
0.00108153
0.000976856
0.000885056
0.000804935
0.000735361
0.000675273
0.000623675
0.00057964
0.000542309
0.000510889
0.000484648
0.000462918
0.000445089
0.000430609
0.000418977
0.000409743
0.000402506
0.000396908
0.000392631
0.000389396
0.000386959
0.000385107
0.000383654
0.000382442
0.000381334
0.000380218
0.000378995
0.000377526
0.000375545
0.000373002
0.000372085
0.000370388
0.000367952
0.000365037
0.000361719
0.000358006
0.000353903
0.00034942
0.000344571
0.000339374
0.00033387
0.000328033
0.00032189
0.000315464
0.000308771
0.000301827
0.000294647
0.000287247
0.000279641
0.000271845
0.000263871
0.000255732
0.000247442
0.000239011
0.000230451
0.000221772
0.000212984
0.000204096
0.000195115
0.000186051
0.00017691
0.000167699
0.000158425
0.000149092
0.000139707
0.000130275
0.000120799
0.000111283
0.000101733
9.21504e-05
8.25389e-05
7.29009e-05
6.32388e-05
5.35545e-05
4.38499e-05
3.41251e-05
2.4374e-05
1.45874e-05
4.81035e-06
0.00765373
0.00744205
0.0070477
0.00657705
0.00611989
0.00568809
0.00527681
0.00488495
0.00451345
0.00416299
0.00383374
0.00352559
0.00323822
0.00297117
0.00272383
0.00249551
0.0022854
0.00209268
0.00191643
0.00175574
0.00160968
0.0014773
0.00135768
0.00124989
0.00115306
0.00106629
0.000988772
0.000919694
0.000858298
0.000803864
0.000755715
0.000713213
0.000675768
0.000642827
0.000613882
0.000588465
0.000566146
0.000546533
0.000529271
0.000514038
0.000500545
0.000488533
0.000477771
0.000468055
0.000459205
0.000451068
0.000443506
0.000436407
0.000429717
0.000423588
0.000418123
0.00041085
0.000404242
0.000397979
0.000391733
0.000385423
0.000379023
0.000372513
0.000365875
0.000359101
0.000352192
0.00034512
0.000337883
0.000330505
0.00032298
0.000315308
0.000307493
0.000299541
0.000291458
0.000283248
0.000274918
0.000266475
0.000257925
0.000249274
0.000240528
0.000231693
0.000222775
0.00021378
0.000204712
0.000195578
0.000186382
0.000177129
0.000167823
0.000158468
0.000149068
0.000139627
0.000130147
0.000120634
0.000111088
0.000101513
9.19123e-05
8.22871e-05
7.26399e-05
6.29727e-05
5.32876e-05
4.35872e-05
3.38725e-05
2.4134e-05
1.43563e-05
4.64577e-06
0.00701541
0.00702201
0.00676674
0.00638676
0.00600885
0.00565004
0.00530335
0.0049672
0.0046431
0.00433239
0.00403592
0.00375418
0.0034875
0.00323604
0.00299978
0.00277856
0.0025721
0.00238004
0.00220191
0.00203719
0.0018853
0.00174561
0.00161749
0.00150028
0.0013933
0.00129588
0.00120737
0.00112711
0.00105447
0.000988845
0.000929642
0.000876304
0.000828302
0.000785137
0.000746339
0.000711471
0.000680124
0.000651923
0.000626519
0.000603594
0.000582856
0.00056404
0.000546906
0.000531236
0.000516836
0.000503529
0.00049116
0.000479585
0.000468685
0.000458378
0.000448577
0.000439134
0.000430058
0.000421266
0.00041266
0.000404187
0.000395812
0.000387503
0.000379235
0.000370984
0.000362726
0.000354427
0.00034612
0.000337773
0.000329374
0.000320919
0.000312405
0.000303827
0.000295187
0.000286481
0.000277712
0.000268879
0.000259983
0.000251028
0.000242013
0.000232942
0.000223818
0.000214641
0.000205416
0.000196145
0.00018683
0.000177473
0.000168078
0.000158647
0.000149182
0.000139685
0.000130159
0.000120606
0.000111028
0.000101426
9.18024e-05
8.21593e-05
7.24982e-05
6.28207e-05
5.31287e-05
4.34255e-05
3.37119e-05
2.39717e-05
1.41777e-05
4.49505e-06
0.00647795
0.00663606
0.00648309
0.00617846
0.00586818
0.00557157
0.00528027
0.00499253
0.00471025
0.00443525
0.0041688
0.00391187
0.00366527
0.00342961
0.00320532
0.00299267
0.00279179
0.00260269
0.00242525
0.00225927
0.00210447
0.00196049
0.00182693
0.00170334
0.00158924
0.00148415
0.00138754
0.0012989
0.00121772
0.00114347
0.00107567
0.00101382
0.00095746
0.000906134
0.000859415
0.000816899
0.000778203
0.000742968
0.00071086
0.000681568
0.000654805
0.000630304
0.000607823
0.000587139
0.000568049
0.000550369
0.000533931
0.000518586
0.000504196
0.00049064
0.000477815
0.000465643
0.000454016
0.000442849
0.000432073
0.000421627
0.000411456
0.000401515
0.000391762
0.000382164
0.000372687
0.000363302
0.000353998
0.000344752
0.000335544
0.000326363
0.000317197
0.000308037
0.000298874
0.000289703
0.000280518
0.000271314
0.00026209
0.000252843
0.00024357
0.000234271
0.000224945
0.000215591
0.00020621
0.000196803
0.000187368
0.000177908
0.000168423
0.000158913
0.00014938
0.000139825
0.000130249
0.000120653
0.000111038
0.000101405
9.17559e-05
8.20912e-05
7.24122e-05
6.27201e-05
5.30166e-05
4.3305e-05
3.3586e-05
2.38362e-05
1.40138e-05
4.34347e-06
0.00601944
0.00628213
0.00620531
0.00596709
0.00571811
0.0054767
0.00523421
0.00498928
0.00474424
0.00450127
0.00426201
0.00402784
0.00379993
0.00357928
0.0033667
0.00316282
0.00296809
0.00278283
0.00260723
0.00244135
0.00228516
0.00213852
0.00200124
0.00187306
0.00175367
0.00164272
0.00153983
0.00144461
0.00135662
0.00127546
0.0012007
0.00113191
0.00106869
0.00101063
0.000957344
0.000908456
0.000863608
0.000822462
0.000784697
0.000750012
0.000718125
0.000688774
0.000661714
0.000636722
0.000613588
0.000592123
0.000572151
0.000553515
0.000536068
0.00051968
0.00050423
0.000489609
0.00047572
0.000462474
0.00044979
0.000437596
0.000425827
0.000414426
0.000403343
0.000392534
0.000381958
0.00037158
0.000361373
0.000351309
0.000341364
0.000331518
0.000321754
0.000312056
0.00030241
0.000292807
0.000283235
0.000273686
0.000264154
0.000254632
0.000245116
0.000235601
0.000226084
0.000216561
0.000207031
0.000197492
0.000187943
0.000178381
0.000168808
0.000159221
0.000149621
0.000140008
0.000130381
0.000120742
0.000111089
0.000101425
9.17477e-05
8.20594e-05
7.23603e-05
6.26511e-05
5.2933e-05
4.32094e-05
3.34809e-05
2.37169e-05
1.38595e-05
4.19084e-06
0.00564051
0.00596659
0.00594617
0.00576591
0.00557102
0.00537745
0.00517703
0.00496913
0.00475644
0.00454143
0.00432608
0.00411207
0.00390092
0.00369393
0.00349222
0.0032967
0.00310811
0.00292702
0.00275385
0.00258889
0.00243231
0.00228417
0.00214444
0.00201303
0.00188976
0.0017744
0.0016667
0.00156635
0.00147302
0.00138636
0.00130603
0.00123166
0.00116288
0.00109934
0.00104068
0.000986552
0.000936626
0.000890581
0.000848111
0.000808925
0.000772748
0.000739323
0.000708406
0.000679772
0.000653211
0.000628528
0.000605544
0.000584092
0.000564021
0.000545191
0.000527474
0.000510752
0.000494919
0.000479879
0.000465542
0.000451829
0.000438667
0.000425991
0.000413742
0.000401869
0.000390325
0.000379068
0.000368062
0.000357273
0.000346672
0.000336233
0.000325934
0.000315754
0.000305676
0.000295683
0.000285762
0.000275901
0.00026609
0.000256319
0.00024658
0.000236868
0.000227175
0.000217497
0.00020783
0.000198169
0.000188513
0.000178857
0.000169201
0.000159542
0.000149878
0.00014021
0.000130535
0.000120854
0.000111165
0.000101469
9.17643e-05
8.20523e-05
7.23325e-05
6.26051e-05
5.2871e-05
4.31334e-05
3.33929e-05
2.36127e-05
1.37178e-05
4.0421e-06
0.00533678
0.0056907
0.00571107
0.00558167
0.00543413
0.00528153
0.00511691
0.00494055
0.00475547
0.00456441
0.0043696
0.00417303
0.00397649
0.00378154
0.00358953
0.00340163
0.00321879
0.00304178
0.00287123
0.00270761
0.00255125
0.00240237
0.00226108
0.00212742
0.00200132
0.00188266
0.00177129
0.00166697
0.00156946
0.00147847
0.00139372
0.00131488
0.00124163
0.00117366
0.00111064
0.00105224
0.000998167
0.000948104
0.000901762
0.00085886
0.000819133
0.000782325
0.000748197
0.000716526
0.000687098
0.000659718
0.000634201
0.000610379
0.000588093
0.000567197
0.000547559
0.000529054
0.000511569
0.000495001
0.000479254
0.000464242
0.000449886
0.000436114
0.000422863
0.000410073
0.000397693
0.000385674
0.000373974
0.000362556
0.000351384
0.000340429
0.000329663
0.000319061
0.000308602
0.000298268
0.000288039
0.000277903
0.000267845
0.000257853
0.000247918
0.000238029
0.00022818
0.000218364
0.000208573
0.000198804
0.00018905
0.00017931
0.000169579
0.000159854
0.000150133
0.000140414
0.000130694
0.000120974
0.000111252
0.000101525
9.17953e-05
8.20605e-05
7.23206e-05
6.25753e-05
5.28249e-05
4.30727e-05
3.33194e-05
2.35231e-05
1.35913e-05
3.90136e-06
0.00510059
0.00545416
0.00550343
0.0054185
0.00531189
0.00519387
0.00505931
0.00490941
0.00474752
0.00457657
0.00439907
0.00421725
0.00403313
0.00384848
0.00366488
0.00348365
0.00330593
0.00313268
0.00296468
0.00280252
0.0026467
0.00249754
0.00235528
0.00222006
0.0020919
0.00197078
0.00185661
0.00174924
0.00164847
0.00155409
0.00146583
0.00138345
0.00130664
0.00123511
0.00116858
0.00110674
0.0010493
0.000995973
0.000946477
0.000900542
0.000857907
0.000818325
0.000781558
0.000747383
0.000715589
0.000685978
0.000658363
0.000632572
0.000608444
0.000585828
0.000564587
0.000544592
0.000525724
0.000507875
0.000490944
0.00047484
0.000459479
0.000444784
0.000430686
0.000417121
0.000404032
0.000391366
0.000379077
0.000367123
0.000355465
0.000344068
0.000332902
0.00032194
0.000311155
0.000300527
0.000290034
0.00027966
0.000269389
0.000259207
0.000249101
0.00023906
0.000229075
0.000219138
0.00020924
0.000199375
0.000189537
0.000179722
0.000169925
0.000160142
0.00015037
0.000140606
0.000130847
0.000121092
0.000111339
0.000101586
9.18326e-05
8.2077e-05
7.23185e-05
6.25564e-05
5.27907e-05
4.30243e-05
3.32585e-05
2.34475e-05
1.34817e-05
3.7716e-06
0.004923
0.00525566
0.00532513
0.0052786
0.00520664
0.0051173
0.00500751
0.00487942
0.00473661
0.00458223
0.00441899
0.00424936
0.00407554
0.00389948
0.00372292
0.00354734
0.00337403
0.00320407
0.00303836
0.00287763
0.00272246
0.00257329
0.00243045
0.00229415
0.0021645
0.00204155
0.00192526
0.00181554
0.00171226
0.00161523
0.00152424
0.00143906
0.00135943
0.00128509
0.00121577
0.00115118
0.00109105
0.00103511
0.000983082
0.000934704
0.000889726
0.000847901
0.000808998
0.000772793
0.000739077
0.00070765
0.000678326
0.000650929
0.000625295
0.000601272
0.000578717
0.000557499
0.000537496
0.000518594
0.000500689
0.000483685
0.000467495
0.000452037
0.000437238
0.00042303
0.000409353
0.00039615
0.000383372
0.000370971
0.000358907
0.000347143
0.000335643
0.000324379
0.000313321
0.000302446
0.000291732
0.000281159
0.000270708
0.000260365
0.000250115
0.000239946
0.000229846
0.000219806
0.000209817
0.000199871
0.000189962
0.000180083
0.00017023
0.000160397
0.000150581
0.000140779
0.000130986
0.000121201
0.000111422
0.000101645
9.1871e-05
8.20969e-05
7.2322e-05
6.2545e-05
5.27654e-05
4.2986e-05
3.32087e-05
2.33855e-05
1.339e-05
3.65486e-06
0.00479441
0.00509316
0.00517674
0.00516267
0.00511929
0.00505313
0.00496331
0.00485277
0.0047253
0.00458422
0.00443245
0.00427263
0.00410712
0.00393802
0.00376719
0.00359624
0.00342657
0.00325936
0.00309562
0.00293615
0.00278164
0.0026326
0.00248941
0.00235237
0.00222165
0.00209734
0.00197946
0.00186797
0.00176276
0.0016637
0.0015706
0.00148325
0.00140143
0.0013249
0.00125339
0.00118665
0.00112441
0.00106641
0.00101238
0.000962078
0.000915245
0.000871644
0.000831045
0.000793228
0.000757983
0.00072511
0.000694422
0.000665743
0.000638906
0.000613757
0.00059015
0.000567952
0.000547037
0.00052729
0.000508602
0.000490874
0.000474015
0.000457941
0.000442577
0.00042785
0.000413697
0.00040006
0.000386884
0.000374122
0.000361729
0.000349665
0.000337894
0.000326384
0.000315104
0.000304029
0.000293133
0.000282397
0.0002718
0.000261325
0.000250957
0.000240683
0.000230489
0.000220364
0.0002103
0.000200288
0.000190319
0.000180388
0.000170488
0.000160614
0.000150762
0.000140927
0.000131106
0.000121296
0.000111494
0.000101699
9.19067e-05
8.21171e-05
7.23282e-05
6.25384e-05
5.27469e-05
4.29562e-05
3.3169e-05
2.33362e-05
1.33165e-05
3.5523e-06
0.0047053
0.00496419
0.00505781
0.00507033
0.00504968
0.00500169
0.00492747
0.00483063
0.00471511
0.00458438
0.00444154
0.00428936
0.00413034
0.00396668
0.00380035
0.00363305
0.00346627
0.00330127
0.00313912
0.00298072
0.00282679
0.00267791
0.00253453
0.00239699
0.0022655
0.0021402
0.00202115
0.00190833
0.00180168
0.00170109
0.00160639
0.00151741
0.00143392
0.00135572
0.00128255
0.00121416
0.0011503
0.00109072
0.00103516
0.000983369
0.000935108
0.000890138
0.000848231
0.000809167
0.000772739
0.000738747
0.000707003
0.000677329
0.000649559
0.000623534
0.000599108
0.000576147
0.000554523
0.000534118
0.000514819
0.000496526
0.000479145
0.000462591
0.000446783
0.00043165
0.000417125
0.000403147
0.00038966
0.000376614
0.000363962
0.000351663
0.000339679
0.000327975
0.00031652
0.000305286
0.000294248
0.000283383
0.00027267
0.000262091
0.00025163
0.000241272
0.000231003
0.000220812
0.000210689
0.000200623
0.000190607
0.000180634
0.000170697
0.000160791
0.000150909
0.000141048
0.000131205
0.000121375
0.000111555
0.000101744
9.19377e-05
8.21355e-05
7.23351e-05
6.2535e-05
5.27337e-05
4.29337e-05
3.31382e-05
2.3299e-05
1.32607e-05
3.46443e-06
0.00464686
0.00486617
0.00496711
0.00500043
0.004997
0.00496261
0.00490007
0.00481347
0.00470687
0.00458386
0.00444767
0.00430118
0.00414699
0.0039874
0.00382444
0.00365988
0.00349528
0.00333195
0.00317103
0.00301345
0.00285999
0.00271128
0.00256779
0.00242991
0.00229788
0.00217188
0.00205198
0.00193821
0.00183052
0.00172881
0.00163295
0.00154276
0.00145806
0.00137863
0.00130423
0.00123463
0.00116958
0.00110883
0.00105213
0.000999248
0.00094993
0.000903945
0.000861067
0.000821079
0.000783773
0.000748949
0.000716419
0.000686005
0.000657539
0.000630862
0.000605825
0.000582292
0.000560142
0.000539246
0.00051949
0.000500775
0.000483004
0.000466089
0.000449951
0.000434513
0.000419709
0.000405475
0.000391755
0.000378495
0.000365649
0.000353173
0.000341029
0.000329179
0.000317592
0.000306239
0.000295093
0.000284131
0.000273331
0.000262674
0.000252142
0.000241721
0.000231396
0.000221154
0.000210985
0.00020088
0.000190828
0.000180824
0.000170858
0.000160927
0.000151023
0.000141143
0.000131282
0.000121436
0.000111603
0.000101779
9.19627e-05
8.21508e-05
7.23417e-05
6.25336e-05
5.27248e-05
4.29173e-05
3.31153e-05
2.32725e-05
1.32219e-05
3.39126e-06
0.00461144
0.00479652
0.00490287
0.00495133
0.00496003
0.00493514
0.00488078
0.00480133
0.00470094
0.0045833
0.00445174
0.00430922
0.0041584
0.00400164
0.00384103
0.0036784
0.00351532
0.00335317
0.00319311
0.00303612
0.002883
0.00273441
0.00259087
0.00245276
0.00232037
0.00219389
0.00207342
0.00195899
0.00185058
0.0017481
0.00165144
0.00156043
0.00147488
0.0013946
0.00131935
0.00124891
0.00118303
0.00112147
0.00106399
0.00101034
0.000960289
0.000913598
0.000870045
0.000829413
0.000791495
0.000756091
0.000723014
0.000692084
0.000663133
0.000636002
0.000610533
0.000586596
0.000564083
0.000542846
0.000522772
0.00050376
0.000485716
0.000468549
0.000452178
0.000436527
0.000421527
0.000407114
0.00039323
0.000379821
0.000366838
0.000354239
0.000341981
0.000330029
0.00031835
0.000306913
0.000295691
0.000284661
0.000273799
0.000263087
0.000252506
0.00024204
0.000231674
0.000221397
0.000211197
0.000201063
0.000190986
0.000180959
0.000170974
0.000161024
0.000151105
0.000141211
0.000131337
0.000121481
0.000111638
0.000101806
9.19813e-05
8.21624e-05
7.23471e-05
6.25333e-05
5.27191e-05
4.29061e-05
3.30994e-05
2.32558e-05
1.31988e-05
3.33252e-06
0.00459267
0.00475285
0.004863
0.00492115
0.00493736
0.00491834
0.00486903
0.004794
0.00469743
0.0045831
0.00445438
0.0043143
0.00416556
0.00401054
0.00385138
0.00368992
0.00352778
0.00336635
0.00320683
0.00305019
0.00289729
0.00274877
0.00260519
0.00246694
0.00233433
0.00220755
0.00208673
0.00197189
0.00186304
0.00176008
0.00166292
0.00157139
0.00148533
0.00140451
0.00132874
0.00125778
0.00119139
0.00112933
0.00107136
0.00101724
0.000966726
0.000919597
0.000875625
0.000834594
0.000796296
0.000760532
0.000727115
0.000695865
0.000666616
0.000639206
0.000613454
0.000589256
0.00056654
0.000545094
0.000524818
0.000505621
0.000487406
0.000470082
0.000453567
0.000437783
0.000422661
0.000408137
0.00039415
0.000380648
0.000367581
0.000354904
0.000342576
0.000330561
0.000318824
0.000307334
0.000296066
0.000284993
0.000274093
0.000263346
0.000252734
0.00024224
0.00023185
0.00022155
0.00021133
0.000201178
0.000191086
0.000181045
0.000171047
0.000161086
0.000151157
0.000141254
0.000131373
0.00012151
0.000111661
0.000101823
9.19936e-05
8.21703e-05
7.2351e-05
6.25336e-05
5.2716e-05
4.28993e-05
3.30895e-05
2.32475e-05
1.31895e-05
3.28814e-06
0.0045856
0.00473281
0.00484501
0.00490771
0.00492735
0.00491102
0.00486402
0.004791
0.00469618
0.00458335
0.00445593
0.00431696
0.00416915
0.00401492
0.00385641
0.00369548
0.00353376
0.00337266
0.00321336
0.00305689
0.00290406
0.00275558
0.00261196
0.00247364
0.00234092
0.00221399
0.00209299
0.00197796
0.00186889
0.00176571
0.00166831
0.00157654
0.00149022
0.00140916
0.00133314
0.00126193
0.0011953
0.00113301
0.00107481
0.00102046
0.000969736
0.000922402
0.000878233
0.000837015
0.000798539
0.000762607
0.000729031
0.000697633
0.000668247
0.00064071
0.000614769
0.000590493
0.000567711
0.000546157
0.000525777
0.000506491
0.000488196
0.000470798
0.000454216
0.00043837
0.000423192
0.000408615
0.000394581
0.000381036
0.000367929
0.000355216
0.000342855
0.00033081
0.000319046
0.000307533
0.000296242
0.000285149
0.000274231
0.000263468
0.000252842
0.000242335
0.000231933
0.000221623
0.000211394
0.000201234
0.000191134
0.000181086
0.000171082
0.000161116
0.000151183
0.000141276
0.000131391
0.000121524
0.000111672
0.000101832
9.2e-05
8.21746e-05
7.23534e-05
6.25342e-05
5.27149e-05
4.28964e-05
3.30851e-05
2.32453e-05
1.31898e-05
3.26134e-06
0.00458552
0.00473273
0.00484494
0.00490764
0.00492729
0.00491096
0.00486396
0.00479095
0.00469613
0.00458331
0.00445589
0.00431691
0.00416911
0.00401489
0.00385638
0.00369545
0.00353373
0.00337263
0.00321334
0.00305686
0.00290404
0.00275555
0.00261194
0.00247362
0.0023409
0.00221398
0.00209298
0.00197795
0.00186888
0.0017657
0.0016683
0.00157653
0.00149022
0.00140916
0.00133314
0.00126193
0.0011953
0.001133
0.0010748
0.00102046
0.000969735
0.000922401
0.000878233
0.000837015
0.00079854
0.000762609
0.000729034
0.000697636
0.000668251
0.000640714
0.000614774
0.000590497
0.000567716
0.000546162
0.000525782
0.000506496
0.000488201
0.000470804
0.000454222
0.000438376
0.000423198
0.000408621
0.000394587
0.000381041
0.000367935
0.000355221
0.000342861
0.000330815
0.000319051
0.000307538
0.000296247
0.000285154
0.000274236
0.000263473
0.000252846
0.000242339
0.000231937
0.000221627
0.000211397
0.000201237
0.000191137
0.000181089
0.000171085
0.000161119
0.000151185
0.000141278
0.000131393
0.000121526
0.000111674
0.000101833
9.20016e-05
8.2176e-05
7.23547e-05
6.25353e-05
5.27159e-05
4.28972e-05
3.30857e-05
2.32457e-05
1.319e-05
3.26136e-06
0.00459242
0.00475262
0.00486278
0.00492094
0.00493716
0.00491816
0.00486886
0.00479384
0.00469728
0.00458296
0.00445425
0.00431418
0.00416544
0.00401043
0.00385127
0.00368982
0.00352769
0.00336627
0.00320674
0.00305012
0.00289722
0.00274871
0.00260513
0.00246689
0.00233428
0.0022075
0.00208668
0.00197185
0.001863
0.00176005
0.00166289
0.00157136
0.0014853
0.00140449
0.00132872
0.00125776
0.00119137
0.00112932
0.00107135
0.00101723
0.000966722
0.000919595
0.000875625
0.000834596
0.0007963
0.000760538
0.000727123
0.000695875
0.000666628
0.000639219
0.00061347
0.00058927
0.000566555
0.000545109
0.000524834
0.000505638
0.000487423
0.0004701
0.000453585
0.000437801
0.00042268
0.000408155
0.000394168
0.000380666
0.000367599
0.000354921
0.000342593
0.000330577
0.00031884
0.00030735
0.000296081
0.000285008
0.000274107
0.00026336
0.000252747
0.000242253
0.000231862
0.000221563
0.000211342
0.00020119
0.000191097
0.000181055
0.000171056
0.000161095
0.000151166
0.000141262
0.00013138
0.000121517
0.000111667
0.000101828
9.19986e-05
8.21748e-05
7.2355e-05
6.2537e-05
5.27189e-05
4.29018e-05
3.30914e-05
2.32487e-05
1.31902e-05
3.28819e-06
0.00461101
0.00479612
0.0049025
0.00495097
0.00495969
0.00493483
0.00488049
0.00480106
0.00470068
0.00458306
0.00445151
0.004309
0.0041582
0.00400145
0.00384085
0.00367823
0.00351516
0.00335302
0.00319297
0.00303599
0.00288288
0.0027343
0.00259076
0.00245266
0.00232028
0.0021938
0.00207334
0.00195892
0.00185052
0.00174804
0.00165138
0.00156038
0.00147484
0.00139456
0.00131932
0.00124888
0.00118301
0.00112145
0.00106398
0.00101033
0.000960281
0.000913595
0.000870045
0.000829417
0.000791502
0.000756102
0.000723028
0.000692101
0.000663152
0.000636024
0.000610557
0.00058662
0.000564109
0.000542874
0.0005228
0.00050379
0.000485746
0.00046858
0.000452209
0.000436558
0.000421558
0.000407145
0.00039326
0.000379851
0.000366868
0.000354268
0.00034201
0.000330057
0.000318377
0.00030694
0.000295718
0.000284687
0.000273824
0.000263111
0.000252529
0.000242062
0.000231696
0.000221418
0.000211217
0.000201082
0.000191004
0.000180976
0.00017099
0.00016104
0.000151119
0.000141224
0.00013135
0.000121492
0.000111649
0.000101815
9.19898e-05
8.217e-05
7.23538e-05
6.25391e-05
5.27241e-05
4.29102e-05
3.31025e-05
2.3258e-05
1.31999e-05
3.3326e-06
0.00464625
0.0048656
0.00496658
0.00499992
0.00499652
0.00496216
0.00489965
0.00481308
0.00470649
0.00458351
0.00444734
0.00430087
0.0041467
0.00398713
0.00382418
0.00365964
0.00349506
0.00333174
0.00317083
0.00301327
0.00285982
0.00271111
0.00256764
0.00242977
0.00229775
0.00217176
0.00205187
0.00193811
0.00183042
0.00172872
0.00163287
0.00154269
0.001458
0.00137857
0.00130418
0.00123459
0.00116954
0.0011088
0.00105211
0.000999232
0.000949919
0.00090394
0.000861068
0.000821086
0.000783784
0.000748965
0.000716439
0.00068603
0.000657567
0.000630893
0.000605859
0.000582328
0.00056018
0.000539286
0.000519532
0.000500818
0.000483047
0.000466133
0.000449995
0.000434558
0.000419753
0.000405519
0.000391799
0.000378539
0.000365692
0.000353216
0.00034107
0.00032922
0.000317632
0.000306278
0.000295131
0.000284168
0.000273367
0.000262709
0.000252176
0.000241753
0.000231427
0.000221184
0.000211014
0.000200907
0.000190855
0.000180848
0.000170882
0.000160949
0.000151044
0.000141162
0.0001313
0.000121453
0.000111618
0.000101793
9.19748e-05
8.21615e-05
7.23512e-05
6.25419e-05
5.27319e-05
4.29231e-05
3.31198e-05
2.32756e-05
1.32235e-05
3.39138e-06
0.0047045
0.00496345
0.00505711
0.00506967
0.00504906
0.0050011
0.00492692
0.00483011
0.00471462
0.00458393
0.00444111
0.00428896
0.00412996
0.00396632
0.00380001
0.00363274
0.00346597
0.00330099
0.00313886
0.00298047
0.00282656
0.0026777
0.00253433
0.0023968
0.00226532
0.00214004
0.002021
0.00190819
0.00180156
0.00170097
0.00160629
0.00151731
0.00143384
0.00135564
0.00128248
0.0012141
0.00115025
0.00109068
0.00103513
0.000983348
0.000935095
0.000890132
0.000848232
0.000809176
0.000772755
0.000738769
0.00070703
0.000677362
0.000649596
0.000623576
0.000599154
0.000576195
0.000554575
0.000534171
0.000514874
0.000496583
0.000479203
0.000462649
0.000446842
0.00043171
0.000417184
0.000403206
0.000389718
0.000376671
0.000364019
0.000351719
0.000339734
0.000328029
0.000316573
0.000305337
0.000294298
0.000283432
0.000272717
0.000262137
0.000251675
0.000241315
0.000231044
0.000220852
0.000210726
0.000200659
0.000190642
0.000180667
0.000170728
0.00016082
0.000150936
0.000141074
0.000131228
0.000121396
0.000111575
0.000101761
9.19536e-05
8.21496e-05
7.23476e-05
6.25459e-05
5.2743e-05
4.29413e-05
3.3144e-05
2.3303e-05
1.32628e-05
3.46459e-06
0.00479343
0.00509224
0.00517588
0.00516186
0.00511852
0.00505241
0.00496263
0.00485213
0.00472469
0.00458365
0.00443192
0.00427213
0.00410664
0.00393757
0.00376677
0.00359585
0.0034262
0.00325902
0.00309529
0.00293585
0.00278136
0.00263233
0.00248917
0.00235214
0.00222143
0.00209714
0.00197928
0.0018678
0.0017626
0.00166355
0.00157047
0.00148313
0.00140133
0.00132481
0.00125331
0.00118658
0.00112436
0.00106636
0.00101235
0.000962052
0.000915229
0.000871638
0.000831049
0.00079324
0.000758003
0.000725138
0.000694458
0.000665785
0.000638955
0.000613811
0.000590208
0.000568014
0.000547103
0.000527358
0.000508672
0.000490946
0.000474089
0.000458016
0.000442651
0.000427925
0.000413772
0.000400134
0.000386958
0.000374195
0.000361801
0.000349736
0.000337964
0.000326452
0.00031517
0.000304093
0.000293196
0.000282458
0.000271859
0.000261383
0.000251013
0.000240736
0.00023054
0.000220414
0.000210348
0.000200333
0.000190363
0.000180429
0.000170527
0.000160651
0.000150796
0.000140959
0.000131136
0.000121323
0.000111519
0.000101721
9.19268e-05
8.21349e-05
7.23438e-05
6.2552e-05
5.27584e-05
4.29657e-05
3.31763e-05
2.33413e-05
1.3319e-05
3.55253e-06
0.00492184
0.00525457
0.0053241
0.00527763
0.00520572
0.00511643
0.0050067
0.00487865
0.00473589
0.00458155
0.00441836
0.00424876
0.00407497
0.00389895
0.00372242
0.00354687
0.00337359
0.00320366
0.00303797
0.00287726
0.00272212
0.00257297
0.00243015
0.00229387
0.00216424
0.00204131
0.00192504
0.00181534
0.00171207
0.00161505
0.00152408
0.00143892
0.00135931
0.00128498
0.00121567
0.0011511
0.00109099
0.00103505
0.000983039
0.000934674
0.000889708
0.000847895
0.000809003
0.000772809
0.000739103
0.000707686
0.000678371
0.000650982
0.000625356
0.000601339
0.00057879
0.000557577
0.000537578
0.000518679
0.000500777
0.000483775
0.000467586
0.000452128
0.00043733
0.000423122
0.000409444
0.000396241
0.000383462
0.00037106
0.000358995
0.000347229
0.000335728
0.000324461
0.000313402
0.000302525
0.000291809
0.000281234
0.000270781
0.000260436
0.000250183
0.000240012
0.000229909
0.000219867
0.000209875
0.000199927
0.000190015
0.000180134
0.000170277
0.000160442
0.000150623
0.000140818
0.000131022
0.000121234
0.000111452
0.000101673
9.18955e-05
8.21187e-05
7.2341e-05
6.25614e-05
5.27793e-05
4.29974e-05
3.32175e-05
2.33915e-05
1.33931e-05
3.65518e-06
0.00509924
0.00545289
0.00550223
0.00541737
0.00531082
0.00519287
0.00505836
0.00490852
0.00474668
0.00457578
0.00439833
0.00421655
0.00403247
0.00384786
0.00366429
0.0034831
0.00330541
0.0031322
0.00296422
0.00280209
0.00264629
0.00249716
0.00235493
0.00221973
0.00209159
0.0019705
0.00185635
0.00174899
0.00164825
0.00155388
0.00146565
0.00138328
0.00130649
0.00123498
0.00116847
0.00110664
0.00104922
0.000995908
0.000946428
0.000900508
0.000857888
0.00081832
0.000781567
0.000747405
0.000715623
0.000686023
0.000658419
0.000632638
0.000608519
0.000585911
0.000564677
0.000544687
0.000525824
0.000507978
0.000491051
0.000474949
0.000459589
0.000444895
0.000430797
0.000417231
0.000404141
0.000391475
0.000379185
0.000367229
0.000355569
0.000344171
0.000333003
0.000322038
0.000311252
0.000300621
0.000290126
0.000279749
0.000269476
0.00025929
0.000249182
0.000239138
0.00022915
0.00021921
0.000209309
0.000199441
0.0001896
0.000179782
0.000169982
0.000160195
0.00015042
0.000140652
0.000130891
0.000121132
0.000111376
0.000101619
9.18621e-05
8.2103e-05
7.23413e-05
6.25761e-05
5.28072e-05
4.30378e-05
3.32689e-05
2.34547e-05
1.34854e-05
3.77206e-06
0.00533526
0.00568926
0.00570971
0.00558038
0.00543292
0.00528038
0.00511583
0.00493953
0.00475451
0.00456351
0.00436875
0.00417223
0.00397573
0.00378082
0.00358886
0.003401
0.00321819
0.00304122
0.00287071
0.00270711
0.00255078
0.00240193
0.00226068
0.00212704
0.00200096
0.00188234
0.00177098
0.00166669
0.0015692
0.00147824
0.00139351
0.00131469
0.00124146
0.00117351
0.00111051
0.00105213
0.000998076
0.000948031
0.000901707
0.000858823
0.000819113
0.000782322
0.000748211
0.000716554
0.000687141
0.000659775
0.000634271
0.00061046
0.000588185
0.000567298
0.000547668
0.000529169
0.00051169
0.000495125
0.000479381
0.000464371
0.000450017
0.000436246
0.000422994
0.000410204
0.000397823
0.000385802
0.000374101
0.000362681
0.000351507
0.000340549
0.000329781
0.000319177
0.000308715
0.000298378
0.000288147
0.000278007
0.000267946
0.000257951
0.000248012
0.000238121
0.000228268
0.000218448
0.000208654
0.000198881
0.000189124
0.00017938
0.000169645
0.000159916
0.000150191
0.000140468
0.000130745
0.000121021
0.000111294
0.000101564
9.18301e-05
8.20914e-05
7.23476e-05
6.25985e-05
5.28444e-05
4.30885e-05
3.33315e-05
2.35315e-05
1.35957e-05
3.902e-06
0.00563882
0.00596498
0.00594465
0.00576447
0.00556966
0.00537617
0.00517582
0.00496799
0.00475536
0.00454042
0.00432512
0.00411116
0.00390006
0.00369313
0.00349146
0.00329599
0.00310744
0.00292639
0.00275325
0.00258833
0.00243178
0.00228368
0.00214398
0.0020126
0.00188936
0.00177403
0.00166636
0.00156603
0.00147272
0.0013861
0.00130579
0.00123144
0.00116269
0.00109917
0.00104053
0.000986427
0.000936523
0.0008905
0.000848051
0.000808886
0.000772729
0.000739323
0.000708425
0.00067981
0.000653266
0.000628599
0.00060563
0.000584192
0.000564133
0.000545314
0.000527606
0.000510891
0.000495064
0.000480028
0.000465694
0.000451983
0.000438822
0.000426146
0.000413897
0.000402023
0.000390477
0.000379218
0.000368209
0.000357418
0.000346814
0.000336373
0.000326071
0.000315888
0.000305806
0.00029581
0.000285886
0.000276021
0.000266206
0.000256432
0.00024669
0.000236973
0.000227277
0.000217595
0.000207923
0.000198259
0.000188598
0.000178938
0.000169278
0.000159614
0.000149947
0.000140274
0.000130594
0.000120908
0.000111215
0.000101514
9.18051e-05
8.20885e-05
7.23642e-05
6.26323e-05
5.28938e-05
4.31519e-05
3.34071e-05
2.36225e-05
1.3723e-05
4.043e-06
0.00601758
0.00628035
0.00620363
0.00596551
0.00571661
0.00547529
0.00523287
0.00498802
0.00474305
0.00450015
0.00426095
0.00402684
0.00379898
0.00357839
0.00336586
0.00316202
0.00296734
0.00278213
0.00260657
0.00244073
0.00228457
0.00213797
0.00200072
0.00187258
0.00175322
0.00164231
0.00153945
0.00144425
0.00135629
0.00127516
0.00120042
0.00113167
0.00106847
0.00101044
0.000957181
0.000908318
0.000863495
0.000822374
0.000784633
0.000749972
0.000718108
0.00068878
0.000661742
0.000636771
0.000613658
0.000592211
0.000572258
0.000553637
0.000536205
0.000519829
0.00050439
0.000489777
0.000475894
0.000462652
0.00044997
0.000437777
0.000426008
0.000414607
0.000403523
0.000392711
0.000382133
0.000371753
0.000361543
0.000351476
0.000341528
0.000331679
0.000321911
0.000312209
0.00030256
0.000292952
0.000283376
0.000273824
0.000264288
0.000254762
0.000245241
0.000235722
0.0002262
0.000216673
0.000207138
0.000197595
0.00018804
0.000178474
0.000168896
0.000159304
0.000149699
0.000140081
0.000130449
0.000120805
0.000111147
0.000101477
9.17949e-05
8.21014e-05
7.23971e-05
6.26827e-05
5.29595e-05
4.32309e-05
3.34974e-05
2.37283e-05
1.38657e-05
4.19208e-06
0.00647593
0.00663412
0.00648127
0.00617674
0.00586656
0.00557004
0.00527882
0.00499116
0.00470895
0.00443402
0.00416764
0.00391078
0.00366424
0.00342863
0.00320439
0.00299179
0.00279097
0.00260191
0.00242452
0.00225858
0.00210382
0.00195988
0.00182635
0.0017028
0.00158874
0.00148369
0.00138711
0.00129851
0.00121735
0.00114314
0.00107537
0.00101355
0.000957221
0.000905924
0.000859235
0.000816748
0.00077808
0.000742873
0.000710793
0.000681529
0.000654792
0.000630318
0.000607862
0.000587203
0.000568137
0.000550479
0.000534063
0.000518737
0.000504366
0.000490827
0.000478015
0.00046585
0.000454226
0.000443061
0.000432286
0.000421839
0.000411667
0.000401724
0.000391969
0.000382368
0.000372888
0.000363499
0.000354192
0.000344942
0.000335731
0.000326546
0.000317376
0.000308211
0.000299044
0.000289868
0.000280678
0.000271471
0.000262242
0.000252989
0.000243712
0.000234408
0.000225076
0.000215718
0.000206332
0.000196919
0.000187479
0.000178013
0.000168522
0.000159007
0.000149469
0.000139908
0.000130326
0.000120725
0.000111104
0.000101465
9.18101e-05
8.21395e-05
7.24545e-05
6.27566e-05
5.30472e-05
4.33298e-05
3.36051e-05
2.38496e-05
1.40212e-05
4.34513e-06
0.00701323
0.00701995
0.0067648
0.00638493
0.00600712
0.0056484
0.0053018
0.00496573
0.0046417
0.00433107
0.00403466
0.00375299
0.00348638
0.00323498
0.00299877
0.0027776
0.0025712
0.00237919
0.00220111
0.00203643
0.00188458
0.00174494
0.00161687
0.00149969
0.00139275
0.00129538
0.0012069
0.00112668
0.00105407
0.000988481
0.000929312
0.000876008
0.00082804
0.000784908
0.000746143
0.000711307
0.000679992
0.000651823
0.00062645
0.000603556
0.000582849
0.000564063
0.000546959
0.000531318
0.000516946
0.000503667
0.000491324
0.000479776
0.000468902
0.000458609
0.000448803
0.000439393
0.000430323
0.000421523
0.000412912
0.000404435
0.000396056
0.000387744
0.000379472
0.000371218
0.000362955
0.00035465
0.00034634
0.000337989
0.000329585
0.000321125
0.000312606
0.000304024
0.000295378
0.000286668
0.000277893
0.000269055
0.000260154
0.000251193
0.000242173
0.000233096
0.000223966
0.000214784
0.000205553
0.000196276
0.000186954
0.000177592
0.000168191
0.000158753
0.000149282
0.000139779
0.000130247
0.000120687
0.000111102
0.000101494
9.18639e-05
8.22143e-05
7.25465e-05
6.28624e-05
5.31639e-05
4.34541e-05
3.37339e-05
2.39872e-05
1.41864e-05
4.49726e-06
0.00765143
0.00743989
0.00704566
0.00657512
0.00611806
0.00568636
0.00527516
0.00488338
0.00451196
0.00416158
0.0038324
0.00352432
0.00323701
0.00297002
0.00272274
0.00249447
0.00228443
0.00209175
0.00191555
0.00175491
0.0016089
0.00147657
0.00135699
0.00124925
0.00115246
0.00106574
0.000988256
0.000919217
0.000857861
0.000803466
0.000755354
0.000712891
0.000675482
0.000642579
0.00061367
0.000588289
0.000566005
0.000546428
0.000529201
0.000514003
0.000500545
0.000488567
0.000477839
0.000468155
0.000459338
0.000451229
0.000443695
0.000436619
0.00042994
0.000423742
0.000418054
0.000411061
0.00040453
0.000398266
0.000392017
0.000385704
0.000379301
0.000372786
0.000366144
0.000359365
0.000352452
0.000345374
0.000338131
0.000330748
0.000323217
0.000315539
0.000307719
0.000299762
0.000291672
0.000283457
0.000275121
0.000266672
0.000258116
0.000249458
0.000240706
0.000231865
0.000222941
0.000213939
0.000204865
0.000195725
0.000186522
0.000177262
0.000167949
0.000158587
0.00014918
0.000139732
0.000130246
0.000120725
0.000111172
0.00010159
9.19818e-05
8.23493e-05
7.26947e-05
6.30201e-05
5.33276e-05
4.36199e-05
3.38979e-05
2.41519e-05
1.43666e-05
4.64868e-06
0.00840981
0.00793848
0.00734978
0.00674571
0.00617573
0.0056437
0.00514566
0.00468034
0.0042476
0.00384697
0.00347755
0.00313818
0.00282753
0.00254422
0.00228674
0.0020536
0.00184324
0.00165414
0.0014848
0.00133372
0.0011995
0.00108073
0.000976104
0.000884352
0.000804278
0.00073475
0.000674706
0.000623152
0.00057916
0.000541873
0.000510494
0.000484295
0.000462606
0.000444819
0.000430379
0.000418787
0.000409594
0.000402398
0.00039684
0.000392603
0.000389409
0.000387013
0.000385202
0.000383791
0.000382623
0.000381561
0.000380492
0.000379318
0.000377914
0.000376076
0.000373787
0.00037259
0.000370777
0.000368317
0.000365391
0.000362061
0.000358336
0.000354223
0.000349732
0.000344875
0.00033967
0.00033416
0.000328317
0.000322167
0.000315734
0.000309035
0.000302084
0.000294898
0.000287491
0.000279879
0.000272075
0.000264094
0.000255949
0.000247652
0.000239214
0.000230647
0.000221961
0.000213165
0.00020427
0.000195282
0.00018621
0.000177062
0.000167843
0.000158561
0.000149221
0.000139828
0.000130387
0.000120903
0.00011138
0.000101821
9.22301e-05
8.26103e-05
7.2964e-05
6.32936e-05
5.36009e-05
4.38879e-05
3.41547e-05
2.43952e-05
1.46e-05
4.81428e-06
)
;

boundaryField
{
    inlet
    {
        type            zeroGradient;
    }
    outlet
    {
        type            totalPressure;
        rho             none;
        psi             none;
        gamma           1;
        p0              uniform 0;
        value           uniform 0;
    }
    top
    {
        type            zeroGradient;
    }
    bottom
    {
        type            zeroGradient;
    }
    obstacle
    {
        type            zeroGradient;
    }
    frontAndBack
    {
        type            empty;
    }
}


// ************************************************************************* //
