/*--------------------------------*- C++ -*----------------------------------*\
  =========                 |
  \\      /  F ield         | OpenFOAM: The Open Source CFD Toolbox
   \\    /   O peration     | Website:  https://openfoam.org
    \\  /    A nd           | Version:  12
     \\/     M anipulation  |
\*---------------------------------------------------------------------------*/
FoamFile
{
    format      ascii;
    class       volScalarField;
    location    "120";
    object      pMean;
}
// * * * * * * * * * * * * * * * * * * * * * * * * * * * * * * * * * * * * * //

dimensions      [0 2 -2 0 0 0 0];

internalField   nonuniform List<scalar> 
6750
(
-0.00709472
-0.00712788
-0.00719217
-0.00738611
-0.00829134
-0.00520641
-0.00522372
-0.00532655
-0.0055674
-0.00588326
-0.00309506
-0.00313284
-0.00323842
-0.00341309
-0.00353664
-0.000932542
-0.00100504
-0.00110479
-0.00122314
-0.00127409
0.00119038
0.00107429
0.000965667
0.000876443
0.000863981
0.00319442
0.00303045
0.00290279
0.00282649
0.00283426
0.00503051
0.00481747
0.0046674
0.00459778
0.00461802
0.00666898
0.00640768
0.00623534
0.00617066
0.00620036
0.00809137
0.00778429
0.00759163
0.00753171
0.00756932
0.00928774
0.00893887
0.00872886
0.00867394
0.00871814
0.0102558
0.00987041
0.00964664
0.0095968
0.00964625
0.0110001
0.0105844
0.0103509
0.0103059
0.0103593
0.0115319
0.011092
0.0108533
0.0108126
0.0108683
0.0118674
0.0114088
0.0111709
0.0111326
0.0111889
0.0120218
0.0115574
0.011325
0.0112849
0.0113398
0.0120221
0.0115578
0.0113254
0.0112853
0.0113402
0.0118684
0.0114099
0.011172
0.0111337
0.01119
0.0115337
0.0110938
0.0108551
0.0108144
0.0108701
0.0110026
0.0105869
0.0103535
0.0103085
0.0103619
0.0102589
0.00987359
0.00964986
0.00960007
0.00964955
0.00929155
0.00894271
0.00873275
0.00867788
0.0087221
0.0080958
0.00778876
0.00759615
0.00753629
0.00757392
0.006674
0.00641275
0.00624047
0.00617585
0.00620561
0.00503608
0.00482308
0.00467308
0.00460356
0.00462384
0.00320048
0.00303655
0.00290897
0.00283275
0.00284056
0.00119686
0.00108081
0.000972268
0.000883128
0.000870676
-0.000925717
-0.000998169
-0.00109785
-0.00121612
-0.00126709
-0.00308796
-0.00312571
-0.00323121
-0.00340583
-0.00352945
-0.00519911
-0.00521638
-0.00531916
-0.00556
-0.00587598
-0.00708728
-0.00712041
-0.00718467
-0.00737862
-0.00828389
-0.013643
-0.0131836
-0.0119683
-0.0110919
-0.0104714
-0.00998071
-0.0095907
-0.00928146
-0.00902736
-0.00882646
-0.00866971
-0.00851662
-0.00838106
-0.00826362
-0.00816698
-0.00809753
-0.0080626
-0.00806725
-0.00811642
-0.0082141
-0.00835796
-0.00849352
-0.00865908
-0.00884254
-0.00903065
-0.00921544
-0.00938994
-0.00953365
-0.00963585
-0.00989082
-0.0101181
-0.00948896
-0.0088385
-0.0085371
-0.00837722
-0.00828038
-0.0082413
-0.00824431
-0.00826928
-0.00833068
-0.00840357
-0.00843638
-0.00844571
-0.00842638
-0.00838054
-0.00831814
-0.0082536
-0.00820191
-0.00817761
-0.00818959
-0.0082382
-0.00836995
-0.0085251
-0.00871631
-0.00893794
-0.00918199
-0.00944259
-0.00970036
-0.00989974
-0.0101235
-0.00771986
-0.00758508
-0.00732483
-0.00721552
-0.00716868
-0.00717007
-0.00722747
-0.00732735
-0.0074603
-0.00765593
-0.00786443
-0.00805515
-0.00824044
-0.00840875
-0.00855448
-0.00867757
-0.00878197
-0.00887441
-0.00896293
-0.00905554
-0.00915864
-0.00926959
-0.00939746
-0.00954215
-0.00970204
-0.00987489
-0.0100624
-0.0102547
-0.0103753
-0.0104293
-0.0061956
-0.00638382
-0.00626603
-0.00620432
-0.00620297
-0.00625997
-0.00637797
-0.00654405
-0.00676003
-0.00706174
-0.00737909
-0.00770788
-0.00805084
-0.00839198
-0.00871932
-0.00902396
-0.00929993
-0.00954453
-0.00975799
-0.00994327
-0.0101045
-0.0102412
-0.0103632
-0.0104758
-0.0105823
-0.0106862
-0.0107955
-0.0109088
-0.0109316
-0.0107778
-0.00496705
-0.00526252
-0.00520455
-0.00519496
-0.0052578
-0.00538545
-0.00557667
-0.00582266
-0.00613617
-0.00654345
-0.00697264
-0.00743437
-0.00792147
-0.00841485
-0.00889788
-0.0093555
-0.00977511
-0.0101476
-0.0104681
-0.0107355
-0.0109524
-0.0111227
-0.0112535
-0.0113529
-0.0114283
-0.011487
-0.0115422
-0.011599
-0.0115446
-0.0111881
-0.00385044
-0.00416637
-0.00415693
-0.00421045
-0.0043435
-0.00454484
-0.00481321
-0.00514516
-0.00556448
-0.00607561
-0.00662012
-0.00721126
-0.0078347
-0.00846882
-0.00909306
-0.00968767
-0.0102352
-0.0107222
-0.01114
-0.0114851
-0.0117588
-0.0119658
-0.0121138
-0.0122123
-0.0122709
-0.0122998
-0.0123164
-0.0123309
-0.0122141
-0.0116716
-0.002816
-0.00311987
-0.00315713
-0.00327329
-0.00347369
-0.00374704
-0.00409196
-0.0045114
-0.00503884
-0.00565031
-0.00631019
-0.00702673
-0.00778055
-0.00854778
-0.0093044
-0.0100268
-0.0106936
-0.011288
-0.0117985
-0.0122196
-0.0125515
-0.0127988
-0.0129701
-0.0130759
-0.0131274
-0.0131366
-0.0131252
-0.0131065
-0.012936
-0.0122282
-0.00184681
-0.00212095
-0.00220081
-0.0023778
-0.00264368
-0.00298866
-0.00341063
-0.00392061
-0.00455423
-0.00526411
-0.00603876
-0.00687709
-0.00775635
-0.00865052
-0.00953256
-0.0103755
-0.0111551
-0.0118515
-0.012451
-0.0129465
-0.0133373
-0.013628
-0.0138274
-0.013947
-0.013999
-0.0139975
-0.0139666
-0.0139229
-0.0137063
-0.0128545
-0.000924792
-0.00115801
-0.00127792
-0.0015156
-0.00184719
-0.00226379
-0.00276548
-0.00337045
-0.00410417
-0.00491408
-0.00580267
-0.00675981
-0.0077605
-0.00877675
-0.00977874
-0.0107367
-0.0116238
-0.0124178
-0.0131034
-0.013672
-0.0141222
-0.0144584
-0.0146898
-0.0148285
-0.0148876
-0.0148825
-0.0148399
-0.0147779
-0.0145215
-0.0135468
-3.60833e-05
-0.00022274
-0.000381921
-0.000680608
-0.00107901
-0.00156774
-0.00215111
-0.00285532
-0.00368442
-0.00459717
-0.00559862
-0.00667235
-0.00779159
-0.00892633
-0.0100443
-0.0111133
-0.0121041
-0.0129927
-0.0137622
-0.014403
-0.0149131
-0.0152968
-0.0155634
-0.0157255
-0.0157971
-0.0157944
-0.015747
-0.0156729
-0.0153815
-0.0143022
0.000829219
0.000691994
0.000494434
0.00013298
-0.000334221
-0.000896003
-0.00156334
-0.00236909
-0.00329138
-0.00430941
-0.00542328
-0.00661239
-0.00784843
-0.00909937
-0.0103307
-0.011508
-0.0126002
-0.0135816
-0.0144339
-0.0151468
-0.0157176
-0.0161505
-0.0164551
-0.0166444
-0.0167329
-0.0167378
-0.0166914
-0.0166102
-0.0162875
-0.0151189
0.00167942
0.00159319
0.00135769
0.000931827
0.000394037
-0.000243397
-0.000999678
-0.0019048
-0.00292184
-0.00404727
-0.00527381
-0.00657802
-0.00793017
-0.00929622
-0.0106396
-0.011924
-0.0131164
-0.0141898
-0.0151248
-0.0159101
-0.0165428
-0.017027
-0.0173723
-0.0175921
-0.0177013
-0.0177184
-0.0176776
-0.0175939
-0.0172431
-0.0159968
0.00252263
0.00248827
0.00221507
0.00172252
0.00111247
0.000395611
-0.000455909
-0.00145633
-0.00257265
-0.00380753
-0.00514764
-0.00656764
-0.00803624
-0.00951746
-0.0109728
-0.0123641
-0.0136569
-0.0148227
-0.015841
-0.0167001
-0.0173965
-0.0179342
-0.018323
-0.0185765
-0.0187101
-0.0187433
-0.0187125
-0.0186304
-0.0182538
-0.0169381
0.00336663
0.00338469
0.00307423
0.00251243
0.00182763
0.00102733
7.54819e-05
-0.00101913
-0.00223985
-0.00358673
-0.00504235
-0.00657985
-0.00816634
-0.00976395
-0.0113323
-0.0128317
-0.014226
-0.0154856
-0.0165891
-0.017524
-0.0182865
-0.0188804
-0.0193158
-0.0196064
-0.019768
-0.0198212
-0.0198047
-0.019728
-0.019327
-0.0179473
0.00421827
0.00429276
0.00394519
0.00331129
0.00254668
0.00165613
0.000603261
-0.000588942
-0.00191916
-0.00338146
-0.0049556
-0.00661345
-0.0083204
-0.0100368
-0.0117205
-0.0133302
-0.0148285
-0.0161844
-0.0173758
-0.0183895
-0.0192212
-0.0198749
-0.0203603
-0.0206917
-0.0208851
-0.0209623
-0.0209643
-0.0208965
-0.0204726
-0.0190315
0.00508528
0.005224
0.00483986
0.00412994
0.0032786
0.00228826
0.00113569
-0.000161235
-0.00160627
-0.00318827
-0.00488515
-0.00666736
-0.00849862
-0.0103375
-0.0121402
-0.0138638
-0.0154696
-0.0169256
-0.0182087
-0.0193051
-0.0202102
-0.0209276
-0.0214674
-0.0218437
-0.0220731
-0.0221787
-0.0222035
-0.0221483
-0.0217026
-0.0202011
0.00597809
0.00619205
0.00577103
0.00497937
0.00403265
0.00293414
0.00167992
0.000269885
-0.00129615
-0.00300351
-0.00482869
-0.00674067
-0.00870143
-0.0106678
-0.0125944
-0.0144369
-0.0161552
-0.0177163
-0.0190962
-0.0202804
-0.0212639
-0.0220503
-0.0226495
-0.0230757
-0.0233458
-0.0234845
-0.0235371
-0.0234984
-0.0230321
-0.0214696
0.00691421
0.00721078
0.006754
0.00587009
0.0048162
0.00360779
0.0022434
0.000711321
-0.000983234
-0.00282323
-0.00478388
-0.0068326
-0.00892963
-0.0110302
-0.0130872
-0.015055
-0.0168923
-0.0185649
-0.0200479
-0.0213263
-0.0223947
-0.0232562
-0.0239208
-0.0244028
-0.0247194
-0.0248968
-0.0249828
-0.0249652
-0.0244798
-0.0228549
0.00791372
0.00829533
0.00780346
0.00681805
0.0056437
0.00432165
0.00283482
0.00117086
-0.00066133
-0.00264311
-0.00474826
-0.00694253
-0.00918446
-0.0114276
-0.0136234
-0.0157247
-0.017689
-0.0194811
-0.0210753
-0.0224558
-0.0236167
-0.024561
-0.0252985
-0.0258436
-0.0262136
-0.0264365
-0.0265623
-0.0265712
-0.0260681
-0.0243797
0.00899782
0.00947111
0.00894102
0.00783934
0.00653521
0.00508856
0.00346629
0.0016585
-0.000323011
-0.00245816
-0.00471919
-0.00707013
-0.00946779
-0.0118641
-0.014209
-0.016454
-0.0185554
-0.020477
-0.0221922
-0.0236844
-0.0249474
-0.0259837
-0.0268031
-0.02742
-0.0278516
-0.0281281
-0.0283015
-0.0283436
-0.0278261
-0.0260732
0.0101982
0.0107676
0.0101916
0.00895773
0.00751503
0.00592601
0.0041524
0.00218607
4.04588e-05
-0.0022627
-0.00469392
-0.00721546
-0.00978243
-0.0123451
-0.0148521
-0.0172534
-0.0195043
-0.0215676
-0.0234156
-0.0250315
-0.0264081
-0.0275478
-0.0284601
-0.0291593
-0.029663
-0.0300033
-0.0302347
-0.0303177
-0.0297897
-0.0279725
0.0115578
0.0122199
0.0115858
0.0102084
0.00860917
0.00685638
0.00491199
0.00276816
0.0004396
-0.0020501
-0.00466958
-0.00737927
-0.0101326
-0.0128782
-0.0155631
-0.0181364
-0.020552
-0.0227718
-0.0247676
-0.0265214
-0.0280258
-0.0292828
-0.0303015
-0.0310961
-0.0316846
-0.0321008
-0.0324019
-0.0325368
-0.032005
-0.0301261
0.0131322
0.0138806
0.0131744
0.0116358
0.00985193
0.00790932
0.0057691
0.00342314
0.000887351
-0.00181262
-0.00464338
-0.00756349
-0.0105246
-0.0134737
-0.0163567
-0.0191212
-0.0217204
-0.0241152
-0.0262766
-0.0281861
-0.0298358
-0.0312271
-0.032369
-0.0332753
-0.0339646
-0.0344721
-0.0348578
-0.0350591
-0.0345331
-0.0325981
0.0150024
0.0158255
0.0150281
0.0132944
0.0112898
0.00912357
0.0067549
0.00417452
0.00139983
-0.00154121
-0.004613
-0.00777209
-0.0109683
-0.0141472
-0.0172533
-0.0202333
-0.0230394
-0.0256321
-0.0279815
-0.0300686
-0.0318852
-0.033432
-0.0347179
-0.0357562
-0.036566
-0.0371847
-0.0376741
-0.0379595
-0.0374549
-0.0354748
0.017293
0.0181617
0.0172357
0.0152596
0.012988
0.0105526
0.00791143
0.00505337
0.00199754
-0.00122538
-0.00457735
-0.00801276
-0.0114796
-0.014922
-0.0182832
-0.0215094
-0.024552
-0.0273711
-0.0299366
-0.032229
-0.0342394
-0.0359685
-0.0374246
-0.0386207
-0.0395762
-0.0403315
-0.0409489
-0.0413413
-0.04088
-0.0388757
0.0201754
0.0210458
0.0199285
0.0176445
0.0150402
0.0122731
0.00929804
0.00610232
0.00270728
-0.000853248
-0.00453838
-0.00830014
-0.0120846
-0.0158347
-0.0194928
-0.0230047
-0.0263218
-0.0294042
-0.0322216
-0.0347544
-0.0369934
-0.0389389
-0.0405987
-0.0419855
-0.043119
-0.0440423
-0.0448203
-0.0453507
-0.0449665
-0.0429732
0.0239459
0.0247152
0.0233062
0.0206182
0.0175896
0.0143997
0.0110013
0.00738093
0.00356331
-0.000413871
-0.00450629
-0.00866332
-0.0128293
-0.0169461
-0.0209563
-0.0248059
-0.0284473
-0.0318412
-0.034958
-0.0377782
-0.0402925
-0.0425005
-0.0444095
-0.0460315
-0.0473862
-0.0485184
-0.0494951
-0.0502042
-0.0499466
-0.0480257
0.0291173
0.0295669
0.0276767
0.0244346
0.0208425
0.0170926
0.0131371
0.00896457
0.00460393
9.76926e-05
-0.0045058
-0.00915306
-0.0137869
-0.0183492
-0.0227836
-0.0270381
-0.0310675
-0.0348348
-0.0383119
-0.0414806
-0.0443319
-0.0468653
-0.0490869
-0.0510082
-0.0526484
-0.0540527
-0.0552874
-0.0562388
-0.0562049
-0.0544863
0.0366253
0.0363592
0.0336915
0.0296924
0.025333
0.0207963
0.0160448
0.0110812
0.00594661
0.000693643
-0.00462172
-0.00994134
-0.0152066
-0.0203605
-0.0253503
-0.0301285
-0.0346548
-0.0388973
-0.0428308
-0.0464388
-0.0497161
-0.0526611
-0.0552737
-0.0575633
-0.0595466
-0.0612642
-0.062777
-0.0639882
-0.0642751
-0.0629876
0.0499349
0.0479091
0.0435444
0.0381796
0.0325224
0.0266712
0.020617
0.0143954
0.00806724
0.0016964
-0.00465611
-0.0109328
-0.0170808
-0.0230534
-0.0288104
-0.0343185
-0.0395503
-0.0444832
-0.0491013
-0.0533921
-0.0573425
-0.0609485
-0.0642142
-0.0671403
-0.0697326
-0.0720144
-0.0740343
-0.0757714
-0.0768294
-0.0764557
-0.0103488
-0.00926823
-0.00747727
-0.00600578
-0.00472875
-0.00351811
-0.00234615
-0.00120593
-8.84485e-05
0.00101583
0.00211604
0.00322163
0.0043429
0.00549093
0.00667765
0.00791713
0.00922613
0.0106249
0.0121368
0.013789
0.015618
0.01767
0.0200037
0.0226987
0.0258646
0.0296612
0.0343021
0.0400841
0.0471994
0.0566737
-0.0059343
-0.00482831
-0.003592
-0.00252936
-0.00155293
-0.000604412
0.000327144
0.00124627
0.00216042
0.00307783
0.00400667
0.00495525
0.00593247
0.00694796
0.00801265
0.0091395
0.0103442
0.0116459
0.0130678
0.0146393
0.0163988
0.0183966
0.0206995
0.0234
0.026628
0.0305735
0.0355086
0.041845
0.0500684
0.0612357
-0.00335667
-0.00236197
-0.00138906
-0.000501217
0.000371768
0.00124816
0.00212596
0.00300682
0.00389613
0.00480023
0.00572587
0.00668039
0.00767196
0.00870983
0.00980476
0.0109697
0.0122203
0.0135762
0.0150615
0.016707
0.0185534
0.0206544
0.0230826
0.0259386
0.0293655
0.0335707
0.0388596
0.0456988
0.0547431
0.0671316
-0.00107581
-0.000191534
0.00066623
0.00147227
0.00227868
0.00309752
0.00392887
0.00477615
0.00564508
0.00654184
0.00747299
0.00844574
0.00946823
0.0105499
0.0117017
0.0129371
0.0142725
0.0157283
0.0173299
0.0191102
0.0211122
0.0233927
0.0260286
0.0291265
0.0328365
0.0373753
0.0430613
0.0503718
0.0600479
0.073249
0.00105572
0.00184326
0.00260817
0.00334001
0.00408373
0.00485129
0.00564425
0.00646611
0.00732201
0.00821756
0.00915896
0.0101532
0.0112085
0.0123343
0.0135422
0.014846
0.0162631
0.0178147
0.0195279
0.0214374
0.0235884
0.0260408
0.0288753
0.0322029
0.0361793
0.0410278
0.047075
0.0548037
0.065035
0.0789665
0.00300611
0.00370624
0.00439068
0.00505939
0.00575293
0.00648191
0.00724774
0.00805353
0.00890385
0.00980392
0.0107596
0.0117779
0.0128668
0.014036
0.0152972
0.0166648
0.0181567
0.0197951
0.0216082
0.0236321
0.0259139
0.0285159
0.0315217
0.0350458
0.0392486
0.0443588
0.050711
0.0587974
0.0695181
0.0841432
0.00476799
0.00538915
0.00600438
0.00662095
0.00727478
0.0079745
0.00872113
0.00951739
0.0103674
0.0112761
0.012249
0.0132928
0.0144156
0.0156271
0.0169392
0.0183667
0.0199279
0.0216456
0.0235489
0.0256752
0.0280728
0.0308057
0.0339599
0.0376526
0.0420477
0.0473785
0.053987
0.0623758
0.0735108
0.0887511
0.00633387
0.00688365
0.0074392
0.00801282
0.00863516
0.00931271
0.010046
0.0108375
0.0116907
0.0126102
0.0136014
0.0146706
0.0158259
0.0170772
0.0184364
0.0199185
0.0215423
0.0233311
0.0253147
0.0275312
0.0300302
0.0328769
0.0361589
0.0399957
0.0445537
0.05007
0.056893
0.0655349
0.0770111
0.0927631
0.00769401
0.00817978
0.00868447
0.00922327
0.00982102
0.0104821
0.0112066
0.0119964
0.0128549
0.013786
0.0147949
0.015888
0.0170731
0.0183601
0.0197611
0.0212914
0.0229699
0.0248204
0.0268733
0.0291673
0.0317527
0.0346958
0.0380855
0.0420427
0.0467362
0.0524057
0.0594051
0.0682547
0.0800076
0.0961629
0.0088411
0.00927072
0.00973318
0.0102445
0.0108234
0.0114724
0.0121913
0.0129815
0.0138459
0.0147883
0.0158135
0.0169278
0.018139
0.0194568
0.0208937
0.0224648
0.0241895
0.0260919
0.0282025
0.0305608
0.0332177
0.0362401
0.0397178
0.043773
0.0485761
0.0543689
0.0615095
0.0705247
0.0824915
0.0989651
0.00977264
0.0101548
0.0105834
0.0110736
0.0116385
0.012279
0.0129944
0.013786
0.0146563
0.0156088
0.016648
0.0177801
0.019013
0.0203563
0.0218225
0.023427
0.0251891
0.0271333
0.0292905
0.0317002
0.034414
0.0374994
0.0410467
0.0451791
0.0500681
0.0559568
0.0632071
0.0723491
0.0844736
0.101201
0.0104918
0.0108358
0.0112386
0.0117134
0.0122682
0.0129028
0.0136162
0.0144096
0.015285
0.0162457
0.0172963
0.0184426
0.0196924
0.0210557
0.0225447
0.0241749
0.0259659
0.0279423
0.030135
0.0325841
0.0353413
0.0384744
0.0420744
0.0462649
0.0512183
0.0571786
0.0645106
0.073745
0.0859824
0.102903
0.0110073
0.011323
0.0117076
0.0121717
0.0127198
0.0133504
0.0140629
0.0148579
0.0157373
0.0167042
0.0177631
0.0189198
0.020182
0.0215597
0.0230651
0.0247139
0.0265257
0.028525
0.0307431
0.0332203
0.0360082
0.0391753
0.0428125
0.0470441
0.0520429
0.0580533
0.0654427
0.0747394
0.0870552
0.104111
0.011333
0.0116302
0.0120033
0.012461
0.0130049
0.0136334
0.0143454
0.0151416
0.0160237
0.0169947
0.0180589
0.0192223
0.0204926
0.0218795
0.0233954
0.0250561
0.026881
0.0288949
0.0311292
0.0336241
0.0364316
0.03962
0.0432808
0.0475383
0.0525656
0.0586074
0.0660331
0.0753665
0.0877267
0.104878
0.0114861
0.0117744
0.0121421
0.0125967
0.0131389
0.0137663
0.0144782
0.015275
0.0161585
0.0171315
0.0181984
0.0193651
0.0206391
0.0220305
0.0235515
0.0252178
0.027049
0.0290699
0.0313119
0.0338153
0.0366321
0.0398309
0.0435029
0.0477728
0.0528137
0.0588704
0.0663136
0.0756629
0.088038
0.105251
0.0114865
0.0117748
0.0121424
0.0125971
0.0131392
0.0137667
0.0144786
0.0152754
0.0161588
0.0171318
0.0181987
0.0193654
0.0206394
0.0220307
0.0235517
0.025218
0.0270492
0.0290701
0.0313121
0.0338155
0.0366323
0.0398311
0.0435032
0.047773
0.0528139
0.0588706
0.0663137
0.075663
0.0880382
0.105252
0.0113341
0.0116313
0.0120044
0.0124621
0.013006
0.0136345
0.0143464
0.0151426
0.0160247
0.0169957
0.0180599
0.0192233
0.0204935
0.0218803
0.0233962
0.0250568
0.0268817
0.0288956
0.0311298
0.0336247
0.0364322
0.0396207
0.0432815
0.0475391
0.0525663
0.0586081
0.0660336
0.0753668
0.0877274
0.104879
0.0110092
0.0113249
0.0117094
0.0121735
0.0127216
0.0133522
0.0140647
0.0148596
0.015739
0.0167058
0.0177646
0.0189213
0.0201835
0.0215611
0.0230664
0.0247152
0.0265268
0.0285261
0.0307442
0.0332213
0.0360093
0.0391763
0.0428136
0.0470453
0.0520441
0.0580545
0.0654436
0.0747401
0.0870564
0.104112
0.0104944
0.0108384
0.0112412
0.0117159
0.0122707
0.0129052
0.0136187
0.014412
0.0152873
0.016248
0.0172984
0.0184446
0.0196944
0.0210576
0.0225465
0.0241767
0.0259676
0.0279438
0.0301365
0.0325856
0.0353427
0.0384759
0.0420759
0.0462665
0.0512199
0.0571803
0.064512
0.0737463
0.0859841
0.102905
0.00977596
0.0101581
0.0105867
0.0110768
0.0116417
0.0122821
0.0129974
0.013789
0.0146592
0.0156116
0.0166507
0.0177827
0.0190154
0.0203587
0.0218248
0.0234292
0.0251912
0.0271353
0.0292924
0.0317022
0.034416
0.0375013
0.0410487
0.0451811
0.0500701
0.055959
0.0632092
0.0723511
0.0844759
0.101203
0.00884508
0.00927471
0.00973712
0.0102483
0.0108272
0.0114761
0.0121949
0.012985
0.0138494
0.0147917
0.0158168
0.0169309
0.0181419
0.0194597
0.0208964
0.0224675
0.0241921
0.0260944
0.028205
0.0305632
0.03322
0.0362424
0.03972
0.0437753
0.0485785
0.0543717
0.0615125
0.0705276
0.0824945
0.0989674
0.00769864
0.00818442
0.00868903
0.00922775
0.0098254
0.0104864
0.0112107
0.0120005
0.0128588
0.0137898
0.0147986
0.0158916
0.0170765
0.0183634
0.0197643
0.0212945
0.0229729
0.0248234
0.0268762
0.0291701
0.0317555
0.0346985
0.038088
0.0420452
0.0467389
0.0524092
0.059409
0.0682585
0.0800113
0.0961655
0.00633915
0.00688892
0.00744436
0.00801786
0.00864008
0.00931752
0.0100507
0.0108421
0.0116952
0.0126146
0.0136055
0.0146746
0.0158298
0.0170809
0.01844
0.019922
0.0215457
0.0233345
0.025318
0.0275345
0.0300334
0.0328799
0.0361618
0.0399985
0.0445569
0.0500742
0.0568979
0.0655397
0.0770152
0.092766
0.00477384
0.00539497
0.00601007
0.0066265
0.0072802
0.00797979
0.0087263
0.00952243
0.0103723
0.0112808
0.0122536
0.0132972
0.0144198
0.0156312
0.0169432
0.0183706
0.0199317
0.0216494
0.0235527
0.0256788
0.0280763
0.0308091
0.033963
0.0376558
0.0420515
0.0473835
0.0539929
0.0623814
0.073515
0.0887542
0.00301242
0.00371252
0.00439682
0.00506539
0.0057588
0.00648764
0.00725334
0.00805899
0.00890916
0.00980908
0.0107647
0.0117827
0.0128714
0.0140405
0.0153016
0.0166691
0.0181609
0.0197993
0.0216123
0.0236361
0.0259178
0.0285196
0.0315252
0.0350495
0.039253
0.0443646
0.0507178
0.0588037
0.0695225
0.0841461
0.0010624
0.0018499
0.00261469
0.00334639
0.00408998
0.00485741
0.00565023
0.00647195
0.0073277
0.00822311
0.00916436
0.0101585
0.0112136
0.0123392
0.0135469
0.0148507
0.0162676
0.0178192
0.0195323
0.0214417
0.0235926
0.0260448
0.0288792
0.0322071
0.0361844
0.0410343
0.0470824
0.0548104
0.0650395
0.0789692
-0.00106885
-0.000184606
0.000673053
0.00147897
0.00228526
0.00310398
0.0039352
0.00478234
0.00565112
0.00654774
0.00747875
0.00845135
0.00947367
0.0105551
0.0117068
0.0129421
0.0142774
0.0157331
0.0173347
0.0191149
0.0211168
0.0233971
0.0260331
0.0291313
0.0328423
0.0373825
0.0430691
0.0503784
0.0600522
0.0732514
-0.00334955
-0.00235483
-0.00138199
-0.000494241
0.000378634
0.00125491
0.00213258
0.00301331
0.00390249
0.00480646
0.00573197
0.00668634
0.00767776
0.00871546
0.00981022
0.010975
0.0122256
0.0135814
0.0150665
0.016712
0.0185583
0.0206593
0.0230875
0.0259441
0.0293718
0.0335781
0.0388672
0.0457048
0.0547469
0.0671339
-0.00592706
-0.00482095
-0.00358468
-0.00252216
-0.00154586
-0.000597452
0.000333986
0.00125299
0.00216702
0.00308432
0.00401303
0.00496149
0.00593856
0.00695391
0.00801844
0.00914514
0.0103497
0.0116513
0.0130731
0.0146445
0.0164039
0.0184017
0.0207049
0.0234061
0.0266347
0.0305807
0.0355153
0.0418499
0.0500715
0.0612383
-0.0103411
-0.00926026
-0.00746951
-0.00599827
-0.00472143
-0.00351096
-0.00233915
-0.00119908
-8.17485e-05
0.00102238
0.00212244
0.00322788
0.00434901
0.00549689
0.00668345
0.00792276
0.00923157
0.0106302
0.0121418
0.013794
0.015623
0.017675
0.020009
0.022705
0.0258713
0.0296675
0.0343073
0.0400873
0.0472018
0.0566767
0.0499386
0.0479132
0.0435481
0.038183
0.0325257
0.0266748
0.0206205
0.0143986
0.00806998
0.0016985
-0.00465476
-0.0109322
-0.0170811
-0.0230545
-0.0288124
-0.0343212
-0.0395536
-0.044487
-0.0491057
-0.053397
-0.0573477
-0.060954
-0.0642198
-0.067146
-0.0697384
-0.0720203
-0.0740403
-0.0757777
-0.0768363
-0.0764631
0.0366277
0.0363612
0.0336937
0.0296952
0.025336
0.0207994
0.0160476
0.0110835
0.00594827
0.000694634
-0.00462141
-0.00994173
-0.0152076
-0.0203623
-0.0253527
-0.0301315
-0.0346584
-0.0389016
-0.0428356
-0.046444
-0.0497217
-0.052667
-0.0552798
-0.0575695
-0.0595529
-0.0612706
-0.0627833
-0.0639946
-0.0642812
-0.0629937
0.0291201
0.0295701
0.0276802
0.0244383
0.020846
0.0170956
0.0131395
0.00896624
0.00460489
9.79671e-05
-0.00450616
-0.00915402
-0.0137885
-0.0183513
-0.0227863
-0.0270414
-0.0310713
-0.0348392
-0.038317
-0.0414862
-0.0443381
-0.0468719
-0.0490939
-0.0510154
-0.0526557
-0.05406
-0.0552946
-0.0562456
-0.0562113
-0.0544921
0.0239503
0.0247196
0.0233104
0.0206219
0.0175925
0.0144018
0.0110025
0.00738139
0.00356314
-0.00041457
-0.00450745
-0.00866489
-0.0128313
-0.0169485
-0.0209591
-0.0248093
-0.0284513
-0.0318459
-0.0349633
-0.0377843
-0.0402992
-0.0425079
-0.0444175
-0.0460399
-0.0473948
-0.048527
-0.0495034
-0.0502119
-0.0499535
-0.0480315
0.0201808
0.0210507
0.0199327
0.0176474
0.0150418
0.0122738
0.00929797
0.00610156
0.002706
-0.000854912
-0.00454033
-0.00830233
-0.0120871
-0.0158374
-0.0194959
-0.0230082
-0.0263259
-0.0294089
-0.032227
-0.0347606
-0.0370004
-0.0389466
-0.0406071
-0.0419944
-0.0431284
-0.0440517
-0.0448296
-0.0453595
-0.0449743
-0.0429797
0.0172989
0.0181664
0.017239
0.0152614
0.0129887
0.0105523
0.00791031
0.00505163
0.00199537
-0.00122784
-0.00457998
-0.0080155
-0.0114825
-0.014925
-0.0182866
-0.0215131
-0.0245562
-0.0273759
-0.0299421
-0.0322352
-0.0342464
-0.0359762
-0.0374329
-0.0386296
-0.0395856
-0.040341
-0.0409586
-0.0413507
-0.0408887
-0.0388834
0.015008
0.0158297
0.0150307
0.013296
0.01129
0.00912274
0.00675328
0.00417229
0.00139716
-0.00154414
-0.00461606
-0.00777522
-0.0109715
-0.0141505
-0.0172568
-0.0202371
-0.0230437
-0.0256368
-0.0279868
-0.0300747
-0.0318919
-0.0334394
-0.0347259
-0.0357648
-0.036575
-0.037194
-0.0376837
-0.0379691
-0.0374641
-0.0354835
0.0131368
0.0138843
0.013177
0.0116371
0.00985202
0.00790846
0.00576743
0.00342081
0.000884553
-0.00181571
-0.00464663
-0.00756681
-0.0105279
-0.0134772
-0.0163603
-0.0191251
-0.0217246
-0.0241198
-0.0262817
-0.0281918
-0.0298421
-0.031234
-0.0323764
-0.0332832
-0.033973
-0.0344809
-0.0348669
-0.0350684
-0.0345426
-0.0326074
0.0115623
0.0122237
0.0115887
0.01021
0.00860946
0.0068557
0.0049105
0.00276598
0.000436895
-0.00205315
-0.00467282
-0.0073826
-0.0101359
-0.0128816
-0.0155667
-0.0181401
-0.020556
-0.0227762
-0.0247724
-0.0265266
-0.0280316
-0.0292891
-0.0303083
-0.0311034
-0.0316923
-0.0321091
-0.0324105
-0.0325458
-0.0320143
-0.0301357
0.0102026
0.0107714
0.0101944
0.00895964
0.00751568
0.00592563
0.00415117
0.00218412
3.79392e-05
-0.0022656
-0.00469705
-0.0072187
-0.0097857
-0.0123484
-0.0148555
-0.017257
-0.0195081
-0.0215716
-0.0234201
-0.0250363
-0.0264133
-0.0275535
-0.0284663
-0.029166
-0.0296702
-0.030011
-0.0302428
-0.0303264
-0.0297989
-0.027982
0.00900225
0.00947507
0.00894406
0.00784139
0.00653627
0.0050885
0.00346532
0.00165678
-0.000325327
-0.00246088
-0.00472216
-0.0070732
-0.00947088
-0.0118672
-0.0142122
-0.0164573
-0.0185589
-0.0204807
-0.0221962
-0.0236887
-0.0249521
-0.0259889
-0.0268088
-0.0274262
-0.0278584
-0.0281356
-0.0283094
-0.0283521
-0.0278351
-0.0260824
0.00791831
0.00829954
0.0078068
0.0068203
0.00564506
0.00432191
0.00283417
0.00116937
-0.000663431
-0.00264562
-0.00475101
-0.00694537
-0.0091873
-0.0114304
-0.0136262
-0.0157277
-0.0176921
-0.0194845
-0.0210789
-0.0224597
-0.023621
-0.0245657
-0.0253037
-0.0258494
-0.02622
-0.0264434
-0.0265699
-0.0265794
-0.0260769
-0.0243888
0.006919
0.00721521
0.00675758
0.00587263
0.00481772
0.00360843
0.00224298
0.000710071
-0.000985078
-0.00282548
-0.00478635
-0.00683514
-0.00893218
-0.0110327
-0.0130898
-0.0150577
-0.0168951
-0.0185679
-0.0200512
-0.0213298
-0.0223986
-0.0232605
-0.0239257
-0.0244083
-0.0247255
-0.0249036
-0.0249903
-0.0249733
-0.0244883
-0.0228638
0.0059831
0.00619668
0.0057748
0.00498209
0.00403434
0.00293491
0.00167978
0.000268938
-0.00129767
-0.00300541
-0.00483081
-0.00674287
-0.00870364
-0.01067
-0.0125967
-0.0144393
-0.0161578
-0.0177191
-0.0190992
-0.0202836
-0.0212676
-0.0220544
-0.0226541
-0.0230809
-0.0233517
-0.0234911
-0.0235444
-0.0235062
-0.0230404
-0.0214782
0.00509052
0.00522883
0.00484385
0.00413292
0.00328055
0.00228921
0.00113593
-0.000161767
-0.00160737
-0.00318975
-0.00488684
-0.00666917
-0.00850048
-0.0103394
-0.0121422
-0.013866
-0.0154719
-0.0169282
-0.0182115
-0.0193082
-0.0202137
-0.0209316
-0.0214719
-0.0218488
-0.0220789
-0.0221851
-0.0222106
-0.022156
-0.0217107
-0.0202094
0.00422369
0.00429782
0.00394945
0.0033146
0.00254901
0.00165753
0.000603855
-0.000588988
-0.00191977
-0.00338245
-0.00495683
-0.00661483
-0.00832192
-0.0100384
-0.0117223
-0.0133322
-0.0148306
-0.0161868
-0.0173785
-0.0183924
-0.0192246
-0.0198787
-0.0203647
-0.0206967
-0.0208908
-0.0209687
-0.0209714
-0.020904
-0.0204805
-0.0190396
0.00337223
0.00338999
0.00307878
0.0025161
0.00183038
0.00102923
7.65593e-05
-0.00101864
-0.0022399
-0.0035872
-0.00504309
-0.00658082
-0.0081675
-0.00976531
-0.0113339
-0.0128335
-0.014228
-0.0154879
-0.0165917
-0.0175269
-0.0182898
-0.0188843
-0.0193202
-0.0196114
-0.0197737
-0.0198275
-0.0198117
-0.0197354
-0.0193348
-0.0179551
0.0025284
0.00249381
0.00221994
0.00172657
0.00111566
0.000398049
-0.000454206
-0.00145527
-0.00257214
-0.00380744
-0.0051479
-0.00656819
-0.00803706
-0.00951855
-0.0109741
-0.0123657
-0.0136588
-0.0148249
-0.0158436
-0.0167031
-0.0173999
-0.0179381
-0.0183274
-0.0185815
-0.0187158
-0.0187496
-0.0187194
-0.0186378
-0.0182614
-0.0169458
0.0016854
0.00159899
0.00136288
0.000936217
0.000397613
-0.000240447
-0.000997383
-0.00190316
-0.00292075
-0.00404665
-0.00527359
-0.00657816
-0.00793065
-0.00929703
-0.0106407
-0.0119255
-0.0131183
-0.0141921
-0.0151274
-0.0159132
-0.0165463
-0.017031
-0.0173769
-0.0175972
-0.0177071
-0.0177248
-0.0176845
-0.0176012
-0.0172507
-0.0160044
0.000835352
0.000698012
0.000499934
0.000137768
-0.000330123
-0.000892536
-0.00156049
-0.00236689
-0.00328974
-0.00430826
-0.00542259
-0.00661212
-0.00784858
-0.00909992
-0.0103317
-0.0115094
-0.012602
-0.0135839
-0.0144366
-0.0151499
-0.0157212
-0.0161546
-0.0164598
-0.0166496
-0.0167387
-0.0167442
-0.0166982
-0.0166175
-0.0162951
-0.0151264
-2.97372e-05
-0.000216515
-0.000376171
-0.000675456
-0.00107431
-0.00156375
-0.00214772
-0.00285259
-0.00368223
-0.00459552
-0.00559747
-0.00667168
-0.0077914
-0.00892662
-0.0100451
-0.0111145
-0.0121058
-0.012995
-0.013765
-0.0144063
-0.0149169
-0.0153011
-0.0155682
-0.0157309
-0.015803
-0.0158008
-0.0157538
-0.0156802
-0.015389
-0.0143097
-0.000918262
-0.00115161
-0.00127191
-0.00151011
-0.00184213
-0.00225932
-0.00276162
-0.00336719
-0.00410147
-0.00491194
-0.00580107
-0.00675875
-0.00775998
-0.00877679
-0.00977934
-0.0107379
-0.0116255
-0.0124202
-0.0131063
-0.0136754
-0.0141261
-0.0144629
-0.0146948
-0.014834
-0.0148936
-0.014889
-0.0148467
-0.0147851
-0.0145289
-0.0135542
-0.00184011
-0.00211437
-0.00219459
-0.00237204
-0.0026383
-0.00298373
-0.00340635
-0.00391687
-0.00455104
-0.00526148
-0.00603671
-0.00687564
-0.00775551
-0.00865031
-0.009533
-0.0103766
-0.0111569
-0.0118539
-0.012454
-0.0129501
-0.0133415
-0.0136327
-0.0138326
-0.0139526
-0.0140051
-0.014004
-0.0139735
-0.0139301
-0.0137136
-0.0128618
-0.00280912
-0.00311314
-0.00315064
-0.00326709
-0.00346793
-0.00374176
-0.00408722
-0.00450717
-0.00503519
-0.00564723
-0.00630772
-0.0070249
-0.00777941
-0.00854734
-0.00930469
-0.0100278
-0.0106954
-0.0112905
-0.0118016
-0.0122234
-0.0125558
-0.0128037
-0.0129754
-0.0130816
-0.0131336
-0.0131431
-0.0131319
-0.0131134
-0.0129432
-0.0122355
-0.00384346
-0.00415947
-0.00415023
-0.00420394
-0.00433736
-0.00453924
-0.00480805
-0.00514048
-0.00556038
-0.00607209
-0.00661724
-0.00720908
-0.00783326
-0.00846816
-0.00909322
-0.00968864
-0.010237
-0.0107248
-0.0111433
-0.0114891
-0.0117633
-0.0119708
-0.0121192
-0.0122181
-0.0122771
-0.0123063
-0.0123231
-0.0123379
-0.0122212
-0.0116788
-0.00495978
-0.00525548
-0.00519758
-0.0051882
-0.00525148
-0.00537946
-0.00557108
-0.00581756
-0.00613164
-0.00653953
-0.00696938
-0.00743185
-0.00791976
-0.008414
-0.00889791
-0.00935643
-0.00977691
-0.0101503
-0.0104715
-0.0107396
-0.0109571
-0.0111278
-0.011259
-0.0113588
-0.0114346
-0.0114935
-0.0115488
-0.0116059
-0.0115513
-0.011195
-0.0061882
-0.00637648
-0.00625886
-0.00619745
-0.00619632
-0.00625362
-0.00637202
-0.00653858
-0.00675513
-0.00705747
-0.00737551
-0.00770508
-0.0080489
-0.00839096
-0.00871924
-0.00902484
-0.00930175
-0.00954722
-0.00976147
-0.00994744
-0.0101092
-0.0102464
-0.0103689
-0.0104817
-0.0105886
-0.0106926
-0.0108021
-0.0109153
-0.0109382
-0.0107844
-0.00771213
-0.00757765
-0.00731755
-0.00720831
-0.00716169
-0.00716341
-0.00722121
-0.00732154
-0.00745502
-0.00765131
-0.00786054
-0.00805209
-0.00823829
-0.00840758
-0.00855431
-0.00867841
-0.00878379
-0.00887715
-0.0089665
-0.00905982
-0.00916352
-0.00927493
-0.00940316
-0.00954813
-0.00970824
-0.00988125
-0.0100688
-0.0102612
-0.0103817
-0.0104355
-0.01011
-0.00948118
-0.00883089
-0.00852962
-0.00836993
-0.00827348
-0.00823486
-0.00823819
-0.00826357
-0.00832555
-0.00839917
-0.00843288
-0.00844322
-0.00842498
-0.00838025
-0.00831897
-0.00825551
-0.00820483
-0.00818144
-0.00819417
-0.00824339
-0.0083755
-0.00853088
-0.00872224
-0.00894406
-0.00918822
-0.00944873
-0.00970642
-0.00990572
-0.0101294
-0.0136347
-0.0131751
-0.0119599
-0.0110837
-0.0104633
-0.00997277
-0.00958309
-0.00927458
-0.0090213
-0.00882125
-0.00866535
-0.00851318
-0.0083786
-0.00826221
-0.00816666
-0.00809829
-0.00806441
-0.00807004
-0.00812007
-0.00821852
-0.00836295
-0.0084991
-0.0086651
-0.00884881
-0.00903685
-0.00922143
-0.00939577
-0.00953937
-0.00964168
-0.00989728
-0.078924
-0.0687745
-0.0611533
-0.0548049
-0.0495447
-0.0451198
-0.0413534
-0.0381099
-0.0352858
-0.0328014
-0.0305955
-0.0286203
-0.0268381
-0.0252189
-0.0237383
-0.0223768
-0.0211178
-0.0199481
-0.0188565
-0.0178337
-0.0168728
-0.0159682
-0.0151165
-0.0143163
-0.0135682
-0.0128771
-0.0122482
-0.0116701
-0.0111268
-0.0107942
-0.0795632
-0.0690847
-0.0610507
-0.054538
-0.0492025
-0.0447477
-0.0409748
-0.0377385
-0.0349301
-0.0324674
-0.0302876
-0.0283419
-0.026592
-0.0250076
-0.0235644
-0.0222432
-0.0210285
-0.0199082
-0.0188725
-0.0179144
-0.0170285
-0.016211
-0.0154595
-0.0147728
-0.0141504
-0.013594
-0.0131045
-0.0126618
-0.0121887
-0.0116917
-0.0810698
-0.0705857
-0.0624404
-0.0558688
-0.0504838
-0.0459878
-0.042179
-0.0389103
-0.0360727
-0.0335839
-0.0313808
-0.0294146
-0.0276468
-0.0260471
-0.0245909
-0.0232588
-0.022035
-0.0209066
-0.0198637
-0.0188981
-0.0180037
-0.0171759
-0.0164114
-0.0157079
-0.0150643
-0.0144826
-0.0139697
-0.0135133
-0.0130125
-0.0123671
-0.0827852
-0.0725028
-0.0643975
-0.0578096
-0.0523669
-0.0477967
-0.0439078
-0.0405586
-0.0376427
-0.0350795
-0.0328069
-0.0307764
-0.0289498
-0.0272966
-0.0257923
-0.0244171
-0.023155
-0.0219927
-0.0209197
-0.0199274
-0.019009
-0.0181591
-0.0173735
-0.016649
-0.0159829
-0.015376
-0.014836
-0.0143536
-0.0138151
-0.0130473
-0.0843555
-0.0742356
-0.0661881
-0.0595984
-0.0541097
-0.0494733
-0.0455095
-0.042083
-0.0390913
-0.0364555
-0.0341148
-0.0320213
-0.0301369
-0.0284312
-0.0268796
-0.0254619
-0.0241618
-0.0229659
-0.0218631
-0.0208445
-0.0199026
-0.0190316
-0.0182266
-0.0174837
-0.0167997
-0.0161742
-0.0156147
-0.0151135
-0.0145525
-0.0137111
-0.0857306
-0.0757039
-0.0677114
-0.0611313
-0.0556161
-0.0509339
-0.0469146
-0.0434286
-0.0403765
-0.0376819
-0.035285
-0.0331386
-0.0312051
-0.0294541
-0.0278611
-0.0264058
-0.0250717
-0.0238452
-0.0227149
-0.0216714
-0.020707
-0.0198154
-0.0189914
-0.0182304
-0.0175287
-0.0168853
-0.0163069
-0.0157876
-0.015213
-0.0143393
-0.0869209
-0.0769589
-0.0690207
-0.0624586
-0.0569305
-0.0522176
-0.0481576
-0.0446253
-0.0415249
-0.0387816
-0.0363372
-0.0341454
-0.032169
-0.0303779
-0.0287476
-0.0272581
-0.0258925
-0.0246372
-0.0234807
-0.0224132
-0.0214269
-0.0205151
-0.0196721
-0.0188933
-0.0181743
-0.0175133
-0.0169162
-0.0163788
-0.0157961
-0.0149226
-0.087924
-0.0780341
-0.0701429
-0.0636027
-0.0580698
-0.0533356
-0.0492447
-0.0456759
-0.0425358
-0.0397519
-0.0372671
-0.0350361
-0.0330221
-0.0311956
-0.0295321
-0.0280117
-0.0266175
-0.0253358
-0.0241549
-0.0230651
-0.0220581
-0.0211271
-0.0202661
-0.0194703
-0.0187349
-0.0180576
-0.0174428
-0.0168876
-0.0163011
-0.0154527
-0.0887468
-0.0789359
-0.0710863
-0.0645686
-0.0590357
-0.0542868
-0.0501727
-0.0465751
-0.0434031
-0.0405858
-0.0380674
-0.0358033
-0.0337574
-0.0319005
-0.0302083
-0.0286609
-0.0272416
-0.0259365
-0.024734
-0.023624
-0.0225984
-0.0216499
-0.0207726
-0.0199612
-0.0192109
-0.0185188
-0.0178877
-0.0173157
-0.0167282
-0.0159218
-0.0894157
-0.079665
-0.0718581
-0.0653622
-0.0598321
-0.0550731
-0.050942
-0.0473223
-0.0441252
-0.0412811
-0.0387355
-0.0364444
-0.0343723
-0.0324901
-0.0307739
-0.0292039
-0.0277633
-0.0264383
-0.0252172
-0.0240899
-0.0230481
-0.0220844
-0.0211927
-0.0203677
-0.0196044
-0.0188994
-0.0182539
-0.0176665
-0.0170794
-0.0163242
-0.0899406
-0.0802375
-0.0724686
-0.0659927
-0.0604668
-0.0557009
-0.0515576
-0.0479214
-0.0447051
-0.0418403
-0.0392734
-0.0369609
-0.0348679
-0.0329655
-0.03123
-0.0296416
-0.0281838
-0.0268425
-0.0256061
-0.0244646
-0.0234093
-0.022433
-0.0215294
-0.020693
-0.0199188
-0.0192029
-0.0185453
-0.0179444
-0.0173581
-0.0166562
-0.0903301
-0.0806724
-0.0729298
-0.0664718
-0.0609501
-0.0561797
-0.0520278
-0.0483797
-0.0451492
-0.042269
-0.039686
-0.0373575
-0.0352485
-0.0333307
-0.0315804
-0.0299779
-0.0285067
-0.0271528
-0.0259045
-0.0247518
-0.023686
-0.0226997
-0.0217867
-0.0209413
-0.0201585
-0.0194341
-0.0187667
-0.0181547
-0.0175692
-0.0169163
-0.0905936
-0.0809902
-0.0732543
-0.0668126
-0.0612944
-0.0565209
-0.0523632
-0.0487069
-0.0454666
-0.0425756
-0.0399813
-0.0376412
-0.035521
-0.0335922
-0.0318313
-0.0302186
-0.0287378
-0.0273748
-0.0261179
-0.0249571
-0.0238836
-0.0228901
-0.0219702
-0.0211182
-0.0203291
-0.0195985
-0.018924
-0.0183035
-0.0177183
-0.0171056
-0.0907532
-0.0811999
-0.0734553
-0.0670291
-0.0615129
-0.0567373
-0.0525761
-0.0489147
-0.0456682
-0.0427703
-0.0401689
-0.0378216
-0.0356942
-0.0337583
-0.0319906
-0.0303715
-0.0288845
-0.0275158
-0.0262534
-0.0250873
-0.024009
-0.0230108
-0.0220864
-0.0212302
-0.020437
-0.0197024
-0.0190232
-0.018397
-0.0178118
-0.017227
-0.090833
-0.0812995
-0.0735493
-0.0671336
-0.0616178
-0.056841
-0.052678
-0.0490141
-0.0457645
-0.0428634
-0.0402585
-0.0379077
-0.0357768
-0.0338376
-0.0320667
-0.0304445
-0.0289545
-0.0275829
-0.0263179
-0.0251494
-0.0240686
-0.0230682
-0.0221417
-0.0212834
-0.0204882
-0.0197516
-0.0190703
-0.0184413
-0.0178559
-0.0172848
-0.0908336
-0.0813001
-0.07355
-0.0671341
-0.0616182
-0.0568413
-0.0526783
-0.0490143
-0.0457647
-0.0428636
-0.0402586
-0.0379079
-0.035777
-0.0338378
-0.0320669
-0.0304447
-0.0289548
-0.0275832
-0.0263182
-0.0251497
-0.024069
-0.0230686
-0.0221421
-0.0212837
-0.0204886
-0.019752
-0.0190706
-0.0184417
-0.0178563
-0.0172852
-0.0907549
-0.0812017
-0.0734573
-0.0670308
-0.0615142
-0.0567384
-0.0525769
-0.0489153
-0.0456686
-0.0427708
-0.0401693
-0.037822
-0.0356946
-0.0337588
-0.0319912
-0.0303721
-0.0288852
-0.0275165
-0.0262542
-0.0250882
-0.0240099
-0.0230118
-0.0220875
-0.0212312
-0.020438
-0.0197034
-0.0190243
-0.0183981
-0.0178129
-0.017228
-0.0905965
-0.0809931
-0.0732577
-0.0668154
-0.0612965
-0.0565227
-0.0523646
-0.048708
-0.0454674
-0.0425763
-0.039982
-0.037642
-0.0355217
-0.033593
-0.0318321
-0.0302196
-0.0287389
-0.0273761
-0.0261193
-0.0249586
-0.0238852
-0.0228918
-0.0219719
-0.0211199
-0.0203308
-0.0196003
-0.0189257
-0.0183052
-0.0177201
-0.0171074
-0.0903344
-0.0806761
-0.0729344
-0.0664755
-0.0609531
-0.0561823
-0.0520299
-0.0483813
-0.0451504
-0.0422701
-0.0396871
-0.0373585
-0.0352496
-0.0333318
-0.0315816
-0.0299793
-0.0285082
-0.0271546
-0.0259065
-0.0247539
-0.0236882
-0.022702
-0.021789
-0.0209436
-0.0201608
-0.0194365
-0.0187691
-0.0181571
-0.0175716
-0.0169187
-0.0899461
-0.0802421
-0.0724742
-0.0659972
-0.0604704
-0.0557043
-0.0515604
-0.0479236
-0.0447068
-0.0418418
-0.0392747
-0.0369623
-0.0348693
-0.032967
-0.0312316
-0.0296434
-0.0281858
-0.0268448
-0.0256086
-0.0244672
-0.023412
-0.0224358
-0.0215323
-0.0206959
-0.0199217
-0.0192059
-0.0185483
-0.0179474
-0.0173611
-0.0166591
-0.0894223
-0.0796703
-0.0718643
-0.0653672
-0.0598364
-0.0550772
-0.0509455
-0.0473251
-0.0441274
-0.0412831
-0.0387373
-0.0364461
-0.034374
-0.0324919
-0.030776
-0.0292061
-0.0277658
-0.0264411
-0.0252202
-0.0240931
-0.0230513
-0.0220877
-0.0211962
-0.0203712
-0.0196079
-0.0189029
-0.0182574
-0.0176701
-0.0170829
-0.0163277
-0.0887542
-0.0789417
-0.0710928
-0.0645739
-0.0590405
-0.0542915
-0.050177
-0.0465786
-0.0434059
-0.0405882
-0.0380696
-0.0358054
-0.0337596
-0.0319028
-0.0302108
-0.0286637
-0.0272447
-0.0259398
-0.0247375
-0.0236277
-0.0226021
-0.0216537
-0.0207765
-0.0199651
-0.0192149
-0.0185228
-0.0178918
-0.0173198
-0.0167322
-0.0159258
-0.0879324
-0.0780403
-0.0701495
-0.063608
-0.0580749
-0.0533409
-0.0492497
-0.0456801
-0.0425393
-0.0397549
-0.0372699
-0.0350387
-0.0330248
-0.0311984
-0.0295351
-0.0280149
-0.026621
-0.0253395
-0.0241588
-0.0230691
-0.0220623
-0.0211313
-0.0202704
-0.0194746
-0.0187393
-0.018062
-0.0174472
-0.0168921
-0.0163055
-0.0154571
-0.0869299
-0.0769652
-0.0690273
-0.0624639
-0.0569358
-0.0522234
-0.0481631
-0.0446303
-0.0415291
-0.0387853
-0.0363406
-0.0341486
-0.0321722
-0.0303812
-0.0287512
-0.0272618
-0.0258965
-0.0246414
-0.023485
-0.0224177
-0.0214315
-0.0205197
-0.0196769
-0.0188981
-0.0181791
-0.0175182
-0.0169211
-0.0163837
-0.0158009
-0.0149274
-0.08574
-0.0757102
-0.0677178
-0.0611365
-0.0556215
-0.05094
-0.0469208
-0.0434342
-0.0403815
-0.0376864
-0.0352891
-0.0331425
-0.0312089
-0.0294581
-0.0278652
-0.0264101
-0.0250762
-0.0238498
-0.0227196
-0.0216762
-0.020712
-0.0198205
-0.0189965
-0.0182356
-0.017534
-0.0168905
-0.0163121
-0.0157929
-0.0152183
-0.0143445
-0.084365
-0.074242
-0.0661943
-0.0596034
-0.0541152
-0.0494797
-0.0455161
-0.0420893
-0.039097
-0.0364608
-0.0341198
-0.032026
-0.0301415
-0.0284359
-0.0268843
-0.0254667
-0.0241668
-0.022971
-0.0218683
-0.0208498
-0.019908
-0.019037
-0.0182321
-0.0174893
-0.0168052
-0.0161798
-0.0156203
-0.0151191
-0.0145581
-0.0137166
-0.0827945
-0.0725092
-0.0644034
-0.0578144
-0.0523722
-0.0478033
-0.0439149
-0.0405655
-0.0376493
-0.0350857
-0.0328127
-0.030782
-0.0289553
-0.0273021
-0.0257978
-0.0244226
-0.0231605
-0.0219982
-0.0209253
-0.0199331
-0.0190148
-0.0181649
-0.0173794
-0.0166549
-0.0159888
-0.0153819
-0.014842
-0.0143595
-0.013821
-0.0130532
-0.0810789
-0.0705921
-0.0624461
-0.0558734
-0.0504891
-0.0459945
-0.0421864
-0.0389179
-0.0360801
-0.033591
-0.0313877
-0.0294212
-0.0276533
-0.0260534
-0.0245972
-0.023265
-0.0220411
-0.0209128
-0.0198698
-0.0189043
-0.0180099
-0.0171821
-0.0164177
-0.0157142
-0.0150706
-0.0144888
-0.0139759
-0.0135195
-0.0130186
-0.0123732
-0.0795718
-0.0690911
-0.0610564
-0.0545428
-0.0492079
-0.0447545
-0.0409827
-0.0377468
-0.0349385
-0.0324757
-0.0302956
-0.0283497
-0.0265996
-0.0250149
-0.0235716
-0.0222502
-0.0210355
-0.019915
-0.0188793
-0.0179212
-0.0170352
-0.0162177
-0.0154662
-0.0147794
-0.014157
-0.0136005
-0.0131109
-0.0126682
-0.0121949
-0.0116976
-0.0789321
-0.0687811
-0.0611593
-0.0548104
-0.0495507
-0.045127
-0.0413618
-0.0381191
-0.0352952
-0.0328108
-0.0306046
-0.0286291
-0.0268466
-0.0252271
-0.0237463
-0.0223844
-0.0211253
-0.0199554
-0.0188636
-0.0178408
-0.0168797
-0.0159751
-0.0151234
-0.014323
-0.0135748
-0.0128836
-0.0122545
-0.0116763
-0.0111329
-0.0108001
-0.0113602
-0.0116137
-0.0118454
-0.0120764
-0.0122858
-0.0124672
-0.0126221
-0.0127521
-0.012858
-0.0129409
-0.0130017
-0.0130416
-0.0130618
-0.0130637
-0.0130486
-0.0130177
-0.0129722
-0.0129135
-0.0128426
-0.0127607
-0.0126688
-0.0125679
-0.0124589
-0.0123426
-0.0122198
-0.0120913
-0.0119576
-0.0118194
-0.0116772
-0.0115315
-0.0113827
-0.0112313
-0.0110775
-0.0109218
-0.0107643
-0.0106054
-0.0104452
-0.0102839
-0.0101217
-0.00995882
-0.0097953
-0.00963126
-0.00946682
-0.00930206
-0.00913703
-0.00897182
-0.00880646
-0.00864101
-0.0084755
-0.00830998
-0.00814448
-0.00797884
-0.0078132
-0.00764762
-0.00748209
-0.00731662
-0.00715122
-0.0069859
-0.00682064
-0.00665546
-0.00649034
-0.0063253
-0.00616033
-0.00599542
-0.00583058
-0.00566581
-0.00550109
-0.00533643
-0.00517182
-0.00500726
-0.00484276
-0.00467829
-0.00451387
-0.00434949
-0.00418514
-0.00402082
-0.00385654
-0.00369229
-0.00352806
-0.00336385
-0.00319966
-0.00303549
-0.00287134
-0.00270721
-0.0025431
-0.00237899
-0.0022149
-0.00205081
-0.00188673
-0.00172267
-0.00155866
-0.00139466
-0.00123065
-0.00106663
-0.000902597
-0.000738541
-0.000574415
-0.000410271
-0.000246154
-8.20513e-05
-0.012217
-0.0122064
-0.0123086
-0.0124492
-0.0125735
-0.0126759
-0.0127609
-0.0128306
-0.0128849
-0.0129243
-0.0129489
-0.0129592
-0.0129558
-0.0129392
-0.0129101
-0.0128692
-0.012817
-0.0127544
-0.012682
-0.0126005
-0.0125106
-0.0124131
-0.0123084
-0.0121973
-0.0120802
-0.0119578
-0.0118306
-0.0116989
-0.0115634
-0.0114243
-0.011282
-0.011137
-0.0109894
-0.0108396
-0.0106878
-0.0105343
-0.0103793
-0.0102229
-0.0100654
-0.0099068
-0.00974735
-0.00958713
-0.00942624
-0.00926479
-0.00910283
-0.00894046
-0.00877773
-0.00861469
-0.00845139
-0.00828784
-0.00812407
-0.00796028
-0.00779638
-0.00763236
-0.00746825
-0.00730407
-0.00713985
-0.00697559
-0.00681131
-0.00664701
-0.0064827
-0.00631839
-0.00615409
-0.00598979
-0.0058255
-0.00566121
-0.00549695
-0.0053327
-0.00516846
-0.00500424
-0.00484003
-0.00467584
-0.00451167
-0.00434752
-0.00418337
-0.00401924
-0.00385512
-0.00369102
-0.00352692
-0.00336284
-0.00319876
-0.00303469
-0.00287063
-0.00270657
-0.00254254
-0.00237851
-0.00221448
-0.00205045
-0.00188643
-0.00172241
-0.0015584
-0.0013944
-0.00123042
-0.00106646
-0.000902497
-0.000738481
-0.000574371
-0.000410249
-0.000246159
-8.20677e-05
-0.0130094
-0.0127926
-0.0127661
-0.0128211
-0.0128715
-0.0129071
-0.0129337
-0.0129528
-0.012964
-0.0129664
-0.0129599
-0.0129443
-0.0129195
-0.0128856
-0.0128427
-0.012791
-0.0127308
-0.0126624
-0.0125862
-0.0125026
-0.012412
-0.0123147
-0.0122114
-0.0121023
-0.0119879
-0.0118686
-0.0117449
-0.0116169
-0.0114853
-0.0113501
-0.0112119
-0.0110708
-0.0109272
-0.0107812
-0.0106332
-0.0104833
-0.0103318
-0.0101787
-0.0100244
-0.0098688
-0.00971218
-0.00955463
-0.00939626
-0.00923716
-0.00907741
-0.00891709
-0.00875628
-0.00859503
-0.0084334
-0.00827143
-0.00810917
-0.00794664
-0.0077839
-0.00762095
-0.00745784
-0.00729459
-0.00713121
-0.00696773
-0.00680416
-0.00664052
-0.00647681
-0.00631305
-0.00614924
-0.0059854
-0.00582152
-0.00565762
-0.0054937
-0.00532976
-0.00516581
-0.00500185
-0.00483788
-0.0046739
-0.00450992
-0.00434594
-0.00418195
-0.00401797
-0.00385398
-0.00368999
-0.00352601
-0.00336202
-0.00319803
-0.00303404
-0.00287006
-0.00270608
-0.00254209
-0.00237811
-0.00221414
-0.00205015
-0.00188616
-0.00172219
-0.00155821
-0.00139423
-0.00123025
-0.00106632
-0.000902415
-0.000738435
-0.000574353
-0.000410243
-0.000246156
-8.2078e-05
-0.0137203
-0.013354
-0.0132231
-0.013201
-0.0131838
-0.0131587
-0.0131319
-0.0131046
-0.0130754
-0.0130431
-0.0130069
-0.0129661
-0.0129201
-0.0128685
-0.0128111
-0.0127477
-0.0126782
-0.0126027
-0.0125211
-0.0124337
-0.0123407
-0.0122421
-0.0121384
-0.0120298
-0.0119165
-0.0117988
-0.011677
-0.0115514
-0.0114223
-0.0112899
-0.0111545
-0.0110163
-0.0108756
-0.0107326
-0.0105874
-0.0104403
-0.0102915
-0.0101411
-0.00998927
-0.00983613
-0.00968183
-0.00952647
-0.00937017
-0.00921302
-0.00905512
-0.00889653
-0.00873733
-0.00857758
-0.00841735
-0.00825669
-0.00809564
-0.00793425
-0.00777254
-0.00761057
-0.00744836
-0.00728593
-0.00712332
-0.00696054
-0.00679761
-0.00663456
-0.00647139
-0.00630812
-0.00614477
-0.00598134
-0.00581784
-0.00565428
-0.00549067
-0.00532702
-0.00516334
-0.00499961
-0.00483586
-0.00467208
-0.00450828
-0.00434446
-0.00418062
-0.00401676
-0.0038529
-0.00368902
-0.00352514
-0.00336124
-0.00319734
-0.00303343
-0.00286951
-0.00270558
-0.00254166
-0.00237775
-0.00221381
-0.00204987
-0.00188592
-0.00172198
-0.00155804
-0.00139407
-0.00123012
-0.00106621
-0.000902326
-0.000738371
-0.000574311
-0.000410225
-0.000246167
-8.21025e-05
-0.0143526
-0.0138773
-0.0136635
-0.0135719
-0.0134923
-0.0134117
-0.013336
-0.013266
-0.0131996
-0.013135
-0.0130709
-0.0130062
-0.01294
-0.0128714
-0.0127998
-0.0127247
-0.0126457
-0.0125626
-0.0124751
-0.0123833
-0.0122871
-0.0121864
-0.0120815
-0.0119724
-0.0118593
-0.0117423
-0.0116217
-0.0114976
-0.0113702
-0.0112397
-0.0111064
-0.0109704
-0.010832
-0.0106912
-0.0105483
-0.0104035
-0.0102569
-0.0101086
-0.00995888
-0.00980775
-0.00965537
-0.00950186
-0.00934731
-0.00919182
-0.00903548
-0.00887836
-0.00872055
-0.00856211
-0.00840309
-0.00824357
-0.00808357
-0.00792317
-0.00776238
-0.00760126
-0.00743983
-0.00727813
-0.00711619
-0.00695403
-0.00679168
-0.00662915
-0.00646646
-0.00630364
-0.00614069
-0.00597763
-0.00581447
-0.00565122
-0.0054879
-0.00532451
-0.00516106
-0.00499755
-0.004834
-0.0046704
-0.00450676
-0.00434309
-0.00417938
-0.00401565
-0.0038519
-0.00368812
-0.00352432
-0.00336051
-0.00319669
-0.00303286
-0.00286901
-0.00270515
-0.00254127
-0.00237739
-0.0022135
-0.0020496
-0.0018857
-0.00172179
-0.00155787
-0.00139394
-0.00123001
-0.00106611
-0.000902238
-0.0007383
-0.000574257
-0.000410198
-0.000246181
-8.21338e-05
-0.0149004
-0.0143505
-0.0140716
-0.0139183
-0.0137826
-0.0136525
-0.0135335
-0.0134253
-0.0133255
-0.0132319
-0.0131426
-0.0130562
-0.0129714
-0.012887
-0.0128021
-0.0127159
-0.0126277
-0.0125372
-0.0124438
-0.0123474
-0.0122476
-0.0121444
-0.0120378
-0.0119277
-0.0118142
-0.0116974
-0.0115772
-0.011454
-0.0113277
-0.0111986
-0.0110668
-0.0109324
-0.0107956
-0.0106566
-0.0105155
-0.0103725
-0.0102276
-0.0100811
-0.00993303
-0.00978355
-0.00963275
-0.00948076
-0.00932766
-0.00917355
-0.00901852
-0.00886265
-0.00870601
-0.00854867
-0.00839069
-0.00823213
-0.00807304
-0.00791348
-0.00775348
-0.00759309
-0.00743234
-0.00727127
-0.00710991
-0.00694829
-0.00678643
-0.00662436
-0.0064621
-0.00629966
-0.00613707
-0.00597433
-0.00581147
-0.0056485
-0.00548543
-0.00532227
-0.00515903
-0.00499571
-0.00483233
-0.00466889
-0.0045054
-0.00434186
-0.00417828
-0.00401466
-0.003851
-0.00368732
-0.0035236
-0.00335986
-0.00319611
-0.00303234
-0.00286854
-0.00270473
-0.00254091
-0.00237708
-0.00221323
-0.00204937
-0.0018855
-0.00172162
-0.00155774
-0.00139383
-0.00122992
-0.00106602
-0.000902155
-0.000738238
-0.000574218
-0.000410186
-0.000246195
-8.21604e-05
-0.0153638
-0.014769
-0.0144393
-0.0142315
-0.0140462
-0.013873
-0.0137161
-0.0135747
-0.0134456
-0.0133264
-0.0132149
-0.0131093
-0.0130079
-0.0129094
-0.0128125
-0.0127162
-0.0126196
-0.0125221
-0.0124231
-0.0123222
-0.0122189
-0.0121131
-0.0120046
-0.0118932
-0.011779
-0.0116619
-0.0115418
-0.011419
-0.0112934
-0.0111652
-0.0110344
-0.0109012
-0.0107657
-0.0106281
-0.0104883
-0.0103467
-0.0102032
-0.0100581
-0.00991136
-0.0097632
-0.00961369
-0.00946294
-0.00931103
-0.00915807
-0.00900412
-0.00884928
-0.00869361
-0.00853719
-0.00838008
-0.00822233
-0.00806401
-0.00790516
-0.00774583
-0.00758605
-0.00742588
-0.00726535
-0.00710449
-0.00694332
-0.00678189
-0.00662021
-0.0064583
-0.0062962
-0.00613391
-0.00597146
-0.00580886
-0.00564613
-0.00548328
-0.00532031
-0.00515725
-0.0049941
-0.00483087
-0.00466757
-0.0045042
-0.00434078
-0.0041773
-0.00401378
-0.00385021
-0.0036866
-0.00352296
-0.00335929
-0.0031956
-0.00303188
-0.00286814
-0.00270438
-0.0025406
-0.00237681
-0.002213
-0.00204918
-0.00188533
-0.00172148
-0.00155762
-0.00139374
-0.00122985
-0.00106596
-0.000902098
-0.000738197
-0.000574197
-0.000410183
-0.000246209
-8.21845e-05
-0.0157464
-0.0151313
-0.0147624
-0.0145068
-0.0142783
-0.0140681
-0.0138789
-0.013709
-0.0135549
-0.0134137
-0.0132831
-0.0131609
-0.0130452
-0.0129344
-0.012827
-0.0127217
-0.0126177
-0.012514
-0.0124098
-0.0123047
-0.0121982
-0.0120899
-0.0119794
-0.0118667
-0.0117516
-0.011634
-0.0115139
-0.0113912
-0.011266
-0.0111384
-0.0110083
-0.010876
-0.0107414
-0.0106047
-0.0104661
-0.0103255
-0.0101831
-0.0100391
-0.00989345
-0.00974635
-0.00959787
-0.00944812
-0.00929718
-0.00914514
-0.00899209
-0.00883809
-0.00868322
-0.00852756
-0.00837116
-0.00821409
-0.0080564
-0.00789814
-0.00773936
-0.00758011
-0.00742042
-0.00726033
-0.00709988
-0.00693911
-0.00677803
-0.00661668
-0.00645508
-0.00629325
-0.00613122
-0.00596901
-0.00580663
-0.00564411
-0.00548144
-0.00531864
-0.00515573
-0.00499272
-0.00482962
-0.00466644
-0.00450318
-0.00433985
-0.00417646
-0.00401302
-0.00384952
-0.00368599
-0.00352241
-0.0033588
-0.00319517
-0.00303149
-0.00286779
-0.00270407
-0.00254033
-0.00237658
-0.0022128
-0.00204901
-0.0018852
-0.00172137
-0.00155752
-0.00139367
-0.00122979
-0.00106591
-0.000902061
-0.000738172
-0.000574186
-0.000410182
-0.00024622
-8.2206e-05
-0.0160538
-0.0154376
-0.0150387
-0.0147419
-0.0144766
-0.0142353
-0.0140191
-0.0138253
-0.0136503
-0.0134908
-0.0133441
-0.013208
-0.0130802
-0.012959
-0.0128426
-0.0127298
-0.0126193
-0.0125102
-0.0124016
-0.0122929
-0.0121834
-0.0120727
-0.0119605
-0.0118466
-0.0117306
-0.0116124
-0.011492
-0.0113693
-0.0112443
-0.011117
-0.0109875
-0.0108558
-0.0107219
-0.010586
-0.0104481
-0.0103084
-0.0101668
-0.0100237
-0.00987888
-0.00973262
-0.00958497
-0.00943601
-0.00928585
-0.00913455
-0.00898221
-0.0088289
-0.00867468
-0.00851963
-0.00836382
-0.00820729
-0.00805012
-0.00789234
-0.00773402
-0.00757519
-0.00741589
-0.00725617
-0.00709607
-0.00693561
-0.00677482
-0.00661374
-0.00645239
-0.00629078
-0.00612896
-0.00596696
-0.00580478
-0.00564243
-0.00547991
-0.00531725
-0.00515447
-0.00499158
-0.00482858
-0.00466549
-0.00450232
-0.00433907
-0.00417575
-0.00401238
-0.00384895
-0.00368548
-0.00352195
-0.00335839
-0.0031948
-0.00303117
-0.00286751
-0.00270382
-0.00254011
-0.00237638
-0.00221264
-0.00204887
-0.00188508
-0.00172128
-0.00155746
-0.00139361
-0.00122974
-0.00106588
-0.000902033
-0.000738154
-0.000574182
-0.000410186
-0.000246231
-8.2225e-05
-0.0162933
-0.0156896
-0.015268
-0.0149364
-0.0146406
-0.014374
-0.0141357
-0.0139225
-0.0137304
-0.0135559
-0.0133962
-0.0132487
-0.013111
-0.0129812
-0.0128575
-0.0127384
-0.0126226
-0.012509
-0.0123967
-0.0122849
-0.0121729
-0.0120603
-0.0119465
-0.0118314
-0.0117146
-0.0115959
-0.0114752
-0.0113524
-0.0112275
-0.0111004
-0.0109712
-0.0108399
-0.0107065
-0.0105712
-0.0104339
-0.0102948
-0.0101539
-0.0100114
-0.00986729
-0.00972168
-0.00957467
-0.00942634
-0.00927679
-0.00912608
-0.0089743
-0.00882152
-0.00866782
-0.00851326
-0.00835791
-0.00820182
-0.00804506
-0.00788767
-0.0077297
-0.00757121
-0.00741223
-0.00725281
-0.00709298
-0.00693278
-0.00677223
-0.00661137
-0.00645021
-0.0062888
-0.00612716
-0.00596531
-0.00580327
-0.00564104
-0.00547865
-0.00531611
-0.00515344
-0.00499064
-0.00482773
-0.00466472
-0.00450163
-0.00433845
-0.00417519
-0.00401187
-0.00384849
-0.00368506
-0.00352158
-0.00335806
-0.0031945
-0.0030309
-0.00286727
-0.00270361
-0.00253993
-0.00237623
-0.0022125
-0.00204876
-0.00188499
-0.00172121
-0.00155741
-0.00139358
-0.00122972
-0.00106586
-0.000902018
-0.000738144
-0.000574176
-0.000410185
-0.000246239
-8.22415e-05
-0.0164734
-0.0158901
-0.0154514
-0.0150914
-0.0147712
-0.0144845
-0.0142289
-0.0140004
-0.0137948
-0.0136086
-0.0134386
-0.0132821
-0.0131366
-0.013
-0.0128705
-0.0127464
-0.0126264
-0.0125092
-0.0123939
-0.0122796
-0.0121656
-0.0120513
-0.0119363
-0.0118202
-0.0117026
-0.0115835
-0.0114625
-0.0113396
-0.0112147
-0.0110878
-0.0109588
-0.0108278
-0.0106948
-0.0105598
-0.010423
-0.0102844
-0.010144
-0.0100019
-0.00985832
-0.00971321
-0.00956669
-0.00941884
-0.00926975
-0.00911949
-0.00896815
-0.00881579
-0.00866248
-0.0085083
-0.0083533
-0.00819755
-0.00804111
-0.00788402
-0.00772634
-0.00756811
-0.00740937
-0.00725018
-0.00709056
-0.00693056
-0.00677019
-0.0066095
-0.00644851
-0.00628725
-0.00612575
-0.00596402
-0.00580208
-0.00563996
-0.00547767
-0.00531522
-0.00515262
-0.0049899
-0.00482706
-0.00466412
-0.00450108
-0.00433796
-0.00417475
-0.00401146
-0.00384812
-0.00368474
-0.00352129
-0.0033578
-0.00319427
-0.00303069
-0.00286709
-0.00270345
-0.00253979
-0.00237611
-0.0022124
-0.00204868
-0.00188493
-0.00172116
-0.00155737
-0.00139355
-0.0012297
-0.00106584
-0.000902004
-0.000738134
-0.000574182
-0.000410198
-0.000246247
-8.2254e-05
-0.0166025
-0.0160425
-0.0155911
-0.015209
-0.0148703
-0.0145684
-0.0142997
-0.0140597
-0.013844
-0.0136489
-0.0134712
-0.0133079
-0.0131566
-0.0130149
-0.012881
-0.0127531
-0.0126298
-0.0125099
-0.0123923
-0.0122761
-0.0121606
-0.012045
-0.011929
-0.0118122
-0.0116941
-0.0115745
-0.0114533
-0.0113302
-0.0112053
-0.0110785
-0.0109496
-0.0108189
-0.0106861
-0.0105515
-0.0104149
-0.0102766
-0.0101366
-0.00999493
-0.00985167
-0.00970692
-0.00956076
-0.00941326
-0.00926451
-0.00911459
-0.00896356
-0.00881151
-0.0086585
-0.0085046
-0.00834987
-0.00819437
-0.00803816
-0.00788129
-0.00772382
-0.00756578
-0.00740723
-0.00724821
-0.00708875
-0.0069289
-0.00676867
-0.00660811
-0.00644724
-0.00628609
-0.00612468
-0.00596304
-0.0058012
-0.00563915
-0.00547693
-0.00531454
-0.00515201
-0.00498935
-0.00482656
-0.00466367
-0.00450067
-0.00433758
-0.00417441
-0.00401116
-0.00384785
-0.00368449
-0.00352107
-0.0033576
-0.00319409
-0.00303054
-0.00286695
-0.00270334
-0.00253969
-0.00237602
-0.00221232
-0.00204861
-0.00188489
-0.00172114
-0.00155735
-0.00139353
-0.00122969
-0.00106584
-0.000902004
-0.000738132
-0.000574181
-0.000410198
-0.00024625
-8.22644e-05
-0.0166889
-0.0161506
-0.01569
-0.0152919
-0.0149401
-0.0146276
-0.0143497
-0.0141016
-0.0138788
-0.0136775
-0.0134944
-0.0133264
-0.0131709
-0.0130256
-0.0128886
-0.0127581
-0.0126326
-0.0125107
-0.0123915
-0.0122739
-0.0121573
-0.0120409
-0.0119241
-0.0118067
-0.0116882
-0.0115684
-0.0114469
-0.0113238
-0.0111989
-0.0110721
-0.0109433
-0.0108127
-0.0106801
-0.0105456
-0.0104094
-0.0102713
-0.0101315
-0.00999006
-0.00984705
-0.00970255
-0.00955663
-0.00940938
-0.00926087
-0.00911117
-0.00896037
-0.00880853
-0.00865572
-0.00850201
-0.00834747
-0.00819214
-0.0080361
-0.00787939
-0.00772206
-0.00756416
-0.00740574
-0.00724684
-0.00708749
-0.00692773
-0.0067676
-0.00660713
-0.00644635
-0.00628527
-0.00612394
-0.00596237
-0.00580058
-0.00563859
-0.00547641
-0.00531408
-0.00515159
-0.00498897
-0.00482621
-0.00466335
-0.00450039
-0.00433733
-0.00417417
-0.00401095
-0.00384766
-0.00368432
-0.00352092
-0.00335747
-0.00319397
-0.00303044
-0.00286686
-0.00270325
-0.00253962
-0.00237596
-0.00221227
-0.00204858
-0.00188487
-0.00172112
-0.00155734
-0.00139353
-0.0012297
-0.00106586
-0.000902008
-0.000738134
-0.000574193
-0.000410206
-0.000246239
-8.22632e-05
-0.01674
-0.0162183
-0.0157517
-0.0153434
-0.0149834
-0.0146644
-0.0143808
-0.0141276
-0.0139004
-0.0136953
-0.0135088
-0.0133379
-0.0131799
-0.0130324
-0.0128935
-0.0127613
-0.0126343
-0.0125113
-0.0123911
-0.0122727
-0.0121553
-0.0120383
-0.0119212
-0.0118034
-0.0116846
-0.0115646
-0.0114431
-0.0113199
-0.0111949
-0.0110681
-0.0109395
-0.0108089
-0.0106764
-0.0105421
-0.0104059
-0.010268
-0.0101283
-0.00998705
-0.0098442
-0.00969985
-0.00955409
-0.00940698
-0.00925862
-0.00910906
-0.0089584
-0.00880669
-0.00865401
-0.00850042
-0.00834598
-0.00819076
-0.00803482
-0.00787821
-0.00772097
-0.00756316
-0.00740481
-0.00724598
-0.00708671
-0.00692702
-0.00676695
-0.00660653
-0.0064458
-0.00628477
-0.00612348
-0.00596195
-0.00580019
-0.00563824
-0.0054761
-0.00531379
-0.00515133
-0.00498873
-0.004826
-0.00466315
-0.00450021
-0.00433716
-0.00417403
-0.00401083
-0.00384755
-0.00368421
-0.00352083
-0.00335739
-0.0031939
-0.00303037
-0.0028668
-0.0027032
-0.00253959
-0.00237593
-0.00221224
-0.00204855
-0.00188485
-0.00172113
-0.00155735
-0.00139353
-0.0012297
-0.00106587
-0.000902013
-0.000738121
-0.000574177
-0.000410201
-0.000246247
-8.22764e-05
-0.0167625
-0.0162497
-0.01578
-0.0153669
-0.0150032
-0.0146812
-0.014395
-0.0141395
-0.0139103
-0.0137034
-0.0135154
-0.0133431
-0.0131839
-0.0130355
-0.0128956
-0.0127627
-0.0126351
-0.0125115
-0.0123908
-0.012272
-0.0121544
-0.0120371
-0.0119198
-0.0118018
-0.011683
-0.0115628
-0.0114413
-0.0113181
-0.0111931
-0.0110663
-0.0109377
-0.0108071
-0.0106747
-0.0105404
-0.0104043
-0.0102665
-0.0101269
-0.00998566
-0.00984288
-0.00969861
-0.00955291
-0.00940588
-0.00925758
-0.00910809
-0.00895749
-0.00880584
-0.00865322
-0.00849968
-0.0083453
-0.00819013
-0.00803424
-0.00787767
-0.00772047
-0.00756269
-0.00740439
-0.00724559
-0.00708635
-0.00692669
-0.00676665
-0.00660626
-0.00644554
-0.00628454
-0.00612327
-0.00596176
-0.00580002
-0.00563808
-0.00547595
-0.00531366
-0.00515121
-0.00498862
-0.0048259
-0.00466307
-0.00450013
-0.00433709
-0.00417397
-0.00401077
-0.0038475
-0.00368417
-0.00352079
-0.00335736
-0.00319388
-0.00303035
-0.00286678
-0.00270318
-0.00253957
-0.00237592
-0.00221224
-0.00204855
-0.00188484
-0.0017211
-0.00155733
-0.00139354
-0.00122973
-0.0010659
-0.000902051
-0.000738146
-0.000574192
-0.000410202
-0.000246231
-8.22712e-05
-0.0167629
-0.01625
-0.0157803
-0.0153672
-0.0150035
-0.0146815
-0.0143953
-0.0141398
-0.0139106
-0.0137037
-0.0135156
-0.0133433
-0.0131841
-0.0130356
-0.0128958
-0.0127629
-0.0126353
-0.0125117
-0.012391
-0.0122722
-0.0121545
-0.0120373
-0.0119199
-0.0118019
-0.0116831
-0.0115629
-0.0114413
-0.0113181
-0.0111932
-0.0110664
-0.0109377
-0.0108072
-0.0106748
-0.0105405
-0.0104044
-0.0102665
-0.0101269
-0.00998571
-0.00984292
-0.00969865
-0.00955295
-0.00940592
-0.00925762
-0.00910812
-0.00895752
-0.00880587
-0.00865324
-0.00849971
-0.00834533
-0.00819015
-0.00803426
-0.00787769
-0.00772049
-0.00756271
-0.0074044
-0.00724561
-0.00708636
-0.0069267
-0.00676666
-0.00660627
-0.00644555
-0.00628455
-0.00612328
-0.00596176
-0.00580003
-0.00563808
-0.00547596
-0.00531367
-0.00515122
-0.00498863
-0.00482591
-0.00466307
-0.00450013
-0.0043371
-0.00417398
-0.00401077
-0.0038475
-0.00368418
-0.0035208
-0.00335737
-0.00319388
-0.00303036
-0.00286679
-0.0027032
-0.00253957
-0.00237592
-0.00221224
-0.00204855
-0.00188483
-0.00172109
-0.00155733
-0.00139355
-0.00122974
-0.00106592
-0.000902071
-0.000738167
-0.000574202
-0.000410205
-0.000246239
-8.22754e-05
-0.0167411
-0.0162193
-0.0157526
-0.0153442
-0.0149843
-0.0146652
-0.0143815
-0.0141283
-0.0139011
-0.013696
-0.0135094
-0.0133385
-0.0131804
-0.0130329
-0.012894
-0.0127618
-0.0126348
-0.0125117
-0.0123915
-0.012273
-0.0121557
-0.0120387
-0.0119215
-0.0118037
-0.0116849
-0.0115649
-0.0114433
-0.0113201
-0.0111952
-0.0110684
-0.0109397
-0.0108091
-0.0106766
-0.0105422
-0.0104061
-0.0102681
-0.0101285
-0.00998719
-0.00984432
-0.00969997
-0.0095542
-0.00940709
-0.00925872
-0.00910916
-0.00895848
-0.00880677
-0.00865408
-0.00850049
-0.00834606
-0.00819083
-0.00803488
-0.00787826
-0.00772102
-0.0075632
-0.00740486
-0.00724603
-0.00708675
-0.00692705
-0.00676698
-0.00660656
-0.00644583
-0.0062848
-0.00612351
-0.00596197
-0.00580022
-0.00563826
-0.00547612
-0.00531381
-0.00515136
-0.00498875
-0.00482602
-0.00466317
-0.00450022
-0.00433718
-0.00417405
-0.00401084
-0.00384757
-0.00368424
-0.00352085
-0.00335741
-0.00319393
-0.0030304
-0.00286683
-0.00270323
-0.0025396
-0.00237594
-0.00221226
-0.00204857
-0.00188485
-0.00172111
-0.00155735
-0.00139357
-0.00122974
-0.00106592
-0.000902073
-0.000738188
-0.000574237
-0.00041023
-0.00024624
-8.2263e-05
-0.0166906
-0.0161522
-0.0156915
-0.0152933
-0.0149414
-0.014629
-0.014351
-0.0141027
-0.0138799
-0.0136786
-0.0134954
-0.0133273
-0.0131718
-0.0130265
-0.0128894
-0.0127589
-0.0126333
-0.0125114
-0.0123922
-0.0122746
-0.0121579
-0.0120414
-0.0119247
-0.0118072
-0.0116887
-0.0115688
-0.0114474
-0.0113242
-0.0111993
-0.0110724
-0.0109437
-0.010813
-0.0106804
-0.0105459
-0.0104096
-0.0102715
-0.0101317
-0.00999028
-0.00984726
-0.00970275
-0.00955682
-0.00940955
-0.00926103
-0.00911133
-0.00896051
-0.00880866
-0.00865585
-0.00850214
-0.00834758
-0.00819225
-0.00803619
-0.00787947
-0.00772214
-0.00756424
-0.00740581
-0.00724691
-0.00708756
-0.0069278
-0.00676766
-0.00660719
-0.0064464
-0.00628532
-0.00612399
-0.00596241
-0.00580062
-0.00563862
-0.00547645
-0.00531412
-0.00515163
-0.00498901
-0.00482625
-0.00466338
-0.00450041
-0.00433735
-0.00417421
-0.00401098
-0.0038477
-0.00368435
-0.00352096
-0.00335751
-0.00319401
-0.00303048
-0.0028669
-0.00270329
-0.00253965
-0.00237598
-0.0022123
-0.00204861
-0.00188489
-0.00172113
-0.00155736
-0.00139358
-0.00122976
-0.00106593
-0.000902084
-0.000738205
-0.000574258
-0.000410248
-0.000246247
-8.22543e-05
-0.0166048
-0.0160447
-0.0155931
-0.0152109
-0.0148721
-0.0145702
-0.0143014
-0.0140613
-0.0138455
-0.0136503
-0.0134725
-0.0133092
-0.0131578
-0.0130161
-0.0128821
-0.0127541
-0.0126308
-0.0125109
-0.0123932
-0.0122769
-0.0121614
-0.0120458
-0.0119297
-0.0118128
-0.0116947
-0.0115751
-0.0114538
-0.0113308
-0.0112058
-0.011079
-0.0109501
-0.0108193
-0.0106865
-0.0105518
-0.0104153
-0.010277
-0.0101369
-0.00999523
-0.00985195
-0.00970719
-0.00956101
-0.0094135
-0.00926473
-0.0091148
-0.00896376
-0.00881169
-0.00865867
-0.00850476
-0.00835002
-0.00819451
-0.00803829
-0.00788141
-0.00772392
-0.00756588
-0.00740734
-0.00724831
-0.00708885
-0.00692898
-0.00676875
-0.00660818
-0.00644731
-0.00628616
-0.00612475
-0.00596311
-0.00580126
-0.00563921
-0.00547699
-0.0053146
-0.00515207
-0.0049894
-0.00482661
-0.00466371
-0.00450071
-0.00433762
-0.00417445
-0.00401121
-0.0038479
-0.00368454
-0.00352112
-0.00335765
-0.00319415
-0.0030306
-0.00286701
-0.00270339
-0.00253974
-0.00237607
-0.00221237
-0.00204866
-0.00188493
-0.00172117
-0.0015574
-0.0013936
-0.00122978
-0.00106593
-0.000902086
-0.000738212
-0.000574268
-0.000410256
-0.000246249
-8.22451e-05
-0.0164763
-0.0158928
-0.0154539
-0.0150939
-0.0147736
-0.0144867
-0.014231
-0.0140024
-0.0137967
-0.0136103
-0.0134403
-0.0132837
-0.0131381
-0.0130015
-0.0128719
-0.0127477
-0.0126276
-0.0125103
-0.012395
-0.0122806
-0.0121665
-0.0120522
-0.0119372
-0.011821
-0.0117034
-0.0115842
-0.0114632
-0.0113402
-0.0112153
-0.0110883
-0.0109593
-0.0108283
-0.0106953
-0.0105603
-0.0104235
-0.0102848
-0.0101444
-0.0100023
-0.00985867
-0.00971354
-0.00956699
-0.00941913
-0.00927002
-0.00911975
-0.00896839
-0.00881601
-0.00866269
-0.0085085
-0.00835349
-0.00819773
-0.00804128
-0.00788417
-0.00772647
-0.00756823
-0.0074095
-0.00725031
-0.00709069
-0.00693067
-0.0067703
-0.0066096
-0.00644861
-0.00628735
-0.00612583
-0.00596409
-0.00580216
-0.00564003
-0.00547774
-0.00531529
-0.00515269
-0.00498996
-0.00482712
-0.00466418
-0.00450114
-0.00433801
-0.0041748
-0.00401152
-0.00384819
-0.00368479
-0.00352135
-0.00335786
-0.00319434
-0.00303077
-0.00286716
-0.00270353
-0.00253987
-0.00237618
-0.00221247
-0.00204875
-0.001885
-0.00172124
-0.00155745
-0.00139363
-0.00122979
-0.00106594
-0.00090209
-0.000738219
-0.000574272
-0.000410258
-0.000246248
-8.22352e-05
-0.0162967
-0.0156928
-0.015271
-0.0149393
-0.0146434
-0.0143765
-0.0141382
-0.0139248
-0.0137325
-0.013558
-0.0133982
-0.0132506
-0.0131128
-0.0129829
-0.0128591
-0.0127399
-0.012624
-0.0125104
-0.012398
-0.0122861
-0.012174
-0.0120613
-0.0119476
-0.0118323
-0.0117155
-0.0115967
-0.011476
-0.0113532
-0.0112282
-0.0111011
-0.0109719
-0.0108405
-0.0107071
-0.0105717
-0.0104344
-0.0102953
-0.0101544
-0.0100118
-0.00986769
-0.00972206
-0.00957503
-0.00942668
-0.0092771
-0.00912638
-0.00897458
-0.00882179
-0.00866807
-0.0085135
-0.00835813
-0.00820203
-0.00804525
-0.00788785
-0.00772988
-0.00757138
-0.00741239
-0.00725296
-0.00709312
-0.0069329
-0.00677235
-0.00661149
-0.00645033
-0.00628892
-0.00612727
-0.00596541
-0.00580336
-0.00564113
-0.00547873
-0.00531619
-0.00515352
-0.00499072
-0.00482781
-0.0046648
-0.0045017
-0.00433852
-0.00417526
-0.00401194
-0.00384857
-0.00368514
-0.00352166
-0.00335814
-0.00319458
-0.00303099
-0.00286736
-0.0027037
-0.00254002
-0.00237632
-0.0022126
-0.00204885
-0.00188509
-0.00172131
-0.00155751
-0.00139368
-0.00122982
-0.00106595
-0.000902109
-0.000738229
-0.000574256
-0.000410242
-0.000246255
-8.22347e-05
-0.0160576
-0.0154412
-0.0150421
-0.0147452
-0.0144797
-0.0142382
-0.0140219
-0.013828
-0.0136527
-0.0134931
-0.0133464
-0.0132101
-0.0130822
-0.0129609
-0.0128444
-0.0127315
-0.0126209
-0.0125117
-0.0124031
-0.0122942
-0.0121847
-0.012074
-0.0119617
-0.0118477
-0.0117316
-0.0116134
-0.0114929
-0.0113702
-0.0112452
-0.0111178
-0.0109882
-0.0108565
-0.0107226
-0.0105866
-0.0104487
-0.0103089
-0.0101674
-0.0100241
-0.00987934
-0.00973305
-0.00958537
-0.00943639
-0.00928621
-0.00913489
-0.00898253
-0.00882919
-0.00867496
-0.0085199
-0.00836407
-0.00820753
-0.00805034
-0.00789255
-0.00773421
-0.00757537
-0.00741607
-0.00725634
-0.00709622
-0.00693576
-0.00677497
-0.00661388
-0.00645252
-0.00629092
-0.0061291
-0.00596708
-0.00580488
-0.00564252
-0.00548
-0.00531734
-0.00515456
-0.00499166
-0.00482867
-0.00466558
-0.00450241
-0.00433916
-0.00417585
-0.00401248
-0.00384905
-0.00368557
-0.00352205
-0.00335849
-0.00319489
-0.00303126
-0.00286761
-0.00270393
-0.00254022
-0.00237649
-0.00221275
-0.00204898
-0.0018852
-0.0017214
-0.00155758
-0.00139373
-0.00122986
-0.00106599
-0.000902136
-0.000738251
-0.000574276
-0.000410247
-0.000246235
-8.22092e-05
-0.0157506
-0.0151353
-0.0147662
-0.0145104
-0.0142817
-0.0140713
-0.013882
-0.0137119
-0.0135576
-0.0134163
-0.0132856
-0.0131633
-0.0130475
-0.0129365
-0.0128289
-0.0127236
-0.0126195
-0.0125157
-0.0124114
-0.0123063
-0.0121996
-0.0120912
-0.0119807
-0.0118679
-0.0117528
-0.0116351
-0.0115149
-0.0113922
-0.0112669
-0.0111392
-0.0110091
-0.0108767
-0.0107421
-0.0106054
-0.0104667
-0.0103261
-0.0101837
-0.0100396
-0.00989395
-0.00974682
-0.00959832
-0.00944854
-0.00929758
-0.00914551
-0.00899243
-0.00883842
-0.00868353
-0.00852785
-0.00837144
-0.00821435
-0.00805664
-0.00789837
-0.00773958
-0.00758031
-0.00742061
-0.00726051
-0.00710006
-0.00693927
-0.00677819
-0.00661683
-0.00645522
-0.00629339
-0.00613135
-0.00596914
-0.00580675
-0.00564422
-0.00548155
-0.00531876
-0.00515585
-0.00499283
-0.00482973
-0.00466654
-0.00450328
-0.00433996
-0.00417657
-0.00401312
-0.00384963
-0.00368609
-0.00352252
-0.00335891
-0.00319527
-0.0030316
-0.00286791
-0.00270419
-0.00254046
-0.0023767
-0.00221293
-0.00204913
-0.00188532
-0.0017215
-0.00155767
-0.00139381
-0.00122991
-0.00106603
-0.00090217
-0.000738267
-0.000574261
-0.000410228
-0.000246233
-8.22018e-05
-0.0153684
-0.0147735
-0.0144435
-0.0142355
-0.0140499
-0.0138765
-0.0137195
-0.0135778
-0.0134486
-0.0133293
-0.0132176
-0.0131119
-0.0130104
-0.0129117
-0.0128147
-0.0127182
-0.0126216
-0.012524
-0.0124249
-0.0123238
-0.0122205
-0.0121146
-0.012006
-0.0118945
-0.0117802
-0.011663
-0.011543
-0.0114201
-0.0112944
-0.0111661
-0.0110353
-0.0109021
-0.0107665
-0.0106288
-0.010489
-0.0103473
-0.0102038
-0.0100587
-0.00991191
-0.00976372
-0.00961418
-0.00946339
-0.00931146
-0.00915847
-0.0090045
-0.00884964
-0.00869395
-0.00853751
-0.00838038
-0.00822261
-0.00806427
-0.00790541
-0.00774606
-0.00758627
-0.00742609
-0.00726555
-0.00710467
-0.0069435
-0.00678206
-0.00662037
-0.00645846
-0.00629635
-0.00613405
-0.0059716
-0.005809
-0.00564626
-0.00548341
-0.00532044
-0.00515737
-0.00499422
-0.00483099
-0.00466769
-0.00450432
-0.0043409
-0.00417742
-0.00401389
-0.00385032
-0.00368671
-0.00352308
-0.00335941
-0.00319571
-0.00303199
-0.00286826
-0.00270451
-0.00254074
-0.00237694
-0.00221314
-0.00204931
-0.00188548
-0.00172163
-0.00155777
-0.00139389
-0.00122998
-0.00106608
-0.000902207
-0.000738291
-0.00057427
-0.000410226
-0.000246224
-8.2184e-05
-0.0149054
-0.0143553
-0.0140761
-0.0139225
-0.0137866
-0.0136563
-0.0135371
-0.0134287
-0.0133287
-0.0132349
-0.0131455
-0.0130589
-0.0129739
-0.0128894
-0.0128044
-0.0127181
-0.0126298
-0.0125392
-0.0124457
-0.0123491
-0.0122493
-0.012146
-0.0120393
-0.0119292
-0.0118156
-0.0116986
-0.0115784
-0.0114551
-0.0113288
-0.0111996
-0.0110677
-0.0109333
-0.0107965
-0.0106574
-0.0105163
-0.0103732
-0.0102283
-0.0100817
-0.00993362
-0.0097841
-0.00963327
-0.00948124
-0.00932812
-0.00917398
-0.00901893
-0.00886303
-0.00870637
-0.008549
-0.008391
-0.00823243
-0.00807332
-0.00791374
-0.00775373
-0.00759332
-0.00743256
-0.00727148
-0.00711011
-0.00694848
-0.00678661
-0.00662453
-0.00646226
-0.00629982
-0.00613722
-0.00597448
-0.00581162
-0.00564864
-0.00548557
-0.00532241
-0.00515916
-0.00499584
-0.00483246
-0.00466902
-0.00450553
-0.00434199
-0.00417841
-0.00401478
-0.00385112
-0.00368744
-0.00352372
-0.00335999
-0.00319623
-0.00303246
-0.00286867
-0.00270487
-0.00254106
-0.00237722
-0.00221338
-0.00204953
-0.00188566
-0.00172178
-0.00155789
-0.00139398
-0.00123006
-0.00106614
-0.000902257
-0.000738326
-0.00057429
-0.000410231
-0.000246209
-8.21587e-05
-0.014358
-0.0138824
-0.0136684
-0.0135764
-0.0134966
-0.0134157
-0.0133399
-0.0132696
-0.013203
-0.0131382
-0.013074
-0.0130091
-0.0129427
-0.012874
-0.0128022
-0.012727
-0.0126479
-0.0125647
-0.0124771
-0.0123852
-0.0122888
-0.0121881
-0.0120831
-0.0119739
-0.0118607
-0.0117437
-0.011623
-0.0114988
-0.0113713
-0.0112408
-0.0111074
-0.0109714
-0.0108329
-0.010692
-0.0105491
-0.0104042
-0.0102576
-0.0101093
-0.0099595
-0.00980833
-0.00965592
-0.00950237
-0.00934779
-0.00919227
-0.0090359
-0.00887876
-0.00872093
-0.00856246
-0.00840343
-0.00824388
-0.00808387
-0.00792344
-0.00776264
-0.0076015
-0.00744006
-0.00727835
-0.0071164
-0.00695423
-0.00679187
-0.00662933
-0.00646664
-0.00630381
-0.00614085
-0.00597779
-0.00581463
-0.00565138
-0.00548805
-0.00532466
-0.0051612
-0.00499769
-0.00483413
-0.00467054
-0.0045069
-0.00434323
-0.00417952
-0.00401579
-0.00385203
-0.00368825
-0.00352446
-0.00336065
-0.00319682
-0.00303299
-0.00286914
-0.00270528
-0.00254141
-0.00237754
-0.00221367
-0.00204978
-0.00188587
-0.00172195
-0.00155803
-0.0013941
-0.00123016
-0.00106622
-0.000902308
-0.000738362
-0.000574313
-0.00041024
-0.000246199
-8.21347e-05
-0.013726
-0.0133594
-0.0132282
-0.0132058
-0.0131883
-0.0131629
-0.0131359
-0.0131084
-0.013079
-0.0130465
-0.0130101
-0.0129691
-0.0129229
-0.0128712
-0.0128137
-0.0127501
-0.0126805
-0.0126048
-0.0125232
-0.0124357
-0.0123425
-0.0122439
-0.0121401
-0.0120313
-0.011918
-0.0118002
-0.0116783
-0.0115527
-0.0114235
-0.011291
-0.0111555
-0.0110173
-0.0108765
-0.0107334
-0.0105882
-0.0104411
-0.0102923
-0.0101418
-0.00998992
-0.00983674
-0.0096824
-0.00952701
-0.00937068
-0.0092135
-0.00905556
-0.00889694
-0.00873772
-0.00857795
-0.0084177
-0.00825702
-0.00809595
-0.00793453
-0.00777282
-0.00761083
-0.0074486
-0.00728616
-0.00712353
-0.00696074
-0.00679781
-0.00663474
-0.00647157
-0.0063083
-0.00614494
-0.0059815
-0.005818
-0.00565444
-0.00549083
-0.00532717
-0.00516348
-0.00499976
-0.004836
-0.00467223
-0.00450842
-0.0043446
-0.00418077
-0.00401691
-0.00385304
-0.00368916
-0.00352527
-0.00336137
-0.00319747
-0.00303357
-0.00286966
-0.00270574
-0.0025418
-0.00237789
-0.00221398
-0.00205005
-0.00188609
-0.00172214
-0.00155819
-0.00139424
-0.00123027
-0.00106631
-0.000902384
-0.000738422
-0.000574362
-0.000410262
-0.000246178
-8.21001e-05
-0.0130152
-0.0127982
-0.0127713
-0.012826
-0.0128761
-0.0129114
-0.0129378
-0.0129567
-0.0129676
-0.0129699
-0.0129632
-0.0129474
-0.0129225
-0.0128884
-0.0128454
-0.0127935
-0.0127332
-0.0126647
-0.0125884
-0.0125046
-0.0124139
-0.0123166
-0.0122131
-0.0121039
-0.0119895
-0.0118701
-0.0117462
-0.0116182
-0.0114865
-0.0113513
-0.011213
-0.0110718
-0.0109282
-0.0107822
-0.0106341
-0.0104841
-0.0103325
-0.0101794
-0.010025
-0.00986943
-0.00971277
-0.00955519
-0.00939678
-0.00923764
-0.00907787
-0.00891752
-0.00875668
-0.00859541
-0.00843375
-0.00827176
-0.00810948
-0.00794694
-0.00778417
-0.00762121
-0.00745809
-0.00729482
-0.00713144
-0.00696795
-0.00680437
-0.00664071
-0.006477
-0.00631323
-0.00614942
-0.00598557
-0.00582169
-0.00565778
-0.00549386
-0.00532992
-0.00516596
-0.005002
-0.00483803
-0.00467406
-0.00451008
-0.00434609
-0.00418211
-0.00401812
-0.00385413
-0.00369014
-0.00352614
-0.00336215
-0.00319817
-0.00303419
-0.00287021
-0.00270623
-0.00254225
-0.00237828
-0.0022143
-0.00205032
-0.00188634
-0.00172236
-0.00155838
-0.00139438
-0.00123038
-0.0010664
-0.000902457
-0.00073847
-0.000574389
-0.00041027
-0.000246166
-8.20766e-05
-0.0122228
-0.012212
-0.0123138
-0.0124541
-0.0125782
-0.0126803
-0.0127651
-0.0128345
-0.0128886
-0.0129278
-0.0129522
-0.0129624
-0.0129588
-0.0129421
-0.0129128
-0.0128717
-0.0128194
-0.0127567
-0.0126841
-0.0126026
-0.0125126
-0.0124149
-0.0123101
-0.0121989
-0.0120818
-0.0119593
-0.0118319
-0.0117002
-0.0115646
-0.0114254
-0.0112831
-0.011138
-0.0109904
-0.0108405
-0.0106887
-0.0105351
-0.01038
-0.0102236
-0.010066
-0.00990744
-0.00974795
-0.00958769
-0.00942677
-0.00926528
-0.0091033
-0.00894089
-0.00877814
-0.00861507
-0.00845175
-0.00828818
-0.0081244
-0.00796058
-0.00779665
-0.00763262
-0.0074685
-0.00730431
-0.00714008
-0.00697581
-0.00681152
-0.00664721
-0.00648289
-0.00631858
-0.00615427
-0.00598996
-0.00582566
-0.00566138
-0.00549711
-0.00533286
-0.00516862
-0.0050044
-0.0048402
-0.00467601
-0.00451183
-0.00434768
-0.00418353
-0.0040194
-0.00385528
-0.00369116
-0.00352706
-0.00336297
-0.0031989
-0.00303484
-0.00287079
-0.00270675
-0.00254271
-0.00237868
-0.00221466
-0.00205063
-0.0018866
-0.00172258
-0.00155857
-0.00139455
-0.00123051
-0.00106651
-0.000902531
-0.000738514
-0.000574405
-0.000410272
-0.000246161
-8.20618e-05
-0.0113657
-0.0116191
-0.0118505
-0.0120812
-0.0122903
-0.0124715
-0.0126262
-0.0127559
-0.0128617
-0.0129444
-0.013005
-0.0130447
-0.0130648
-0.0130665
-0.0130512
-0.0130202
-0.0129746
-0.0129157
-0.0128447
-0.0127627
-0.0126707
-0.0125697
-0.0124606
-0.0123442
-0.0122213
-0.0120927
-0.011959
-0.0118207
-0.0116784
-0.0115326
-0.0113838
-0.0112323
-0.0110785
-0.0109227
-0.0107652
-0.0106062
-0.0104459
-0.0102846
-0.0101224
-0.00995945
-0.00979588
-0.00963181
-0.00946734
-0.00930254
-0.00913749
-0.00897224
-0.00880686
-0.00864138
-0.00847584
-0.00831029
-0.00814476
-0.00797912
-0.00781348
-0.00764787
-0.00748233
-0.00731686
-0.00715145
-0.00698611
-0.00682084
-0.00665565
-0.00649053
-0.00632548
-0.00616051
-0.0059956
-0.00583075
-0.00566597
-0.00550126
-0.0053366
-0.00517199
-0.00500743
-0.00484293
-0.00467846
-0.00451404
-0.00434966
-0.00418531
-0.004021
-0.00385671
-0.00369244
-0.00352821
-0.00336399
-0.00319981
-0.00303565
-0.00287152
-0.0027074
-0.00254329
-0.00237918
-0.00221508
-0.002051
-0.00188694
-0.00172288
-0.0015588
-0.00139472
-0.00123068
-0.00106667
-0.000902647
-0.000738567
-0.000574426
-0.000410278
-0.000246156
-8.20501e-05
)
;

boundaryField
{
    inlet
    {
        type            calculated;
        value           nonuniform List<scalar> 
30
(
-0.00709472
-0.00520641
-0.00309506
-0.000932542
0.00119038
0.00319442
0.00503051
0.00666898
0.00809137
0.00928774
0.0102558
0.0110001
0.0115319
0.0118674
0.0120218
0.0120221
0.0118684
0.0115337
0.0110026
0.0102589
0.00929155
0.0080958
0.006674
0.00503608
0.00320048
0.00119686
-0.000925717
-0.00308796
-0.00519911
-0.00708728
)
;
    }
    outlet
    {
        type            calculated;
        value           uniform 0;
    }
    top
    {
        type            calculated;
        value           nonuniform List<scalar> 
135
(
-0.00708728
-0.00712041
-0.00718467
-0.00737862
-0.00828389
-0.0136347
-0.0131751
-0.0119599
-0.0110837
-0.0104633
-0.00997277
-0.00958309
-0.00927458
-0.0090213
-0.00882125
-0.00866535
-0.00851318
-0.0083786
-0.00826221
-0.00816666
-0.00809829
-0.00806441
-0.00807004
-0.00812007
-0.00821852
-0.00836295
-0.0084991
-0.0086651
-0.00884881
-0.00903685
-0.00922143
-0.00939577
-0.00953937
-0.00964168
-0.00989728
-0.0113657
-0.0116191
-0.0118505
-0.0120812
-0.0122903
-0.0124715
-0.0126262
-0.0127559
-0.0128617
-0.0129444
-0.013005
-0.0130447
-0.0130648
-0.0130665
-0.0130512
-0.0130202
-0.0129746
-0.0129157
-0.0128447
-0.0127627
-0.0126707
-0.0125697
-0.0124606
-0.0123442
-0.0122213
-0.0120927
-0.011959
-0.0118207
-0.0116784
-0.0115326
-0.0113838
-0.0112323
-0.0110785
-0.0109227
-0.0107652
-0.0106062
-0.0104459
-0.0102846
-0.0101224
-0.00995945
-0.00979588
-0.00963181
-0.00946734
-0.00930254
-0.00913749
-0.00897224
-0.00880686
-0.00864138
-0.00847584
-0.00831029
-0.00814476
-0.00797912
-0.00781348
-0.00764787
-0.00748233
-0.00731686
-0.00715145
-0.00698611
-0.00682084
-0.00665565
-0.00649053
-0.00632548
-0.00616051
-0.0059956
-0.00583075
-0.00566597
-0.00550126
-0.0053366
-0.00517199
-0.00500743
-0.00484293
-0.00467846
-0.00451404
-0.00434966
-0.00418531
-0.004021
-0.00385671
-0.00369244
-0.00352821
-0.00336399
-0.00319981
-0.00303565
-0.00287152
-0.0027074
-0.00254329
-0.00237918
-0.00221508
-0.002051
-0.00188694
-0.00172288
-0.0015588
-0.00139472
-0.00123068
-0.00106667
-0.000902647
-0.000738567
-0.000574426
-0.000410278
-0.000246156
-8.20501e-05
)
;
    }
    bottom
    {
        type            calculated;
        value           nonuniform List<scalar> 
135
(
-0.00709472
-0.00712788
-0.00719217
-0.00738611
-0.00829134
-0.013643
-0.0131836
-0.0119683
-0.0110919
-0.0104714
-0.00998071
-0.0095907
-0.00928146
-0.00902736
-0.00882646
-0.00866971
-0.00851662
-0.00838106
-0.00826362
-0.00816698
-0.00809753
-0.0080626
-0.00806725
-0.00811642
-0.0082141
-0.00835796
-0.00849352
-0.00865908
-0.00884254
-0.00903065
-0.00921544
-0.00938994
-0.00953365
-0.00963585
-0.00989082
-0.0113602
-0.0116137
-0.0118454
-0.0120764
-0.0122858
-0.0124672
-0.0126221
-0.0127521
-0.012858
-0.0129409
-0.0130017
-0.0130416
-0.0130618
-0.0130637
-0.0130486
-0.0130177
-0.0129722
-0.0129135
-0.0128426
-0.0127607
-0.0126688
-0.0125679
-0.0124589
-0.0123426
-0.0122198
-0.0120913
-0.0119576
-0.0118194
-0.0116772
-0.0115315
-0.0113827
-0.0112313
-0.0110775
-0.0109218
-0.0107643
-0.0106054
-0.0104452
-0.0102839
-0.0101217
-0.00995882
-0.0097953
-0.00963126
-0.00946682
-0.00930206
-0.00913703
-0.00897182
-0.00880646
-0.00864101
-0.0084755
-0.00830998
-0.00814448
-0.00797884
-0.0078132
-0.00764762
-0.00748209
-0.00731662
-0.00715122
-0.0069859
-0.00682064
-0.00665546
-0.00649034
-0.0063253
-0.00616033
-0.00599542
-0.00583058
-0.00566581
-0.00550109
-0.00533643
-0.00517182
-0.00500726
-0.00484276
-0.00467829
-0.00451387
-0.00434949
-0.00418514
-0.00402082
-0.00385654
-0.00369229
-0.00352806
-0.00336385
-0.00319966
-0.00303549
-0.00287134
-0.00270721
-0.0025431
-0.00237899
-0.0022149
-0.00205081
-0.00188673
-0.00172267
-0.00155866
-0.00139466
-0.00123065
-0.00106663
-0.000902597
-0.000738541
-0.000574415
-0.000410271
-0.000246154
-8.20513e-05
)
;
    }
    obstacle
    {
        type            calculated;
        value           nonuniform List<scalar> 
120
(
0.0499349
0.0479091
0.0435444
0.0381796
0.0325224
0.0266712
0.020617
0.0143954
0.00806724
0.0016964
-0.00465611
-0.0109328
-0.0170808
-0.0230534
-0.0288104
-0.0343185
-0.0395503
-0.0444832
-0.0491013
-0.0533921
-0.0573425
-0.0609485
-0.0642142
-0.0671403
-0.0697326
-0.0720144
-0.0740343
-0.0757714
-0.0768294
-0.0764557
-0.078924
-0.0795632
-0.0810698
-0.0827852
-0.0843555
-0.0857306
-0.0869209
-0.087924
-0.0887468
-0.0894157
-0.0899406
-0.0903301
-0.0905936
-0.0907532
-0.090833
-0.0908336
-0.0907549
-0.0905965
-0.0903344
-0.0899461
-0.0894223
-0.0887542
-0.0879324
-0.0869299
-0.08574
-0.084365
-0.0827945
-0.0810789
-0.0795718
-0.0789321
0.0499386
0.0479132
0.0435481
0.038183
0.0325257
0.0266748
0.0206205
0.0143986
0.00806998
0.0016985
-0.00465476
-0.0109322
-0.0170811
-0.0230545
-0.0288124
-0.0343212
-0.0395536
-0.044487
-0.0491057
-0.053397
-0.0573477
-0.060954
-0.0642198
-0.067146
-0.0697384
-0.0720203
-0.0740403
-0.0757777
-0.0768363
-0.0764631
0.0566737
0.0612357
0.0671316
0.073249
0.0789665
0.0841432
0.0887511
0.0927631
0.0961629
0.0989651
0.101201
0.102903
0.104111
0.104878
0.105251
0.105252
0.104879
0.104112
0.102905
0.101203
0.0989674
0.0961655
0.092766
0.0887542
0.0841461
0.0789692
0.0732514
0.0671339
0.0612383
0.0566767
)
;
    }
    frontAndBack
    {
        type            empty;
    }
}


// ************************************************************************* //
