/*--------------------------------*- C++ -*----------------------------------*\
  =========                 |
  \\      /  F ield         | OpenFOAM: The Open Source CFD Toolbox
   \\    /   O peration     | Website:  https://openfoam.org
    \\  /    A nd           | Version:  12
     \\/     M anipulation  |
\*---------------------------------------------------------------------------*/
FoamFile
{
    format      ascii;
    class       volScalarField;
    location    "120";
    object      pPrime2Mean;
}
// * * * * * * * * * * * * * * * * * * * * * * * * * * * * * * * * * * * * * //

dimensions      [0 4 -4 0 0 0 0];

internalField   nonuniform List<scalar> 
6750
(
0.010441
0.0104247
0.0104033
0.0103844
0.0103686
0.0104575
0.0104359
0.0104019
0.0103614
0.0103194
0.0105196
0.0104927
0.0104484
0.0103913
0.01033
0.0106255
0.0105968
0.010549
0.0104864
0.0104194
0.0107697
0.0107435
0.0106996
0.0106415
0.0105793
0.0109428
0.0109228
0.0108889
0.0108432
0.0107939
0.0111324
0.0111214
0.0111023
0.0110746
0.0110444
0.0113257
0.0113257
0.0113241
0.0113183
0.0113116
0.0115108
0.0115225
0.0115398
0.0115577
0.0115766
0.0116777
0.0117008
0.0117368
0.0117782
0.0118228
0.0118186
0.0118523
0.0119053
0.0119683
0.0120367
0.0119289
0.0119713
0.0120387
0.0121199
0.0122087
0.0120062
0.0120553
0.0121335
0.0122286
0.012333
0.0120505
0.0121039
0.0121891
0.0122933
0.0124079
0.0120637
0.012119
0.0122073
0.0123156
0.012435
0.0120486
0.0121037
0.0121915
0.0122993
0.0124182
0.0120054
0.0120579
0.0121417
0.0122444
0.0123574
0.0119312
0.0119788
0.0120548
0.0121474
0.012249
0.0118247
0.0118652
0.0119296
0.0120074
0.0120923
0.0116864
0.0117177
0.0117672
0.011826
0.0118897
0.011519
0.0115395
0.0115715
0.0116082
0.0116475
0.0113277
0.0113366
0.0113497
0.0113626
0.0113759
0.0111205
0.0111177
0.0111118
0.0111009
0.0110886
0.0109077
0.010894
0.0108706
0.0108379
0.0108023
0.0107014
0.0106787
0.0106408
0.0105903
0.0105359
0.0105146
0.0104859
0.0104381
0.0103756
0.0103085
0.0103596
0.0103286
0.0102771
0.0102103
0.0101389
0.010246
0.0102169
0.0101691
0.0101081
0.0100428
0.0101793
0.0101556
0.0101185
0.0100743
0.0100286
0.0101608
0.0101429
0.010119
0.0100972
0.010079
0.010326
0.0102395
0.0100743
0.00984495
0.00955535
0.0092082
0.00880473
0.00834633
0.00783736
0.00728433
0.00669499
0.00608301
0.00546206
0.00484748
0.00425456
0.00369689
0.00318528
0.00272695
0.00232515
0.00197929
0.00168612
0.00144336
0.00124305
0.00107931
0.000946685
0.00084001
0.000755056
0.000688094
0.000636364
0.000604507
0.0103264
0.0101847
0.00997866
0.00971614
0.00939892
0.00902881
0.00860839
0.00814163
0.00763428
0.00709277
0.00652439
0.00594215
0.00535693
0.00478116
0.00422684
0.00370448
0.00322252
0.00278665
0.00239992
0.002063
0.00177453
0.00152862
0.00132359
0.0011538
0.0010144
0.000901194
0.000810255
0.000737742
0.000679745
0.000636249
0.0102866
0.0101052
0.00986761
0.00958069
0.00924423
0.00886017
0.00843142
0.00796257
0.00746006
0.00692984
0.00638053
0.00582351
0.00526803
0.00472434
0.00420195
0.00370901
0.00325202
0.00283557
0.00246223
0.00213268
0.00184596
0.0016002
0.00139189
0.00121729
0.00107241
0.000953395
0.000856617
0.000778319
0.00071522
0.000666907
0.0102274
0.0100202
0.00975946
0.00945489
0.00910693
0.00871632
0.00828564
0.00781963
0.00732466
0.00680596
0.00627341
0.0057364
0.00520331
0.00468303
0.00418359
0.00371183
0.00327317
0.00287148
0.00250906
0.00218664
0.00190368
0.0016588
0.00144928
0.00127201
0.00112353
0.00100024
0.000898379
0.000814416
0.000745708
0.000695923
0.0101621
0.0099363
0.00965777
0.00933972
0.00898441
0.00859127
0.00816252
0.00770237
0.00721647
0.00670968
0.00619204
0.00567134
0.0051555
0.0046526
0.00416988
0.00371357
0.00328858
0.00289846
0.0025453
0.00222982
0.00195155
0.00170909
0.0015002
0.00132205
0.00117147
0.001045
0.000938917
0.000849504
0.000775984
0.000725143
0.0101008
0.00986046
0.00956869
0.00924045
0.00887979
0.00848648
0.00806151
0.00760851
0.00713191
0.00663653
0.00613159
0.0056239
0.00512104
0.00463068
0.00415979
0.00371442
0.00329941
0.00291819
0.00257275
0.00226369
0.00199043
0.00175142
0.00154443
0.00136668
0.00121507
0.00108633
0.000976723
0.000882803
0.000805268
0.000753929
0.0100501
0.00979823
0.00949606
0.0091604
0.00879597
0.0084034
0.00798295
0.00753719
0.00706913
0.00658391
0.00608927
0.00559145
0.00509784
0.00461595
0.00415283
0.00371469
0.00330651
0.00293182
0.00259256
0.00228918
0.00202085
0.00178575
0.00158139
0.00140484
0.00125302
0.00112276
0.00101048
0.000913012
0.000832234
0.000780867
0.0100155
0.00975417
0.00944356
0.00910195
0.00873534
0.00834358
0.00792752
0.00748817
0.00702731
0.00655041
0.00606345
0.00557241
0.0050846
0.00460758
0.0041487
0.00371455
0.00331044
0.0029401
0.00260548
0.00230686
0.00204309
0.00181197
0.00161062
0.00143585
0.00128453
0.00115332
0.00103914
0.000939136
0.00085581
0.000804619
0.0100019
0.00973246
0.00941433
0.00906741
0.00869911
0.00830824
0.00789577
0.00746147
0.00700625
0.00653527
0.00605315
0.00556579
0.00508047
0.00460501
0.00414719
0.00371412
0.00331156
0.00294351
0.00261198
0.00231707
0.00205727
0.00182995
0.00163177
0.00145922
0.00130902
0.00117769
0.00106241
0.000960464
0.000875112
0.000824057
0.0100142
0.00973725
0.00941163
0.00905932
0.00868903
0.00829894
0.00788869
0.00745755
0.007006
0.00653821
0.00605796
0.00557109
0.005085
0.00460789
0.00414813
0.00371342
0.00331005
0.00294232
0.0026123
0.00231994
0.00206339
0.00183952
0.00164455
0.00147457
0.00132591
0.00119529
0.00107961
0.000976226
0.00088924
0.000838159
0.0100574
0.00977284
0.00943904
0.0090803
0.00870695
0.00831674
0.00790735
0.00747723
0.00702702
0.00655944
0.0060779
0.00558822
0.00509805
0.00461611
0.00415145
0.00371248
0.00330599
0.00293662
0.00260652
0.0023155
0.00206136
0.00184051
0.00164868
0.00148151
0.00133498
0.00120565
0.00109007
0.00098568
0.000897381
0.000846043
0.0101371
0.00984397
0.00950054
0.00913364
0.00875566
0.0083637
0.00795315
0.00752181
0.00707016
0.00659959
0.00611337
0.00561742
0.00511972
0.0046297
0.00415717
0.00371127
0.00329936
0.00292638
0.0025946
0.00230366
0.00205104
0.00183273
0.00164392
0.00147978
0.00133576
0.00120826
0.00109312
0.000988078
0.000898813
0.000847007
0.0102596
0.00995628
0.0096012
0.0092238
0.00883923
0.00844261
0.0080283
0.00759317
0.00713683
0.00665973
0.00616516
0.0056592
0.00515035
0.00464883
0.00416535
0.0037098
0.00329009
0.0029115
0.00257638
0.00228426
0.00203228
0.00181597
0.00163003
0.00146901
0.00132776
0.00120218
0.00108801
0.000982756
0.000892961
0.000840548
0.0104328
0.0101166
0.00974714
0.00935601
0.00896163
0.00855729
0.00813608
0.00769387
0.00722906
0.00674149
0.00623445
0.00571437
0.00519044
0.00467381
0.00417612
0.00370804
0.00327805
0.00289176
0.00255164
0.00225708
0.00200486
0.00179005
0.00160675
0.0014488
0.00131054
0.00118712
0.00107423
0.000969274
0.000879517
0.000826463
0.010666
0.0103336
0.0099462
0.00953729
0.00912922
0.00871314
0.00828089
0.00782753
0.00734973
0.00684706
0.00632283
0.00578402
0.0052407
0.00470504
0.00418966
0.003706
0.0032631
0.00286694
0.0025201
0.00222184
0.00196855
0.00175472
0.00157376
0.00141886
0.00128363
0.00116263
0.00105148
0.000947477
0.000858517
0.000804998
0.0109712
0.0106184
0.0102089
0.00977726
0.00935062
0.00891761
0.00846924
0.00799926
0.00750279
0.00697929
0.00643232
0.00586951
0.00530198
0.00474302
0.00420617
0.00370364
0.00324508
0.00283681
0.0024815
0.00217822
0.00192297
0.00170954
0.00153062
0.00137871
0.00124664
0.00112846
0.00101973
0.000917597
0.0008305
0.000777086
0.0113639
0.010986
0.0105494
0.0100889
0.00963738
0.00918087
0.00870987
0.00821579
0.00769332
0.00714188
0.00656543
0.00597249
0.00537535
0.0047883
0.00422582
0.0037009
0.00322379
0.00280114
0.00243558
0.00212593
0.0018677
0.00165402
0.00147679
0.0013278
0.00119931
0.00108466
0.000979398
0.000880514
0.000796865
0.000744727
0.0118653
0.0114563
0.0109868
0.0104892
0.0100046
0.00951623
0.00901323
0.00848554
0.00792774
0.00733941
0.00672531
0.00609504
0.00546199
0.00484144
0.00424875
0.00369768
0.00319902
0.00275964
0.00238204
0.00206463
0.00180239
0.00158779
0.001412
0.00126606
0.0011417
0.00103184
0.000931701
0.000838205
0.000760443
0.000711677
0.0125042
0.0120566
0.0115463
0.0110006
0.010472
0.00994028
0.00939266
0.00881897
0.00821389
0.00757757
0.00691584
0.00623953
0.00556315
0.00490292
0.00427504
0.00369389
0.0031706
0.00271206
0.00232054
0.00199396
0.00172675
0.00151073
0.00133642
0.00119408
0.00107495
0.000971712
0.000879393
0.000794693
0.000726531
0.000684527
0.0133207
0.0128236
0.0122613
0.0116525
0.0110649
0.0104734
0.00986495
0.00922905
0.00856139
0.00786313
0.00714146
0.00640858
0.00568012
0.00497324
0.00430475
0.00368941
0.00313836
0.00265822
0.00225086
0.00191375
0.0016408
0.00142329
0.00125109
0.0011138
0.00100213
0.000908518
0.000828183
0.000757728
0.000704827
0.000674829
0.0143708
0.0138085
0.0131786
0.0124855
0.0118164
0.0111428
0.0104512
0.00973202
0.00898198
0.00820405
0.00740715
0.006605
0.0058143
0.00505293
0.004338
0.00368415
0.00310212
0.00259797
0.002173
0.00182423
0.00154517
0.00132673
0.00115829
0.0010289
0.000928775
0.000850239
0.000788639
0.000741421
0.000712715
0.000703099
0.0157332
0.0150817
0.0143619
0.0135536
0.0127716
0.0119848
0.0111796
0.0103483
0.00948991
0.00860966
0.00771861
0.00683197
0.00596728
0.00514265
0.0043749
0.00367797
0.00306169
0.00253124
0.0020872
0.00172616
0.00144139
0.00122369
0.00106229
0.00094602
0.000864752
0.000810858
0.000779973
0.000770705
0.000780565
0.000805522
0.0175142
0.0167392
0.0158989
0.0149305
0.0139913
0.0130472
0.0120856
0.0111033
0.0101023
0.00909097
0.00808251
0.00709323
0.00614092
0.0052431
0.0044155
0.00367061
0.00301684
0.00245811
0.00199415
0.00162112
0.00133231
0.00111887
0.000970534
0.000876514
0.000826847
0.000814149
0.000834327
0.000887829
0.000958774
0.00104197
0.0198478
0.0189057
0.0179021
0.0167125
0.0155542
0.0143903
0.0132136
0.0120278
0.0108398
0.00966105
0.00850662
0.00739302
0.00633715
0.00535485
0.00445961
0.00366164
0.00296725
0.00237877
0.00189498
0.00151171
0.00122268
0.00102012
0.00089531
0.000839094
0.00084275
0.000899286
0.00100466
0.00116041
0.00132558
0.00150102
0.0228901
0.0217265
0.0205094
0.0190202
0.017558
0.0160868
0.0146158
0.0131579
0.0117259
0.0103346
0.00899938
0.0077356
0.0065576
0.00547792
0.00450646
0.00365001
0.00291205
0.00229303
0.00179077
0.00140122
0.00111919
0.000939115
0.000855443
0.000862615
0.000954896
0.0011262
0.00137003
0.0016856
0.00198896
0.00229745
0.0268022
0.0253508
0.0238572
0.0219681
0.0200893
0.0182028
0.0163396
0.0145265
0.0127829
0.0111257
0.00956912
0.00812521
0.00680369
0.00561186
0.0045543
0.00363314
0.00284833
0.00219825
0.00168018
0.00129104
0.00102807
0.000889642
0.000875528
0.000986188
0.00122083
0.00157403
0.00203275
0.00258427
0.00307842
0.00356675
0.0316708
0.029846
0.0279815
0.02558
0.0231697
0.0207629
0.018414
0.0161655
0.0140432
0.0120646
0.0102417
0.00858175
0.00708855
0.00576289
0.0046031
0.00360597
0.00276772
0.00208491
0.00155512
0.00117756
0.000953707
0.000887716
0.000986326
0.00125712
0.0017045
0.00232218
0.00308611
0.00396119
0.00472124
0.00544691
0.0378339
0.0353841
0.0329152
0.0299123
0.0269149
0.0239414
0.0210562
0.0183104
0.0157369
0.0133588
0.0111903
0.00923853
0.00750449
0.00598487
0.00467364
0.00356381
0.00264927
0.00192596
0.00139289
0.00105231
0.000909614
0.000972685
0.00125038
0.00174978
0.00247209
0.0034062
0.00452236
0.00578154
0.00696489
0.0081135
0.0473982
0.0442388
0.0410431
0.0373381
0.0336018
0.0298298
0.0261092
0.022524
0.0191403
0.0160094
0.0131655
0.0106262
0.00839655
0.00647265
0.0048463
0.00350888
0.0024544
0.0016811
0.00119249
0.000996001
0.00109979
0.00150917
0.00222207
0.00322349
0.00448277
0.00594905
0.00755739
0.00926825
0.010772
0.0122767
0.0771875
0.0715211
0.0650821
0.0585329
0.0520001
0.0454831
0.039127
0.0330711
0.0274295
0.0222914
0.0177137
0.0137214
0.0103152
0.0074808
0.00519977
0.00345773
0.00225073
0.00158848
0.00149178
0.00198768
0.00310173
0.00484677
0.00721228
0.0101573
0.0136081
0.0174588
0.0215767
0.0259282
0.0303982
0.0344476
0.0103414
0.0102894
0.0102423
0.0101989
0.0101616
0.0101327
0.0101158
0.0101152
0.0101353
0.0101807
0.0102567
0.0103691
0.010525
0.0107326
0.011002
0.0113463
0.0117818
0.0123312
0.0130259
0.01391
0.0150462
0.0165228
0.0184588
0.021001
0.024317
0.028589
0.0340131
0.0411761
0.052016
0.0835265
0.0102819
0.0102447
0.0102131
0.0101882
0.0101748
0.0101746
0.0101904
0.0102251
0.0102826
0.0103674
0.0104846
0.0106407
0.0108431
0.011101
0.011426
0.0118323
0.0123389
0.0129712
0.0137646
0.0147676
0.0160491
0.0177044
0.0198608
0.0226733
0.0263171
0.0310041
0.0370758
0.0452379
0.057016
0.0903355
0.0102963
0.0102907
0.01029
0.0102948
0.0103102
0.0103393
0.0103854
0.0104523
0.0105442
0.0106658
0.0108227
0.0110217
0.0112707
0.0115799
0.0119615
0.0124314
0.0130109
0.013728
0.0146215
0.0157446
0.0171711
0.019003
0.0213747
0.0244472
0.0283996
0.033472
0.0401374
0.0492129
0.0616522
0.0978898
0.0103973
0.0104238
0.0104549
0.0104908
0.0105376
0.0105988
0.0106784
0.0107803
0.0109093
0.0110706
0.0112702
0.0115153
0.0118146
0.0121789
0.0126215
0.0131597
0.0138164
0.0146221
0.0156177
0.016859
0.0184225
0.0204123
0.0229637
0.026233
0.0303908
0.0357008
0.0428117
0.0528224
0.0657198
0.106003
0.0105724
0.0106281
0.0106895
0.0107565
0.0108353
0.0109302
0.0110455
0.0111855
0.0113552
0.0115602
0.011807
0.0121034
0.0124586
0.0128842
0.0133946
0.0140085
0.0147503
0.0156523
0.0167571
0.018122
0.0198241
0.021967
0.024682
0.0281144
0.0324175
0.037876
0.0453531
0.0563888
0.0694047
0.114583
0.0108044
0.0108858
0.0109754
0.0110726
0.0111834
0.0113126
0.0114648
0.0116448
0.0118576
0.0121094
0.0124069
0.0127584
0.0131738
0.0136653
0.0142483
0.0149425
0.0157737
0.0167754
0.0179913
0.0194784
0.0213128
0.0235946
0.0264473
0.0299993
0.0343812
0.0398978
0.0476792
0.0599546
0.0727304
0.12395
0.011074
0.0111776
0.0112929
0.0114189
0.0115612
0.0117246
0.011914
0.0121345
0.0123915
0.0126914
0.0130414
0.01345
0.0139276
0.014487
0.0151443
0.0159202
0.0168414
0.0179419
0.0192653
0.0208679
0.0228227
0.0252247
0.0281866
0.0318156
0.0362139
0.0417056
0.0497372
0.0635942
0.0757887
0.134553
0.0113611
0.011484
0.0116222
0.011775
0.0119473
0.012144
0.0123699
0.0126303
0.012931
0.0132786
0.0136805
0.0141457
0.0146848
0.0153111
0.0160412
0.0168966
0.017904
0.0190977
0.0205207
0.0222274
0.0242874
0.0267894
0.0298343
0.0335042
0.0378674
0.0432628
0.0514856
0.0673784
0.0787055
0.146877
0.0116464
0.0117857
0.011944
0.0121211
0.0123213
0.0125492
0.0128097
0.0131081
0.0134504
0.0138433
0.0142945
0.0148133
0.0154104
0.0160995
0.0168977
0.0178264
0.0189126
0.0201901
0.0217009
0.0234974
0.0256459
0.0282288
0.0313352
0.0350195
0.0393097
0.0445528
0.0528936
0.0713566
0.0816342
0.161309
0.011912
0.0120652
0.0122409
0.0124394
0.0126646
0.0129208
0.0132127
0.0135458
0.013926
0.0143601
0.014856
0.015423
0.0160723
0.0168176
0.0176761
0.0186691
0.0198235
0.0211724
0.0227569
0.0246275
0.0268473
0.0294943
0.0326467
0.0363291
0.0405225
0.045578
0.0539503
0.0755385
0.0847334
0.177955
0.0121435
0.0123082
0.0124983
0.012715
0.0129617
0.0132424
0.0135617
0.0139249
0.0143378
0.0148075
0.0153417
0.01595
0.0166436
0.0174363
0.0183452
0.0193915
0.0206017
0.0220083
0.0236514
0.0255801
0.0278551
0.0305513
0.033739
0.0374121
0.0414988
0.0463544
0.0546698
0.07987
0.0881158
0.196412
0.0123303
0.012504
0.0127057
0.0129371
0.0132013
0.013502
0.0138436
0.0142312
0.0146708
0.0151691
0.0157342
0.0163756
0.0171045
0.0179347
0.018883
0.0199706
0.0212235
0.0226739
0.0243609
0.0263323
0.0286475
0.0313802
0.0345954
0.0382582
0.0422398
0.046906
0.0550912
0.0842054
0.091779
0.215538
0.012466
0.0126464
0.0128567
0.0130991
0.0133764
0.0136921
0.0140503
0.0144562
0.0149155
0.0154352
0.0160231
0.0166888
0.0174434
0.0183007
0.0192774
0.0203943
0.0216774
0.0231582
0.0248754
0.0268757
0.029218
0.0319758
0.0352119
0.0388662
0.0427538
0.0472588
0.0552726
0.0882976
0.0955459
0.233517
0.0125484
0.0127331
0.0129491
0.0131987
0.0134846
0.01381
0.014179
0.0145967
0.0150688
0.0156022
0.0162049
0.0168861
0.0176571
0.0185314
0.0195258
0.020661
0.0219626
0.0234621
0.0251974
0.0272149
0.0295729
0.0323458
0.0355964
0.0392451
0.0430583
0.0474433
0.0552818
0.0917341
0.0989719
0.248098
0.012579
0.0127658
0.0129845
0.0132376
0.0135276
0.0138576
0.0142318
0.014655
0.0151332
0.0156731
0.0162826
0.016971
0.0177495
0.0186317
0.0196342
0.0207778
0.022088
0.0235962
0.0253399
0.0273652
0.0297305
0.0325109
0.0357697
0.0394174
0.0431901
0.0475114
0.0552163
0.093709
0.101134
0.256406
0.0125619
0.0127488
0.0129675
0.0132207
0.0135107
0.0138406
0.0142147
0.0146378
0.0151157
0.0156554
0.0162646
0.0169525
0.0177305
0.0186122
0.0196144
0.0207578
0.0220681
0.0235765
0.0253207
0.0273467
0.029713
0.0324949
0.0357557
0.0394052
0.0431793
0.0475027
0.0551971
0.0936731
0.101108
0.256724
0.0124971
0.012682
0.0128982
0.0131481
0.013434
0.0137592
0.014128
0.0145453
0.0150169
0.0155496
0.0161512
0.0168312
0.0176008
0.0184739
0.0194673
0.0206021
0.0219039
0.0234042
0.025141
0.0271606
0.0295218
0.0322993
0.0355555
0.0392097
0.0430272
0.0474178
0.0552278
0.0916387
0.0989045
0.24901
0.0123807
0.0125615
0.0127724
0.0130153
0.0132929
0.0136086
0.0139667
0.0143721
0.0148307
0.0153492
0.0159358
0.0165996
0.0173523
0.0182077
0.019183
0.0202993
0.0215828
0.0230651
0.0247848
0.026789
0.0291368
0.031902
0.0351471
0.0388099
0.0427049
0.047219
0.0551954
0.088175
0.0954612
0.234906
0.0122122
0.0123866
0.0125892
0.0128216
0.0130865
0.0133876
0.0137293
0.0141167
0.0145555
0.0150526
0.015616
0.0162553
0.0169818
0.0178097
0.0187565
0.0198434
0.021097
0.0225496
0.0242404
0.0262173
0.0285403
0.031283
0.0345095
0.0381831
0.0421761
0.0468557
0.0550075
0.0840931
0.0917031
0.217271
0.0119944
0.0121601
0.0123515
0.0125697
0.0128178
0.0130995
0.0134194
0.0137827
0.0141951
0.0146636
0.0151962
0.0158022
0.0164933
0.0172837
0.0181909
0.0192367
0.0204479
0.0218574
0.0235054
0.0254411
0.0277256
0.0304334
0.0336337
0.0373195
0.0414224
0.0462987
0.0545986
0.0798007
0.0880698
0.19837
0.0117345
0.0118891
0.0120665
0.012267
0.0124943
0.0127522
0.0130454
0.0133792
0.0137593
0.0141927
0.0146871
0.0152521
0.015899
0.0166421
0.017499
0.0184917
0.0196474
0.0209997
0.0225898
0.0244685
0.0266987
0.0293578
0.032523
0.0362197
0.0404357
0.0455229
0.0539103
0.0755354
0.0847347
0.180037
0.0114436
0.0115848
0.0117454
0.0119251
0.0121281
0.0123584
0.0126208
0.0129207
0.0132637
0.0136565
0.0141068
0.0146239
0.015219
0.0159063
0.0167032
0.0176317
0.0187195
0.0200005
0.0215171
0.0233219
0.0254806
0.028075
0.0311937
0.0348943
0.0392148
0.0445055
0.0528997
0.0714315
0.0816969
0.163434
0.0111363
0.0112619
0.0114031
0.0115593
0.011735
0.0119349
0.0121635
0.0124262
0.0127285
0.0130768
0.0134786
0.0139429
0.0144806
0.0151053
0.0158344
0.0166896
0.0176985
0.0188957
0.0203242
0.0220384
0.0241076
0.0266195
0.0296757
0.0333645
0.0377677
0.0432306
0.0515474
0.0675325
0.0788421
0.148994
0.0108306
0.0109379
0.0110571
0.0111874
0.0113339
0.0115013
0.0116943
0.0119179
0.0121775
0.0124792
0.01283
0.0132386
0.0137153
0.0142734
0.0149296
0.0157053
0.0166276
0.0177311
0.0190592
0.020668
0.02263
0.0250398
0.0280123
0.0316636
0.0361131
0.0416948
0.0498575
0.0638226
0.0760118
0.136639
0.0105459
0.010632
0.0107266
0.010829
0.0109449
0.0110788
0.0112354
0.0114193
0.0116356
0.0118901
0.0121894
0.0125417
0.0129567
0.0134471
0.0140287
0.0147223
0.0155541
0.0165581
0.0177775
0.0192692
0.0211086
0.0233963
0.0262595
0.0298383
0.0342836
0.0399129
0.0478556
0.0602498
0.0730537
0.126004
0.0103019
0.0103635
0.010431
0.0105039
0.0105884
0.0106886
0.0108088
0.0109533
0.0111271
0.0113354
0.0115846
0.0118822
0.0122373
0.0126618
0.0131706
0.0137834
0.0145253
0.0154287
0.0165361
0.0179041
0.0196095
0.0217573
0.0244839
0.0279486
0.0323274
0.0379191
0.0455801
0.056745
0.069843
0.116629
0.0101179
0.0101515
0.0101893
0.0102318
0.0102844
0.010351
0.0104354
0.0105419
0.0106748
0.0108393
0.0110412
0.0112875
0.0115867
0.0119497
0.0123906
0.0129275
0.013584
0.0143908
0.0153883
0.0166319
0.0181982
0.0201936
0.0227596
0.0260681
0.0303129
0.0357727
0.0430827
0.0532363
0.0662878
0.108075
0.0100109
0.0100134
0.01002
0.0100312
0.010052
0.0100857
0.0101358
0.0102061
0.0103009
0.0104248
0.0105831
0.0107826
0.0110311
0.0113388
0.0117187
0.0121875
0.0127668
0.0134852
0.0143809
0.0155067
0.0169376
0.0187783
0.0211705
0.0242908
0.0283404
0.0335739
0.0404472
0.049685
0.0623632
0.100027
0.0099934
0.00996504
0.00994067
0.00992126
0.00991169
0.00991436
0.0099321
0.00996821
0.0100265
0.0101115
0.0102285
0.0103837
0.0105848
0.0108413
0.0111649
0.0115707
0.012078
0.0127126
0.0135094
0.0145177
0.0158074
0.0174772
0.0196616
0.0225305
0.0262774
0.0311264
0.0374052
0.0457499
0.0578392
0.0925275
0.0100554
0.0100113
0.00996875
0.00992823
0.00989226
0.00986353
0.0098459
0.00984369
0.00986155
0.00990445
0.00997773
0.0100875
0.010241
0.0104469
0.0107156
0.0110602
0.0114975
0.0120503
0.0127508
0.0136438
0.0147933
0.0162907
0.0182618
0.0208668
0.0242865
0.0287141
0.0343394
0.0417058
0.0529104
0.0857591
0.0793946
0.0736299
0.0670019
0.060211
0.0534274
0.046672
0.0400995
0.0338547
0.0280542
0.022787
0.0181083
0.0140407
0.0105813
0.00771317
0.00541494
0.00367023
0.00247358
0.00183396
0.00177165
0.00231304
0.00348266
0.00529129
0.00772472
0.0107365
0.0142455
0.0181375
0.0222727
0.0266132
0.0310405
0.0350408
0.0483328
0.0451976
0.0419643
0.0381569
0.0343002
0.030411
0.0265854
0.0229125
0.0194592
0.0162756
0.0133935
0.0108279
0.00858114
0.00664726
0.0050163
0.00367819
0.00262569
0.00185562
0.00137032
0.0011762
0.0012805
0.00168777
0.00239526
0.00338741
0.00463293
0.00608002
0.00766413
0.00934829
0.0108086
0.012292
0.0383881
0.0359792
0.0335156
0.030472
0.0274112
0.0243689
0.0214177
0.0186143
0.0159941
0.01358
0.0113852
0.00941496
0.00766868
0.0061413
0.00482528
0.00371221
0.00279441
0.00206612
0.00152446
0.00116988
0.00100631
0.00104083
0.00128247
0.00173949
0.00241523
0.0033014
0.00437236
0.00559448
0.00674352
0.00788249
0.032
0.0301983
0.028337
0.0259107
0.023466
0.0210246
0.0186445
0.0163697
0.0142265
0.0122324
0.0103983
0.00873092
0.00723312
0.00590487
0.00474372
0.00374549
0.00290519
0.00221783
0.0016792
0.00128685
0.0010412
0.0009466
0.00101145
0.00124617
0.00165831
0.00224412
0.00298108
0.00383523
0.00458448
0.00531056
0.0269291
0.0254869
0.0239898
0.022088
0.0201998
0.0183099
0.0164474
0.014637
0.0128966
0.0112425
0.00968863
0.00824701
0.00692754
0.00573754
0.00468146
0.00376093
0.00297505
0.00232093
0.00179443
0.00139119
0.00110802
0.000944203
0.000901979
0.000985343
0.00119689
0.00153323
0.00198111
0.00252565
0.00301847
0.00350647
0.0228652
0.0217048
0.0204833
0.0189919
0.0175367
0.0160824
0.0146326
0.0131966
0.0117844
0.0104094
0.00908675
0.00783225
0.00666098
0.00558606
0.00461766
0.0037624
0.00302318
0.00239955
0.00188844
0.00148518
0.00118482
0.000983099
0.000876897
0.000863594
0.000939987
0.00110131
0.00134071
0.00165514
0.00196051
0.00226957
0.0197205
0.018782
0.0177776
0.0165943
0.015452
0.0143138
0.0131676
0.0120133
0.0108543
0.00970009
0.00856494
0.00746575
0.00642022
0.00544499
0.00455403
0.00375758
0.0030616
0.00246797
0.0019751
0.00157896
0.00127401
0.00105396
0.000912033
0.000841
0.000833544
0.00088332
0.000986098
0.00114248
0.00131171
0.00149141
0.0173222
0.0165535
0.015717
0.0147599
0.0138403
0.0129245
0.0119961
0.0110487
0.0100809
0.00909867
0.0081139
0.00714285
0.00620391
0.00531539
0.00449349
0.00375083
0.00309567
0.00253185
0.00205929
0.00167478
0.00137275
0.00114577
0.000985003
0.000880728
0.000823501
0.000806017
0.000824035
0.000877829
0.000952503
0.00104094
0.0155021
0.0148581
0.0141451
0.0133502
0.0125888
0.01183
0.0110579
0.010262
0.00943819
0.00858935
0.00772486
0.00685936
0.0060107
0.00519759
0.00443727
0.0037438
0.003127
0.00259223
0.00214068
0.00176992
0.00147454
0.00124668
0.0010766
0.000953642
0.000867634
0.000810576
0.000777812
0.000767873
0.00077946
0.000807824
0.0141142
0.0135591
0.0129373
0.0122592
0.0116102
0.0109635
0.0103037
0.00961906
0.00890382
0.00815844
0.00739
0.00661127
0.00583893
0.00509124
0.00438566
0.00373689
0.00315571
0.00264855
0.00221755
0.00186094
0.00157365
0.00134783
0.00117364
0.00104032
0.000937693
0.000857433
0.000794335
0.000745518
0.000716321
0.000707474
0.0130466
0.0125556
0.0120017
0.0114076
0.0108397
0.0102738
0.00969567
0.00909321
0.0084599
0.00779463
0.00710265
0.006395
0.00568693
0.00499578
0.00433858
0.00373008
0.00318153
0.00269999
0.00228827
0.00194521
0.00166613
0.00144354
0.00126789
0.00112879
0.00101639
0.000922222
0.00084071
0.000768066
0.000712938
0.000681465
0.0122175
0.0117743
0.0112721
0.0107405
0.0102312
0.0097238
0.00920516
0.00866358
0.00809202
0.00748853
0.00685712
0.0062074
0.0055532
0.00491061
0.00429583
0.00372324
0.00320412
0.00274586
0.00235172
0.00202104
0.00174961
0.00153043
0.00135452
0.00121205
0.00109355
0.000990697
0.000897462
0.000810245
0.000738701
0.000693617
0.0115694
0.0111628
0.0107006
0.0102164
0.00975028
0.00928579
0.00881059
0.00831382
0.00778841
0.00723221
0.00664849
0.00604573
0.00543639
0.00483519
0.00425723
0.00371625
0.00322328
0.00278577
0.00240728
0.00208752
0.00182282
0.00160672
0.00143088
0.0012861
0.00116335
0.00105447
0.000953756
0.000857698
0.000775981
0.000723178
0.011062
0.010684
0.0102538
0.0098062
0.00937256
0.00893913
0.0084952
0.00803075
0.00753927
0.00701889
0.00647249
0.0059076
0.00533534
0.00476905
0.00422265
0.00370909
0.00323897
0.00281964
0.00245478
0.00214443
0.00188537
0.00167167
0.00149562
0.00134873
0.00122246
0.00110926
0.00100379
0.000902588
0.000814978
0.000758469
0.0106657
0.0103111
0.00990713
0.00948793
0.00907855
0.00866747
0.00824523
0.00780343
0.00733642
0.00684287
0.00632547
0.00579087
0.00524895
0.00471172
0.00419198
0.00370184
0.00325136
0.00284766
0.00249443
0.00219197
0.00193739
0.00172526
0.00154849
0.00139928
0.00126979
0.00115334
0.0010448
0.000940905
0.000850418
0.000792924
0.0103591
0.0100239
0.00964159
0.00924446
0.00885281
0.00845729
0.00804936
0.00762279
0.00717312
0.00669942
0.0062043
0.00569362
0.00517614
0.00466273
0.00416515
0.00369465
0.00326074
0.00287022
0.00252671
0.00223061
0.00197934
0.00176791
0.00158982
0.00143798
0.00130548
0.0011864
0.00107588
0.000970927
0.000879588
0.000822844
0.0101266
0.00980714
0.00944227
0.00906204
0.00868285
0.00829737
0.0078986
0.00748169
0.00704392
0.00658465
0.00610626
0.00561402
0.00511584
0.00462158
0.00414205
0.00368773
0.0032675
0.00288781
0.00255215
0.00226093
0.00201182
0.00180027
0.00162034
0.00146569
0.00133031
0.00120902
0.00109725
0.000992233
0.000901277
0.000846109
0.00995561
0.00964885
0.00929762
0.00892983
0.00855892
0.00817946
0.00778606
0.00737483
0.00694469
0.00649532
0.00602895
0.00555044
0.00506703
0.00458776
0.00412259
0.00368123
0.00327199
0.00290091
0.00257128
0.00228351
0.00203547
0.00182304
0.00164091
0.00148347
0.0013453
0.00122209
0.00110951
0.00100499
0.000915062
0.000861592
0.00983622
0.00953942
0.00919882
0.00883989
0.00847402
0.00809763
0.00770677
0.00729831
0.0068722
0.00642885
0.00597038
0.00550144
0.00502879
0.00456079
0.00410663
0.00367529
0.00327451
0.00290991
0.00258456
0.00229886
0.00205086
0.00183689
0.00165225
0.00149196
0.0013513
0.00122645
0.00111327
0.00100955
0.00092095
0.000868919
0.0097602
0.00947126
0.00913903
0.00878653
0.00842335
0.00804785
0.00765719
0.0072492
0.006824
0.00638319
0.00592895
0.00546586
0.00500035
0.00454024
0.00409402
0.00366999
0.00327527
0.00291511
0.00259233
0.00230735
0.00205843
0.00184232
0.00165491
0.00149185
0.00134889
0.00122243
0.0011091
0.00100639
0.000919257
0.000868283
0.00972079
0.00943846
0.00911305
0.00876547
0.0084037
0.00802739
0.00763499
0.00722532
0.00679828
0.00635683
0.00590348
0.00544283
0.00498115
0.0045258
0.00408464
0.00366532
0.0032744
0.00291668
0.00259483
0.00230924
0.00205846
0.00183967
0.00164928
0.00148347
0.00133853
0.00121093
0.00109767
0.000996142
0.000910581
0.000860219
0.00971219
0.00943624
0.00911695
0.00877344
0.00841256
0.00803426
0.00763855
0.00722507
0.00679382
0.00634875
0.00589318
0.0054318
0.00497082
0.00451725
0.00407839
0.00366127
0.0032719
0.0029147
0.00259213
0.00230468
0.00205113
0.00182913
0.00163559
0.00146716
0.00132059
0.00119231
0.00107952
0.000979501
0.000895673
0.000845552
0.00972912
0.00946024
0.00914714
0.00880763
0.00844757
0.00806708
0.00766661
0.00724731
0.00680979
0.00635833
0.00589767
0.00543258
0.00496929
0.00451456
0.00407523
0.00365777
0.0032677
0.00290908
0.00258422
0.00229365
0.00203651
0.00181085
0.00161407
0.00144324
0.00129529
0.00116701
0.00105533
0.000957175
0.000875402
0.000825238
0.00976642
0.00950617
0.00920038
0.00886561
0.00850674
0.00812398
0.00771802
0.00729127
0.00684576
0.00638549
0.00591704
0.00544537
0.00497676
0.00451787
0.00407518
0.00365473
0.0032616
0.00289958
0.00257085
0.00227605
0.0020146
0.00178497
0.00158498
0.00141202
0.00126318
0.00113556
0.00102551
0.000929971
0.000850713
0.000800382
0.00981881
0.00956965
0.0092735
0.00894506
0.00858863
0.0082036
0.0077918
0.00735655
0.00690156
0.00643062
0.00595189
0.00547084
0.00499384
0.00452758
0.00407838
0.00365199
0.00325325
0.00288574
0.0025516
0.00225157
0.0019853
0.00175163
0.00154868
0.00137405
0.00122497
0.0010984
0.000990835
0.00089871
0.000822552
0.00077225
0.00988066
0.00964598
0.00936268
0.00904355
0.00869056
0.00830426
0.00788694
0.00744295
0.00697754
0.00649468
0.00600344
0.00551027
0.0050216
0.00454437
0.00408503
0.00364933
0.00324207
0.00286682
0.00252574
0.00221965
0.00194837
0.00171096
0.00150564
0.00133004
0.0011814
0.00105661
0.000952181
0.000864349
0.000792059
0.000742273
0.00994533
0.00972989
0.00946385
0.00915694
0.00880985
0.00842401
0.00800261
0.00755078
0.00707498
0.00657974
0.00607404
0.00556591
0.00506188
0.00456943
0.00409556
0.00364645
0.00322723
0.0028417
0.00249216
0.00217945
0.00190334
0.00166309
0.00145652
0.00128106
0.0011338
0.00101156
0.000910731
0.000827902
0.000760675
0.000712007
0.0100033
0.00981467
0.00957156
0.00928042
0.00894264
0.00856076
0.0081386
0.00768149
0.0071966
0.00668954
0.00616798
0.00564179
0.00511802
0.00460503
0.004111
0.00364319
0.00320765
0.00280876
0.00244911
0.00212954
0.00184949
0.00160778
0.00140161
0.00122789
0.00108335
0.00096463
0.000868277
0.000790795
0.000728944
0.000682173
0.0100429
0.00989486
0.00968225
0.00941343
0.00909173
0.00872046
0.00830336
0.00784543
0.00735395
0.00683561
0.0062965
0.00574767
0.00519754
0.00465605
0.0041334
0.00363897
0.00318056
0.00276368
0.00239138
0.00206464
0.0017826
0.00154004
0.00133615
0.00116618
0.00102619
0.00091246
0.000821298
0.000749247
0.00069241
0.000650593
0.0100477
0.00995336
0.00977809
0.00953844
0.00924024
0.00888738
0.00848356
0.00803237
0.00753897
0.0070103
0.00645255
0.00587702
0.00529458
0.00471769
0.00415944
0.00363209
0.00314573
0.00270741
0.0023205
0.00198493
0.00169805
0.00145825
0.00125848
0.00109385
0.00095962
0.000851408
0.000765557
0.000698557
0.000647617
0.00061739
0.0392612
0.0146614
0.00969384
0.00648761
0.00427403
0.00277961
0.00181375
0.00123029
0.000907348
0.00074585
0.000676367
0.000656543
0.000662215
0.000679679
0.000701005
0.000721573
0.000738789
0.0007513
0.000758581
0.000760616
0.000757677
0.00075023
0.00073886
0.000724228
0.00070701
0.000687873
0.000667414
0.000645763
0.000623186
0.000605011
0.0447364
0.0171953
0.0114451
0.00770203
0.00511428
0.00337988
0.00223539
0.00151601
0.001092
0.000858387
0.000739525
0.000687111
0.0006721
0.000677215
0.000692043
0.000710233
0.000727956
0.000742946
0.000753913
0.000760262
0.000761864
0.000758903
0.000751752
0.00074089
0.000726847
0.000710199
0.000691546
0.000671457
0.000651083
0.000632032
0.051384
0.0195952
0.0132381
0.00894196
0.00600202
0.00404344
0.00272819
0.00187172
0.00133923
0.00102245
0.000841659
0.000744111
0.00069671
0.000678948
0.000678051
0.000685965
0.000697584
0.000709683
0.000720211
0.00072795
0.000732287
0.000733025
0.000730227
0.000724123
0.000715039
0.000703366
0.000689524
0.000673982
0.000657861
0.000642271
0.0592414
0.0216703
0.0149591
0.0100307
0.00680977
0.004699
0.0032569
0.00228395
0.00164799
0.00124428
0.00099362
0.000841595
0.000752608
0.000703619
0.000679707
0.000671122
0.000671406
0.000676252
0.00068276
0.000689006
0.00069379
0.00069643
0.000696605
0.00069423
0.000689382
0.000682213
0.000672892
0.000661699
0.000649849
0.000638893
0.0684575
0.023537
0.0167422
0.0110774
0.00762428
0.00539933
0.003849
0.00276752
0.00202851
0.00153345
0.00120581
0.000991105
0.00085226
0.000764305
0.000710401
0.000679149
0.000662724
0.000655681
0.000654199
0.000655579
0.000657956
0.000660083
0.00066117
0.000660747
0.000658577
0.00065455
0.000648616
0.000640901
0.000632609
0.000625585
0.0794574
0.0251884
0.0186343
0.0120437
0.00841451
0.00611634
0.00447966
0.00330347
0.00246843
0.0018837
0.001477
0.00119514
0.00100076
0.000867753
0.000777824
0.000718171
0.000679737
0.00065601
0.000642247
0.000634966
0.000631616
0.000630342
0.000629834
0.000629187
0.000627809
0.000625309
0.000621421
0.000616098
0.000610369
0.000606135
0.0927575
0.0266787
0.0207116
0.0129049
0.00916579
0.00683057
0.00512595
0.00386936
0.00294811
0.00227937
0.00179582
0.00144644
0.00119432
0.00101292
0.000883039
0.000790784
0.000726092
0.000681553
0.000651612
0.000632059
0.00061969
0.000612065
0.000607348
0.000604185
0.000601603
0.000598912
0.000595603
0.000591425
0.000587117
0.00058443
0.108869
0.028106
0.0230566
0.0136403
0.00986967
0.00752211
0.00576218
0.0044382
0.0034416
0.00269725
0.00214275
0.0017294
0.0014211
0.00119129
0.0010203
0.000893526
0.000800149
0.00073207
0.000683102
0.000648439
0.000624314
0.000607771
0.000596498
0.000588708
0.000583051
0.000578522
0.000574353
0.000570057
0.000566035
0.000563728
0.12813
0.0296061
0.0257436
0.0142347
0.0105207
0.00816904
0.00636123
0.00498158
0.00392073
0.00311084
0.00249394
0.00202333
0.00166368
0.00138859
0.0011782
0.00101751
0.0008952
0.000802696
0.000733365
0.000681977
0.000644347
0.000617104
0.000597539
0.00058349
0.000573259
0.000565533
0.000559282
0.000553776
0.000549064
0.000546182
0.150511
0.0313431
0.0288154
0.0146839
0.0111147
0.00874919
0.00689794
0.00547341
0.00435922
0.0034947
0.00282558
0.00230651
0.0019027
0.00158791
0.00134222
0.00115046
0.00100106
0.000885139
0.000795784
0.000727505
0.000675846
0.000637153
0.000608418
0.000587182
0.000571451
0.000559636
0.000550462
0.00054297
0.000536865
0.000532745
0.175278
0.0334615
0.0322526
0.0149955
0.0116455
0.00924261
0.00735233
0.00589308
0.00473605
0.00382802
0.00311751
0.00255976
0.00212024
0.0017728
0.00149754
0.00127924
0.00110624
0.000969513
0.000862
0.000778064
0.000713109
0.000663317
0.000625488
0.000596945
0.000575469
0.000559243
0.000546782
0.000536925
0.000529069
0.000523379
0.200787
0.0360129
0.035937
0.0151876
0.0121021
0.00963457
0.00771158
0.00622706
0.0050372
0.0040965
0.00335527
0.00276867
0.00230216
0.0019297
0.0016314
0.00139207
0.00120004
0.00104626
0.000923607
0.000826398
0.000749968
0.000690428
0.000644471
0.000609288
0.000582498
0.000562114
0.000546489
0.000534297
0.000524679
0.000517412
0.224574
0.0388792
0.0396306
0.015284
0.012469
0.00991794
0.00797047
0.00646921
0.00525604
0.00429284
0.00353075
0.00292446
0.0024393
0.00204926
0.00173458
0.00148007
0.0012741
0.00110765
0.00097361
0.000866282
0.000780992
0.000713819
0.000661417
0.000620899
0.000589792
0.000565998
0.000547753
0.000533612
0.00052252
0.000513938
0.243678
0.0416779
0.0429071
0.0153107
0.0127292
0.0100941
0.00813103
0.00662026
0.00539264
0.00441604
0.00364172
0.00302381
0.00252747
0.00212676
0.00180196
0.00153799
0.00132324
0.00114871
0.00100733
0.000893435
0.000802333
0.000730107
0.000673392
0.000629272
0.000595233
0.000569118
0.000549096
0.000533642
0.000521573
0.000512122
0.254363
0.043552
0.0449077
0.015307
0.0128637
0.0101731
0.00820258
0.00668729
0.00545292
0.00447052
0.00369104
0.00306818
0.00256702
0.00216164
0.00183239
0.00156421
0.00134553
0.00116739
0.00102272
0.000905846
0.000812096
0.000737542
0.000678817
0.000633016
0.000597615
0.000570439
0.000549631
0.000533627
0.000521175
0.000511391
0.254463
0.0435856
0.044985
0.0153199
0.0128541
0.0101669
0.0081957
0.00667951
0.00544516
0.00446318
0.00368423
0.00306192
0.00256132
0.00215649
0.00182777
0.00156012
0.00134196
0.00116432
0.00102012
0.000903671
0.000810274
0.000735999
0.000677501
0.000631897
0.000596688
0.000569711
0.000549107
0.000533311
0.000521065
0.000511477
0.243965
0.0417695
0.0431179
0.0153497
0.0127037
0.0100768
0.0081114
0.00659779
0.00536999
0.00439451
0.00362174
0.00300549
0.00251082
0.00211174
0.00178853
0.00152613
0.0013129
0.00113984
0.000999831
0.000887134
0.000797036
0.000725615
0.000669555
0.00062602
0.000592555
0.000567028
0.000547613
0.000532776
0.000521319
0.00051245
0.225014
0.0390074
0.0399207
0.0153473
0.0124357
0.00989237
0.00794074
0.00643434
0.00522029
0.0042586
0.00349895
0.00289539
0.00241297
0.00202563
0.00171357
0.00146162
0.00125812
0.00109399
0.000962061
0.000856558
0.000772777
0.000706829
0.000655455
0.000615881
0.000585709
0.000562873
0.000545613
0.00053247
0.000522369
0.000514729
0.201336
0.0361581
0.0362463
0.01527
0.0120703
0.00960458
0.00767507
0.0061828
0.00499074
0.00405156
0.00331351
0.00273064
0.00226796
0.00189924
0.00160459
0.00136878
0.00118005
0.00102929
0.000909298
0.000814329
0.000739734
0.000681705
0.000637075
0.000603148
0.000577618
0.000558525
0.000544218
0.000533358
0.000525057
0.000519042
0.175899
0.0336123
0.0325314
0.0150883
0.0116227
0.00921225
0.0073124
0.00584268
0.0046817
0.00377482
0.00306804
0.00251495
0.0020803
0.00173768
0.00146706
0.00125314
0.00108414
0.000950957
0.000846438
0.000764948
0.000701982
0.000653881
0.000617599
0.000590566
0.00057062
0.000555957
0.000545086
0.000536828
0.000530546
0.000526341
0.151172
0.0314957
0.0290303
0.0147749
0.0111048
0.0087222
0.00685777
0.0054202
0.00430021
0.00343624
0.00277115
0.00225754
0.00185959
0.0015506
0.00131043
0.00112376
0.000978868
0.000866766
0.000780505
0.000714692
0.00066506
0.000628155
0.000601119
0.000581579
0.000567577
0.000557528
0.000550144
0.000544442
0.000540084
0.000537593
0.12881
0.0297615
0.0258795
0.0143106
0.0105231
0.00814795
0.00632359
0.0049289
0.0038607
0.00305069
0.00243794
0.00197336
0.00162035
0.00135183
0.0011476
0.000992424
0.000874825
0.000786121
0.000719761
0.000670728
0.000635089
0.000609675
0.000591902
0.000579668
0.000571297
0.000565469
0.000561131
0.000557525
0.000554647
0.000553452
0.109557
0.0282666
0.0231135
0.0136893
0.00987909
0.00750735
0.00572914
0.00438923
0.00338443
0.00263948
0.00208908
0.00168206
0.00138081
0.00115794
0.00099331
0.000872059
0.000783178
0.000718584
0.000672297
0.000639804
0.000617597
0.000602888
0.000593453
0.000587543
0.000583816
0.000581248
0.000579047
0.000576686
0.000574512
0.000573873
0.0934446
0.0268453
0.0206992
0.0129184
0.00917374
0.0068201
0.00509851
0.00382685
0.00289758
0.00222809
0.0017485
0.00140537
0.00116021
0.000985537
0.000861669
0.000774414
0.000713625
0.00067204
0.000644409
0.000626823
0.000616287
0.00061048
0.000607618
0.000606359
0.00060572
0.000604992
0.000603637
0.000601365
0.000598857
0.000597756
0.080138
0.0253583
0.0185661
0.0120169
0.00841155
0.0061062
0.00445769
0.00326946
0.0024277
0.00184246
0.00143946
0.00116335
0.000975233
0.000848131
0.000763291
0.000707694
0.000672333
0.000650961
0.000639145
0.000633647
0.000632058
0.000632586
0.000633926
0.000635161
0.000635678
0.000635073
0.000633058
0.000629556
0.00062553
0.000622755
0.0691239
0.023704
0.0166306
0.0110093
0.00760273
0.00538513
0.00383156
0.00274305
0.00199952
0.00150445
0.00118009
0.0009702
0.000836422
0.000753068
0.000702967
0.000674651
0.000660472
0.00065526
0.000655435
0.000658467
0.00066256
0.000666462
0.00066935
0.000670724
0.000670324
0.000668042
0.000663822
0.000657781
0.000651055
0.000645339
0.0598844
0.0218253
0.0148138
0.00992465
0.00676608
0.0046777
0.00324276
0.00226891
0.00163106
0.00122779
0.000979759
0.000831343
0.00074598
0.000700145
0.000678764
0.000672155
0.000674069
0.000680397
0.000688391
0.000696214
0.000702658
0.000706988
0.000708829
0.00070807
0.000704768
0.000699092
0.000691232
0.000681487
0.000671022
0.00066122
0.0519947
0.0197279
0.0130667
0.00880652
0.00593844
0.00401446
0.00271611
0.00186476
0.00133278
0.00101666
0.00083768
0.000742513
0.000697433
0.000681668
0.000682448
0.000691825
0.000704818
0.000718288
0.000730244
0.000739478
0.00074532
0.000747509
0.000746074
0.000741235
0.000733317
0.000722746
0.000709988
0.000695567
0.000680588
0.000666009
0.0453135
0.017289
0.0112477
0.00755251
0.00504209
0.00334745
0.00222532
0.00151499
0.00109298
0.000859906
0.000742062
0.000691104
0.000677625
0.000684219
0.000700534
0.000720277
0.000739564
0.000756066
0.00076847
0.000776118
0.00077885
0.000776842
0.000770467
0.000760229
0.000746696
0.000730502
0.000712342
0.000692892
0.000673324
0.000655134
0.039829
0.0147067
0.00947195
0.00634167
0.0042055
0.00274779
0.00180464
0.0012317
0.000911483
0.000750559
0.00068188
0.000663337
0.000670561
0.000689756
0.000712987
0.000735606
0.000754828
0.000769113
0.000777778
0.000780737
0.000778286
0.000770965
0.000759427
0.000744397
0.000726643
0.000706928
0.000685976
0.000664096
0.00064171
0.000624254
0.000596318
0.000576772
0.000553123
0.000529908
0.000508072
0.000487613
0.000468458
0.000450554
0.000433825
0.000418173
0.000403498
0.000389702
0.000376697
0.000364401
0.000352742
0.000341657
0.000331088
0.000320984
0.000311302
0.000302001
0.000293046
0.000284408
0.000276057
0.000267971
0.000260127
0.000252507
0.000245095
0.000237875
0.000230834
0.000223962
0.000217247
0.000210683
0.000204259
0.000197971
0.000191812
0.000185777
0.000179861
0.000174061
0.000168373
0.000162795
0.000157324
0.000151958
0.000146695
0.000141534
0.000136472
0.00013151
0.000126645
0.000121878
0.000117207
0.000112631
0.00010815
0.000103765
9.9476e-05
9.52802e-05
9.11776e-05
8.7168e-05
8.32512e-05
7.94269e-05
7.56949e-05
7.20549e-05
6.85068e-05
6.50504e-05
6.16854e-05
5.84117e-05
5.5229e-05
5.21372e-05
4.91358e-05
4.62248e-05
4.3404e-05
4.06732e-05
3.80326e-05
3.54818e-05
3.30208e-05
3.06492e-05
2.83671e-05
2.61742e-05
2.40703e-05
2.20553e-05
2.0129e-05
1.82915e-05
1.65426e-05
1.48822e-05
1.33102e-05
1.18263e-05
1.04304e-05
9.12264e-06
7.90286e-06
6.77098e-06
5.72695e-06
4.77022e-06
3.90066e-06
3.11819e-06
2.42308e-06
1.81616e-06
1.29714e-06
8.64562e-07
5.18236e-07
2.59816e-07
8.98519e-08
9.61253e-09
0.000605061
0.000580472
0.000556266
0.000533245
0.000511751
0.000491723
0.000473
0.000455463
0.000439011
0.000423544
0.000408968
0.000395197
0.000382153
0.000369767
0.000357974
0.000346721
0.000335959
0.000325642
0.000315734
0.000306198
0.000297005
0.000288127
0.000279539
0.00027122
0.00026315
0.000255311
0.000247688
0.000240268
0.000233037
0.000225984
0.000219101
0.000212377
0.000205805
0.000199379
0.000193091
0.000186937
0.000180912
0.000175011
0.000169231
0.000163568
0.00015802
0.000152583
0.000147256
0.000142036
0.000136921
0.000131911
0.000127003
0.000122197
0.000117492
0.000112886
0.000108379
0.000103968
9.96539e-05
9.54362e-05
9.13145e-05
8.7288e-05
8.33562e-05
7.95187e-05
7.5775e-05
7.21248e-05
6.85676e-05
6.51032e-05
6.17311e-05
5.84511e-05
5.5263e-05
5.21664e-05
4.9161e-05
4.62464e-05
4.34224e-05
4.06891e-05
3.8046e-05
3.54931e-05
3.30303e-05
3.06572e-05
2.83737e-05
2.61797e-05
2.40748e-05
2.20589e-05
2.01319e-05
1.82937e-05
1.65443e-05
1.48836e-05
1.33113e-05
1.18271e-05
1.0431e-05
9.12293e-06
7.90282e-06
6.77056e-06
5.72604e-06
4.76924e-06
3.90003e-06
3.11819e-06
2.42365e-06
1.8165e-06
1.29694e-06
8.64252e-07
5.18068e-07
2.59778e-07
8.99331e-08
9.62874e-09
0.000610521
0.000583334
0.000557798
0.000534203
0.000512651
0.000492862
0.000474505
0.000457356
0.000441261
0.000426096
0.000411759
0.000398162
0.000385232
0.000372906
0.000361128
0.00034985
0.000339031
0.000328633
0.000318623
0.000308971
0.00029965
0.000290637
0.00028191
0.00027345
0.00026524
0.000257262
0.000249504
0.000241952
0.000234595
0.000227422
0.000220424
0.000213592
0.000206918
0.000200396
0.000194019
0.000187782
0.000181679
0.000175707
0.00016986
0.000164137
0.000158532
0.000153044
0.00014767
0.000142407
0.000137254
0.000132209
0.000127269
0.000122434
0.000117702
0.000113071
0.000108542
0.000104112
9.97816e-05
9.55492e-05
9.1414e-05
8.73756e-05
8.34331e-05
7.9586e-05
7.58338e-05
7.2176e-05
6.8612e-05
6.51416e-05
6.17643e-05
5.84797e-05
5.52874e-05
5.21873e-05
4.91788e-05
4.62615e-05
4.34352e-05
4.06997e-05
3.80548e-05
3.55003e-05
3.30361e-05
3.06619e-05
2.83775e-05
2.61826e-05
2.4077e-05
2.20606e-05
2.0133e-05
1.82943e-05
1.65445e-05
1.48834e-05
1.33108e-05
1.18265e-05
1.04302e-05
9.1218e-06
7.90146e-06
6.7692e-06
5.72465e-06
4.76769e-06
3.89846e-06
3.11704e-06
2.42296e-06
1.81584e-06
1.29618e-06
8.6361e-07
5.17692e-07
2.59612e-07
8.98967e-08
9.62423e-09
0.000607416
0.000580466
0.000555191
0.00053198
0.000510978
0.000491818
0.00047409
0.000457526
0.000441946
0.000427218
0.000413238
0.000399922
0.000387205
0.000375029
0.00036335
0.000352126
0.000341323
0.000330909
0.000320859
0.000311148
0.000301752
0.000292653
0.000283832
0.000275273
0.00026696
0.000258879
0.000251018
0.000243364
0.000235908
0.000228639
0.000221549
0.000214629
0.000207872
0.00020127
0.000194819
0.000188513
0.000182345
0.000176312
0.00017041
0.000164634
0.000158982
0.00015345
0.000148036
0.000142736
0.000137549
0.000132473
0.000127505
0.000122645
0.00011789
0.000113239
0.000108691
0.000104244
9.98982e-05
9.5652e-05
9.15045e-05
8.7455e-05
8.35026e-05
7.96468e-05
7.58868e-05
7.2222e-05
6.86519e-05
6.5176e-05
6.17938e-05
5.85048e-05
5.53088e-05
5.22053e-05
4.91939e-05
4.62742e-05
4.34458e-05
4.07084e-05
3.80619e-05
3.5506e-05
3.30405e-05
3.06652e-05
2.83798e-05
2.61842e-05
2.4078e-05
2.2061e-05
2.0133e-05
1.82939e-05
1.65436e-05
1.48821e-05
1.33093e-05
1.18251e-05
1.04286e-05
9.11959e-06
7.89907e-06
6.76685e-06
5.72231e-06
4.76539e-06
3.8963e-06
3.1151e-06
2.42123e-06
1.81435e-06
1.29492e-06
8.62616e-07
5.17046e-07
2.59285e-07
8.97992e-08
9.61244e-09
0.000596638
0.000572029
0.000548562
0.000526836
0.00050711
0.000489049
0.000472261
0.000456493
0.00044158
0.000427403
0.000413869
0.000400908
0.000388465
0.000376495
0.000364964
0.000353838
0.000343093
0.000332703
0.00032265
0.000312913
0.000303475
0.00029432
0.000285433
0.000276801
0.00026841
0.000260249
0.000252305
0.00024457
0.000237033
0.000229686
0.000222519
0.000215526
0.000208698
0.000202031
0.000195516
0.00018915
0.000182927
0.000176843
0.000170892
0.000165072
0.000159378
0.000153808
0.000148358
0.000143027
0.00013781
0.000132707
0.000127715
0.000122832
0.000118056
0.000113387
0.000108822
0.000104361
0.000100001
9.57428e-05
9.15844e-05
8.7525e-05
8.35639e-05
7.97002e-05
7.59332e-05
7.22622e-05
6.86867e-05
6.52058e-05
6.18191e-05
5.85264e-05
5.53273e-05
5.22206e-05
4.92062e-05
4.6284e-05
4.34538e-05
4.0715e-05
3.80672e-05
3.551e-05
3.30435e-05
3.06673e-05
2.8381e-05
2.61844e-05
2.40775e-05
2.206e-05
2.01318e-05
1.82925e-05
1.65418e-05
1.48798e-05
1.33066e-05
1.18219e-05
1.04254e-05
9.11686e-06
7.89631e-06
6.76381e-06
5.71915e-06
4.76228e-06
3.89329e-06
3.1122e-06
2.41862e-06
1.8122e-06
1.29319e-06
8.61305e-07
5.16191e-07
2.58839e-07
8.96604e-08
9.59663e-09
0.000580956
0.000559874
0.00053916
0.000519637
0.000501685
0.000485053
0.000469425
0.000454602
0.000440459
0.000426905
0.000413872
0.000401309
0.000389177
0.000377446
0.000366091
0.000355092
0.000344431
0.000334092
0.000324059
0.000314321
0.000304864
0.000295676
0.000286745
0.000278061
0.000269612
0.000261389
0.000253382
0.000245582
0.000237981
0.000230569
0.00022334
0.000216286
0.000209401
0.000202678
0.000196111
0.000189695
0.000183426
0.000177297
0.000171306
0.000165447
0.000159719
0.000154116
0.000148636
0.000143277
0.000138035
0.000132908
0.000127895
0.000122993
0.0001182
0.000113515
0.000108935
0.000104461
0.00010009
9.58206e-05
9.16527e-05
8.75848e-05
8.3616e-05
7.97455e-05
7.59725e-05
7.22961e-05
6.87158e-05
6.52307e-05
6.18404e-05
5.85444e-05
5.53418e-05
5.22322e-05
4.92155e-05
4.62914e-05
4.34595e-05
4.07192e-05
3.80702e-05
3.55122e-05
3.30448e-05
3.06677e-05
2.83808e-05
2.61836e-05
2.40761e-05
2.20581e-05
2.01295e-05
1.82898e-05
1.65389e-05
1.48767e-05
1.33032e-05
1.18182e-05
1.04214e-05
9.11275e-06
7.89229e-06
6.75984e-06
5.71522e-06
4.75842e-06
3.88952e-06
3.10851e-06
2.41529e-06
1.80951e-06
1.29107e-06
8.59722e-07
5.15185e-07
2.58318e-07
8.94947e-08
9.57768e-09
0.000563432
0.000546171
0.000528534
0.000511493
0.000495512
0.00048044
0.000466055
0.000452232
0.000438894
0.000425986
0.00041347
0.000401316
0.000389506
0.000378024
0.000366858
0.000355997
0.000345433
0.000335157
0.000325161
0.000315437
0.000305976
0.00029677
0.000287811
0.00027909
0.000270599
0.000262329
0.000254273
0.000246422
0.000238768
0.000231306
0.000224026
0.000216923
0.00020999
0.000203221
0.000196611
0.000190154
0.000183845
0.00017768
0.000171655
0.000165765
0.000160006
0.000154376
0.000148871
0.000143488
0.000138225
0.000133079
0.000128047
0.000123129
0.000118321
0.000113622
0.000109031
0.000104545
0.000100164
9.58857e-05
9.17096e-05
8.76345e-05
8.36592e-05
7.97829e-05
7.60046e-05
7.23237e-05
6.87394e-05
6.52509e-05
6.18574e-05
5.85581e-05
5.53528e-05
5.2241e-05
4.92223e-05
4.62965e-05
4.3463e-05
4.07215e-05
3.80715e-05
3.55126e-05
3.30444e-05
3.06668e-05
2.83794e-05
2.61818e-05
2.40739e-05
2.20554e-05
2.01262e-05
1.82861e-05
1.6535e-05
1.48727e-05
1.3299e-05
1.18138e-05
1.04168e-05
9.10801e-06
7.88744e-06
6.75503e-06
5.71055e-06
4.75386e-06
3.88508e-06
3.10429e-06
2.4115e-06
1.80632e-06
1.28853e-06
8.57879e-07
5.14052e-07
2.57759e-07
8.9324e-08
9.55861e-09
0.000546632
0.000532803
0.000518059
0.000503408
0.000489331
0.000475765
0.000462583
0.000449724
0.000437161
0.000424874
0.000412853
0.000401094
0.000389594
0.000378352
0.00036737
0.000356646
0.000346181
0.000335973
0.00032602
0.000316317
0.000306862
0.000297649
0.000288672
0.000279925
0.000271403
0.000263097
0.000255002
0.000247111
0.000239417
0.000231913
0.000224592
0.000217449
0.000210477
0.000203671
0.000197026
0.000190535
0.000184194
0.000177999
0.000171945
0.000166028
0.000160245
0.000154592
0.000149066
0.000143664
0.000138383
0.00013322
0.000128174
0.000123242
0.000118421
0.000113711
0.000109109
0.000104614
0.000100225
9.59391e-05
9.17562e-05
8.76749e-05
8.36942e-05
7.98129e-05
7.60304e-05
7.23456e-05
6.87579e-05
6.52666e-05
6.18704e-05
5.85685e-05
5.53607e-05
5.2247e-05
4.92269e-05
4.62996e-05
4.34649e-05
4.07223e-05
3.80715e-05
3.55118e-05
3.30429e-05
3.06648e-05
2.8377e-05
2.6179e-05
2.40706e-05
2.20517e-05
2.01222e-05
1.82818e-05
1.65305e-05
1.4868e-05
1.32942e-05
1.18088e-05
1.04117e-05
9.10278e-06
7.88211e-06
6.74963e-06
5.7052e-06
4.74872e-06
3.88018e-06
3.09971e-06
2.4074e-06
1.80285e-06
1.28579e-06
8.55942e-07
5.12886e-07
2.57205e-07
8.91665e-08
9.54158e-09
0.000532256
0.000521062
0.000508705
0.000496101
0.000483682
0.000471443
0.00045933
0.000447336
0.000435469
0.000423742
0.000412169
0.000400767
0.000389548
0.000378526
0.000367713
0.000357116
0.000346744
0.000336601
0.00032669
0.000317012
0.000307567
0.000298351
0.000289363
0.000280598
0.000272052
0.00026372
0.000255595
0.000247672
0.000239945
0.000232408
0.000225055
0.000217879
0.000210876
0.00020404
0.000197365
0.000190847
0.00018448
0.00017826
0.000172183
0.000166245
0.000160441
0.00015477
0.000149226
0.000143808
0.000138512
0.000133336
0.000128277
0.000123334
0.000118503
0.000113784
0.000109173
0.000104671
0.000100274
9.59822e-05
9.17937e-05
8.77074e-05
8.37221e-05
7.98368e-05
7.60505e-05
7.23626e-05
6.87724e-05
6.52794e-05
6.18814e-05
5.85766e-05
5.53659e-05
5.22504e-05
4.92292e-05
4.63009e-05
4.34654e-05
4.07222e-05
3.80705e-05
3.55101e-05
3.30406e-05
3.0662e-05
2.83739e-05
2.61756e-05
2.40668e-05
2.20476e-05
2.01178e-05
1.82772e-05
1.65257e-05
1.48631e-05
1.32891e-05
1.18036e-05
1.04063e-05
9.09735e-06
7.87661e-06
6.74408e-06
5.69969e-06
4.74337e-06
3.87505e-06
3.09492e-06
2.40316e-06
1.79932e-06
1.28308e-06
8.54082e-07
5.11811e-07
2.56719e-07
8.90442e-08
9.52935e-09
0.000521081
0.000511594
0.000500989
0.000489977
0.000478886
0.000467731
0.000456507
0.000445239
0.000433962
0.000422713
0.000411525
0.000400428
0.000389452
0.000378619
0.000367952
0.000357466
0.000347176
0.00033709
0.000327217
0.000317562
0.000308127
0.000298912
0.000289916
0.000281138
0.000272575
0.000264221
0.000256072
0.000248124
0.000240372
0.000232808
0.000225428
0.000218227
0.000211199
0.000204338
0.00019764
0.000191099
0.000184711
0.000178471
0.000172376
0.00016642
0.0001606
0.000154913
0.000149356
0.000143925
0.000138617
0.00013343
0.000128361
0.000123408
0.000118569
0.000113842
0.000109225
0.000104716
0.000100314
9.60168e-05
9.18237e-05
8.77333e-05
8.37442e-05
7.98555e-05
7.60663e-05
7.2376e-05
6.87835e-05
6.52875e-05
6.1887e-05
5.85814e-05
5.53705e-05
5.22541e-05
4.92316e-05
4.63024e-05
4.34659e-05
4.07217e-05
3.80692e-05
3.55081e-05
3.3038e-05
3.06589e-05
2.83702e-05
2.61717e-05
2.40629e-05
2.20436e-05
2.01135e-05
1.82727e-05
1.6521e-05
1.48582e-05
1.32841e-05
1.17984e-05
1.04012e-05
9.09212e-06
7.87127e-06
6.73865e-06
5.69426e-06
4.73806e-06
3.87001e-06
3.09028e-06
2.39908e-06
1.79599e-06
1.28058e-06
8.52448e-07
5.10931e-07
2.5636e-07
8.89703e-08
9.52277e-09
0.000513119
0.000504507
0.000495052
0.00048518
0.000475078
0.000464755
0.000454226
0.000443534
0.000432731
0.000421868
0.00041099
0.000400143
0.000389363
0.000378685
0.000368137
0.000357741
0.000347517
0.000337478
0.000327637
0.000318
0.000308573
0.000299359
0.000290358
0.00028157
0.000272991
0.000264621
0.000256454
0.000248486
0.000240712
0.000233128
0.000225727
0.000218505
0.000211457
0.000204577
0.00019786
0.000191301
0.000184896
0.00017864
0.00017253
0.00016656
0.000160727
0.000155028
0.000149459
0.000144018
0.000138701
0.000133505
0.000128428
0.000123468
0.000118622
0.000113889
0.000109266
0.000104752
0.000100346
9.60445e-05
9.18477e-05
8.77539e-05
8.37619e-05
7.98707e-05
7.60792e-05
7.23865e-05
6.87917e-05
6.52938e-05
6.18918e-05
5.85853e-05
5.53737e-05
5.22565e-05
4.92331e-05
4.6303e-05
4.34657e-05
4.07207e-05
3.80676e-05
3.55059e-05
3.30354e-05
3.0656e-05
2.8367e-05
2.61683e-05
2.40594e-05
2.20398e-05
2.01096e-05
1.82686e-05
1.65167e-05
1.48538e-05
1.32795e-05
1.17938e-05
1.03964e-05
9.08732e-06
7.86644e-06
6.73376e-06
5.68933e-06
4.73318e-06
3.86538e-06
3.08608e-06
2.39546e-06
1.79309e-06
1.27851e-06
8.51149e-07
5.10246e-07
2.56092e-07
8.89386e-08
9.5221e-09
0.000507902
0.000499572
0.000490793
0.000481679
0.000472267
0.000462544
0.000452528
0.000442268
0.000431823
0.000421251
0.000410611
0.000399953
0.000389323
0.000378762
0.000368304
0.000357975
0.0003478
0.000337796
0.000327977
0.000318354
0.000308932
0.000299717
0.00029071
0.000281912
0.000273322
0.000264938
0.000256755
0.000248771
0.000240981
0.00023338
0.000225962
0.000218724
0.00021166
0.000204764
0.000198032
0.00019146
0.000185042
0.000178773
0.000172651
0.00016667
0.000160827
0.000155119
0.000149541
0.000144091
0.000138767
0.000133564
0.000128481
0.000123515
0.000118664
0.000113926
0.000109299
0.000104781
0.000100371
9.60665e-05
9.18669e-05
8.77705e-05
8.37762e-05
7.98828e-05
7.60894e-05
7.2395e-05
6.87986e-05
6.52992e-05
6.18961e-05
5.85887e-05
5.53763e-05
5.22584e-05
4.92344e-05
4.63036e-05
4.34655e-05
4.07198e-05
3.80661e-05
3.55041e-05
3.30334e-05
3.06537e-05
2.83645e-05
2.61655e-05
2.40563e-05
2.20367e-05
2.01063e-05
1.8265e-05
1.6513e-05
1.485e-05
1.32757e-05
1.17898e-05
1.03923e-05
9.08337e-06
7.86261e-06
6.72989e-06
5.68524e-06
4.7289e-06
3.86138e-06
3.08259e-06
2.3924e-06
1.79069e-06
1.2769e-06
8.50194e-07
5.0979e-07
2.55943e-07
8.89388e-08
9.52407e-09
0.00050478
0.000496413
0.000487996
0.000479353
0.000470393
0.000461074
0.00045141
0.000441449
0.000431252
0.000420885
0.000410409
0.000399882
0.000389356
0.000378874
0.000368476
0.000358192
0.000348048
0.000338065
0.000328259
0.000318641
0.000309221
0.000300002
0.000290989
0.000282182
0.000273582
0.000265185
0.00025699
0.000248993
0.000241189
0.000233574
0.000226144
0.000218893
0.000211816
0.000204909
0.000198165
0.000191582
0.000185154
0.000178876
0.000172744
0.000166755
0.000160904
0.000155188
0.000149604
0.000144148
0.000138818
0.00013361
0.000128522
0.000123552
0.000118697
0.000113955
0.000109325
0.000104804
0.000100391
9.60841e-05
9.18822e-05
8.77838e-05
8.37877e-05
7.98927e-05
7.60979e-05
7.24021e-05
6.88044e-05
6.5304e-05
6.19e-05
5.85918e-05
5.53788e-05
5.22603e-05
4.92356e-05
4.63042e-05
4.34654e-05
4.07192e-05
3.80651e-05
3.55029e-05
3.30321e-05
3.06522e-05
2.83627e-05
2.61635e-05
2.4054e-05
2.20342e-05
2.01037e-05
1.82624e-05
1.65102e-05
1.4847e-05
1.32727e-05
1.17868e-05
1.03893e-05
9.08042e-06
7.8597e-06
6.72708e-06
5.68241e-06
4.72568e-06
3.85817e-06
3.07975e-06
2.39001e-06
1.78891e-06
1.27573e-06
8.4951e-07
5.09457e-07
2.55846e-07
8.89657e-08
9.53029e-09
0.000503143
0.000494658
0.000486425
0.000478056
0.000469365
0.000460291
0.00045084
0.000441061
0.000431015
0.000420769
0.00041039
0.000399939
0.000389471
0.000379033
0.000368666
0.000358404
0.000348275
0.0003383
0.000328497
0.000318878
0.000309453
0.000300228
0.000291207
0.000282391
0.000273781
0.000265374
0.000257168
0.00024916
0.000241345
0.00023372
0.00022628
0.000219018
0.000211932
0.000205016
0.000198264
0.000191672
0.000185236
0.000178951
0.000172813
0.000166818
0.000160961
0.00015524
0.000149651
0.000144191
0.000138856
0.000133644
0.000128553
0.000123579
0.000118722
0.000113977
0.000109345
0.000104821
0.000100406
9.6098e-05
9.18944e-05
8.77945e-05
8.3797e-05
7.99008e-05
7.61049e-05
7.24081e-05
6.88095e-05
6.53083e-05
6.19037e-05
5.85949e-05
5.53813e-05
5.22621e-05
4.92369e-05
4.6305e-05
4.34658e-05
4.07192e-05
3.8065e-05
3.55027e-05
3.30316e-05
3.06514e-05
2.83617e-05
2.61622e-05
2.40526e-05
2.20326e-05
2.0102e-05
1.82605e-05
1.65082e-05
1.4845e-05
1.32706e-05
1.17846e-05
1.03868e-05
9.07775e-06
7.85717e-06
6.72453e-06
5.68007e-06
4.72425e-06
3.857e-06
3.07795e-06
2.38808e-06
1.78769e-06
1.2751e-06
8.4911e-07
5.09187e-07
2.55755e-07
8.90095e-08
9.54e-09
0.000502555
0.00049402
0.000485885
0.00047765
0.000469088
0.000460127
0.000450772
0.000441071
0.000431086
0.000420888
0.000410544
0.000400118
0.000389667
0.00037924
0.000368878
0.000358617
0.000348486
0.000338506
0.000328697
0.00031907
0.000309637
0.000300403
0.000291373
0.000282547
0.000273927
0.000265511
0.000257296
0.000249279
0.000241456
0.000233823
0.000226374
0.000219106
0.000212013
0.00020509
0.000198332
0.000191735
0.000185293
0.000179003
0.000172861
0.000166861
0.000161001
0.000155276
0.000149684
0.00014422
0.000138883
0.000133669
0.000128575
0.000123599
0.000118739
0.000113993
0.000109359
0.000104834
0.000100418
9.61085e-05
9.19038e-05
8.78028e-05
8.38044e-05
7.99074e-05
7.61107e-05
7.24132e-05
6.88141e-05
6.53123e-05
6.19072e-05
5.85979e-05
5.53838e-05
5.22642e-05
4.92385e-05
4.63063e-05
4.34669e-05
4.072e-05
3.80656e-05
3.55031e-05
3.30317e-05
3.06512e-05
2.83613e-05
2.61617e-05
2.4052e-05
2.20318e-05
2.0101e-05
1.82595e-05
1.65071e-05
1.48437e-05
1.32693e-05
1.17832e-05
1.03852e-05
9.07604e-06
7.85532e-06
6.72264e-06
5.67831e-06
4.7226e-06
3.85553e-06
3.07714e-06
2.3879e-06
1.78774e-06
1.27507e-06
8.48735e-07
5.0889e-07
2.55724e-07
8.90564e-08
9.54815e-09
0.000502785
0.000494324
0.000486234
0.000478024
0.000469473
0.000460512
0.000451149
0.000441434
0.000431432
0.000421215
0.000410851
0.000400405
0.000389934
0.000379487
0.000369107
0.000358828
0.00034868
0.000338685
0.000328861
0.000319221
0.000309776
0.00030053
0.000291489
0.000282654
0.000274025
0.0002656
0.000257378
0.000249354
0.000241524
0.000233885
0.000226431
0.000219158
0.00021206
0.000205133
0.000198372
0.000191771
0.000185327
0.000179034
0.000172888
0.000166887
0.000161024
0.000155297
0.000149703
0.000144238
0.0001389
0.000133684
0.000128588
0.000123611
0.000118751
0.000114004
0.000109369
0.000104843
0.000100426
9.6116e-05
9.19106e-05
8.7809e-05
8.38101e-05
7.99126e-05
7.61155e-05
7.24176e-05
6.8818e-05
6.53159e-05
6.19104e-05
5.86008e-05
5.53864e-05
5.22664e-05
4.92404e-05
4.63078e-05
4.34683e-05
4.07214e-05
3.80669e-05
3.55041e-05
3.30325e-05
3.06518e-05
2.83617e-05
2.61618e-05
2.40519e-05
2.20317e-05
2.01008e-05
1.82592e-05
1.65067e-05
1.48432e-05
1.32684e-05
1.17823e-05
1.03846e-05
9.07544e-06
7.85464e-06
6.72193e-06
5.67766e-06
4.72191e-06
3.85487e-06
3.07682e-06
2.38779e-06
1.78757e-06
1.27497e-06
8.48778e-07
5.08945e-07
2.5575e-07
8.90643e-08
9.54859e-09
0.000503892
0.000495616
0.000487507
0.000479204
0.000470539
0.000461459
0.00045198
0.000442157
0.000432057
0.000421753
0.000411312
0.000400799
0.00039027
0.000379773
0.000369351
0.000359036
0.000348856
0.000338835
0.000328988
0.000319329
0.000309867
0.000300608
0.000291555
0.00028271
0.000274072
0.000265641
0.000257412
0.000249383
0.000241549
0.000233906
0.00022645
0.000219174
0.000212074
0.000205145
0.000198382
0.000191781
0.000185335
0.000179042
0.000172896
0.000166893
0.00016103
0.000155303
0.000149709
0.000144244
0.000138905
0.000133689
0.000128594
0.000123616
0.000118755
0.000114008
0.000109373
0.000104848
0.000100431
9.612e-05
9.19144e-05
8.78127e-05
8.38136e-05
7.9916e-05
7.61188e-05
7.24208e-05
6.8821e-05
6.53188e-05
6.19132e-05
5.86034e-05
5.53888e-05
5.22687e-05
4.92424e-05
4.63096e-05
4.34699e-05
4.0723e-05
3.80684e-05
3.55055e-05
3.30338e-05
3.0653e-05
2.83627e-05
2.61627e-05
2.40527e-05
2.20322e-05
2.01012e-05
1.82595e-05
1.6507e-05
1.48433e-05
1.32684e-05
1.17823e-05
1.03847e-05
9.07569e-06
7.85488e-06
6.72205e-06
5.67763e-06
4.7218e-06
3.85486e-06
3.07697e-06
2.38788e-06
1.78747e-06
1.27497e-06
8.49077e-07
5.09222e-07
2.55806e-07
8.90202e-08
9.54033e-09
0.000506227
0.000498156
0.000489905
0.000481342
0.000472401
0.000463054
0.00045333
0.000443287
0.000432995
0.000422525
0.000411943
0.00040131
0.000390681
0.0003801
0.000369607
0.000359235
0.000349008
0.000338947
0.000329069
0.000319384
0.000309901
0.000300625
0.00029156
0.000282704
0.000274059
0.000265622
0.000257389
0.000249357
0.000241522
0.000233878
0.000226421
0.000219146
0.000212047
0.000205119
0.000198358
0.000191758
0.000185314
0.000179022
0.000172878
0.000166877
0.000161016
0.00015529
0.000149697
0.000144233
0.000138896
0.000133681
0.000128587
0.000123611
0.000118751
0.000114005
0.00010937
0.000104846
0.00010043
9.61195e-05
9.19142e-05
8.78127e-05
8.3814e-05
7.99169e-05
7.612e-05
7.24221e-05
6.88226e-05
6.53205e-05
6.19149e-05
5.86052e-05
5.53906e-05
5.22706e-05
4.92442e-05
4.63113e-05
4.34714e-05
4.07245e-05
3.80699e-05
3.55071e-05
3.30354e-05
3.06545e-05
2.83642e-05
2.61641e-05
2.40539e-05
2.20334e-05
2.01023e-05
1.82605e-05
1.65079e-05
1.48442e-05
1.32693e-05
1.17831e-05
1.03855e-05
9.07653e-06
7.85564e-06
6.72304e-06
5.67847e-06
4.72209e-06
3.85524e-06
3.07755e-06
2.38848e-06
1.78797e-06
1.27528e-06
8.49361e-07
5.09413e-07
2.55847e-07
8.8976e-08
9.5319e-09
0.000510342
0.000502315
0.000493683
0.000484614
0.000475179
0.000465381
0.000455255
0.000444861
0.000434268
0.000423543
0.000412748
0.000401937
0.00039116
0.000380459
0.000369867
0.000359414
0.000349122
0.000339009
0.000329089
0.000319372
0.000309864
0.00030057
0.00029149
0.000282625
0.000273974
0.000265532
0.000257298
0.000249267
0.000241433
0.000233792
0.000226338
0.000219067
0.000211972
0.000205049
0.000198292
0.000191696
0.000185257
0.00017897
0.00017283
0.000166834
0.000160976
0.000155255
0.000149666
0.000144205
0.00013887
0.000133659
0.000128567
0.000123594
0.000118736
0.000113992
0.000109359
0.000104837
0.000100422
9.61133e-05
9.19089e-05
8.78085e-05
8.38106e-05
7.99142e-05
7.61182e-05
7.24212e-05
6.88222e-05
6.53206e-05
6.19156e-05
5.8606e-05
5.53915e-05
5.22716e-05
4.92455e-05
4.63127e-05
4.3473e-05
4.07262e-05
3.80716e-05
3.55088e-05
3.30372e-05
3.06563e-05
2.83659e-05
2.61657e-05
2.40556e-05
2.20351e-05
2.0104e-05
1.82622e-05
1.65095e-05
1.48457e-05
1.32708e-05
1.17845e-05
1.03868e-05
9.07762e-06
7.85675e-06
6.72402e-06
5.67954e-06
4.72359e-06
3.85667e-06
3.07874e-06
2.38963e-06
1.78898e-06
1.276e-06
8.49792e-07
5.09625e-07
2.55888e-07
8.89279e-08
9.52307e-09
0.000516941
0.000508534
0.000499125
0.000489204
0.00047899
0.000468511
0.000457797
0.000446902
0.000435888
0.00042481
0.000413723
0.000402672
0.000391698
0.000380837
0.000370115
0.000359558
0.000349183
0.000339005
0.000329035
0.000319279
0.000309743
0.000300427
0.000291333
0.00028246
0.000273804
0.000265362
0.000257129
0.000249101
0.000241273
0.000233638
0.000226192
0.000218928
0.000211842
0.000204927
0.000198179
0.000191592
0.000185161
0.000178881
0.000172749
0.00016676
0.000160909
0.000155194
0.000149611
0.000144156
0.000138827
0.00013362
0.000128533
0.000123563
0.000118709
0.000113968
0.000109339
0.000104819
0.000100408
9.61013e-05
9.1898e-05
8.77989e-05
8.38029e-05
7.99081e-05
7.61133e-05
7.24172e-05
6.88192e-05
6.53189e-05
6.19149e-05
5.8606e-05
5.53917e-05
5.22719e-05
4.92461e-05
4.63138e-05
4.34746e-05
4.07279e-05
3.80734e-05
3.55107e-05
3.30391e-05
3.06583e-05
2.8368e-05
2.61679e-05
2.40578e-05
2.20373e-05
2.01062e-05
1.82644e-05
1.65118e-05
1.4848e-05
1.32731e-05
1.17868e-05
1.0389e-05
9.07964e-06
7.8585e-06
6.7257e-06
5.68136e-06
4.7256e-06
3.85871e-06
3.08069e-06
2.39139e-06
1.79039e-06
1.27697e-06
8.50371e-07
5.09887e-07
2.55946e-07
8.88886e-08
9.51585e-09
0.000526723
0.000517226
0.00050648
0.000495257
0.000483916
0.000472487
0.000460975
0.000449414
0.000437846
0.000426314
0.000414853
0.000403497
0.000392276
0.000381214
0.000370333
0.000359648
0.000349173
0.000338918
0.000328888
0.000319088
0.00030952
0.000300183
0.000291076
0.000282195
0.000273538
0.000265098
0.000256871
0.000248851
0.000241033
0.00023341
0.000225976
0.000218725
0.000211651
0.00020475
0.000198014
0.000191439
0.00018502
0.000178753
0.000172631
0.000166653
0.000160812
0.000155106
0.000149532
0.000144085
0.000138763
0.000133563
0.000128482
0.000123519
0.00011867
0.000113934
0.000109309
0.000104793
0.000100384
9.60803e-05
9.18813e-05
8.77855e-05
8.37916e-05
7.98989e-05
7.61057e-05
7.24109e-05
6.88144e-05
6.53154e-05
6.19124e-05
5.86044e-05
5.5391e-05
5.22719e-05
4.92467e-05
4.63149e-05
4.3476e-05
4.07296e-05
3.80754e-05
3.55128e-05
3.30414e-05
3.06607e-05
2.83706e-05
2.61706e-05
2.40605e-05
2.204e-05
2.0109e-05
1.82673e-05
1.65148e-05
1.48511e-05
1.32761e-05
1.17898e-05
1.0392e-05
9.08258e-06
7.86138e-06
6.72855e-06
5.68423e-06
4.72849e-06
3.86141e-06
3.08312e-06
2.39356e-06
1.79211e-06
1.27815e-06
8.51087e-07
5.1025e-07
2.56059e-07
8.88666e-08
9.51052e-09
0.000540145
0.00052862
0.000515849
0.000502807
0.000489951
0.000477282
0.000464752
0.000452355
0.000440104
0.000428013
0.000416099
0.000404376
0.000392859
0.00038156
0.00037049
0.000359657
0.000349066
0.000338722
0.000328626
0.000318779
0.000309177
0.000299819
0.0002907
0.000281816
0.000273161
0.000264728
0.000256512
0.000248506
0.000240703
0.000233097
0.000225681
0.000218448
0.000211393
0.000204509
0.000197792
0.000191234
0.000184832
0.00017858
0.000172474
0.000166509
0.000160682
0.000154989
0.000149426
0.000143989
0.000138677
0.000133487
0.000128415
0.000123459
0.000118617
0.000113888
0.000109268
0.000104757
0.000100353
9.60535e-05
9.18584e-05
8.77664e-05
8.37759e-05
7.98854e-05
7.60942e-05
7.24021e-05
6.88079e-05
6.53101e-05
6.19081e-05
5.86013e-05
5.53892e-05
5.22711e-05
4.92468e-05
4.63157e-05
4.34774e-05
4.07315e-05
3.80776e-05
3.55153e-05
3.30442e-05
3.06638e-05
2.83737e-05
2.61738e-05
2.40638e-05
2.20435e-05
2.01126e-05
1.8271e-05
1.65185e-05
1.48549e-05
1.328e-05
1.17937e-05
1.03959e-05
9.08645e-06
7.86525e-06
6.7324e-06
5.68805e-06
4.7322e-06
3.86487e-06
3.08619e-06
2.39615e-06
1.79414e-06
1.2796e-06
8.52003e-07
5.10721e-07
2.56227e-07
8.88731e-08
9.5095e-09
0.000557127
0.000542558
0.000527056
0.000511686
0.000496944
0.000482763
0.00046901
0.000455624
0.000442571
0.000429832
0.000417393
0.000405249
0.000393394
0.000381826
0.000370543
0.000359544
0.000348826
0.000338386
0.000328219
0.000318322
0.000308688
0.000299312
0.000290186
0.000281303
0.000272656
0.000264237
0.000256038
0.000248053
0.000240272
0.00023269
0.000225298
0.00021809
0.000211059
0.0002042
0.000197505
0.00019097
0.00018459
0.000178358
0.000172272
0.000166326
0.000160516
0.000154838
0.00014929
0.000143868
0.000138569
0.00013339
0.000128328
0.000123382
0.00011855
0.000113828
0.000109216
0.000104712
0.000100313
9.60198e-05
9.18296e-05
8.77417e-05
8.37548e-05
7.98679e-05
7.60799e-05
7.23903e-05
6.87982e-05
6.53025e-05
6.19023e-05
5.85972e-05
5.53864e-05
5.22696e-05
4.92463e-05
4.63162e-05
4.34787e-05
4.07334e-05
3.80801e-05
3.55182e-05
3.30474e-05
3.06672e-05
2.83773e-05
2.61775e-05
2.40676e-05
2.20475e-05
2.01168e-05
1.82753e-05
1.65229e-05
1.48594e-05
1.32846e-05
1.17983e-05
1.04005e-05
9.09106e-06
7.86989e-06
6.73704e-06
5.69263e-06
4.73661e-06
3.86896e-06
3.08981e-06
2.39921e-06
1.79655e-06
1.28136e-06
8.53138e-07
5.11332e-07
2.56477e-07
8.89191e-08
9.5142e-09
0.000576773
0.000558301
0.000539511
0.000521434
0.000504533
0.00048864
0.000473519
0.000459032
0.000445092
0.000431639
0.000418626
0.00040602
0.000393797
0.000381938
0.000370427
0.000359251
0.000348399
0.000337861
0.000327624
0.00031768
0.000308019
0.00029863
0.000289503
0.00028063
0.000271999
0.000263602
0.00025543
0.000247473
0.000239723
0.000232173
0.000224814
0.000217638
0.00021064
0.000203811
0.000197147
0.000190641
0.000184288
0.000178083
0.00017202
0.000166097
0.000160309
0.000154652
0.000149122
0.000143717
0.000138434
0.000133269
0.000128221
0.000123287
0.000118466
0.000113754
0.000109151
0.000104655
0.000100264
9.59774e-05
9.17932e-05
8.77106e-05
8.37284e-05
7.98457e-05
7.60616e-05
7.23752e-05
6.87857e-05
6.52924e-05
6.18946e-05
5.85915e-05
5.53825e-05
5.22672e-05
4.92452e-05
4.63161e-05
4.34795e-05
4.07351e-05
3.80824e-05
3.5521e-05
3.30506e-05
3.06707e-05
2.83811e-05
2.61815e-05
2.40718e-05
2.20519e-05
2.01214e-05
1.82801e-05
1.65278e-05
1.48644e-05
1.32897e-05
1.18035e-05
1.04057e-05
9.09629e-06
7.8751e-06
6.7422e-06
5.69765e-06
4.74139e-06
3.87342e-06
3.09385e-06
2.40266e-06
1.79931e-06
1.28339e-06
8.54487e-07
5.12085e-07
2.56808e-07
8.90016e-08
9.52387e-09
0.000597208
0.000574412
0.000552132
0.000531243
0.00051211
0.000494449
0.000477916
0.000462293
0.000447437
0.000433243
0.000419635
0.000406553
0.000393951
0.000381793
0.000370051
0.000358699
0.000347716
0.000337084
0.000326785
0.000316803
0.000307123
0.000297732
0.000288616
0.000279763
0.00027116
0.000262797
0.000254662
0.000246745
0.000239038
0.00023153
0.000224213
0.000217079
0.000210122
0.000203333
0.000196706
0.000190237
0.000183918
0.000177745
0.000171713
0.000165818
0.000160057
0.000154424
0.000148917
0.000143533
0.000138269
0.000133122
0.00012809
0.000123171
0.000118363
0.000113664
0.000109072
0.000104586
0.000100204
9.5925e-05
9.17481e-05
8.76719e-05
8.36954e-05
7.98178e-05
7.60382e-05
7.23557e-05
6.87697e-05
6.52794e-05
6.18843e-05
5.85836e-05
5.53768e-05
5.22633e-05
4.92428e-05
4.6315e-05
4.34795e-05
4.0736e-05
3.80841e-05
3.55233e-05
3.30533e-05
3.06739e-05
2.83847e-05
2.61856e-05
2.40762e-05
2.20564e-05
2.01261e-05
1.8285e-05
1.65328e-05
1.48694e-05
1.32947e-05
1.18086e-05
1.0411e-05
9.10165e-06
7.88042e-06
6.74749e-06
5.70282e-06
4.74636e-06
3.87809e-06
3.09812e-06
2.40637e-06
1.8023e-06
1.28565e-06
8.56024e-07
5.12974e-07
2.57223e-07
8.91184e-08
9.53716e-09
0.000615631
0.000588819
0.00056339
0.000539992
0.000518845
0.000499566
0.00048172
0.000465026
0.000449296
0.000434392
0.000420209
0.000406666
0.000393699
0.000381256
0.000369296
0.000357781
0.000346683
0.000335972
0.000325626
0.000315623
0.000305942
0.000296566
0.000287477
0.000278661
0.000270102
0.000261788
0.000253706
0.000245844
0.000238191
0.000230739
0.000223477
0.000216396
0.00020949
0.000202751
0.000196172
0.000189747
0.00018347
0.000177337
0.000171343
0.000165482
0.000159753
0.00015415
0.000148671
0.000143312
0.000138071
0.000132945
0.000127933
0.000123032
0.000118239
0.000113555
0.000108976
0.000104502
0.00010013
9.58611e-05
9.16927e-05
8.76242e-05
8.36546e-05
7.9783e-05
7.60087e-05
7.2331e-05
6.87491e-05
6.52624e-05
6.18705e-05
5.85726e-05
5.53683e-05
5.22571e-05
4.92385e-05
4.63124e-05
4.34783e-05
4.07359e-05
3.80848e-05
3.55248e-05
3.30554e-05
3.06764e-05
2.83877e-05
2.6189e-05
2.408e-05
2.20605e-05
2.01303e-05
1.82894e-05
1.65374e-05
1.48741e-05
1.32995e-05
1.18135e-05
1.04163e-05
9.10687e-06
7.88526e-06
6.75224e-06
5.70776e-06
4.75131e-06
3.88275e-06
3.10228e-06
2.40997e-06
1.8053e-06
1.28798e-06
8.57662e-07
5.13959e-07
2.57702e-07
8.92599e-08
9.5532e-09
0.000628643
0.000599094
0.000571543
0.000546426
0.000523824
0.000503299
0.000484393
0.0004668
0.000450317
0.000434788
0.000420096
0.000406143
0.000392854
0.000380164
0.000368019
0.000356374
0.000345189
0.00033443
0.000324065
0.000314066
0.00030441
0.000295073
0.000286035
0.000277279
0.000268785
0.000260541
0.00025253
0.00024474
0.00023716
0.000229779
0.000222586
0.000215572
0.00020873
0.000202052
0.000195531
0.000189161
0.000182936
0.000176851
0.000170902
0.000165083
0.000159392
0.000153825
0.000148378
0.000143049
0.000137836
0.000132736
0.000127746
0.000122866
0.000118092
0.000113425
0.000108861
0.000104401
0.000100042
9.57841e-05
9.16258e-05
8.75662e-05
8.36046e-05
7.97401e-05
7.59721e-05
7.22999e-05
6.87229e-05
6.52405e-05
6.18523e-05
5.85578e-05
5.53564e-05
5.22478e-05
4.92315e-05
4.63073e-05
4.34748e-05
4.07337e-05
3.80839e-05
3.55247e-05
3.30561e-05
3.06778e-05
2.83895e-05
2.61913e-05
2.40827e-05
2.20636e-05
2.01338e-05
1.8293e-05
1.65411e-05
1.4878e-05
1.33036e-05
1.18178e-05
1.04207e-05
9.11132e-06
7.8896e-06
6.75661e-06
5.71219e-06
4.75563e-06
3.88685e-06
3.10605e-06
2.41332e-06
1.80813e-06
1.29023e-06
8.59282e-07
5.14957e-07
2.58198e-07
8.94093e-08
9.56971e-09
0.000632985
0.000603058
0.000575137
0.000549546
0.000526313
0.000505081
0.00048547
0.000467224
0.000450162
0.000434141
0.000419042
0.000404764
0.000391224
0.000378349
0.000366076
0.000354351
0.000343127
0.000332362
0.000322018
0.000312063
0.000302466
0.000293202
0.000284246
0.000275577
0.000267176
0.000259026
0.00025111
0.000243415
0.000235927
0.000228635
0.000221528
0.000214597
0.000207834
0.00020123
0.00019478
0.000188475
0.000182312
0.000176284
0.000170387
0.000164618
0.000158972
0.000153447
0.000148038
0.000142745
0.000137563
0.000132492
0.000127529
0.000122673
0.000117921
0.000113273
0.000108727
0.000104283
9.99384e-05
9.56933e-05
9.15466e-05
8.74973e-05
8.35449e-05
7.96885e-05
7.59277e-05
7.22619e-05
6.86905e-05
6.52131e-05
6.18293e-05
5.85385e-05
5.53405e-05
5.22349e-05
4.92212e-05
4.62991e-05
4.34686e-05
4.07291e-05
3.80805e-05
3.55224e-05
3.30547e-05
3.06772e-05
2.83897e-05
2.61918e-05
2.40837e-05
2.20652e-05
2.01359e-05
1.82956e-05
1.65439e-05
1.48809e-05
1.33066e-05
1.18209e-05
1.04235e-05
9.11434e-06
7.89322e-06
6.76037e-06
5.71573e-06
4.75896e-06
3.89004e-06
3.10912e-06
2.4161e-06
1.81051e-06
1.29215e-06
8.60674e-07
5.15816e-07
2.58627e-07
8.95425e-08
9.58558e-09
0.000627202
0.00060029
0.00057393
0.000549026
0.000525887
0.000504409
0.000484406
0.000465735
0.000448278
0.000431919
0.000416548
0.000402066
0.000388385
0.000375426
0.000363117
0.000351399
0.000340215
0.000329516
0.000319261
0.000309411
0.000299931
0.000290792
0.000281967
0.000273431
0.000265164
0.000257145
0.000249359
0.00024179
0.000234423
0.000227247
0.000220251
0.000213425
0.000206761
0.00020025
0.000193885
0.000187662
0.000181573
0.000175615
0.000169783
0.000164072
0.000158481
0.000153005
0.000147642
0.00014239
0.000137246
0.000132209
0.000127277
0.000122449
0.000117723
0.000113099
0.000108575
0.000104148
9.98197e-05
9.55888e-05
9.14549e-05
8.74171e-05
8.34749e-05
7.96277e-05
7.5875e-05
7.22163e-05
6.86513e-05
6.51796e-05
6.18006e-05
5.85142e-05
5.532e-05
5.22176e-05
4.92068e-05
4.62873e-05
4.34588e-05
4.07211e-05
3.80741e-05
3.55174e-05
3.30509e-05
3.06744e-05
2.83876e-05
2.61904e-05
2.40829e-05
2.20651e-05
2.01364e-05
1.82963e-05
1.65448e-05
1.4882e-05
1.33079e-05
1.18224e-05
1.04252e-05
9.11614e-06
7.89521e-06
6.76247e-06
5.71782e-06
4.76104e-06
3.89213e-06
3.11116e-06
2.41801e-06
1.81222e-06
1.29358e-06
8.61669e-07
5.16356e-07
2.58874e-07
8.96096e-08
9.59381e-09
0.000616607
0.000595947
0.000570675
0.00054579
0.000522387
0.000500499
0.000480059
0.000461009
0.000443258
0.000426697
0.000411211
0.00039669
0.000383034
0.000370155
0.00035797
0.000346411
0.000335412
0.00032492
0.000314885
0.000305264
0.000296018
0.000287115
0.000278523
0.000270217
0.000262173
0.000254371
0.000246793
0.000239421
0.000232243
0.000225246
0.000218417
0.000211749
0.000205231
0.000198857
0.00019262
0.000186514
0.000180534
0.000174676
0.000168935
0.000163309
0.000157794
0.000152388
0.000147089
0.000141895
0.000136803
0.000131814
0.000126925
0.000122135
0.000117443
0.000112848
0.00010835
0.00010395
9.96455e-05
9.54362e-05
9.13211e-05
8.73001e-05
8.33727e-05
7.95385e-05
7.57973e-05
7.21488e-05
6.85927e-05
6.51288e-05
6.17569e-05
5.84765e-05
5.52876e-05
5.21898e-05
4.91831e-05
4.6267e-05
4.34415e-05
4.07065e-05
3.80617e-05
3.5507e-05
3.30422e-05
3.06671e-05
2.83816e-05
2.61855e-05
2.4079e-05
2.2062e-05
2.01338e-05
1.82942e-05
1.65433e-05
1.48809e-05
1.33071e-05
1.18218e-05
1.04249e-05
9.11616e-06
7.89552e-06
6.76285e-06
5.71808e-06
4.76138e-06
3.89284e-06
3.11218e-06
2.41886e-06
1.81295e-06
1.29432e-06
8.62042e-07
5.16469e-07
2.58916e-07
8.95302e-08
9.57757e-09
)
;

boundaryField
{
    inlet
    {
        type            calculated;
        value           nonuniform List<scalar> 
30
(
0.010441
0.0104575
0.0105196
0.0106255
0.0107697
0.0109428
0.0111324
0.0113257
0.0115108
0.0116777
0.0118186
0.0119289
0.0120062
0.0120505
0.0120637
0.0120486
0.0120054
0.0119312
0.0118247
0.0116864
0.011519
0.0113277
0.0111205
0.0109077
0.0107014
0.0105146
0.0103596
0.010246
0.0101793
0.0101608
)
;
    }
    outlet
    {
        type            calculated;
        value           uniform 0;
    }
    top
    {
        type            calculated;
        value           nonuniform List<scalar> 
135
(
0.0101608
0.0101429
0.010119
0.0100972
0.010079
0.0100477
0.00995336
0.00977809
0.00953844
0.00924024
0.00888738
0.00848356
0.00803237
0.00753897
0.0070103
0.00645255
0.00587702
0.00529458
0.00471769
0.00415944
0.00363209
0.00314573
0.00270741
0.0023205
0.00198493
0.00169805
0.00145825
0.00125848
0.00109385
0.00095962
0.000851408
0.000765557
0.000698557
0.000647617
0.00061739
0.000616607
0.000595947
0.000570675
0.00054579
0.000522387
0.000500499
0.000480059
0.000461009
0.000443258
0.000426697
0.000411211
0.00039669
0.000383034
0.000370155
0.00035797
0.000346411
0.000335412
0.00032492
0.000314885
0.000305264
0.000296018
0.000287115
0.000278523
0.000270217
0.000262173
0.000254371
0.000246793
0.000239421
0.000232243
0.000225246
0.000218417
0.000211749
0.000205231
0.000198857
0.00019262
0.000186514
0.000180534
0.000174676
0.000168935
0.000163309
0.000157794
0.000152388
0.000147089
0.000141895
0.000136803
0.000131814
0.000126925
0.000122135
0.000117443
0.000112848
0.00010835
0.00010395
9.96455e-05
9.54362e-05
9.13211e-05
8.73001e-05
8.33727e-05
7.95385e-05
7.57973e-05
7.21488e-05
6.85927e-05
6.51288e-05
6.17569e-05
5.84765e-05
5.52876e-05
5.21898e-05
4.91831e-05
4.6267e-05
4.34415e-05
4.07065e-05
3.80617e-05
3.5507e-05
3.30422e-05
3.06671e-05
2.83816e-05
2.61855e-05
2.4079e-05
2.2062e-05
2.01338e-05
1.82942e-05
1.65433e-05
1.48809e-05
1.33071e-05
1.18218e-05
1.04249e-05
9.11616e-06
7.89552e-06
6.76285e-06
5.71808e-06
4.76138e-06
3.89284e-06
3.11218e-06
2.41886e-06
1.81295e-06
1.29432e-06
8.62042e-07
5.16469e-07
2.58916e-07
8.95302e-08
9.57757e-09
)
;
    }
    bottom
    {
        type            calculated;
        value           nonuniform List<scalar> 
135
(
0.010441
0.0104247
0.0104033
0.0103844
0.0103686
0.010326
0.0102395
0.0100743
0.00984495
0.00955535
0.0092082
0.00880473
0.00834633
0.00783736
0.00728433
0.00669499
0.00608301
0.00546206
0.00484748
0.00425456
0.00369689
0.00318528
0.00272695
0.00232515
0.00197929
0.00168612
0.00144336
0.00124305
0.00107931
0.000946685
0.00084001
0.000755056
0.000688094
0.000636364
0.000604507
0.000596318
0.000576772
0.000553123
0.000529908
0.000508072
0.000487613
0.000468458
0.000450554
0.000433825
0.000418173
0.000403498
0.000389702
0.000376697
0.000364401
0.000352742
0.000341657
0.000331088
0.000320984
0.000311302
0.000302001
0.000293046
0.000284408
0.000276057
0.000267971
0.000260127
0.000252507
0.000245095
0.000237875
0.000230834
0.000223962
0.000217247
0.000210683
0.000204259
0.000197971
0.000191812
0.000185777
0.000179861
0.000174061
0.000168373
0.000162795
0.000157324
0.000151958
0.000146695
0.000141534
0.000136472
0.00013151
0.000126645
0.000121878
0.000117207
0.000112631
0.00010815
0.000103765
9.9476e-05
9.52802e-05
9.11776e-05
8.7168e-05
8.32512e-05
7.94269e-05
7.56949e-05
7.20549e-05
6.85068e-05
6.50504e-05
6.16854e-05
5.84117e-05
5.5229e-05
5.21372e-05
4.91358e-05
4.62248e-05
4.3404e-05
4.06732e-05
3.80326e-05
3.54818e-05
3.30208e-05
3.06492e-05
2.83671e-05
2.61742e-05
2.40703e-05
2.20553e-05
2.0129e-05
1.82915e-05
1.65426e-05
1.48822e-05
1.33102e-05
1.18263e-05
1.04304e-05
9.12264e-06
7.90286e-06
6.77098e-06
5.72695e-06
4.77022e-06
3.90066e-06
3.11819e-06
2.42308e-06
1.81616e-06
1.29714e-06
8.64562e-07
5.18236e-07
2.59816e-07
8.98519e-08
9.61253e-09
)
;
    }
    obstacle
    {
        type            calculated;
        value           nonuniform List<scalar> 
120
(
0.0771875
0.0715211
0.0650821
0.0585329
0.0520001
0.0454831
0.039127
0.0330711
0.0274295
0.0222914
0.0177137
0.0137214
0.0103152
0.0074808
0.00519977
0.00345773
0.00225073
0.00158848
0.00149178
0.00198768
0.00310173
0.00484677
0.00721228
0.0101573
0.0136081
0.0174588
0.0215767
0.0259282
0.0303982
0.0344476
0.0392612
0.0447364
0.051384
0.0592414
0.0684575
0.0794574
0.0927575
0.108869
0.12813
0.150511
0.175278
0.200787
0.224574
0.243678
0.254363
0.254463
0.243965
0.225014
0.201336
0.175899
0.151172
0.12881
0.109557
0.0934446
0.080138
0.0691239
0.0598844
0.0519947
0.0453135
0.039829
0.0793946
0.0736299
0.0670019
0.060211
0.0534274
0.046672
0.0400995
0.0338547
0.0280542
0.022787
0.0181083
0.0140407
0.0105813
0.00771317
0.00541494
0.00367023
0.00247358
0.00183396
0.00177165
0.00231304
0.00348266
0.00529129
0.00772472
0.0107365
0.0142455
0.0181375
0.0222727
0.0266132
0.0310405
0.0350408
0.0835265
0.0903355
0.0978898
0.106003
0.114583
0.12395
0.134553
0.146877
0.161309
0.177955
0.196412
0.215538
0.233517
0.248098
0.256406
0.256724
0.24901
0.234906
0.217271
0.19837
0.180037
0.163434
0.148994
0.136639
0.126004
0.116629
0.108075
0.100027
0.0925275
0.0857591
)
;
    }
    frontAndBack
    {
        type            empty;
    }
}


// ************************************************************************* //
