/*--------------------------------*- C++ -*----------------------------------*\
  =========                 |
  \\      /  F ield         | OpenFOAM: The Open Source CFD Toolbox
   \\    /   O peration     | Website:  https://openfoam.org
    \\  /    A nd           | Version:  12
     \\/     M anipulation  |
\*---------------------------------------------------------------------------*/
FoamFile
{
    format      ascii;
    class       volScalarField;
    location    "180";
    object      pPrime2Mean;
}
// * * * * * * * * * * * * * * * * * * * * * * * * * * * * * * * * * * * * * //

dimensions      [0 4 -4 0 0 0 0];

internalField   nonuniform List<scalar> 
6750
(
0.00714381
0.00713307
0.00711926
0.00710703
0.00709498
0.00715014
0.0071355
0.00711249
0.00708515
0.00705662
0.0071875
0.00716934
0.00713944
0.00710108
0.0070599
0.0072546
0.00723523
0.00720302
0.00716102
0.00711602
0.00734763
0.0073299
0.0073003
0.00726128
0.00721949
0.00746016
0.00744657
0.00742369
0.00739284
0.00735965
0.0075841
0.00757654
0.0075634
0.00754457
0.00752409
0.00771087
0.00771056
0.00770914
0.00770486
0.00769993
0.00783249
0.00783996
0.00785112
0.00786258
0.00787467
0.00794223
0.00795736
0.00798094
0.00800803
0.0080372
0.00803505
0.00805714
0.00809206
0.00813352
0.00817854
0.00810767
0.00813562
0.00818006
0.00823366
0.00829221
0.00815857
0.00819096
0.0082426
0.00830546
0.00837442
0.00818771
0.00822299
0.00827927
0.00834814
0.00842395
0.00819629
0.00823286
0.00829121
0.00836282
0.0084418
0.00818626
0.00822263
0.0082807
0.00835197
0.00843058
0.0081576
0.00819228
0.00824769
0.00831554
0.00839023
0.00810852
0.00813994
0.00819013
0.0082513
0.00831841
0.00803816
0.00806481
0.00810728
0.00815859
0.0082146
0.00794684
0.00796738
0.00799991
0.00803858
0.0080805
0.0078364
0.00784977
0.00787068
0.00789462
0.0079203
0.00771035
0.00771597
0.00772429
0.00773241
0.0077408
0.00757399
0.00757181
0.00756749
0.00755984
0.00755116
0.00743422
0.00742481
0.00740884
0.00738671
0.00736258
0.00729915
0.00728378
0.00725817
0.00722418
0.00718752
0.00717742
0.00715801
0.00712584
0.00708386
0.00703884
0.00707722
0.00705626
0.00702165
0.00697687
0.00692891
0.00700496
0.00698531
0.00695315
0.00691219
0.0068683
0.00696448
0.00694849
0.00692341
0.00689364
0.00686259
0.0069569
0.00694506
0.00692957
0.00691543
0.0069017
0.00705609
0.00700013
0.00689316
0.00674287
0.00655191
0.00632219
0.00605449
0.00574961
0.00541048
0.00504156
0.00464743
0.00423764
0.00382112
0.00340809
0.00300877
0.00263229
0.00228593
0.00197465
0.00170071
0.00146379
0.00126162
0.00109345
0.000953619
0.000838256
0.000743809
0.000666894
0.000604707
0.000554696
0.000515011
0.000490019
0.00706117
0.00696882
0.00683336
0.00665961
0.00644901
0.00620283
0.00592275
0.00561134
0.00527254
0.00491079
0.00453012
0.00413998
0.00374734
0.00336047
0.0029874
0.00263515
0.00230939
0.00201399
0.00175105
0.0015211
0.0013235
0.00115394
0.00101172
0.000893079
0.000794799
0.000714116
0.00064844
0.000595156
0.000551505
0.000518079
0.0070357
0.0069154
0.00675767
0.00656695
0.00634301
0.00608708
0.00580106
0.00548797
0.00515226
0.00479781
0.00442981
0.00405664
0.00368409
0.003319
0.0029677
0.00263567
0.00232725
0.00204552
0.00179226
0.00156795
0.00137204
0.00120324
0.00105943
0.000938086
0.00083659
0.000752419
0.000683179
0.000626375
0.000579914
0.000544285
0.00699521
0.00685665
0.00668293
0.00648014
0.00624826
0.00598771
0.00570019
0.00538892
0.00505825
0.00471128
0.00435464
0.003995
0.00363763
0.00328849
0.00295292
0.00263549
0.0023398
0.00206846
0.00182301
0.00160399
0.00141106
0.00124336
0.00109917
0.000976433
0.000872884
0.000786163
0.000713784
0.000653401
0.000603592
0.000568156
0.00694993
0.00679844
0.00661262
0.0064006
0.00616358
0.00590115
0.00561476
0.00530732
0.00498271
0.00464357
0.00429708
0.00394848
0.00360287
0.00326563
0.00294159
0.00263489
0.00234878
0.00208563
0.00184685
0.00163293
0.0014436
0.00127797
0.00113459
0.00101164
0.00090702
0.000818482
0.000743545
0.000679713
0.000626952
0.000591781
0.00690692
0.00674554
0.00655068
0.00633167
0.00609089
0.00582818
0.00554421
0.0052415
0.00492308
0.00459155
0.00425372
0.00391398
0.00357727
0.0032487
0.00293292
0.00263391
0.00235489
0.00209813
0.00186495
0.00165578
0.00147022
0.00130731
0.00116558
0.00104324
0.000938262
0.000848501
0.000771469
0.000704824
0.000649621
0.00061497
0.00687069
0.00670156
0.00649963
0.0062755
0.00603206
0.00576974
0.00548873
0.00519086
0.00487809
0.00455342
0.00422266
0.0038897
0.00355941
0.00323681
0.00292655
0.00263275
0.0023587
0.00210671
0.00187809
0.00167312
0.00149126
0.00133134
0.00119172
0.00107052
0.000965694
0.0008752
0.000796624
0.000727804
0.000670663
0.00063677
0.00684492
0.00666956
0.00646192
0.00623368
0.0059887
0.00572685
0.00544876
0.00515525
0.00484721
0.00452827
0.0042028
0.00387458
0.00354842
0.00322938
0.0029223
0.00263152
0.00236057
0.00211189
0.00188675
0.00168535
0.00150691
0.00135
0.00121273
0.00109302
0.000988821
0.000897948
0.000818327
0.000748005
0.000689383
0.000656279
0.00683295
0.00665238
0.00643967
0.00620781
0.00596163
0.00570034
0.0054247
0.00513463
0.0048303
0.00451555
0.0041935
0.00386794
0.00354372
0.00322602
0.00291998
0.00263029
0.00236075
0.00211397
0.00189128
0.00169271
0.00151729
0.00136325
0.00122841
0.00111047
0.00100728
0.000916568
0.000836429
0.000764987
0.000705221
0.000672759
0.00683807
0.00665279
0.00643509
0.00619957
0.00595202
0.00569127
0.00541718
0.00512925
0.00482745
0.00451505
0.00419444
0.00386945
0.003545
0.0032265
0.0029195
0.00262907
0.00235935
0.00211315
0.00189183
0.00169532
0.0015224
0.00137099
0.00123858
0.00112263
0.00102073
0.000930715
0.000850512
0.000778282
0.000717619
0.000685552
0.00686365
0.00667368
0.00645056
0.00621071
0.00596111
0.00570034
0.00542691
0.00513967
0.00483893
0.00452689
0.00420563
0.00387902
0.00355213
0.00323073
0.0029208
0.00262787
0.00235643
0.00210949
0.00188847
0.0016932
0.00152221
0.00137312
0.0012431
0.00112929
0.00102903
0.000940107
0.000860163
0.000787426
0.000726062
0.000694099
0.00691342
0.00671822
0.00648874
0.00624342
0.00599075
0.00572891
0.00545482
0.00516678
0.00486531
0.00455148
0.00422733
0.0038968
0.00356519
0.00323871
0.00292387
0.00262668
0.00235197
0.00210299
0.00188119
0.0016863
0.00151664
0.00136954
0.00124181
0.00113027
0.00103193
0.000944429
0.000864959
0.000791953
0.000730106
0.000697965
0.00699168
0.00679015
0.006553
0.00630068
0.00604367
0.00577881
0.00550231
0.00521184
0.0049075
0.00458953
0.00426005
0.00392313
0.00358438
0.00325056
0.00292876
0.00262548
0.00234592
0.00209355
0.00186987
0.00167453
0.00150561
0.00136013
0.00123459
0.00112538
0.00102911
0.000943091
0.000864441
0.000791458
0.000729401
0.000696856
0.00710364
0.00689404
0.00664741
0.00638597
0.00612249
0.00585261
0.00557158
0.00527658
0.00496682
0.0046421
0.00430458
0.00395852
0.00361004
0.00326648
0.00293554
0.00262426
0.00233821
0.00208106
0.00185439
0.00165775
0.00148899
0.0013448
0.00122129
0.00111437
0.00102032
0.000935933
0.000858309
0.000785688
0.000723779
0.000690681
0.00725558
0.00703564
0.00677719
0.00650395
0.00623147
0.00595389
0.00566557
0.00536338
0.0050452
0.00471065
0.00436195
0.00400371
0.00364261
0.00328671
0.00294434
0.00262303
0.00232873
0.00206535
0.00183455
0.00163578
0.00146662
0.00132339
0.00120171
0.00109707
0.00100526
0.000922684
0.0008464
0.000774578
0.000713304
0.000679655
0.00745544
0.0072224
0.00694933
0.00666104
0.0063763
0.00608756
0.00578864
0.00547563
0.00514524
0.00479707
0.0044335
0.00405957
0.00368268
0.00331159
0.00295526
0.00262175
0.00231738
0.0020463
0.0018102
0.00160843
0.00143829
0.00129563
0.00117559
0.0010732
0.000983715
0.000903219
0.000828732
0.000758327
0.000698379
0.000664456
0.00771362
0.00746422
0.00717331
0.00686588
0.0065647
0.0062604
0.00594663
0.0056178
0.00527032
0.00490381
0.00452089
0.00412721
0.00373092
0.00334147
0.00296843
0.00262037
0.00230402
0.00202373
0.00178118
0.00157552
0.00140373
0.00126122
0.00114259
0.0010424
0.000955547
0.000877622
0.000805634
0.000737572
0.000679989
0.000646483
0.00804417
0.00777452
0.00746183
0.00712977
0.00680668
0.00648129
0.00614645
0.00579547
0.00542471
0.00503391
0.0046262
0.00420798
0.00378811
0.00337671
0.00298393
0.00261883
0.00228851
0.00199746
0.00174728
0.00153682
0.00136271
0.00121992
0.00110257
0.0010047
0.00092085
0.000846336
0.000777969
0.00071369
0.000660082
0.000628313
0.00846639
0.00817129
0.00783156
0.00746765
0.00711539
0.00676129
0.00639698
0.00601559
0.00561361
0.00519112
0.00475201
0.00430346
0.00385508
0.00341762
0.00300178
0.00261704
0.00227073
0.00196733
0.00170827
0.00149211
0.00131507
0.0011717
0.00105567
0.00096051
0.000880421
0.000810564
0.000747639
0.00068943
0.000642257
0.000614428
0.00900696
0.00867904
0.00830491
0.0078991
0.00750764
0.00711396
0.00670935
0.00628678
0.00584339
0.00537995
0.00490124
0.00441535
0.00393265
0.0034645
0.00302202
0.00261493
0.00225055
0.0019332
0.00166403
0.00144128
0.00126084
0.00111687
0.00100262
0.000911169
0.00083636
0.000773199
0.000718519
0.000670041
0.000633075
0.000612632
0.00970319
0.00933191
0.00891284
0.00845102
0.00800547
0.00755737
0.00709764
0.00661983
0.00612186
0.00560565
0.00507717
0.00454549
0.00402172
0.00351768
0.00304468
0.00261239
0.00222785
0.00189497
0.00161454
0.0013845
0.00120045
0.00105631
0.000944981
0.00085919
0.000792429
0.000739642
0.000697763
0.000665038
0.000644233
0.000636734
0.0106075
0.0101767
0.00969789
0.00915947
0.00863896
0.00811563
0.00758049
0.00702832
0.00645844
0.0058744
0.00528354
0.00469596
0.0041233
0.00357755
0.00306982
0.00260931
0.00220245
0.00185257
0.00155998
0.00132229
0.00113495
0.000991807
0.000885656
0.00080906
0.000755288
0.000719309
0.000698267
0.000691163
0.000696117
0.000711014
0.0117907
0.0112774
0.0107183
0.0100735
0.00944847
0.00882065
0.00818155
0.00752902
0.00686448
0.00619345
0.00552473
0.00486917
0.00423856
0.00364451
0.00309741
0.00260547
0.00217418
0.00180604
0.00150076
0.00125568
0.00106625
0.000926538
0.000829662
0.000768432
0.000736227
0.000728172
0.000741614
0.000776755
0.000822519
0.000875597
0.013342
0.0127169
0.0120491
0.0112572
0.0104865
0.00971243
0.00893026
0.00814247
0.0073536
0.00657141
0.00580582
0.00506785
0.0043687
0.00371886
0.00312723
0.0026005
0.00214276
0.00175545
0.00143763
0.00118642
0.000997547
0.000865771
0.000785252
0.000749869
0.000753824
0.000792498
0.000863292
0.000967098
0.00107584
0.00118981
0.0153654
0.0145921
0.0137821
0.0127907
0.0118178
0.0108392
0.00986127
0.00889247
0.0079414
0.0070179
0.00613227
0.00529468
0.00451465
0.00380047
0.00315866
0.00259361
0.00210753
0.00170061
0.00137126
0.00111667
0.000933291
0.000817334
0.000765057
0.000772727
0.000836526
0.000952444
0.00111625
0.00132723
0.00152837
0.00173055
0.0179678
0.0170021
0.0160079
0.0147503
0.0135
0.012245
0.011006
0.00980074
0.00864237
0.00754209
0.00650941
0.00555228
0.00467717
0.00388886
0.00319034
0.0025829
0.00206641
0.00163965
0.00130068
0.00104732
0.000877643
0.00079046
0.000785565
0.000863224
0.0010229
0.00126103
0.00156902
0.00193816
0.00226694
0.00258866
0.0212069
0.0199916
0.0187502
0.0171514
0.0155471
0.0139457
0.0123833
0.0108882
0.00947784
0.00816387
0.00695416
0.0058536
0.00486469
0.00398789
0.003222
0.00256479
0.00201361
0.00156605
0.00122036
0.000975896
0.000833504
0.000795868
0.000867397
0.00105309
0.00135584
0.00177153
0.00228422
0.0028702
0.00337696
0.00385682
0.0253068
0.0236744
0.0220302
0.0200309
0.0180357
0.0160569
0.0141374
0.0123113
0.0106008
0.00902098
0.00758153
0.00628709
0.00513836
0.00413308
0.00326714
0.00253581
0.00193488
0.00146155
0.00111499
0.000896608
0.000809851
0.000859861
0.00105244
0.00139224
0.00188001
0.00250838
0.00325762
0.00410135
0.00489164
0.005654
0.031672
0.0295661
0.0274376
0.0249705
0.0224831
0.0199723
0.0174963
0.0151112
0.012861
0.01078
0.00889087
0.00720558
0.00572732
0.0044535
0.00337858
0.00249674
0.00180389
0.00129875
0.000983538
0.000863088
0.000942719
0.00122567
0.00171055
0.00238727
0.00323526
0.00422062
0.00530014
0.00644708
0.00745296
0.00845427
0.0515127
0.047736
0.043446
0.0390834
0.0347323
0.0303922
0.02616
0.0221286
0.0183741
0.0149559
0.011912
0.00925917
0.0069977
0.00511821
0.00360828
0.00245832
0.00166563
0.0012366
0.001185
0.00152874
0.00228469
0.00346149
0.0050518
0.00702817
0.00934128
0.0119204
0.0146773
0.017589
0.0205773
0.0232794
0.00707106
0.00703461
0.00700262
0.00697261
0.00694618
0.00692518
0.00691214
0.00690984
0.00692125
0.00694951
0.00699808
0.00707089
0.0071725
0.00730845
0.0074855
0.00771215
0.00799943
0.00836235
0.00882177
0.00940712
0.0101601
0.0111395
0.0124246
0.0141131
0.0163167
0.0191567
0.0227638
0.0275285
0.0347437
0.0557352
0.00703019
0.00700374
0.00698129
0.00696314
0.00695239
0.00695038
0.00695882
0.00697981
0.00701584
0.0070699
0.0071455
0.00724683
0.00737894
0.00754795
0.00776146
0.00802906
0.00836335
0.00878132
0.00930636
0.00997101
0.010821
0.0119198
0.0133522
0.0152215
0.0176444
0.0207619
0.0248015
0.0302331
0.0380741
0.0602722
0.00703639
0.00703111
0.00702903
0.00703053
0.00703904
0.00705654
0.00708527
0.00712774
0.00718671
0.00726537
0.00736745
0.00749741
0.00766062
0.00786373
0.00811497
0.00842495
0.00880772
0.0092821
0.00987385
0.0106184
0.0115649
0.0127814
0.0143574
0.0163999
0.0190286
0.0224031
0.0268386
0.0328792
0.0411613
0.0653053
0.0071004
0.0071166
0.00713567
0.00715799
0.00718746
0.00722645
0.00727753
0.00734342
0.00742721
0.00753237
0.00766294
0.00782371
0.00802048
0.00826037
0.00855231
0.00890782
0.00934209
0.00987546
0.0105352
0.0113585
0.0123962
0.0137178
0.0154134
0.0175871
0.0203525
0.0238852
0.0286177
0.0352818
0.0438695
0.070711
0.00721405
0.00724974
0.00728914
0.00733219
0.00738306
0.00744455
0.00751948
0.00761081
0.0077218
0.00785616
0.00801824
0.00821319
0.00844724
0.00872802
0.00906516
0.00947105
0.00996203
0.0105596
0.0112921
0.0121977
0.0133277
0.0147513
0.0165559
0.0188382
0.0217004
0.025332
0.0303085
0.0376561
0.046323
0.0764283
0.00736585
0.00741873
0.00747701
0.00754025
0.00761254
0.00769693
0.00779653
0.00791449
0.00805428
0.00821984
0.00841577
0.0086475
0.00892166
0.00924636
0.00963184
0.0100913
0.0106418
0.0113058
0.0121123
0.0130993
0.0143175
0.0158336
0.0177299
0.0200919
0.0230065
0.0266768
0.0318562
0.0400304
0.0485374
0.0826706
0.00754299
0.00761081
0.00768626
0.00776876
0.00786206
0.0079693
0.00809374
0.00823877
0.00840803
0.0086057
0.00883658
0.00910638
0.009422
0.00979196
0.010227
0.0107409
0.0113514
0.0120812
0.0129593
0.0140232
0.0153216
0.0169178
0.0188868
0.0213
0.0242256
0.0278794
0.0332256
0.0424543
0.050574
0.0897379
0.0077322
0.0078129
0.00790369
0.0080041
0.00811748
0.0082469
0.0083957
0.00856737
0.00876576
0.00899521
0.00926075
0.00956827
0.00992489
0.0103394
0.010823
0.0113898
0.0120578
0.0128497
0.0137941
0.0149274
0.0162959
0.0179587
0.019983
0.0224235
0.0253256
0.0289152
0.034389
0.044975
0.0525166
0.097952
0.00792044
0.00801217
0.00811643
0.00823309
0.00836509
0.00851538
0.00868725
0.00888426
0.00911037
0.00937005
0.00966847
0.0100117
0.010407
0.0108634
0.0113923
0.012008
0.0127285
0.0135762
0.0145791
0.0157722
0.0171997
0.0189164
0.0209817
0.0234317
0.0262852
0.0297733
0.0353258
0.0476255
0.0544675
0.107572
0.00809593
0.00819698
0.00831284
0.00844383
0.00859252
0.0087617
0.00895458
0.00917472
0.00942609
0.00971325
0.0100414
0.0104168
0.0108469
0.0113407
0.0119098
0.0125684
0.0133342
0.0142295
0.0152816
0.0165241
0.0179991
0.0197584
0.0218543
0.0243031
0.0270921
0.0304552
0.0360288
0.050412
0.0565324
0.118669
0.008249
0.00835772
0.00848329
0.00862644
0.00878946
0.008975
0.00918613
0.00942632
0.00969956
0.0100104
0.0103642
0.0107671
0.0112266
0.0117521
0.0123547
0.0130488
0.0138518
0.0147856
0.0158767
0.0171579
0.0186696
0.0204618
0.0225812
0.0250239
0.0277417
0.0309715
0.0365073
0.0532986
0.0587862
0.130972
0.00837255
0.00848733
0.00862065
0.00877362
0.00894831
0.00914719
0.00937319
0.00962972
0.00992069
0.0102507
0.010625
0.01105
0.0115331
0.0120835
0.0127124
0.013434
0.0142655
0.0152284
0.0163487
0.0176584
0.019197
0.0210134
0.0231512
0.0255869
0.0282347
0.0313383
0.0367873
0.0561881
0.0612276
0.143723
0.00846233
0.00858158
0.00872065
0.00888098
0.00906442
0.00927329
0.00951042
0.0097791
0.0100833
0.0104274
0.010817
0.0112581
0.0117584
0.0123269
0.0129747
0.0137158
0.0145674
0.0155506
0.0166911
0.01802
0.0195766
0.0214098
0.0235615
0.0259916
0.0285766
0.0315729
0.0369076
0.0589157
0.0637383
0.155708
0.00851684
0.00863898
0.00878183
0.00894699
0.00913615
0.00935152
0.00959585
0.00987241
0.0101851
0.0105385
0.0109378
0.0113893
0.0119004
0.0124803
0.0131399
0.0138932
0.0147572
0.0157528
0.0169054
0.0182457
0.0198127
0.021656
0.0238174
0.0262437
0.0287792
0.0316955
0.0369133
0.0612064
0.0660219
0.165429
0.00853702
0.00866056
0.00880525
0.00897274
0.00916465
0.00938311
0.00963084
0.00991111
0.0102278
0.0105855
0.0109894
0.0114458
0.0119619
0.0125469
0.013212
0.0139709
0.0148406
0.015842
0.0170001
0.0183457
0.0199176
0.0217658
0.0239327
0.0263584
0.0288669
0.0317406
0.0368694
0.0625228
0.067463
0.170968
0.00852562
0.00864921
0.00879395
0.00896148
0.00915337
0.00937179
0.00961943
0.0098996
0.0102162
0.0105737
0.0109774
0.0114334
0.0119493
0.012534
0.0131988
0.0139576
0.0148273
0.0158289
0.0169873
0.0183334
0.0199059
0.0217552
0.0239233
0.0263503
0.0288597
0.0317348
0.0368566
0.0624989
0.0674458
0.17118
0.00848259
0.0086049
0.00874793
0.00891323
0.00910241
0.00931769
0.00956182
0.0098381
0.0101504
0.0105033
0.010902
0.0113527
0.011863
0.0124419
0.0131009
0.0138539
0.014718
0.0157142
0.0168677
0.0182095
0.0197786
0.021625
0.0237901
0.0262201
0.0287585
0.0316784
0.0368773
0.0611428
0.0659769
0.166037
0.00840545
0.00852499
0.00866443
0.00882512
0.00900876
0.00921765
0.00945461
0.00972299
0.0100267
0.0103701
0.0107587
0.0111987
0.0116976
0.0122648
0.0129118
0.0136525
0.0145043
0.0154885
0.0166307
0.0179622
0.0195224
0.0213606
0.0235183
0.025954
0.0285441
0.0315463
0.0368561
0.0588339
0.0636818
0.156634
0.00829377
0.00840901
0.00854292
0.00869655
0.00887175
0.00907093
0.00929699
0.00955332
0.00984381
0.010173
0.0105462
0.0109697
0.0114512
0.0120001
0.012628
0.0133492
0.0141812
0.0151455
0.0162684
0.0175817
0.0191255
0.0209486
0.0230939
0.0255368
0.0281922
0.0313048
0.0367315
0.0561132
0.061177
0.144878
0.00814956
0.00825893
0.00838536
0.00852952
0.00869345
0.00887968
0.00909121
0.00933148
0.0096044
0.00991449
0.0102671
0.0106685
0.0111264
0.0116503
0.0122519
0.0129456
0.0137493
0.0146849
0.0157793
0.0170652
0.0185833
0.0203832
0.022511
0.0249621
0.0276908
0.0309343
0.0364598
0.0532524
0.0587556
0.132278
0.00797754
0.00807949
0.00819651
0.00832889
0.0084789
0.00864923
0.00884297
0.00906357
0.00931495
0.00960161
0.00992881
0.0103028
0.0107313
0.0112237
0.0117918
0.0124501
0.0132168
0.0141143
0.0151702
0.016418
0.0179
0.0196674
0.0217719
0.0242302
0.0270342
0.0304184
0.036002
0.0504099
0.0565332
0.120057
0.00778515
0.00787813
0.00798392
0.0081024
0.00823618
0.00838808
0.0085613
0.00875927
0.00898586
0.00924546
0.00954325
0.00988538
0.0102794
0.0107345
0.0112626
0.0118782
0.0125996
0.0134497
0.0144565
0.0156552
0.0170895
0.0188138
0.0208873
0.0233482
0.0262219
0.0297417
0.0353299
0.0476753
0.0545093
0.108989
0.00758225
0.00766469
0.0077575
0.00786023
0.00797588
0.00810743
0.00825809
0.00843127
0.00863072
0.00886068
0.00912612
0.00943303
0.00978868
0.0102022
0.010685
0.0112518
0.0119207
0.0127149
0.0136631
0.0148014
0.016176
0.0178454
0.0198772
0.0223303
0.0252591
0.0288937
0.0344301
0.0450778
0.0526077
0.0993636
0.00738067
0.00745088
0.00752897
0.00761436
0.00771047
0.00782036
0.00794722
0.00809434
0.0082653
0.00846414
0.0086956
0.00896537
0.00928042
0.00964953
0.0100838
0.0105975
0.0112088
0.0119406
0.0128218
0.0138899
0.0151931
0.0167945
0.0187706
0.0211987
0.0241584
0.0278722
0.0333057
0.0426065
0.0507227
0.0911281
0.00719339
0.00724942
0.00731103
0.00737777
0.00745341
0.00754096
0.00764349
0.00776409
0.00790618
0.00807356
0.00827069
0.00850292
0.00877685
0.00910079
0.00948539
0.0099444
0.0104954
0.0111608
0.0119697
0.0129598
0.0141813
0.0157014
0.0176046
0.0199845
0.0229413
0.0266868
0.0319738
0.0402272
0.0487529
0.0840404
0.00703362
0.00707324
0.00711665
0.00716372
0.00721836
0.00728338
0.00736159
0.00745593
0.00756959
0.00770618
0.00786987
0.00806563
0.00829961
0.00857964
0.00891576
0.00932092
0.00981195
0.0104105
0.0111447
0.0120523
0.0131846
0.0146115
0.0164237
0.0187276
0.0216402
0.0253607
0.0304597
0.0378935
0.0466151
0.0777922
0.00691406
0.00693491
0.00695854
0.00698519
0.00701857
0.00706113
0.00711547
0.00718434
0.00727076
0.00737809
0.00751023
0.00767179
0.00786847
0.00810752
0.0083983
0.00875292
0.00918707
0.00972117
0.0103822
0.011207
0.0122466
0.013572
0.0152773
0.0174771
0.0203005
0.0239331
0.0287982
0.0355577
0.0442481
0.0720925
0.00684604
0.00684611
0.00684894
0.00685471
0.00686679
0.00688735
0.00691874
0.00696352
0.00702443
0.0071046
0.00720765
0.00733794
0.00750079
0.00770294
0.00795305
0.00826222
0.00864496
0.00912019
0.00971333
0.0104597
0.0114092
0.0126315
0.0142211
0.0162956
0.018989
0.0224709
0.027045
0.0331939
0.0416352
0.0667299
0.00683772
0.00681718
0.00679954
0.00678502
0.00677688
0.00677675
0.00678653
0.00680844
0.006845
0.00689923
0.00697463
0.00707541
0.00720667
0.00737468
0.00758733
0.00785459
0.00818936
0.00860879
0.00913618
0.0098043
0.0106597
0.0117682
0.0132193
0.0151263
0.0176178
0.0208434
0.025021
0.0305743
0.0386228
0.0617335
0.00688021
0.006849
0.00682013
0.006792
0.00676649
0.00674563
0.00673206
0.0067287
0.00673866
0.00676525
0.00681202
0.00688304
0.00698308
0.00711788
0.00729443
0.00752135
0.00780981
0.008175
0.00863828
0.00922955
0.00999138
0.0109847
0.0122931
0.0140235
0.0162963
0.0192401
0.0229812
0.0278816
0.0353399
0.0572236
0.052984
0.0491418
0.0447258
0.0402021
0.0356837
0.0311848
0.0268082
0.0226509
0.0187905
0.0152862
0.012175
0.00947195
0.0071751
0.00527308
0.00375169
0.00259995
0.00181418
0.00140024
0.00137158
0.00174565
0.00253866
0.00375786
0.00539346
0.00741429
0.00976623
0.012373
0.0151413
0.0180457
0.0210056
0.0236749
0.032295
0.0302053
0.0280516
0.0255163
0.0229486
0.0203597
0.0178137
0.0153701
0.0130735
0.0109574
0.00904285
0.00733999
0.00585034
0.00456987
0.00349189
0.0026096
0.00191808
0.0014151
0.0011021
0.00098324
0.00106322
0.00134477
0.00182605
0.00249659
0.00333542
0.00430799
0.00537135
0.0065005
0.00747745
0.00846453
0.0256762
0.024071
0.0224304
0.020404
0.0183665
0.0163418
0.0143783
0.0125139
0.0107721
0.00916836
0.00771136
0.00640467
0.00524779
0.00423734
0.00336822
0.00263473
0.00203164
0.00155499
0.00120273
0.000975018
0.00087435
0.000905338
0.00107389
0.00138544
0.00184217
0.00243858
0.00315769
0.00397671
0.00474412
0.00550005
0.0214262
0.0202264
0.0189871
0.0173718
0.0157446
0.0141201
0.0125368
0.0110243
0.00960005
0.00827566
0.00705855
0.00595302
0.00496105
0.00408253
0.00331573
0.00265779
0.00210526
0.00165468
0.00130311
0.00104879
0.00089188
0.000835183
0.000884214
0.00104586
0.00132513
0.00171957
0.00221428
0.00278631
0.00328585
0.00376597
0.0180523
0.0170927
0.0160962
0.0148302
0.0135736
0.0123163
0.0110778
0.00987436
0.00871818
0.00761997
0.00658906
0.00563346
0.00475972
0.00397264
0.0032751
0.00266809
0.0021509
0.00172145
0.00137687
0.00111413
0.000930996
0.000826898
0.000803275
0.000862747
0.00100704
0.00123393
0.0015347
0.00189917
0.00222705
0.00254854
0.0153487
0.0145776
0.0137646
0.0127718
0.0118035
0.0108363
0.00987246
0.00891827
0.0079804
0.00706776
0.0061905
0.00535911
0.00458356
0.00387256
0.00323278
0.00266853
0.00218163
0.00177165
0.0014364
0.00117269
0.000977094
0.000846721
0.000779435
0.000773465
0.00082668
0.000935954
0.0010968
0.00130702
0.00150949
0.00171204
0.0132571
0.0126344
0.0119661
0.0111783
0.0104183
0.00966136
0.00889959
0.00813281
0.00736329
0.00659743
0.0058447
0.00511633
0.00442408
0.00377895
0.00319018
0.00266447
0.00220568
0.00181494
0.00149107
0.00123129
0.00103182
0.000888392
0.000796471
0.000751221
0.000747774
0.000781948
0.000851013
0.000955244
0.00106668
0.0011835
0.0116626
0.0111535
0.010597
0.00995969
0.00934778
0.00873881
0.00812189
0.00749264
0.00685023
0.00619858
0.00554566
0.00490225
0.00428056
0.00369271
0.00314941
0.00265896
0.00222675
0.00185523
0.00154422
0.00129149
0.00109326
0.000944528
0.000839371
0.000771313
0.000734076
0.000722836
0.000734844
0.000770183
0.000818435
0.00087501
0.0104534
0.0100276
0.00955327
0.00902381
0.00851701
0.00801243
0.00749932
0.00697073
0.00642396
0.00586086
0.00528771
0.00471422
0.00415225
0.00361418
0.00311141
0.00265321
0.002246
0.00189326
0.00159565
0.00135149
0.00115709
0.00100718
0.000895254
0.000814205
0.000757279
0.000719198
0.000696911
0.000689363
0.000695475
0.000712646
0.00953209
0.00916559
0.0087519
0.00830009
0.00786793
0.0074378
0.00699926
0.00654451
0.00606974
0.00557525
0.00506573
0.00454968
0.00403814
0.00354322
0.00307646
0.00264756
0.00226358
0.00192871
0.00164427
0.001409
0.00121947
0.00107042
0.000955263
0.000866856
0.000798438
0.000744509
0.000701636
0.000667854
0.000646728
0.000639746
0.00882419
0.00850032
0.00813174
0.00773575
0.00735745
0.00698088
0.00659648
0.00619621
0.00577572
0.00533428
0.00487537
0.0044063
0.0039372
0.00347953
0.00304457
0.00264204
0.00227934
0.00196106
0.00168899
0.00146228
0.00127776
0.0011304
0.00101386
0.000921212
0.00084592
0.0007824
0.000726943
0.000677013
0.000638568
0.000617147
0.00827516
0.00798306
0.0076487
0.00729423
0.00695483
0.00661694
0.00627195
0.00591199
0.00553235
0.00513176
0.00471287
0.00428204
0.00384845
0.00342275
0.00301563
0.00263661
0.00229308
0.00198987
0.00172907
0.00151017
0.00133033
0.00118486
0.00106777
0.00097253
0.000892865
0.000823279
0.000759751
0.000699873
0.000650453
0.000620575
0.00784684
0.00757878
0.00727096
0.00694788
0.0066371
0.00632763
0.00601134
0.00568097
0.00533181
0.00496243
0.00457499
0.00417511
0.00377105
0.00337254
0.00298957
0.0026312
0.00230469
0.00201489
0.0017641
0.00155209
0.00137635
0.00123256
0.00111518
0.0010181
0.000935328
0.000861475
0.000792737
0.000726756
0.000670519
0.000636064
0.00751222
0.00726286
0.0069762
0.00667737
0.00638811
0.0060992
0.00580349
0.00549442
0.00516761
0.0048218
0.00445892
0.00408394
0.00370424
0.00332863
0.00296631
0.00262583
0.00231414
0.00203606
0.00179398
0.00158786
0.00141552
0.001273
0.00115517
0.00105639
0.000971029
0.000894074
0.000821955
0.000752355
0.000692138
0.000655723
0.00725166
0.0070174
0.0067481
0.00646809
0.00619487
0.00592076
0.00563927
0.00534506
0.00503431
0.00470611
0.00436225
0.00400714
0.00364731
0.00329071
0.0029458
0.00262054
0.00232156
0.00205353
0.00181883
0.00161761
0.00144792
0.00130613
0.00118752
0.00108694
0.000999191
0.000919859
0.000845502
0.000773931
0.000711728
0.00067509
0.0070509
0.00682907
0.00657404
0.00630866
0.00604714
0.00578328
0.00551118
0.00522686
0.00492743
0.00461221
0.00428291
0.00394343
0.00359956
0.00325849
0.00292798
0.00261546
0.00232716
0.00206754
0.00183896
0.00164164
0.00147383
0.0013322
0.00121244
0.00110985
0.00101986
0.000938582
0.000862726
0.000790274
0.000727418
0.000691623
0.0068994
0.00668764
0.00644408
0.00618992
0.00593658
0.00567927
0.00541322
0.00513509
0.00484337
0.00453751
0.00421909
0.00389161
0.00356028
0.00323164
0.00291282
0.00261071
0.00233117
0.00207842
0.00185472
0.00166032
0.00149364
0.00135163
0.00123037
0.00112566
0.00103354
0.000950578
0.00087371
0.000801054
0.00073835
0.000703846
0.00678889
0.0065851
0.00635053
0.00610462
0.00585673
0.00560332
0.00534077
0.00506624
0.00477937
0.00447989
0.00416922
0.0038506
0.00352881
0.00320983
0.00290024
0.00260642
0.00233385
0.00208649
0.00186647
0.00167404
0.00150775
0.00136487
0.00124187
0.00113505
0.00104085
0.000956414
0.000878828
0.000806341
0.000744197
0.00071095
0.00671273
0.00651508
0.0062875
0.0060475
0.00580292
0.00555146
0.00529051
0.00501772
0.0047333
0.00443761
0.00413197
0.00381946
0.00350454
0.00319275
0.00289016
0.00260268
0.00233539
0.002092
0.00187449
0.00168311
0.00151653
0.00137233
0.00124739
0.00113843
0.00104233
0.000956605
0.000878445
0.000806327
0.000744924
0.000712636
0.00666538
0.00647253
0.00625046
0.00601477
0.00577197
0.005521
0.00526007
0.0049876
0.00470354
0.00440934
0.0041063
0.00379741
0.00348697
0.00318013
0.00288249
0.00259953
0.00233594
0.00209515
0.00187902
0.00168777
0.00152027
0.00137434
0.00124728
0.00113621
0.00103835
0.00095134
0.0008729
0.000801288
0.000740705
0.000708986
0.00664234
0.00645349
0.00623594
0.00600357
0.00576171
0.00551016
0.00524798
0.00497437
0.00468891
0.00439408
0.00409141
0.0037839
0.00347572
0.00317174
0.00287715
0.00259699
0.00233557
0.00209606
0.00188018
0.0016882
0.00151913
0.0013711
0.00124176
0.0011286
0.00102918
0.000941189
0.000862604
0.000791614
0.000731902
0.000700317
0.0066397
0.00645478
0.00624131
0.00601173
0.0057705
0.0055176
0.00525313
0.00497695
0.00468862
0.00439114
0.0040868
0.00377857
0.00347058
0.00316749
0.00287409
0.00259504
0.0023343
0.00209476
0.00187805
0.00168446
0.00151321
0.00136272
0.00123099
0.0011158
0.00101503
0.000926363
0.000847887
0.000777731
0.000718984
0.000687146
0.00665391
0.00647349
0.00626418
0.00603737
0.00579675
0.00554242
0.00527473
0.00499459
0.00470212
0.00440015
0.00409223
0.0037813
0.00347151
0.00316733
0.00287328
0.00259365
0.00233207
0.00209121
0.00187258
0.00167655
0.00150254
0.00134928
0.00121507
0.00109798
0.000996032
0.00090712
0.000829172
0.000760082
0.000702497
0.000670081
0.00668147
0.00650673
0.00630239
0.00607885
0.00583913
0.00558336
0.00531201
0.00502682
0.0047291
0.00442107
0.00410777
0.00379225
0.00347864
0.00317138
0.00287476
0.00259276
0.00232875
0.00208522
0.00186362
0.00166438
0.00148711
0.00133084
0.00119415
0.00107534
0.000972513
0.000883773
0.000806686
0.000739157
0.000683033
0.000649834
0.00671884
0.00655154
0.00635377
0.00613462
0.00589667
0.00563948
0.0053643
0.00507343
0.00476943
0.00445419
0.00413384
0.00381188
0.00349242
0.00317993
0.00287861
0.00259227
0.00232411
0.0020765
0.00185086
0.00164771
0.00146683
0.00130748
0.00116845
0.00104819
0.000944902
0.000856592
0.000780923
0.000715476
0.000661192
0.000627234
0.00676218
0.00660477
0.00641576
0.00620303
0.00596756
0.00570969
0.00543093
0.00513427
0.00482333
0.00450015
0.00417126
0.00384104
0.00351355
0.00319343
0.00288499
0.00259204
0.00231776
0.00206453
0.00183382
0.00162617
0.0014415
0.00127925
0.00113826
0.001017
0.000913683
0.000826268
0.000752431
0.000689654
0.000637712
0.000603247
0.00680703
0.00666294
0.00648572
0.00628138
0.00605008
0.00579272
0.00551139
0.00520958
0.0048917
0.00456037
0.00422164
0.00388126
0.00354329
0.00321271
0.0028942
0.00259188
0.00230916
0.0020486
0.00181175
0.00159921
0.00141086
0.00124625
0.00110403
0.000982502
0.000879772
0.00079375
0.000722061
0.000662432
0.000613611
0.000578921
0.00684671
0.00672155
0.00656017
0.00636663
0.00614182
0.00588734
0.00560572
0.00530046
0.00497651
0.00463751
0.00428803
0.00393542
0.00358402
0.0032394
0.00290704
0.00259177
0.00229765
0.00202765
0.00178352
0.00156587
0.00137442
0.00120832
0.00106594
0.000945189
0.000843927
0.000759949
0.000690992
0.000634731
0.000589102
0.000554499
0.00687204
0.00677545
0.00663561
0.00645766
0.00624407
0.00599713
0.00571927
0.00541375
0.00508554
0.00473925
0.00437809
0.00401024
0.00364101
0.00327701
0.00292506
0.00259145
0.00228141
0.00199868
0.00174537
0.00152222
0.00132891
0.00116158
0.00102013
0.000901366
0.00080269
0.000721663
0.000655837
0.00060286
0.000559981
0.000527672
0.00687044
0.00680918
0.00669551
0.00653838
0.00634168
0.00610816
0.00584023
0.00554016
0.00521143
0.00485876
0.00448571
0.00410023
0.0037094
0.00332151
0.00294532
0.00258907
0.00225956
0.00196162
0.00169762
0.00146757
0.00126961
0.00110341
0.000963941
0.000847983
0.000752467
0.000674524
0.000611737
0.000561698
0.000522539
0.00049864
0.0265018
0.0100652
0.00672799
0.00456826
0.00307462
0.00206332
0.0014067
0.00100681
0.000782013
0.000665979
0.000612202
0.000592282
0.000589983
0.000596074
0.000605191
0.000614195
0.000621306
0.000625582
0.000626636
0.000624425
0.0006191
0.00061094
0.000600306
0.000587605
0.000573254
0.000557664
0.000541185
0.000523779
0.000505495
0.000490835
0.0301603
0.0117591
0.00789809
0.00537986
0.00363672
0.00246572
0.00169048
0.00120055
0.000909004
0.00074554
0.000659497
0.000618485
0.000603
0.000601409
0.000606678
0.000614497
0.000622251
0.000628375
0.000631962
0.00063258
0.000630108
0.000624642
0.000616409
0.000605712
0.000592891
0.000578327
0.000562417
0.000545551
0.000528641
0.000513204
0.0346039
0.0133677
0.00910017
0.00621211
0.00423345
0.00291253
0.00202311
0.00144152
0.00107743
0.000858334
0.000730826
0.000659553
0.000622303
0.000605293
0.000599912
0.00060072
0.000604252
0.000608309
0.000611481
0.000612923
0.000612198
0.000609148
0.000603796
0.00059628
0.000586803
0.000575613
0.000562967
0.000549202
0.000535327
0.000522574
0.0398548
0.0147613
0.010256
0.00694519
0.00477816
0.00335496
0.0023803
0.0017205
0.00128695
0.00100949
0.000835035
0.000727124
0.000661871
0.000623797
0.00060286
0.000592484
0.000588303
0.000587396
0.000587786
0.000588156
0.000587676
0.000585867
0.000582493
0.000577482
0.000570871
0.000562744
0.00055318
0.00054238
0.00053148
0.000522182
0.0460109
0.0160154
0.0114528
0.0076499
0.00532717
0.00382707
0.00277961
0.00204692
0.00154423
0.00120548
0.000979381
0.0008294
0.000730668
0.000666408
0.000625299
0.00059966
0.000584212
0.000575271
0.000570247
0.000567303
0.000565166
0.000562977
0.000560189
0.000556471
0.000551651
0.000545638
0.00053836
0.000529906
0.000521419
0.0005149
0.053355
0.0171249
0.0127216
0.0083005
0.00585949
0.0043099
0.00320432
0.00240802
0.00184091
0.00144204
0.00116294
0.000967944
0.000831972
0.00073749
0.000672201
0.000627488
0.000597247
0.000577081
0.000563783
0.000554995
0.000548983
0.000544486
0.000540605
0.000536721
0.000532423
0.000527435
0.000521537
0.000514696
0.000507921
0.00050328
0.0622314
0.0181262
0.014113
0.00888036
0.00636536
0.00479047
0.0036391
0.00278877
0.00216383
0.00170865
0.00137806
0.00113781
0.00096315
0.000836234
0.000744157
0.000677579
0.00062972
0.000595583
0.00057142
0.000554385
0.000542308
0.000533536
0.000526822
0.000521243
0.000516135
0.000511021
0.000505524
0.000499466
0.000493625
0.000489928
0.0729809
0.0190848
0.0156822
0.00937571
0.00683911
0.00525546
0.00406678
0.00317116
0.00249566
0.0019898
0.00161166
0.00132857
0.00111626
0.000956918
0.000837301
0.000747591
0.000680507
0.000630591
0.000593671
0.000566503
0.000546541
0.000531788
0.000520676
0.000511995
0.00050483
0.000498491
0.000492433
0.000486317
0.000480645
0.000477047
0.0858281
0.020091
0.0174786
0.00977646
0.00727703
0.00569023
0.00446924
0.00353619
0.00281758
0.00226778
0.00184783
0.00152638
0.00127968
0.00109001
0.000944004
0.000831576
0.000745116
0.000678841
0.000628282
0.000589911
0.000560904
0.000538985
0.000522321
0.000509453
0.00049923
0.000490759
0.000483324
0.000476422
0.000470266
0.000466097
0.100754
0.0212541
0.0195307
0.0100797
0.00767637
0.00607994
0.00482968
0.00386643
0.00311203
0.0025256
0.00207066
0.00171674
0.00144047
0.00122421
0.00105457
0.000921343
0.000816742
0.000734791
0.000670828
0.000621151
0.000582755
0.000553174
0.000530377
0.000512703
0.000498806
0.000487609
0.000478235
0.000470028
0.00046292
0.000457733
0.11727
0.0226704
0.0218255
0.0102905
0.00803296
0.00641128
0.00513475
0.00414814
0.00336498
0.00274938
0.0022667
0.00188686
0.00158667
0.00134854
0.00115911
0.00100812
0.00088772
0.000791843
0.00071573
0.000655578
0.000608288
0.000571283
0.000542406
0.00051985
0.000502116
0.000487977
0.00047642
0.000466653
0.000458359
0.000451948
0.134279
0.0243746
0.0242844
0.0104209
0.0083395
0.00667445
0.00537591
0.00437228
0.00356709
0.00292958
0.0024263
0.00202713
0.00170886
0.00145398
0.00124911
0.00108405
0.000950913
0.000843624
0.000757385
0.000688355
0.000633391
0.000589869
0.00055556
0.000528567
0.000507286
0.000490374
0.000476714
0.000465405
0.000455922
0.00044831
0.15014
0.026288
0.0267486
0.0104869
0.00858558
0.0068647
0.00554971
0.00453479
0.00371396
0.00306135
0.00254408
0.00213171
0.00180094
0.00153429
0.00131845
0.00114322
0.00100076
0.000884996
0.000791137
0.000715339
0.000654452
0.000605828
0.000567212
0.000536656
0.000512493
0.000493306
0.000477904
0.000465306
0.000454831
0.000446226
0.162876
0.0281556
0.028934
0.0105058
0.00876001
0.006983
0.00565751
0.00463618
0.00380563
0.00314403
0.00261856
0.0021984
0.00186013
0.00158633
0.00136372
0.00118215
0.00103381
0.000912646
0.000813881
0.000733689
0.000668916
0.000616915
0.000575416
0.000542454
0.000516334
0.000495599
0.000479015
0.00046555
0.000454417
0.000445157
0.17
0.0294059
0.0302682
0.0105039
0.00885018
0.00703605
0.00570557
0.00468119
0.00384611
0.00318062
0.00265168
0.00222819
0.00188669
0.00160976
0.00138416
0.00119978
0.00104882
0.000925229
0.000824259
0.000742078
0.000675534
0.000621976
0.000579135
0.00054505
0.00051802
0.000496578
0.000479471
0.000465642
0.000454252
0.000444732
0.170067
0.0294283
0.0303197
0.0105125
0.00884378
0.00703196
0.00570099
0.004676
0.00384094
0.00317572
0.00264714
0.00222402
0.0018829
0.00160633
0.00138109
0.00119706
0.00104644
0.000923187
0.000822532
0.000740631
0.000674322
0.00062095
0.00057826
0.000544307
0.000517405
0.000496095
0.000479124
0.000465434
0.000454182
0.000444792
0.163067
0.0282167
0.0290746
0.0105318
0.00874303
0.00697148
0.00564443
0.0046212
0.00379054
0.00312969
0.00260525
0.00218619
0.00184904
0.00157632
0.00135477
0.00117425
0.00102693
0.000906741
0.000808887
0.000729497
0.000665393
0.000613929
0.000572868
0.000540296
0.000514557
0.000494215
0.000478035
0.000464981
0.000454256
0.000445383
0.150433
0.0263735
0.026942
0.0105291
0.00856345
0.00684767
0.0055299
0.00451156
0.00369013
0.00303853
0.00252289
0.00211233
0.00178339
0.00151853
0.00130445
0.00113093
0.000990116
0.000875901
0.00078345
0.000708871
0.00064899
0.000601183
0.000563252
0.000533325
0.000509785
0.000491237
0.000476492
0.000464559
0.000454744
0.000446767
0.134646
0.0244714
0.0244906
0.0104759
0.00831834
0.00665448
0.0053516
0.0043428
0.00353613
0.00289963
0.00239847
0.00200179
0.00168607
0.00143368
0.00123125
0.00106852
0.000937597
0.000832327
0.000747862
0.000680327
0.000626587
0.000584074
0.000550649
0.000524494
0.000504053
0.000488001
0.000475219
0.000464798
0.000456193
0.000449414
0.117684
0.022771
0.0220115
0.0103524
0.0080178
0.00639108
0.00510817
0.00411456
0.00332876
0.00271393
0.00223373
0.001857
0.00156006
0.00132514
0.0011388
0.000990727
0.000873006
0.000779492
0.000705377
0.000646857
0.000600894
0.000565017
0.000537171
0.000515622
0.000498908
0.00048581
0.000475313
0.000466612
0.000459367
0.000453945
0.101195
0.0213559
0.0196741
0.0101404
0.00766985
0.00606199
0.00480294
0.00383099
0.00307271
0.00248664
0.00203439
0.00168411
0.00141174
0.00119935
0.00103339
0.000903559
0.000801969
0.000722566
0.000660668
0.000612636
0.000575592
0.000547203
0.000525539
0.000508996
0.000496251
0.000486231
0.000478051
0.000471036
0.000465092
0.000460991
0.0862817
0.0201947
0.0175693
0.00982713
0.0072787
0.00567622
0.0044442
0.00350111
0.00277759
0.0022277
0.00181052
0.00149308
0.00125081
0.00106552
0.000923623
0.000814877
0.000731558
0.000667819
0.000619243
0.000582443
0.000554763
0.000534064
0.000518595
0.000506936
0.000497953
0.000490747
0.000484588
0.000478952
0.000474017
0.000470972
0.0734394
0.0191919
0.0157202
0.00940845
0.00684545
0.00524569
0.00404481
0.00313856
0.00245759
0.00195131
0.00157591
0.00129703
0.00108943
0.000934704
0.000819331
0.000733306
0.000669222
0.000621632
0.0005865
0.00056078
0.000542097
0.000528566
0.00051868
0.000511253
0.000505374
0.000500343
0.000495596
0.000490769
0.000486328
0.000483841
0.0626897
0.0182374
0.0141049
0.00888942
0.00637073
0.00478356
0.00362087
0.00276049
0.00213019
0.0016745
0.00134654
0.00111047
0.000940434
0.000818004
0.00072994
0.000666697
0.000621442
0.000589276
0.000566654
0.00055093
0.000540076
0.000532517
0.000527039
0.000522729
0.000518916
0.00051511
0.000510915
0.000506128
0.000501486
0.000498846
0.0538089
0.0172383
0.0126762
0.00828265
0.00585759
0.00430321
0.00318974
0.00238541
0.0018138
0.00141459
0.00113795
0.000946784
0.000814987
0.000724443
0.000662548
0.00062054
0.000592348
0.000573753
0.000561754
0.000554155
0.000549318
0.000546021
0.000543373
0.000540743
0.000537708
0.000533982
0.000529332
0.000523705
0.000518065
0.000514395
0.0464553
0.0161268
0.0113785
0.00760457
0.00531286
0.00381767
0.00276806
0.00203068
0.00152496
0.0011862
0.00096228
0.000815507
0.00072015
0.000658958
0.000620383
0.000596702
0.000582752
0.000575031
0.000571112
0.00056927
0.000568276
0.000567272
0.000565684
0.000563163
0.000559523
0.000554673
0.000548537
0.000541198
0.000533754
0.000528106
0.0402836
0.0148647
0.0101592
0.00687452
0.00474909
0.00334084
0.00237095
0.00171055
0.00127573
0.000998558
0.00082585
0.000720342
0.000657502
0.000621529
0.000602277
0.000593219
0.000590124
0.000590204
0.000591585
0.000593006
0.000593632
0.00059295
0.000590687
0.000586752
0.00058117
0.000574038
0.000565448
0.000555612
0.000545634
0.000537105
0.0350112
0.0134562
0.00898596
0.00612186
0.00419112
0.00289328
0.00201514
0.00143696
0.00107321
0.000854546
0.00072824
0.000658549
0.000622845
0.000607163
0.000602898
0.000604679
0.000609126
0.000614096
0.000618219
0.000620657
0.000620934
0.000618851
0.000614407
0.000607733
0.000599032
0.000588576
0.000576652
0.000563632
0.000550517
0.000538437
0.0305451
0.0118217
0.00776659
0.00528023
0.00358865
0.00244417
0.00168385
0.00119996
0.000909744
0.000746636
0.000661267
0.000621221
0.000606754
0.000606145
0.000612402
0.000621253
0.000630047
0.000637177
0.000641721
0.000643203
0.000641483
0.000636651
0.000628934
0.000618651
0.000606169
0.000591906
0.000576323
0.000559881
0.000543507
0.000528641
0.0268804
0.0100956
0.00658013
0.00447102
0.00302899
0.00204218
0.00140071
0.00100785
0.000784867
0.000669212
0.000615966
0.000596894
0.000595625
0.000602864
0.000613247
0.000623613
0.000632058
0.000637513
0.000639487
0.00063789
0.000632889
0.000624812
0.000614063
0.000601095
0.000586385
0.000570407
0.000553598
0.000536037
0.000517878
0.000503695
0.00048448
0.000469466
0.000450552
0.000431842
0.000414212
0.000397636
0.000382041
0.000367392
0.00035364
0.000340721
0.000328566
0.000317106
0.000306279
0.000296027
0.000286298
0.000277045
0.000268227
0.000259803
0.000251742
0.000244011
0.000236583
0.000229433
0.000222539
0.000215881
0.000209439
0.000203199
0.000197145
0.000191263
0.000185543
0.000179973
0.000174543
0.000169246
0.000164073
0.000159018
0.000154074
0.000149237
0.000144501
0.000139862
0.000135318
0.000130863
0.000126497
0.000122215
0.000118017
0.000113899
0.000109862
0.000105903
0.000102021
9.82147e-05
9.44841e-05
9.08277e-05
8.7245e-05
8.37382e-05
8.03057e-05
7.69464e-05
7.36592e-05
7.04442e-05
6.73014e-05
6.42307e-05
6.12322e-05
5.83056e-05
5.54511e-05
5.26687e-05
4.99582e-05
4.73196e-05
4.47529e-05
4.22582e-05
3.98352e-05
3.74839e-05
3.52044e-05
3.29967e-05
3.08609e-05
2.87969e-05
2.68047e-05
2.48843e-05
2.30355e-05
2.12585e-05
1.95531e-05
1.79191e-05
1.63567e-05
1.48659e-05
1.34466e-05
1.20988e-05
1.08224e-05
9.6173e-06
8.48347e-06
7.42096e-06
6.42973e-06
5.50974e-06
4.66096e-06
3.88308e-06
3.17602e-06
2.53972e-06
1.97434e-06
1.48047e-06
1.05791e-06
7.05713e-07
4.2374e-07
2.13128e-07
7.42627e-08
8.00041e-09
0.000491061
0.000472655
0.000453906
0.000435659
0.000418456
0.00040231
0.000387108
0.000372776
0.000359253
0.000346479
0.000334392
0.000322934
0.000312053
0.000301701
0.000291834
0.000282412
0.0002734
0.000264766
0.00025648
0.000248516
0.000240851
0.000233461
0.000226329
0.000219435
0.000212762
0.000206297
0.000200026
0.000193936
0.000188015
0.000182255
0.000176645
0.000171176
0.000165842
0.000160636
0.000155551
0.000150582
0.000145723
0.00014097
0.00013632
0.000131768
0.000127312
0.000122948
0.000118674
0.000114488
0.000110388
0.000106371
0.000102438
9.85853e-05
9.4813e-05
9.11201e-05
8.75063e-05
8.39676e-05
8.0505e-05
7.71183e-05
7.38076e-05
7.05723e-05
6.74117e-05
6.43254e-05
6.13132e-05
5.83747e-05
5.55097e-05
5.27181e-05
4.99996e-05
4.73541e-05
4.47815e-05
4.22816e-05
3.98543e-05
3.74994e-05
3.52167e-05
3.30064e-05
3.08684e-05
2.88025e-05
2.68088e-05
2.4887e-05
2.30372e-05
2.12593e-05
1.95532e-05
1.79188e-05
1.6356e-05
1.48648e-05
1.34453e-05
1.20975e-05
1.0821e-05
9.6159e-06
8.48211e-06
7.41959e-06
6.42832e-06
5.50824e-06
4.6593e-06
3.8815e-06
3.17479e-06
2.53901e-06
1.97414e-06
1.48024e-06
1.05744e-06
7.05262e-07
4.23458e-07
2.12998e-07
7.42637e-08
8.00005e-09
0.000495952
0.000475924
0.000456367
0.000437758
0.000420538
0.000404579
0.000389649
0.000375596
0.000362323
0.000349752
0.000337817
0.000326459
0.000315631
0.000305289
0.000295395
0.000285916
0.000276821
0.000268083
0.000259678
0.000251583
0.000243777
0.000236242
0.00022896
0.000221915
0.000215093
0.00020848
0.000202064
0.000195834
0.000189778
0.000183887
0.000178153
0.000172566
0.00016712
0.000161808
0.000156624
0.000151561
0.000146616
0.000141782
0.000137056
0.000132435
0.000127914
0.000123491
0.000119162
0.000114926
0.00011078
0.000106721
0.000102749
9.8862e-05
9.50579e-05
9.13358e-05
8.76945e-05
8.41331e-05
8.06508e-05
7.72467e-05
7.392e-05
7.06702e-05
6.74966e-05
6.43988e-05
6.13763e-05
5.84288e-05
5.55559e-05
5.27572e-05
5.00326e-05
4.73817e-05
4.48044e-05
4.23005e-05
3.98698e-05
3.7512e-05
3.52268e-05
3.30143e-05
3.08744e-05
2.88069e-05
2.68119e-05
2.48891e-05
2.30385e-05
2.12599e-05
1.95532e-05
1.79184e-05
1.63552e-05
1.48638e-05
1.3444e-05
1.2096e-05
1.08195e-05
9.61433e-06
8.48046e-06
7.41783e-06
6.4265e-06
5.50652e-06
4.65766e-06
3.87985e-06
3.17322e-06
2.53779e-06
1.97329e-06
1.47949e-06
1.05671e-06
7.0467e-07
4.23098e-07
2.12817e-07
7.41989e-08
7.9872e-09
0.000495334
0.000475477
0.000456061
0.000437673
0.0004208
0.000405254
0.000390741
0.000377075
0.00036414
0.00035185
0.000340138
0.000328949
0.000318238
0.000307968
0.000298108
0.000288628
0.000279504
0.000270715
0.00026224
0.00025406
0.000246159
0.000238519
0.000231128
0.00022397
0.000217034
0.000210306
0.000203776
0.000197434
0.000191269
0.000185273
0.000179437
0.000173754
0.000168216
0.000162816
0.000157549
0.000152408
0.00014739
0.000142488
0.000137698
0.000133018
0.000128442
0.000123968
0.000119592
0.000115313
0.000111127
0.000107033
0.000103028
9.91103e-05
9.52788e-05
9.15318e-05
8.7868e-05
8.42864e-05
8.07857e-05
7.7365e-05
7.40235e-05
7.07604e-05
6.75749e-05
6.44666e-05
6.14348e-05
5.8479e-05
5.55988e-05
5.27937e-05
5.00633e-05
4.74075e-05
4.48259e-05
4.23183e-05
3.98842e-05
3.75236e-05
3.52362e-05
3.30217e-05
3.088e-05
2.88111e-05
2.68148e-05
2.4891e-05
2.30395e-05
2.12602e-05
1.95529e-05
1.79176e-05
1.63541e-05
1.48624e-05
1.34424e-05
1.20941e-05
1.08175e-05
9.61249e-06
8.47854e-06
7.41558e-06
6.42421e-06
5.50432e-06
4.65554e-06
3.87784e-06
3.17135e-06
2.53613e-06
1.97183e-06
1.47825e-06
1.05568e-06
7.03867e-07
4.2257e-07
2.12538e-07
7.40986e-08
7.97021e-09
0.000489626
0.000471286
0.000452999
0.000435554
0.000419504
0.000404672
0.000390768
0.000377618
0.000365112
0.000353172
0.000341738
0.000330763
0.00032021
0.000310049
0.000300256
0.000290809
0.000281689
0.000272879
0.000264363
0.000256127
0.000248157
0.00024044
0.000232964
0.000225717
0.000218689
0.000211868
0.000205245
0.00019881
0.000192555
0.000186471
0.00018055
0.000174784
0.000169168
0.000163694
0.000158356
0.000153149
0.000148067
0.000143107
0.000138262
0.00013353
0.000128907
0.000124389
0.000119973
0.000115656
0.000111435
0.000107309
0.000103275
9.93313e-05
9.54757e-05
9.17069e-05
8.80232e-05
8.44235e-05
8.09065e-05
7.74712e-05
7.41165e-05
7.08415e-05
6.76455e-05
6.45278e-05
6.14876e-05
5.85244e-05
5.56376e-05
5.28267e-05
5.00912e-05
4.74309e-05
4.48455e-05
4.23343e-05
3.98971e-05
3.75338e-05
3.52442e-05
3.3028e-05
3.08849e-05
2.88146e-05
2.68172e-05
2.48924e-05
2.304e-05
2.12599e-05
1.95521e-05
1.79164e-05
1.63526e-05
1.48607e-05
1.34404e-05
1.20918e-05
1.08149e-05
9.60967e-06
8.47578e-06
7.41313e-06
6.42179e-06
5.50178e-06
4.65299e-06
3.87537e-06
3.16901e-06
2.53392e-06
1.96986e-06
1.47662e-06
1.05436e-06
7.0287e-07
4.21913e-07
2.12185e-07
7.3974e-08
7.95088e-09
0.000480628
0.000464528
0.000447982
0.000431956
0.000417056
0.000403148
0.000389992
0.000377449
0.000365434
0.000353888
0.000342766
0.000332032
0.000321661
0.000311632
0.000301929
0.000292536
0.000283441
0.000274631
0.000266096
0.000257825
0.000249808
0.000242034
0.000234494
0.000227178
0.000220077
0.000213182
0.000206483
0.000199974
0.000193644
0.000187487
0.000181496
0.000175662
0.00016998
0.000164444
0.000159046
0.000153783
0.000148649
0.000143638
0.000138747
0.000133972
0.000129308
0.000124752
0.000120301
0.000115952
0.000111702
0.000107549
0.00010349
9.95233e-05
9.56469e-05
9.18591e-05
8.81582e-05
8.45429e-05
8.10118e-05
7.75637e-05
7.41976e-05
7.09124e-05
6.77072e-05
6.45812e-05
6.15337e-05
5.8564e-05
5.56714e-05
5.28555e-05
5.01156e-05
4.74514e-05
4.48623e-05
4.23478e-05
3.99078e-05
3.75423e-05
3.52508e-05
3.30329e-05
3.08884e-05
2.88171e-05
2.68187e-05
2.48931e-05
2.304e-05
2.12593e-05
1.95509e-05
1.79147e-05
1.63506e-05
1.48584e-05
1.34379e-05
1.20891e-05
1.08121e-05
9.60663e-06
8.47257e-06
7.40992e-06
6.41868e-06
5.49874e-06
4.65001e-06
3.87248e-06
3.16622e-06
2.53123e-06
1.96744e-06
1.47466e-06
1.05281e-06
7.01711e-07
4.21169e-07
2.1179e-07
7.38344e-08
7.92964e-09
0.000470342
0.000456618
0.000442017
0.0004276
0.000413981
0.00040108
0.000388725
0.000376822
0.00036532
0.000354181
0.000343379
0.000332894
0.000322713
0.000312825
0.000303221
0.000293893
0.000284835
0.00027604
0.0002675
0.000259209
0.00025116
0.000243345
0.000235757
0.000228388
0.00022123
0.000214275
0.000207516
0.000200945
0.000194555
0.000188339
0.000182289
0.0001764
0.000170664
0.000165075
0.000159629
0.000154319
0.00014914
0.000144088
0.000139158
0.000134346
0.000129648
0.000125061
0.00012058
0.000116204
0.000111929
0.000107753
0.000103673
9.96868e-05
9.57927e-05
9.19888e-05
8.82733e-05
8.46447e-05
8.11016e-05
7.76426e-05
7.42667e-05
7.09727e-05
6.77596e-05
6.46266e-05
6.15728e-05
5.85976e-05
5.57001e-05
5.28799e-05
5.01361e-05
4.74683e-05
4.4876e-05
4.23589e-05
3.99167e-05
3.75492e-05
3.52559e-05
3.30366e-05
3.08909e-05
2.88185e-05
2.68193e-05
2.48929e-05
2.30393e-05
2.12582e-05
1.95493e-05
1.79127e-05
1.63481e-05
1.48555e-05
1.34349e-05
1.20861e-05
1.08089e-05
9.60328e-06
8.46912e-06
7.40639e-06
6.4151e-06
5.49523e-06
4.64662e-06
3.8692e-06
3.16305e-06
2.52823e-06
1.96477e-06
1.4724e-06
1.05101e-06
7.00399e-07
4.20356e-07
2.11379e-07
7.36949e-08
7.9088e-09
0.000460435
0.000448792
0.000436012
0.000423147
0.000410766
0.000398838
0.000387255
0.000375969
0.000364958
0.000354209
0.000343715
0.00033347
0.000323473
0.000313722
0.000304217
0.000294958
0.000285941
0.000277167
0.000268631
0.00026033
0.00025226
0.000244415
0.00023679
0.00022938
0.000222177
0.000215175
0.000208367
0.000201748
0.000195309
0.000189044
0.000182947
0.000177011
0.000171231
0.0001656
0.000160113
0.000154764
0.000149549
0.000144463
0.0001395
0.000134658
0.000129932
0.000125318
0.000120814
0.000116415
0.000112119
0.000107924
0.000103826
9.98236e-05
9.59147e-05
9.20973e-05
8.83696e-05
8.47298e-05
8.11766e-05
7.77086e-05
7.43244e-05
7.1023e-05
6.78033e-05
6.46643e-05
6.16053e-05
5.86253e-05
5.57238e-05
5.29e-05
5.01529e-05
4.7482e-05
4.4887e-05
4.23677e-05
3.99236e-05
3.75544e-05
3.52596e-05
3.30391e-05
3.08924e-05
2.88191e-05
2.68191e-05
2.48921e-05
2.3038e-05
2.12564e-05
1.95471e-05
1.79101e-05
1.63453e-05
1.48525e-05
1.34316e-05
1.20827e-05
1.08054e-05
9.59967e-06
8.46542e-06
7.40262e-06
6.41129e-06
5.49139e-06
4.64285e-06
3.86558e-06
3.15962e-06
2.52504e-06
1.96191e-06
1.46998e-06
1.0491e-06
6.99042e-07
4.19531e-07
2.10977e-07
7.35675e-08
7.88996e-09
0.000452007
0.000441899
0.000430609
0.000419073
0.00040777
0.000396697
0.000385799
0.000375064
0.000364494
0.000354097
0.00034388
0.000333853
0.000324023
0.000314398
0.000304986
0.00029579
0.000286816
0.000278064
0.000269536
0.00026123
0.000253146
0.000245279
0.000237627
0.000230185
0.000222946
0.000215907
0.000209061
0.000202402
0.000195924
0.00018962
0.000183485
0.000177512
0.000171696
0.00016603
0.00016051
0.00015513
0.000149885
0.00014477
0.000139782
0.000134914
0.000130165
0.00012553
0.000121005
0.000116588
0.000112275
0.000108064
0.000103952
9.9936e-05
9.6015e-05
9.21865e-05
8.84487e-05
8.47998e-05
8.12382e-05
7.77627e-05
7.43717e-05
7.10642e-05
6.7839e-05
6.46951e-05
6.16316e-05
5.86478e-05
5.5743e-05
5.29166e-05
5.01672e-05
4.74933e-05
4.48954e-05
4.23741e-05
3.99286e-05
3.7558e-05
3.52622e-05
3.30407e-05
3.08931e-05
2.8819e-05
2.68183e-05
2.48908e-05
2.30363e-05
2.12543e-05
1.95447e-05
1.79073e-05
1.63423e-05
1.48493e-05
1.34283e-05
1.20791e-05
1.08017e-05
9.59595e-06
8.46163e-06
7.39879e-06
6.40742e-06
5.4875e-06
4.639e-06
3.86187e-06
3.15608e-06
2.52174e-06
1.95899e-06
1.46756e-06
1.04723e-06
6.97749e-07
4.18776e-07
2.10627e-07
7.34675e-08
7.8751e-09
0.000445551
0.000436365
0.000426154
0.000415651
0.000405208
0.000394832
0.000384502
0.000374229
0.000364032
0.000353934
0.000343955
0.000334114
0.000324428
0.000314912
0.00030558
0.000296441
0.000287504
0.000278774
0.000270254
0.000261947
0.000253853
0.00024597
0.000238297
0.00023083
0.000223564
0.000216495
0.000209618
0.000202928
0.000196418
0.000190083
0.000183918
0.000177915
0.00017207
0.000166377
0.00016083
0.000155424
0.000150156
0.000145018
0.000140008
0.000135121
0.000130353
0.000125701
0.00012116
0.000116728
0.000112401
0.000108177
0.000104053
0.000100027
9.60961e-05
9.22586e-05
8.85126e-05
8.48562e-05
8.1288e-05
7.78063e-05
7.44099e-05
7.10974e-05
6.78677e-05
6.47197e-05
6.16527e-05
5.86658e-05
5.57582e-05
5.29287e-05
5.01767e-05
4.75013e-05
4.49025e-05
4.23799e-05
3.9933e-05
3.75613e-05
3.52644e-05
3.30419e-05
3.08934e-05
2.88186e-05
2.68172e-05
2.48892e-05
2.30342e-05
2.12519e-05
1.95422e-05
1.79047e-05
1.63393e-05
1.48462e-05
1.3425e-05
1.20758e-05
1.07982e-05
9.59236e-06
8.45802e-06
7.39514e-06
6.40371e-06
5.48375e-06
4.63526e-06
3.85823e-06
3.15263e-06
2.51857e-06
1.9562e-06
1.46527e-06
1.04551e-06
6.9662e-07
4.18159e-07
2.10365e-07
7.34032e-08
7.86483e-09
0.000441061
0.000432263
0.000422746
0.00041298
0.000403176
0.000393333
0.000383446
0.000373538
0.000363641
0.000353783
0.000343996
0.000334306
0.000324737
0.000315311
0.000306044
0.000296951
0.000288045
0.000279332
0.00027082
0.000262512
0.000254411
0.000246516
0.000238826
0.000231339
0.000224051
0.000216959
0.000210059
0.000203344
0.000196809
0.00019045
0.00018426
0.000178233
0.000172365
0.00016665
0.000161083
0.000155657
0.00015037
0.000145215
0.000140188
0.000135285
0.000130502
0.000125836
0.000121283
0.000116839
0.000112501
0.000108267
0.000104134
0.000100099
9.61603e-05
9.23157e-05
8.85632e-05
8.4901e-05
8.13274e-05
7.78409e-05
7.44401e-05
7.11237e-05
6.78905e-05
6.47394e-05
6.16696e-05
5.86801e-05
5.57699e-05
5.29383e-05
5.01844e-05
4.75078e-05
4.49079e-05
4.23842e-05
3.99363e-05
3.75636e-05
3.52658e-05
3.30425e-05
3.08933e-05
2.88179e-05
2.68161e-05
2.48876e-05
2.30323e-05
2.12498e-05
1.95399e-05
1.79022e-05
1.63367e-05
1.48433e-05
1.3422e-05
1.20727e-05
1.07951e-05
9.58913e-06
8.45473e-06
7.39183e-06
6.40038e-06
5.48039e-06
4.63189e-06
3.8549e-06
3.14947e-06
2.51571e-06
1.95373e-06
1.4633e-06
1.04409e-06
6.95722e-07
4.1768e-07
2.10173e-07
7.33709e-08
7.8593e-09
0.000438222
0.000429447
0.000420324
0.000411048
0.000401688
0.000392228
0.000382666
0.000373032
0.000363359
0.000353684
0.000344043
0.000334468
0.000324987
0.000315628
0.00030641
0.000297352
0.000288468
0.000279768
0.000271261
0.000262952
0.000254844
0.000246938
0.000239235
0.000231733
0.000224428
0.000217318
0.000210398
0.000203664
0.00019711
0.000190732
0.000184523
0.000178479
0.000172593
0.000166861
0.000161277
0.000155837
0.000150534
0.000145366
0.000140326
0.000135411
0.000130617
0.00012594
0.000121377
0.000116924
0.000112578
0.000108336
0.000104196
0.000100155
9.621e-05
9.236e-05
8.86025e-05
8.49357e-05
8.1358e-05
7.78678e-05
7.44636e-05
7.11442e-05
6.79083e-05
6.47548e-05
6.16827e-05
5.86911e-05
5.57792e-05
5.2946e-05
5.01908e-05
4.7513e-05
4.49121e-05
4.23875e-05
3.99388e-05
3.75653e-05
3.52668e-05
3.30428e-05
3.0893e-05
2.88172e-05
2.68152e-05
2.48865e-05
2.30309e-05
2.12481e-05
1.95379e-05
1.79001e-05
1.63345e-05
1.4841e-05
1.34195e-05
1.20701e-05
1.07924e-05
9.58639e-06
8.45194e-06
7.38912e-06
6.39775e-06
5.47774e-06
4.6291e-06
3.852e-06
3.14676e-06
2.51334e-06
1.95166e-06
1.46167e-06
1.04299e-06
6.95063e-07
4.17359e-07
2.10062e-07
7.33628e-08
7.85639e-09
0.000436602
0.000427676
0.000418755
0.000409782
0.000400713
0.000391509
0.000382171
0.000372725
0.000363208
0.00035366
0.00034412
0.000334623
0.000325204
0.000315889
0.000306704
0.000297668
0.000288798
0.000280105
0.000271599
0.000263287
0.000255172
0.000247258
0.000239544
0.000232029
0.000224711
0.000217586
0.000210652
0.000203903
0.000197335
0.000190942
0.000184719
0.000178661
0.000172762
0.000167017
0.000161422
0.00015597
0.000150656
0.000145477
0.000140428
0.000135505
0.000130702
0.000126018
0.000121447
0.000116987
0.000112635
0.000108388
0.000104242
0.000100196
9.62471e-05
9.2393e-05
8.86319e-05
8.49618e-05
8.1381e-05
7.7888e-05
7.44814e-05
7.11597e-05
6.79218e-05
6.47665e-05
6.16928e-05
5.86997e-05
5.57864e-05
5.2952e-05
5.01958e-05
4.75172e-05
4.49155e-05
4.23902e-05
3.99408e-05
3.75668e-05
3.52676e-05
3.3043e-05
3.08929e-05
2.88169e-05
2.68146e-05
2.48857e-05
2.30299e-05
2.12469e-05
1.95365e-05
1.78985e-05
1.63328e-05
1.48392e-05
1.34176e-05
1.20681e-05
1.07904e-05
9.58431e-06
8.44985e-06
7.38709e-06
6.39575e-06
5.47583e-06
4.62719e-06
3.84982e-06
3.14459e-06
2.51143e-06
1.95005e-06
1.46047e-06
1.0422e-06
6.94592e-07
4.17128e-07
2.0999e-07
7.33742e-08
7.85681e-09
0.000435806
0.000426716
0.000417894
0.000409097
0.000400199
0.000391151
0.000381948
0.000372616
0.000363193
0.000353721
0.000344239
0.000334788
0.000325403
0.000316112
0.000306944
0.000297917
0.000289052
0.000280359
0.000271851
0.000263534
0.000255412
0.000247489
0.000239766
0.00023224
0.000224912
0.000217776
0.000210831
0.000204071
0.000197492
0.000191089
0.000184856
0.000178788
0.00017288
0.000167126
0.000161522
0.000156062
0.000150741
0.000145555
0.000140499
0.000135569
0.000130761
0.000126071
0.000121496
0.000117031
0.000112675
0.000108424
0.000104275
0.000100225
9.62731e-05
9.24163e-05
8.86527e-05
8.49802e-05
8.13974e-05
7.79025e-05
7.44942e-05
7.1171e-05
6.79316e-05
6.4775e-05
6.17002e-05
5.87061e-05
5.57919e-05
5.29567e-05
5.01998e-05
4.75205e-05
4.49182e-05
4.23924e-05
3.99425e-05
3.75679e-05
3.52683e-05
3.30434e-05
3.08931e-05
2.88169e-05
2.68144e-05
2.48853e-05
2.30293e-05
2.12461e-05
1.95355e-05
1.78975e-05
1.63316e-05
1.48379e-05
1.34163e-05
1.20667e-05
1.0789e-05
9.5828e-06
8.44815e-06
7.38529e-06
6.39404e-06
5.47409e-06
4.6256e-06
3.84886e-06
3.14381e-06
2.51021e-06
1.94876e-06
1.45965e-06
1.04177e-06
6.94312e-07
4.16935e-07
2.09924e-07
7.3402e-08
7.86099e-09
0.000435554
0.000426389
0.000417622
0.000408911
0.000400096
0.00039112
0.000381977
0.000372695
0.00036331
0.000353866
0.000344405
0.000334969
0.000325592
0.000316306
0.000307138
0.000298111
0.000289241
0.000280544
0.000272029
0.000263704
0.000255575
0.000247644
0.000239912
0.000232379
0.000225042
0.000217898
0.000210945
0.000204177
0.000197591
0.00019118
0.000184941
0.000178867
0.000172952
0.000167193
0.000161583
0.000156118
0.000150793
0.000145603
0.000140543
0.000135609
0.000130797
0.000126104
0.000121526
0.000117059
0.0001127
0.000108446
0.000104295
0.000100243
9.62894e-05
9.24311e-05
8.86659e-05
8.4992e-05
8.14079e-05
7.79121e-05
7.45027e-05
7.11785e-05
6.79382e-05
6.47809e-05
6.17054e-05
5.87107e-05
5.57959e-05
5.29601e-05
5.02028e-05
4.75231e-05
4.49204e-05
4.23942e-05
3.99439e-05
3.75691e-05
3.52693e-05
3.30442e-05
3.08937e-05
2.88173e-05
2.68146e-05
2.48853e-05
2.30291e-05
2.12458e-05
1.95351e-05
1.78969e-05
1.6331e-05
1.48372e-05
1.34155e-05
1.20659e-05
1.07881e-05
9.58188e-06
8.4471e-06
7.38413e-06
6.3928e-06
5.47282e-06
4.62441e-06
3.84773e-06
3.1428e-06
2.50967e-06
1.94864e-06
1.45969e-06
1.04176e-06
6.94066e-07
4.16738e-07
2.09903e-07
7.3431e-08
7.86455e-09
0.00043571
0.000426594
0.000417858
0.000409163
0.000400355
0.000391378
0.00038223
0.000372938
0.000363542
0.000354085
0.000344611
0.000335161
0.000325771
0.000316472
0.000307292
0.000298252
0.000289372
0.000280664
0.000272139
0.000263806
0.000255668
0.00024773
0.00023999
0.00023245
0.000225107
0.000217958
0.000211
0.000204228
0.000197637
0.000191223
0.000184979
0.000178902
0.000172985
0.000167222
0.00016161
0.000156143
0.000150815
0.000145623
0.000140561
0.000135626
0.000130813
0.000126118
0.000121539
0.000117071
0.000112711
0.000108456
0.000104304
0.000100251
9.62969e-05
9.24382e-05
8.86724e-05
8.49979e-05
8.14134e-05
7.79171e-05
7.45072e-05
7.11826e-05
6.7942e-05
6.47844e-05
6.17085e-05
5.87136e-05
5.57985e-05
5.29625e-05
5.02049e-05
4.7525e-05
4.49221e-05
4.23956e-05
3.99451e-05
3.75701e-05
3.52702e-05
3.30451e-05
3.08945e-05
2.8818e-05
2.68151e-05
2.48856e-05
2.30293e-05
2.12459e-05
1.95351e-05
1.78969e-05
1.63309e-05
1.4837e-05
1.34153e-05
1.20655e-05
1.07875e-05
9.58127e-06
8.44666e-06
7.38373e-06
6.39234e-06
5.47235e-06
4.62397e-06
3.84727e-06
3.14236e-06
2.50946e-06
1.94857e-06
1.45959e-06
1.0417e-06
6.941e-07
4.16777e-07
2.09921e-07
7.34372e-08
7.865e-09
0.000436313
0.000427361
0.000418622
0.000409868
0.000400988
0.000391935
0.000382713
0.000373352
0.000363893
0.000354381
0.000344858
0.000335365
0.000325939
0.000316609
0.000307403
0.000298341
0.000289442
0.000280718
0.000272181
0.000263836
0.00025569
0.000247744
0.000239999
0.000232454
0.000225107
0.000217955
0.000210995
0.000204221
0.000197629
0.000191214
0.00018497
0.000178892
0.000172975
0.000167213
0.000161601
0.000156134
0.000150807
0.000145616
0.000140555
0.00013562
0.000130808
0.000126114
0.000121534
0.000117067
0.000112707
0.000108454
0.000104302
0.000100249
9.62953e-05
9.2437e-05
8.86717e-05
8.49977e-05
8.14135e-05
7.79173e-05
7.45076e-05
7.11831e-05
6.79427e-05
6.47852e-05
6.17095e-05
5.87145e-05
5.57995e-05
5.29636e-05
5.02061e-05
4.75261e-05
4.49232e-05
4.23967e-05
3.99461e-05
3.7571e-05
3.52711e-05
3.3046e-05
3.08954e-05
2.88188e-05
2.68159e-05
2.48863e-05
2.30299e-05
2.12464e-05
1.95356e-05
1.78972e-05
1.63311e-05
1.48373e-05
1.34155e-05
1.20656e-05
1.07876e-05
9.58131e-06
8.44675e-06
7.38391e-06
6.39251e-06
5.47244e-06
4.62397e-06
3.8472e-06
3.14238e-06
2.50957e-06
1.94864e-06
1.45952e-06
1.0417e-06
6.94311e-07
4.16974e-07
2.09963e-07
7.34081e-08
7.86071e-09
0.00043758
0.00042885
0.000420039
0.000411118
0.00040206
0.000392838
0.000383459
0.000373958
0.000364377
0.00035476
0.000345148
0.000335581
0.000326092
0.000316712
0.000307463
0.000298368
0.000289441
0.000280696
0.000272142
0.000263785
0.000255629
0.000247676
0.000239926
0.000232379
0.000225031
0.000217879
0.00021092
0.000204147
0.000197558
0.000191146
0.000184905
0.000178831
0.000172917
0.000167159
0.000161551
0.000156087
0.000150764
0.000145576
0.000140518
0.000135586
0.000130777
0.000126086
0.000121509
0.000117044
0.000112687
0.000108435
0.000104285
0.000100236
9.62832e-05
9.24261e-05
8.86623e-05
8.49898e-05
8.14068e-05
7.79116e-05
7.45027e-05
7.1179e-05
6.79393e-05
6.47826e-05
6.17075e-05
5.87131e-05
5.57985e-05
5.2963e-05
5.02057e-05
4.7526e-05
4.49233e-05
4.23971e-05
3.99466e-05
3.75715e-05
3.52716e-05
3.30466e-05
3.08961e-05
2.88196e-05
2.68168e-05
2.48872e-05
2.30308e-05
2.12473e-05
1.95364e-05
1.7898e-05
1.63318e-05
1.48379e-05
1.34161e-05
1.20662e-05
1.07882e-05
9.58186e-06
8.44733e-06
7.3845e-06
6.39305e-06
5.47314e-06
4.62456e-06
3.84742e-06
3.14264e-06
2.50997e-06
1.94907e-06
1.45987e-06
1.04193e-06
6.94515e-07
4.17114e-07
2.09999e-07
7.33817e-08
7.85754e-09
0.000439866
0.000431292
0.000422265
0.000413018
0.000403642
0.000394131
0.000384495
0.000374771
0.000364999
0.000355221
0.000345475
0.000335798
0.000326219
0.000316765
0.000307458
0.000298317
0.000289354
0.000280581
0.000272007
0.000263635
0.000255469
0.000247511
0.000239758
0.000232211
0.000224865
0.000217717
0.000210762
0.000203996
0.000197413
0.000191008
0.000184775
0.000178708
0.000172803
0.000167052
0.000161451
0.000155995
0.000150679
0.000145497
0.000140446
0.000135521
0.000130717
0.000126032
0.00012146
0.000117
0.000112647
0.000108399
0.000104254
0.000100207
9.6258e-05
9.24038e-05
8.86428e-05
8.49728e-05
8.13922e-05
7.7899e-05
7.44917e-05
7.11695e-05
6.79312e-05
6.47757e-05
6.17019e-05
5.87086e-05
5.57949e-05
5.29602e-05
5.02037e-05
4.75245e-05
4.49222e-05
4.23963e-05
3.99462e-05
3.75714e-05
3.52718e-05
3.3047e-05
3.08967e-05
2.88204e-05
2.68177e-05
2.48882e-05
2.30318e-05
2.12483e-05
1.95374e-05
1.78991e-05
1.6333e-05
1.48391e-05
1.34172e-05
1.20673e-05
1.07892e-05
9.58291e-06
8.44827e-06
7.3853e-06
6.39386e-06
5.47384e-06
4.62532e-06
3.84847e-06
3.14364e-06
2.5108e-06
1.94986e-06
1.46057e-06
1.04242e-06
6.94819e-07
4.17269e-07
2.10035e-07
7.33551e-08
7.85499e-09
0.000443631
0.000434967
0.000425479
0.000415679
0.0004058
0.000395852
0.00038584
0.000375796
0.000365756
0.000355756
0.000345828
0.000336002
0.000326303
0.000316753
0.00030737
0.000298169
0.000289162
0.000280356
0.000271757
0.00026337
0.000255195
0.000247232
0.00023948
0.000231936
0.000224596
0.000217456
0.000210511
0.000203756
0.000197185
0.000190792
0.000184571
0.000178517
0.000172624
0.000166885
0.000161297
0.000155852
0.000150547
0.000145376
0.000140335
0.000135419
0.000130625
0.000125947
0.000121384
0.000116931
0.000112585
0.000108344
0.000104204
0.000100163
9.62186e-05
9.23689e-05
8.86118e-05
8.49455e-05
8.13687e-05
7.78787e-05
7.44736e-05
7.11537e-05
6.79178e-05
6.47644e-05
6.16923e-05
5.87004e-05
5.57882e-05
5.2955e-05
5.01998e-05
4.75215e-05
4.49198e-05
4.23944e-05
3.99449e-05
3.75707e-05
3.52716e-05
3.30472e-05
3.08971e-05
2.8821e-05
2.68185e-05
2.48892e-05
2.3033e-05
2.12495e-05
1.95388e-05
1.79005e-05
1.63345e-05
1.48406e-05
1.34188e-05
1.20689e-05
1.07908e-05
9.58451e-06
8.44984e-06
7.38675e-06
6.39513e-06
5.47505e-06
4.62661e-06
3.84988e-06
3.14506e-06
2.51215e-06
1.95107e-06
1.46153e-06
1.0431e-06
6.95227e-07
4.17462e-07
2.10085e-07
7.33373e-08
7.85441e-09
0.000449336
0.000440142
0.000429835
0.00041919
0.000408579
0.000398019
0.000387496
0.000377026
0.000366635
0.000356347
0.000346185
0.00033617
0.00032632
0.000316651
0.000307176
0.000297904
0.000288843
0.000279998
0.000271374
0.00026297
0.000254787
0.000246823
0.000239074
0.000231538
0.000224209
0.000217083
0.000210154
0.000203415
0.000196862
0.000190487
0.000184284
0.000178248
0.000172373
0.000166652
0.00016108
0.000155652
0.000150363
0.000145207
0.00014018
0.000135277
0.000130495
0.00012583
0.000121278
0.000116835
0.000112499
0.000108266
0.000104134
0.000100101
9.61634e-05
9.232e-05
8.85685e-05
8.49073e-05
8.13345e-05
7.78486e-05
7.44482e-05
7.11321e-05
6.78992e-05
6.47486e-05
6.16789e-05
5.8689e-05
5.57787e-05
5.29473e-05
5.01935e-05
4.75166e-05
4.4916e-05
4.23916e-05
3.9943e-05
3.75696e-05
3.5271e-05
3.30471e-05
3.08975e-05
2.88217e-05
2.68194e-05
2.48904e-05
2.30344e-05
2.12512e-05
1.95405e-05
1.79023e-05
1.63363e-05
1.48426e-05
1.34209e-05
1.2071e-05
1.0793e-05
9.58666e-06
8.45198e-06
7.38884e-06
6.39717e-06
5.47706e-06
4.62862e-06
3.85189e-06
3.14694e-06
2.51383e-06
1.95256e-06
1.46272e-06
1.04392e-06
6.95736e-07
4.17723e-07
2.10174e-07
7.33354e-08
7.85637e-09
0.000457293
0.000446963
0.000435395
0.000423565
0.000411969
0.000400609
0.000389431
0.000378425
0.000367599
0.000356958
0.000346513
0.000336271
0.000326241
0.000316431
0.000306846
0.000297492
0.000288371
0.000279485
0.000270833
0.000262414
0.000254225
0.000246263
0.000238523
0.000231001
0.000223689
0.000216583
0.000209676
0.000202961
0.000196432
0.000190082
0.000183904
0.000177893
0.000172042
0.000166344
0.000160795
0.000155389
0.000150121
0.000144984
0.000139976
0.000135091
0.000130326
0.000125676
0.000121139
0.000116709
0.000112386
0.000108164
0.000104043
0.00010002
9.60911e-05
9.22559e-05
8.85119e-05
8.48573e-05
8.12906e-05
7.78101e-05
7.44147e-05
7.11034e-05
6.78748e-05
6.47274e-05
6.16606e-05
5.8674e-05
5.57665e-05
5.2937e-05
5.01849e-05
4.75097e-05
4.49108e-05
4.23877e-05
3.99402e-05
3.75678e-05
3.52701e-05
3.30469e-05
3.08978e-05
2.88224e-05
2.68206e-05
2.48919e-05
2.30362e-05
2.12531e-05
1.95427e-05
1.79046e-05
1.63388e-05
1.48451e-05
1.34235e-05
1.20737e-05
1.07957e-05
9.58941e-06
8.45473e-06
7.39158e-06
6.39991e-06
5.47978e-06
4.6313e-06
3.85449e-06
3.14934e-06
2.51597e-06
1.95436e-06
1.46414e-06
1.04494e-06
6.9639e-07
4.1807e-07
2.10308e-07
7.33532e-08
7.86122e-09
0.00046746
0.000455323
0.000442036
0.000428689
0.000415863
0.000403523
0.000391558
0.000379918
0.00036858
0.000357529
0.000346755
0.000336253
0.000326018
0.000316048
0.000306343
0.000296898
0.000287712
0.000278782
0.000270104
0.000261673
0.000253483
0.000245529
0.000237804
0.000230303
0.000223016
0.000215938
0.000209061
0.000202378
0.000195881
0.000189564
0.000183419
0.00017744
0.000171621
0.000165954
0.000160434
0.000155056
0.000149814
0.000144703
0.000139719
0.000134857
0.000130113
0.000125483
0.000120963
0.000116551
0.000112243
0.000108037
0.000103929
9.99174e-05
9.60003e-05
9.21753e-05
8.84407e-05
8.47946e-05
8.12356e-05
7.77622e-05
7.43732e-05
7.10673e-05
6.78436e-05
6.47008e-05
6.16381e-05
5.86549e-05
5.57505e-05
5.29237e-05
5.01741e-05
4.7501e-05
4.4904e-05
4.23826e-05
3.99365e-05
3.75653e-05
3.52687e-05
3.30464e-05
3.0898e-05
2.88233e-05
2.6822e-05
2.48937e-05
2.30382e-05
2.12554e-05
1.95451e-05
1.79073e-05
1.63417e-05
1.48481e-05
1.34266e-05
1.20769e-05
1.0799e-05
9.59272e-06
8.45804e-06
7.39488e-06
6.4032e-06
5.48306e-06
4.63452e-06
3.85758e-06
3.1522e-06
2.5185e-06
1.9565e-06
1.46583e-06
1.04618e-06
6.97197e-07
4.1851e-07
2.10498e-07
7.34033e-08
7.87148e-09
0.000479267
0.000464734
0.000449362
0.000434253
0.000420018
0.000406568
0.000393721
0.000381373
0.000369469
0.000357965
0.00034683
0.000336043
0.000325586
0.000315445
0.000305611
0.000296072
0.000286822
0.00027785
0.00026915
0.000260712
0.000252528
0.000244591
0.00023689
0.000229419
0.000222167
0.000215127
0.000208291
0.000201649
0.000195195
0.00018892
0.000182817
0.000176878
0.000171098
0.00016547
0.000159987
0.000154644
0.000149436
0.000144357
0.000139402
0.000134568
0.00012985
0.000125245
0.000120748
0.000116357
0.000112068
0.00010788
0.000103789
9.97924e-05
9.58891e-05
9.20767e-05
8.83536e-05
8.47179e-05
8.11684e-05
7.77035e-05
7.43222e-05
7.10232e-05
6.78055e-05
6.46683e-05
6.16105e-05
5.86316e-05
5.57308e-05
5.29074e-05
5.01607e-05
4.74903e-05
4.48956e-05
4.23762e-05
3.99318e-05
3.75621e-05
3.52668e-05
3.30455e-05
3.0898e-05
2.8824e-05
2.68233e-05
2.48955e-05
2.30404e-05
2.12579e-05
1.95479e-05
1.79103e-05
1.63449e-05
1.48515e-05
1.34301e-05
1.20805e-05
1.08027e-05
9.59647e-06
8.4618e-06
7.39864e-06
6.40694e-06
5.48674e-06
4.63809e-06
3.86096e-06
3.15535e-06
2.52134e-06
1.95892e-06
1.46777e-06
1.04762e-06
6.98161e-07
4.19058e-07
2.1075e-07
7.34807e-08
7.88553e-09
0.000491496
0.000474251
0.000456658
0.00043972
0.00042403
0.000409434
0.000395674
0.000382595
0.000370104
0.00035813
0.000346623
0.000335541
0.000324856
0.000314542
0.000304579
0.00029495
0.000285639
0.000276634
0.00026792
0.000259486
0.00025132
0.00024341
0.000235746
0.000228318
0.000221113
0.000214124
0.00020734
0.000200752
0.000194351
0.00018813
0.000182079
0.000176193
0.000170462
0.000164882
0.000159444
0.000154145
0.000148978
0.000143937
0.00013902
0.00013422
0.000129534
0.000124958
0.000120489
0.000116123
0.000111858
0.000107691
0.00010362
9.96421e-05
9.57555e-05
9.19583e-05
8.8249e-05
8.46259e-05
8.10877e-05
7.7633e-05
7.42609e-05
7.09701e-05
6.77598e-05
6.46291e-05
6.15772e-05
5.86034e-05
5.57071e-05
5.28877e-05
5.01446e-05
4.74773e-05
4.48853e-05
4.23683e-05
3.99259e-05
3.75579e-05
3.5264e-05
3.3044e-05
3.08976e-05
2.88244e-05
2.68243e-05
2.48971e-05
2.30425e-05
2.12605e-05
1.95509e-05
1.79135e-05
1.63483e-05
1.48552e-05
1.34338e-05
1.20843e-05
1.08065e-05
9.60031e-06
8.46574e-06
7.40258e-06
6.41083e-06
5.49058e-06
4.64182e-06
3.86451e-06
3.15867e-06
2.52436e-06
1.96155e-06
1.46989e-06
1.04922e-06
6.99266e-07
4.19708e-07
2.11066e-07
7.35841e-08
7.90246e-09
0.000502322
0.000482512
0.000462914
0.000444352
0.000427353
0.000411706
0.000397095
0.000383326
0.000370273
0.000357848
0.00034598
0.000334615
0.000323712
0.000313235
0.000303155
0.000293448
0.000284091
0.000275066
0.000266355
0.00025794
0.000249808
0.000241943
0.000234332
0.000226962
0.000219821
0.000212898
0.000206182
0.000199662
0.00019333
0.000187175
0.00018119
0.000175367
0.000169697
0.000164175
0.000158794
0.000153547
0.00014843
0.000143437
0.000138563
0.000133804
0.000129157
0.000124617
0.000120181
0.000115846
0.000111609
0.000107468
0.00010342
9.94642e-05
9.55974e-05
9.18183e-05
8.81253e-05
8.4517e-05
8.09922e-05
7.75496e-05
7.41883e-05
7.09072e-05
6.77056e-05
6.45826e-05
6.15375e-05
5.85698e-05
5.56788e-05
5.28641e-05
5.01251e-05
4.74614e-05
4.48726e-05
4.23584e-05
3.99184e-05
3.75525e-05
3.52603e-05
3.30418e-05
3.08965e-05
2.88243e-05
2.68251e-05
2.48984e-05
2.30444e-05
2.12629e-05
1.95537e-05
1.79166e-05
1.63516e-05
1.48586e-05
1.34375e-05
1.2088e-05
1.08102e-05
9.60411e-06
8.46971e-06
7.40653e-06
6.41451e-06
5.49416e-06
4.64547e-06
3.86812e-06
3.16204e-06
2.52737e-06
1.96414e-06
1.47205e-06
1.0509e-06
7.00451e-07
4.20433e-07
2.11431e-07
7.37078e-08
7.92185e-09
0.000509521
0.000487929
0.000466994
0.000447331
0.00042939
0.000412932
0.000397631
0.000383278
0.000369738
0.000356914
0.000344725
0.00033311
0.000322017
0.000311403
0.000301231
0.00029147
0.000282091
0.00027307
0.000264384
0.000256012
0.000247936
0.000240138
0.000232601
0.000225312
0.000218255
0.000211417
0.000204787
0.000198354
0.000192106
0.000186035
0.00018013
0.000174384
0.00016879
0.000163338
0.000158024
0.000152842
0.000147784
0.000142847
0.000138026
0.000133317
0.000128715
0.000124217
0.00011982
0.000115521
0.000111318
0.000107207
0.000103188
9.9257e-05
9.54133e-05
9.16552e-05
8.79813e-05
8.43903e-05
8.08811e-05
7.74525e-05
7.41038e-05
7.0834e-05
6.76424e-05
6.45283e-05
6.14912e-05
5.85304e-05
5.56456e-05
5.28362e-05
5.0102e-05
4.74424e-05
4.48573e-05
4.23463e-05
3.9909e-05
3.75454e-05
3.52552e-05
3.30383e-05
3.08945e-05
2.88234e-05
2.68251e-05
2.48992e-05
2.30458e-05
2.12648e-05
1.95561e-05
1.79194e-05
1.63546e-05
1.48618e-05
1.34407e-05
1.20914e-05
1.08137e-05
9.60765e-06
8.47331e-06
7.41011e-06
6.41796e-06
5.49758e-06
4.64886e-06
3.87139e-06
3.16512e-06
2.53017e-06
1.96661e-06
1.47413e-06
1.05256e-06
7.0165e-07
4.21184e-07
2.11817e-07
7.38388e-08
7.94152e-09
0.000510964
0.000489107
0.000467957
0.000448015
0.000429671
0.000412748
0.00039698
0.000382194
0.000368275
0.000355132
0.000342687
0.000330874
0.000319638
0.000308929
0.000298704
0.000288926
0.00027956
0.000270577
0.000261948
0.00025365
0.00024566
0.000237956
0.000230521
0.000223337
0.000216388
0.000209659
0.000203138
0.000196811
0.000190668
0.000184697
0.00017889
0.000173238
0.000167732
0.000162365
0.000157131
0.000152024
0.000147037
0.000142167
0.000137408
0.000132756
0.000128207
0.000123759
0.000119407
0.00011515
0.000110985
0.00010691
0.000102922
9.90207e-05
9.52036e-05
9.14696e-05
8.78174e-05
8.42461e-05
8.07547e-05
7.73421e-05
7.40077e-05
7.07507e-05
6.75705e-05
6.44666e-05
6.14384e-05
5.84855e-05
5.56076e-05
5.28044e-05
5.00754e-05
4.74205e-05
4.48394e-05
4.23319e-05
3.98977e-05
3.75367e-05
3.52488e-05
3.30337e-05
3.08913e-05
2.88215e-05
2.68241e-05
2.48992e-05
2.30465e-05
2.1266e-05
1.95576e-05
1.79214e-05
1.63571e-05
1.48645e-05
1.34436e-05
1.20943e-05
1.08166e-05
9.6106e-06
8.47608e-06
7.41291e-06
6.42107e-06
5.5007e-06
4.65178e-06
3.8741e-06
3.16766e-06
2.53256e-06
1.96876e-06
1.47595e-06
1.05402e-06
7.02712e-07
4.21849e-07
2.12162e-07
7.39625e-08
7.96125e-09
0.000505856
0.000485899
0.000465712
0.000446207
0.000427905
0.000410789
0.000394732
0.000379642
0.000365449
0.000352078
0.000339459
0.000327526
0.000316219
0.000305484
0.000295272
0.000285539
0.000276245
0.000267355
0.000258838
0.000250664
0.000242806
0.000235243
0.000227951
0.000220912
0.000214108
0.000207523
0.000201142
0.000194953
0.000188941
0.000183098
0.000177413
0.000171876
0.00016648
0.000161217
0.000156081
0.000151065
0.000146164
0.000141373
0.000136687
0.000132104
0.000127619
0.000123229
0.000118931
0.000114724
0.000110604
0.000106569
0.00010262
9.87522e-05
9.49663e-05
9.1261e-05
8.76356e-05
8.40868e-05
8.06147e-05
7.72192e-05
7.39004e-05
7.06576e-05
6.749e-05
6.43973e-05
6.13791e-05
5.8435e-05
5.55649e-05
5.27684e-05
5.00454e-05
4.73957e-05
4.4819e-05
4.23153e-05
3.98844e-05
3.75262e-05
3.52407e-05
3.30275e-05
3.08868e-05
2.88185e-05
2.68223e-05
2.48983e-05
2.30463e-05
2.12664e-05
1.95585e-05
1.79228e-05
1.63589e-05
1.48665e-05
1.34456e-05
1.20964e-05
1.08188e-05
9.61286e-06
8.47831e-06
7.41512e-06
6.42331e-06
5.50291e-06
4.65388e-06
3.8761e-06
3.16959e-06
2.53437e-06
1.97039e-06
1.47738e-06
1.0552e-06
7.03538e-07
4.22318e-07
2.12396e-07
7.40467e-08
7.9764e-09
0.000498037
0.000482279
0.000462281
0.000442454
0.000423778
0.000406247
0.000389794
0.000374379
0.000359945
0.000346418
0.00033372
0.000321776
0.000310514
0.000299872
0.000289792
0.000280222
0.000271116
0.000262433
0.000254136
0.000246191
0.000238568
0.000231242
0.000224186
0.000217381
0.000210806
0.000204444
0.000198278
0.000192296
0.000186483
0.000180829
0.000175324
0.000169957
0.000164721
0.000159608
0.000154613
0.000149728
0.000144949
0.000140272
0.000135691
0.000131205
0.000126809
0.000122501
0.000118278
0.000114139
0.000110082
0.000106104
0.000102206
9.83849e-05
9.46405e-05
9.09717e-05
8.73776e-05
8.386e-05
8.04176e-05
7.70493e-05
7.37539e-05
7.05312e-05
6.73814e-05
6.43042e-05
6.12996e-05
5.83674e-05
5.55076e-05
5.27202e-05
5.00051e-05
4.73622e-05
4.47914e-05
4.22927e-05
3.98661e-05
3.75116e-05
3.52291e-05
3.30185e-05
3.088e-05
2.88134e-05
2.68188e-05
2.4896e-05
2.3045e-05
2.12659e-05
1.95587e-05
1.79235e-05
1.63598e-05
1.48677e-05
1.3447e-05
1.20979e-05
1.08203e-05
9.61436e-06
8.47983e-06
7.41669e-06
6.4249e-06
5.50439e-06
4.65514e-06
3.87727e-06
3.17084e-06
2.53569e-06
1.97151e-06
1.47832e-06
1.05603e-06
7.04028e-07
4.22556e-07
2.12525e-07
7.40469e-08
7.9769e-09
)
;

boundaryField
{
    inlet
    {
        type            calculated;
        value           nonuniform List<scalar> 
30
(
0.00714381
0.00715014
0.0071875
0.0072546
0.00734763
0.00746016
0.0075841
0.00771087
0.00783249
0.00794223
0.00803505
0.00810767
0.00815857
0.00818771
0.00819629
0.00818626
0.0081576
0.00810852
0.00803816
0.00794684
0.0078364
0.00771035
0.00757399
0.00743422
0.00729915
0.00717742
0.00707722
0.00700496
0.00696448
0.0069569
)
;
    }
    outlet
    {
        type            calculated;
        value           uniform 0;
    }
    top
    {
        type            calculated;
        value           nonuniform List<scalar> 
135
(
0.0069569
0.00694506
0.00692957
0.00691543
0.0069017
0.00687044
0.00680918
0.00669551
0.00653838
0.00634168
0.00610816
0.00584023
0.00554016
0.00521143
0.00485876
0.00448571
0.00410023
0.0037094
0.00332151
0.00294532
0.00258907
0.00225956
0.00196162
0.00169762
0.00146757
0.00126961
0.00110341
0.000963941
0.000847983
0.000752467
0.000674524
0.000611737
0.000561698
0.000522539
0.00049864
0.000498037
0.000482279
0.000462281
0.000442454
0.000423778
0.000406247
0.000389794
0.000374379
0.000359945
0.000346418
0.00033372
0.000321776
0.000310514
0.000299872
0.000289792
0.000280222
0.000271116
0.000262433
0.000254136
0.000246191
0.000238568
0.000231242
0.000224186
0.000217381
0.000210806
0.000204444
0.000198278
0.000192296
0.000186483
0.000180829
0.000175324
0.000169957
0.000164721
0.000159608
0.000154613
0.000149728
0.000144949
0.000140272
0.000135691
0.000131205
0.000126809
0.000122501
0.000118278
0.000114139
0.000110082
0.000106104
0.000102206
9.83849e-05
9.46405e-05
9.09717e-05
8.73776e-05
8.386e-05
8.04176e-05
7.70493e-05
7.37539e-05
7.05312e-05
6.73814e-05
6.43042e-05
6.12996e-05
5.83674e-05
5.55076e-05
5.27202e-05
5.00051e-05
4.73622e-05
4.47914e-05
4.22927e-05
3.98661e-05
3.75116e-05
3.52291e-05
3.30185e-05
3.088e-05
2.88134e-05
2.68188e-05
2.4896e-05
2.3045e-05
2.12659e-05
1.95587e-05
1.79235e-05
1.63598e-05
1.48677e-05
1.3447e-05
1.20979e-05
1.08203e-05
9.61436e-06
8.47983e-06
7.41669e-06
6.4249e-06
5.50439e-06
4.65514e-06
3.87727e-06
3.17084e-06
2.53569e-06
1.97151e-06
1.47832e-06
1.05603e-06
7.04028e-07
4.22556e-07
2.12525e-07
7.40469e-08
7.9769e-09
)
;
    }
    bottom
    {
        type            calculated;
        value           nonuniform List<scalar> 
135
(
0.00714381
0.00713307
0.00711926
0.00710703
0.00709498
0.00705609
0.00700013
0.00689316
0.00674287
0.00655191
0.00632219
0.00605449
0.00574961
0.00541048
0.00504156
0.00464743
0.00423764
0.00382112
0.00340809
0.00300877
0.00263229
0.00228593
0.00197465
0.00170071
0.00146379
0.00126162
0.00109345
0.000953619
0.000838256
0.000743809
0.000666894
0.000604707
0.000554696
0.000515011
0.000490019
0.00048448
0.000469466
0.000450552
0.000431842
0.000414212
0.000397636
0.000382041
0.000367392
0.00035364
0.000340721
0.000328566
0.000317106
0.000306279
0.000296027
0.000286298
0.000277045
0.000268227
0.000259803
0.000251742
0.000244011
0.000236583
0.000229433
0.000222539
0.000215881
0.000209439
0.000203199
0.000197145
0.000191263
0.000185543
0.000179973
0.000174543
0.000169246
0.000164073
0.000159018
0.000154074
0.000149237
0.000144501
0.000139862
0.000135318
0.000130863
0.000126497
0.000122215
0.000118017
0.000113899
0.000109862
0.000105903
0.000102021
9.82147e-05
9.44841e-05
9.08277e-05
8.7245e-05
8.37382e-05
8.03057e-05
7.69464e-05
7.36592e-05
7.04442e-05
6.73014e-05
6.42307e-05
6.12322e-05
5.83056e-05
5.54511e-05
5.26687e-05
4.99582e-05
4.73196e-05
4.47529e-05
4.22582e-05
3.98352e-05
3.74839e-05
3.52044e-05
3.29967e-05
3.08609e-05
2.87969e-05
2.68047e-05
2.48843e-05
2.30355e-05
2.12585e-05
1.95531e-05
1.79191e-05
1.63567e-05
1.48659e-05
1.34466e-05
1.20988e-05
1.08224e-05
9.6173e-06
8.48347e-06
7.42096e-06
6.42973e-06
5.50974e-06
4.66096e-06
3.88308e-06
3.17602e-06
2.53972e-06
1.97434e-06
1.48047e-06
1.05791e-06
7.05713e-07
4.2374e-07
2.13128e-07
7.42627e-08
8.00041e-09
)
;
    }
    obstacle
    {
        type            calculated;
        value           nonuniform List<scalar> 
120
(
0.0515127
0.047736
0.043446
0.0390834
0.0347323
0.0303922
0.02616
0.0221286
0.0183741
0.0149559
0.011912
0.00925917
0.0069977
0.00511821
0.00360828
0.00245832
0.00166563
0.0012366
0.001185
0.00152874
0.00228469
0.00346149
0.0050518
0.00702817
0.00934128
0.0119204
0.0146773
0.017589
0.0205773
0.0232794
0.0265018
0.0301603
0.0346039
0.0398548
0.0460109
0.053355
0.0622314
0.0729809
0.0858281
0.100754
0.11727
0.134279
0.15014
0.162876
0.17
0.170067
0.163067
0.150433
0.134646
0.117684
0.101195
0.0862817
0.0734394
0.0626897
0.0538089
0.0464553
0.0402836
0.0350112
0.0305451
0.0268804
0.052984
0.0491418
0.0447258
0.0402021
0.0356837
0.0311848
0.0268082
0.0226509
0.0187905
0.0152862
0.012175
0.00947195
0.0071751
0.00527308
0.00375169
0.00259995
0.00181418
0.00140024
0.00137158
0.00174565
0.00253866
0.00375786
0.00539346
0.00741429
0.00976623
0.012373
0.0151413
0.0180457
0.0210056
0.0236749
0.0557352
0.0602722
0.0653053
0.070711
0.0764283
0.0826706
0.0897379
0.097952
0.107572
0.118669
0.130972
0.143723
0.155708
0.165429
0.170968
0.17118
0.166037
0.156634
0.144878
0.132278
0.120057
0.108989
0.0993636
0.0911281
0.0840404
0.0777922
0.0720925
0.0667299
0.0617335
0.0572236
)
;
    }
    frontAndBack
    {
        type            empty;
    }
}


// ************************************************************************* //
